4950
0 1 8882702.442
0 2 7959928.653
0 3 5472634.822
0 4 5951295.221
0 5 3560469.792
0 6 7593242.792
0 7 8755502.262
0 8 4971550.295
0 9 3721958.287
0 10 4904881.143
0 11 6593920.217
0 12 5550453.59
0 13 2935661.932
0 14 2254396.079
0 15 4485199.878
0 16 5569675.199
0 17 873799.5286
0 18 6296059.275
0 19 4535026.682
0 20 2886474.578
0 21 3394992.82
0 22 7063043.051
0 23 3296041.22
0 24 2303905.186
0 25 5688705.925
0 26 6316010.227
0 27 8481188.943
0 28 1569175.214
0 29 8327516.307
0 30 3582966.983
0 31 452554.2802
0 32 6374508.391
0 33 3030476.065
0 34 6816585.641
0 35 2795222.528
0 36 3397287.865
0 37 6094793.111
0 38 1435207.691
0 39 6218811.142
0 40 91751.45744
0 41 3357807.711
0 42 1736248.794
0 43 4855026.589
0 44 2621436.163
0 45 3530121.547
0 46 4202029.063
0 47 5934302.626
0 48 6013437.56
0 49 8254747.091
0 50 6802553.733
0 51 6642241.08
0 52 2813849.233
0 53 3918007.487
0 54 3585479.85
0 55 5070819.237
0 56 6278983.01
0 57 8088428.017
0 58 1570704.641
0 59 4789057.54
0 60 2930303.619
0 61 4689303.166
0 62 2202732
0 63 6649435.789
0 64 5610870.389
0 65 9789590.783
0 66 8700253.606
0 67 6406003.793
0 68 6105783.012
0 69 3846058.314
0 70 846695.7513
0 71 6101707.679
0 72 7759408.883
0 73 7027597.883
0 74 5186988.886
0 75 5342638.711
0 76 4712654.707
0 77 7084250.101
0 78 2610780.399
0 79 4476961.801
0 80 4347111.627
0 81 7009876.954
0 82 2860030.779
0 83 3822527.077
0 84 6307533.214
0 85 5804279.909
0 86 4229108.417
0 87 4318686.917
0 88 5944302.193
0 89 551989.6842
0 90 3462629.338
0 91 2772266.825
0 92 7618043.184
0 93 8065223.236
0 94 6265469.096
0 95 3279763.976
0 96 3704313.79
0 97 2295383.604
0 98 4555786.413
0 99 1864631.544
1 2 1599118.163
1 3 3467894.729
1 4 8769806.022
1 5 12260829.39
1 6 5911530.126
1 7 517836.6844
1 8 6930940.174
1 9 5260421.04
1 10 9272397.644
1 11 4286149.901
1 12 5803497.987
1 13 9722300.748
1 14 9977364.749
1 15 7350055.106
1 16 3318529.362
1 17 8440200.953
1 18 3916641.687
1 19 4729675.666
1 20 8324764.049
1 21 5496049.178
1 22 3556482.943
1 23 7500714.387
1 24 6598664.933
1 25 7270652.901
1 26 5258384.13
1 27 1673641.413
1 28 7744968.524
1 29 2252223.495
1 30 12200723.86
1 31 8743103.214
1 32 3605556.1
1 33 9941557.432
1 34 4896170.519
1 35 11278032.54
1 36 7732432.493
1 37 3356035.762
1 38 7448047.57
1 39 2728647.788
1 40 8794284.252
1 41 8320532.422
1 42 7318054.067
1 43 8498339.214
1 44 8949086.273
1 45 5559724.649
1 46 6153888.872
1 47 4632383.08
1 48 2869446.324
1 49 8629325.993
1 50 8736912.758
1 51 3630211.183
1 52 11349329.62
1 53 8891314.855
1 54 12293907.9
1 55 5405584.835
1 56 3544959.258
1 57 1461563.663
1 58 10450448.8
1 59 7031351.345
1 60 11565948.07
1 61 4202856.694
1 62 6836623.491
1 63 2643601.78
1 64 6745455.49
1 65 1099810.336
1 66 858285.3725
1 67 7524928.855
1 68 2913349.489
1 69 7052599.366
1 70 8038736.717
1 71 8706370.761
1 72 4801541.669
1 73 3895111.706
1 74 4778380.284
1 75 3666611.948
1 76 4942742.096
1 77 7280375.491
1 78 11072901.4
1 79 5590982.577
1 80 7888628.501
1 81 8264124.339
1 82 7960320.102
1 83 8885248.541
1 84 3610525.678
1 85 3421989.078
1 86 6011716.977
1 87 5030976.505
1 88 5687213.243
1 89 9257747.934
1 90 5843984.801
1 91 6203955.105
1 92 7380584.454
1 93 911245.8204
1 94 5087928.308
1 95 6144139.497
1 96 6363357.397
1 97 8134204.996
1 98 9013553.537
1 99 9971301.077
2 3 2967938.764
2 4 8909550.879
2 5 11171166.5
2 6 4329796.916
2 7 1144204.515
2 8 5417201.057
2 9 4239663.775
2 10 7779703.035
2 11 4715573.25
2 12 4259777.503
2 13 8426546.613
2 14 9345672.171
2 15 7264103.832
2 16 2538163.057
2 17 7646610.473
2 18 4197547.128
2 19 3525067.4
2 20 7010714.999
2 21 4693902.623
2 22 4125298.957
2 23 7157183.807
2 24 5771146.729
2 25 5707336.765
2 26 5625261.265
2 27 2852004.557
2 28 7026882.176
2 29 3334638.752
2 30 11084510.34
2 31 7890382.938
2 32 2085361.368
2 33 8645209.016
2 34 5408103.302
2 35 10149776.06
2 36 6367890.584
2 37 3394616.734
2 38 6539491.766
2 39 2398481.362
2 40 7876409.99
2 41 7990129.09
2 42 6291489.615
2 43 6995813.532
2 44 8462297.889
2 45 4470668.882
2 46 5954935.352
2 47 4849977.01
2 48 2208847.438
2 49 7040249.48
2 50 9040600.136
2 51 2062034.218
2 52 10231578.47
2 53 8641880.691
2 54 11206674.35
2 55 5400671.449
2 56 2057646.014
2 57 2404344.992
2 58 9525453.014
2 59 7014899.935
2 60 10469664.71
2 61 3341127.021
2 62 5803521.885
2 63 2787518.656
2 64 6921068.542
2 65 2679466.117
2 66 2210247.532
2 67 7840067.28
2 68 2663673.165
2 69 5655066.819
2 70 7116192.471
2 71 8879558.678
2 72 3240626.708
2 73 4464879.13
2 74 4729654.554
2 75 2619564.603
2 76 4727257.041
2 77 5681304.867
2 78 9946612.988
2 79 5410710.597
2 80 6423085.441
2 81 6666646.396
2 82 6656532.933
2 83 7474794.92
2 84 2104770.705
2 85 2185571.535
2 86 4626100.091
2 87 4651819.417
2 88 5953733.751
2 89 8270403.161
2 90 5330596.931
2 91 5195620.726
2 92 5787766.342
2 93 1627498.528
2 94 5437506.996
2 95 5642211.229
2 96 6041737.562
2 97 6900109.263
2 98 7541741.167
2 99 9266653.455
3 4 6075190.977
3 5 8943082.324
3 6 5495308.247
3 7 3437521.877
3 8 4938025.073
3 9 2125747.657
3 10 6953074.256
3 11 2571025.8
3 12 4195574.46
3 13 6763257.783
3 14 6521258.619
3 15 4335557.394
3 16 656335.294
3 17 4981537.786
3 18 1966209.627
3 19 2124026.362
3 20 5472935.935
3 21 2083225.84
3 22 2435283.719
3 23 4193068.218
3 24 3169752.962
3 25 5573951.125
3 26 3205354.613
3 27 3080197.728
3 28 4277580.285
3 29 3061563.501
3 30 8910534.072
3 31 5300646.625
3 32 2711652.023
3 33 6976057.463
3 34 3242699.508
3 35 8012559.055
3 36 5057403.147
3 37 1132915.593
3 38 4050457.492
3 39 748908.2167
3 40 5382365.984
3 41 5026237.122
3 42 4029415.57
3 43 6281380.806
3 44 5546012.37
3 45 2499455.829
3 46 3004663.859
3 47 2347816.352
3 48 767217.8844
3 49 7787963.778
3 50 6332549.661
3 51 3011932.603
3 52 8070951.549
3 53 5673975.878
3 54 8973521.123
3 55 2580137.033
3 56 2540996.421
3 57 2640697.21
3 58 7028299.377
3 59 4123476.864
3 60 8262019.522
3 61 1036700.449
3 62 3577290.129
3 63 1305792.749
3 64 4172278.889
3 65 4320454.077
3 66 3227799.712
3 67 5183947.912
3 68 655301.0138
3 69 4547964.855
3 70 4639835.189
3 71 6068936.639
3 72 4805176.582
3 73 2643636.717
3 74 1926578.398
3 75 1243559.197
3 76 1799464.653
3 77 6247654.046
3 78 7808091.775
3 79 2477237.377
3 80 5553262.9
3 81 6965109.693
3 82 5106836.727
3 83 6270272.996
3 84 2643457.249
3 85 1711282.174
3 86 3618315.395
3 87 1683996.711
3 88 3365240.561
3 89 5886492.142
3 90 2408752.577
3 91 2951643.668
3 92 6584855.606
3 93 2608214.408
3 94 3020619.538
3 95 2717167.697
3 96 3073859.718
3 97 5119311.885
3 98 6617735.706
3 99 6504262.499
4 5 8758578.676
4 6 11161707.37
4 7 8989281.835
4 8 9485280.187
4 9 6415386.207
4 10 10440610.85
4 11 4524255.153
4 12 9356738.297
4 13 8836379.612
4 14 4589656.583
4 15 1912916.918
4 16 6683865.084
4 17 5100439.441
4 18 4854454.679
4 19 7235922.574
4 20 8342861.791
4 21 5530360.303
4 22 5292128.622
4 23 2871575.92
4 24 5309273.975
4 25 10277114.28
4 26 3562521.789
4 27 7393095.293
4 28 4647753.199
4 29 6890927.669
4 30 8910737.926
4 31 5498879.222
4 32 8652070.029
4 33 8955867.919
4 34 4044120.666
4 35 8417421.39
4 36 8501281.508
4 37 5534771.653
4 38 5642794.849
4 39 6517880.428
4 40 5897656.264
4 41 2593519.84
4 42 6269376.402
4 43 10120899.99
4 44 3460718.579
4 45 6633538.676
4 46 3201901.353
4 47 4141913.95
4 48 6822659.1
4 49 12892072.53
4 50 918898.3022
4 51 8972993.989
4 52 8383907.823
4 53 2144935.371
4 54 8763170.986
4 55 3515843.501
4 56 8484902.696
4 57 7357471.239
4 58 6581955.263
4 59 1981729.474
4 60 8361304.219
4 61 6321027.213
4 62 6281067.026
4 63 6207616.756
4 64 2024608.011
4 65 9102077.114
4 66 8087461.772
4 67 1478250.624
4 68 6248950.378
4 69 8518803.78
4 70 5770504.016
4 71 191106.3476
4 72 10711052.56
4 73 4987994.323
4 74 4187361.399
4 75 7064124.563
4 76 4288173.839
4 77 11418800.18
4 78 8282299.247
4 79 3639039.353
4 80 9425433.424
4 81 11784024.95
4 82 8132273.997
4 83 9388307.654
4 84 8576419.006
4 85 7652900.046
4 86 8167979.317
4 87 4555563.605
4 88 3091429.245
4 89 6470327.089
4 90 4366424.235
4 91 6191576.616
4 92 11880625.47
4 93 7890919.597
4 94 3713239.087
4 95 4157416.539
4 96 3407840.642
4 97 7703602.653
4 98 10059589.54
4 99 5013779.361
5 6 9745930.911
5 7 12076197.18
5 8 6920136.893
5 9 7001805.084
5 10 5510060.934
5 11 10143205.51
5 12 7903239.992
5 13 3318214.463
5 14 4177014.272
5 15 7701595.407
5 16 8951106.879
5 17 4302903.843
5 18 9856231.818
5 19 7646751.757
5 20 4532967.485
5 21 6864132.268
5 22 10623426.49
5 23 6568750.925
5 24 5814782.478
5 25 7384276.943
5 26 9809324.75
5 27 11995389.51
5 28 5075069.562
5 29 11868446.76
5 30 277430.3755
5 31 3873092.611
5 32 9341787.791
5 33 3165809.55
5 34 10330885.01
5 35 1071167.733
5 36 5282697.066
5 37 9637691.224
5 38 4912193.74
5 39 9677527.612
5 40 3651673.868
5 41 6328290.911
5 42 4944670.821
5 43 5959143.911
5 44 5341638.447
5 45 6720566.46
5 46 7683528.312
5 47 9479403.697
5 48 9409554.13
5 49 9429056.698
5 50 9672478.543
5 51 9554288.845
5 52 966037.6226
5 53 6616373.284
5 54 42067.44936
5 55 8589715.452
5 56 9284813.064
5 57 11580861.56
5 58 2248232.25
5 59 8067009.997
5 60 702073.3234
5 61 8069134.29
5 62 5424279.945
5 63 10165705.62
5 64 8919381.706
5 65 13222647.82
5 66 12158924.76
5 67 9556857.944
5 68 9590386.57
5 69 6005159.811
5 70 4336683.845
5 71 8937012.869
5 72 10248944.98
5 73 10584190.61
5 74 8742235.327
5 75 8617802.476
5 76 8271994.172
5 77 8734756.889
5 78 1258138.336
5 79 8007710.638
5 80 5884969.272
5 81 8235619.42
5 82 4796898.739
5 83 4781015.472
5 84 9286949.274
5 85 8986253.855
5 86 6822918.741
5 87 7877875.474
5 88 9402351.852
5 89 3077543.511
5 90 7022847.554
5 91 6057721.77
5 92 9244988.033
5 93 11489932.69
5 94 9774083.612
5 95 6833038.09
5 96 7195368.315
5 97 4383347.69
5 98 5345938.178
5 99 3745208.994
6 7 5417022.708
6 8 2827017.757
6 9 4799808.332
6 10 4767316.92
6 11 8028844.314
6 12 2050551.973
6 13 6459691.659
6 14 9670010.995
6 15 9261404.472
6 16 4845329.85
6 17 7766752.975
6 18 7422402.756
6 19 3928368.88
6 20 5237481.661
6 21 5680979.016
6 22 7711301.646
6 23 8599194.921
6 24 6275114.166
6 25 2457642.123
6 26 8698041.733
6 27 7074986.63
6 28 7510686.367
6 29 7466528.4
6 30 9564449.943
6 31 7772420.36
6 32 2846232.276
6 33 6640938.837
6 34 8721185.051
6 35 8681154.154
6 36 4497739.701
6 37 6531682.48
6 38 6552870.899
6 39 5509139.127
6 40 7543040.798
6 41 9319233.951
6 42 5965946.061
6 43 4041746.876
6 44 9319568.609
6 45 4670178.392
6 46 7966269.343
6 47 7840985.652
6 48 4976305.044
6 49 2723618.28
6 50 11603034.94
6 51 2608714.502
6 52 8795357.845
6 53 10070367.4
6 54 9787376.029
6 55 7908391.018
6 56 3007053.692
6 57 6571546.37
6 58 8893626.39
6 59 9194528.904
6 60 9090994.458
6 61 4900024.989
6 62 5615645.762
6 63 6266422.541
6 64 9481824.614
6 65 6948059.023
6 66 6523745.454
6 67 10540095.01
6 68 5733604.267
6 69 3838544.182
6 70 6933338.455
6 71 11202134.09
6 72 1145508.292
6 73 7994447.427
6 74 7325971.833
6 75 4276850.113
6 76 7027486.155
6 77 1576697.097
6 78 8510107.788
6 79 7589335.275
6 80 3887151.039
6 81 2625129.632
6 82 5030099.458
6 83 5059378.47
6 84 2901256.44
6 85 3792937.218
6 86 3399547.037
6 87 6656967.857
6 88 8817421.754
6 89 7616944.836
6 90 6816991.73
6 91 5330848.979
6 92 1502245.49
6 93 5863307.445
6 94 8514670.943
6 95 7061812.616
6 96 7771185.207
6 97 5546238.553
6 98 4716374.751
6 99 9385118.391
7 8 6544426.121
7 9 5080318.821
7 10 8900053.301
7 11 4561292.676
7 12 5396822.324
7 13 9448264.625
7 14 9956209.158
7 15 7495594.028
7 16 3192602.149
7 17 8358148.194
7 18 4142210.187
7 19 4476840.903
7 20 8040475.916
7 21 5395169.948
7 22 3862302.042
7 23 7565951.518
7 24 6496561.362
7 25 6850017.694
7 26 5525220.44
7 27 2118612.227
7 28 7686645.181
7 29 2682622.931
7 30 12005389.88
7 31 8640954.052
7 32 3209149.292
7 33 9667541.026
7 34 5201546.429
7 35 11076683.84
7 36 7424223.641
7 37 3495233.564
7 38 7321146.75
7 39 2728936.398
7 40 8668630.705
7 41 8393659.219
7 42 7147160.77
7 43 8119717.431
7 44 8973591.536
7 45 5356623.186
7 46 6256851.46
7 47 4848753.018
7 48 2768406.37
7 49 8138202.438
7 50 9003711.356
7 51 3203933.283
7 52 11152306.04
7 53 8992397.656
7 54 12110281.74
7 55 5562543.889
7 56 3165068.37
7 57 1821859.968
7 58 10326144.77
7 59 7196493.105
7 60 11377798.9
7 61 4067086.994
7 62 6661296.499
7 63 2794226.762
7 64 6966644.742
7 65 1542220.471
7 66 1329677.428
7 67 7790523.494
7 68 2946980.137
7 69 6727664.208
7 70 7908984.309
7 71 8935439.494
7 72 4299614.76
7 73 4206166.696
7 74 4915077.985
7 75 3458400.744
7 76 5029155.83
7 77 6808007.233
7 78 10872062.77
7 79 5695187.226
7 80 7530512.556
7 81 7802257.662
7 82 7679876.702
7 83 8556639.524
7 84 3221772.934
7 85 3142464.874
7 86 5689932.687
7 87 5066151.206
7 88 5928200.729
7 89 9107525.711
7 90 5843317.184
7 91 6034669.801
7 92 6893741.65
7 93 1116650.365
7 94 5348218.868
7 95 6149581.43
7 96 6428912.176
7 97 7883931.529
7 98 8652955.384
7 99 9924958.543
8 9 3250871.896
8 10 2370108.239
8 11 7416427.298
8 12 1197199.498
8 13 3649822.078
8 14 7164613.843
8 15 7588744.76
8 16 4441981.278
8 17 5308595.407
8 18 6838646.75
8 19 2820841.982
8 20 2415650.54
8 21 4059155.213
8 22 7372727.909
8 23 6683357.825
8 24 4208437.398
8 25 795005.9902
8 26 7808526.864
8 27 7531438.058
8 28 5237312.022
8 29 7735254.47
8 30 6741774.007
8 31 5223184.123
8 32 3335346.988
8 33 3839209.158
8 34 8016813.806
8 35 5854442.817
8 36 1687352.991
8 37 6067778.366
8 38 4185310.239
8 39 5330889.71
8 40 4935554.048
8 41 7273838.184
8 42 3531009.281
8 43 1580849.729
8 44 7049115.064
8 45 2937316.849
8 46 6462902.236
8 47 7012101.785
8 48 4800594.606
8 49 3444746.944
8 50 10093028.34
8 51 3375446.51
8 52 5968420.105
8 53 8016222.011
8 54 6961508.251
8 55 6732022.991
8 56 3386149.995
8 57 7005824.452
8 58 6147963.522
8 59 7638868.726
8 60 6263985.548
8 61 3976205.311
8 62 3317833.683
8 63 6119400.812
8 64 8140042.748
8 65 8029824.048
8 66 7254366.139
8 67 9197098.647
8 68 5449772.314
8 69 1128290.921
8 70 4432979.473
8 71 9565916.282
8 72 3419434.226
8 73 7565929.014
8 74 6311235.459
8 75 3800265.321
8 76 5876710.07
8 77 2120929.48
8 78 5683092.645
8 79 6251896.258
8 80 1126440.243
8 81 2298776.883
8 82 2235549.159
8 83 2312327.275
8 84 3323813.647
8 85 3686439.094
8 86 1396820.072
8 87 5399996.643
8 88 7759446.156
8 89 4910773.01
8 90 5201692.113
8 91 3294727.293
8 92 2651122.825
8 93 6505326.09
8 94 7651920.962
8 95 5357432.598
8 96 6127493.604
8 97 2780041.873
8 98 2169066.178
8 99 6822886.996
9 10 4958209.416
9 11 4292132.61
9 12 2942538.718
9 13 4640672.508
9 14 5299434.124
9 15 4503022.726
9 16 1970191.158
9 17 3479156.565
9 18 3757678.764
9 19 944324.2619
9 20 3351827.131
9 21 887421.1974
9 22 4399286.922
9 23 3801424.198
9 24 1652332.648
9 25 4003264.158
9 26 4582160.627
9 27 5177667.268
9 28 2969998.349
9 29 5187009.507
9 30 6940406.317
9 31 3676908.101
9 32 2776270.409
9 33 4854586.356
9 34 4837200.7
9 35 6019356.958
9 36 2984281.371
9 37 3130520.932
9 38 2313552.091
9 39 2784753.559
9 40 3639416.621
9 41 4541054.502
9 42 2067109.535
9 43 4355685.343
9 44 4668877.608
9 45 384037.505
9 46 3273813.969
9 47 3817542.843
9 48 2433028.607
9 49 6529421.33
9 50 6939805.075
9 51 3078970.897
9 52 6089371.164
9 53 5287804.055
9 54 7035240.225
9 55 3481155.287
9 56 2652539.29
9 57 4708229.76
9 58 5285873.152
9 59 4487380.955
9 60 6305917.49
9 61 1117072.378
9 62 1580993.686
9 63 3431444.65
9 64 4916631.906
9 65 6243286.751
9 66 5213496.748
9 67 5981053.251
9 68 2770409.796
9 69 2578114.239
9 70 2880851.677
9 71 6472490.037
9 72 4549000.295
9 73 4527218.409
9 74 3082551.752
9 75 1629864.991
9 76 2631144.946
9 77 5024266.171
9 78 5814131.586
9 79 3011651.542
9 80 3606836.855
9 81 5501572.256
9 82 2987890.418
9 83 4189287.41
9 84 2702178.012
9 85 2087305.902
9 86 1856040.874
9 87 2149476.346
9 88 4510577.417
9 89 4036667.249
9 90 2049258.015
9 91 957998.3386
9 92 5471569.66
9 93 4514202.142
9 94 4433860.925
9 95 2271351.184
9 96 3007546.057
9 97 2998141.432
9 98 4602540.344
9 99 5144119.048
10 11 9248324.578
10 12 3560331.083
10 13 2332266.399
10 14 7127508.855
10 15 8657254.685
10 16 6555849.239
10 17 5565457.69
10 18 8714921.154
10 19 4864508.931
10 20 2107273.533
10 21 5558991.892
10 22 9336501.386
10 23 7571287.892
10 24 5243319.827
10 25 2337466.558
10 26 9464980.788
10 27 9760416.738
10 28 5823043.539
10 29 9907915.174
10 30 5275131.083
10 31 5299423.791
10 32 5694718.909
10 33 2413962.824
10 34 9770942.337
10 35 4544032.633
10 36 2035395.333
10 37 8043451.033
10 38 4798296.935
10 39 7458745.921
10 40 4912410.671
10 41 7957952.172
10 42 4177842.767
10 43 792260.0811
10 44 7439845.964
10 45 4580040.867
10 46 7770752.225
10 47 8748526.666
10 48 6961811.015
10 49 3920795.731
10 50 11177828.93
10 51 5744985.584
10 52 4669173.414
10 53 8634881.936
10 54 5551792.018
10 55 8268001.848
10 56 5735388.963
10 57 9241935.252
10 58 5525118.878
10 59 8812321.339
10 60 4971681.929
10 61 5926293.402
10 62 4248440.934
10 63 8215925.919
10 64 9462570.748
10 65 10368226.21
10 66 9548344.113
10 67 10464114.21
10 68 7534209.678
10 69 2405836.805
10 70 4747507.91
10 71 10556588.65
10 72 5611509.355
10 73 9480823.699
10 74 7983862.435
10 75 5947792.272
10 76 7497748.198
10 77 3429340.51
10 78 4429264.629
10 79 7709515.304
10 80 1414678.023
10 81 2754740.098
10 82 2312706.01
10 83 1085822.155
10 84 5678860.015
10 85 5943947.048
10 86 3376072.581
10 87 6994726.035
10 88 9310754.161
10 89 4591803.511
10 90 6543014.457
10 91 4564253.623
10 92 3885595.748
10 93 8797349.843
10 94 9332749.771
10 95 6600156.462
10 96 7343103.345
10 97 2751927.761
10 98 383064.9539
10 99 6689697.425
11 12 6754191.041
11 13 8623394.846
11 14 6798329.631
11 15 3388421.806
11 16 3197681.273
11 17 5851143.93
11 18 607552.8332
11 19 4605915.071
11 20 7509907.296
11 21 3765374.211
11 22 771792.1405
11 23 3982427.681
11 24 4517136.92
11 25 8094167.135
11 26 973418.8049
11 27 2872421.448
11 28 5073547.871
11 29 2395574.824
11 30 10176378.44
11 31 6271955.293
11 32 5196945.577
11 33 8818382.604
11 34 708920.4476
11 35 9369977.268
11 36 7250686.79
11 37 1499103.536
11 38 5381532.854
11 39 2562724.616
11 40 6504194.346
11 41 4676970.452
11 42 5651543.802
11 43 8642690.938
11 44 5551328.532
11 45 4668415.83
11 46 2588244.259
11 47 670432.3791
11 48 3064187.152
11 49 10358669.51
11 50 4450928.787
11 51 5470315.863
11 52 9398759.184
11 53 5061259.833
11 54 10165898.79
11 55 1631331.771
11 56 5030698.365
11 57 2845962.747
11 58 7978976.334
11 59 2997930.641
11 60 9524217.421
11 61 3443059.716
11 62 5317066.755
11 63 1938732.289
11 64 2520694.343
11 65 4580400
11 66 3568341.902
11 67 3238780.225
11 68 2313648.364
11 69 6867691.531
11 70 5890960.325
11 71 4445845.538
11 72 7252443.644
11 73 516044.6562
11 74 1416446.62
11 75 3814212.745
11 76 1915816.935
11 77 8817860.019
11 78 9176699.457
11 79 2155606.035
11 80 7895773.258
11 81 9516031.456
11 82 7167583.672
11 83 8434584.361
11 84 5136200.615
11 85 4238657.306
11 86 6044595.586
11 87 2385772.746
11 88 1438001.555
11 89 7111669.927
11 90 3155368.126
11 91 4804030.573
11 92 9154756.131
11 93 3445088.551
11 94 811319.5621
11 95 3314296.275
11 96 3020758.679
11 97 7026786.91
11 98 8888970.933
11 99 6963703.34
12 13 4715453.278
12 14 7620480.456
12 15 7443926.883
12 16 3620080.822
12 17 5718127.215
12 18 6155201.572
12 19 2219115.25
12 20 3373966.287
12 21 3826378.155
12 22 6605912.275
12 23 6681074.17
12 24 4284977.001
12 25 1487548.171
12 26 7268280.405
12 27 6526156.978
12 28 5485170.174
12 29 6781725.256
12 30 7745029.262
12 31 5722441.347
12 32 2198623.514
12 33 4917211.899
12 34 7400489.855
12 35 6832072.466
12 36 2625528.454
12 37 5321653.484
12 38 4508789.955
12 39 4462443.634
12 40 5498294.012
12 41 7363108.303
12 42 3915773.622
12 43 2768432.568
12 44 7302796.553
12 45 2739320.643
12 46 6208483.331
12 47 6433497.175
12 48 3912955.502
12 49 3643653.097
12 50 9875922.037
12 51 2202129.783
12 52 6939713.081
12 53 8115657.075
12 54 7943733.414
12 55 6309831.383
12 56 2273118.67
12 57 5998234.74
12 58 6886777.74
12 59 7427595.523
12 60 7225610.82
12 61 3354315.271
12 62 3573997.838
12 63 5261901.076
12 64 7819140.103
12 65 6903135.776
12 66 6183339.411
12 67 8886400.412
12 68 4621227.343
12 69 1899339.732
12 70 4882788.779
12 71 9414992.377
12 72 2345708.878
12 73 6835067.657
12 74 5803895.507
12 75 2973020.63
12 76 5426306.628
12 77 2108648.261
12 78 6649147.451
12 79 5904099.316
12 80 2300412.868
12 81 2771991.692
12 82 3111502.23
12 83 3465419.195
12 84 2198314.525
12 85 2720257.888
12 86 1351832.945
12 87 4993220.174
12 88 7294998.2
12 89 5596538.843
12 90 4991548.394
12 91 3332599.075
12 92 2532123.617
12 93 5441714.849
12 94 7097807.108
12 95 5204409.428
12 96 5949231.007
12 97 3583689.762
12 98 3366215.063
12 99 7334797.666
13 14 5009533.152
13 15 7229691.18
13 16 6568761.991
13 17 3744976.588
13 18 8183076.085
13 19 4994828.135
13 20 1418444.313
13 21 4889238.816
13 22 8900230.405
13 23 6057724.426
13 24 4152642.275
13 25 4069291.919
13 26 8601624.964
13 27 9813974.377
13 28 4229398.633
13 29 9824251.626
13 30 3117761.513
13 31 3380136.359
13 32 6434613.708
13 33 219323.3125
13 34 9014856.357
13 35 2283529.838
13 36 2119700.873
13 37 7703616.826
13 38 3405407.19
13 39 7419789.69
13 40 2972899.129
13 41 6254180.137
13 42 2986818.847
13 43 2660638.302
13 44 5556994.517
13 45 4277613.697
13 46 6632365.478
13 47 8025872.367
13 48 7026071.214
13 49 6184372.712
13 50 9657226.346
13 51 6594811.092
13 52 2405795.259
13 53 6847545.137
13 54 3360208.031
13 55 7336486.983
13 56 6412695.531
13 57 9335110.252
13 58 3233849.527
13 59 7471989.021
13 60 2710304.156
13 61 5754127.565
13 62 3309704.74
13 63 8067043.46
13 64 8231738.146
13 65 10768140.16
13 66 9796108.35
13 67 9134284.864
13 68 7410819.565
13 69 2868604.809
13 70 3102341.137
13 71 8977226.07
13 72 7043792.087
13 73 8962590.29
13 74 7234106.418
13 75 6085600.086
13 76 6725799.187
13 77 5417435.286
13 78 2142498.256
13 79 6733727.202
13 80 2577597.902
13 81 4962168.829
13 82 1770296.009
13 83 1467587.322
13 84 6392380.334
13 85 6308255.853
13 86 3830249.232
13 87 6239859.892
13 88 8332038.822
13 89 2495870.812
13 90 5559497.893
13 91 3869150.604
13 92 5930201.161
13 93 9069087.518
13 94 8506289.396
13 95 5508718.267
13 96 6148708.666
13 97 1644211.979
13 98 2092656.708
13 99 4543159.713
14 15 3776077.263
14 16 6818120.615
14 17 1904916.582
14 18 6694407.688
14 19 6222566.877
14 20 5139762.318
14 21 4665883.152
14 22 7437434.238
14 23 2832064.676
14 24 3649685.748
14 25 7905138.107
14 26 6217608.794
14 27 9222006.686
14 28 2338764.696
14 29 8935393.624
14 30 4342423.47
14 31 1943239.551
14 32 8074857.136
14 33 5053965.153
14 34 6787078.696
14 35 3953516.652
14 36 5639588.432
14 37 6796008.82
14 38 3131679.664
14 39 7250153.59
14 40 2268125.269
14 41 2315452.101
14 42 3705268.394
14 43 7108145.232
14 44 1306186.892
14 45 5235273.716
14 46 4211770.196
14 47 6138161.001
14 48 7203463.427
14 49 10496689.99
14 50 5506749.216
14 51 8373604.63
14 52 3899150.273
14 53 2459162.684
14 54 4179829.692
14 55 5167339.189
14 56 7951824.903
14 57 8926189.185
14 58 2090296.7
14 59 4184488.177
14 60 3831171.062
14 61 6010857.69
14 62 4068690.948
14 63 7462371.797
14 64 5026658.307
14 65 10738719.38
14 66 9618028.369
14 67 5499903.452
14 68 7067863.04
14 69 6036761.244
14 70 2747150.467
14 71 4770906.334
14 72 9702154.391
14 73 7298634.502
14 74 5549480.363
14 75 6779846.887
14 76 5195646.37
14 77 9285286.999
14 78 3851552.829
14 79 4694039.261
14 80 6596812.267
14 81 9255529.127
14 82 5109709.696
14 83 6053219.055
14 84 8001181.189
14 85 7328891.945
14 86 6270533.233
14 87 4981628.115
14 88 5735982.815
14 89 2542319.449
14 90 4136548.828
14 91 4470733.272
14 92 9815537.36
14 93 9091292.875
14 94 6235405.736
14 95 3843106.925
14 96 3814918.318
14 97 4547851.559
14 98 6788514.609
14 99 485708.8845
15 16 4904560.235
15 17 3611769.527
15 18 3515354.19
15 19 5333234.228
15 20 6584494.172
15 21 3617567.516
15 22 4134487.93
15 23 1189675.334
15 24 3450062.282
15 25 8378359.196
15 26 2597675.15
15 27 6175449.269
15 28 3004710.421
15 29 5754968.294
15 30 7806945.006
15 31 4049806.554
15 32 6809966.078
15 33 7372193.697
15 34 3174791.008
15 35 7173517.492
15 36 6677098.141
15 37 4002587.657
15 38 3896027.891
15 39 4871411.985
15 40 4415524.335
15 41 1464104.097
15 42 4482859.347
15 43 8289866.211
15 44 2470875.359
15 45 4721698.076
15 46 1347084.031
15 47 2820778.138
15 48 5100363.228
15 49 10984804.34
15 50 2529867.586
15 51 7133234.609
15 52 7163257.035
15 53 1681748.284
15 54 7714189.186
15 55 1945791.341
15 56 6645637.82
15 57 6029222.484
15 58 5454292.965
15 59 422704.0941
15 60 7199456.097
15 61 4459882.461
15 62 4439160.775
15 63 4711333.68
15 64 1250727.134
15 65 7851140.585
15 66 6767740.461
15 67 1921565.514
15 68 4614240.172
15 69 6646435.247
15 70 4127454.307
15 71 1979495.908
15 72 8844885.164
15 73 3902930.026
15 74 2580516.157
15 75 5227533.718
15 76 2540976.565
15 77 9507155.555
15 78 7011943.927
15 79 1858927.065
15 80 7578804.408
15 81 9887032.263
15 82 6345091.941
15 83 7629918.217
15 84 6733291.633
15 85 5825475.639
15 86 6260218.513
15 87 2720843.142
15 88 2077518.232
15 89 5033391.838
15 90 2454723.496
15 91 4301168.185
15 92 9967822.27
15 93 6443337.632
15 94 2668402.6
15 95 2245841.048
15 96 1495841.567
15 97 5958068.787
15 98 8274353.937
15 99 4076615.833
16 17 5169483.372
16 18 2590212.013
16 19 1692467.65
16 20 5224469.989
16 21 2203900.958
16 22 2986725.366
16 23 4658513.31
16 24 3304165.964
16 25 5037131.331
16 26 3859953.591
16 27 3262594.668
16 28 4515221.482
16 29 3355625.638
16 30 8898401.083
16 31 5448358.467
16 32 2055549.169
16 33 6785562.528
16 34 3880756.275
16 35 7982251.683
16 36 4739644.854
16 37 1718419.107
16 38 4134470.443
16 39 902909.1823
16 40 5481983.357
16 41 5488018
16 42 4006451.51
16 43 5852826.182
16 44 5925782.784
16 45 2303691.24
16 46 3560600.907
16 47 3002521.219
16 48 462869.4989
16 49 7176420.185
16 50 6968741.225
16 51 2357420.747
16 52 8049495.335
16 53 6164640.016
16 54 8983588.799
16 55 3211962.491
16 56 1884828.62
16 57 2770209.883
16 58 7139427.503
16 59 4717540.398
16 60 8259023.798
16 61 884404.6828
16 62 3529353.322
16 63 1678141.293
16 64 4808665.89
16 65 4276450.245
16 66 3244673.444
16 67 5829498.562
16 68 1009780.693
16 69 4167947.693
16 70 4724189.868
16 71 6684700.996
16 72 4149695.622
16 73 3225924.459
16 74 2569209.613
16 75 649331.4213
16 76 2395740.292
16 77 5640146.07
16 78 7776989.131
16 79 3057797.847
16 80 5143624.015
16 81 6391511.246
16 82 4855022.491
16 83 5947560.395
16 84 1987159.347
16 85 1056071.542
16 86 3184081.928
16 87 2197938.618
16 88 4020126.703
16 89 5939220.786
16 90 2802031.966
16 91 2894552.904
16 92 5961610.93
16 93 2545290.428
16 94 3674531.603
16 95 3113302.31
16 96 3570859.127
16 97 4937723.863
16 98 6236434.756
16 99 6757740.48
17 18 5597208.748
17 19 4375310.579
17 20 3479363.871
17 21 2966200.947
17 22 6365764.113
17 23 2422978.268
17 24 1875492.262
17 25 6067848.575
17 26 5511893.968
17 27 7903638.505
17 28 778521.1962
17 29 7706295.23
17 30 4355774.631
17 31 446523.4343
17 32 6235335.249
17 33 3857359.41
17 34 6028594.35
17 35 3621476.911
17 36 3868140.321
17 37 5482725.16
17 38 1231024.215
17 39 5729713.56
17 40 807605.2291
17 41 2511106.95
17 42 1806800.77
17 43 5421368.831
17 44 1874400.783
17 45 3372620.979
17 46 3387451.85
17 47 5184226.971
17 48 5590861.296
17 49 8692193.55
17 50 5941216.407
17 51 6525133.099
17 52 3628362.215
17 53 3113110.424
17 54 4323747.186
17 55 4286812.914
17 56 6121238.384
17 57 7541732.098
17 58 2136451.836
17 59 3919533.503
17 60 3713630.646
17 61 4313696.196
17 62 2165033.593
17 63 6081702.515
17 64 4746451.823
17 65 9293693.78
17 66 8186758.519
17 67 5532333.665
17 68 5587628.394
17 69 4186778.755
17 70 879867.1884
17 71 5246759.472
17 72 7804983.943
17 73 6304298.946
17 74 4463771.785
17 75 5036923.545
17 76 4012560.694
17 77 7427487.931
17 78 3445644.704
17 79 3706916.172
17 80 4839796.795
17 81 7465706.506
17 82 3374688.532
17 83 4480659.882
17 84 6163586.489
17 85 5552288.661
17 86 4367255.026
17 87 3663564.832
17 88 5120183.431
17 89 1421962.449
17 90 2785621.199
17 91 2598944.158
17 92 7953496.029
17 93 7589726.457
17 94 5472520.511
17 95 2561540.116
17 96 2895379.419
17 97 2844808.596
17 98 5200542.168
17 99 1674728.597
18 19 4021845.192
18 20 7026696.335
18 21 3297539.323
18 22 768667.9799
18 23 3932850.415
18 24 4133846.533
18 25 7506649.677
18 26 1427852.51
18 27 2661766.779
18 28 4819867.154
18 29 2274411.475
18 30 9874740.511
18 31 6002416.375
18 32 4592990.175
18 33 8382798.169
18 34 1303287.578
18 35 9043657.344
18 36 6733800.069
18 37 897060.5201
18 38 5020742.761
18 39 1972554.244
18 40 6205055.885
18 41 4685242.835
18 42 5236314.726
18 43 8093366.604
18 44 5491772.007
18 45 4138398.043
18 46 2511335.844
18 47 717317.4913
18 48 2462708.66
18 49 9754130.177
18 50 4874521.412
18 51 4868979.394
18 52 9079195.91
18 53 5146616.593
18 54 9880788.508
18 55 1603389.536
18 56 4426231.113
18 57 2530493.164
18 58 7733604.867
18 59 3160441.396
18 60 9220014.513
18 61 2862443.394
18 62 4873945.278
18 63 1411001.107
18 64 2829850.171
18 65 4338277.019
18 66 3269010.697
18 67 3663956.577
18 68 1717212.234
18 69 6323214.777
18 70 5555404.121
18 71 4795343.304
18 72 6654285.638
18 73 780986.6951
18 74 1151466.647
18 75 3208598.918
18 76 1586179.945
18 77 8213849.301
18 78 8846804.926
18 79 2000648.493
18 80 7349191.137
18 81 8920145.233
18 82 6677686.644
18 83 7928019.693
18 84 4531621.183
18 85 3631500.096
18 86 5475733.127
18 87 1996160.215
18 88 1787607.228
18 89 6797224.324
18 90 2833432.172
18 91 4331688.143
18 92 8548293.931
18 93 3037618.693
18 94 1239988.371
18 95 3035814.899
18 96 2879569.758
18 97 6567577.824
18 98 8360219.015
18 99 6819355.749
19 20 3608127.937
19 21 1778222.249
19 22 4554984.277
19 23 4709128.118
19 24 2586509.195
19 25 3489070.235
19 26 5062130.646
19 27 4932900.417
19 28 3903028.295
19 29 5047736.122
19 30 7559598.724
19 31 4537944.844
19 32 1860189.252
19 33 5213932.664
19 34 5225294.697
19 35 6625267.806
19 36 3070539.568
19 37 3249338.807
19 38 3174453.775
19 39 2594972.674
19 40 4457727.643
19 41 5466593.258
19 42 2815564.44
19 43 4170073.554
19 44 5613201.852
19 45 1009931.749
19 46 4047873.314
19 47 4238225.645
19 48 2112768.393
19 49 5862294.738
19 50 7704303.671
19 51 2151984.773
19 52 6706580.438
19 53 6209395.153
19 54 7682434.148
19 55 4092556.06
19 56 1750845.56
19 57 4426433.787
19 58 6075499.31
19 59 5275733.354
19 60 6945067.431
19 61 1163763.924
19 62 2335069.991
19 63 3354440.723
19 64 5617870.522
19 65 5774045.228
19 66 4824047.435
19 67 6684420.066
19 68 2673860.502
19 69 2476346.386
19 70 3712900.16
19 71 7280136.22
19 72 3612660.319
19 73 4745091.885
19 74 3587691.954
19 75 1112903.88
19 76 3207970.871
19 77 4327320.516
19 78 6421904.978
19 79 3705171.924
19 80 3453798.144
19 81 4932054.278
19 82 3240593.974
19 83 4270080.996
19 84 1788963.735
19 85 1343629.367
19 86 1500124.233
19 87 2783824.263
19 88 5076406.572
19 89 4791469.879
19 90 2890599.815
19 91 1784190.15
19 92 4734025.026
19 93 4086499.288
19 94 4895453.222
19 95 3143813.07
19 96 3843048.288
19 97 3408352.657
19 98 4543970.198
19 99 6048198.158
20 21 3745113.799
20 22 7712375.819
20 23 5477945.207
20 24 3228844.416
20 25 2991115.172
20 26 7602003.959
20 27 8484650.643
20 28 3716255.777
20 29 8529180.158
20 30 4371181.712
20 31 3246977.102
20 32 5016907.181
20 33 1636063.42
20 34 7964455.071
20 35 3462308.993
20 36 749758.302
20 37 6470933.361
20 38 2701448.975
20 39 6096108.762
20 40 2879837.794
20 41 5850688.851
20 42 2105369.935
20 43 1968556.398
20 44 5350611.067
20 45 2973887.253
20 46 5776190.677
20 47 6951780.459
20 48 5675362.06
20 49 5425003.981
20 50 9094422.68
20 51 5181014.5
20 52 3572338.316
20 53 6529516.428
20 54 4573751.688
20 55 6362960.038
20 56 4994255.189
20 57 7994494.262
20 58 3811563.597
20 59 6761579.439
20 60 3862917.395
20 61 4444823.106
20 62 2260926.707
20 63 6778034.075
20 64 7448335.307
20 65 9379730.412
20 66 8427688.445
20 67 8423977.862
20 68 6108842.03
20 69 1484396.272
20 70 2644760.478
20 71 8462316.672
20 72 5718905.235
20 73 7806999.557
20 74 6165271.489
20 75 4711410.667
20 76 5662018.542
20 77 4399074.919
20 78 3283506.507
20 79 5779120.244
20 80 1522541.889
20 81 4173271.457
20 82 369509.3663
20 83 1046618.862
20 84 4974241.525
20 85 4905036.552
20 86 2413342.034
20 87 5161245.252
20 88 7393159.213
20 89 2671936.303
20 90 4594346.348
20 91 2707017.759
20 92 4932082.976
20 93 7693515.277
20 94 7486980.563
20 95 4609450.277
20 96 5325085.002
20 97 644742.9031
20 98 1732301.325
20 99 4732085.323
21 22 4011315.079
21 23 2931248.848
21 24 1103095.156
21 25 4830817.836
21 26 3906075.116
21 27 5135464.768
21 28 2335049.995
21 29 5044762.999
21 30 6837582.39
21 31 3248677.802
21 32 3508860.862
21 33 5091403.05
21 34 4231165.986
21 35 5949149.247
21 36 3530471.545
21 37 2847738.065
21 38 1967827.201
21 39 2826044.653
21 40 3305389.165
21 41 3692057.743
21 42 1992944.664
21 43 5025258.745
21 44 3905623.348
21 45 1126333.351
21 46 2411337.388
21 47 3212817.094
21 48 2632222.126
21 49 7392743.927
21 50 6069050.969
21 51 3825511.456
21 52 6003181.793
21 53 4432460.894
21 54 6894087.837
21 55 2725529.346
21 56 3367116.621
21 57 4716926.023
21 58 4957747.385
21 59 3612971.036
21 60 6186821.373
21 61 1352948.921
21 62 1587332.588
21 63 3311759.419
21 64 4080887.54
21 65 6394948.57
21 66 5309783.153
21 67 5138999.534
21 68 2726689.829
21 69 3262708.366
21 70 2558021.251
21 71 5589854.152
21 72 5386200.308
21 73 4078284.532
21 74 2433508.457
21 75 2114908.901
21 76 1940189.142
21 77 5898113.013
21 78 5745639.045
21 79 2204326.996
21 80 4276998.187
21 81 6337591.737
21 82 3406108.373
21 83 4687795.711
21 84 3431944.751
21 85 2676984.346
21 86 2683447.035
21 87 1436527.195
21 88 3768909.747
21 89 3803338.949
21 90 1167115.83
21 91 1038660.414
21 92 6352172.151
21 93 4670397.45
21 94 3776027.02
21 95 1384196.093
21 96 2123087.193
21 97 3270125.073
21 98 5187841.735
21 99 4572801.248
22 23 4651540.202
22 24 4885972.58
22 25 8005733.596
22 26 1732144.013
22 27 2101707.346
22 28 5588302.306
22 29 1627711.269
22 30 10640369.02
22 31 6771016.526
22 32 4865240.914
22 33 9102718.12
22 34 1341041.079
22 35 9805564.964
22 36 7383545.216
22 37 1305704.715
22 38 5777741.62
22 39 2205681.435
22 40 6971951.47
22 41 5379018.565
22 42 5972898.981
22 43 8689369.663
22 44 6217679.587
22 45 4783121.104
22 46 3234798.712
22 47 1331013.303
22 48 2750577.303
22 49 10147286.82
22 50 5190556.444
22 51 5112871.927
22 52 9842335.105
22 53 5797157.444
22 54 10648137.27
22 55 2295761.929
22 56 4706252.016
22 57 2101844.169
22 58 8502124.491
22 59 3752693.076
22 60 9985453.283
22 61 3423009.509
22 62 5596289.887
22 63 1454896.037
22 64 3292332.732
22 65 3810360.225
22 66 2812558.999
22 67 3982631.504
22 68 2001712.894
22 69 6933544.55
22 70 6317507.509
22 71 5210450.937
22 72 6860798.655
22 73 345199.9848
22 74 1912976.717
22 75 3632898.552
22 76 2354754.915
22 77 8616937.125
22 78 9608075.305
22 79 2746453.582
22 80 7952281.069
22 81 9377768.059
22 82 7357828.488
22 83 8587321.142
22 84 4811844.219
22 85 3969150.785
22 86 6040336.821
22 87 2755474.726
22 88 2209412.87
22 89 7562051.754
22 90 3600652.702
22 91 5035822.961
22 92 8917967.886
22 93 2747890.787
22 94 1579570.344
22 95 3804441.507
22 96 3626563.88
22 97 7274350.775
22 98 8989558.281
22 99 7573705.931
23 24 2476002.003
23 25 7478293.707
23 26 3389400.785
23 27 6543584.664
23 28 1828340.457
23 29 6203088.362
23 30 6661700.746
23 31 2862606.48
23 32 6368950.808
23 33 6195440.886
23 34 3956264.785
23 35 6002109.893
23 36 5631907.035
23 37 4178879.73
23 38 2776514.342
23 39 4845955.413
23 40 3225963.333
23 41 833171.7389
23 42 3397858.955
23 43 7252037.912
23 44 1569092.323
23 45 3945582.006
23 46 1421539.679
23 47 3332157.485
23 48 4948371.013
23 49 10117971.79
23 50 3623432.735
23 51 6691905.014
23 52 5996021.111
23 53 1522230.201
23 54 6583393.405
23 55 2359039.939
23 56 6214979.587
23 57 6307434.693
23 58 4321753.434
23 59 1508516.226
23 60 6044004.41
23 61 4035948.71
23 62 3423581.782
23 63 4881930.891
23 64 2354094.285
23 65 8144105.452
23 66 7029091.098
23 67 3111215.013
23 68 4619100.541
23 69 5678233.879
23 70 2957323.643
23 71 2985338.385
23 72 8310702.865
23 73 4489476.294
23 74 2820183.083
23 75 4841824.558
23 76 2562167.85
23 77 8683538.502
23 78 5836772.401
23 79 1955982.696
23 80 6562741.957
23 81 8975976.681
23 82 5261442.214
23 83 6524364.409
23 84 6291242.662
23 85 5443292.449
23 86 5419237.356
23 87 2512819.705
23 88 2919042.151
23 89 3844892.992
23 90 1890815.482
23 91 3399855.385
23 92 9167666.474
23 93 6591709.028
23 94 3403509.48
23 95 1595429.383
23 96 1137985.561
23 97 4841876.438
23 98 7189806.793
23 99 3052383.243
24 25 5003443.368
24 26 4449087.325
24 27 6186005.05
24 28 1317737.225
24 29 6055274.238
24 30 5804162.704
24 31 2145630.577
24 32 4428471.97
24 33 4336687.325
24 34 4868649.736
24 35 4939177.218
24 36 3236135.965
24 37 3827697.931
24 38 904453.6412
24 39 3916975.608
24 40 2213311.232
24 41 3090129.562
24 42 1169676.217
24 43 4842393.46
24 44 3059442.094
24 45 1636733.163
24 46 2547349.188
24 47 3895093.062
24 48 3735231.127
24 49 7647026.994
24 50 5979764.899
24 51 4730998.822
24 52 4984060.685
24 53 3840918.982
24 54 5843121.337
24 55 3185425.193
24 56 4303077.617
24 57 5786141.771
24 58 3859532.19
24 59 3574404.94
24 60 5149766.721
24 61 2440350.073
24 62 996368.6841
24 63 4354443.85
24 64 4225211.231
24 65 7488931.995
24 66 6396840.886
24 67 5220936.797
24 68 3801957.095
24 69 3210065.289
24 70 1480997.295
24 71 5403493.889
24 72 6147051.379
24 73 4898571.074
24 74 3107319.164
24 75 3163992.348
24 76 2602168.399
24 77 6230804.067
24 78 4738634.616
24 79 2585409.305
24 80 4128743.273
24 81 6499979.875
24 82 2948244.31
24 83 4255403.091
24 84 4354203.827
24 85 3691126.671
24 86 2977055.652
24 87 2141172.258
24 88 4193471.381
24 89 2739082.653
24 90 1406864.414
24 91 952880.9659
24 92 6725608.668
24 93 5768249.879
24 94 4354462.627
24 95 1382825.246
24 96 2102047.288
24 97 2647277.933
24 98 4860678.848
24 99 3513728.423
25 26 8528097.877
25 27 8011512.124
25 28 6021725.133
25 29 8257488.196
25 30 7187053.4
25 31 5961901.796
25 32 3673938.993
25 33 4236782.876
25 34 8712554.513
25 35 6334068.348
25 36 2320538.902
25 37 6706835.726
25 38 4964823.649
25 39 5904634.354
25 40 5658149.81
25 41 8067074.723
25 42 4306157.403
25 43 1587421.508
25 44 7828600.55
25 45 3705274.331
25 46 7239542.488
25 47 7718059.478
25 48 5360963.255
25 49 2653076.264
25 50 10878204.27
25 51 3646128.141
25 52 6452782.984
25 53 8808526.485
25 54 7426165.969
25 55 7479400.069
25 56 3756413.599
25 57 7483609.24
25 58 6789919.033
25 59 8422540.63
25 60 6754238.276
25 61 4652821.18
25 62 4108272.895
25 63 6701882.319
25 64 8909648.364
25 65 8368905.57
25 66 7668928.701
25 67 9969617.486
25 68 6046172.434
25 69 1882783.74
25 70 5189181.464
25 71 10356386.81
25 72 3277147.432
25 73 8215832.874
25 74 7036256.089
25 75 4388140.208
25 76 6614943.978
25 77 1411249.68
25 78 6175480.016
25 79 7013143.037
25 80 1505508.043
25 81 1509699.698
25 82 2877173.647
25 83 2629591.434
25 84 3678280.965
25 85 4190448.935
25 86 2150109.503
25 87 6146496.066
25 88 8499267.735
25 89 5588639.564
25 90 5981004.826
25 91 4088032.642
25 92 1946411.619
25 93 6928473.239
25 94 8367032.282
25 95 6143315.05
25 96 6912422.647
25 97 3441394.974
25 98 2260329.353
25 99 7549330.743
26 27 3831124.865
26 28 4752544.585
26 29 3331505.266
26 30 9867645.17
26 31 5950765.719
26 32 5909212.849
26 33 8784190.638
26 34 578684.0492
26 35 9111209.432
26 36 7435763.512
26 37 2281901.364
26 38 5243937.579
26 39 3364094.206
26 40 6230020.832
26 41 3988084.393
26 42 5617154.163
26 43 8915645.657
26 44 4930428.134
26 45 4935311.16
26 46 2125799.466
26 47 857538.3142
26 48 3814033.162
26 49 10906966.9
26 50 3480302.703
26 51 6200790.475
26 52 9127514.809
26 53 4277221.1
26 54 9828685
26 55 1269392.644
26 56 5739363.221
26 57 3819280.752
26 58 7594081.583
26 59 2182815.421
26 60 9224642.061
26 61 3914009.491
26 62 5350818.078
26 63 2838090.57
26 64 1586310.772
26 65 5540089.778
26 66 4540108.573
26 67 2267350.236
26 68 3098087.532
26 69 7140829.12
26 70 5694085.283
26 71 3478478.505
26 72 7994965.254
26 73 1426120.869
26 74 1499835.374
26 75 4425643.049
26 76 1968377.907
26 77 9365398.892
26 78 8926043.522
26 79 1876196.552
26 80 8165448.995
26 81 9991922.129
26 82 7280805.892
26 83 8578947.641
26 84 5843061.485
26 85 4915996.83
26 86 6414154.082
26 87 2470477.37
26 88 525313.4083
26 89 6855348.688
26 90 3042257.27
26 91 4918137.523
26 92 9736666.305
26 93 4410431.025
26 94 190522.0319
26 95 3113147.935
26 96 2616776.432
26 97 7066462.255
26 98 9093826.954
26 99 6437066.813
27 28 7152166.495
27 29 583600.4131
27 30 11972791.24
27 31 8263493.783
27 32 4411250.455
27 33 10029180.27
27 34 3390867.778
27 35 11083052.49
27 36 7998035.981
27 37 2434706.573
27 38 7084871.866
27 39 2394211.177
27 40 8389745.55
27 41 7322395.831
27 42 7106041.383
27 43 9027547.467
27 44 8077219.77
27 45 5536404.511
27 46 5130671.153
27 47 3358159.648
27 48 2821674.661
27 49 9729540.434
27 50 7260610.406
27 51 4547690.937
27 52 11138345.53
27 53 7806259.616
27 54 12024633.87
27 55 4259607.875
27 56 4295969.073
27 57 527924.0497
27 58 10009263.72
27 59 5812510.245
27 60 11321397.83
27 61 4061232.547
27 62 6657288.102
27 63 1831904.928
27 64 5392779.094
27 65 1708996.014
27 66 820065.0999
27 67 6061843.284
27 68 2424911.145
27 69 7402576.202
27 70 7666980.917
27 71 7309064.22
27 72 6042120.616
27 73 2409105.387
27 74 3723837.982
27 75 3824855.064
27 76 4028322.994
27 77 8281516.884
27 78 10879120.87
27 79 4587706.298
27 80 8346232.821
27 81 9190621.201
27 82 8115398.425
27 83 9202216.943
27 84 4387671.275
27 85 3845002.821
27 86 6388768.341
27 87 4267982.199
27 88 4310404.192
27 89 8924033.333
27 90 5144488.384
27 91 6031595.616
27 92 8467830.233
27 93 1228635.465
27 94 3681256.912
27 95 5411453.104
27 96 5440793.717
27 97 8174304.612
27 98 9457123.904
27 99 9292205.791
28 29 6941874.936
28 30 5120869.831
28 31 1202553.909
28 32 5745918.124
28 33 4368363.453
28 34 5261625.314
28 35 4361270.128
28 36 3967934.703
28 37 4724449.325
28 38 1068753.923
28 39 5021942.968
28 40 1486177.297
28 41 2137184.007
28 42 1734463.252
28 43 5575965.014
28 44 1823115.208
28 45 2936839.103
28 46 2634021.328
28 47 4407237.85
28 48 4919688.944
28 49 8672692.139
28 50 5439531.386
28 51 6048734.85
28 52 4375397.604
28 53 2837934.889
28 54 5096659.604
28 55 3517300.672
28 56 5619525.839
28 57 6802123.075
28 58 2913960.578
28 59 3271034.064
28 60 4474511.712
28 61 3686187.374
28 62 1933601.253
28 63 5337523.546
28 64 4071271.805
28 65 8571645.058
28 66 7459310.711
28 67 4919425.71
28 68 4866545.424
28 69 4150816.267
28 70 1130202.727
28 71 4777305.383
28 72 7441738.767
28 73 5525787.751
28 74 3685302.341
28 75 4445019.806
28 76 3236128.644
28 77 7328385.546
28 78 4178938.836
28 79 2932641.099
28 80 4930664.931
28 81 7476143.476
28 82 3538778.195
28 83 4756001.498
28 84 5671511.269
28 85 4990354.36
28 86 4142252.458
28 87 2897737.171
28 88 4375318.476
28 89 2116597.313
28 90 2017650.965
28 91 2198047.025
28 92 7841517.184
28 93 6880926.645
28 94 4707417.885
28 95 1784961.051
28 96 2137347.655
28 97 3072331.951
28 98 5445835.704
28 99 2242562.815
29 30 11859113.38
29 31 8083559.67
29 32 4731032.772
29 33 10036599.89
29 34 2861869.251
29 35 10985251.07
29 36 8083734.415
29 37 2232723.397
29 38 6959460.3
29 39 2455107.991
29 40 8235774.629
29 41 6959613.699
29 42 7034847.509
29 43 9194201.596
29 44 7755645.953
29 45 5558516.778
29 46 4782042.151
29 47 2936887.01
29 48 2948314.001
29 49 10085206.94
29 50 6724485.09
29 51 4896992.02
29 52 11034628.89
29 53 7408024.291
29 54 11896216.8
29 55 3875341.933
29 56 4602671.846
29 57 930294.7064
29 58 9830464.485
29 59 5377988.693
29 60 11204947.68
29 61 4084358.695
29 62 6603959.625
29 63 1757355.116
29 64 4909375.993
29 65 2236631.076
29 66 1402688.616
29 67 5533593.042
29 68 2420348.156
29 69 7523573.063
29 70 7531772.063
29 71 6799920.128
29 72 6466280.998
29 73 1906121.932
29 74 3392554.222
29 75 3962351.957
29 76 3748626.048
29 77 8611681.945
29 78 10782831.33
29 79 4256943.144
29 80 8494134.882
29 81 9490295.715
29 82 8161793.874
29 83 9294969.943
29 84 4699624.218
29 85 4067374.253
29 86 6532499.041
29 87 4044154.695
29 88 3826881.941
29 89 8791003.489
29 90 4924294.233
29 91 5990946.259
29 92 8825407.694
29 93 1712798.746
29 94 3192651.16
29 95 5173121.383
29 96 5127506.046
29 97 8180109.428
29 98 9591454.56
29 99 9032648.644
30 31 3918872.668
30 32 9230214.247
30 33 2956236.481
30 34 10382262.5
30 35 937372.6933
30 36 5120397.243
30 37 9631539.136
30 38 4899777.484
30 39 9640315.785
30 40 3673139.767
30 41 6452726.987
30 42 4894899.166
30 43 5742720.485
30 44 5476981.382
30 45 6649069.914
30 46 7742766.747
30 47 9515472.66
30 48 9358545.751
30 49 9195757.48
30 50 9821948.419
30 51 9436054.453
30 52 853410.9287
30 53 6766239.575
30 54 311400.0233
30 55 8638160.328
30 56 9177698.935
30 57 11550709.19
30 58 2357486.193
30 59 8165254.502
30 60 655386.9789
30 61 8018993.687
30 62 5369051.101
30 63 10145943.55
30 64 9015306.163
30 65 13173740.8
30 66 12117922.49
30 67 9676105.741
30 68 9560593.435
30 69 5850348.943
30 70 4333437.798
30 71 9087327.879
30 72 10090079.12
30 73 10610082.94
30 74 8769902.586
30 75 8548029.761
30 76 8293646.835
30 77 8527343.719
30 78 1138563.875
30 79 8050808.814
30 80 5692590.839
30 81 8009259.954
30 82 4647736.387
30 83 4573114.693
30 84 9176908.762
30 85 8901781.604
30 86 6691715.069
30 87 7889004.983
30 88 9470144.828
30 89 3079400.807
30 90 7042373.069
30 91 6003957.934
30 92 9034123.632
30 93 11441191.82
30 94 9827235.966
30 95 6862553.807
30 96 7251133.354
30 97 4255583.786
30 98 5121191.007
30 99 3898794.865
31 32 6394174.685
31 33 3479343.353
31 34 6463395.846
31 35 3175596.926
31 36 3705081.294
31 37 5854112.475
31 38 1365745.389
31 39 6049496.34
31 40 407260.011
31 41 2905367.29
31 42 1822912.136
31 43 5210333.422
31 44 2181493.373
31 45 3528103.147
31 46 3827935.332
31 47 5607014.856
31 48 5880861.051
31 49 8558324.467
31 50 6351479.1
31 51 6673927.509
31 52 3183667.224
31 53 3468997.262
31 54 3895023.793
31 55 4719607.233
31 56 6288776.678
31 57 7888520.21
31 58 1747265.293
31 59 4362678.638
31 60 3273952.713
31 61 4578583.481
31 62 2245436.801
31 63 6435654.581
31 64 5191677.334
31 65 9620420.434
31 66 8520125.025
31 67 5968817.646
31 68 5919773.857
31 69 4094994.753
31 70 850628.1433
31 71 5649612.101
31 72 7875819.492
31 73 6718764.465
31 74 4876630.575
31 75 5271792.714
31 76 4416261.733
31 77 7343369.717
31 78 2999226.874
31 79 4134879.141
31 80 4668656.12
31 81 7320254.588
31 82 3184951.566
31 83 4214102.003
31 84 6324564.829
31 85 5763377.162
31 86 4381492.214
31 87 4048934.838
31 88 5563407.713
31 89 986027.1432
31 90 3177115.967
31 91 2754416.726
31 92 7874306.581
31 93 7906187.645
31 94 5908475.177
31 95 2968633.08
31 96 3334028.894
31 97 2632132.297
31 98 4943405.907
31 99 1613808.072
32 33 6651142.35
32 34 5895573.484
32 35 8293106.909
32 36 4339374.126
32 37 3697845.225
32 38 5032750.277
32 39 2663224.504
32 40 6299787.037
32 41 7166559.942
32 42 4642266.695
32 43 4911958.091
32 44 7410370.012
32 45 2867514.289
32 46 5467664.785
32 47 5052806.281
32 48 2134988.819
32 49 5363619.14
32 50 8990676.713
32 51 324206.0719
32 52 8384320.198
32 53 7890094.994
32 54 9379333.123
32 55 5238735.407
32 56 170933.8637
32 57 3887255.968
32 58 7896209.745
32 59 6671259.246
32 60 8641033.772
32 61 2355931.493
32 62 4172179.285
32 63 3423069.508
32 64 6835646.143
32 65 4705343.659
32 66 4004891.436
32 67 7870058.534
32 68 2891401.282
32 69 3608640.924
32 70 5562953.302
32 71 8667163.243
32 72 2095353.099
32 73 5148811.601
32 74 4612542.997
32 75 1587981.041
32 76 4387803.88
32 77 3880692.856
32 78 8094141.161
32 79 5014404.742
32 80 4340252.826
32 81 4780120.342
32 82 4676433.704
32 83 5410363.264
32 84 77709.34296
32 85 1011395.665
32 86 2604703.957
32 87 4098736.428
32 88 6075054.316
32 89 6598448.898
32 90 4483333.104
32 91 3642938.365
32 92 4108916.865
32 93 3273759.175
32 94 5722326.534
32 95 4773548.444
32 96 5379036.51
32 97 4984370.636
32 98 5457136.73
32 99 7907697.607
33 34 9202730.252
33 35 2150302.54
33 36 2330871.185
33 37 7911008.464
33 38 3572546.195
33 39 7634969.145
33 40 3073116.969
33 41 6368465.913
33 42 3174521.739
33 43 2795285.393
33 44 5647576.654
33 45 4492792.311
33 46 6801519.615
33 47 8217152.641
33 48 7243199.134
33 49 6298298.824
33 50 9784609.387
33 51 6809654.987
33 52 2274302.683
33 53 6948171.196
33 54 3207874.496
33 55 7517615.321
33 56 6630057.275
33 57 9551234.401
33 58 3221054.977
33 59 7622056.182
33 60 2578917.068
33 61 5968792.924
33 62 3508861.042
33 63 8279285.619
33 64 8389382.965
33 65 10987099.7
33 66 10014073.67
33 67 9281520.674
33 68 7624324.176
33 69 3079331.758
33 70 3246288.877
33 71 9099321.893
33 72 7240838.798
33 73 9161764.366
33 74 7425632.01
33 75 6304146.455
33 76 6917418.246
33 77 5571240.835
33 78 2022174.272
33 79 6913707.408
33 80 2754623.25
33 81 5085675.56
33 82 1989234.821
33 83 1616884.342
33 84 6609247.811
33 85 6527576.691
33 86 4046546.954
33 87 6433658.731
33 88 8507978.289
33 89 2567266.951
33 90 5743000.975
33 91 4075011.811
33 92 6079540.706
33 93 9287493.274
33 94 8691149.768
33 95 5685395.371
33 96 6315281.232
33 97 1856815.834
33 98 2201397.376
33 99 4581966.438
34 35 9610273.762
34 36 7754056.58
34 37 2200226.551
34 38 5693853.821
34 39 3270109.888
34 40 6729251.392
34 41 4565822.282
34 42 6028473.235
34 43 9191809.693
34 44 5503548.132
34 45 5204297.709
34 46 2656333.37
34 47 1022436.763
34 48 3765986.068
34 49 11019950.13
34 50 3869954.753
34 51 6172266.137
34 52 9630411.643
34 53 4852976.453
34 54 10351164.87
34 55 1745770.701
34 56 5728473.061
34 57 3438398.482
34 58 8126729.202
34 59 2758452.161
34 60 9736033.379
34 61 4062508.791
34 62 5732541.306
34 63 2641791.244
34 64 2123127.167
34 65 5092802.626
34 66 4137539.479
34 67 2672512.606
34 68 3018701.005
34 69 7413746.436
34 70 6166658.154
34 71 3945246.053
34 72 7957055.568
34 73 1001180.59
34 74 1799511.931
34 75 4485190.593
34 76 2302944.593
34 77 9477778.416
34 78 9422378.99
34 79 2343902.066
34 80 8442179.566
34 81 10151916.61
34 82 7632917.718
34 83 8918961.368
34 84 5833757.427
34 85 4928547.539
34 86 6632534.828
34 87 2803276.566
34 88 1098118.904
34 89 7350341.061
34 90 3468088.877
34 91 5261990.032
34 92 9825483.59
34 93 4085918.584
34 94 559824.9067
34 95 3572778.364
34 96 3136810.34
34 97 7450945.707
34 98 9405206.283
34 99 6998522.307
35 36 4211969.822
35 37 8764095.189
35 38 4036469.546
35 39 8737062.954
35 40 2881618.566
35 41 5885778.289
35 42 3986654.152
35 43 4941753.291
35 44 4956798.83
35 45 5721922.076
35 46 6995288.774
35 47 8715711.319
35 48 8443435.477
35 49 8446452.267
35 50 9314853.936
35 51 8499951.033
35 52 125276.0818
35 53 6280459.981
35 54 1111705.31
35 55 7864693.299
35 56 8240338.676
35 57 10653172.5
35 58 1864675.383
35 59 7510480.66
35 60 428730.755
35 61 7105538.376
35 62 4454812.609
35 63 9260834.986
35 64 8350566.192
35 65 12258677.41
35 66 11209772.8
35 67 9073533.442
35 68 8664875.417
35 69 4934050.425
35 70 3488265.089
35 71 8586650.578
35 72 9177777.257
35 73 9790145.248
35 74 7956656.925
35 75 7620813.381
35 76 7471132.465
35 77 7696885.02
35 78 205265.2555
35 79 7268552.709
35 80 4831046.506
35 81 7235970.538
35 82 3726291.694
35 83 3751110.943
35 84 8239676.645
35 85 7968017.015
35 86 5759445.32
35 87 7050143.846
35 88 8735447.372
35 89 2261044.824
35 90 6220045.378
35 91 5089836.47
35 92 8212137.17
35 93 10526852.79
35 94 9060121.152
35 95 6058837.32
35 96 6498349.449
35 97 3321346.282
35 98 4350321.132
35 99 3477730.72
36 37 6108858.47
36 38 2904604.966
36 39 5631528.997
36 40 3374531.293
36 41 6095038.354
36 42 2247812.318
36 43 1620264.243
36 44 5704114.143
36 45 2600579.464
36 46 5744346.577
36 47 6732449.671
36 48 5176479.205
36 49 4858109.167
36 50 9205809.729
36 51 4485439.145
36 52 4321721.036
36 53 6805802.622
36 54 5323465.798
36 55 6233217.876
36 56 4328899.499
36 57 7495242.998
36 58 4475348.414
36 59 6810443.739
36 60 4611562.666
36 61 4020707.404
36 62 2240540.593
36 63 6350742.9
36 64 7439800.191
36 65 8802886.208
36 66 7886778.944
36 67 8451956.443
36 68 5671891.473
36 69 748973.9691
36 70 2994467.076
36 71 8607381.337
36 72 4969792.082
36 73 7507491.631
36 74 5961093.114
36 75 4183425.106
36 76 5470630.827
36 77 3730918.553
36 78 4032570.874
36 79 5674219.328
36 80 972301.5668
36 81 3616039.81
36 82 556970.6578
36 83 1212979.083
36 84 4301366.981
36 85 4313094.302
36 86 1742258.426
36 87 4966998.634
36 88 7275674.121
36 89 3269434.295
36 90 4509822.363
36 91 2528927.586
36 92 4266432.857
36 93 7143757.588
36 94 7306451.363
36 95 4575435.44
36 96 5326240.336
36 97 1121834.459
36 98 1659596.615
36 99 5261882.419
37 38 4732140.926
37 39 1083599.847
37 40 6003051.294
37 41 4986011.109
37 42 4839664.286
37 43 7388397.136
37 44 5679216.386
37 45 3514144.667
37 46 2803587.8
37 47 1464352.386
37 48 1565840.306
37 49 8894695.619
37 50 5646698.773
37 51 3972201.27
37 52 8810957.516
37 53 5537794.339
37 54 9665193.475
37 55 2067637.842
37 56 3531691.458
37 57 2137191.778
37 58 7601362.105
37 59 3701982.529
37 60 8976869.356
37 61 2121148.414
37 62 4428781.48
37 63 712537.0784
37 64 3530926.789
37 65 3968783.623
37 66 2851138.169
37 67 4449550.792
37 68 822338.7956
37 69 5638388.277
37 70 5301207.621
37 71 5496159.825
37 72 5757271.242
37 73 1513435.394
37 74 1423914.706
37 75 2353530.213
37 76 1621723.678
37 77 7357703.423
37 78 8562543.568
37 79 2242020.996
37 80 6653672.607
37 81 8092933.105
37 82 6110985.494
37 83 7317662.439
37 84 3637227.946
37 85 2745336.035
37 86 4735484.446
37 87 1833612.248
37 88 2565195.547
37 89 6560155.175
37 90 2711663.337
37 91 3837066.32
37 92 7679080.922
37 93 2445823.065
37 94 2091380.64
37 95 2976754.753
37 96 3051385.998
37 97 6064804.967
37 98 7700308.313
37 99 6858204.363
38 39 4793857.502
38 40 1347666.94
38 41 3190738.319
38 42 665862.3549
38 43 4518088.705
38 44 2864049.118
38 45 2165301.243
38 46 3229050.415
38 47 4745081.671
38 48 4578645.526
38 49 7612789.158
38 50 6395247.006
38 51 5316026.083
38 52 4080194.067
38 53 3903172.967
38 54 4940882.683
38 55 3974612.625
38 56 4925154.796
38 57 6678409.586
38 58 3005276.721
38 59 4099610.547
38 60 4245488.669
38 61 3254439.855
38 62 938618.5768
38 63 5254185.869
38 64 4834501.701
38 65 8361515.648
38 66 7277571.224
38 67 5767003.95
38 68 4690257.786
38 69 3088278.666
38 70 591189.5273
38 71 5761012.808
38 72 6573987.465
38 73 5778667.99
38 74 3965747.182
38 75 3919997.47
38 76 3467182.852
38 77 6288515.248
38 78 3836556.886
38 79 3367743.869
38 80 3864005.158
38 81 6410885.994
38 82 2494902.462
38 83 3747851.952
38 84 4962512.323
38 85 4400824.89
38 86 3157104.552
38 87 3024603.883
38 88 4943775.194
38 89 1839579.849
38 90 2232146.31
38 91 1390264.255
38 92 6806915.624
38 93 6634662.146
38 94 5164082.389
38 95 2130956.158
38 96 2743400.675
38 97 2066408.123
38 98 4417832.069
38 99 2899455.262
39 40 6128725.897
39 41 5676603.865
39 42 4750593.15
39 43 6754621.63
39 44 6245392.776
39 45 3142197.85
39 46 3578564.847
39 47 2535057.002
39 48 552759.4851
39 49 7953024.99
39 50 6686755.935
39 51 2921030.778
39 52 8797881.358
39 53 6296033.569
39 54 9708415.576
39 55 3004476.823
39 56 2502378.64
39 57 1926177.989
39 58 7776141.757
39 59 4616567.982
39 60 8993647.943
39 61 1667759.591
39 62 4289459.912
39 63 799482.8465
39 64 4545913.343
39 65 3572174.63
39 66 2484199.734
39 67 5501266.527
39 68 272170.4226
39 69 5069443.875
39 70 5383994.531
39 71 6493118.216
39 72 4693080.231
39 73 2485631.726
39 74 2332810.879
39 75 1531093.037
39 76 2344921.063
39 77 6429394.407
39 78 8532233.503
39 79 3025892.233
39 80 6046503.947
39 81 7224532.497
39 82 5727292.739
39 83 6841687.391
39 84 2608115.076
39 85 1773645.983
39 86 4086637.79
39 87 2338847.169
39 88 3625976.055
39 89 6627383.511
39 90 3121440.114
39 91 3657907.344
39 92 6717595.425
39 93 1860230.417
39 94 3173599.258
39 95 3425166.354
39 96 3712042.707
39 97 5780247.696
39 98 7138753.843
39 99 7243484.369
40 41 3304752.493
40 42 1665479.945
40 43 4847699.172
40 44 2587821.415
40 45 3451665.731
40 46 4117573.517
40 47 5844967.313
40 48 5925145.878
40 49 8232639.895
40 50 6744875.082
40 51 6569044.468
40 52 2901505.993
40 53 3875745.492
40 54 3676773.409
40 55 4983524.065
40 56 6203083.828
40 57 7997390.47
40 58 1657613.554
40 59 4715689.015
40 60 3020163.582
40 61 4602086.41
40 62 2127608.089
40 63 6558017.571
40 64 5535021.922
40 65 9699727.127
40 66 8609895.108
40 67 6336815.721
40 68 6015067.463
40 69 3808737.889
40 70 760997.3672
40 71 6046604.961
40 72 7698401.304
40 73 6937154.651
40 74 5096763.539
40 75 5258534.591
40 76 4621872.583
40 77 7050714.859
40 78 2696129.361
40 79 4388957.446
40 80 4328946.897
40 81 6989407.105
40 82 2841723.603
40 83 3828466.931
40 84 6232482.792
40 85 5722946.388
40 86 4172721.639
40 87 4227195.112
40 88 5860430.655
40 89 630859.4787
40 90 3371644.187
40 91 2691466.167
40 92 7583958.452
40 93 7975737.221
40 94 6178576.566
40 95 3189940.784
40 96 3619528.924
40 97 2279987.415
40 98 4560328.997
40 99 1891311.013
41 42 3849092.718
41 43 7708420.516
41 44 1015676.253
41 45 4649539.656
41 46 2193857.948
41 47 4048834.96
41 48 5781288.31
41 49 10718465.81
41 50 3455606.466
41 51 7488316.002
41 52 5862426.534
41 53 752581.3861
41 54 6337960.802
41 55 3087002.578
41 56 7015310.217
41 57 7105054.337
41 58 4096392.555
41 59 1878822.087
41 60 5868588.021
41 61 4848134.142
41 62 3963348.077
41 63 5693171.129
41 64 2713102.295
41 65 8942752.973
41 66 7831582.291
41 67 3230504.518
41 68 5447522.151
41 69 6224795.414
41 70 3226052.498
41 71 2745782.652
41 72 9077864.052
41 73 5191049.421
41 74 3602610.819
41 75 5655730.552
41 76 3377959.082
41 77 9319130.842
41 78 5739175.916
41 79 2747910.259
41 80 7050803.251
41 81 9547639.855
41 82 5675521.496
41 83 6886924.233
41 84 7088917.149
41 85 6255313.066
41 86 6066884.801
41 87 3345552.641
41 88 3484289.618
41 89 3878329.859
41 90 2706038.853
41 91 4040256.87
41 92 9815630.2
41 93 7410413.535
41 94 4030980.602
41 95 2402951.227
41 96 1965132.992
41 97 5206130.728
41 98 7581659.302
41 99 2638467.84
42 43 3865680.999
42 44 3523488.469
42 45 1824520.247
42 46 3696914.636
42 47 5043753.421
42 48 4465271.128
42 49 6951351.189
42 50 7000159.306
42 51 4907041.102
42 52 4049044.048
42 53 4566389.741
42 54 4977229.326
42 55 4354790.709
42 56 4550476.101
42 57 6668922.932
42 58 3260146.43
42 59 4656317.036
42 60 4253101.35
42 61 3125025.766
42 62 488086.5373
42 63 5293434.354
42 64 5352367.7
42 65 8279636.81
42 66 7224015.132
42 67 6319518.715
42 68 4683341.489
42 69 2426474.082
42 70 973438.6743
42 71 6381674.22
42 72 6053856.971
42 73 6010764.151
42 74 4252680.373
42 75 3695202.35
42 76 3744758.664
42 77 5641322.667
42 78 3781744.223
42 79 3755076.04
42 80 3202004.571
42 81 5746363.942
42 82 1865431.751
42 83 3148453.11
42 84 4576215.484
42 85 4114907.892
42 86 2567618.947
42 87 3265843.897
42 88 5362122.774
42 89 1980697.901
42 90 2575202.515
42 91 1114262.69
42 92 6163083.359
42 93 6546920.268
42 94 5519845.054
42 95 2544548.059
42 96 3232938.06
42 97 1495437.307
42 98 3795483.355
42 99 3425986.572
43 44 7280901.466
43 45 3987892.203
43 46 7320577.723
43 47 8170867.202
43 48 6245915.458
43 49 3545961.472
43 50 10819527.94
43 51 4956269.834
43 52 5064787.561
43 53 8412859.935
43 54 6001207.798
43 55 7750295.642
43 56 4956819.827
43 57 8506102.324
43 58 5685618.536
43 59 8412533.677
43 60 5369506.595
43 61 5267288.378
43 62 3850711.136
43 63 7523705.079
43 64 9019261.082
43 65 9595695.925
43 66 8792545.424
43 67 10043621.34
43 68 6843744.474
43 69 1778067.935
43 70 4563474.715
43 71 10225982.73
43 72 4843199.248
43 73 8849652.757
43 74 7422012.707
43 75 5232201.266
43 76 6948544.256
43 77 2803257.412
43 78 4803123.188
43 79 7212231.573
43 80 750298.1416
43 81 2308367.975
43 82 2050501.532
43 83 1200247.003
43 84 4897946.94
43 85 5195784.59
43 86 2670383.473
43 87 6449543.394
43 88 8793993.287
43 89 4622010.21
43 90 6070143.188
43 91 4076322.345
43 92 3296876.091
43 93 8041758.749
43 94 8775146.684
43 95 6158205.208
43 96 6917832.418
43 97 2580859.883
43 98 675441.8526
43 99 6697317.74
44 45 4694883.973
44 46 2983382.123
44 47 4900879.356
44 48 6270625.839
44 49 10474815.89
44 50 4359830.423
44 51 7724036.001
44 52 4924377.856
44 53 1333789.851
44 54 5349628.906
44 55 3927586.914
44 56 7271369.771
44 57 7816204.153
44 58 3130302.898
44 59 2878316.423
44 60 4909960.874
44 61 5189088.16
44 62 3756197.812
44 63 6368602.73
44 64 3721602.052
44 65 9646552.123
44 66 8526792.829
44 67 4234061.295
44 68 6039547.016
44 69 5949962.319
44 70 2717446.197
44 71 3630095.842
44 72 9202466.92
44 73 6058558.145
44 74 4364075.008
44 75 5989325.942
44 76 4058713.067
44 77 9147703.488
44 78 4822066.862
44 79 3498839.04
44 80 6675762.535
44 81 9266152.922
44 82 5230561.892
44 83 6355042.669
44 84 7333881.54
44 85 6570937.66
44 86 5963306.717
44 87 3918127.488
44 88 4441302.41
44 89 3092230.464
44 90 3139464.477
44 91 3990615.183
44 92 9662642.163
44 93 8047679.883
44 94 4956546.123
44 95 2829424.673
44 96 2636443.39
44 97 4712591.07
44 98 7074481.494
44 99 1626020.494
45 46 3537445.898
45 47 4183037.766
45 48 2765438.056
45 49 6270943.28
45 50 7191176.144
45 51 3153136.876
45 52 5796194.112
45 53 5401166.916
45 54 6754949.91
45 55 3808531.912
45 56 2760690.796
45 57 5060293.132
45 58 5078518.912
45 59 4734053.349
45 60 6021519.3
45 61 1477470.823
45 62 1338299.039
45 63 3805021.783
45 64 5204677.356
45 65 6561003.008
45 66 5547166.737
45 67 6264377.989
45 68 3139257.613
45 69 2209935.598
45 70 2704005.435
45 71 6699284.932
45 72 4510523.762
45 73 4909276.408
45 74 3437752.889
45 75 1899019.412
45 76 2974667.325
45 77 4785457.685
45 78 5517049.837
45 79 3315261.662
45 80 3238011.329
45 81 5211429.775
45 82 2608650.576
45 83 3805249.918
45 84 2797212.287
45 85 2290744.404
45 86 1557120.579
45 87 2483733.978
45 88 4845002.223
45 89 3805206.266
45 90 2286376.197
45 91 775524.2692
45 92 5249604.899
45 93 4837568.919
45 94 4790820.731
45 95 2476125.519
45 96 3234037.796
45 97 2638939.496
45 98 4222506.875
45 99 5047035.031
46 47 1926393.561
46 48 3771636.277
46 49 9800977.47
46 50 3667482.69
46 51 5790448.425
46 52 7008664.008
46 53 2738215.425
46 54 7702923.593
46 55 957158.6521
46 56 5302516.138
46 57 4912605.444
46 58 5471398.268
46 59 1228390.803
46 60 7100982.454
46 61 3123533.426
46 62 3529167.835
46 63 3514670.489
46 64 1698813.439
46 65 6750223.271
46 66 5641233.565
46 67 2738661.537
46 68 3331295.635
46 69 5603108.659
46 70 3623769.222
46 71 3236190.503
46 72 7513309.244
46 73 3086865.58
46 74 1408779.71
46 75 3883023.793
46 76 1234016.885
46 77 8297901.95
46 78 6812627.997
46 79 562989.1051
46 80 6585291.429
46 81 8747530.304
46 82 5491224.316
46 83 6800159.251
46 84 5391243.606
46 85 4479704.41
46 86 5094326.025
46 87 1373901.131
46 88 1744376.588
46 89 4746114.88
46 90 1264020.844
46 91 3248007.011
46 92 8740422.119
46 93 5242643.833
46 94 2096832.581
46 95 1171029.275
46 96 499202.3966
46 97 5188988.558
46 98 7389508.244
46 99 4378429.972
47 48 2966391.99
47 49 10067162.57
47 50 4193563.269
47 51 5345753.661
47 52 8742577.893
47 53 4471872.305
47 54 9501760.927
47 55 973354.9745
47 56 4882809.845
47 57 3246229.847
47 58 7310253.025
47 59 2454465.347
47 60 8864144.902
47 61 3081357.904
47 62 4730744.367
47 63 2084049.924
47 64 2118086.15
47 65 5046191.102
47 66 3984181.166
47 67 2990144.3
47 68 2265434.11
47 69 6392820.433
47 70 5243303.448
47 71 4086781.595
47 72 7140247.483
47 73 1160473.854
47 74 791859.6111
47 75 3570233.369
47 76 1300150.935
47 77 8524881.115
47 78 8523611.718
47 79 1485278.403
47 80 7421048.389
47 81 9170191.997
47 82 6617384.082
47 83 7900053.253
47 84 4986350.1
47 85 4058534.411
47 86 5623411.425
47 87 1793074.538
47 88 1103762.712
47 89 6455752.577
47 90 2513368.236
47 91 4246524.085
47 92 8889659.821
47 93 3749110.517
47 94 674001.5554
47 95 2656963.383
47 96 2351352.549
47 97 6447576.746
47 98 8382954.539
47 99 6296976.346
48 49 7401879.757
48 50 7049870.843
48 51 2406365.255
48 52 8510134.186
48 53 6436361.871
48 54 9441847.71
48 55 3313789.541
48 56 1970576.491
48 57 2321117.89
48 58 7581735.583
48 59 4881079.639
48 60 8718299.201
48 61 1340436.075
48 62 3989639.322
48 63 1350821.937
48 64 4893378.818
48 65 3815393.567
48 66 2782118.977
48 67 5883740.194
48 68 757308.5147
48 69 4586989.183
48 70 5169293.675
48 71 6810944.394
48 72 4192891.75
48 73 3021344.462
48 74 2648477.513
48 75 1014278.801
48 76 2561230.447
48 77 5877120.92
48 78 8238180.474
48 79 3241495.873
48 80 5547461.741
48 81 6672874.078
48 82 5305853.182
48 83 6380731.555
48 84 2076354.995
48 85 1221694.156
48 86 3585755.324
48 87 2446035.281
48 88 4031873.922
48 89 6390908.273
48 90 3132186.566
48 91 3354622.911
48 92 6168396.625
48 93 2083475.693
48 94 3624637.523
48 95 3443306.338
48 96 3835527.387
48 97 5397341.207
48 98 6649480.204
48 99 7159887.676
49 50 13461574.2
49 51 5188878.202
49 52 8571004.72
49 53 11460924.63
49 54 9470868.521
49 55 9949464.51
49 56 5503381.918
49 57 9215162.647
49 58 9214803.784
49 59 11004764.78
49 60 8875147.985
49 61 6993960.16
49 62 6761295.997
49 63 8742397.299
49 64 11440599.83
49 65 9671218.499
49 66 9217654.81
49 67 12506877.23
49 68 8145596.946
49 69 4524906.043
49 70 7812340.228
49 71 12964235.3
49 72 3860601.843
49 73 10400338.77
49 74 9447327.256
49 75 6546109.01
49 76 9067594.389
49 77 1542509.257
49 78 8319989.41
49 79 9527842.626
49 80 3914643.926
49 81 1251854.287
49 82 5396972.639
49 83 4742592.617
49 84 5402001.059
49 85 6180330.835
49 86 4724588.6
49 87 8627159.667
49 88 10938571.86
49 89 8093476.565
49 90 8557063.132
49 91 6719704.128
49 92 1261728.462
49 93 8536198.869
49 94 10734540.21
49 95 8740437.9
49 96 9503575.06
49 97 5965158.653
49 98 4096904.924
49 99 10118981.74
50 51 9305764.442
50 52 9283960.75
50 53 3056257.445
50 54 9677495.915
50 55 3756990.467
50 56 8820821.912
50 57 7290818.497
50 58 7487254.697
50 59 2457291.261
50 60 9267209.589
50 61 6712005.6
50 62 6968830.604
50 63 6275284.917
50 64 2160418.357
50 65 8959707.531
50 66 8001834.691
50 67 1213232.123
50 68 6414614.484
50 69 9170886.613
50 70 6569150.936
50 71 735882.7046
50 72 11075573.45
50 73 4862130.652
50 74 4406767.061
50 75 7410644.14
50 76 4605236.153
50 77 11963965.12
50 78 9176159.058
50 79 4013923.341
50 80 10108440.11
50 81 12387903.7
50 82 8865140.448
50 83 10140990.03
50 84 8917108.476
50 85 7980671.812
50 86 8743781.098
50 87 4946555.099
50 88 3091489.131
50 89 7330420.094
50 90 4904800.453
50 91 6818330.901
50 92 12407899.52
50 93 7889963.481
50 94 3655549.892
50 95 4735601.529
50 96 3965805.815
50 97 8461652.701
50 98 10795272.65
50 99 5927271.464
51 52 8593653.411
51 53 8212799.905
51 54 9592311.961
51 55 5551843.723
51 56 488178.4983
51 57 4029430.825
51 58 8153160.601
51 59 6992563.271
51 60 8854943.469
51 61 2680075.632
51 62 4442635.975
51 63 3662802.094
51 64 7149330.326
51 65 4726073.62
51 66 4091499.67
51 67 8180600.841
51 68 3158435.993
51 69 3744725.293
51 70 5838054.561
51 71 8987018.022
51 72 1794628.784
51 73 5404067.962
51 74 4921362.777
51 75 1909117.148
51 76 4704829.515
51 77 3735577.022
51 78 8302589.176
51 79 5334708.769
51 80 4419154.397
51 81 4670900.289
51 82 4849148.206
51 83 5519930.579
51 84 401691.1795
51 85 1325214.758
51 86 2770088.9
51 87 4420741.126
51 88 6377137.411
51 89 6851368.454
51 90 4806922.195
51 91 3928324.293
51 92 3928522.775
51 93 3377458.136
51 94 6013071.292
51 95 5096568.149
51 96 5703237.395
51 97 5182495.431
51 98 5524873.851
51 99 8198945.09
52 53 6244175.351
52 54 1005758.181
52 55 7884641.212
52 56 8329857.763
52 57 10711627.72
52 58 1815499.801
52 59 7504520.257
52 60 304755.2504
52 61 7171234.665
52 62 4520551.558
52 63 9314149.629
52 64 8346990.087
52 65 12325523.64
52 66 11273058.68
52 67 9058609.085
52 68 8722380.525
52 69 5041026.224
52 70 3525304.683
52 71 8554384.686
52 72 9285306.613
52 73 9822686.884
52 74 7986902.795
52 75 7695201.425
52 76 7503800.141
52 77 7817503.594
52 78 292175.5504
52 79 7290437.46
52 80 4949169.104
52 81 7359879.186
52 82 3831756.048
52 83 3873274.806
52 84 8330307.747
52 85 8048578.282
52 86 5857928.715
52 87 7087444.973
52 88 8746669.752
52 89 2287095.118
52 90 6252165.545
52 91 5155634.529
52 92 8333349.4
52 93 10593245.43
52 94 9078934.6
52 95 6085712.859
52 96 6512685.105
52 97 3418670.746
52 98 4474699.982
52 99 3426605.361
53 54 6621591.399
53 55 3546891.299
53 56 7736650.427
53 57 7625637.383
53 58 4438480.578
53 59 2094556.596
53 60 6217186.227
53 61 5557895.719
53 62 4701455.315
53 63 6249967.229
53 64 2830532.06
53 65 9459527.933
53 66 8359877.685
53 67 3095906.217
53 68 6056687.739
53 69 6958924.685
53 70 3888120.441
53 71 2321173.957
53 72 9818410.257
53 73 5576909.027
53 74 4124445.656
53 75 6363288.521
53 76 3963455.767
53 77 10067884.14
53 78 6149854.818
53 79 3301167.951
53 80 7767175.699
53 81 10284349.17
53 82 6370919.549
53 83 7557111.679
53 84 7812392.937
53 85 6965083.291
53 86 6817954.989
53 87 3990487.31
53 88 3754868.225
53 89 4409350.114
53 90 3412874.404
53 91 4791826.65
53 92 10565753.4
53 93 7980120.791
53 94 4350149.698
53 95 3117126.106
53 96 2600859.225
53 97 5885095.215
53 98 8261774.518
53 99 2871203.668
54 55 8610501.648
54 56 9322025.256
54 57 11610933.62
54 58 2262041.083
54 59 8080675.579
54 60 738717.7135
54 61 8101413.886
54 62 5457291.787
54 63 10194709.31
54 64 8933333.681
54 65 13254608.12
54 66 12190112.6
54 67 9567070.903
54 68 9620500.824
54 69 6045539.823
54 70 4364475.009
54 71 8941926.396
54 72 10289431.13
54 73 10607788.97
54 74 8765717.175
54 75 8651912.667
54 76 8296264.908
54 77 8776788.499
54 78 1297753.647
54 79 8029255.837
54 80 5926769.844
54 81 8277591.134
54 82 4837050.744
54 83 4823064.264
54 84 9324382.133
54 85 9021646.178
54 86 6861911.496
54 87 7903464.857
54 88 9420413.431
54 89 3105214.181
54 90 7047495.481
54 91 6090518.034
54 92 9287044.164
54 93 11521923.26
54 94 9794153.984
54 95 6856458.827
54 96 7215291.272
54 97 4422291.893
54 98 5387922.194
54 99 3750401.922
55 56 5068409.476
55 57 4089024.939
55 58 6395515.342
55 59 1634426.353
55 60 7991158.356
55 61 3012418.938
55 62 4104589.5
55 63 2771281.969
55 64 1597803.012
55 65 5917589.573
55 66 4826512.099
55 67 2636987.411
55 68 2737180.933
55 69 5987364.85
55 70 4429802.555
55 71 3498267.525
55 72 7328984.672
55 73 2132639.057
55 74 671849.4667
55 75 3666892.945
55 76 886506.0308
55 77 8418465.919
55 78 7677128.666
55 79 606917.121
55 80 7002413.803
55 81 8969149.141
55 82 6049941.655
55 83 7354506.301
55 84 5165939.679
55 85 4227617.114
55 86 5336554.052
55 87 1332926.626
55 88 1043960.038
55 89 5605113.943
55 90 1780358.294
55 91 3704915.59
55 92 8824790.024
55 93 4500340.537
55 94 1197400.886
55 95 1844015.535
55 96 1406943.2
55 97 5814688.202
55 98 7892717.341
55 99 5334881.468
56 57 3770246.968
56 58 7808331.47
56 59 6504407.587
56 60 8583398.786
56 61 2195065.595
56 62 4076332.553
56 63 3267488.227
56 64 6665452.051
56 65 4644183.877
56 66 3913111.097
56 67 7699399.292
56 68 2727572.098
56 69 3605943.426
56 70 5461939.233
56 71 8499244.318
56 72 2266286.951
56 73 4987421.097
56 74 4441708.426
56 75 1420944.127
56 76 4218484.155
56 77 4011253.393
56 78 8040408.641
56 79 4846757.579
56 80 4367979.27
56 81 4895645.929
56 82 4648965.787
56 83 5419312.276
56 84 105817.6209
56 85 840856.1596
56 86 2588218.973
56 87 3932585.809
56 88 5904188.598
56 89 6514253.348
56 90 4327613.992
56 91 3534914.523
56 92 4251621.618
56 93 3175731.535
56 94 5552605.875
56 95 4619599.266
56 96 5218642.556
56 97 4940084.377
56 98 5488938.595
56 99 7791709.576
57 58 9629790.685
57 59 5686271.687
57 60 10901582.23
57 61 3591421.634
57 62 6212230.808
57 63 1467791.378
57 64 5338024.879
57 65 1837701.847
57 66 739103.6472
57 67 6081015.942
57 68 1990513.471
57 69 6890996.192
57 70 7264753.762
57 71 7285981.351
57 72 5553223.747
57 73 2437315.078
57 74 3506394.83
57 75 3315416.683
57 76 3757808.365
57 77 7760936.655
57 78 10448659.17
57 79 4357410.001
57 80 7828274.703
57 81 8665566.571
57 82 7625016.035
57 83 8696475.166
57 84 3862610.376
57 85 3319514.357
57 86 5873015.285
57 87 3947624.147
57 88 4266567.687
57 89 8517537.162
57 90 4812844.876
57 91 5582198.885
57 92 7953659.778
57 93 785915.5118
57 94 3654371.706
57 95 5091986.425
57 96 5185726.071
57 97 7699162.567
57 98 8941314.219
57 99 8973650.296
58 59 5818789.585
58 60 1780002.027
58 61 6259698.702
58 62 3741564.202
58 63 8180256.428
58 64 6671305.959
58 65 11348277.27
58 66 10253517.44
58 67 7318627.338
58 68 7654839.361
58 69 5062613.553
58 70 2417373.878
58 71 6755010.636
58 72 9166632.802
58 73 8437450.487
58 74 6598482.184
58 75 6910184.626
58 76 6148985.587
58 77 8201059.292
58 78 1762173.164
58 79 5827623.362
58 80 5333546.874
58 81 7964435.605
58 82 3919163.608
58 83 4519875.364
58 84 7831480.955
58 85 7362546.309
58 86 5619123.133
58 87 5793132.311
58 88 7173990.407
58 89 1308277.841
58 90 4918158.632
58 91 4331684.565
58 92 8735781.652
58 93 9627366.758
58 94 7567741.328
58 95 4697991.729
58 96 4991437.366
58 97 3367976.152
58 98 5234346.832
58 99 1613066.742
59 60 7550673.559
59 61 4339843.774
59 62 4570583.612
59 63 4403841.706
59 64 854710.0975
59 65 7498414.017
59 66 6425375.333
59 67 1667393.98
59 68 4353604.416
59 69 6734410.934
59 70 4377181.986
59 71 2008846.939
59 72 8729549.408
59 73 3510047.695
59 74 2294121.779
59 75 5083482.141
59 76 2325460.215
59 77 9510091.003
59 78 7344508.152
59 79 1662243.011
59 80 7690214.838
59 81 9932176.528
59 82 6505948.045
59 83 7802820.154
59 84 6595474.024
59 85 5673999.321
59 86 6286540.474
59 87 2573881.628
59 88 1660378.7
59 89 5340127.949
59 90 2447719.606
59 91 4375763.481
59 92 9958459.365
59 93 6129204.687
59 94 2260512.316
59 95 2283488.767
59 96 1512423.13
59 97 6145437.61
59 98 8429310.231
59 99 4473027.495
60 61 7378122.954
60 62 4730432.478
60 63 9493718.614
60 64 8397999.627
60 65 12532681.29
60 66 11473042.23
60 67 9081583.806
60 68 8911193.792
60 69 5326342.45
60 70 3678163.452
60 71 8534774.87
60 72 9570703.771
60 73 9956362.978
60 74 8116683.134
60 75 7919449.399
60 76 7639432.785
60 77 8120789.996
60 78 580948.7186
60 79 7401971.792
60 80 5250067.206
60 81 7664545.747
60 82 4115263.507
60 83 4177697.712
60 84 8585944.591
60 85 8284931.73
60 86 6128723.517
60 87 7233765.503
60 88 8832284.962
60 89 2424099.84
60 90 6387989.794
60 91 5364678.018
60 92 8637110.631
60 93 10799940.56
60 94 9181879.077
60 95 6210054.987
60 96 6607867.84
60 97 3689252.019
60 98 4779051.887
60 99 3369462.65
61 62 2650823.072
61 63 2335793.795
61 64 4582048.766
61 65 5154792.877
61 66 4108025.55
61 67 5640282.965
61 68 1664020.042
61 69 3520468.269
61 70 3843161.112
61 71 6345653.401
61 72 4390285.38
61 73 3596491.627
61 74 2461005.43
61 75 808161.6832
61 76 2128577.809
61 77 5453238.917
61 78 6900317.616
61 79 2701223.964
61 80 4532949.43
61 81 6090961.613
61 82 4077503.662
61 83 5233572.573
61 84 2278668.442
61 85 1407504.785
61 86 2620508.769
61 87 1770413.772
61 88 3958491.045
61 89 5054954.587
61 90 2145144.186
61 91 2015737.639
61 92 5835994.289
61 93 3422198.19
61 94 3743698.958
61 95 2445206.733
61 96 3023578.058
61 97 4113235.618
61 98 5587228.308
61 99 5925539.222
62 63 4854876.881
62 64 5215719.931
62 65 7805001.728
62 66 6755875.162
62 67 6216676.037
62 68 4232464.031
62 69 2263771.756
62 70 1399489.639
62 71 6381113.754
62 72 5643807.307
62 73 5653087.569
62 74 3939492.698
62 75 3207849.515
62 76 3432052.41
62 77 5396769.445
62 78 4249612.227
62 79 3518412.169
62 80 3144888.934
62 81 5584292.763
62 82 1962981.437
62 83 3272593.507
62 84 4104946.273
62 85 3627821.483
62 86 2223381.165
62 87 2938792.86
62 88 5132531.737
62 89 2467828.922
62 90 2333420.046
62 91 635098.2398
62 92 5908361.233
62 93 6072695.671
62 94 5241570.725
62 95 2358524.915
62 96 3094750.388
62 97 1718503.435
62 98 3866055.922
62 99 3822699.159
63 64 4191284.351
63 65 3280192.464
63 66 2159321.245
63 67 5067890.958
63 68 681916.9637
63 69 5817013.531
63 70 5835440.748
63 71 6161182.79
63 72 5405902.672
63 73 1763414.003
63 74 2135250.02
63 75 2320217.919
63 76 2320238.474
63 77 7222562.905
63 78 9057383.761
63 79 2952488.213
63 80 6807505.32
63 81 8023633.43
63 82 6411540.083
63 83 7563578.213
63 84 3372554.891
63 85 2567876.471
63 86 4853332.929
63 87 2481506.632
63 88 3183811.183
63 89 7092936.511
63 90 3345053.783
63 91 4237597.702
63 92 7502530.659
63 93 1733745.589
63 94 2650821.837
63 95 3625032.554
63 96 3749992.13
63 97 6422866.866
63 98 7888800.813
63 99 7506013.408
64 65 7099879.854
64 66 6070607.242
64 67 1067263.211
64 68 4274391.02
64 69 7299719.035
64 70 5155845.883
64 71 1970124.779
64 72 8924285.724
64 73 3004022.608
64 74 2247193.539
64 75 5260219.156
64 76 2459110.066
64 77 9922628.5
64 78 8182105.024
64 79 1915046.743
64 80 8284064.077
64 81 10413995.77
64 82 7173454.439
64 83 8480001.424
64 84 6762593.15
64 85 5824783.183
64 86 6759990.956
64 87 2835682.201
64 88 1083128.236
64 89 6162798.561
64 90 2957635.171
64 91 4946547.494
64 92 10347443.54
64 93 5866615.761
64 94 1716725.594
64 95 2864405.018
64 96 2123729.749
64 97 6847782.047
64 98 9080693.374
64 99 5324307.402
65 66 1121076.701
65 67 7765259.055
65 68 3706501.486
65 69 8132502.505
65 70 8952369.204
65 71 9017814.727
65 72 5821627.568
65 73 4117184.34
65 74 5343490.88
65 75 4687833.283
65 76 5590503.951
65 77 8350100.375
65 78 12053416.6
65 79 6195059.87
65 80 8980975.53
65 81 9343807.143
65 82 9013312.983
65 83 9965170.929
65 84 4710251.714
65 85 4490015.722
65 86 7091594.451
65 87 5757362.793
65 88 6018124.005
65 89 10189546.58
65 90 6609514.799
65 91 7169952.904
65 92 8430697.036
65 93 1732754.972
65 94 5389914.808
65 95 6896861.984
65 96 7019950.215
65 97 9164814.264
65 98 10106205.22
65 99 10769018.77
66 67 6795060.864
66 68 2600495.969
66 69 7246543.542
66 70 7867360.874
66 71 8013116.518
66 72 5448919.873
66 73 3140099.67
66 74 4237669.277
66 75 3716306.203
66 76 4472442.972
66 77 7813755.54
66 78 11004677.23
66 79 5083784.993
66 80 8143073.741
66 81 8762394.208
66 82 8058881.288
66 83 9071631.578
66 84 3994247.509
66 85 3607764.509
66 86 6211919.729
66 87 4636516.911
66 88 4996034.818
66 89 9111579.325
66 90 5490410.864
66 91 6121408.923
66 92 7958793.476
66 93 750998.4854
66 94 4378932.178
66 95 5776662.816
66 96 5902448.893
66 97 8174491.747
66 98 9265659.344
66 99 9650997.985
67 68 5229210.313
67 69 8339153.067
67 70 6035255.173
67 71 1337730.717
67 72 9962846.041
67 73 3657470.833
67 74 3260366.319
67 75 6303242.321
67 76 3512864.909
67 77 10989713.68
67 78 8916357.446
67 79 2982309.919
67 80 9313553.536
67 81 11475343.94
67 82 8162700.987
67 83 9463206.129
67 84 7797998.796
67 85 6858682.832
67 86 7820831.712
67 87 3901367.331
67 88 1886395.579
67 89 6953404.809
67 90 4002652.502
67 91 5980736.782
67 92 11414625.35
67 93 6676733.195
67 94 2442329.71
67 95 3886739.302
67 96 3126395.485
67 97 7810702.72
67 98 10081368.84
67 99 5859431.741
68 69 5135100.4
68 70 5277897.429
68 71 6223061.938
68 72 4938820.673
68 73 2265457.328
68 74 2065990.42
68 75 1658083.48
68 76 2097445.28
68 77 6616036.941
68 78 8460549.512
68 79 2775229.74
68 80 6126225.423
68 81 7390207.895
68 82 5741454.854
68 83 6884490.951
68 84 2833372.245
68 85 1968384.482
68 86 4173412.599
68 87 2123226.971
68 88 3354611.095
68 89 6528652.029
68 90 2932047.749
68 91 3606904.966
68 92 6917098.881
68 93 2023752.715
68 94 2907684.332
68 95 3230970.7
68 96 3482462.786
68 97 5767547.914
68 98 7206884.716
68 99 7075318.219
69 70 3309208.302
69 71 8610603.656
69 72 4244448.48
69 73 7084164.306
69 74 5645577.177
69 75 3577870.529
69 76 5175233.782
69 77 3248530.467
69 78 4750230.683
69 79 5461388.564
69 80 1028725.373
69 81 3326856.645
69 82 1212581.931
69 83 1832798.396
69 84 3573605.247
69 85 3647772.607
69 86 1041009.844
69 87 4678099.205
69 88 7029836.522
69 89 3804296.529
69 90 4342188.284
69 91 2360108.359
69 92 3779363.804
69 93 6498740.262
69 94 6998824.44
69 95 4456843.307
69 96 5225583.276
69 97 1707896.86
69 98 2071816.588
69 99 5694978.463
70 71 5903097.133
70 72 7025236.84
70 73 6303774.099
70 74 4475196.373
70 75 4497896.476
70 76 3985306.774
70 77 6553077.749
70 78 3291604.154
70 79 3825040.245
70 80 3966731.002
70 81 6586501.769
70 82 2513119.64
70 83 3669004.366
70 84 5494443.557
70 85 4966213.289
70 86 3537739.126
70 87 3562283.265
70 88 5362231.865
70 89 1259289.774
70 90 2736225.374
70 91 1937507.362
70 92 7080479.15
70 93 7225784.758
70 94 5626395.514
70 95 2594767.009
70 96 3126714.64
70 97 2002039.936
70 98 4375912.414
70 99 2453696.569
71 72 10733416.43
71 73 4900994.003
71 74 4167907.87
71 75 7079429.554
71 76 4291082.358
71 77 11484426.98
71 78 8449881.231
71 79 3653035.113
71 80 9525990.594
71 81 11864553.02
71 82 8246225.316
71 83 9508444.37
71 84 8591923.21
71 85 7664597.207
71 86 8239664.06
71 87 4576621.505
71 88 3020427.034
71 89 6624111.731
71 90 4423537.75
71 91 6274879.204
71 92 11942010.57
71 93 7832956.065
71 94 3634624.373
71 95 4224447.244
71 96 3467127.547
71 97 7824708.371
71 98 10175025.66
71 99 5191842.376
72 73 7163060.442
72 74 6707108.552
72 75 3664954.87
72 76 6470345.321
72 77 2679911.4
72 78 8994634.928
72 79 7082358.066
72 80 4542429.027
72 81 3728498.731
72 82 5455737.984
72 83 5730743.418
72 84 2165993.417
72 85 3105456.628
72 86 3547773.271
72 87 6156896.766
72 88 8169786.936
72 89 7863263.762
72 90 6455278.797
72 91 5246805.248
72 92 2647713.014
72 93 4817876.295
72 94 7807041.35
72 95 6727927.605
72 96 7383922.297
72 97 5915071.701
72 98 5501865.103
72 99 9466322.866
73 74 1842297.719
73 75 3865612.517
73 76 2319024.715
73 77 8865631.712
73 78 9594770.118
73 79 2632085.488
73 80 8107931.009
73 81 9606360.366
73 82 7457337.534
73 83 8704276.767
73 84 5093207.178
73 85 4231885.201
73 86 6216709.054
73 87 2757435.696
73 88 1922555.956
73 89 7537175.208
73 90 3570521.362
73 91 5112673.422
73 92 9178175.366
73 93 3092336.773
73 94 1287653.113
73 95 3751499.805
73 96 3506149.961
73 97 7348387.159
73 98 9128545.985
73 99 7454840.182
74 75 3058766.408
74 76 508312.6657
74 77 7908873.495
74 78 7762673.601
74 79 865732.3092
74 80 6671714.992
74 81 8507845.231
74 82 5833425.759
74 83 7120762.829
74 84 4541205.956
74 85 3601673.009
74 86 4915938.372
74 87 1004082.741
74 88 1498051.127
74 89 5700174.01
74 90 1739152.502
74 91 3462553.68
74 92 8296849.595
74 93 3868984.781
74 94 1353250.715
74 95 1909280.695
74 96 1736094.034
74 97 5656821.765
74 98 7615591.527
74 99 5668415.284
75 76 2805460.468
75 77 5006870.032
75 78 7415981.502
75 79 3426520.617
75 80 4533342.282
75 81 5744937.698
75 82 4342686.619
75 83 5381579.411
75 84 1512529.008
75 85 603318.6441
75 86 2571726.279
75 87 2511920.188
75 88 4543353.069
75 89 5666471
75 90 2951417.262
75 91 2587806.68
75 92 5341316.221
75 93 2983928.216
75 94 4244199.187
75 95 3252793.55
75 96 3814714.867
75 97 4476985.435
75 98 5636915.439
75 99 6673689.649
76 77 7534903.247
76 78 7275877.571
76 79 683517.5868
76 80 6198503.613
76 81 8098537.845
76 82 5332433.883
76 83 6623326.888
76 84 4313698.038
76 85 3379897.307
76 86 4479894.038
76 87 503811.9139
76 88 1884323.774
76 89 5218782.293
76 90 1251791.717
76 91 2962646.635
76 92 7938944.496
76 93 4032466.067
76 94 1835838.043
76 95 1451186.091
76 96 1430245.67
76 97 5149805.124
76 98 7127516.694
76 99 5284023.427
77 78 7545170.763
77 79 8008005.768
77 80 2895789.489
77 81 1050447.302
77 82 4287773.668
77 83 3954435.659
77 84 3912826.229
77 85 4655776.257
77 86 3264573.506
77 87 7100609.567
77 88 9401859.239
77 89 6997093.004
77 90 7065092.237
77 91 5287225.862
77 92 535612.6917
77 93 7110428.262
77 94 9192588.56
77 95 7261492.02
77 96 8017984.837
77 97 4850776.335
77 98 3463339.08
77 99 8940177.771
78 79 7079773.545
78 80 4670829.418
78 81 7103210.786
78 82 3540445.972
78 83 3607879.924
78 84 8040367.944
78 85 7764460.193
78 86 5565844.979
78 87 6852601.017
78 88 8554145.206
78 89 2072038.955
78 90 6025247.43
78 91 4884625.425
78 92 8062935.339
78 93 10321601.45
78 94 8873188.067
78 95 5867096.06
78 96 6315073.056
78 97 3126682.911
78 98 4223199.537
78 99 3371597.706
79 80 6467352.889
79 81 8513189.084
79 82 5472079.649
79 83 6779509.038
79 84 4939048.644
79 85 4013870.16
79 86 4863419.069
79 87 932678.7751
79 88 1614135.798
79 89 5007893.718
79 90 1185990.949
79 91 3146456.91
79 92 8432604.333
79 93 4679736.861
79 94 1801432.862
79 95 1237102.032
79 96 880185.9987
79 97 5222290.983
79 98 7332085.251
79 99 4828559.887
80 81 2665465.559
80 82 1487284.06
80 83 1188826.589
80 84 4318347.294
80 85 4536098.812
80 86 1961745.315
80 87 5699768.83
80 88 8045907.233
80 89 4180533.956
80 90 5331067.061
80 91 3337944.288
80 92 3424716.08
80 93 7392269.807
80 94 8024849.125
80 95 5426835.719
80 96 6189916.079
80 97 2052832.107
80 98 1125312.159
80 99 6209240.793
81 82 4150372.152
81 83 3508388.562
81 84 4803002.418
81 85 5463948.136
81 86 3654547.318
81 87 7637189.493
81 88 9981738.063
81 89 6842416.77
81 90 7489987.899
81 91 5593045.395
81 92 1283549.216
81 93 8044794.132
81 94 9826798.501
81 95 7652961.141
81 96 8422121.779
81 97 4717653.069
81 98 2889829.459
81 99 8873318.222
82 83 1309676.967
82 84 4631883.206
82 85 4542088.916
82 86 2079108.884
82 87 4830164.494
82 88 7084722.364
82 89 2714774.187
82 90 4290567.383
82 91 2371020.818
82 92 4823256.747
82 93 7325244.933
82 94 7162125.373
82 95 4321090.26
82 96 5050102.076
82 97 569278.3795
82 98 1930151.922
82 99 4722957.636
83 84 5380485.789
83 85 5478846.495
83 86 2873808.235
83 87 6119894.141
83 88 8391176.494
83 89 3525566.427
83 90 5599274.238
83 91 3661543.871
83 92 4464192.478
83 93 8325409.874
83 94 8456772.513
83 95 5630371.426
83 96 6356296.846
83 97 1685213.908
83 98 735368.5495
83 99 5621412.1
84 85 939546.8913
84 86 2563790.962
84 87 4022696.826
84 88 6005722.745
84 89 6534752.318
84 90 4405640.708
84 91 3572466.789
84 92 4149314.649
84 93 3259638.237
84 94 5656442.487
84 95 4695839.682
84 96 5301649.272
84 97 4933679.473
84 98 5437217.136
84 99 7835559.881
85 86 2608811.368
85 87 3106689.979
85 88 5068542.991
85 89 6095542.211
85 90 3552548.446
85 91 3032190.391
85 92 4948872.005
85 93 2857425.712
85 94 4730598.502
85 95 3852508.195
85 96 4417783.463
85 97 4743281.783
85 98 5658023.575
85 99 7204615.724
86 87 4004083.915
86 88 6362782.518
86 89 4315536.976
86 90 3840185.481
86 91 2027322.762
86 92 3750956.958
86 93 5463025.726
86 94 6259012.721
86 95 4016277.115
86 96 4781103.503
86 97 2439655.825
86 98 3068415.866
86 99 5991314.766
87 88 2362162.35
87 89 4809693.331
87 90 880394.7017
87 91 2459760.719
87 92 7516804.906
87 93 4130788.053
87 94 2339567.662
87 95 1145131.163
87 96 1389923.842
87 97 4654751.722
87 98 6624152.314
87 99 5028156.67
88 89 6489590.783
88 90 2799858.671
88 91 4746897.518
88 92 9793666.088
88 93 4819929.583
88 94 635003.2754
88 95 2823346
88 96 2243540.63
88 97 6835077.655
88 98 8934986.969
88 99 5971421.566
89 90 3966991.592
89 91 3078676.31
89 92 7532689.49
89 93 8459529.305
89 94 6801312.594
89 95 3798803.334
89 96 4247656.067
89 97 2147636.33
89 98 4260342.94
89 99 2097912.112
90 91 1993825.249
90 92 7518853.951
90 93 4954964.358
90 94 2948648.29
90 95 311621.5453
90 96 958883.1593
90 97 4036570.526
90 98 6163776.63
90 99 4161648.961
91 92 5777951.925
91 93 5437611.186
91 94 4795241.634
91 95 2096741.67
91 96 2865725.498
91 97 2238554.96
91 98 4188093.515
91 99 4273656.557
92 93 7275012.575
92 94 9560715.731
92 95 7724191.993
92 96 8475008.172
92 97 5386383.355
92 98 3946144.499
92 99 9472839.116
93 94 4234506.636
93 95 5252015.104
93 96 5454806.919
93 97 7454264.585
93 98 8515045.953
93 99 9097225.638
94 95 3036458.455
94 96 2579012.106
94 97 6959196.176
94 98 8963055.976
94 99 6441751.549
95 96 771076.1379
95 97 4029759.095
95 98 6218761.569
95 99 3883029.337
96 97 4728024.282
96 98 6960790.538
96 99 3949926.424
97 98 2376930.073
97 99 4156450.823
98 99 6356605.579
