4950
0 1 4277270.442
0 2 858157.0708
0 3 5823890.599
0 4 9095518.337
0 5 9584531.55
0 6 9249665.231
0 7 5753501.986
0 8 4071653.304
0 9 10002350.72
0 10 8667172.796
0 11 5643454.683
0 12 2808776.985
0 13 6698461.861
0 14 9839381.527
0 15 372417.4484
0 16 6843371.809
0 17 3580759.251
0 18 7264831.149
0 19 5211334.276
0 20 5830985.213
0 21 4544054.554
0 22 7671386.948
0 23 7349326.355
0 24 7575422.885
0 25 8412384.349
0 26 8841044.623
0 27 3599285.945
0 28 5997046.942
0 29 4775973.685
0 30 5049350.446
0 31 7123995.327
0 32 10616753.15
0 33 1408188.082
0 34 6221880.905
0 35 6099990.58
0 36 6847175.743
0 37 5577548.132
0 38 1307049.337
0 39 5796672.272
0 40 5703241.382
0 41 9467439.553
0 42 1225890.878
0 43 2055421.654
0 44 363591.1524
0 45 1349165.946
0 46 6219672.177
0 47 4466143.337
0 48 8705707.079
0 49 5018957.242
0 50 7819165.128
0 51 2904216.024
0 52 3233701.639
0 53 4285435.192
0 54 7447005.026
0 55 5918577.333
0 56 5865961.208
0 57 6903264.452
0 58 2984688.94
0 59 4057024.607
0 60 4843425.099
0 61 5832771.132
0 62 4066657.67
0 63 5294656.977
0 64 2923170.229
0 65 8743505.167
0 66 7207291.256
0 67 549733.9356
0 68 1354457.182
0 69 5687935.762
0 70 6223542.649
0 71 7855796.806
0 72 6428090.893
0 73 8854263.925
0 74 9707065.148
0 75 3623165.27
0 76 7778346.536
0 77 2520874.213
0 78 1854132.316
0 79 6025640.391
0 80 6525807.714
0 81 7091202.319
0 82 3519073.067
0 83 6278808.881
0 84 9182853.68
0 85 6428689.835
0 86 6881480.158
0 87 6900832.235
0 88 6673632.069
0 89 5526404.582
0 90 7182977.642
0 91 1502226.504
0 92 9431362.393
0 93 3285021.815
0 94 8125407.902
0 95 8004149.442
0 96 3635438.579
0 97 5317135.694
0 98 5856810.289
0 99 7080019.496
1 2 3444742.678
1 3 6981397.351
1 4 6808843.561
1 5 6298108
1 6 6492510.379
1 7 5629707.162
1 8 3179210.666
1 9 7065066.809
1 10 7078129.454
1 11 3067564.948
1 12 1988406.83
1 13 5213024.111
1 14 6356407.475
1 15 4606320.486
1 16 2884723.072
1 17 1417316.116
1 18 3240685.313
1 19 1258071.105
1 20 7088522.497
1 21 6746909.184
1 22 4615602.124
1 23 3072058.207
1 24 5829192.24
1 25 4140218.616
1 26 5059189.999
1 27 6221152.53
1 28 1780397.397
1 29 1880326.479
1 30 6432089.737
1 31 3448374.433
1 32 7697483.017
1 33 2944386.408
1 34 6141941.168
1 35 5814437.876
1 36 2607600.844
1 37 1402193.615
1 38 4530750.351
1 39 4863775.941
1 40 2339967.268
1 41 6998524.579
1 42 5400732.659
1 43 3392000.717
1 44 4018155.753
1 45 4751334.013
1 46 1972934.844
1 47 1912000.55
1 48 5203601.053
1 49 6486911.298
1 50 8747566.63
1 51 2574776.911
1 52 2889933.292
1 53 3643227.394
1 54 3322786.444
1 55 6456601.74
1 56 1975477.373
1 57 8438824.336
1 58 6112238.566
1 59 2541574.221
1 60 2123438.922
1 61 4260841.75
1 62 4171106.577
1 63 4948922.534
1 64 4901494.434
1 65 6992386.951
1 66 7438008.801
1 67 4522412.895
1 68 3852673.64
1 69 6892944.412
1 70 2179618.331
1 71 8855170.24
1 72 4559364.345
1 73 4869211.602
1 74 6480449.52
1 75 3887860.215
1 76 7357563.866
1 77 4655421.804
1 78 4154502.329
1 79 2447689.352
1 80 5453848.483
1 81 3250948.082
1 82 783710.4713
1 83 2805652.952
1 84 7159350.634
1 85 2728901.802
1 86 5125610.881
1 87 3454632.955
1 88 2516073.445
1 89 7459675.589
1 90 3074861.932
1 91 5380401.415
1 92 6126386.692
1 93 2786381.523
1 94 6027078.616
1 95 6113836.634
1 96 5164578.841
1 97 3155990.02
1 98 4051256.936
1 99 7467324.283
2 3 5639527.079
2 4 8387078.093
2 5 8773110.224
2 6 8488095.856
2 7 5292594.929
2 8 3375756.335
2 9 9227184.42
2 10 8046553.278
2 11 4845315.353
2 12 2161127.456
2 13 6050749.656
2 14 9012643.104
2 15 1163101.308
2 16 5985517.219
2 17 2876582.89
2 18 6500787.618
2 19 4354024.365
2 20 5670962.104
2 21 4582600.483
2 22 6866328.072
2 23 6514269.514
2 24 6913138.637
2 25 7584737.482
2 26 7991864.988
2 27 3721082.919
2 28 5147124.466
2 29 4109784.749
2 30 4886284.198
2 31 6274715.744
2 32 9847295.027
2 33 552886.8894
2 34 5788455.017
2 35 5623658.42
2 36 6032972.603
2 37 4772785.404
2 38 1742152.469
2 39 5198863.618
2 40 4857732.831
2 41 8740748.793
2 42 2068750.496
2 43 1844653.306
2 44 574055.6425
2 45 1879013.885
2 46 5373027.851
2 47 3633378.371
2 48 7873069.757
2 49 4876245.94
2 50 7641174.069
2 51 2144136.381
2 52 2526406.867
2 53 3645426.742
2 54 6589723.914
2 55 5597849.93
2 56 5007926.174
2 57 6845019.25
2 58 3257432.326
2 59 3282931.26
2 60 4206460.107
2 61 5145892.724
2 62 3541992.808
2 63 4770874.331
2 64 2765004.761
2 65 8101028.97
2 66 6866494.077
2 67 1101463.62
2 68 1409220.394
2 69 5509558.768
2 70 5447191.172
2 71 7694451.553
2 72 5723057.402
2 73 7997363.772
2 74 8901630.452
2 75 3085404.72
2 76 7328792.382
2 77 2361316.24
2 78 1622946.251
2 79 5174636.752
2 80 5933156.102
2 81 6235962.657
2 82 2676890.314
2 83 5433705.682
2 84 8509295.385
2 85 5575694.93
2 86 6202388.445
2 87 6061665.363
2 88 5879303.556
2 89 5528905.349
2 90 6401692.726
2 91 2052496.142
2 92 8617562.275
2 93 2559918.646
2 94 7427348.994
2 95 7330783.989
2 96 3415276.448
2 97 4545458.72
2 98 5141973.442
2 99 6767422.57
3 4 6020615.809
3 5 7887579.398
3 6 6806448.176
3 7 1972039.007
3 8 3857292.052
3 9 7595453.861
3 10 4815738.313
3 11 5167582.546
3 12 7216778.506
3 13 3847644.375
3 14 8424005.3
3 15 5676086.397
3 16 7492209.105
3 17 7545569.836
3 18 9991959.042
3 19 6793083.112
3 20 167326.2525
3 21 1775470.129
3 22 6375240.36
3 23 9050193.538
3 24 4468957.318
3 25 10060237.14
3 26 8334297.996
3 27 2646100.358
3 28 7661734.099
3 29 8658503.315
3 30 778109.024
3 31 7107590.034
3 32 8012927.847
3 33 5516152.027
3 34 1848237.72
3 35 2146432.428
3 36 9041569.409
3 37 8214482.793
3 38 7130661.1
3 39 3078006.507
3 40 6139302.297
3 41 6520704.013
3 42 6535014.187
3 43 7464167.711
3 44 5564365.328
3 45 7161549.161
3 46 7919696.254
3 47 5341590.507
3 48 7694228.115
3 49 829459.6535
3 50 2003078.964
3 51 4539886.969
3 52 4130517.508
3 53 3423018.492
3 54 8258318.122
3 55 955641.5942
3 56 6915832.239
3 57 1476307.09
3 58 3459937.942
3 59 4515949.643
3 60 8859946.287
3 61 3911262.546
3 62 2812595.485
3 63 2445302.476
3 64 2906155.447
3 65 5074118.972
3 66 1786056.302
3 67 5340999.406
3 68 7018190.571
3 69 139321.6116
3 70 9021010.578
3 71 2055620.827
3 72 4320046.324
3 73 8824253.875
3 74 7868209.92
3 75 3113806.943
3 76 2852608.522
3 77 3313491.587
3 78 4032541.01
3 79 6505868.523
3 80 3257651.655
3 81 7389688.037
3 82 6431047.445
3 83 6436921.304
3 84 5712815.74
3 85 6832841.451
3 86 4254264.55
3 87 6630380.79
3 88 9175718.166
3 89 1249519.82
3 90 9739574.375
3 91 4874213.013
3 92 7815772.436
3 93 4221646.494
3 94 5204557.552
3 95 4857557.511
3 96 2224292.471
3 97 4695142.738
3 98 4208970.362
3 99 1547349.992
4 5 2431752.13
4 6 1068162.347
4 7 4259267.481
4 8 5024396.178
4 9 1675454.743
4 10 1440525.978
4 11 3809261.819
4 12 8438315.207
4 13 2520626.025
4 14 3041280.393
4 15 9202403.745
4 16 4824751.296
4 17 8154906.747
4 18 8128123.554
4 19 5687928.829
4 20 6184425.888
4 21 7431405.445
4 22 2446851.712
4 23 6538625.137
4 24 1658332.044
4 25 7055573.162
4 26 3877463.438
4 27 7849085.491
4 28 5942612.348
4 29 8585396.253
4 30 6272652.921
4 31 4011097.951
4 32 1998786.588
4 33 7905638.331
4 34 4190281.035
4 35 3963097.823
4 36 7044678.704
4 37 7121472.841
4 38 10105540.5
4 39 3529534.122
4 40 4502284.087
4 41 501274.957
4 42 10264312.64
4 43 9551976.363
4 44 8732303.826
4 45 10260994.56
4 46 6058881.745
4 47 5142055.836
4 48 3037999.409
4 49 6393828.119
4 50 6195676.688
4 51 6247985.741
4 52 5868169.12
4 53 4840730.108
4 54 5247633.737
4 55 5079876.074
4 56 5153015.228
4 57 7016844.583
4 58 8447425.811
4 59 5148196.036
4 60 8832734.728
4 61 3267760.777
4 62 5259592.621
4 63 4253109.865
4 64 7033205.805
4 65 1118371.654
4 66 4675361.346
4 67 8902935.771
4 68 9605630.627
4 69 6075942.65
4 70 7656074.715
4 71 6355372.711
4 72 2667702.075
4 73 4629398.656
4 74 2292747.334
4 75 5621995.852
4 76 3586429.87
4 77 7232860.434
4 78 7513679.174
4 79 4524376.179
4 80 2946050.885
4 81 4416964.627
4 82 6918775.033
4 83 4172096.936
4 84 612004.7861
4 85 4450702.559
4 86 2244005.433
4 87 3680593.438
4 88 7431308.827
4 89 7255892.65
4 90 7800060.619
4 91 9099903.499
4 92 2463953.817
4 93 5827936.488
4 94 980887.3677
4 95 1213511.366
4 96 6498203.199
4 97 3931456.828
4 98 3245166.598
4 99 4930602.054
5 6 1363777.427
5 7 5948933.551
5 8 5718417.628
5 9 1136386.94
5 10 3830126.283
5 11 3947479.301
5 12 8207277.223
5 13 4045818.776
5 14 610825.3048
5 15 9777252.03
5 16 3613879.585
5 17 7715284.576
5 18 6623224.222
5 19 5043092.377
5 20 8054877.877
5 21 9018801.922
5 22 1918728.474
5 23 4970528.107
5 24 3484588.357
5 25 5185831.016
5 26 1806206.841
5 27 9218867.14
5 28 4905840.445
5 29 7788998.748
5 30 7958866.879
5 31 2880967.471
5 32 1619500.852
5 33 8234019.606
5 34 6054055.147
5 35 5741202.648
5 36 5634254.567
5 37 6118817.212
5 38 10361633.29
5 39 4940843.268
5 40 4053209.736
5 41 2090992.587
5 42 10807737.95
5 43 9515999.704
5 44 9229335.859
5 45 10551172.25
5 46 4918767.872
5 47 5157696.965
5 48 1168905.391
5 49 8076992.57
5 50 8420913.657
5 51 6698014.079
5 52 6452683.257
5 53 5732752.596
5 54 3698322.25
5 55 6934185.926
5 56 4345756.834
5 57 9074458.344
5 58 9671033.834
5 59 5550854.196
5 60 8021422.991
5 61 4295426.474
5 62 6353030.839
5 63 5693453.116
5 64 8157745.844
5 65 3514292.723
5 66 6827104.372
5 67 9528570.239
5 68 9762814.282
5 69 7912503.633
5 70 6435613.649
5 71 8580162.692
5 72 3717353.978
5 73 2543128.12
5 74 229463.2954
5 75 6588658.359
5 76 5841669.705
5 77 8248646.681
5 78 8322783.833
5 79 3859936.667
5 80 4629990.999
5 81 3176595.756
5 82 6675753.995
5 83 3515392.689
5 84 3035594.572
5 85 3575334.03
5 86 3643821.499
5 87 2853551.866
5 88 6074644.677
5 89 9054651.952
5 90 6303569.857
5 91 9958121.395
5 92 173148.3253
5 93 6374003.665
5 94 2807901.706
5 95 3192366.014
5 96 7784654.779
5 97 4326001.358
5 98 4098287.059
5 99 7058132.997
6 7 4936367.578
6 8 5216636.624
6 9 815157.7809
6 10 2482662.214
6 11 3692606.03
6 12 8264717.001
6 13 3060598.428
6 14 1973118.336
6 15 9396497.857
6 16 4176013.52
6 17 7887530.79
6 18 7418304.789
6 19 5292268.305
6 20 6973036.406
6 21 8088477.231
6 22 1889770.088
6 23 5787881.001
6 24 2337491.137
6 25 6195725.857
6 26 2906584.539
6 27 8404145.882
6 28 5390895.455
6 29 8170346.993
6 30 6970031.682
6 31 3361136.394
6 32 1377108.981
6 33 7975442.165
6 34 4958221.719
6 35 4682380.361
6 36 6361516.744
6 37 6603493.063
6 38 10162224.07
6 39 4043623.517
6 40 4153031.371
6 41 771228.739
6 42 10451563.78
6 43 9474502.214
6 44 8887019.479
6 45 10334017.67
6 46 5467947.045
6 47 5020485.139
6 48 2086267.026
6 49 7090622.802
6 50 7162600.396
6 51 6350376.49
6 52 6026441.59
6 53 5124692.629
6 54 4482560.005
6 55 5852151.468
6 56 4675390.809
6 57 7902476.48
6 58 8937150.486
6 59 5205175.765
6 60 8413730.344
6 61 3568339.486
6 62 5651202.507
6 63 4800160.629
6 64 7464050.098
6 65 2163245.441
6 66 5599279.055
6 67 9117863.044
6 68 9614389.831
6 69 6846884.89
6 70 7055881.052
6 71 7322433.615
6 72 2946836.257
6 73 3668067.69
6 74 1228583.99
6 75 5958142.922
6 76 4560274.6
6 77 7614019.068
6 78 7800521.757
6 79 4084437.179
6 80 3592192.987
6 81 3742886.554
6 82 6720241.576
6 83 3719954.952
6 84 1672633.042
6 85 3920926.914
6 86 2695358.744
6 87 3130892.229
6 88 6773895.403
6 89 8015009.671
6 90 7090756.97
6 91 9423421.325
6 92 1402353.983
6 93 5967392.242
6 94 1604654.549
6 95 1969178.543
6 96 7001401.628
6 97 3943063.116
6 98 3453073.39
6 99 5843162.25
7 8 2480885.876
7 9 5742515.89
7 10 3274522.02
7 11 3327945.877
7 12 6345067.293
7 13 1904557.145
7 14 6471681.377
7 15 5729985.165
7 16 5647813.368
7 17 6481483.106
7 18 8390916.682
7 19 5183244.862
7 20 2136921.969
7 21 3173120.721
7 22 4403270.237
7 23 7294323.23
7 24 2624819.445
7 25 8257064.227
7 26 6366380.718
7 27 3639582.352
7 28 5984096.783
7 29 7447933.391
7 30 2033715.773
7 31 5196743.161
7 32 6209202.349
7 33 4986756.851
7 34 529159.3307
7 35 360707.4047
7 36 7378190.353
7 37 6706422.468
7 38 6990041.776
7 39 1119460.757
7 40 4361420.607
7 41 4746911.839
7 42 6742133.674
7 43 6949167.32
7 44 5422239.931
7 45 7081474.772
7 46 6229379.297
7 47 3796706.813
7 48 5722369.104
7 49 2154398.521
7 50 3209480.148
7 51 3565660.316
7 52 3089363.175
7 53 2018603.792
7 54 6401095.064
7 55 1061744.191
7 56 5180046.957
7 57 3330129.135
7 58 4313326.357
7 59 3090687.144
7 60 7673400.247
7 61 1974450.778
7 62 1773178.52
7 63 680890.9449
7 64 3082831.68
7 65 3466615.045
7 66 1809613.833
7 67 5392326.091
7 68 6693246.207
7 69 1978540.255
7 70 7490482.572
7 71 3338339.061
7 72 2348693.063
7 73 6871872.107
7 74 5942745.765
7 75 2226841.445
7 76 2036245.792
7 77 3395187.996
7 78 3920999.337
7 79 4701168.052
7 80 1344178.826
7 81 5503355.754
7 82 5234503.353
7 83 4584845.028
7 84 4062539.08
7 85 4991091.559
7 86 2305153.882
7 87 4711961.842
7 88 7568867.249
7 89 3105718.436
7 90 8114187.008
7 91 5281118.458
7 92 5869372.173
7 93 3138245.29
7 94 3361700.542
7 95 3051691.315
7 96 2417854.691
7 97 2895307.932
7 98 2281025.634
7 99 1845173.348
8 9 5993617.735
8 10 4701220.768
8 11 1873941.574
8 12 3940065.867
8 13 2690980.916
8 14 6071972.143
8 15 4191121.154
8 16 3935423.468
8 17 4010541.237
8 18 6137511.319
8 19 2955891.184
8 20 3978947.035
8 21 4004289.593
8 22 3815407.14
8 23 5292363.923
8 24 3540707.503
8 25 6349524.408
8 26 5393427.111
8 27 3818488.114
8 28 3852638.531
8 29 4970545.834
8 30 3401383.658
8 31 3806291.388
8 32 6592448.432
8 33 2924045.624
8 34 3005290.981
8 35 2708525.564
8 36 5210188.944
8 37 4359545.322
8 38 5110537.576
8 39 1944679.789
8 40 2522636.082
8 41 5397880.171
8 42 5251240.183
8 43 4745786.475
8 44 3708274.24
8 45 5254661.577
8 46 4116397.017
8 47 1499908.631
8 48 5025819.52
8 49 3477634.101
8 50 5569078.82
8 51 1278281.617
8 52 849416.5435
8 53 465905.3953
8 54 4699721.26
8 55 3278519.528
8 56 3183888.664
8 57 5331512.393
8 58 4084186.317
8 59 658831.1237
8 60 5194127.997
8 61 1770248.052
8 62 1079310.826
8 63 1808385.339
8 64 2566307.533
8 65 4736802.023
8 66 4287663.692
8 67 3904295.996
8 68 4662203.345
8 69 3782503.432
8 70 5164663.371
8 71 5678258.142
8 72 2356709.6
8 73 5658161.983
8 74 5807543.643
8 75 1012621.069
8 76 4361266.968
8 77 2573285.159
8 78 2608197.901
8 79 2916893.739
8 80 2659822.824
8 81 3965747.672
8 82 2753744.584
8 83 2978355.61
8 84 5133562.75
8 85 3310282.776
8 86 2826665.174
8 87 3415980.896
8 88 5323835.914
8 89 4518281.219
8 90 5890704.061
8 91 4243465.992
8 92 5581953.877
8 93 827723.9015
8 94 4057154.549
8 95 3955233.582
8 96 2440607.837
8 97 1414804.107
8 98 1786873.207
8 99 4300080.277
9 10 3110614.706
9 11 4397522.265
9 12 8897478.036
9 13 3873912.439
9 14 1644668.149
9 15 10159693.23
9 16 4558023.152
9 17 8475211.484
9 18 7686396.76
9 19 5833947.672
9 20 7761531.23
9 21 8899717.689
9 22 2463196.12
9 23 6035522.466
9 24 3130834.789
9 25 6306830.538
9 26 2930011.031
9 27 9219257.23
9 28 5824480.877
9 29 8668392.976
9 30 7776079.606
9 31 3770815.929
9 32 635620.9735
9 33 8706470.195
9 34 5748425.23
9 35 5481696.652
9 36 6668133.881
9 37 7044874.221
9 38 10881969.15
9 39 4858752.142
9 40 4743261.952
9 41 1210261.427
9 42 11210919.69
9 43 10144851.42
9 44 9640768.223
9 45 11058918.38
9 46 5869322.606
9 47 5702926.136
9 48 2212290.724
9 49 7896852.683
9 50 7868355.539
9 51 7098640.497
9 52 6791306.727
9 53 5919371.507
9 54 4742487.647
9 55 6643108.295
9 56 5176022.263
9 57 8658064.615
9 58 9749754.812
9 59 5947704.808
9 60 8907415.651
9 61 4372730.232
9 62 6458582.454
9 63 5615127.043
9 64 8272890.69
9 65 2789231.252
9 66 6332763.513
9 67 9886901.329
9 68 10318500.94
9 69 7639527.476
9 70 7427529.769
9 71 8028137.374
9 72 3752975.897
9 73 3675644.536
9 74 914548.4459
9 75 6758079.588
9 76 5258956.615
9 77 8417064.605
9 78 8588030.653
9 79 4623409.136
9 80 4398707.942
9 81 4116369.397
9 82 7351664.517
9 83 4261560.268
9 84 2206139.74
9 85 4404520.569
9 86 3510468.302
9 87 3629096.136
9 88 7099018.02
9 89 8811388.215
9 90 7362926.622
9 91 10215109.11
9 92 1266662.052
9 93 6727776.348
9 94 2392223.05
9 95 2740740.202
9 96 7815505.24
9 97 4685628.407
9 98 4245618.86
9 99 6583239.258
10 11 4016607.73
10 12 8466895.418
10 13 2013045.739
10 14 4440519.432
10 15 8718305.118
10 16 5606167.244
10 17 8317100.463
10 18 8892104.07
10 19 6108141.435
10 20 4972974.398
10 21 6367684.787
10 22 3342360.329
10 23 7391765.948
10 24 1250154.898
10 25 8049983.385
10 26 5092583.411
10 27 6911290.198
10 28 6552803.49
10 29 8936453.833
10 30 5179363.614
10 31 4840443.884
10 32 3366500.328
10 33 7620261.472
10 34 3068768.951
10 35 2931914.09
10 36 7794361.008
10 37 7647968.606
10 38 9788622.432
10 39 2873335.983
10 40 4935850.363
10 41 1906185.668
10 42 9770351.658
10 43 9425873.34
10 44 8311117.772
10 45 9919525.018
10 46 6715502.076
10 47 5237123.199
10 48 4258576.174
10 49 5298524.521
10 50 4786257.861
10 51 5978756.146
10 52 5540837.941
10 53 4401240.836
10 54 6156886.716
10 55 3916169.375
10 56 5704992.642
10 57 5680912.089
10 58 7584527.911
10 59 5003223.038
10 60 9183852.304
10 61 2981583.249
10 62 4637845.57
10 63 3470309.676
10 64 6282386.757
10 65 322155.3776
10 66 3320000.116
10 67 8397085.086
10 68 9362306.703
10 69 4889362.906
10 70 8279095.399
10 71 4945326.782
10 72 2537300.277
10 73 5813603.554
10 74 3710249.19
10 75 5059172.35
10 76 2188507.827
10 77 6544068.979
10 78 6945226.864
10 79 5068268.704
10 80 2155032.025
10 81 5250181.51
10 82 7027320.497
10 83 4757166.411
10 84 944807.8962
10 85 5108867.759
10 86 1973513.425
10 87 4420792.029
10 88 8137101.509
10 89 6065074.032
10 90 8569352.9
10 91 8445012.006
10 92 3840739.13
10 93 5528658.889
10 94 1279175.865
10 95 1018550.757
10 96 5664400.432
10 97 3956834.096
10 98 3097611.611
10 99 3585096.85
11 12 4631101.43
11 13 2252816.073
11 14 4246516.08
11 15 5830156.915
11 16 2327859.528
11 17 4361478.834
11 18 5200636.904
11 19 2134271.345
11 20 5317279.826
11 21 5717294.754
11 22 2029876.468
11 23 3980157.006
11 24 2771708.177
11 25 4929120.403
11 26 3522624.734
11 27 5651867.589
11 28 2763488.66
11 29 4919846.107
11 30 4910150.544
11 31 1998735.282
11 32 5025345.873
11 33 4316180.043
11 34 3736424.235
11 35 3360855.047
11 36 4138294.557
11 37 3711203.6
11 38 6484613.949
11 39 2268423.068
11 40 1070593.032
11 41 4065299.183
11 42 6864226.188
11 43 5789502.333
11 44 5286184.822
11 45 6662803.136
11 46 2984932.039
11 47 1340435.713
11 48 3166376.682
11 49 5008499.917
11 50 6512957.661
11 51 2750601.87
11 52 2522678.144
11 53 2045823.207
11 54 3091181.331
11 55 4362067.523
11 56 1912330.564
11 57 6611256.813
11 58 5955951.497
11 59 1605101.52
11 60 5167260.998
11 61 1443686.856
11 62 2767318.19
11 63 2733234.075
11 64 4434288.597
11 65 3924848.727
11 66 4982214.064
11 67 5581708.595
11 68 5924496.123
11 69 5130726.34
11 70 4418377.387
11 71 6648962.256
11 72 1538988.655
11 73 3827373.372
11 74 4064345.689
11 75 2855889.163
11 76 4596564.707
11 77 4445640.265
11 78 4419293.897
11 79 1378009.055
11 80 2637829.351
11 81 2234508.719
11 82 3110237.566
11 83 1269361.919
11 84 4111143.526
11 85 1668581.828
11 86 2092169.35
11 87 1566577.773
11 88 4390192.7
11 89 6069671.748
11 90 4901849.564
11 91 6046812.056
11 92 3798605.263
11 93 2437153.741
11 94 2972441.29
11 95 3046292.406
11 96 4233507.578
11 97 498842.8365
11 98 1151980.11
11 99 5092780.022
12 13 6481148.893
12 14 8305409.272
12 15 3178900.004
12 16 4871933.573
12 17 805484.6407
12 18 4516720.312
12 19 3220053.922
12 20 7284566.872
12 21 6486977.338
12 22 6434531.455
12 23 4869829.427
12 24 7231911.298
12 25 5860593.627
12 26 7041675.252
12 27 5728588.688
12 28 3738373.339
12 29 1967926.299
12 30 6531649.469
12 31 5402401.671
12 32 9533082.488
12 33 1902959.165
12 34 6873697.759
12 35 6613859.938
12 36 4256034.217
12 37 2983519.154
12 38 2670747.355
12 39 5872872.004
12 40 4165487.408
12 41 8691785.757
12 42 3729789.238
12 43 1416611.278
12 44 2676181.529
12 45 2897237.819
12 46 3899823.34
12 47 3296681.083
12 48 7146144.533
12 49 6551261.189
12 50 9160271.778
12 51 2783992.856
12 52 3256935.057
12 53 4368117.699
12 54 5295193.571
12 55 6937427.861
12 56 3944582.781
12 57 8567364.717
12 58 5367082.986
12 59 3487998.745
12 60 2048412.144
12 61 5497119.899
12 62 4619121.39
12 63 5704754.313
12 64 4573352.263
12 65 8438468.767
12 66 8104299.605
12 67 3224176.036
12 68 1985601.584
12 69 7101919.3
12 70 3514115.338
12 71 9239908.412
12 72 5943323.863
12 73 6855264.922
12 74 8378055.572
12 75 4204461.879
12 76 8295031.548
12 77 4214005.164
12 78 3521589.732
12 79 4351445.555
12 80 6565413.999
12 81 5229597.785
12 82 1546125.88
12 83 4691889.018
12 84 8707417.691
12 85 4674204.269
12 86 6498011.575
12 87 5354224.662
12 88 4007730.83
12 89 7363845.607
12 90 4472070.637
12 91 4203776.949
12 92 8037796.453
12 93 3207409.455
12 94 7568624.128
12 95 7582256.146
12 96 5081478.413
12 97 4544045.41
12 98 5370567.999
12 99 8067415.154
13 14 4576410.789
13 15 6772015.924
13 16 4310541.24
13 17 6378732.646
13 18 7417710.985
13 19 4383913.425
13 20 4014700.907
13 21 5029699.191
13 22 2604722.085
13 23 6082245.804
13 24 888498.5209
13 25 6921135.41
13 26 4596567.927
13 27 5361670.281
13 28 4990329.961
13 29 7091796.164
13 30 3927915.409
13 31 3692034.986
13 32 4377426.047
13 33 5613629.925
13 34 2039022.225
13 35 1703925.515
13 36 6336842.575
13 37 5963111.847
13 38 7791313.471
13 39 1010408.025
13 40 3295210.083
13 41 2973322.261
13 42 7831178.837
13 43 7413779.984
13 44 6338877.013
13 45 7927869.584
13 46 5195672.261
13 47 3319015.181
13 48 3891593.506
13 49 4047510.544
13 50 4658754.65
13 51 3967234.926
13 52 3534492.708
13 53 2413997.135
13 54 4998695.002
13 55 2898853.146
13 56 4128333.488
13 57 5101061.572
13 58 5934534.928
13 59 3001164.617
13 60 7336078.804
13 61 984626.6413
13 62 2751734.172
13 63 1751054.215
13 64 4512722.658
13 65 2050311.804
13 66 3039523.652
13 67 6459855.278
13 68 7353183.363
13 69 3868390.928
13 70 6668363.857
13 71 4810423.799
13 72 739349.77
13 73 5175959.194
13 74 4038247.59
13 75 3136279.295
13 76 2408233.901
13 77 4718840.545
13 78 5036144.976
13 79 3531577.323
13 80 602733.5559
13 81 4059930.156
13 82 5080126.547
13 83 3298851.108
13 84 2498343.102
13 85 3701239.604
13 86 407952.6482
13 87 3205944.335
13 88 6617686.6
13 89 5009674.537
13 90 7110162.599
13 91 6597716.581
13 92 3969572.805
13 93 3518704.219
13 94 1552839.806
13 95 1334571.223
13 96 3986030.532
13 97 2057828.835
13 98 1161796.058
13 99 3219331.111
14 15 10049687.18
14 16 3559017.268
14 17 7766502.178
14 18 6377205.435
14 19 5099230.568
14 20 8591090.129
14 21 9501763.602
14 22 2261840.857
14 23 4735184.529
14 24 4059923.852
14 25 4832670.344
14 26 1512436.95
14 27 9660232.58
14 28 4850732.263
14 29 7741888.394
14 30 8465190.462
14 31 2908139.776
14 32 2003938.431
14 33 8466684.179
14 34 6601039.978
14 35 6278842.841
14 36 5437866.247
14 37 6041211.837
14 38 10556051.3
14 39 5436473.678
14 40 4204664.714
14 41 2688668.864
14 42 11065178.55
14 43 9647708.218
14 44 9489297.433
14 45 10752105.46
14 46 4830533.085
14 47 5379778.929
14 48 1161342.886
14 49 8582090.538
14 50 9009616.568
14 51 6980933.972
14 52 6768860.13
14 53 6124356.86
14 54 3514986.004
14 55 7473764.405
14 56 4382296.738
14 57 9637019.626
14 58 10081059.76
14 59 5848327.519
14 60 7966910.529
14 61 4747752.601
14 62 6771101.7
14 63 6180999.22
14 64 8560051.337
14 65 4124978.032
14 66 7409276.492
14 67 9814405.001
14 68 9938958.123
14 69 8443932.068
14 70 6284685.374
14 71 9168576.746
14 72 4193948.827
14 73 2174290.515
14 74 766624.2799
14 75 6979291.336
14 76 6438784.584
14 77 8628581.53
14 78 8659667.119
14 79 3962504.959
14 80 5168916.416
14 81 3140220.744
14 82 6795930.987
14 83 3641456.497
14 84 3643369.152
14 85 3632485.962
14 86 4170348.785
14 87 2982822.361
14 88 5886943.043
14 89 9574658.559
14 90 6065414.882
14 91 10290922.43
14 92 621557.1039
14 93 6683569.503
14 94 3399750.234
14 95 3784828.392
14 96 8221306.662
14 97 4661699.923
14 98 4528648.642
14 99 7636400.062
15 16 7119999.603
15 17 3947057.616
15 18 7623273.191
15 19 5504527.289
15 20 5673299.045
15 21 4320380.075
15 22 7860013.435
15 23 7676837.437
15 24 7655101.973
15 25 8745533.628
15 26 9087204.848
15 27 3355957.398
15 28 6308242.237
15 29 5146540.192
15 30 4898375.881
15 31 7371880.875
15 32 10768453.72
15 33 1693793.878
15 34 6182154.428
15 35 6082090.826
15 36 7187991.481
15 37 5922354.628
15 38 1509873.115
15 39 5845049.158
15 40 5945997.522
15 41 9586826.787
15 42 1061932.268
15 43 2404474.647
15 44 595895.1857
15 45 1499611.532
15 46 6535444.368
15 47 4693640.166
15 48 8924800.435
15 49 4860041.146
15 50 7659798.722
15 51 3079764.512
15 52 3370085.739
15 53 4369088.276
15 54 7739164.897
15 55 5828296.088
15 56 6145545.944
15 57 6701092.461
15 58 2698719.597
15 59 4230963.37
15 60 5215340.356
15 61 5934715.675
15 62 4090168.574
15 63 5306122.458
15 64 2801178.693
15 65 8807751.165
15 66 7119535.49
15 67 341918.8728
15 68 1676832.064
15 69 5538547.98
15 70 6578434.007
15 71 7689676.688
15 72 6539595.807
15 73 9123233.785
15 74 9893334.179
15 75 3659478.474
15 76 7739739.947
15 77 2411719.788
15 78 1809159.033
15 79 6278616.868
15 80 6567643.171
15 81 7354460.131
15 82 3839968.579
15 83 6519885.113
15 84 9265932.955
15 85 6685954.369
15 86 6974145.35
15 87 7131426.441
15 88 7022930.774
15 89 5308696.339
15 90 7536757.207
15 91 1159655.169
15 92 9626838.469
15 93 3431941.501
15 94 8227129.485
15 95 8089752.132
15 96 3524707.54
15 97 5482161.356
15 98 5977318.897
15 99 6980184.409
16 17 4260810.854
16 18 3309885.7
16 19 1678168.268
16 20 7640247.988
16 21 7929155.501
16 22 2377947.66
16 23 1795512.078
16 24 4504336.852
16 25 2626181.157
16 26 2181559.252
16 27 7733099.811
16 28 1295268.981
16 29 4186505.009
16 30 7203438.257
16 31 818765.3208
16 32 5158350.739
16 33 5435793.493
16 34 6034624.062
16 35 5656815.229
16 36 2220659.832
16 37 2504966.358
16 38 7326281.349
16 39 4563326.602
16 40 1412939.869
16 41 4844137.9
16 42 8043816.394
16 43 6265711.199
16 44 6527176.711
16 45 7538752.523
16 46 1311924.665
16 47 2608730.759
16 48 2454047.689
16 49 7296667.007
16 50 8808910.092
16 51 4291037.444
16 52 4288447.712
16 53 4238955.817
16 54 771593.553
16 55 6688398.631
16 56 979165.6448
16 57 8939018.534
16 58 7902248.199
16 59 3404415.486
16 60 4414853.354
16 61 3708107.837
16 62 4965655.466
16 63 5061091.212
16 64 6433855.023
16 65 5407373.279
16 66 7244237.498
16 67 6952850.1
16 68 6666890.547
16 69 7452163.649
16 70 2881776.874
16 71 8948841.544
16 72 3579228.796
16 73 2021531.594
16 74 3822605.565
16 75 4944412.082
16 76 6718529.708
16 77 6348473.414
16 78 6118739.02
16 79 1019512.033
16 80 4812014.683
16 81 441774.8053
16 82 3456270.41
16 83 1062979.808
16 84 5331490.662
16 85 659522.5443
16 86 4015799.032
16 87 1185382.012
16 88 2610191.485
16 89 8357609.704
16 90 2982911.436
16 91 7639471.853
16 92 3441555.33
16 93 4176103.559
16 94 4347184.346
16 95 4592943.874
16 96 6375968.033
16 97 2798096.717
16 98 3399026.569
16 99 7375108.474
17 18 3713177.733
17 19 2673365.373
17 20 7628107.554
17 21 6977977.329
17 22 6019779.223
17 23 4102569.361
17 24 7068760.763
17 25 5072676.431
17 26 6442297.41
17 27 6284517.684
17 28 3059226.99
17 29 1248318.11
17 30 6902052.42
17 31 4860012.625
17 32 9108622.896
17 33 2531605.861
17 34 7009180.3
17 35 6719038.328
17 36 3466715.852
17 37 2204155.286
17 38 3469160.691
17 39 5880969.632
17 40 3737414.83
17 41 8369049.076
17 42 4533297.146
17 43 2170456.014
17 44 3419078.268
17 45 3695775.112
17 46 3194372.64
17 47 3080149.157
17 48 6616680.748
17 49 6934195.143
17 50 9437532.769
17 51 3012270.549
17 52 3452752.197
17 53 4465778.694
17 54 4616661.167
17 55 7172321.574
17 56 3384412.5
17 57 8944323.018
17 58 5993133.82
17 59 3465893.279
17 60 1385038.571
17 61 5399054.567
17 62 4831091.516
17 63 5816405.114
17 64 5060227.303
17 65 8258605.014
17 66 8276436.056
17 67 3965663.315
17 68 2786126.032
17 69 7439173.193
17 70 2709081.791
17 71 9528094.383
17 72 5779895.185
17 73 6200239.497
17 74 7897742.749
17 75 4455263.283
17 76 8355708.194
17 77 4730489.508
17 78 4082789.532
17 79 3863722.025
17 80 6536034.929
17 81 4645650.315
17 82 1299931.659
17 83 4219965.238
17 84 8472520.481
17 85 4144185.984
17 86 6345112.563
17 87 4871303.603
17 88 3206226.561
17 89 7808916.316
17 90 3666629.577
17 91 4928996.385
17 92 7543492.799
17 93 3379883.374
17 94 7333256.179
17 95 7386763.782
17 96 5495388.5
17 97 4360275.143
17 98 5232055.142
17 99 8265588.495
18 19 3213478.693
18 20 10115990.77
18 21 9943739.808
18 22 5682717.601
18 23 1652872.982
18 24 7745122.91
18 25 1884214.483
18 26 4866301.917
18 27 9456555.409
18 28 2437372.179
18 29 2700477.674
18 30 9521723.427
18 31 4117632.188
18 32 8238088.945
18 33 6063603.044
18 34 8855870.691
18 35 8491811.538
18 36 1097771.137
18 37 1847324.549
18 38 7149007.667
18 39 7424659.395
18 40 4132949.975
18 41 8120356.302
18 42 8246300.669
18 43 5793070.385
18 44 7066574.799
18 45 7374519.148
18 46 2222113.186
18 47 4652117.193
18 48 5477202.808
18 49 9589284.59
18 50 11597222.42
18 51 5787032.05
18 52 6047037.687
18 53 6569636.224
18 54 2946788.424
18 55 9342116.618
18 56 3292647.457
18 57 11467589.77
18 58 9348977.867
18 59 5480691.161
18 60 2771497.864
18 61 6638790.544
18 62 7204039.738
18 63 7729663.752
18 64 8130663.071
18 65 8705792.01
18 66 10137655.11
18 67 7602197.439
18 68 6476242.392
18 69 9919625.75
18 70 1067934.659
18 71 11721383.11
18 72 6680239.845
18 73 4249888.194
18 74 6849896.763
18 75 6995034.672
18 76 9795134.445
18 77 7894543.43
18 78 7388899.546
18 79 3889861.559
18 80 7838008.198
18 81 3711224.007
18 82 3997215.252
18 83 4158263.573
18 84 8641182.16
18 85 3786888.143
18 86 7181996.829
18 87 4485619.998
18 88 822107.5807
18 89 10600798.29
18 90 328295.2599
18 91 8522484.011
18 92 6462606.357
18 93 5935528.59
18 94 7646538.064
18 95 7874310.335
18 96 8346411.827
18 97 5542057.021
18 98 6352470.083
18 99 10220607.58
19 20 6921443.132
19 21 6884279.706
19 22 3404197.468
19 23 2404643.545
19 24 4878517.886
19 25 3496906.362
19 26 3825463.831
19 27 6525114.863
19 28 926231.5774
19 29 2898529.516
19 30 6356981.15
19 31 2191104.596
19 32 6463532.428
19 33 3811240.365
19 34 5657142.797
19 35 5298421.932
19 36 2254312.547
19 37 1580969.243
19 38 5649281.815
19 39 4250975.586
19 40 1190239.157
19 41 5838064.852
19 42 6396510.181
19 43 4598499.833
19 44 4908835.114
19 45 5862614.372
19 46 1191934.857
19 47 1456328.543
19 48 3945602.171
19 49 6431785.63
19 50 8386130.45
19 51 2886184.862
19 52 3018035.76
19 53 3371556.347
19 54 2235701.713
19 55 6128727.423
19 56 724608.1066
19 57 8269376.727
19 58 6570284.021
19 59 2310696.489
19 60 3145444.669
19 61 3513199.222
19 62 4033731.961
19 63 4518201.334
19 64 5190858.373
19 65 5986020.354
19 66 6946952.003
19 67 5361730.312
19 68 4988754.625
19 69 6725589.876
19 70 2322856.813
19 71 8509193.755
19 72 3672925.227
19 73 3696173.146
19 74 5227902.433
19 75 3876107.42
19 76 6685969.956
19 77 5031594.073
19 78 4683638.31
19 79 1211719.618
19 80 4730229.53
19 81 2011824.94
19 82 1778203.898
19 83 1575657.842
19 84 6084775.231
19 85 1470995.679
19 86 4221488.586
19 87 2209309.256
19 88 2392084.579
19 89 7465301.489
19 90 2949314.417
19 91 6113518.977
19 92 4871050.441
19 93 2901590.298
19 94 4974706.449
19 95 5109724.573
19 96 5283784.399
19 97 2385663.971
19 98 3251045.406
19 99 7019600.632
20 21 1683010.057
20 22 6539780.075
20 23 9188919.395
20 24 4635551.501
20 25 10202970.09
20 26 8497126.529
20 27 2584613.404
20 28 7794621.028
20 29 8750793.86
20 30 785839.3214
20 31 7262569.97
20 32 8177455.669
20 33 5563297.666
20 34 2014913.249
20 35 2313711.877
20 36 9171902.154
20 37 8332278.653
20 38 7138016.393
20 39 3240453.133
20 40 6282548.154
20 41 6684690.046
20 42 6514774.596
20 43 7501844.25
20 44 5579032.47
20 45 7163643.518
20 46 8053414.059
20 47 5468068.383
20 48 7859288.584
20 49 813282.1138
20 50 1988252.189
20 51 4628176.578
20 52 4226903.197
20 53 3549984.771
20 54 8407213.354
20 55 1122817.817
20 56 7054558.115
20 57 1353698.362
20 58 3401315.372
20 59 4636949.254
20 60 8949901.808
20 61 4070835.893
20 62 2925257.983
20 63 2600140.728
20 64 2922857.449
20 65 5233417.692
20 66 1903899.073
20 67 5340433.567
20 68 7041512.574
20 69 196524.0454
20 70 9139754.516
20 71 2028211.656
20 72 4484236.103
20 73 8984107.7
20 74 8035526.947
20 75 3211330.536
20 76 2990680.252
20 77 3331096.542
20 78 4057101.744
20 79 6651023.874
20 80 3424935.127
20 81 7541947.006
20 82 6527302.964
20 83 6586415.71
20 84 5872953.15
20 85 6981072.373
20 86 4421238.666
20 87 6786384.62
20 88 9300940.457
20 89 1095481.913
20 90 9865969.065
20 91 4845260.667
20 92 7982977.421
20 93 4320322.928
20 94 5370887.465
20 95 5023206.051
20 96 2258575.416
20 97 4842426.884
20 98 4367433.642
20 99 1656380.061
21 22 7310347.83
21 23 9269210.9
21 24 5796070.651
21 25 10340525.9
21 26 9158605.224
21 27 991575.8627
21 28 7804889.87
21 29 8186737.39
21 30 1192830.679
21 31 7715529.609
21 32 9379423.37
21 33 4620466.621
21 34 3298920.28
21 35 3473830.77
21 36 9112010.985
21 37 8102155.451
21 38 5827265.424
21 39 4080110.799
21 40 6517608.877
21 41 7919985.215
21 42 5039625.519
21 43 6419041.562
21 44 4356313.879
21 45 5816649.07
21 46 8071123.689
21 47 5460314.526
21 48 8628547.126
21 49 1076958.273
21 50 3513029.323
21 51 4172134.886
21 52 3899984.582
21 53 3695628.999
21 54 8697343.207
21 55 2485138.932
21 56 7183270.508
21 57 2402166.461
21 58 1789704.281
21 59 4599025.142
21 60 8355215.849
21 61 4767657.309
21 62 2966366.679
21 63 3325359.275
21 64 1919076.598
21 65 6592649.613
21 66 3554748.906
21 67 4011537.528
21 68 5850546.764
21 69 1650210.274
21 70 8906812.682
21 71 3507633.96
21 72 5308202.244
21 73 9536797.623
21 74 9036244.797
21 75 3018073
21 76 4569056.671
21 77 2274836.959
21 78 2992782.279
21 79 6909761.974
21 80 4507325.895
21 81 7924127.035
21 82 6068422.298
21 83 6934185.768
21 84 7209229.401
21 85 7290984.594
21 86 5409628.419
21 87 7277087.516
21 88 9159700.344
21 89 990598.736
21 90 9733133.23
21 91 3348118.54
21 92 8922170.118
21 93 4013295.235
21 94 6530623.338
21 95 6224811.927
21 96 1602580.416
21 97 5218452.145
21 98 5016988.146
21 99 3322015.883
22 23 4107896.195
22 24 2420719.79
22 25 4709422.099
22 26 1992080.509
22 27 7418411.427
22 28 3528929.678
22 29 6280987.034
22 30 6326303.214
22 31 1565086.164
22 32 3098720.365
22 33 6331271.022
22 34 4625330.506
22 35 4270229.505
22 36 4597881.275
22 37 4731341.484
22 38 8478290.537
22 39 3309170.433
22 40 2283208.642
22 41 2489014.786
22 42 8893246.791
22 43 7692790.233
22 44 7314964.253
22 45 8663051.539
22 46 3627427.233
22 47 3274176.867
22 48 1325403.726
22 49 6439466.471
22 50 7251344.635
22 51 4780361.957
22 52 4535549.296
22 53 3863368.478
22 54 2835736.36
22 55 5449384.981
22 56 2788474.498
22 57 7689086.218
22 58 7822243.946
22 59 3632235.668
22 60 6524667.78
22 61 2543987.125
22 62 4518595.764
22 63 4021425.117
22 64 6299895.851
22 65 3106203.307
22 66 5627498.057
22 67 7609987.674
22 68 7894984.256
22 69 6377385.123
22 70 5224662.597
22 71 7404951.874
22 72 2056240.285
22 73 2602955.954
22 74 2035848.875
22 75 4717824.609
22 76 4846376.496
22 77 6367029.164
22 78 6412843.146
22 79 2194970.955
22 80 3203560.183
22 81 1972991.886
22 82 4888939.405
22 83 1830412.311
22 84 2964706.125
22 85 2043644.106
22 86 2209523.221
22 87 1255715.195
22 88 4985825.789
22 89 7463850.471
22 90 5354844.466
22 91 8047146.743
22 92 1773343.843
22 93 4455867.341
22 94 2063331.346
22 95 2372881.416
22 96 5978193.901
22 97 2412309.372
22 98 2297924.014
22 99 5818348.301
23 24 6299842.474
23 25 1097970.672
23 26 3222774.511
23 27 8929656.235
23 28 1479154.18
23 29 3505468.858
23 30 8677682.908
23 31 2556199.927
23 32 6585231.727
23 33 6003801.165
23 34 7715831.177
23 35 7340782.51
23 36 770077.0435
23 37 1902195.668
23 38 7525599.926
23 39 6248530.353
23 40 2933110.755
23 41 6503448.671
23 42 8462902.873
23 43 6271230.903
23 44 7086744.246
23 45 7750642.518
23 46 1215503.123
23 47 3809749.924
23 48 3825101.954
23 49 8760087.272
23 50 10491298.85
23 51 5281460.877
23 52 5421791.198
23 53 5671073.069
23 54 1305397.137
23 55 8306060.118
23 56 2134397.953
23 57 10518752.18
23 58 8963505.065
23 59 4672457.474
23 60 3673849.737
23 61 5412463.412
23 62 6368597.007
23 63 6669339.324
23 64 7595497.24
23 65 7184147.965
23 66 8958768.971
23 67 7582683.714
23 68 6839268.831
23 69 8995707.51
23 70 1712672.292
23 71 10625867.47
23 72 5345419.491
23 73 2642814.922
23 74 5197083.045
23 75 6252248.679
23 76 8489161.182
23 77 7431544.026
23 78 7053179.081
23 79 2602764.886
23 80 6560902.368
23 81 2144837.226
23 82 3838837.72
23 83 2786552.734
23 84 7072111.408
23 85 2381193.002
23 86 5801446.753
23 87 2975425.94
23 88 1215087.093
23 89 9808263.671
23 90 1333679.286
23 91 8407498.824
23 92 4809742.008
23 93 5305281.952
23 94 6125069.352
23 95 6381968.422
23 96 7673322.952
23 97 4399411.481
23 98 5108972.306
23 99 9072872.898
24 25 7037500.888
24 26 4354320.624
24 27 6191652.454
24 28 5366984.855
24 29 7690506.508
24 30 4654094.346
24 31 3785035.561
24 32 3584388.255
24 33 6463505.017
24 34 2620735.601
24 35 2351973.892
24 36 6649163.773
24 37 6431941.398
24 38 8650667.958
24 39 1882823.544
24 40 3718747.037
24 41 2131968.168
24 42 8715119.51
24 43 8224316.796
24 44 7214786.201
24 45 8791903.998
24 46 5543868.3
24 47 3988612.042
24 48 3570200.549
24 49 4775172.899
24 50 4961082.53
24 51 4808071.247
24 52 4389227.428
24 53 3290247.794
24 54 5116284.071
24 55 3514798.503
24 56 4509971.413
24 57 5594911.478
24 58 6790675.391
24 59 3788554.739
24 60 7937657.558
24 61 1780624.167
24 62 3639134.724
24 63 2595776.625
24 64 5388779
24 65 1210924.064
24 66 3351436.66
24 67 7344730.313
24 68 8195963.142
24 69 4510098.283
24 70 7085339.888
24 71 5119140.447
24 72 1291126.881
24 73 5013553.576
24 74 3436133.622
24 75 4024523.441
24 76 2449495.514
24 77 5603073.401
24 78 5924300.593
24 79 3879450.381
24 80 1292842.908
24 81 4184773.022
24 82 5780983.853
24 83 3588228.043
24 84 1611418.285
24 85 3960865.285
24 86 735293.1421
24 87 3330621.612
24 88 6971936.844
24 89 5680619.01
24 90 7426693.283
24 91 7485061.467
24 92 3438814.295
24 93 4365979.856
24 94 739442.5822
24 95 450290.0405
24 96 4841714.029
24 97 2708797.109
24 98 1862743.805
24 99 3576485.803
25 26 3379716.956
25 27 10019249.59
25 28 2573754.67
25 29 4318524.995
25 30 9716727.51
25 31 3255756.545
25 32 6795876.579
25 33 7081666.458
25 34 8655575.208
25 35 8278130.476
25 36 1605993.984
25 37 2878858.755
25 38 8529628.739
25 39 7183797.592
25 40 3921016.727
25 41 6947927.121
25 42 9506397.836
25 43 7240164.137
25 44 8158306.968
25 45 8755789.313
25 46 2311835.324
25 47 4881223.385
25 48 4127710.309
25 49 9802443.668
25 50 11431601.21
25 51 6377909.137
25 52 6510387.621
25 53 6713109.929
25 54 1927148.979
25 55 9286780.073
25 56 3168441.128
25 57 11520969.38
25 58 10060706.8
25 59 5741521.708
25 60 4449161.969
25 61 6331803.235
25 62 7420555.667
25 63 7651998.43
25 64 8686397.715
25 65 7815035.07
25 66 9870402.016
25 67 8660700.636
25 68 7843268.015
25 69 10011512.28
25 70 2462882.551
25 71 11570404.92
25 72 6196153.934
25 73 2659642.853
25 74 5415025.616
25 75 7322463.986
25 76 9324975.778
25 77 8527057.4
25 78 8151028.159
25 79 3560763.31
25 80 7434628.396
25 81 2867104.691
25 82 4915306.436
25 83 3682443.045
25 84 7624767.044
25 85 3272492.873
25 86 6608307.838
25 87 3727191.015
25 88 1922082.231
25 89 10855802.66
25 90 1680086.626
25 91 9496608.573
25 92 5042491.162
25 93 6393843.551
25 94 6770939.754
25 95 7063637.695
25 96 8748930.959
25 97 5376312.532
25 98 6023339.033
25 99 9999972.445
26 27 9163833.474
26 28 3437583.645
26 29 6309503.832
26 30 8235670.244
26 31 1717168.209
26 32 3419999.86
26 33 7439121.364
26 34 6610564.6
26 35 6251131.222
26 36 3928851.2
26 37 4593239.949
26 38 9431571.885
26 39 5256759.109
26 40 3141318.809
26 41 3676972.188
26 42 10060571.69
26 43 8423602.409
26 44 8505919.609
26 45 9638083.703
26 46 3385388.098
26 47 4405034.622
26 48 841113.7757
26 49 8345056.348
26 50 9240892.117
26 51 6092990.678
26 52 5968088.94
26 53 5553902.121
26 54 2018196.469
26 55 7420750.331
26 56 3101969.69
26 57 9671146.796
26 58 9477461.292
26 59 5030877.748
26 60 6527042.082
26 61 4444982.414
26 62 6260473.345
26 63 5936876.355
26 64 7956794.629
26 65 4809687.772
26 66 7616672.309
26 67 8884685.515
26 68 8786753.141
26 69 8329181.079
26 70 4788748.353
26 71 9394999.563
26 72 4020406.358
26 73 762130.1354
26 74 2035496.729
26 75 6377529.972
26 76 6801836.676
26 77 7957852.349
26 78 7870725.305
26 79 2818437.411
26 80 5194447.676
26 81 1813705.411
26 82 5586652.538
26 83 2568860.357
26 84 4481698.027
26 85 2427090.963
26 86 4201354.801
26 87 1995522.256
26 88 4379265.871
26 89 9386501.707
26 90 4553501.998
26 91 9468741.155
26 92 1663869.392
26 93 5868537.223
26 94 3863276.643
26 95 4222372.086
26 96 7734440.669
26 97 4005096.771
26 98 4166400.811
26 99 7809812.381
27 28 7451174.159
27 29 7518369.473
27 30 1931753.246
27 31 7621032.892
27 32 9738264.625
27 33 3830788.621
27 34 3884578.267
27 35 3979478.251
27 36 8696574.954
27 37 7609599.853
27 38 4865748.449
27 39 4362151.675
27 40 6326244.993
27 41 8321618.465
27 42 4048967.913
27 43 5532958.326
27 44 3438882.959
27 45 4845700.409
27 46 7716326.82
27 47 5166443.608
27 48 8709535.166
27 49 1842491.506
27 50 4486274.805
27 51 3682547.988
27 52 3508925.286
27 53 3610185.976
27 54 8487355.402
27 55 3181664.636
27 56 6911375.031
27 57 3393196.753
27 58 817395.0336
27 59 4332283.235
27 60 7669508.807
27 61 4923462.966
27 62 2909392.05
27 63 3610684.663
27 64 1336456.221
27 65 7105855.159
27 66 4369676.038
27 67 3057929.941
27 68 4927917.068
27 69 2510202.393
27 70 8400269.737
27 71 4487732.481
27 72 5512831.605
27 73 9469709.195
27 74 9260443.569
27 75 2807699.906
27 76 5293692.501
27 77 1574010.814
27 78 2208878.848
27 79 6720678.523
27 80 4904258.659
27 81 7783046.761
27 82 5496027.785
27 83 6796735.446
27 84 7695041.827
27 85 7121852.106
27 86 5709891.306
27 87 7215509.006
27 88 8699074.315
27 89 1977928.652
27 90 9269625.264
27 91 2357659.445
27 92 9107399.15
27 93 3625466.294
27 94 6906392.216
27 95 6635863.578
27 96 1440230.379
27 97 5161392.544
27 98 5131590.535
27 99 4159613.035
28 29 2891824.745
28 30 7251814.276
28 31 2053678.232
28 32 6433722.832
28 33 4618312.038
28 34 6436758.987
28 35 6069071.775
28 36 1394096.739
28 37 1220395.296
28 38 6310923.883
28 39 4994255.971
28 40 1697723.345
28 41 6017845.776
28 42 7151955.343
28 43 5153305.73
28 44 5713288.375
28 45 6531152.148
28 46 266321.8693
28 47 2356259.679
28 48 3748812.333
28 49 7329828.343
28 50 9193572.751
28 51 3804437.345
28 52 3944258.351
28 53 4251907.034
28 54 1559330.514
28 55 6961954.022
28 56 863126.1187
28 57 9136538.413
28 58 7487951.889
28 59 3218142.835
28 60 3119589.966
28 61 4201677.919
28 62 4931924.172
28 63 5334146.809
28 64 6116641.505
28 65 6392624.288
28 66 7711153.425
28 67 6189210.909
28 68 5633039.898
28 69 7599633.217
28 70 1728655.378
28 71 9321660.089
28 72 4255657.903
28 73 3142616.843
28 74 5112134.342
28 75 4792213.14
28 76 7359144.78
28 77 5953320.335
28 78 5587341.915
28 79 1487636.843
28 80 5401182.631
28 81 1729297.626
28 82 2484727.256
28 83 1799854.853
28 84 6403151.061
28 85 1492129.887
28 86 4771025.454
28 87 2273461.32
28 88 1628219.555
28 89 8369924.374
28 90 2142383.94
28 91 6979006.692
28 92 4733173.619
28 93 3827806.324
28 94 5345280.635
28 95 5535972.322
28 96 6205768.885
28 97 3111961.384
28 98 3915186.144
28 99 7801820.872
29 30 8046477.467
29 31 4914942.721
29 32 9288340.763
29 33 3779637.508
29 34 7968092.907
29 35 7652850.896
29 36 2766889.359
29 37 1721960.445
29 38 4489517.428
29 39 6730604.495
29 40 4083532.039
29 41 8734196.817
29 42 5645099.198
29 43 3116348.679
29 44 4639712.584
29 45 4712527.964
29 46 2924169.273
29 47 3790508.871
29 48 6637809.612
29 49 8086207.873
29 50 10501407.33
29 51 4124776.34
29 52 4529762.299
29 53 5435971.143
29 54 4335373.079
29 55 8216618.608
29 56 3498146.449
29 57 10083600.53
29 58 7240529.026
29 59 4363006.738
29 60 248137.3644
29 61 6141146.573
29 62 5886931.806
29 63 6770115.166
29 64 6274317.555
29 65 8838099.135
29 66 9256881.122
29 67 5187769.912
29 68 3833056.824
29 69 8558620.24
29 70 1855781.953
29 71 10600286.51
29 72 6430376.952
29 73 5929722.51
29 74 7991173.994
29 75 5546137.826
29 76 9225299.533
29 77 5956519.146
29 78 5322818.634
29 79 4089937.107
29 80 7331964.121
29 81 4616610.922
29 82 2235967.2
29 83 4453292.372
29 84 8970890.44
29 85 4265128.031
29 86 6995274.594
29 87 5048650.038
29 88 2397296.125
29 89 8992878.709
29 90 2734925.8
29 91 6160920.17
29 92 7615972.111
29 93 4442992.432
29 94 7849826.774
29 95 7958769.632
29 96 6673706.026
29 97 5034086.086
29 98 5930028.171
29 99 9269624.701
30 31 6894982.237
30 32 8237186.743
30 33 4787324.984
30 34 2111992.216
30 35 2309710.979
30 36 8611103.469
30 37 7713781.338
30 38 6356356.513
30 39 3031035.816
30 40 5814496.35
30 41 6765437.843
30 42 5759247.07
30 43 6719170.588
30 44 4794350.538
30 45 6385115.412
30 46 7514572.34
30 47 4901283.125
30 48 7651596.676
30 49 121201.7861
30 50 2770919.323
30 51 3923073.597
30 52 3547225.957
30 53 3006615.245
30 54 7974779.87
30 55 1295216.607
30 56 6550611.294
30 57 2042419.228
30 58 2732178.355
30 59 4049292.626
30 60 8239454.965
30 61 3793753.452
30 62 2323447.666
30 63 2305286.395
30 64 2137341.265
30 65 5409266.504
30 66 2437925.597
30 67 4563696.725
30 68 6255674.145
30 69 640184.318
30 70 8523601.022
30 71 2813811.988
30 72 4284095.523
30 73 8671032.662
30 74 7961902.708
30 75 2545215.468
30 76 3395090.08
30 77 2545520.105
30 78 3271367.929
30 79 6195464.716
30 80 3377878.389
30 81 7144359.197
30 82 5837695.565
30 83 6167773.566
30 84 6030732.658
30 85 6549055.772
30 86 4320993.397
30 87 6433228.249
30 88 8713836.556
30 89 1160478.133
30 90 9283493.701
30 91 4103874.313
30 92 7871927.1
30 93 3647260.05
30 94 5392543.168
30 95 5073674.63
30 96 1477575.418
30 97 4418846.201
30 98 4069441.419
30 99 2230672.399
31 32 4381637.092
31 33 5721990.664
31 34 5537812.809
31 35 5161247.046
31 36 3034142.56
31 37 3274064.484
31 38 7728796.371
31 39 4084195.418
31 40 1428608.333
31 41 4025374.101
31 42 8343410.821
31 43 6759715.963
31 44 6789525.54
31 45 7932952.002
31 46 2109865.906
31 47 2700152.03
31 48 1757093.735
31 49 6995959.375
31 50 8289306.842
31 51 4398710.835
31 52 4306196.702
31 53 4033276.792
31 54 1331321.943
31 55 6254786.408
31 56 1475924.996
31 57 8522365.07
31 58 7872965.635
31 59 3375906.986
31 60 5150235.507
31 61 3223334.651
31 62 4759742.13
31 63 4662496.86
31 64 6366846.22
31 65 4628467.399
31 66 6694672.358
31 67 7173092.188
31 68 7091377.679
31 69 7081039.764
31 70 3694756.871
31 71 8434551.571
31 72 2985740.194
31 73 1853237.718
31 74 3078410.238
31 75 4813691.521
31 76 6083350.2
31 77 6333311.572
31 78 6197292.428
31 79 1102957.979
31 80 4233053.757
31 81 411447.7495
31 82 3909441.36
31 83 864671.3041
31 84 4526578.717
31 85 730034.7311
31 86 3362103.116
31 87 490383.2763
31 88 3428544.115
31 89 8055449.364
31 90 3789763.57
31 91 7778274.892
31 92 2707848.778
31 93 4201896.213
31 94 3570079.906
31 95 3836015.035
31 96 6217150.688
31 97 2497452.532
31 98 2915750.055
31 99 6845967.346
32 33 9329305.565
32 34 6175043.919
32 35 5930309.554
32 36 7237175.543
32 37 7653726.388
32 38 11508473.24
32 39 5377506.638
32 40 5378047.421
32 41 1497663.084
32 42 11821992.36
32 43 10779277.2
32 44 10254600
32 45 11684017.77
32 46 6470241.596
32 47 6335281.65
32 48 2764709.389
32 49 8358334.367
32 50 8152722.002
32 51 7714523.505
32 52 7398544.471
32 53 6500952.083
32 54 5303974.887
32 55 7067763.363
32 56 5800293.274
32 57 9011267.122
32 58 10290785.27
32 59 6565574.091
32 60 9526288.773
32 61 4940382.872
32 62 7018465.272
32 63 6127776.945
32 64 8828080.228
32 65 3055016.875
32 66 6662506.066
32 67 10491936.5
32 68 10948477.5
32 69 8064952.274
32 70 8016183.317
32 71 8311739.873
32 72 4317944.346
32 73 4141580.505
32 74 1390776.272
32 75 7332108.819
32 76 5551740.753
32 77 8985334.456
32 78 9177602.843
32 79 5253949.048
32 80 4872406.472
32 81 4716680.737
32 82 7987281.656
32 83 4892872.47
32 84 2424508.984
32 85 5027486.394
32 86 4033254.889
32 87 4256380.746
32 88 7673230.868
32 89 9243143.544
32 90 7917135.114
32 91 10799966.8
32 92 1776154.107
32 93 7337576.967
32 94 2848848.099
32 95 3165668.364
32 96 8348798.933
32 97 5302771.3
32 98 4830004.774
32 99 6920941.937
33 34 5496715.434
33 35 5304277.306
33 36 5546665.249
33 37 4300236.673
33 38 2199996.883
33 39 4800006.479
33 40 4305825.562
33 41 8247970.715
33 42 2621590.484
33 43 1979599.605
33 44 1097907.162
33 45 2361227.541
33 46 4848853.62
33 47 3086916.051
33 48 7324969.374
33 49 4790947.718
33 50 7504698.641
33 51 1660200.013
33 52 2079538.441
33 53 3231920.59
33 54 6046407.719
33 55 5383953.964
33 56 4458938.961
33 57 6792274.023
33 58 3471776.534
33 59 2774534.667
33 60 3901532.109
33 61 4686955.615
33 62 3215860.969
33 63 4427023.688
33 64 2729368.269
33 65 7660807.59
33 66 6628301.498
33 67 1579129.994
33 68 1745602.52
33 69 5391711.652
33 70 5001649.141
33 71 7568485.859
33 72 5249785.026
33 73 7446075.966
33 74 8365381.643
33 75 2760187.561
33 76 7016090.972
33 77 2348385.655
33 78 1631979.64
33 79 4621775.646
33 80 5533134.277
33 81 5683620.767
33 82 2166376.035
33 83 4881836.301
33 84 8048901.525
33 85 5022855.916
33 86 5744231.525
33 87 5511505.851
33 88 5414178.714
33 89 5529053.656
33 90 5948185.324
33 91 2459300.52
33 92 8077400.608
33 93 2097543.835
33 94 6953928.578
33 95 6872993.597
33 96 3310964.214
33 97 4033188.556
33 98 4664491.041
33 99 6548579.643
34 35 377979.7409
34 36 7829855.013
34 37 7194531.754
34 38 7472579.255
34 39 1471778.05
34 40 4789077.208
34 41 4688187.194
34 42 7178976.646
34 43 7464242.402
34 44 5897081.028
34 45 7557579.596
34 46 6677247.927
34 47 4292110.314
34 48 5926354.627
34 49 2231767.622
34 50 2777011.193
34 51 4093341.191
34 52 3617515.903
34 53 2544654.446
34 54 6776702.274
34 55 894706.5148
34 56 5618209.579
34 57 3064796.474
34 58 4605587.388
34 59 3607106.667
34 60 8194786.709
34 61 2328205.281
34 62 2290304.976
34 63 1198255.948
34 64 3476288.55
34 65 3297645.5
34 66 1298573.694
34 67 5842307.542
34 68 7193009.834
34 69 1891709.904
34 70 7972396.176
34 71 2914834.702
34 72 2602974.999
34 73 7153684.834
34 74 6027987.359
34 75 2740190.682
34 76 1557721.866
34 77 3813089.574
34 78 4377239.858
34 79 5114426.388
34 80 1437503.246
34 81 5863320.883
34 82 5758932.73
34 83 4973789.251
34 84 3922076.006
34 85 5383245.879
34 86 2446533.315
34 87 5048694.029
34 88 8034510.058
34 89 3068151.003
34 90 8573908.253
34 91 5674889.255
34 92 5988114.638
34 93 3667161.314
34 94 3356826.1
34 95 3013352.361
34 96 2779666.234
34 97 3329753.65
34 98 2638103.778
34 99 1365154.969
35 36 7461403.164
35 37 6843164.701
35 38 7329079.494
35 39 1094468.205
35 40 4415906.509
35 41 4455768.411
35 42 7097677.965
35 43 7258134.316
35 44 5766057.182
35 45 7423904.057
35 46 6308026.047
35 47 3948815.605
35 48 5577664.953
35 49 2430904.593
35 50 3153854.993
35 51 3845270.539
35 52 3367082.504
35 53 2256202.772
35 54 6398725.637
35 55 1195057.93
35 56 5246879.387
35 57 3420047.549
35 58 4664428.318
35 59 3290041.307
35 60 7882145.509
35 61 1950225.663
35 62 2088894.193
35 63 909143.6514
35 64 3443530.8
35 65 3134083.192
35 66 1648587.579
35 67 5745180.676
35 68 7020149.17
35 69 2173670.271
35 70 7616815.475
35 71 3292323.477
35 72 2236433.8
35 73 6786008.793
35 74 5723602.46
35 75 2545732.002
35 76 1712078.663
35 77 3754620.441
35 78 4272936.047
35 79 4738830.241
35 80 1111225.137
35 81 5485653.969
35 82 5456233.958
35 83 4596160.62
35 84 3739925.231
35 85 5005719.735
35 86 2111575.622
35 87 4672374.156
35 88 7670949.634
35 89 3333411.485
35 90 8207934.238
35 91 5641664.968
35 92 5669626.765
35 93 3408195.091
35 94 3091416.319
35 95 2765180.142
35 96 2777000.954
35 97 2959362.648
35 98 2260126.886
35 99 1734639.877
36 37 1279632.69
36 38 6926061.929
36 39 6383609.174
36 40 3067727.902
36 41 7050992.823
36 42 7919697.112
36 43 5634355.226
36 44 6606938.576
36 45 7152372.272
36 46 1154879.29
36 47 3710590.272
36 48 4473004.998
36 49 8685345.329
36 50 10587667.8
36 51 5015518.349
36 52 5218411.673
36 53 5623283.549
36 54 1936099.42
36 55 8353485.91
36 56 2226028.795
36 57 10517467.73
36 58 8663420.614
36 59 4563230.227
36 60 2923762.514
36 61 5581153.228
36 62 6287722.068
36 63 6727433.549
36 64 7360793.411
36 65 7608860.605
36 66 9101733.078
36 67 7121086.304
36 68 6239994.306
36 69 8976341.706
36 70 944953.3505
36 71 10715669.47
36 72 5598151.219
36 73 3388534.17
36 74 5857561.113
36 75 6118428.246
36 76 8723797.211
36 77 7160852.582
36 78 6721012.792
36 79 2805376.284
36 80 6770639.843
36 81 2632035.945
36 82 3391237.116
36 83 3064216.46
36 84 7551098.329
36 85 2689663.328
36 86 6093024.707
36 87 3390728.824
36 88 453563.8261
36 89 9715950.092
36 90 777626.3521
36 91 7987994.934
36 92 5469070.738
36 93 5103465.506
36 94 6549898.537
36 95 6776541.759
36 96 7509431.758
36 97 4502792.36
36 98 5289480.369
36 99 9194770.56
37 38 5651062.003
37 39 5813844.425
37 40 2713668.488
37 41 7217148.789
37 42 6640856.715
37 43 4374551.993
37 44 5345921.49
37 45 5877142.206
37 46 1211011.039
37 47 2913291.391
37 48 4957135.947
37 49 7776969.113
37 50 9890369.381
37 51 3940482.651
37 52 4210896.404
37 53 4806600.26
37 54 2613579.935
37 55 7612211.928
37 56 1970409.83
37 57 9685948.859
37 58 7514114.002
37 59 3700921.887
37 60 1934226.091
37 61 5092073.268
37 62 5408802.916
37 63 6031897.968
37 64 6283340.232
37 65 7508807.78
37 66 8490326.786
37 67 5866921.402
37 68 4964602.604
37 69 8135770.37
37 70 810001.2043
37 71 10007743.18
37 72 5247715.408
37 73 4209577.217
37 74 6327286.691
37 75 5175197.867
37 76 8263295.293
37 77 6049184.506
37 78 5556694.686
37 79 2606086.218
37 80 6309523.989
37 81 2943691.055
37 82 2174896.11
37 83 2950743.798
37 84 7560307.837
37 85 2687705.115
37 86 5790831.91
37 87 3476683.516
37 88 1118059.855
37 89 8776400.726
37 90 1672702.092
37 91 6753755.743
37 92 5946520.169
37 93 4100909.018
37 94 6476617.77
37 95 6639249.232
37 96 6507725.969
37 97 3962166.247
37 98 4831924.114
37 99 8550318.833
38 39 6939484.996
38 40 6354497.2
38 41 10446912.42
38 42 1280404.404
38 43 1381029.321
38 44 1586980.16
38 45 226614.4512
38 46 6499342.704
38 47 5206285.164
38 48 9400995.733
38 49 6325902.359
38 50 9126208.289
38 51 3858508.68
38 52 4261511.089
38 53 5387564.885
38 54 7841302.007
38 55 7207333.717
38 56 6354746.986
38 57 8200136.377
38 58 4197836.311
38 59 4970699.424
38 60 4489948.074
38 61 6878979.806
38 62 5261657.569
38 63 6493636.459
38 64 4228257.613
38 65 9841381.046
38 66 8492816.77
38 67 1817441.892
38 68 686635.0291
38 69 6994821.102
38 70 6173600.129
38 71 9162545.178
38 72 7447884.336
38 73 9345422.106
38 74 10503660.73
38 75 4807804.526
38 76 9023782.25
38 77 3824314.894
38 78 3139318.983
38 79 6629197.015
38 80 7673609.507
38 81 7631403.306
38 82 3872034.368
38 83 6924832.243
38 84 10242644.26
38 85 7006351.007
38 86 7936271.535
38 87 7576055.599
38 88 6675366.269
38 89 6814109.652
38 90 7126010.378
38 91 2610398.19
38 92 10200740.23
38 93 4288670.688
38 94 9152414.818
38 95 9065155.09
38 96 4936746.368
38 97 6224614.032
38 98 6863460.187
38 99 8372307.487
39 40 3328312.743
39 41 3983654.682
39 42 6897980.5
39 43 6677868.402
39 44 5442226.927
39 45 7062708.955
39 46 5228993.043
39 47 2961635.814
39 48 4633428.777
39 49 3147012.496
39 50 4248317.65
39 51 3202505.196
39 52 2738698.619
39 53 1570715.055
39 54 5307795.054
39 55 2181192.078
39 56 4163256.517
39 57 4449164.391
39 58 4924639.904
39 59 2415513.421
39 60 6966865.172
39 61 861834.8833
39 62 1774076.731
39 63 759106.7667
39 64 3506249.312
39 65 2971760.715
39 66 2718737.753
39 67 5524605.556
39 68 6545349.261
39 69 3072949.536
39 70 6573790.471
39 71 4386608.812
39 72 1255831.866
39 73 5753194.84
39 74 4956140.351
39 75 2186458.979
39 76 2494723.763
39 77 3723652.52
39 78 4078590.767
39 79 3645979.597
39 80 734359.7587
39 81 4399611.383
39 82 4589939.773
39 83 3502113.691
39 84 3474549.695
39 85 3911484.801
39 86 1348304.686
39 87 3597623.346
39 88 6605728.123
39 89 4157350.549
39 90 7136001.103
39 91 5612658.568
39 92 4848085.908
39 93 2746782.277
39 94 2563166.628
39 95 2332959.439
39 96 2976713.384
39 97 1882788.864
39 98 1171336.42
39 99 2824358.011
40 41 4667166.093
40 42 6925240.864
40 43 5463011.365
40 44 5365776.742
40 45 6553103.092
40 46 1914775.853
40 47 1274763.596
40 48 3047069.218
40 49 5904675.682
40 50 7561704.161
40 51 2977857.959
40 52 2917251.381
40 53 2831936.778
40 54 2179734.33
40 55 5375293.555
40 56 841915.0223
40 57 7600605.193
40 58 6519010.185
40 59 2008302.919
40 60 4331079.486
40 61 2513939.134
40 62 3556391.792
40 63 3738510.531
40 64 5035785.877
40 65 4804241.872
40 66 6046160.566
40 67 5744748.103
40 68 5734294.129
40 69 6091545.891
40 70 3380908.333
40 71 7695015.072
40 72 2563534.676
40 73 3241507.719
40 74 4217220.393
40 75 3532434.191
40 76 5662203.536
40 77 4968415.992
40 78 4789062.94
40 79 394666.1771
40 80 3705436.635
40 81 1480821.661
40 82 2625716.868
40 83 576021.7757
40 84 4894536.878
40 85 801659.4745
40 86 3090815.272
40 87 1222096.573
40 88 3325919.509
40 89 6963745.966
40 90 3832284.224
40 91 6356447.514
40 92 3886018.769
40 93 2808566.402
40 94 3786306.953
40 95 3930638.363
40 96 4963239.798
40 97 1466303.246
40 98 2221933.076
40 99 6150252.893
41 42 10647945.38
41 43 9844621.063
41 44 9103861.685
41 45 10608072.41
41 46 6113998.276
41 47 5405627.174
41 48 2852882.713
41 49 6886636.674
41 50 6681755.691
41 51 6597057.772
41 52 6234227.418
41 53 5241160.282
41 54 5200647.644
41 55 5578777.818
41 56 5262076.929
41 57 7515956.47
41 58 8907638.234
41 59 5477513.911
41 60 8980082.958
41 61 3662874.554
41 62 5691130.258
41 63 4717587.608
41 64 7478469.73
41 65 1586557.915
41 66 5171532.122
41 67 9293215.059
41 68 9929742.747
41 69 6575226.007
41 70 7709940.371
41 71 6841283.466
41 72 3049086.223
41 73 4438065.796
41 74 1924229.149
41 75 6039995.559
41 76 4074028.303
41 77 7666335.745
41 78 7922529.377
41 79 4647936.594
41 80 3424412.782
41 81 4420350.462
41 82 7158605.367
41 83 4287441.268
41 84 996890.6605
41 85 4530303.543
41 86 2670119.425
41 87 3744413.397
41 88 7453095.128
41 89 7754820.383
41 90 7792166.652
41 91 9521103.478
41 92 2151012.259
41 93 6187788.924
41 94 1420489.819
41 95 1695456.364
41 96 6958777.398
41 97 4236851.001
41 98 3611143.108
41 99 5428019.311
42 43 2604619.911
42 44 1578404.794
42 45 1114365.251
42 46 7364816.543
42 47 5691686.571
42 48 9931491.062
42 49 5707494.328
42 50 8484651.067
42 51 4118727.002
42 52 4425876.145
42 53 5430490.301
42 54 8629173.859
42 55 6771582.591
42 56 7064919.15
42 57 7441791.386
42 58 3290199.944
42 59 5272067.809
42 60 5671233.743
42 61 6996640.528
42 62 5136123.867
42 63 6343138.924
42 64 3737200.191
42 65 9864027.784
42 66 8060222.397
42 67 1373382.55
42 68 1834157.248
42 69 6395912.719
42 70 7233617.068
42 71 8501268.687
42 72 7601174.344
42 73 10059743.24
42 74 10928509.95
42 75 4711522.61
42 76 8733583.953
42 77 3371777.387
42 78 2836304.622
42 79 7243364.602
42 80 7617487.85
42 81 8302185.103
42 82 4667304.179
42 83 7501080.898
42 84 10326211.63
42 85 7643889.166
42 86 8035763.242
42 87 8125472.374
42 88 7710858.418
42 89 6026695.122
42 90 8194220.517
42 91 1691514.763
42 92 10655181.93
42 93 4484461.931
42 94 9289049.828
42 95 9150551.249
42 96 4462310.127
42 97 6528693.343
42 98 7037856.88
42 99 7905355.434
43 44 2112334.304
43 45 1600477.342
43 46 5316433.125
43 47 4454329.278
43 48 8486381.222
43 49 6713116.983
43 50 9461436.858
43 51 3475429.106
43 52 3941997.41
43 53 5111256.503
43 54 6708487.951
43 55 7362692.277
43 56 5321638.284
43 57 8688904.703
43 58 4996520.884
43 59 4437930.368
43 60 3110043.679
43 61 6448721.687
43 62 5176003.216
43 63 6367831.215
43 64 4607569.948
43 65 9434421.916
43 66 8607489.053
43 67 2589223.479
43 68 778362.4773
43 69 7336367.191
43 70 4842079.21
43 71 9519684.46
43 72 6960132.86
43 73 8260954.791
43 74 9676937.898
43 75 4724065.774
43 76 8969545.025
43 77 4205240.025
43 78 3466466.246
43 79 5685235.195
43 80 7402355.866
43 81 6609914.965
43 82 2852197.031
43 83 6011508.158
43 84 9764856.649
43 85 6029681.752
43 86 7491162.821
43 87 6674350.366
43 88 5356560.757
43 89 7371573.94
43 90 5785202.533
43 91 3557111.583
43 92 9349023.324
43 93 3931216.787
43 94 8639208.478
43 95 8607447.987
43 96 5243305.381
43 97 5620553.929
43 98 6373060.121
43 99 8527976.581
44 45 1660506.163
44 46 5941398.851
44 47 4121184.498
44 48 8358559.224
44 49 4770269.052
44 50 7564999.693
44 51 2543560.554
44 52 2870117.227
44 53 3925285.136
44 54 7143670.025
44 55 5620448.124
44 56 5551908.221
44 57 6687111.011
44 58 2884534.949
44 59 3696783.443
44 60 4724108.373
44 61 5470114.541
44 62 3720695.818
44 63 4950905.148
44 64 2658216.05
44 65 8384984.677
44 66 6905871.411
44 67 548110.4833
44 68 1494237.014
44 69 5429932.769
44 70 6015572.049
44 71 7606907.847
44 72 6064801.808
44 73 8532793.213
44 74 9350348.466
44 75 3274132.535
44 76 7451619.54
44 77 2251105.938
44 78 1553047.402
44 79 5693751.347
44 80 6172513.645
44 81 6765745.928
44 82 3248450.995
44 83 5940661.059
44 84 8821587.65
44 85 6099398.453
44 86 6519470.385
44 87 6557985.022
44 88 6451234.395
44 89 5328729.762
44 90 6971388.601
44 91 1533134.248
44 92 9076858.011
44 93 2921723.352
44 94 7762535.576
44 95 7642728.08
44 96 3357398.564
44 97 4955979.265
44 98 5493272.311
44 99 6785846.842
45 46 6721017.13
45 47 5393931.601
45 48 9598470.498
45 49 6350526.458
45 50 9151495.349
45 51 4013241.357
45 52 4405263.726
45 53 5518853.994
45 54 8059046.698
45 55 7267582.071
45 56 6565864.814
45 57 8200506.394
45 58 4155142.209
45 59 5135708.755
45 60 4710463.075
45 61 7024678.972
45 62 5367267.299
45 63 6599303.591
45 64 4267539.548
45 65 9978155.257
45 66 8555960.336
45 67 1824697.928
45 68 912540.4725
45 69 7024795.611
45 70 6400082.305
45 71 9183988.836
45 72 7599415.3
45 73 9558717.496
45 74 10691034.99
45 75 4915979.165
45 76 9111894.855
45 77 3867482.726
45 78 3201324.488
45 79 6832277.449
45 80 7796106.747
45 81 7840346.724
45 82 4086496.275
45 83 7124659.992
45 84 10388224.33
45 85 7211930.542
45 86 8081323.909
45 87 7773947.172
45 88 6901979.771
45 89 6805953.162
45 90 7352300.33
45 91 2551549.386
45 92 10391052.92
45 93 4436918.78
45 94 9304025.904
45 95 9209776.841
45 96 4982917.363
45 97 6393232.241
45 98 7016753.297
45 99 8429175.503
46 47 2621150.003
46 48 3753662.867
46 49 7593107.425
46 50 9438477.396
46 51 4066199.307
46 52 4209906.715
46 53 4513084.989
46 54 1436757.419
46 55 7213176.471
46 56 1072911.668
46 57 9393926.689
46 58 7748898.915
46 59 3483397.683
46 60 3142421.34
46 61 4427083.678
46 62 5195584.49
46 63 5583016.315
46 64 6381530.413
46 65 6546268.587
46 66 7947332.314
46 67 6423146.816
46 68 5818367.718
46 69 7858628.215
46 70 1597720.562
46 71 9567611.518
46 72 4458468.713
46 73 3036355.681
46 74 5130096.419
46 75 5058144.439
46 76 7575117.824
46 77 6216050.785
46 78 5843799.1
46 79 1671302.055
46 80 5619740.851
46 81 1753672.444
46 82 2701625.887
46 83 1959107.563
46 84 6534343.191
46 85 1618386.891
46 86 4964310.534
46 87 2378649.875
46 88 1429009.488
46 89 8634171.815
46 90 1917877.569
46 91 7223301.819
46 92 4747074.363
46 93 4093477.599
46 94 5493547.908
46 95 5697232.066
46 96 6472075.227
46 97 3348885.533
46 98 4136649.223
46 99 8041882.273
47 48 4240312.74
47 49 4977019.878
47 50 6977392.542
47 51 1704031.218
47 52 1682807.396
47 53 1918577.893
47 54 3339937.432
47 55 4702746.209
47 56 1744941.471
47 57 6817767.959
47 58 5297334.76
47 59 863044.6012
47 60 4031649.945
47 61 2354305.644
47 62 2578558.04
47 63 3120053.717
47 64 3847965.146
47 65 5180642.783
47 66 5590351.264
47 67 4481609.353
47 68 4621500.479
47 69 5271993.489
47 70 3706385.364
47 71 7095562.655
47 72 2700185.841
47 73 4513258.63
47 74 5297454.679
47 75 2442645.781
47 76 5451492.346
47 77 3743239.05
47 78 3522093.417
47 79 1643103.705
47 80 3541895.729
47 81 2744029.578
47 82 1797206.623
47 83 1837733.818
47 84 5417806.97
47 85 2060632.555
47 86 3266050.832
47 87 2437788.618
47 88 3834460.748
47 89 6014163.048
47 90 4398070.396
47 91 5081764.816
47 92 4998448.966
47 93 1569234.466
47 94 4277665.444
47 95 4311846.708
47 96 3867840.012
47 97 1280382.96
47 98 2161485.205
47 99 5641768.417
48 49 7764628.145
48 50 8498981.506
48 51 5868928.215
48 52 5682604.387
48 53 5123425.026
48 54 2539272.639
48 55 6763070.821
48 56 3232991.933
48 57 8990931.881
48 58 9082294.398
48 59 4751950.7
48 60 6867823.538
48 61 3866049.714
48 62 5801623.906
48 63 5346570.022
48 64 7556959.73
48 65 3972494.154
48 66 6876030.732
48 67 8697699.264
48 68 8780727.833
48 69 7698701.811
48 70 5266960.481
48 71 8654828.848
48 72 3378940.772
48 73 1592263.058
48 74 1387422.918
48 75 5970029.828
48 76 6019168.316
48 77 7597414.558
48 78 7584113.478
48 79 2801214.486
48 80 4494143.583
48 81 2021205.368
48 82 5634672.066
48 83 2481312.188
48 84 3641118.232
48 85 2475990.828
48 86 3487530.854
48 87 1825052.82
48 88 4910770.969
48 89 8789046.269
48 90 5154928.07
48 91 9207728.581
48 92 999715.0388
48 93 5592288.655
48 94 3043235.266
48 95 3409547.324
48 96 7270271.068
48 97 3611457.275
48 98 3611814.339
48 99 7079574.628
49 50 2801033.653
49 51 3965795.509
49 52 3598911.002
49 53 3089988.21
49 54 8068168.925
49 55 1408524.674
49 56 6635205.671
49 57 2016306.6
49 58 2648593.082
49 59 4122289.583
49 60 8276970.667
49 61 3904789.055
49 62 2398483.725
49 63 2418058.727
49 64 2118110.197
49 65 5529253.764
49 66 2530369.74
49 67 4527175.347
49 68 6238056.619
49 69 690143.8071
49 70 8586941.256
49 71 2837402.293
49 72 4399175.491
49 73 8776275.77
49 74 8080756.255
49 75 2603679.193
49 76 3502535.554
49 77 2526221.564
49 78 3257195.752
49 79 6286977.952
49 80 3498520.864
49 81 7242112.824
49 82 5883459.824
49 83 6263769.314
49 84 6151182.252
49 85 6643238.438
49 86 4440028.577
49 87 6535845.622
49 88 8783111.951
49 89 1061629.415
49 90 9353457.299
49 91 4044778.252
49 92 7989523.04
49 93 3700701.9
49 94 5513576.418
49 95 5194867.829
49 96 1480546.597
49 97 4515936.605
49 98 4178655.571
49 99 2317147.397
50 51 6426838.193
50 52 5987423.025
50 53 5107023.599
50 54 9546330.617
50 55 2291012.734
50 56 8386150.916
50 57 1337884.842
50 58 5298409.814
50 59 6216145.98
50 60 10713796.8
50 61 5100813.507
50 62 4616039.53
50 63 3867934.125
50 64 4907167.754
50 65 5099786.783
50 66 1624286.699
50 67 7327818.826
50 68 9021265.128
50 69 2135777.098
50 70 10682490.86
50 71 159868.1728
50 72 5315184.764
50 73 9834587.581
50 74 8347962.6
50 75 4982888.408
50 76 2609439.534
50 77 5315004.611
50 78 6035611.324
50 79 7890852.938
50 80 4076935.254
50 81 8626312.266
50 82 8265512.622
50 83 7749286.887
50 84 5729045.302
50 85 8159108.795
50 86 5043782.835
50 87 7798968.526
50 88 10775119.28
50 89 2604215.139
50 90 11322569.89
50 91 6804274.371
50 92 8388201.571
50 93 6066432.148
50 94 5613044.44
50 95 5228878.745
50 96 4226559.766
50 97 6098192.7
50 98 5410084.183
50 99 1444586.362
51 52 478356.458
51 53 1638870.376
51 54 4996988.562
51 55 4172166.964
51 56 3372504.757
51 57 5958834.193
51 58 3684179.403
51 59 1153391.507
51 60 4321811.205
51 61 3029183.836
51 62 1838733.719
51 63 2938756.965
51 64 2348801.259
51 65 6009388.232
51 66 5320857.975
51 67 2833918.607
51 68 3388162.957
51 69 4437026.353
51 70 4740467.708
51 71 6516184.657
51 72 3589712.813
51 73 6217254.421
51 74 6813621.621
51 75 1443981.118
51 76 5543055.85
51 77 2151821.898
51 78 1828173.548
51 79 3346200.128
51 80 3927463.79
51 81 4446846.351
51 82 1920654.817
51 83 3534253.673
51 84 6389374.009
51 85 3763632.03
51 86 4085926.734
51 87 4106918.321
51 88 5019503.207
51 89 4903777.171
51 90 5591244.391
51 91 3379592.714
51 92 6548393.853
51 93 455801.6183
51 94 5294051.881
51 95 5214311.649
51 96 2594799.598
51 97 2413084.998
51 98 3004952.58
51 99 5288634.545
52 53 1169460.062
52 54 5022726.341
52 55 3719937.571
52 56 3419498.701
52 57 5568913.162
52 58 3614694.557
52 59 937557.8849
52 60 4734939.726
52 61 2619488.944
52 62 1379346.829
52 63 2460405.727
52 64 2178247.118
52 65 5582810.557
52 66 4851709.12
52 67 3096235.192
52 68 3822123.6
52 69 4033367.565
52 70 5018942.098
52 71 6080834.434
52 72 3201067.394
52 73 6149639.641
52 74 6555912.148
52 75 1016772.918
52 76 5064837.756
52 77 2060593.515
52 78 1905411.662
52 79 3302810.714
52 80 3467548.595
52 81 4398052.794
52 82 2300669.051
52 83 3445703.554
52 84 5982965.966
52 85 3717649.264
52 86 3676075.635
52 87 3972582.821
52 88 5259841.364
52 89 4572450.742
52 90 5833281.597
52 91 3525315.677
52 92 6308889.612
52 93 116544.0704
52 94 4903816.916
52 95 4804644.057
52 96 2299823.637
52 97 2129280.776
52 98 2624903.216
52 99 4825153.36
53 54 5009216.474
53 55 2817466.34
53 56 3545328.842
53 57 4899192.187
53 58 3961101.77
53 59 1110512.32
53 60 5659025.851
53 61 1578358.028
53 62 729438.0496
53 63 1350755.108
53 64 2437071.09
53 65 4462362.425
53 66 3823490.925
53 67 4064304.276
53 68 4977518.278
53 69 3354065.642
53 70 5608990.371
53 71 5217598.45
53 72 2196518.156
53 73 5872099.884
53 74 5804516.483
53 75 856107.1125
53 76 3926965.584
53 77 2517503.857
53 78 2683785.15
53 79 3221039.86
53 80 2302066.232
53 81 4229397.001
53 82 3216466.209
53 83 3239021.282
53 84 4899163.753
53 85 3596533.329
53 86 2605542.794
53 87 3612251.529
53 88 5752801.537
53 89 4142911
53 90 6316620.166
53 91 4299177.413
53 92 5605509.664
53 93 1185201.207
53 94 3862286.742
53 95 3721582.066
53 96 2187684.522
53 97 1552065.288
53 98 1673857.479
53 99 3834259.585
54 55 7446421.265
54 56 1626976.294
54 57 9701403.179
54 58 8636962.37
54 59 4155286.599
54 60 4543464.916
54 61 4448515.121
54 62 5735235.059
54 63 5823251.597
54 64 7180982.706
54 65 5934776.691
54 66 7969524.068
54 67 7590495.68
54 68 7168689.07
54 69 8219725.83
54 70 2771306.451
54 71 9688095.474
54 72 4278291.29
54 73 1600595.248
54 74 3922030.526
54 75 5706386.952
54 76 7399898.203
54 77 7082949.461
54 78 6824084.266
54 79 1788317.827
54 80 5521357.717
54 81 940266.4234
54 82 3980246.05
54 83 1822052.958
54 84 5791729.51
54 85 1427329.076
54 86 4681740.628
54 87 1800088.634
54 88 2379071.283
54 89 9129158.02
54 90 2621766.364
54 91 8314228.649
54 92 3533570.422
54 93 4908917.301
54 94 4881059.354
54 95 5159030.208
54 96 7139412.6
54 97 3566433.486
54 98 4138598.752
54 99 8108188.495
55 56 6179580.976
55 57 2268871.897
55 58 3952301.468
55 59 3927526.816
55 60 8431481.187
55 61 3034688.663
55 62 2341272.288
55 63 1636837.891
55 64 3036039.958
55 65 4160948.774
55 66 1291272.947
55 67 5486540.045
55 68 7004839.037
55 69 997393.4085
55 70 8408894.811
55 71 2400134.282
55 72 3400419.752
55 73 7932839.388
55 74 6913245.75
55 75 2734014.419
55 76 2112515.617
55 77 3416799.693
55 78 4068374.603
55 79 5726299.035
55 80 2305234.598
55 81 6556014.465
55 82 5981635.356
55 83 5626355.434
55 84 4793426.218
55 85 6029877.681
55 86 3306344.09
55 87 5771157.266
55 88 8520803.539
55 89 2176048.275
55 90 9075126.936
55 91 5182292.877
55 92 6864004.064
55 93 3793267.418
55 94 4251388.206
55 95 3907647.22
55 96 2309966.022
55 97 3911712.499
55 98 3339987.628
55 99 1169611.794
56 57 8384922.649
56 58 7027431.9
56 59 2591244.253
56 60 3740108.201
56 61 3355170.477
56 62 4252410.923
56 63 4544214.389
56 64 5591686.915
56 65 5553296.192
56 66 6881969.914
56 67 5983824.804
56 68 5699543.872
56 69 6861425.118
56 70 2575953.922
56 71 8517504.669
56 72 3392971.95
56 73 2999455.267
56 74 4536276.125
56 75 4168055.487
56 76 6502832.828
56 77 5474959.507
56 78 5198395.366
56 79 638907.0849
56 80 4546917.901
56 81 1288329.099
56 82 2490660.823
56 83 980962.3866
56 84 5590446.003
56 85 774091.6171
56 86 3908202.23
56 87 1550647.857
56 88 2489354.499
56 89 7687578.649
56 90 2990633.083
56 91 6690291.015
56 92 4173038.655
56 93 3304268.318
56 94 4513341.685
56 95 4690394.737
56 96 5600432.169
56 97 2288692.588
56 98 3063846.114
56 99 6981492.578
57 58 4176716.614
57 59 5989822.981
57 60 10278780.28
57 61 5303535.076
57 62 4278748.988
57 63 3878199.449
57 64 4081954.882
57 65 5975171.647
57 66 2361873.768
57 67 6383076.119
57 68 8174617.569
57 69 1550189.884
57 70 10493332.7
57 71 1264442.48
57 72 5653826.354
57 73 10197100.85
57 74 9031030.529
57 75 4556012.147
57 76 3515762.918
57 77 4483748.521
57 78 5222446.1
57 79 7962272.46
57 80 4498385.736
57 81 8819055.846
57 82 7867065.834
57 83 7879488.468
57 84 6619941.477
57 85 8279578.091
57 86 5507441.569
57 87 8039482.277
57 88 10651712.14
57 89 1418602.126
57 90 11215801.81
57 91 5750284.892
57 92 9019209.564
57 93 5664669.485
57 94 6304856.239
57 95 5933545.699
57 96 3490458.035
57 97 6147618.089
57 98 5608498.39
57 99 2095858.395
58 59 4511608.143
58 60 7370688.944
58 61 5396992.72
58 62 3318404.391
58 63 4194937.374
58 64 1525392.224
58 65 7762040.486
58 66 5166536.719
58 67 2434959.413
58 68 4337196.429
58 69 3323257.779
58 70 8282740.448
58 71 5296395.452
58 72 6006339.338
58 73 9725834.002
58 74 9728597.246
58 75 3112371.705
58 76 6057290.625
58 77 1554107.402
58 78 1960892.997
58 79 6908971.027
58 80 5520138.182
58 81 7996302.093
58 82 5352766.634
58 83 7025522.743
58 84 8332895.582
58 85 7320653.505
58 86 6259211.131
58 87 7497748.023
58 88 8623293.215
58 89 2758212.255
58 90 9186255.628
58 91 1614380.323
58 92 9550210.534
58 93 3728122.338
58 94 7487274.855
58 95 7239456.49
58 96 1949255.757
58 97 5482350.534
58 98 5573831.363
58 99 4962849.223
59 60 4592148.177
59 61 2021905.957
59 62 1726292.844
59 63 2410636.616
59 64 3029800.455
59 65 4999381.761
59 66 4900146.213
59 67 3977753.119
59 68 4457475.295
59 69 4440467.101
59 70 4505839.621
59 71 6327617.029
59 72 2523313.003
59 73 5224035.058
59 74 5663188.3
59 75 1580952.146
59 76 4893395.89
59 77 2963266.282
59 78 2842538.78
59 79 2399999.463
59 80 3085080.225
59 81 3484742.491
59 82 2179318.89
59 83 2519374.197
59 84 5330969.546
59 85 2809675.531
59 86 3054310.526
59 87 3035358.603
59 88 4668350.477
59 89 5154747.299
59 90 5236342.017
59 91 4457159.503
59 92 5403122.535
59 93 841558.5778
59 94 4213320.833
59 95 4169736.079
59 96 3010081.81
59 97 1262841.335
59 98 1935520.989
59 99 4925857.951
60 61 6383616.022
60 62 6097978.905
60 63 6996568.936
60 64 6439363.267
60 65 9086005.714
60 66 9481599.537
60 67 5271915.996
60 68 3846679.508
60 69 8758448.86
60 70 1994637.317
60 71 10811141.31
60 72 6676479.103
60 73 6133464.553
60 74 8224743.667
60 75 5750151.949
60 76 9461332.946
60 77 6113907.739
60 78 5467480.772
60 79 4334794.075
60 80 7572261.96
60 81 4846981.615
60 82 2450151.744
60 83 4697852.769
60 84 9218938.185
60 85 4505473.299
60 86 7241593.733
60 87 5290208.859
60 88 2535432.496
60 89 9172917.056
60 90 2833383.462
60 91 6252121.618
60 92 7848479.069
60 93 4650545.064
60 94 8097963.473
60 95 8206670
60 96 6855024.706
60 97 5278575.665
60 98 6174282.815
60 99 9491190.161
61 62 2087943.742
61 63 1491895.948
61 64 3903938.03
61 65 2987504.236
61 66 3546665.72
61 67 5635602.749
61 68 6416245.091
61 69 3896709.411
61 70 5827923.726
61 71 5241088.22
61 72 622743.0907
61 73 4913288.857
61 74 4339610.024
61 75 2392812.428
61 76 3173446.123
61 77 4045685.152
61 78 4261173.397
61 79 2811414.958
61 80 1217562.19
61 81 3537992.956
61 82 4099595.687
61 83 2649473.697
61 84 3363786.681
61 85 3059759.329
61 86 1057404.532
61 87 2737703.868
61 88 5825004.312
61 89 4941804.498
61 90 6342643.246
61 91 5869276.393
61 92 4185397.337
61 93 2590630.596
61 94 2293294.201
61 95 2186323.737
61 96 3490759.87
61 97 1132064.211
61 98 309979.1365
61 99 3668489.61
62 63 1232186.722
62 64 1816078.258
62 65 4745430.035
62 66 3486547.712
62 67 3764087.543
62 68 4933173.12
62 69 2728907.873
62 70 6217198.489
62 71 4713430.112
62 72 2705635.425
62 73 6594674.862
62 74 6410459.701
62 75 457335.9007
62 76 3800332.642
62 77 1975228.824
62 78 2307406.714
62 79 3946929.595
62 80 2483055.956
62 81 4958800.577
62 82 3651083.975
62 83 3968455.615
62 84 5242863.831
62 85 4325033.656
62 86 3021166.288
62 87 4333537.617
62 88 6393531.807
62 89 3440030.366
62 90 6962194.378
62 91 3846002.215
62 92 6233460.736
62 93 1452266.683
62 94 4280552.465
62 95 4086305.167
62 96 1474201.338
62 97 2270383.105
62 98 2255427.198
62 99 3449937.365
63 64 2819789.304
63 65 3609739.869
63 66 2489604.019
63 67 4975545.595
63 68 6155867.437
63 69 2419827.6
63 70 6818966.198
63 71 3991817.82
63 72 1988092.859
63 73 6395424.525
63 74 5712319.864
63 75 1686329.227
63 76 2606622.777
63 77 3073825.843
63 78 3506914.048
63 79 4091235.203
63 80 1336729.086
63 81 4946111.196
63 82 4561408.448
63 83 4001295.297
63 84 4152859.457
63 85 4401752.446
63 86 2105175.288
63 87 4186494.66
63 88 6907592.303
63 89 3450109.585
63 90 7456787.799
63 91 4975063.954
63 92 5597670.546
63 93 2499638.425
63 94 3299016.389
63 95 3044552.848
63 96 2246228.182
63 97 2275848.1
63 98 1777224.401
63 99 2524150.653
64 65 6429286.599
64 66 4326389.655
64 67 2460749.865
64 68 4119988.356
64 69 2771784.408
64 70 7078102.606
64 71 4951056.832
64 72 4520541.172
64 73 8219981.427
64 74 8220540.802
64 75 1586981.624
64 76 5018251.824
64 77 408282.6649
64 78 1142262.843
64 79 5428731.79
64 80 4155742.844
64 81 6505613.2
64 82 4191754.157
64 83 5526868.506
64 84 6968209.094
64 85 5835804.116
64 86 4811919.447
64 87 5982274.94
64 88 7367842.828
64 89 2800203.882
64 90 7939180.306
64 91 2200367.334
64 92 8034399.737
64 93 2294640.068
64 94 6060451.675
64 95 5839023.056
64 96 726178.5481
64 97 3958102.783
64 98 4065734.876
64 99 4180558.786
65 66 3617131.717
65 67 8490943.952
65 68 9397400.189
65 69 5143043.119
65 70 8121114.081
65 71 5259072.674
65 72 2495151.44
65 73 5537850.214
65 74 3391448.78
65 75 5154831.019
65 76 2496737.606
65 77 6676675.949
65 78 7050135.295
65 79 4914660.723
65 80 2276684.578
65 81 5039553.733
65 82 6976701.74
65 83 4593056.408
65 84 645695.0278
65 85 4932247.71
65 86 1945961.771
65 87 4223396.974
65 88 7961468.94
65 89 6321941.438
65 90 8381365.476
65 91 8574160.307
65 92 3528238.198
65 93 5563980.029
65 94 1060189.308
65 95 879346.4748
65 96 5829746.454
65 97 3904593.592
65 98 3072418.138
65 99 3879802.441
66 67 6777762.466
66 68 8275373.753
66 69 1905599.419
66 70 9265286.904
66 71 1779131.062
66 72 3711219.686
66 73 8213614.03
66 74 6763915.686
66 75 3915397.408
66 76 1162690.14
66 77 4708072.465
66 78 5355311.059
66 79 6356660.14
66 80 2466055.244
66 81 7041664.403
66 82 7039709.904
66 83 6191621.628
66 84 4260834.582
66 85 6602175.281
66 86 3421039.41
66 87 6204501.565
66 88 9317298.23
66 89 2962161.479
66 90 9851816.568
66 91 6459083.725
66 92 6787780.114
66 93 4910853.439
66 94 4024078.456
66 95 3643039.603
66 96 3600211.885
66 97 4599261.884
66 98 3852000.126
66 99 272671.0633
67 68 1903278.776
67 69 5203752.817
67 70 6547921.944
67 71 7359479.381
67 72 6244367.082
67 73 8944673.541
67 74 9639887.756
67 75 3338151.011
67 76 7399756.729
67 77 2070125.417
67 78 1472934.069
67 79 6086892.83
67 80 6244558.141
67 81 7171730.059
67 82 3745469.208
67 83 6315828.335
67 84 8956074.721
67 85 6497909.387
67 86 6669725.385
67 87 6916536.9
67 88 6976335.929
67 89 4997287.18
67 90 7501509.339
67 91 992108.8523
67 92 9380313.768
67 93 3164281.353
67 94 7925837.673
67 95 7781525.552
67 96 3183658.296
67 97 5219327.953
67 98 5687358.888
67 99 6638950.683
68 69 6885975.807
68 70 5493089.288
68 71 9069123.194
68 72 6965450.519
68 73 8683164.901
68 74 9910831.064
68 75 4475837.26
68 76 8728580.039
68 77 3711835.055
68 78 2985656.586
68 79 5995852.029
68 80 7278642.928
68 81 6981098.899
68 82 3210643.069
68 83 6300320.02
68 84 9771724.087
68 85 6365644.242
68 86 7471978.27
68 87 6956255.07
68 88 5992122.512
68 89 6822189.852
68 90 6447411.134
68 91 2836482.364
68 92 9599868.791
68 93 3834482.344
68 94 8665551.013
68 95 8599333.34
68 96 4796717.83
68 97 5694311.163
68 98 6377606.049
68 99 8174444.11
69 70 8943233.177
69 71 2184900.327
69 72 4321174.365
69 73 8809607.524
69 74 7897097.625
69 75 3017384.053
69 76 2954732.591
69 77 3179431.757
69 78 3900376.818
69 79 6461084.472
69 80 3283604.915
69 81 7357448.347
69 82 6333952.05
69 83 6399539.682
69 84 5779448.816
69 85 6793178.829
69 86 4273656.466
69 87 6606182.984
69 88 9104676.632
69 89 1180951.275
69 90 9669819.625
69 91 4734891.511
69 92 7837956.351
69 93 4126241.804
69 94 5247486.22
69 95 4904962.418
69 96 2094438.423
69 97 4654096.343
69 98 4191292.638
69 99 1672179.238
70 71 10801583.37
70 72 5941831.474
70 73 4294033.05
70 74 6653820.122
70 75 5985182.841
70 76 9001155.087
70 77 6835021.258
70 78 6322300.81
70 79 3210952.811
70 80 7042483.812
70 81 3319792.989
70 82 2930230.477
70 83 3528510.136
70 84 8126849.885
70 85 3209814.845
70 86 6471559.192
70 87 3976258.568
70 88 541813.6192
70 89 9585962.169
70 90 961219.333
70 91 7460948.035
70 92 6266623.858
70 93 4909409.867
70 94 7073833.185
70 95 7263048.482
70 96 7314249.003
70 97 4705392.116
70 98 5557253.135
70 99 9331956.133
71 72 5463064.1
71 73 9986382.646
71 74 8507520.368
71 75 5072844.382
71 76 2769200.327
71 77 5359282.062
71 78 6084018.472
71 79 8026557.922
71 80 4226758.604
71 81 8769641.417
71 82 8364351.445
71 83 7888474.773
71 84 5887912.972
71 85 8298035.143
71 86 5196761.232
71 87 7944284.446
71 88 10899337.17
71 89 2579296.37
71 90 11448297.58
71 91 6817204.119
71 92 8547136.983
71 93 6161646.41
71 94 5772325.988
71 95 5388226.422
71 96 4279252.273
71 97 6230452.81
71 98 5550627.786
71 99 1593203.47
72 73 4550710.197
72 74 3749407.562
72 75 3015541.71
72 76 3143742.76
72 77 4667614.425
72 78 4880295.158
72 79 2792780.479
72 80 1247323.01
72 81 3342568.857
72 82 4490409.108
72 83 2560592.036
72 84 2808675.708
72 85 2964228.357
72 86 567045.5991
72 87 2496325.839
72 88 5882063.026
72 89 5413182.381
72 90 6371921.379
72 91 6491143.893
72 92 3615720.543
72 93 3163138.987
72 94 1704662.259
72 95 1648098.06
72 96 4087705.778
72 97 1419803.838
72 98 588500.4434
72 99 3870601.934
73 74 2770759.617
73 75 6663573.18
73 76 7448692.379
73 77 8184600.795
73 78 8030390.415
73 79 2872190.909
73 80 5763633.133
73 81 1774960.082
73 82 5473740.032
73 83 2704810.297
73 84 5230517.414
73 85 2455577.31
73 86 4793418.708
73 87 2261449.427
73 88 3841992.835
73 89 9829431.02
73 90 3949118.661
73 91 9592531.904
73 92 2409659.024
73 93 6043384.1
73 94 4566240.748
73 95 4914709.473
73 96 8059249.821
73 97 4324667.978
73 98 4619021.667
73 99 8394837.482
74 75 6659234.131
74 76 5757713.538
74 77 8321997.357
74 78 8414999.302
74 79 4037139.335
74 80 4613732.338
74 81 3383744.525
74 82 6842459.968
74 83 3688170.041
74 84 2888446.779
74 85 3763836.412
74 86 3641119.243
74 87 3029048.685
74 88 6296933.695
74 89 9046960.648
74 90 6529826.835
74 91 10050572.32
74 92 388491.4422
74 93 6479987.377
74 94 2739841.302
74 95 3121614.116
74 96 7830224.124
74 97 4426757.431
74 98 4155426.158
74 99 6999461.329
75 76 4256720.922
75 77 1664231.88
75 78 1899903.765
75 79 3927001.342
75 80 2908406.976
75 81 4978257.252
75 82 3317249.948
75 83 3990365.697
75 84 5634324.904
75 85 4322380.021
75 86 3377998.803
75 87 4413523.17
75 88 6194469.393
75 89 3606014.44
75 90 6766646.451
75 91 3481172.102
75 92 6461614.388
75 93 1109045.006
75 94 4641118.277
75 95 4467581.434
75 96 1434343.338
75 97 2374163.267
75 98 2517902.108
75 99 3865996.558
76 77 5364382.291
76 78 5934915.142
76 79 5923505.878
76 80 1959769.834
76 81 6459862.479
76 82 7072663.741
76 83 5703799.64
76 84 3133308.505
76 85 6107971.053
76 86 2721486.258
76 87 5601911.882
76 88 8986587.978
76 89 4076632.63
76 90 9492913.231
76 91 7210328.782
76 92 5819392.243
76 93 5099481.795
76 94 3041212.752
76 95 2656449.724
76 96 4309338.939
76 97 4301158.07
76 98 3447241.724
76 99 1434989.836
77 78 738857.2138
77 79 5357333.528
77 80 4400084.758
77 81 6447309.433
77 82 3923597.987
77 83 5481224.103
77 84 7197664.673
77 85 5770028.834
77 86 4996300.449
77 87 5969705.408
77 88 7146058.947
77 89 3184637.561
77 90 7714583.072
77 91 1901622.239
77 92 8119498.433
77 93 2174050.037
77 94 6254722.508
77 95 6052091.77
77 96 1115856.366
77 97 3986116.044
77 98 4181464.226
77 99 4569306.865
78 79 5164654.599
78 80 4790323.253
78 81 6265413.7
78 82 3392133.603
78 83 5333541.568
78 84 7534227.732
78 85 5582086.711
78 86 5270677.104
78 87 5875649.716
78 88 6668376.774
78 89 3918546.011
78 90 7229324.972
78 91 1635595.204
78 92 8183840.318
78 93 2002449.471
78 94 6533092.903
78 95 6366760.994
78 96 1812794.348
78 97 4000813.148
78 98 4347901.206
78 99 5232998.75
79 80 3977157.753
79 81 1100927.16
79 82 2833467.701
79 83 364588.9413
79 84 4954350.104
79 85 417529.0847
79 86 3293144.038
79 87 1008248.972
79 88 3099834.024
79 89 7347008.413
79 90 3579653.563
79 91 6720345.427
79 92 3689414.184
79 93 3192971.417
79 94 3874504.931
79 95 4052845.12
79 96 5357490.728
79 97 1815636.923
79 98 2510068.841
79 99 6470241.631
80 81 4587699.125
80 82 5238117.882
80 83 3775623.712
80 84 2817099.316
80 85 4184052.262
80 86 1009363.968
80 87 3743543.446
80 88 7027992.387
80 89 4436234.817
80 90 7537550.621
80 91 6298362.727
80 92 4558773.89
80 93 3471726.681
80 94 2023588.42
80 95 1732547.054
80 96 3575228.85
80 97 2349171.268
80 98 1487527.921
80 99 2633652.999
81 82 3775896.458
81 83 990713.9342
81 84 4936301.37
81 85 683401.4364
81 86 3741476.961
81 87 860270.8183
81 88 3033750.286
81 89 8303521.852
81 90 3383118.817
81 91 7819181.775
81 92 3003985.712
81 93 4289354.845
81 94 3980886.983
81 95 4244119.12
81 96 6398428.03
81 97 2726398.383
81 98 3228282.044
81 99 7185465.474
82 83 3163667.288
82 84 7211521.839
82 85 3179613.987
82 86 5054043.733
82 87 3826968.303
82 88 3292336.116
82 89 6823045.657
82 90 3845566.387
82 91 4596849.288
82 92 6507393.285
82 93 2210359.076
82 94 6071159.642
82 95 6108950.361
82 96 4509201.113
82 97 3072825.616
82 98 3936682.396
82 99 7043954.51
83 84 4612500.064
83 85 410558.4777
83 86 3034136.723
83 87 663303.7831
83 88 3384877.525
83 89 7325397.897
83 90 3841749.914
83 91 6913753.738
83 92 3345974.89
83 93 3340342.579
83 94 3545655.49
83 95 3739252.644
83 96 5408311.96
83 97 1750193.607
83 98 2341373.049
83 99 6317893.145
84 85 4917273.063
84 86 2306907.008
84 87 4166149.747
84 88 7926148.974
84 89 6959390.806
84 90 8313889.355
84 91 9086621.573
84 92 3072811.705
84 93 5954035.509
84 94 1140362.321
84 95 1179227.556
84 96 6391132.99
84 97 4165887.253
84 98 3397172.616
84 99 4524300.796
85 86 3427416.587
85 87 790184.8894
85 88 3029498.91
85 89 7704566.753
85 90 3466776.112
85 91 7137086.339
85 92 3402892.644
85 93 3608326.915
85 94 3877262.246
85 95 4090402.789
85 96 5749199.318
85 97 2139341.534
85 98 2751817.951
85 99 6728233.555
86 87 2882190.292
86 88 6392167.29
86 89 5410856.443
86 90 6869454.748
86 91 6856698.993
86 92 3565080.199
86 93 3648031.161
86 94 1263121.348
86 95 1128924.677
86 96 4315618.505
86 97 1985851.4
86 98 1127828.562
86 99 3608912.939
87 88 3760022.757
87 89 7593508.122
87 90 4160058.997
87 91 7477566.967
87 92 2683680.845
87 93 3873291.319
87 94 3163298.39
87 95 3408003.383
87 96 5799898.48
87 97 2063296.368
87 98 2431200.59
87 99 6355591.126
88 89 9800264.157
88 90 573440.384
88 91 7869784.393
88 92 5908497.053
88 93 5147006.105
88 94 6905318.237
88 95 7118552.999
88 96 7559382.135
88 97 4723603.935
88 98 5541184.986
88 99 9399113.649
89 90 10372201.64
89 91 4335545.858
89 92 8974392.99
89 93 4679473.566
89 94 6419260.195
89 95 6080833.098
89 96 2319419.574
89 97 5577459.642
89 98 5222146.294
89 99 2701368.896
90 91 8406739.973
90 92 6142220.361
90 93 5720440.437
90 94 7321856.563
90 95 7551878.78
90 96 8132815.968
90 97 5253323.414
90 98 6053789.423
90 99 9939031.921
91 92 9818740.466
91 93 3615894.161
91 94 8119363.328
91 95 7932285.157
91 96 2901014.041
91 97 5634852.608
91 98 5970716.687
91 99 6288250.562
92 93 6228924.216
92 94 2779332.984
92 95 3164438.834
92 96 7671304.093
92 97 4184566.888
92 98 3980813.444
92 99 7015221.186
93 94 4867481.864
93 95 4776953.811
93 96 2412376.135
93 97 2055458.543
93 98 2582833.955
93 99 4889805.444
94 95 385105.8796
94 96 5538552.074
94 97 3029819.577
94 98 2289647.024
94 99 4260401.542
95 96 5290730.379
95 97 3040577.338
95 98 2234389.942
95 99 3881480.349
96 97 3739008.68
96 98 3692990.462
96 99 3455606.914
97 98 896349.4158
97 99 4693660.379
98 99 3976643.196
