4950
0 1 1532575.257
0 2 5194248.339
0 3 5190179.643
0 4 4245284.596
0 5 7423372.172
0 6 6780015.815
0 7 6538348.755
0 8 3496608.478
0 9 6514895.696
0 10 4482105.267
0 11 3657880.563
0 12 2117860.374
0 13 4142816.625
0 14 4927528.481
0 15 2562797.461
0 16 5478034.671
0 17 3662393.187
0 18 4930997.191
0 19 4096621.49
0 20 1470632.68
0 21 1580533.607
0 22 5919630.382
0 23 941306.9594
0 24 3487650.221
0 25 1941642.365
0 26 5044422.521
0 27 4735400.767
0 28 1395295.776
0 29 4519948.375
0 30 5753376.354
0 31 1943887.519
0 32 685056.0031
0 33 4884099.18
0 34 3464130.371
0 35 3318382.519
0 36 646491.2753
0 37 6422278.919
0 38 3567822.397
0 39 2798247.324
0 40 5248180.848
0 41 3799138.309
0 42 3970071.378
0 43 804050.511
0 44 2754565.739
0 45 2331277.914
0 46 2020007.86
0 47 3268975.562
0 48 3061896.929
0 49 3610439.884
0 50 6936183.381
0 51 5280547.114
0 52 6409028.5
0 53 902127.3345
0 54 5038643.065
0 55 5385881.392
0 56 3468869.776
0 57 3829984.648
0 58 3029298.109
0 59 3318169.285
0 60 1634486.578
0 61 3269626.464
0 62 1514727.894
0 63 309408.3673
0 64 3292116.401
0 65 5327580.249
0 66 3314156.794
0 67 4337807.42
0 68 3373397.633
0 69 6529745.989
0 70 4167687.044
0 71 3503411.861
0 72 3483957.91
0 73 2031358.761
0 74 2169730.437
0 75 4936160.411
0 76 5171580.317
0 77 5301723.256
0 78 4285420.85
0 79 664072.0855
0 80 3211028.944
0 81 4544069.302
0 82 4516272.903
0 83 1554478.524
0 84 5402141.627
0 85 716518.6662
0 86 5415934.252
0 87 6423870.578
0 88 4913899.75
0 89 4664623.067
0 90 6311946.246
0 91 5502595.467
0 92 3647534.504
0 93 3563992.453
0 94 4419842.237
0 95 3866644.651
0 96 3171654.687
0 97 2921249.786
0 98 3935618.024
0 99 3846493.432
1 2 6626640.696
1 3 5830448.677
1 4 5364434.439
1 5 7976671.484
1 6 7465642.001
1 7 7955452.459
1 8 5023986.135
1 9 7283903.468
1 10 2977068.761
1 11 4299393.933
1 12 3343246.014
1 13 2663969.339
1 14 6319265.94
1 15 1057037.399
1 16 6964403.411
1 17 2475801.959
1 18 5604706.004
1 19 2759103.413
1 20 2757146.221
1 21 2747390.202
1 22 6475238.254
1 23 851709.8891
1 24 2934639.032
1 25 1254546.777
1 26 5817782.612
1 27 5310491.408
1 28 1575603.923
1 29 5925978.841
1 30 7257450.256
1 31 2974108.45
1 32 1750507.275
1 33 6409023.529
1 34 4979157.693
1 35 4358155.748
1 36 2150142.002
1 37 7944442.777
1 38 3508790.129
1 39 4264517.351
1 40 5346848.64
1 41 2705395.55
1 42 5500649.648
1 43 885367.1454
1 44 3716219.197
1 45 1963445.105
1 46 961060.5215
1 47 2090612.363
1 48 4164702.527
1 49 2340303.473
1 50 8463889.003
1 51 6542764.649
1 52 7014101.491
1 53 1003401.024
1 54 6210696.024
1 55 6155187.99
1 56 4194857.901
1 57 4012836.429
1 58 3581476.505
1 59 3044647.303
1 60 1838233.367
1 61 3413891.428
1 62 30900.29459
1 63 1836293.751
1 64 2029184.689
1 65 6450291.568
1 66 4791558.042
1 67 3043016.163
1 68 3219529.622
1 69 7982785.485
1 70 4744663.334
1 71 4916207.606
1 72 2517608.387
1 73 1568765.438
1 74 1697852.721
1 75 6030977.212
1 76 5729508.031
1 77 6464135.259
1 78 5816867.278
1 79 1833513.142
1 80 4620941.707
1 81 4576585.774
1 82 6009191.015
1 83 3033276.454
1 84 6818753.522
1 85 1876770.428
1 86 6708441.807
1 87 7934630.807
1 88 3569558.533
1 89 6142543.441
1 90 7842460.472
1 91 7023887.051
1 92 2701076.654
1 93 4994655.815
1 94 5951276.026
1 95 3403166.466
1 96 1666619.768
1 97 1968663.173
1 98 5466839.674
1 99 4720406.79
2 3 4317312.391
2 4 5693382.32
2 5 9628513.594
2 6 8735999.649
2 7 4969655.168
2 8 2158461.122
2 9 8276194.214
2 10 9596036.193
2 11 4126200.575
2 12 3379561.371
2 13 9290452.593
2 14 485912.0991
2 15 7683349.467
2 16 3624695.537
2 17 7902937.508
2 18 4127794.304
2 19 9290857.038
2 20 4900203.68
2 21 3952652.293
2 22 4903488.207
2 23 5806926.345
2 24 6733415.34
2 25 7077051.03
2 26 3780272.668
2 27 7611859.308
2 28 6310563.182
2 29 732932.2864
2 30 3433734.747
2 31 3887282.918
2 32 5433326.422
2 33 1528739.61
2 34 1987325.332
2 35 5658731.029
2 36 4548892.356
2 37 3330507.483
2 38 7917447.735
2 39 2402485.507
2 40 6063508.068
2 41 8945386.279
2 42 2454858.426
2 43 5997614.724
2 44 5722194.298
2 45 6041020.77
2 46 6655833.997
2 47 8450338.511
2 48 2947094.349
2 49 8004074.804
2 50 3448011.794
2 51 5448372.881
2 52 8698741.883
2 53 5668492.012
2 54 1939874.758
2 55 3885554.364
2 56 6543303.149
2 57 5345359.35
2 58 4428779.355
2 59 6166130.892
2 60 5320702.286
2 61 5335833.538
2 62 6601639.982
2 63 4946328.401
2 64 8484671.349
2 65 2244491.082
2 66 1915089.441
2 67 9529267.108
2 68 5958558.205
2 69 4583499.241
2 70 7254607.763
2 71 1711915.551
2 72 8590736.682
2 73 6090632.63
2 74 6132224.484
2 75 2350478.152
2 76 7942666.498
2 77 2019064.716
2 78 1951640.664
2 79 5319959.762
2 80 2006779.421
2 81 8528415.759
2 82 3285047.415
2 83 4241818.483
2 84 4399114.329
2 85 5319114.048
2 86 5331443.223
2 87 3632899.257
2 88 10108085.74
2 89 738135.2216
2 90 2894775.292
2 91 1500800.326
2 92 7492070.13
2 93 1633667.547
2 94 1917044.939
2 95 8590701.477
2 96 8291090.651
2 97 7048765.98
2 98 2424441.701
2 99 6344755.326
3 4 8286693.171
3 5 12112240.8
3 6 11325673.97
3 7 8869588.338
3 8 5005715.233
3 9 10950404.26
3 10 8213451.127
3 11 1548988.802
3 12 3385811.342
3 13 8072885.146
3 14 3841350.125
3 15 6659551.942
3 16 7462336.905
3 17 5599443.224
3 18 276852.1661
3 19 8452018.944
3 20 6051442.036
3 21 3704010.704
3 22 775724.591
3 23 5072732.744
3 24 4022093.287
3 25 6905937.151
3 26 540394.7083
3 27 9568258.033
3 28 6575104.111
3 29 3823632.857
3 30 7421516.983
3 31 3292493.448
3 32 5822920.342
3 33 5509370.892
3 34 4718251.599
3 35 7726672.635
3 36 4822143.679
3 37 7540830.265
3 38 8755895.319
3 39 4098664.303
3 40 1979940.794
3 41 8532734.923
3 42 5735135.106
3 43 5772337.086
3 44 7410265.171
3 45 4123176.728
3 46 5231782.362
3 47 7911187.812
3 48 2523365.712
3 49 5826511.442
3 50 7738073.16
3 51 8671053.325
3 52 11089229.22
3 53 4930556.066
3 54 2422370.773
3 55 594676.1187
3 56 8278581.371
3 57 2159294.723
3 58 2251634.266
3 59 3452663.329
3 60 3992706.797
3 61 2628072.431
3 62 5799624.056
3 63 5171583.257
3 64 7821525.37
3 65 2239377.488
3 66 4216861.466
3 67 8765575.692
3 68 3171419.713
3 69 8575973.01
3 70 9046157.93
3 71 3706489.332
3 72 8340844.012
3 73 4437310.315
3 74 4367907.243
3 75 1987508.57
3 76 9988928.172
3 77 2450072.184
3 78 5500306.162
3 79 5755437.271
3 80 3689175.823
3 81 9706083.262
3 82 6753539.019
3 83 5526191.425
3 84 8003958.226
3 85 5793623.919
3 86 8658034.458
3 87 7792301.828
3 88 9204862.864
3 89 4583354.982
3 90 7144250.098
3 91 5745288.821
3 92 4959216.157
3 93 3841194.436
3 94 5563137.245
3 95 9011174.82
3 96 7137355.78
3 97 4945586.482
3 98 5682077.708
3 99 8420968.667
4 5 3971876.32
4 6 3109449.714
4 7 3230547.114
4 8 3660458.634
4 9 2690837.774
4 10 7611755.77
4 11 7032159.357
4 12 4993763.405
4 13 7194458.541
4 14 5797960.332
4 15 6047104.232
4 16 3064177.617
4 17 7801418.411
4 18 8011182.309
4 19 6696574.188
4 20 2777815.749
4 21 4918369.684
4 22 9060434.512
4 23 5139034.39
4 24 7719692.818
4 25 4669101.875
4 26 7919954.466
4 27 2118655.979
4 28 3875996.184
4 29 5449510.945
4 30 3503132.034
4 31 5305613.215
4 32 3693484.696
4 33 4345389.715
4 34 3923744.175
4 35 1022974.803
4 36 4072398.11
4 37 4353445.972
4 38 3651107.9
4 39 4245606.954
4 40 9044389.751
4 41 5919427.348
4 42 3240743.86
4 43 4508397.283
4 44 1677854.287
4 45 6565690.119
4 46 6159920.384
4 47 5794067.031
4 48 5764725.733
4 49 7694997.819
4 50 4927609.053
4 51 1362685.06
4 52 3010534.62
4 53 5133756.473
4 54 6876736.002
4 55 8210110.134
4 56 1694816.097
4 57 7686062.871
4 58 6656561.864
4 59 7486052.018
4 60 5799978.649
4 61 7223467.775
4 62 5365283.828
4 63 4004947.751
4 64 5977799.25
4 65 7259916.433
4 66 4317258.98
4 67 6754639.18
4 68 7489682.765
4 69 3501283.476
4 70 2008839.242
4 71 4859179.329
4 72 5490582.15
4 73 6276641.395
4 74 6414606.001
4 75 7052066.437
4 76 2347761.593
4 77 7106139.08
4 78 3761338.447
4 79 3648195.332
4 80 4746949.578
4 81 3635048.292
4 82 2622372.367
4 83 2970219.522
4 84 2331739.374
4 85 3595200.415
4 86 1603905.904
4 87 4110569.678
4 88 7334589.994
4 89 4957719.106
4 90 4575684.885
4 91 4825339.909
4 92 7873047.253
4 93 4775051.612
4 94 3823912.03
4 95 4610287.13
4 96 6519839.198
4 97 7133188.657
4 98 3269338.543
4 99 1088925.431
5 6 907877.687
5 7 5894207.836
5 8 7632018.407
5 9 1392477.362
5 10 9120764.956
5 11 10748648.26
5 12 8739477.316
5 13 8726064.418
5 14 9759274.093
5 15 8219357.484
5 16 6511672.817
5 17 10394856.71
5 18 11835402.38
5 19 7982045.778
5 20 6157053.548
5 21 8532550.071
5 22 12887595
5 23 8119595.51
5 24 10797325.89
5 25 6850867.086
5 26 11787126.43
5 27 2696541.1
5 28 6432498.34
5 29 9418145.074
5 30 6918188.501
5 31 8946194.725
5 32 6747613.516
5 33 8209659
5 34 7895417.654
5 35 4385569.59
5 36 7504489.134
5 37 7669993.97
5 38 4705799.956
5 39 8170018.443
5 40 12613994.23
5 41 7094675.208
5 42 7176388.105
5 43 7320272.03
5 44 4756997.297
5 45 9671129.204
5 46 8923423.196
5 47 7328954.506
5 48 9598787.115
5 49 10205354.03
5 50 8165207.228
5 51 4354145.724
5 52 1027309.819
5 53 8174710.171
5 54 10842621.58
5 55 12092266.43
5 56 3957936.038
5 57 11204532.92
5 58 10268137.1
5 59 10719381.38
5 60 9055522.839
5 61 10671989.1
5 62 7991153.887
5 63 7284220.879
5 64 7565311.914
5 65 11224881.78
5 66 8280351.755
5 67 7871838.709
5 68 10793055.52
5 69 6351205.757
5 70 3269632.303
5 71 8818339.63
5 72 6765435.876
5 73 9311137.914
5 74 9457133.888
5 75 11003599.56
5 76 2263400.33
5 77 11074833.89
5 78 7679060.142
5 79 6759337.664
5 80 8689490.706
5 81 3771587.762
5 82 6413037.176
5 83 6601684.166
5 84 5618979.961
5 85 6707224.149
5 86 4556092.499
5 87 7335382.923
5 88 8288365.662
5 89 8899254.955
5 90 8022312.442
5 91 8613511.314
5 92 10677740.22
5 93 8739537.727
5 94 7725777.134
5 95 5401122.679
5 96 8463512.177
5 97 9941686.636
5 98 7209724.797
5 99 3698434.296
6 7 5023207.044
6 8 6761676.376
6 9 487529.0365
6 10 8875277.465
6 11 9995408.666
6 12 7970754.377
6 13 8468366.652
6 14 8876295.644
6 15 7809296.747
6 16 5605619.968
6 17 9920552.508
6 18 11048939.99
6 19 7763981.924
6 20 5448824.215
6 21 7798708.282
6 22 12101381.61
6 23 7530049.77
6 24 10212171.13
6 25 6406050.123
6 26 10984389.71
6 27 2166561.995
6 28 5896763.029
6 29 8541229.711
6 30 6013963.761
6 31 8207745.559
6 32 6118138.203
6 33 7308101.52
6 34 7029369.964
6 35 3617516.643
6 36 6805865.588
6 37 6772094.651
6 38 4398239.835
6 39 7338840.762
6 40 11909184.36
6 41 6877623.635
6 42 6287053.221
6 43 6753628.559
6 44 4054231.475
6 45 9070490.17
6 46 8393449.218
6 47 7038473.422
6 48 8804929.982
6 49 9748232.469
6 50 7273554.609
6 51 3447009.905
6 52 575394.3389
6 53 7572507.162
6 54 9986037.944
6 55 11283701.55
6 56 3323003.046
6 57 10509401.36
6 58 9543694.697
6 59 10095539.16
6 60 8413858.837
6 61 9993182.265
6 62 7477410.569
6 63 6616714.106
6 64 7269501.688
6 65 10369307.22
6 66 7426590.776
6 67 7689098.679
6 68 10152132.26
6 69 5472932.403
6 70 2722828.523
6 71 7967930.206
6 72 6515443.55
6 73 8723733.736
6 74 8869303.921
6 75 10159249.89
6 76 1776032.731
6 77 10214565.45
6 78 6785091.491
6 79 6118307.92
6 80 7849768.067
6 81 3595565.543
6 82 5509417.143
6 83 5847154.412
6 84 4713853.258
6 85 6064926.647
6 86 3651241.889
6 87 6440971.258
6 88 8152322.961
6 89 8009117.807
6 90 7119496.117
6 91 7707108.197
6 92 10156789.06
6 93 7884498.167
6 94 6829178.898
6 95 5200942.895
6 96 8108723.967
6 97 9413056.003
6 98 6321550.802
6 99 2966113.643
7 8 3945805.191
7 9 4543873.533
7 10 10565306.12
7 11 8057187.468
7 12 6249489.923
7 13 10159275.3
7 14 5321419.144
7 15 8822894.34
7 16 1407780.129
7 17 10187505.69
7 18 8623616.968
7 19 9756165.403
7 20 5202889.577
7 21 6479878.086
7 22 9574788.485
7 23 7476823.572
7 24 9681092.098
7 25 7565654.034
7 26 8380907.599
7 27 5161742.107
7 28 6691941.371
7 29 5165658.826
7 30 1537038.244
7 31 6745268.213
7 32 6207421.487
7 33 3475375.834
7 34 4213046.066
7 35 4096860.134
7 36 6100887.271
7 37 1961609.994
7 38 6873690.588
7 39 5007891.534
7 40 10200482.47
7 41 9037471.147
7 42 3188444.474
7 43 7071896.461
7 44 4680167.182
7 45 8607269.534
7 46 8556990.009
7 47 8830387.161
7 48 6619496.713
7 49 10147828.1
7 50 2345957.565
7 51 1921858.456
7 52 5277142.387
7 53 7417035.036
7 54 6773643.647
7 55 8580284.966
7 56 4917964.455
7 57 9050818.726
7 58 7959175.249
7 59 9288128.252
7 60 7762252.012
7 61 8750706.505
7 62 7947211.507
7 63 6236951.986
7 64 8988041.332
7 65 7130064.363
7 66 4718527.831
7 67 9852303.127
7 68 9201139.307
7 69 484097.7901
7 70 5194455.22
7 71 5182882.761
7 72 8607089.521
7 73 8422774.054
7 74 8537631.199
7 75 7111244.543
7 76 5239641.505
7 77 6917786.199
7 78 3369379.746
7 79 6121948.801
7 80 5259150.435
7 81 6832131.05
7 82 2221551.1
7 83 4987448.196
7 84 1137575.848
7 85 6079199.14
7 86 1661348.322
7 87 1589237.194
7 88 10447943.46
7 89 4418718.386
7 90 2407538.715
7 91 3530414.615
7 92 10085365.29
7 93 5041638.182
7 94 3311168.644
7 95 7826573.997
7 96 9366170.738
7 97 9402053.543
7 98 3242544.833
7 99 4318434.418
8 9 6324667.265
8 10 7975687.698
8 11 4111431.149
8 12 2401089.399
8 13 7627349.915
8 14 2166307.606
8 15 6059090.346
8 16 2572278.847
8 17 6797894.524
8 18 4746546.11
8 19 7502339.567
8 20 2848020.993
8 21 2772444.958
8 22 5745639.203
8 23 4299926.147
8 24 5981667.773
8 25 5213398.584
8 26 4553158.81
8 27 5480859.162
8 28 4377350.305
8 29 1795828.406
8 30 2661869.409
8 31 2939605.334
8 32 3550473.116
8 33 1389021.034
8 34 290776.5122
8 35 3514864.101
8 36 2876372.453
8 37 3118905.072
8 38 5798059.007
8 39 1088702.945
8 40 6254686.091
8 41 7047818.119
8 42 757555.7601
8 43 4258915.148
8 44 3564652.169
8 45 5023679.782
8 46 5307462.117
8 47 6611838.641
8 48 2673748.597
8 49 6829704.54
8 50 3560237.809
8 51 3722051.082
8 52 6664805.513
8 53 4188675.772
8 54 3245890.921
8 55 4795508.13
8 56 4386402.895
8 57 5132083.144
8 58 4047121.784
8 59 5515894.79
8 60 4190341.218
8 61 4881274.257
8 62 5004308.946
8 63 3203263.235
8 64 6682111.682
8 65 3630284.573
8 66 789790.0945
8 67 7707463.451
8 68 5389045.861
8 69 3728586.778
8 70 5104763.047
8 71 1311285.628
8 72 6664645.117
8 73 4939178.355
8 74 5024455.722
8 75 3470344.62
8 76 5827703.68
8 77 3463188.803
8 78 816095.659
8 79 3436302.047
8 80 1326914.815
8 81 6374485.564
8 82 1758126.129
8 83 2227936.115
8 84 3005288.872
8 85 3422332.644
8 86 3679798.917
8 87 3225318.112
8 88 8305430.331
8 89 1441551.832
8 90 2909692.253
8 91 2013073.178
8 92 6544812.439
8 93 1191537.284
8 94 947314.9955
8 95 6518874.164
8 96 6667051.249
8 97 5950957.88
8 98 703522.869
8 99 4212409.026
9 10 8845312.605
9 11 9645489.944
9 12 7613229.667
9 13 8433254.225
9 14 8425923.953
9 15 7688151.723
9 16 5119309.846
9 17 9752452.58
9 18 10674010.28
9 19 7754804.576
9 20 5144996.492
9 21 7466863.515
9 22 11725690.72
9 23 7297541.91
9 24 9974173.062
9 25 6272004.837
9 26 10597629.64
9 27 2062823.205
9 28 5708732.55
9 29 8096701.943
9 30 5526852.218
9 31 7871602.367
9 32 5866003.395
9 33 6838255.696
9 34 6595953.153
9 35 3282132.933
9 36 6502267.712
9 37 6284693.46
9 38 4369680.143
9 39 6934545.231
9 40 11590061.84
9 41 6874509.279
9 42 5831918.525
9 43 6539856.774
9 44 3766307.087
9 45 8825432.529
9 46 8195794.915
9 47 6992382.945
9 48 8427284.395
9 49 9591100.955
9 50 6787122.496
9 51 2961803.641
9 52 835241.2673
9 53 7331507.009
9 54 9558257.582
9 55 10892374.06
9 56 3098408.23
9 57 10198776.65
9 58 9214676.297
9 59 9832884
9 60 8143753.974
9 61 9694450.119
9 62 7293900.666
9 63 6335731.694
9 64 7218865.897
9 65 9942124.506
9 66 7003435.599
9 67 7700057.784
9 68 9878203.512
9 69 4990664.218
9 70 2580517.79
9 71 7546975.6
9 72 6496333.507
9 73 8488274.088
9 74 8633120.553
9 75 9741300.023
9 76 1732769.62
9 77 9783582.831
9 78 6324586.585
9 79 5858234.557
9 80 7437782.431
9 81 3658994.073
9 82 5037257.318
9 83 5506735.049
9 84 4227028.674
9 85 5804291.335
9 86 3164274.138
9 87 5954055.027
9 88 8186509.405
9 89 7552082.844
9 90 6632114.981
9 91 7229557.794
9 92 9959326.925
9 93 7459733.494
9 94 6365655.556
9 95 5222795.152
9 96 8019086.375
9 97 9212855.971
9 98 5867612.245
9 99 2671178.147
10 11 6805742.541
10 12 6268496.225
10 13 419755.7614
10 14 9275188.254
10 15 1922938.455
10 16 9730475.897
10 17 2873669.534
10 18 8036011.594
10 19 1156816.334
10 20 5450455.357
10 21 5674599.211
10 22 8725883.114
10 23 3789919.435
10 24 4382758.854
10 25 2999737.817
10 26 8331781.881
10 27 6788364.856
10 28 3880156.643
10 29 8888602.813
10 30 10062113.56
10 31 5839964.645
10 32 4509184.034
10 33 9364359.305
10 34 7945494.67
10 35 6600983.256
10 36 5116969.492
10 37 10798069.21
10 38 4479787.331
10 39 7241572.596
10 40 7146503.59
10 41 2031257.808
10 42 8403836.256
10 43 3722394.483
10 44 5958171.989
10 45 4105385.515
10 46 3087527.069
10 47 1864186.071
10 48 7006103.035
10 49 2590655.405
10 50 11338412.23
10 51 8929277.82
10 52 8331194.081
10 53 3930842.194
10 54 9040878.164
10 55 8647646.078
10 56 6071064.873
10 57 6113514.954
10 58 6095839.243
10 59 4844395.549
10 60 4488370.2
10 61 5589252.96
10 62 3000504.126
10 63 4772432.96
10 64 1652391.773
10 65 9239738.481
10 66 7768519.649
10 67 1356703.392
10 68 5113184.154
10 69 10663809.4
10 70 6318914.498
10 71 7884206.095
10 72 2361690.769
10 73 3841189.094
10 74 3881061.207
10 75 8809084.379
10 76 7120294.64
10 77 9282790.27
10 78 8754377.783
10 79 4615756.735
10 80 7589257.249
10 81 5349342.6
10 82 8802657.501
10 83 5877204.633
10 84 9451308.061
10 85 4644211.486
10 86 9136088.495
10 87 10751793.4
10 88 1315678.849
10 89 9119611.348
10 90 10735148.83
10 91 9984342.381
10 92 3546834.681
10 93 7966678.923
10 94 8888608.372
10 95 3721533.329
10 96 1312079.089
10 97 3298506.622
10 98 8374225.876
10 99 6705443.448
11 12 2038496.699
11 13 6633113.88
11 14 3648708.653
11 15 5166164.678
11 16 6677309.35
11 17 4371082.964
11 18 1308607.934
11 19 6963261.363
11 20 4617590.501
11 21 2233700.558
11 22 2261843.943
11 23 3527634.401
11 24 2895132.774
11 25 5357775.916
11 26 1535601.204
11 27 8150011.717
11 28 5035073.149
11 29 3463193.803
11 30 6721052.311
11 31 1815821.354
11 32 4304579.698
11 33 4954828.511
11 34 3848565.115
11 35 6378118.531
11 36 3332434.789
11 37 7004848.242
11 38 7225653.372
11 39 3065970.213
11 40 2143364.286
11 41 7004687.805
11 42 4868929.213
11 43 4223851.514
11 44 6004262.174
11 45 2703779.123
11 46 3759875.917
11 47 6386909.758
11 48 1438592.533
11 49 4562732.55
11 50 7307125.688
11 51 7580469.494
11 52 9721642.386
11 53 3384148.333
11 54 2636503.498
11 55 1865132.41
11 56 6853787.959
11 57 1228187.844
11 58 723564.424
11 59 2290128.448
11 60 2462401.998
11 61 1385362.951
11 62 4268501.776
11 63 3659251.107
11 64 6306692.995
11 65 2683123.068
11 66 3348404.549
11 67 7271665.445
11 68 2027798.2
11 69 7829059.603
11 70 7612491.312
11 71 2945645.546
11 72 6801991.758
11 73 2974862.788
11 74 2925334.183
11 75 2266140.269
11 76 8577699.298
11 77 2808284.194
11 78 4763178.092
11 79 4243218.286
11 80 2813400.27
11 81 8191724.72
11 82 5854997.651
11 83 4149721.169
11 84 7084388.433
11 85 4283968.065
11 86 7603406.461
11 87 7197805.919
11 88 7733088.909
11 89 4136061.702
11 90 6669035.386
11 91 5340185.827
11 92 3795606.284
11 93 3093754.2
11 94 4855080.103
11 95 7463433.392
11 96 5671000.39
11 97 3623093.809
11 98 4814858.885
11 99 7050656.361
12 13 5988860.255
12 14 3020253.722
12 15 4384702.914
12 16 4929855.054
12 17 4569791.759
12 18 3110032.56
12 19 6087044.858
12 20 2676075.93
12 21 596308.006
12 22 4157962.577
12 23 2495822.379
12 24 3598446.035
12 25 4050133.46
12 26 3118194.745
12 27 6182636.794
12 28 3476597.38
12 29 2652563.909
12 30 5056602.059
12 31 552691.7719
12 32 2620829.419
12 33 3582156.968
12 34 2204154.816
12 35 4357411.292
12 36 1573201.116
12 37 5504572.552
12 38 5535241.526
12 39 1324750.593
12 40 4094693.375
12 41 5885394.259
12 42 3125225.89
12 43 2879890.498
12 44 4024461.847
12 45 2724327.241
12 46 3278192.413
12 47 5324566.929
12 48 971925.8433
12 49 4649238.944
12 50 5910749.258
12 51 5586568.207
12 52 7714171.202
12 53 2348158.657
12 54 2924437.404
12 55 3447242.285
12 56 4894384.85
12 57 2824790.045
12 58 1736767.211
12 59 3116389.774
12 60 1952628.418
12 61 2502325.718
12 62 3315538.887
12 63 1981686.429
12 64 5315290.279
12 65 3209750.919
12 66 1799227.825
12 67 6355250.501
12 68 2988717.764
12 69 6084470.404
12 70 5663469.381
12 71 1697818.163
12 72 5589807.615
12 73 2726654.736
12 74 2781039.36
12 75 2821352.376
12 76 6603144.368
12 77 3186460.376
12 78 3180360.144
12 79 2530570.606
12 80 1420979.508
12 81 6417178.388
12 82 4028653.305
12 83 2141966.315
12 84 5207312.674
12 85 2557304.68
12 86 5627909.619
12 87 5625419.25
12 88 6903177.298
12 89 3031774.669
12 90 5255159.254
12 91 4116607.721
12 92 4229609.148
12 93 1812664.774
12 94 3299161.354
12 95 5948532.915
12 96 4981161.236
12 97 3711007.252
12 98 3073841.585
12 99 5042741.885
13 14 8981313.328
13 15 1608313.815
13 16 9339292.588
13 17 2897101.86
13 18 7885269.586
13 19 815132.2067
13 20 5062539.251
13 21 5392945.804
13 22 8612458.787
13 23 3496499.67
13 24 4335329.458
13 25 2596052.492
13 26 8165947.328
13 27 6374841.576
13 28 3481141.448
13 29 8589525.328
13 30 9675578.9
13 31 5579924.703
13 32 4135051.846
13 33 9016351.697
13 34 7606108.157
13 35 6184864.282
13 36 4783375.125
13 37 10418714.32
13 38 4070927.921
13 39 6921028.37
13 40 7096957.875
13 41 1653193.798
13 42 8038141.362
13 43 3368558.259
13 44 5543316.694
13 45 3950305.556
13 46 2881256.081
13 47 1446597.866
13 48 6757297.774
13 49 2610715.269
13 50 10962733.38
13 51 8514301.301
13 52 7926729.421
13 53 3641792.892
13 54 8799899.897
13 55 8487541.752
13 56 5651309.513
13 57 6005049.991
13 58 5916097.976
13 59 4759675.703
13 60 4264388.366
13 61 5461757.581
13 62 2689285.118
13 63 4426879.951
13 64 1232842.734
13 65 9011300.198
13 66 7445149.873
13 67 1073992.543
13 68 5020639.045
13 69 10263038.28
13 70 5902226.148
13 71 7580176.81
13 72 1961177.749
13 73 3658334.439
13 74 3712175.193
13 75 8582982.76
13 76 6710132.929
13 77 9045775.7
13 78 8398904.234
13 79 4243380.282
13 80 7284910.243
13 81 4956261.626
13 82 8416213.258
13 83 5505787.318
13 84 9047970.723
13 85 4269810.981
13 86 8722313.467
13 87 10366386.02
13 88 1214143.462
13 89 8797180.515
13 90 10364103.21
13 91 9638872.645
13 92 3549245.49
13 93 7658048.811
13 94 8532905.166
13 95 3332610.2
13 96 1008181.089
13 97 3216277.964
13 98 8009683.937
13 99 6285784.057
14 15 7373031.983
14 16 3947763.341
14 17 7496502.367
14 18 3647518.466
14 19 9016325.408
14 20 4763042.509
14 21 3606526.479
14 22 4441844.897
14 23 5486905.713
14 24 6291704.911
14 25 6838893.553
14 26 3306121.48
14 27 7646119.774
14 28 6103947.105
14 29 419472.1752
14 30 3794505.857
14 31 3505885.119
14 32 5217928.997
14 33 1846823.975
14 34 1944937.725
14 35 5677159.926
14 36 4287879.462
14 37 3758046.474
14 38 7807015.254
14 39 2180472.865
14 40 5577614.598
14 41 8708833.943
14 42 2598833.195
14 43 5731131.751
14 44 5684744.009
14 45 5635214.287
14 46 6296120.388
14 47 8195430.939
14 48 2509416.621
14 49 7607022.299
14 50 3906569.463
14 51 5662497.913
14 52 8808393.628
14 53 5344523
14 54 1493119.203
14 55 3422901.955
14 56 6529576.574
14 57 4870826.731
14 58 3972048.075
14 59 5718093.831
14 60 4939137.239
14 61 4876855.337
14 62 6293250.967
14 63 4695877.373
14 64 8218120.299
14 65 1823011.701
14 66 1750355.852
14 67 9264174.644
14 68 5504732.765
14 69 4955202.962
14 70 7260386.691
14 71 1425974.355
14 72 8366691.315
14 73 5703542.209
14 74 5738244.318
14 75 1888411.541
14 76 7993931.036
14 77 1603734.006
14 78 2142033.463
14 79 5106375.327
14 80 1716624.806
14 81 8468208.344
14 82 3509640.404
14 83 4096816.599
14 84 4677490.303
14 85 5110086.409
14 86 5564220.641
14 87 4045256.928
14 88 9834823.303
14 89 922975.8254
14 90 3335052.263
14 91 1931119.749
14 92 7067527.434
14 93 1383421.798
14 94 2136219.302
14 95 8439630.927
14 96 7977131.428
14 97 6646220.3
14 98 2560671.649
14 99 6377901.439
15 16 7903407.564
15 17 2266558.466
15 18 6451895.936
15 19 1797185.37
15 20 3634228.139
15 21 3788444.001
15 22 7255679.787
15 23 1889786.485
15 24 3272845.587
15 25 1423518.259
15 26 6700510.395
15 27 5645697.795
15 28 2175462.108
15 29 6981337.968
15 30 8216022.066
15 31 3989438.55
15 32 2651499.431
15 33 7446876.581
15 34 6024061.156
15 35 5024402.408
15 36 3194708.046
15 37 8928302.917
15 38 3549050.022
15 39 5320242.541
15 40 5928086.272
15 41 1984326.341
15 42 6507783.845
15 43 1823742.154
15 44 4369493.308
15 45 2582563.815
15 46 1439414.309
15 47 1365980.788
15 48 5174256.011
15 49 2034005.706
15 50 9458735.253
15 51 7300646.698
15 52 7313494.406
15 53 2036548.038
15 54 7220788.024
15 55 7031246.272
15 56 4681807.489
15 57 4695759.111
15 58 4442687.688
15 59 3555921.343
15 60 2730888.272
15 61 4115507.459
15 62 1081730.555
15 63 2857277.769
15 64 1211080.389
15 65 7445353.076
15 66 5846450.215
15 67 2106727.15
15 68 3783135.428
15 69 8883454.134
15 70 5107991.03
15 71 5972572.158
15 72 1949800.031
15 73 2231150.525
15 74 2318967.362
15 75 7020674.279
15 76 6036692.019
15 77 7470328.227
15 78 6843741.703
15 79 2751244.765
15 80 5677333.284
15 81 4589563.819
15 82 6959570.433
15 83 4000247.299
15 84 7692989.575
15 85 2785653.797
15 86 7486337.829
15 87 8900395.282
15 88 2579913.353
15 89 7197929.862
15 90 8846134.676
15 91 8065115.425
15 92 2734282.105
15 93 6051608.129
15 94 6978119.947
15 95 3155371.374
15 96 610902.0279
15 97 2139863.353
15 98 6476268.72
15 99 5270621.864
16 17 9065728.993
16 18 7217160.194
16 19 9026123.891
16 20 4281204.213
16 21 5212572.01
16 22 8167089.759
16 23 6396682.058
16 24 8438202.734
16 25 6754787.135
16 26 6973129.687
16 27 5177164.233
16 28 5863837.131
16 29 3770686.756
16 30 439321.9582
16 31 5445364.117
16 32 5252125.343
16 33 2104254.742
16 34 2828795.565
16 35 3653178.741
16 36 4972641.075
16 37 1290559.507
16 38 6469911.435
16 39 3652014.78
16 40 8818876.203
16 41 8384744.633
16 42 1817862.833
16 43 6098178.104
16 44 4113068.629
16 45 7403085.344
16 46 7469450.018
16 47 8095251.044
16 48 5238749.072
16 49 9051813.525
16 50 1869660.532
16 51 2160958.364
16 52 5727857.875
16 53 6319182.849
16 54 5381232.115
16 55 7173502.7
16 56 4587209.588
16 57 7701389.34
16 58 6613455.933
16 59 8013462.38
16 60 6555014.877
16 61 7429838.315
16 62 6952250.303
16 63 5169378.736
16 64 8226411.012
16 65 5742588.179
16 66 3330293.441
16 67 9161431.113
16 68 7908662.011
16 69 1157359.722
16 70 5053709.773
16 71 3781520.898
16 72 7960915.993
16 73 7252895.294
16 74 7358319.802
16 75 5710816.488
16 76 5366462.538
16 77 5533731.593
16 78 1962042.737
16 79 5154239.87
16 80 3869131.612
16 81 6647273.265
16 82 964508.7943
16 83 3933461.073
16 84 895877.0627
16 85 5118318.345
16 86 1957125.067
16 87 1086920.193
16 88 9767140.297
16 89 3033999.27
16 90 1538964.02
16 91 2264942.64
16 92 8906634.451
16 93 3639028.186
16 94 1903747.843
16 95 7377083.538
16 96 8477310.624
16 97 8252133.032
16 98 1871274.211
16 99 4089965.456
17 18 5464108.357
17 19 3565532.498
17 20 5093132.076
17 21 4063822.438
17 22 6016615.464
17 23 2721427.859
17 24 1593104.963
17 25 3546750.075
17 26 5814300.496
17 27 7757350.508
17 28 4049189.166
17 29 7170074.03
17 30 9299980.295
17 31 4032043.102
17 32 4116606.861
17 33 8103270.483
17 34 6668592.681
17 35 6809480.866
17 36 4097163.741
17 37 9889902.014
17 38 5783974.385
17 39 5821410.808
17 40 4313536.026
17 41 4095274.646
17 42 7414763.317
17 43 3295502.047
17 44 6176646.739
17 45 1862038.282
17 46 1651616.806
17 47 3536894.915
17 48 5008958.334
17 49 286386.6182
17 50 10355902.75
17 51 8921232.508
17 52 9453626.049
17 53 2771521.47
17 54 6893082.023
17 55 6099362.481
17 56 6669078.71
17 57 3441326.887
17 58 3738404.181
17 59 2147051.568
17 60 2628713.066
17 61 3013800.205
17 62 2468674.365
17 63 3956483.152
17 64 3329342.348
17 65 7010205.921
17 66 6336811.988
17 67 3883694.993
17 68 2428353.729
17 69 10154032.15
17 70 7197841.437
17 71 6263136.751
17 72 4160983.953
17 73 1862027.638
17 74 1791107.848
17 75 6579495.35
17 76 8168243.083
17 77 7102806.715
17 78 7613436.171
17 79 4174251.713
17 80 5990578.039
17 81 6838175.609
17 82 8101917.315
17 83 5201945.473
17 84 9054306.389
17 85 4225014.049
17 86 9067407.961
17 87 9942699.241
17 88 4110211.282
17 89 7601362.531
17 90 9707240.355
17 91 8667074.986
17 92 683158.6319
17 93 6381806.049
17 94 7743044.782
17 95 5420273.815
17 96 2313906.391
17 97 858798.4814
17 98 7371607.671
17 99 7194941.117
18 19 8247052.268
18 20 5777291.97
18 21 3434822.162
18 22 1052527.26
18 23 4836179.498
18 24 3900629.996
18 25 6664529.205
18 26 426713.2495
18 27 9292636.006
18 28 6318705.487
18 29 3608870.208
18 30 7184465.397
18 31 3024856.708
18 32 5559202.572
18 33 5282637.838
18 34 4460057.942
18 35 7449835.453
18 36 4553942.002
18 37 7321710.496
18 38 8494596.487
18 39 3828734.639
18 40 2049732.981
18 41 8309281.858
18 42 5479826.541
18 43 5524494.886
18 44 7134476.229
18 45 3935642.334
18 46 5030750.528
18 47 7689784.67
18 48 2247254.555
18 49 5683570.462
18 50 7531829.551
18 51 8403172.158
18 52 10812422.8
18 53 4692417.307
18 54 2265764.9
18 55 638682.8142
18 56 8003402.797
18 57 2039394.266
18 58 2023312.241
18 59 3318774.933
18 60 3766581.023
18 61 2467129.483
18 62 5573832.819
18 63 4906937.345
18 64 7604967.822
18 65 2119616.083
18 66 3957045.474
18 67 8558620.752
18 68 3037888.739
18 69 8335969.97
18 70 8771304.778
18 71 3452108.661
18 72 8110095.899
18 73 4238042.583
18 74 4174535.388
18 75 1828184.973
18 76 9713012.648
18 77 2319695.085
18 78 5255401.515
18 79 5490380.63
18 80 3426647.516
18 81 9440207.108
18 82 6497480.752
18 83 5249961.522
18 84 7747746.853
18 85 5528022.476
18 86 8392415.153
18 87 7567086.273
18 88 9006713.689
18 89 4364120.73
18 90 6931332.564
18 91 5536491.004
18 92 4835794.72
18 93 3588635.298
18 94 5321108.997
18 95 8761046.17
18 96 6940092.587
18 97 4785795.451
18 98 5426573.864
18 99 8144268.885
19 20 4798926.93
19 21 5494015.128
19 22 9036003.195
19 23 3609805.343
19 24 4895515.735
19 25 2306238.394
19 26 8497695.082
19 27 5709792.382
19 28 3187599.211
19 29 8612355.189
19 30 9384169.087
19 31 5733112.414
19 32 3954211.837
19 33 8883980.659
19 34 7512152.28
19 35 5708974.37
19 36 4742354.427
19 37 10157701.79
19 38 3386339.975
19 39 6893336.777
19 40 7628552.071
19 41 888475.6494
19 42 7845377.787
19 43 3293707.436
19 44 5087635.545
19 45 4351703.681
19 46 3221508.127
19 47 931211.8566
19 48 6923798.452
19 49 3282406
19 50 10715892.98
19 51 8040747.023
19 52 7213090.552
19 53 3762066.776
19 54 8969549.749
19 55 8828294.993
19 56 5090346.087
19 57 6454836.924
19 58 6239819.074
19 59 5260938.67
19 60 4524108.515
19 61 5885752.357
19 62 2788506.895
19 63 4352157.1
19 64 820816.3614
19 65 9208446.231
19 66 7404234.728
19 67 325667.6008
19 68 5506561.152
19 69 9893523.293
19 70 5266314.105
19 71 7595903.973
19 72 1262575.032
19 73 4016447.447
19 74 4094715.538
19 75 8787805.053
19 76 6023667.241
19 77 9223224.094
19 78 8243063.132
19 79 4067762.755
19 80 7302114.219
19 81 4211456.814
19 82 8130843.528
19 83 5312498.011
19 84 8666562.387
19 85 4084700.108
19 86 8260652.031
19 87 10077866.68
19 88 818601.3841
19 89 8750087.774
19 90 10138674.2
19 91 9512322.57
19 92 4183104.148
19 93 7659873.842
19 94 8375442.036
19 95 2581330.794
19 96 1347168.189
19 97 3750832.562
19 98 7821659.708
19 99 5734257.843
20 21 2386050.083
20 22 6818528.231
20 23 2386284.648
20 24 4943229.342
20 25 2497671.586
20 26 5793769.818
20 27 3532479.199
20 28 1611338.881
20 29 4344842.962
20 30 4613049.398
20 31 2803157.874
20 32 1006639.257
20 33 4174786.538
20 34 2938430.929
20 35 1884753.529
20 36 1357862.065
20 37 5365415.436
20 38 3053007.94
20 39 2621669.446
20 40 6462547.569
20 41 4252131.6
20 42 3069646.422
20 43 1871901.243
20 44 1400402.421
20 45 3788382.089
20 46 3441515.413
20 47 3877243.958
20 48 3618134.068
20 49 5016019.019
20 50 5919003.807
20 51 3828243.531
20 52 5130588.474
20 53 2367383.791
20 54 5301883.985
20 55 6121030.441
20 56 2236219.73
20 57 5060578.406
20 58 4111659.428
20 59 4729552.1
20 60 3036571.967
20 61 4549521.299
20 62 2750410.76
20 63 1228799.371
20 64 3984501.703
20 65 5648247.092
20 66 3013221.982
20 67 4967465.855
20 68 4752441.933
20 69 5249798.819
20 70 2997745.037
20 71 3404672.232
20 72 3852179.169
20 73 3500713.411
20 74 3637770.371
20 75 5320790.845
20 76 3961027.128
20 77 5564040.352
20 78 3507890.176
20 79 928868.0362
20 80 3158776.968
20 81 3812796.874
20 82 3353737.401
20 83 667499.502
20 84 4068025.405
20 85 882375.8848
20 86 3976402.595
20 87 5304144.755
20 88 5573816.734
20 89 4241558.937
20 90 5340051.148
20 91 4802332.056
20 92 5114021.958
20 93 3404030.549
20 94 3635689.613
20 95 3690965.607
20 96 4198853.39
20 97 4381837.664
20 98 3050967.708
20 99 2482951.088
21 22 4459915.267
21 23 1899527.367
21 24 3228502.504
21 25 3488687.226
21 26 3504781.653
21 27 5918185.368
21 28 2967081.946
21 29 3230883.728
21 30 5380618.807
21 31 417885.4926
21 32 2147335.446
21 33 4041700.359
21 34 2617126.915
21 35 4185787.833
21 36 1120298.911
21 37 5890678.116
21 38 5086840.087
21 39 1758393.649
21 40 4130949.828
21 41 5308758.499
21 42 3449696.774
21 43 2312488.316
21 44 3778958.015
21 45 2254337.934
21 46 2705416.343
21 47 4740785.187
21 48 1485546.004
21 49 4124139.473
21 50 6327087.711
21 51 5645837.075
21 52 7505261.915
21 53 1751896.444
21 54 3497688.114
21 55 3843256.304
21 56 4621561.716
21 57 2770075.862
21 58 1748064.665
21 59 2808455.223
21 60 1435649.484
21 61 2342503.857
21 62 2719584.597
21 63 1493360.438
21 64 4726397.788
21 65 3768119.61
21 66 2273584.894
21 67 5764437.081
21 68 2727862.984
21 69 6354586.335
21 70 5378936.038
21 71 2252257.889
21 72 5023015.702
21 73 2204101.74
21 74 2274483.098
21 75 3367423.892
21 76 6347077.169
21 77 3757331.817
21 78 3579713.849
21 79 2069421.98
21 80 1964527.75
21 81 6010033.791
21 82 4277551.459
21 83 1963059.975
21 84 5398771.764
21 85 2103609.007
21 86 5713944.41
21 87 5982487.083
21 88 6309501.273
21 89 3564813.502
21 90 5673552.66
21 91 4603629.471
21 92 3775026.033
21 93 2355489.407
21 94 3705575.062
21 95 5442834.875
21 96 4385400.073
21 97 3207547.104
21 98 3401514.409
21 99 4839801.483
22 23 5746936.123
22 24 4423555.058
22 25 7587617.499
22 26 1196201.152
22 27 10339245.37
22 28 7295630.629
22 29 4470811.493
22 30 8106989.771
22 31 4045446.118
22 32 6562938.153
22 33 6174935.622
22 34 5456492.6
22 35 8502030.808
22 36 5574415.115
22 37 8182821.925
22 38 9487442.922
22 39 4862082.624
22 40 1970362.332
22 41 9164957.287
22 42 6465532.636
22 43 6472512.454
22 44 8181894.048
22 45 4685016.914
22 46 5817797.763
22 47 8539274.375
22 48 3298434.276
22 49 6261400.928
22 50 8348073.527
22 51 9428142.971
22 52 11864374.51
22 53 5609136.302
22 54 2967648.08
22 55 1018984.511
22 56 9048301.963
22 57 2612416.115
22 58 2929045.643
22 59 3895617.573
22 60 4647230.989
22 61 3154304.12
22 62 6444641.807
22 63 5914628.324
22 64 8437226.416
22 65 2713051.957
22 66 4959401.628
22 67 9354071.188
22 68 3619964.953
22 69 9267032.642
22 70 9814847.743
22 71 4438905.62
22 72 8992469.98
22 73 5024532.902
22 74 4941456.969
22 75 2553976.645
22 76 10760825.2
22 77 2938213.827
22 78 6207606.037
22 79 6498922.807
22 80 4438254.669
22 81 10449558.95
22 82 7484490.585
22 83 6299319.854
22 84 8734243.439
22 85 6538463.229
22 86 9409935.062
22 87 8448614.33
22 88 9769204.077
22 89 5235633.129
22 90 7772108.503
22 91 6367890.548
22 92 5352291.949
22 93 4569429.942
22 94 6263751.011
22 95 9712886.805
22 96 7705101.233
22 97 5430975.445
22 98 6412984.264
22 99 9195632.479
23 24 2682499.118
23 25 1841957.165
23 26 5025165.553
23 27 5423705.801
23 28 1743104.514
23 29 5098755.501
23 30 6658727.459
23 31 2123546.588
23 32 1455659.802
23 33 5671559.251
23 34 4228818.271
23 35 4180181.344
23 36 1444144.618
23 37 7302827.361
23 38 3917200.002
23 39 3473009.07
23 40 4782605.616
23 41 3510176.334
23 42 4833004.558
23 43 825218.1973
23 44 3580084.653
23 45 1553412.147
23 46 1080173.943
23 47 2910193.369
23 48 3314476.195
23 49 2671005.165
23 50 7802368.06
23 51 6211001.191
23 52 7123005.174
23 53 152948.053
23 54 5359755.672
23 55 5365281.274
23 56 4208147.565
23 57 3393923.281
23 58 2823359.2
23 59 2624733.729
23 60 1116294.379
23 61 2797910.736
23 62 822975.4304
23 63 1239876.648
23 64 2867113.726
23 65 5602291.306
23 66 4003628.157
23 67 3890648.799
23 68 2739627.093
23 69 7460917.344
23 70 4850387.943
23 71 4095013.3
23 72 3280744.645
23 73 1193908.743
23 74 1339678.35
23 75 5184694.685
23 76 5856208.289
23 77 5613739.776
23 78 5107133.814
23 79 1491547.188
23 80 3800296.594
23 81 4961249.238
23 82 5432823.817
23 83 2489857.479
23 84 6341278.139
23 85 1544987.68
23 86 6351158.812
23 87 7321229.52
23 88 4421144.968
23 89 5348553.46
23 90 7168228.752
23 91 6276168.707
23 92 2734053.987
23 93 4179933.936
23 94 5240895.054
23 95 3991108.618
23 96 2490611.877
23 97 1996729.416
23 98 4795048.751
23 99 4652172.688
24 25 4185271.064
24 26 4267372.695
24 27 8102990.668
24 28 4379911.501
24 29 6011173.4
24 30 8608588.126
24 31 3048635.635
24 32 4110890.734
24 33 7172948.299
24 34 5799754.138
24 35 6806028.443
24 36 3687521.406
24 37 9097326.52
24 38 6441708.403
24 39 4921100.761
24 40 2764767.301
24 41 5252539.103
24 42 6676029.412
24 43 3478085.712
24 44 6233237.433
24 45 1156396.099
24 46 1988260.158
24 47 4638676.6
24 48 3786336.887
24 49 1843141.341
24 50 9509193.318
24 51 8670685.147
24 52 9804242.121
24 53 2642668.241
24 54 5502652.566
24 55 4538798.522
24 56 6889658.265
24 57 1863846.028
24 58 2351381.007
24 59 605016.3448
24 60 1947125.32
24 61 1509773.991
24 62 2912279.196
24 63 3714884.19
24 64 4472806.924
24 65 5575626.461
24 66 5392913.625
24 67 5221151.932
24 68 874357.6562
24 69 9575115.524
24 70 7529738.407
24 71 5205463.765
24 72 5212002.432
24 73 1488592.313
24 74 1342901.516
24 75 5153630.208
24 76 8534213.659
24 77 5691223.59
24 78 6774690.529
24 79 4126756.687
24 80 4963638.148
24 81 7508461.819
24 82 7496144.12
24 83 4842892.187
24 84 8578859.062
24 85 4181051.071
24 86 8776385.772
24 87 9203624.457
24 88 5539582.335
24 89 6542116.187
24 90 8853601.029
24 91 7684298.281
24 92 937159.7852
24 93 5339888.268
24 94 6895420.373
24 95 6295402.711
24 96 3556044.639
24 97 1147732.153
24 98 6627210.647
24 99 7317780.563
25 26 6834406.544
25 27 4239672.74
25 28 891291.2862
25 29 6425826.721
25 30 7100914.396
25 31 3809877.662
25 32 1664870.188
25 33 6588857.573
25 34 5238729.447
25 35 3647522.03
25 36 2559490.394
25 37 7862387.981
25 38 2273487.341
25 39 4675644.396
25 40 6570150.36
25 41 1870057.544
25 42 5539458.977
25 43 1177742.917
25 44 2994886.593
25 45 3207215.466
25 46 2200196.926
25 47 1398947.098
25 48 4973006.423
25 49 3354676.852
25 50 8416657.176
25 51 5956912.454
25 52 5922205.193
25 53 1978499.624
25 54 6974446.851
25 55 7176146.94
25 56 3259410.48
25 57 5208339.029
25 58 4661080.182
25 59 4294301.772
25 60 2953871.929
25 61 4608640.729
25 62 1279028.529
25 63 2144982.154
25 64 1488220.899
25 65 7255238.795
25 66 5169179.653
25 67 2495189.63
25 68 4460211.366
25 69 7667125.424
25 70 3694079.379
25 71 5413144.266
25 72 1542317.573
25 73 2811734.126
25 74 2945278.346
25 75 6856090.473
25 76 4639618.115
25 77 7236592.642
25 78 5942298.832
25 79 1779479.86
25 80 5125029.379
25 81 3341388.161
25 82 5843526.839
25 83 3009057.432
25 84 6452180.079
25 85 1791273.113
25 86 6155469.97
25 87 7793712.535
25 88 3096401.595
25 89 6500661.361
25 90 7834733.356
25 91 7218085.023
25 92 3881104.91
25 93 5461770.128
25 94 6074134.612
25 95 2167352.111
25 96 1850993.517
25 97 3175613.716
25 98 5516088.496
25 99 3854437.101
26 27 9282937.399
26 28 6439023.659
26 29 3300890.236
26 30 6919272.884
26 31 3108608.635
26 32 5649297.127
26 33 4995816.267
26 34 4263497.987
26 35 7406276.751
26 36 4623085.784
26 37 7018679.449
26 38 8589865.929
26 39 3694510.201
26 40 2470770.16
26 41 8522061.257
26 42 5270059.93
26 43 5677743.326
26 44 7125035.703
26 45 4226432.926
26 46 5295173.008
26 47 7908071.487
26 48 2194465.775
26 49 6025562.848
26 50 7206972.023
26 51 8246061.031
26 52 10768409.06
26 53 4877732.339
26 54 1882178.942
26 55 342270.4419
26 56 8002194.009
26 57 2417399.675
26 58 2258266.372
26 59 3676663.242
26 60 3986829.351
26 61 2802886.973
26 62 5786890.519
26 63 4994726.289
26 64 7833784.265
26 65 1709152.735
26 66 3768785.227
26 67 8805150.216
26 68 3397499.228
26 69 8077412.258
26 70 8773463.103
26 71 3244637.012
26 72 8305874.876
26 73 4508575.186
26 74 4455103.999
26 75 1447115.269
26 76 9697661.923
26 77 1915739.301
26 78 5012742.398
26 79 5573791.411
26 80 3252876.995
26 81 9511323.363
26 82 6288956.779
26 83 5236339.504
26 84 7538495.301
26 85 5608374.563
26 86 8222955.42
26 87 7275652.691
26 88 9268673.133
26 89 4063378.15
26 90 6617493.072
26 91 5216425.388
26 92 5198422.897
26 93 3374112.534
26 94 5070397.499
26 95 8899831.224
26 96 7206416.391
26 97 5110838.449
26 98 5217609.237
26 99 8109526.8
27 28 3750272.37
27 29 7264093.523
27 30 5616481.427
27 31 6335522.212
27 32 4056191.675
27 33 6368813.238
27 34 5706783.203
27 35 1974074.601
27 36 4854740.489
27 37 6463332.681
27 38 2325207.215
27 39 5800053.86
27 40 9952781.388
27 41 4836189.851
27 42 5208212.884
27 43 4627968.305
27 44 2158778.111
27 45 6974751.394
27 46 6247232.74
27 47 4931912.238
27 48 7089615.786
27 49 7582610.959
27 50 7032891
27 51 3245612.418
27 52 1705756.901
27 53 5478169.481
27 54 8540714.467
27 55 9601509.009
27 56 1296778.229
27 57 8538139.387
27 58 7632399.636
27 59 8023614.819
27 60 6364372.126
27 61 7995385.083
27 62 5323280.848
27 63 4609550.996
27 64 5157308.961
27 65 8913305.566
27 66 6010029.622
27 67 5670602.458
27 68 8100312.118
27 69 5501925.78
27 70 573324.3851
27 71 6518782.907
27 72 4448107.841
27 73 6615939.989
27 74 6761927.255
27 75 8643361.758
27 76 436194.0762
27 77 8789032.371
27 78 5742361.715
27 79 4072159.337
27 80 6343791.27
27 81 1791271.809
27 82 4715587.569
27 83 4047035.659
27 84 4404295.77
27 85 4020765.029
27 86 3506458.78
27 87 6207089.633
27 88 6178439.423
27 89 6875208.748
27 90 6694110.316
27 91 6887494.357
27 92 8007808.525
27 93 6465024.729
27 94 5822596.271
27 95 3221797.121
27 96 5960458.098
27 97 7267027.198
27 98 5227419.998
27 99 1268530.18
28 29 5686358.634
28 30 6209713.032
28 31 3338660.979
28 32 889773.1052
28 33 5740432.777
28 34 4422779.275
28 35 2854721.415
28 36 1911262.947
28 37 6973228.397
28 38 2210063.375
28 39 3924604.382
28 40 6496758.779
28 41 2670596.714
28 42 4668393.503
28 43 918010.7286
28 44 2200861.566
28 45 3284382.975
28 46 2497627.152
28 47 2266968.057
28 48 4437208.331
28 49 3901870.653
28 50 7529212.395
28 51 5126560.323
28 52 5455987.42
28 53 1832064.711
28 54 6371122.763
28 55 6780640.086
28 56 2619909.232
28 57 5090490.605
28 58 4382526.259
28 59 4365491.646
28 60 2808557.675
28 61 4504147.157
28 62 1585206.819
28 63 1495717.974
28 64 2374106.276
28 65 6676248.582
28 66 4395525.166
28 67 3359607.892
28 68 4482288.277
28 69 6783670.688
28 70 3180582.939
28 71 4686157.214
28 72 2290944.821
28 73 2906646.251
28 74 3051721.98
28 75 6296304.652
28 76 4174919.313
28 77 6635869.781
28 78 5085341.21
28 79 998929.8829
28 80 4406561.915
28 81 3231710.42
28 82 4952551.811
28 83 2154152.719
28 84 5573050.543
28 85 993886.375
28 86 5315446.267
28 87 6902588.706
28 88 3965087.808
28 89 5704547.878
28 90 6951293.741
28 91 6370005.06
28 92 4260178.433
28 93 4720571.854
28 94 5215906.588
28 95 2476051.71
28 96 2682292.17
28 97 3517525.082
28 98 4646896.83
28 99 3158393.18
29 30 3660469.145
29 31 3155594.015
29 32 4801014.624
29 33 1710450.363
29 34 1557321.495
29 35 5292056.405
29 36 3878415.604
29 37 3717900.033
29 38 7390364.776
29 39 1762120.204
29 40 5467195.417
29 41 8295882.375
29 42 2295039.993
29 43 5323922.514
29 44 5282553.96
29 45 5308197.005
29 46 5930545.805
29 47 7786151.947
29 48 2227204.41
29 49 7271314.329
29 50 3927376.117
29 51 5380963.056
29 52 8457457.813
29 53 4958166.243
29 54 1610940.239
29 55 3456702.316
29 56 6132944.851
29 57 4669308.014
29 58 3722393.88
29 59 5448799.597
29 60 4589448.494
29 61 4630678.76
29 62 5900371.171
29 63 4284322.272
29 64 7811746.092
29 65 1977347.854
29 66 1333321.136
29 67 8857628.729
29 68 5246731.624
29 69 4825193.562
29 70 6868978.933
29 71 1016631.999
29 72 7951640.634
29 73 5358682.69
29 74 5399566.367
29 75 1950847.961
29 76 7618010.803
29 77 1776434.898
29 78 1881582.919
29 79 4689223.4
29 80 1310302.906
29 81 8059000.827
29 82 3249790.589
29 83 3678333.567
29 84 4452097.127
29 85 4692472.275
29 86 5296855.669
29 87 3977846.568
29 88 9430632.883
29 89 765037.3805
29 90 3322464.181
29 91 1931085.474
29 92 6762001.573
29 93 966084.1175
29 94 1898302.315
29 95 8020276.22
29 96 7587165.398
29 97 6315834.21
29 98 2252605.892
29 99 5997016.896
30 31 5586350.756
30 32 5566043.072
30 33 1954738.217
30 34 2893605.691
30 35 4075595.327
30 36 5222556.995
30 37 854367.2985
30 38 6885592.71
30 39 3750522.352
30 40 8854167.437
30 41 8759768.962
30 42 1934692.815
30 43 6401106.388
30 44 4518612.083
30 45 7600473.415
30 46 7723755.615
30 47 8454420.598
30 48 5287094.729
30 49 9297541.847
30 50 1436546.835
30 51 2577360.19
30 52 6149799.986
30 53 6574125.438
30 54 5260298.853
30 55 7102135.672
30 56 5014798.888
30 57 7784174.87
30 58 6704157.895
30 59 8163138.893
30 60 6754215.908
30 61 7543134.233
30 62 7243999.01
30 63 5443975.481
30 64 8579373.389
30 65 5610559.467
30 66 3379374.227
30 67 9527376.902
30 68 8044982.467
30 69 1164777.784
30 70 5490390.891
30 71 3789288.929
30 72 8338158.896
30 73 7469558.749
30 74 7569615.318
30 75 5611181.047
30 76 5804797.815
30 77 5395464.985
30 78 1958893.634
30 79 5464876.6
30 80 3908515.673
30 81 7079968.757
30 82 1259470.849
30 83 4224888.532
30 84 1301485.785
30 85 5431397.866
30 86 2362837.917
30 87 693779.7664
30 88 10133958.4
30 89 2903544.552
30 90 1110417.495
30 91 2000014.817
30 92 9113278.743
30 93 3643000.662
30 94 1874664.493
30 95 7785514.02
30 96 8797193.515
30 97 8475364.326
30 98 1984832.305
30 99 4525006.578
31 32 2541524.693
31 33 4134848.094
31 34 2751299.112
31 35 4592453.612
31 36 1529747.787
31 37 6050328.251
31 38 5481874.872
31 39 1872467.002
31 40 3738778.127
31 41 5598852.902
31 42 3652054.632
31 43 2632988.773
31 44 4194386.153
31 45 2179242.057
31 46 2801238.658
31 47 5015808.273
31 48 1190995.383
31 49 4120621.789
31 50 6461271.93
31 51 5990844.93
31 52 7918885.195
31 53 1971097.625
31 54 3236642.305
31 55 3448810.961
31 56 5038983.488
31 57 2401283.922
31 58 1350985.358
31 59 2577487.612
31 60 1434196.106
31 61 2016578.419
31 62 2944852.588
31 63 1887191.268
31 64 4985746.36
31 65 3481310.01
31 66 2351914.523
31 67 6013763.624
31 68 2463299.932
31 69 6596416.101
31 70 5796755.07
31 71 2231348.958
31 72 5331219.198
31 73 2203432.082
31 74 2248755.725
31 75 3067699.445
31 76 6764109.129
31 77 3490198.929
31 78 3726741.74
31 79 2468543.479
31 80 1962465.489
31 81 6415947.94
31 82 4529281.597
31 83 2364958.821
31 84 5683994.12
31 85 2504908.646
31 86 6048414.387
31 87 6164862.214
31 88 6543163.183
31 89 3571744.975
31 90 5805735.614
31 91 4667538.016
31 92 3679147.938
31 93 2352118.604
31 94 3846922.299
31 95 5809957.06
31 96 4572546.401
31 97 3173908.277
31 98 3601573.279
31 99 5251610.509
32 33 4929904.682
32 34 3574154.324
32 35 2725110.07
32 36 1047715.201
32 37 6289763.331
32 38 2940569.916
32 39 3040493.628
32 40 5932835.448
32 41 3519393.374
32 42 3907646.364
32 43 865299.2117
32 44 2126892.407
32 45 2959683.452
32 46 2468965.603
32 47 3061944.007
32 48 3589757.231
32 49 4026524.818
32 50 6829323.361
32 51 4813593.042
32 52 5736457.629
32 53 1471331.121
32 54 5493130.411
32 55 5988783.723
32 56 2799079.88
32 57 4514586.963
32 58 3695794.454
32 59 3978413.663
32 60 2308272.607
32 61 3954556.552
32 62 1743877.922
32 63 654578.5106
32 64 3133470.643
32 65 5804349.144
32 66 3519707.084
32 67 4157146.17
32 68 4045470.771
32 69 6245242.479
32 70 3486968.009
32 71 3798131.723
32 72 3157574.886
32 73 2630396.438
32 74 2773850.256
32 75 5431280.258
32 76 4492221.204
32 77 5758139.885
32 78 4290351.609
32 79 114668.3031
32 80 3517492.4
32 81 3887152.695
32 82 4308643.259
32 83 1371411.791
32 84 5071558.121
32 85 135066.9342
32 86 4970574.395
32 87 6252097.883
32 88 4755080.008
32 89 4841527.238
32 90 6229079.066
32 91 5558483.19
32 92 4184310.236
32 93 3834949.709
32 94 4423156.584
32 95 3333402.649
32 96 3231746.22
32 97 3441654.05
32 98 3880949.187
32 99 3207004.868
33 34 1446671.892
33 35 4485211.338
33 36 4259415.132
33 37 2056526.369
33 38 7014041.043
33 39 2283492.426
33 40 7048654.077
33 41 8409509.61
33 42 1193938.79
33 43 5647875.265
33 44 4680854.958
33 45 6289075.909
33 46 6658332.874
33 47 7987800.413
33 48 3563226.739
33 49 8152216.647
33 50 2365938.34
33 51 3954681.382
33 52 7313865.099
33 53 5555417.273
33 54 3305591.114
33 55 5163864.193
33 56 5422263.602
33 57 6095541.169
33 58 5055821.887
33 59 6664713.888
33 60 5477016.44
33 61 5942441.585
33 62 6388895.624
33 63 4591954.587
33 64 8063314.444
33 65 3656739.258
33 66 1782948.307
33 67 9084036.29
33 68 6505398.876
33 69 3119030.311
33 70 6076275.821
33 71 2028131.322
33 72 8019000.644
33 73 6241451.594
33 74 6315863.284
33 75 3660582.451
33 76 6662769.826
33 77 3442984.371
33 78 678570.0348
33 79 4816235.953
33 80 2227220.401
33 81 7484567.067
33 82 1803434.742
33 83 3586342.271
33 84 2871690.717
33 85 4800114.338
33 86 3823312.855
33 87 2284682.242
33 88 9684038.87
33 89 949342.1664
33 90 1718293.912
33 91 629593.761
33 92 7804686.798
33 93 1881796.767
33 94 566187.6145
33 95 7790422.723
33 96 8055271.317
33 97 7248499.157
33 98 1189998.764
33 99 5123384.519
34 35 3735085.255
34 36 2829831.21
34 37 3300529.374
34 38 5933327.906
34 39 879406.8523
34 40 5990614.348
34 41 7088343.47
34 42 1028142.539
34 43 4243524.542
34 44 3747318.014
34 45 4871206.994
34 46 5211718.128
34 47 6633617.781
34 48 2409980.167
34 49 6711467.742
34 50 3714209.276
34 51 4011876.882
34 52 6922195
34 53 4110806.931
34 54 2966603.277
34 55 4504900.744
34 56 4585709.967
34 57 4890659.981
34 58 3811243.877
34 59 5319255.505
34 60 4047902.085
34 61 4659565.33
34 62 4958142.777
34 63 3180428.913
34 64 6693888.181
34 65 3351018.094
34 66 507343.915
34 67 7726776.279
34 68 5182670.734
34 69 3981875.312
34 70 5315547.784
34 71 1020677.047
34 72 6713709.548
34 73 4806755.665
34 74 4885714.474
34 75 3183484.79
34 76 6061624.782
34 77 3187953.856
34 78 976305.6985
34 79 3459492.267
34 80 1048017.138
34 81 6545378.793
34 82 2039672.848
34 83 2295060.151
34 84 3288875.405
34 85 3449984.747
34 86 3970547.613
34 87 3430461.299
34 88 8320531.347
34 89 1303668.656
34 90 3059394.219
34 91 2047731.873
34 92 6391279.807
34 93 901065.6987
34 94 1095669.178
34 95 6626185.367
34 96 6634118.162
34 97 5816518.298
34 98 974132.4105
34 99 4439731.276
35 36 3233168.26
35 37 4925199.14
35 38 2825587.795
35 39 3844831.944
35 40 8308082.405
35 41 4955592.289
35 42 3299913.805
35 43 3514052.927
35 44 654936.2229
35 45 5649644.331
35 46 5176991.017
35 47 4797338.859
35 48 5215060.392
35 49 6694590.597
35 50 5509476.275
35 51 2333341.853
35 52 3363318.694
35 53 4187185.271
35 54 6576131.489
35 55 7715209.188
35 56 957982.2015
35 57 6919360.534
35 58 5933149.855
35 59 6611686.165
35 60 4917832.766
35 61 6423177.062
35 62 4360200.473
35 63 3104517.213
35 64 4974808.924
35 65 6951114.935
35 66 4037257.487
35 67 5782021.155
35 68 6637188.525
35 69 4301233.096
35 70 1599437.121
35 71 4550100.172
35 72 4525142.447
35 73 5341600.719
35 74 5482620.952
35 75 6692716.302
35 76 2346446.258
35 77 6822172.55
35 78 3834012.388
35 79 2691644.047
35 80 4383650.231
35 81 3047060.179
35 82 2979775.43
35 83 2229780.869
35 84 3077077.384
35 85 2637630.638
35 86 2551875.543
35 87 4738175.567
35 88 6370291.497
35 89 4925179.146
35 90 5067101.569
35 91 5041430.187
35 92 6908443.476
35 93 4493276.776
35 94 3925709.219
35 95 3755502.513
35 96 5497863.006
35 97 6164276.988
35 98 3312984.025
35 99 717450.2451
36 37 5858824.475
36 38 3975167.418
36 39 2151791.558
36 40 5109820.271
36 41 4426340.637
36 42 3389265.064
36 43 1448757.705
36 44 2753512.94
36 45 2554291.473
36 46 2501201.195
36 47 3907786.445
36 48 2542206.066
36 49 4079277.587
36 50 6358899.176
36 51 4983648.611
36 52 6479445.801
36 53 1352095.369
36 54 4460907.793
36 55 4960610.483
36 56 3560362.698
36 57 3704188.716
36 58 2779120.678
36 59 3416116.127
36 60 1743423.856
36 61 3192297.301
36 62 2129674.031
36 63 420019.6787
36 64 3936094.768
36 65 4765074.561
36 66 2668087.121
36 67 4981255.466
36 68 3418169.244
36 69 6057089.169
36 70 4303865.698
36 71 2862452.09
36 72 4098119.204
36 73 2329864.106
36 74 2451727.242
36 75 4387277.723
36 76 5287856.356
36 77 4725482.103
36 78 3675660.292
36 79 959785.2433
36 80 2571417.191
36 81 4889840.544
36 82 4008177.886
36 83 1156858.461
36 84 4973352.737
36 85 989761.0614
36 86 5093861.506
36 87 5880717.08
36 88 5559275.737
36 89 4019033.78
36 90 5726331.555
36 91 4873751.358
36 92 3991139.904
36 93 2920025.296
36 94 3809875.77
36 95 4377281.484
36 96 3805128.298
36 97 3301193.786
36 98 3351705.487
36 99 3840454.374
37 38 7728718.711
37 39 4179859.212
37 40 9104947.82
37 41 9556178.957
37 42 2477304.266
37 43 7105715.356
37 44 5354247.867
37 45 8138893.531
37 46 8351020.789
37 47 9230672.699
37 48 5598303.248
37 49 9905642.565
37 50 584340.2266
37 51 3369218.244
37 52 6938965.959
37 53 7208088.9
37 54 5251165.547
37 55 7165375.848
37 56 5867145.103
37 57 8127872.533
37 58 7071049.733
37 59 8619608.028
37 60 7300956.088
37 61 7941803.498
37 62 7929155.722
37 63 6113928.352
37 64 9347168.735
37 65 5572193.624
37 66 3739937.428
37 67 10311262.44
37 68 8479568.574
37 69 1485236.029
37 70 6344115.589
37 71 4064269.538
37 72 9137798.196
37 73 8039483.79
37 74 8130476.243
37 75 5638671.255
37 76 6642568.693
37 77 5348050.877
37 78 2324236.059
37 79 6184699.716
37 80 4234898.884
37 81 7934159.434
37 82 2037542.882
37 83 4928218.732
37 84 2099110.612
37 85 6154696.517
37 86 3138439.201
37 87 373448.9589
37 88 10918408.27
37 89 2957853.405
37 90 471132.7781
37 91 1830540.634
37 92 9659457.459
37 93 3916308.148
37 94 2207388.931
37 95 8621341.617
37 96 9518554.409
37 97 9050858.752
37 98 2519146.773
37 99 5379302.003
38 39 5674453.169
38 40 8695806.151
38 41 2510984.417
38 42 5830794.188
38 43 3102123.044
38 44 2387864.424
38 45 5412410.383
38 46 4466278.98
38 47 2641580.795
38 48 6507118.992
38 49 5571082.144
38 50 8312589.097
38 51 5006698.197
38 52 3861837.938
38 53 4021653.249
38 54 8323730.008
38 55 8929281.336
38 56 1956861.705
38 57 7295169.656
38 58 6586267.694
38 59 6504268.298
38 60 5009533.024
38 61 6705216.308
38 62 3530287.893
38 63 3595139.954
38 64 2874310.017
38 65 8657643.686
38 66 6057058.984
38 67 3346821.744
38 68 6644583.951
38 69 7110811.439
38 70 1915366.264
38 71 6457611.678
38 72 2126663.868
38 73 5021136.15
38 74 5161461.819
38 75 8307453.182
38 76 2641068.01
38 77 8587860.645
38 78 6336004.042
38 79 3017862.722
38 80 6209075.641
38 81 1068430.032
38 82 5733505.94
38 83 3720041.008
38 84 5895368.665
38 85 2985578.768
38 86 5253499.812
38 87 7556610.711
38 88 3866090.748
38 89 7230824.7
38 90 7837532.828
38 91 7618751.908
38 92 6151258.601
38 93 6456091.851
38 94 6449891.627
38 95 965157.3954
38 96 3758659.666
38 97 5449097.435
38 98 5828259.361
38 99 2578842.268
39 40 5205961.67
39 41 6544848.66
39 42 1834488.424
39 43 3599735.014
39 44 3704650.174
39 45 4006861.596
39 46 4409203.704
39 47 6048025.301
39 48 1644958.777
39 49 5875788.198
39 50 4589842.712
39 51 4577076.648
39 52 7166175.94
39 53 3344453.623
39 54 2746952.103
39 55 3972992.248
39 56 4584325.29
39 57 4049510.538
39 58 2961681.083
39 59 4440263.731
39 60 3193963.845
39 61 3792722.415
39 62 4241118.656
39 63 2544548.194
39 64 6084604.61
39 65 3115258.272
39 66 531230.0146
39 67 7128405.195
39 68 4306233.32
39 69 4809359.526
39 70 5347558.125
39 71 783424.7619
39 72 6194717.657
39 73 3960287.984
39 74 4032826.652
39 75 2848013.262
39 76 6188248.458
39 77 3000705.533
39 78 1855627.98
39 79 2928251.109
39 80 550066.5424
39 81 6402555.357
39 82 2794059.789
39 83 1955732.832
39 84 4018463.763
39 85 2930758.125
39 86 4575691.505
39 87 4304915.749
39 88 7709614.7
39 89 1878190.091
39 90 3934475.785
39 91 2849521.286
39 92 5524494.951
39 93 797705.5438
39 94 1974672.796
39 95 6270718.736
39 96 5930749.737
39 97 4965756.661
39 98 1781389.493
39 99 4562104.221
40 41 7906588.211
40 42 7012136.003
40 43 5593712.545
40 44 7862024.91
40 45 3393430.899
40 46 4519667.702
40 47 7280310.556
40 48 3581228.361
40 49 4582372.758
40 50 9376296.077
40 51 9679828.977
40 52 11589235.59
40 53 4674260.258
40 54 4286848.615
40 55 2571340.922
40 56 8663748.529
40 57 1418265.039
40 58 2387887.454
40 59 2373643.249
40 60 3688279.563
40 61 1992829.302
40 62 5318590.903
40 63 5345348.561
40 64 7139030.327
40 65 4166908.586
40 66 5488800.023
40 67 7953764.083
40 68 2148751.868
40 69 9969104.934
40 70 9393326.894
40 71 5067753.736
40 72 7808912.05
40 73 3782914.917
40 74 3663408.616
40 75 3852004.519
40 76 10387825.72
40 77 4361907.315
40 78 6895273.803
40 79 5900048.663
40 80 4951454.49
40 81 9728466.904
40 82 7997478.093
40 83 6093433.768
40 84 9223833.417
40 85 5948906.041
40 86 9714868.565
40 87 9313001.344
40 88 8296453.869
40 89 6186344.613
40 90 8749810.637
40 91 7387874.688
40 92 3630671.605
40 93 5215127.776
40 94 6983058.087
40 95 8737296.835
40 96 6281806.476
40 97 3886511.786
40 98 6958055.003
40 99 8943368.306
41 42 7321773.38
41 43 3008897.58
41 44 4357412.851
41 45 4536237.731
41 46 3393455.453
41 47 628684.9503
41 48 6781540.159
41 49 3825645.605
41 50 10124419.91
41 51 7275098.956
41 52 6325542.14
41 53 3661436.654
41 54 8806140.13
41 55 8859988.18
41 56 4278033.976
41 57 6645861.775
41 58 6285978.169
41 59 5537102.113
41 60 4542801.791
41 61 6055907.828
41 62 2736293.718
41 63 4013883.682
41 64 781270.8692
41 65 9073142.027
41 66 7035300.732
41 67 845461.9963
41 68 5758781.837
41 69 9201062.627
41 70 4407053.124
41 71 7283005.778
41 72 430575.1308
41 73 4165280.506
41 74 4267698.315
41 75 8664881.691
41 76 5142289.09
41 77 9066084.705
41 78 7751197.031
41 79 3633817.322
41 80 6994508.044
41 81 3323559.551
41 82 7519461.294
41 83 4824026.113
41 84 7969737.421
41 85 3640117.039
41 86 7502907.115
41 87 9452619.295
41 88 1415514.417
41 89 8360910.396
41 90 9569101.871
41 91 9038965.881
41 92 4650871.879
41 93 7331771.953
41 94 7880880.663
41 95 1693566.223
41 96 1781834.11
41 97 4111678.749
41 98 7302782.623
41 99 4924324.567
42 43 4685818.498
42 44 3487806.755
42 45 5681849.548
42 46 5875280.144
42 47 6933153.156
42 48 3431058.51
42 49 7428426.614
42 50 2969747.971
42 51 3089378.24
42 52 6243967.454
42 53 4734891.011
42 54 3852552.446
42 55 5499433.204
42 56 4231340.881
42 57 5883591.281
42 58 4796162.096
42 59 6228517.043
42 60 4838741.997
42 61 5619310.94
42 62 5483759.706
42 63 3664447.607
42 64 7025816.25
42 65 4233378.783
42 66 1535428.216
42 67 8027556.088
42 68 6112224.761
42 69 2975088.469
42 70 4895735.695
42 71 2028693.498
42 72 6920648.379
42 73 5568509.436
42 74 5662811.675
42 75 4118899.145
42 76 5518713.32
42 77 4048588.337
42 78 535002.0673
42 79 3797294.86
42 80 2076154.007
42 81 6290705.82
42 82 1018976.68
42 83 2537256.986
42 84 2269149.821
42 85 3773870.505
42 86 3017395.41
42 87 2537171.554
42 88 8632255.862
42 89 1722914.412
42 90 2341902.775
42 91 1787969.067
42 92 7199454.284
42 93 1896120.756
42 94 628640.4187
42 95 6624426.973
42 96 7107519.225
42 97 6578815.928
42 98 54126.8183
42 99 3952237.133
43 44 2884500.502
43 45 2369462.328
43 46 1670692.232
43 47 2467462.653
43 48 3795834.023
43 49 3187486.597
43 50 7635022.112
43 51 5664822.678
43 52 6331760.913
43 53 920061.4999
43 54 5803807.881
43 55 6019939.692
43 56 3441777.395
43 57 4194665.386
43 58 3544720.485
43 59 3447966.327
43 60 1908318.54
43 61 3603320.614
43 62 879398.783
43 63 1064399.754
43 64 2488071.802
43 65 6080310.245
43 66 4112557.359
43 67 3533765.797
43 68 3564761.57
43 69 7104692.103
43 70 4055144.651
43 71 4307350.946
43 72 2711091.626
43 73 1996381.932
43 74 2142084.276
43 75 5679444.016
43 76 5057792.831
43 77 6065139.795
43 78 5032369.439
43 79 950970.4072
43 80 4014775.259
43 81 4139861.95
43 82 5147760.568
43 83 2178981.636
43 84 5935626.481
43 85 992729.1052
43 86 5827210.028
43 87 7082847.259
43 88 4110518.04
43 89 5461086.558
43 90 7022873.435
43 91 6270945.334
43 92 3425869.041
43 93 4367914.296
43 94 5166541.065
43 95 3240576.92
43 96 2421744.436
43 97 2678208.653
43 98 4655009.079
43 99 3924679.446
44 45 5078827.848
44 46 4553267.709
44 47 4169139.698
44 48 4932599.531
44 49 6055429.298
44 50 5936866.66
44 51 2971105.835
44 52 3730327.823
44 53 3597871.979
44 54 6450896.919
44 55 7444764.417
44 56 885465.1928
44 57 6457680.493
44 58 5511177.109
44 59 6069757.357
44 60 4378582.968
44 61 5938968.11
44 62 3719275.927
44 63 2569457.235
44 64 4340404.154
44 65 6816045.268
44 66 3976527.846
44 67 5173772.506
44 68 6111947.959
44 69 4851978.22
44 70 1657228.489
44 71 4454452.634
44 72 3927119.492
44 73 4756633.526
44 74 4899607.564
44 75 6525936.175
44 76 2579005.193
44 77 6705347.468
44 78 4008608.618
44 79 2106480.829
44 80 4254192.667
44 81 2815664.745
44 82 3347029.904
44 83 1888705.58
44 84 3620457.68
44 85 2052187.295
44 86 3180571.561
44 87 5198799.705
44 88 5768017.769
44 89 5004186.974
44 90 5451134.546
44 91 5270084.292
44 92 6296345.883
44 93 4418012.028
44 94 4114684.582
44 95 3267324.184
44 96 4844495.768
44 97 5550011.35
44 98 3490970.177
44 99 1095140.549
45 46 1145230.741
45 47 3907671.079
45 48 3156049.976
45 49 1979632.359
45 50 8580985.552
45 51 7535508.152
45 52 8671651.372
45 53 1498507.132
45 54 5089383.816
45 55 4542873.589
45 56 5747552.659
45 57 2113621.48
45 58 2004557.803
45 59 1092079.715
45 60 848119.7821
45 61 1534701.814
45 62 1936322.525
45 63 2560854.004
45 64 3782858.983
45 65 5237614.555
45 66 4510830.861
45 67 4670884.795
45 68 1256225.833
45 69 8525192.793
45 70 6401533.308
45 71 4409540.843
45 72 4419130.766
45 73 395495.6945
45 74 270236.6933
45 75 4804089.169
45 76 7407924.566
45 77 5311470.821
45 78 5833314.292
45 79 2972598.151
45 80 4141596.355
45 81 6470841.552
45 82 6449159.765
45 83 3711035.839
45 84 7492739.345
45 85 3026858.888
45 86 7648114.772
45 87 8218987.947
45 88 5087371.885
45 89 5750891.338
45 90 7927724.878
45 91 6837646.133
45 92 1521159.317
45 93 4531339.03
45 94 5959641.17
45 95 5366046.155
45 96 3021074.084
45 97 1012492.167
45 98 5635514.41
45 99 6165286.958
46 47 2765300.938
46 48 3938378.07
46 49 1590840.407
46 50 8839675.026
46 51 7269643.657
46 52 7952711.611
46 53 1150392.552
46 54 5960871.653
46 55 5621188.336
46 56 5098352.521
46 57 3258733.012
46 58 3039476.121
46 59 2163887.474
46 60 1404981.701
46 61 2676287.999
46 62 942209.6949
46 63 2320050.043
46 64 2637664.068
46 65 6153201.372
46 66 4938669.039
46 67 3537476.74
46 68 2371116.45
46 69 8539347.429
46 70 5678122.946
46 71 4957558.67
46 72 3291013.219
46 73 794944.3408
46 74 879802.4865
46 75 5722097.203
46 76 6670181.076
46 77 6199907.74
46 78 6121320.512
46 79 2523848.449
46 80 4668778.847
46 81 5534562.29
46 82 6505075.655
46 83 3569976.42
46 84 7421363.502
46 85 2575000.987
46 86 7416147.764
46 87 8380660.99
46 88 3976239.671
46 89 6260105.848
46 90 8199529.299
46 91 7249050.092
46 92 1763965.498
46 93 5058650.197
46 94 6253912.779
46 95 4311596.363
46 96 1911332.787
46 97 1019899.993
46 98 5835292.505
46 99 5594361.004
47 48 6203266.639
47 49 3275953.197
47 50 9790505.421
47 51 7130639.633
47 52 6503338.419
47 53 3062511.735
47 54 8237119.067
47 55 8245092.496
47 56 4217959.955
47 57 6017187.945
47 58 5666820.619
47 59 4912337.466
47 60 3924509.554
47 61 5427406.471
47 62 2121483.866
47 63 3504323.292
47 64 238434.6255
47 65 8495749.058
47 66 6549843.464
47 67 1096303.517
47 68 5132056.503
47 69 8963896.979
47 70 4455718.855
47 71 6770226.046
47 72 632755.0247
47 73 3536663.485
47 74 3639059.051
47 75 8083497.233
47 76 5273740.372
47 77 8495340.124
47 78 7340527.071
47 79 3176378.043
47 80 6478818.887
47 81 3576399.087
47 82 7202022.083
47 83 4406745.643
47 84 7737708.815
47 85 3189506.001
47 86 7347024.683
47 87 9148167.717
47 88 1699177.185
47 89 7888039.213
47 90 9217032.224
47 91 8617032.028
47 92 4065961.853
47 93 6826242.589
47 94 7472172.082
47 95 1992148.063
47 96 1249286.545
47 97 3502692.95
47 98 6910699.047
47 99 4856912.954
48 49 5135605.726
48 50 5927804.966
48 51 6206287.159
48 52 8578211.045
48 53 3161956.669
48 54 2047088.528
48 55 2512170.242
48 56 5811783.826
48 57 2532381.81
48 58 1511701.453
48 59 3221605.984
48 60 2537157.001
48 61 2416932.319
48 62 4135355.463
48 63 2945885.507
48 64 6176031.447
48 65 2292507.849
48 66 1910681.996
48 67 7204754.263
48 68 3022468.24
48 69 6390880.944
48 70 6583807.989
48 71 1535897.049
48 72 6504324.854
48 73 3269464.916
48 74 3285246.13
48 75 1884404.811
48 76 7503473.083
48 77 2299437.254
48 78 3331565.306
48 79 3501035.411
48 80 1378827.426
48 81 7383808.677
48 82 4421721.539
48 83 3044424.393
48 84 5656728.378
48 85 3528487.73
48 86 6214063.606
48 87 5777709.261
48 88 7733169.262
48 89 2808984.712
48 90 5281494.106
48 91 3996284.585
48 92 4560465.825
48 93 1683261.725
48 94 3427255.589
48 95 6912124.498
48 96 5751647.711
48 97 4168117.227
48 98 3376964.016
48 99 5916184.797
49 50 10381397.94
49 51 8839531.563
49 52 9273525.674
49 53 2735824.53
49 54 7051493.305
49 55 6316425.663
49 56 6518286.098
49 57 3672678.01
49 58 3912237.56
49 59 2376047.25
49 60 2697479.49
49 61 3222698.861
49 62 2336376.77
49 63 3910880.435
49 64 3064484.82
49 65 7180754.007
49 66 6396562.403
49 67 3599765.761
49 68 2656633.463
49 69 10127896.68
49 70 7027239.205
49 71 6346658.448
49 72 3903125.44
49 73 1923352.183
49 74 1872181.85
49 75 6748609.956
49 76 7989147.25
49 77 7266526.54
49 78 7645797.392
49 79 4090633.608
49 80 6069311.782
49 81 6619500.504
49 82 8087315.016
49 83 5160712.477
49 84 9012176.281
49 85 4140016.309
49 86 8992289.129
49 87 9947754.516
49 88 3823858.994
49 89 7679176.749
49 90 9735698.277
49 91 8725081.251
49 92 958178.3523
49 93 6461391
49 94 7776635.199
49 95 5179253.48
49 96 2043897.933
49 97 969191.4312
49 98 7386565.678
49 99 7057369.434
50 51 3904608.395
50 52 7462023.55
50 53 7702793.341
50 54 5387846.619
50 55 7329245.163
50 56 6450872.855
50 57 8459540.296
50 58 7421629.964
50 59 9014672.035
50 60 7750242.838
50 61 8306371.55
50 62 8447730.204
50 63 6629196.443
50 64 9903206.902
50 65 5685091.753
50 66 4121466.353
50 67 10873949.42
50 68 8862643.854
50 69 1862626.459
50 70 6922628.351
50 71 4393720.622
50 72 9707486.452
50 73 8498793.694
50 74 8584692.957
50 75 5794142.399
50 76 7203513.804
50 77 5457924.472
50 78 2747757.105
50 79 6722725.294
50 80 4589725.899
50 81 8516177.515
50 82 2611205.689
50 83 5462349.402
50 84 2647768.105
50 85 6694331.041
50 86 3665944.786
50 87 840298.5701
50 88 11481131.64
50 89 3190531.049
50 90 655600.5865
50 91 1996352.064
50 92 10101994.72
50 93 4247640.7
50 94 2621561.872
50 95 9203632.432
50 96 10052798.12
50 97 9510689.319
50 98 3007319.651
50 99 5959625.917
51 52 3573714.929
51 53 6182667.202
51 54 6938193.067
51 55 8503210.006
51 56 3053677.919
51 57 8389945.007
51 58 7315797.351
51 59 8369143.416
51 60 6724410.86
51 61 7988338.191
51 62 6540029.614
51 63 5006735.491
51 64 7307639.957
51 65 7320246.646
51 66 4487233.046
51 67 8107255.475
51 68 8335360.37
51 69 2259505.252
51 70 3276314.401
51 71 5027042.185
51 72 6845499.507
51 73 7285704.798
51 74 7415998.941
51 75 7187567.39
51 76 3348945.167
51 77 7137586.3
51 78 3520820.186
51 79 4749344.774
51 80 4993321.127
51 81 4913322.872
51 82 2163327.766
51 83 3827806.734
51 84 1276853.263
51 85 4699626.431
51 86 261028.5434
51 87 3064357.284
51 88 8690604.925
51 89 4752758.715
51 90 3687325.772
51 91 4294765.221
51 92 8925856.589
51 93 4912708.379
51 94 3536470.834
51 95 5968379.637
51 96 7800249.052
51 97 8201721.053
51 98 3134500.513
51 99 2430147.689
52 53 7173606.894
52 54 9855682.661
52 55 11075419.4
52 56 2940457.782
52 57 10180915.39
52 58 9241286.462
52 59 9712627.1
52 60 8042695.78
52 61 9651070.19
52 62 7027265.669
52 63 6264148.788
52 64 6736085.633
52 65 10236707.18
52 66 7293423.508
52 67 7131650.549
52 68 9781222.258
52 69 5707366.817
52 70 2277134.617
52 71 7827719.722
52 72 5969748.684
52 73 8316300.104
52 74 8462234.403
52 75 10006227.31
52 76 1285583.062
52 77 10091366.46
52 78 6757282.74
52 79 5745023.299
52 80 7690674.085
52 81 3029829.876
52 82 5534381.283
52 83 5575401.139
52 84 4850483.118
52 85 5692529.517
52 86 3800547.535
52 87 6623092.723
52 88 7588222.94
52 89 7964752.948
52 90 7260169.034
52 91 7748926.356
52 92 9712663.062
52 93 7753205.408
52 94 6811946.283
52 95 4643103.794
52 96 7593753.352
52 97 8972432.888
52 98 6274516.442
52 99 2672028.69
53 54 5207495.894
53 55 5218145.934
53 56 4249504.256
53 57 3278495.125
53 58 2683058.071
53 59 2552388.922
53 60 993632.5502
53 61 2685141.283
53 62 974417.9567
53 63 1186689.944
53 64 3020051.47
53 65 5449463.455
53 66 3875514.248
53 67 4043391.961
53 68 2654409.095
53 69 7392104.136
53 70 4905147.475
53 71 3956776.485
53 72 3428803.567
53 73 1159106.24
53 74 1302871.271
53 75 5031770.618
53 76 5911961.258
53 77 5461290.559
53 78 4998427.589
53 79 1495799.921
53 80 3662411.603
53 81 5059531.685
53 82 5354771.852
53 83 2430488.038
53 84 6283128.468
53 85 1549939.876
53 86 6317520.855
53 87 7232774.809
53 88 4572957.63
53 89 5217751.553
53 90 7066154.209
53 91 6157038.75
53 92 2746890.058
53 93 4043699.613
53 94 5131880.049
53 95 4119143.678
53 96 2634932.147
53 97 2019136.524
53 98 4695999.59
53 99 4677496.19
54 55 1952815.514
54 56 7331252.589
54 57 3840439.092
54 58 3166234.971
54 59 4900516.884
54 60 4555929.932
54 61 4002465.236
54 62 6181475.285
54 63 4879389.3
54 64 8216485.395
54 65 384434.3022
54 66 2562588.799
54 67 9248531.161
54 68 4649747.886
54 69 6424586.717
54 70 8094184.703
54 71 2030046.713
54 72 8514199.513
54 73 5255829.307
54 74 5252991.82
54 75 437583.3184
54 76 8922544.023
54 77 265123.0289
54 78 3479565.687
54 79 5393119.139
54 80 2198906.135
54 81 9112799.938
54 82 4837913.395
54 83 4652870.265
54 84 6055134.439
54 85 5411636.213
54 86 6869726.672
54 87 5536364.908
54 88 9779776.315
54 89 2357014.426
54 90 4826370.259
54 91 3423454.23
54 92 6369747.977
54 93 2103124.502
54 94 3504686.652
54 95 8823178.804
54 96 7795632.333
54 97 6084784.151
54 98 3805782.228
54 99 7293208.29
55 56 8323696.837
55 57 2678060.206
55 58 2588688.051
55 59 3955319.198
55 60 4322325.33
55 61 3096065.548
55 62 6124290.471
55 63 5334208.383
55 64 8168990.743
55 65 1718745.52
55 66 4017521.78
55 67 9136790.655
55 68 3674685.316
55 69 8264162.158
55 70 9095529.009
55 71 3484231.029
55 72 8645844.485
55 73 4832318.505
55 74 4775474.188
55 75 1535379.469
55 76 10014411.89
55 77 1939663.232
55 78 5218858.852
55 79 5912592.076
55 80 3512901.354
55 81 9847544.077
55 82 6516817.684
55 83 5556538.723
55 84 7763796.215
55 85 5946811.448
55 86 8472965.533
55 87 7433615.399
55 88 9596378.898
55 89 4221739.653
55 90 6753420.252
55 91 5349110.851
55 92 5473549.4
55 93 3608177.498
55 94 5269922.748
55 95 9241979.666
55 96 7532477.504
55 97 5411777.887
55 98 5447674.153
55 99 8420941.462
56 57 7251103.425
56 58 6336707.848
56 59 6777409.209
56 60 5102963.969
56 61 6714593.802
56 62 4203617.97
56 63 3326644.902
56 64 4419591.36
56 65 7697865.525
56 66 4840085.003
56 67 5121084.041
56 68 6841770.222
56 69 5164670.626
56 70 772669.0104
56 71 5327537.668
56 72 3854376.018
56 73 5401450.976
56 74 5546907.965
56 75 7410497.597
56 76 1727911.785
56 77 7584616.35
56 78 4762776.062
56 79 2805002.467
56 80 5133143.321
56 81 2089078.85
56 82 3937121.492
56 83 2767569.831
56 84 3959528.062
56 85 2752352.754
56 86 3298269.371
56 87 5667830.405
56 88 5687263.503
56 89 5816380.249
56 90 6020193.315
56 91 5987996.841
56 92 6861449.531
56 93 5286370.286
56 94 4859454.426
56 95 2915539.709
56 96 5081323.249
56 97 6114727.163
56 98 4241151.881
56 99 646355.3555
57 58 1092464.948
57 59 1296630.773
57 60 2286366.982
57 61 599982.7747
57 62 3983433.476
57 63 3929219.475
57 64 5896072.805
57 65 3849334.283
57 66 4409703.555
57 67 6776162.293
57 68 1016355.404
57 69 8858675.463
57 70 7977428.884
57 71 4068173.697
57 72 6512819.451
57 73 2480928.278
57 74 2379844.22
57 75 3449451.696
57 76 8973504.768
57 77 3994196.325
57 78 5841719.722
57 79 4481976.065
57 80 3895637.274
57 81 8321093.881
57 82 6830417.449
57 83 4720635.169
57 84 8026897.556
57 85 4530954.839
57 86 8442302.533
57 87 8298574.563
57 88 7171825.049
57 89 5316832.925
57 90 7813829.813
57 91 6515427.63
57 92 2800636.463
57 93 4215343.645
57 94 5943717.387
57 95 7373634.005
57 96 5114675.725
57 97 2819312.983
57 98 5830297.106
57 99 7543424.095
58 59 1759133.023
58 60 1743286.972
58 61 908320.0363
58 62 3550608.981
58 63 3066462.349
58 64 5584453.879
58 65 3271803.038
58 66 3338402.995
58 67 6548103.928
58 68 1533757.805
58 69 7770814
58 70 7082956.859
58 71 3030134.168
58 72 6089389.524
58 73 2258341.765
58 74 2215280.705
58 75 2841363.21
58 76 8064619.331
58 77 3367968.445
58 78 4770368.865
58 79 3644483.499
58 80 2836905.887
58 81 7573319.717
58 82 5738436.273
58 83 3710760.323
58 84 6934732.843
58 85 3688722.239
58 86 7362229.926
58 87 7230667.133
58 88 7010745.803
58 89 4320659.491
58 90 6771553.199
58 91 5505400.568
58 92 3203549.352
58 93 3175048.642
58 94 4875928.379
58 95 6784452.883
58 96 4949955.941
58 97 2956542.27
58 98 4743067.908
58 99 6581536.292
59 60 1693954.18
59 61 904765.6455
59 62 3018491.199
59 63 3508005.818
59 64 4767000.305
59 65 4970804.791
59 66 4893205.741
59 67 5585607.874
59 68 281302.2211
59 69 9159718.475
59 70 7451368.796
59 71 4673956.114
59 72 5453277.18
59 73 1485530.255
59 74 1349220.567
59 75 4549234.007
59 76 8458461.936
59 77 5087377.307
59 78 6295528.155
59 79 3977647.426
59 80 4443109.212
59 81 7561900.883
59 82 7084586.563
59 83 4553835.348
59 84 8202125.496
59 85 4031222.11
59 86 8460164.202
59 87 8741098.742
59 88 5946155.623
59 89 6002112.358
59 90 8359451.6
59 91 7159433.23
59 92 1522430.684
59 93 4811789.242
59 94 6412779.255
59 95 6446951.586
59 96 3913784.69
59 97 1546922.297
59 98 6178317.795
59 99 7163433.31
60 61 1696047.112
60 62 1807373.422
60 63 1814102.253
60 64 3846955.211
60 65 4751667.717
60 66 3708106.162
60 67 4826367.345
60 68 1738920.687
60 69 7677380.076
60 70 5794640.63
60 71 3650443.517
60 72 4349447.619
60 73 774217.6422
60 74 838866.5468
60 75 4321595.073
60 76 6800344.389
60 77 4795514.771
60 78 5002928.761
60 79 2297993.903
60 80 3371947.657
60 81 6040255.008
60 82 5601093.554
60 83 2896740.171
60 84 6650356.241
60 85 2350803.136
60 86 6829262.644
60 87 7375805.191
60 88 5310359.352
60 89 4981700.313
60 90 7098376.002
60 91 6038370.411
60 92 2360724.938
60 93 3764082.048
60 94 5130668.346
60 95 5107368.809
60 96 3271653.152
60 97 1771916.783
60 98 4792920.148
60 99 5473111.609
61 62 3384400.804
61 63 3387951.451
61 64 5310710.795
61 65 4066660.096
61 66 4202114.484
61 67 6205365.029
61 68 647332.3793
61 69 8585476.248
61 70 7431176.666
61 71 3922728.94
61 72 5917007.728
61 73 1891208.343
61 74 1796548.725
61 75 3646165.787
61 76 8431364.036
61 77 4185496.631
61 78 5628694.272
61 79 3927801.845
61 80 3716682.044
61 81 7735812.742
61 82 6530534.234
61 83 4253364.014
61 84 7698429.101
61 85 3977992.477
61 86 8054676.171
61 87 8088915.605
61 88 6614910.841
61 89 5224510.877
61 90 7654175.845
61 91 6404463.89
61 92 2416628.013
61 93 4065957.182
61 94 5738708.911
61 95 6774289.138
61 96 4551471.813
61 97 2319351.832
61 98 5567142.528
61 99 7030107.087
62 63 1819314.247
62 64 2059718.158
62 65 6420625.421
62 66 4768454.527
62 67 3072894.632
62 68 3192274.728
62 69 7972753.098
62 70 4756942.403
62 71 4890990.196
62 72 2548116.793
62 73 1541443.569
62 74 1671157.454
62 75 6001162.733
62 76 5742906.352
62 77 6434792.702
62 78 5798047.797
62 79 1825543.527
62 80 4595736.788
62 81 4597862.759
62 82 5996462.4
62 83 3020363.96
62 84 6810341.326
62 85 1869325.861
62 86 6704769.034
62 87 7920624.239
62 88 3598590.997
62 89 6119228.341
62 90 7825634.211
62 91 7003285.774
62 92 2686702.99
62 93 4969900.076
62 94 5932447.584
62 95 3429924.588
62 96 1690683.103
62 97 1952581.708
62 98 5449750.853
62 99 4726622.342
63 64 3540863.447
63 65 5181287.039
63 66 3052143.092
63 67 4584007.619
63 68 3542876.143
63 69 6223913.892
63 70 4048216.188
63 71 3269903.178
63 72 3681212.205
63 73 2283734.156
63 74 2417830.338
63 75 4800604.055
63 76 5045206.817
63 77 5143825.402
63 78 3986798.21
63 79 584294.6087
63 80 2980715.651
63 81 4535240.234
63 82 4207333.261
63 83 1250204.604
63 84 5101521.44
63 85 624866.7936
63 86 5136155.539
63 87 6114544.848
63 88 5167062.676
63 89 4398611.509
63 90 6006320.26
63 91 5212772.646
63 92 3919632.199
63 93 3322529.798
63 94 4121200.438
63 95 3967084.851
63 96 3464177.757
63 97 3201243.353
63 98 3630546.202
63 99 3664595.07
64 65 8466936.849
64 66 6592564.792
64 67 1046083.028
64 68 4993350.154
64 69 9112038.355
64 70 4675526.068
64 71 6795125.19
64 72 862467.1051
64 73 3420139.212
64 74 3516277.655
64 75 8051012.513
64 76 5502843.74
64 77 8472894.068
64 78 7422274.679
64 79 3247078.491
64 80 6502200.623
64 81 3814427.568
64 82 7323939.33
64 83 4492097.023
64 84 7888730.04
64 85 3263889.582
64 86 7520753.093
64 87 9272783.577
64 88 1627528.262
64 89 7936320.969
64 90 9322827.687
64 91 8691734.379
64 92 3873198.496
64 93 6855876.697
64 94 7554677.132
64 95 2229837.077
64 96 1026826.705
64 97 3330869.265
64 98 7001818.398
64 99 5055561.435
65 66 2944535.09
65 67 9492725.555
65 68 4710777.027
65 69 6773529.892
65 70 8462471.236
65 71 2409469.363
65 72 8791116.733
65 73 5427557.728
65 74 5415261.349
65 75 433599.8853
65 76 9297251.988
65 77 227823.8146
65 78 3853344.867
65 79 5706663.218
65 80 2569551.208
65 81 9460913.579
65 82 5214964.56
65 83 5004445.099
65 84 6427704.516
65 85 5727195.465
65 86 7250024.173
65 87 5866083.495
65 88 10014530.89
65 89 2711385.084
65 90 5139235.645
65 91 3741698.613
65 92 6463375.14
65 93 2485453.752
65 94 3874984.741
65 95 9137449.495
65 96 8011143.795
65 97 6219266.822
65 98 4186960.05
65 99 7668415.572
66 67 7634483.136
66 68 4743852.265
66 69 4480716.855
66 70 5588925.969
66 71 546687.2272
66 72 6677266.469
66 73 4477683.455
66 74 4546363.794
66 75 2741389.297
66 76 6380918.448
66 77 2798649.04
66 78 1432395.677
66 79 3406070.808
66 80 540937.5959
66 81 6734255.418
66 82 2546120.732
66 83 2347745.448
66 84 3794528.939
66 85 3404515.97
66 86 4455857.116
66 87 3892266.244
66 88 8219146.767
66 89 1352048.392
66 90 3466288.135
66 91 2330264.252
66 92 6023872.242
66 93 459859.1123
66 94 1537904.573
66 95 6694838.048
66 96 6457180.841
66 97 5479675.079
66 98 1481438.96
66 99 4751571.525
67 68 5830496.673
67 69 10004107.4
67 70 5249448.728
67 71 7841023.432
67 72 1266926.534
67 73 4332178.552
67 74 4412635.916
67 75 9073956.57
67 76 5967300.288
67 77 9503556.816
67 78 8436726.734
67 79 4271467.406
67 80 7548187.706
67 81 4111336.378
67 82 8278846.09
67 83 5502856.19
67 84 8774242.645
67 85 4285219.5
67 86 8332461.503
67 87 10221084.07
67 88 607185.1237
67 89 8976110.324
67 90 10305292.88
67 91 9713234.433
67 92 4505423.022
67 93 7901234.086
67 94 8568313.292
67 95 2488578.754
67 96 1672063.593
67 97 4076496.161
67 98 8005505.372
67 99 5767201.021
68 69 9059294.369
68 70 7529635.503
68 71 4500350.422
68 72 5661326.867
68 73 1650838.597
68 74 1523852.473
68 75 4291745.356
68 76 8536046.354
68 77 4831812.436
68 78 6157697.98
68 79 4036871.351
68 80 4279055.527
68 81 7696330.172
68 82 6989482.933
68 83 4538049.159
68 84 8126151.734
68 85 4089716.222
68 86 8418209.677
68 87 8611126.872
68 88 6201599.672
68 89 5818923.132
68 90 8208286.539
68 91 6986887.054
68 92 1800925.117
68 93 4640620.368
68 94 6272303.363
68 95 6621524.704
68 96 4160165.564
68 97 1814707.227
68 98 6061226.065
68 99 7207037.036
69 70 5495733.827
69 71 4918601.363
69 72 8771904.363
69 73 8360735.03
69 74 8470290.595
69 75 6775834.219
69 76 5606070.493
69 77 6557558.461
69 78 3088194.917
69 79 6154064.748
69 80 5017718.677
69 81 7130837.802
69 82 2079034.877
69 83 4975492.04
69 84 1231737.664
69 85 6114090.156
69 86 2000197.552
69 87 1111866.702
69 88 10604436.21
69 89 4068100.634
69 90 1938702.89
69 91 3118446.072
69 92 10019847.07
69 93 4774190.551
69 94 3015686.738
69 95 8053398.247
69 96 9440653.744
69 97 9352392.255
69 98 3028424.03
69 99 4588237.615
70 71 6084036.904
70 72 4004650.035
70 73 6042627.054
70 74 6188613.412
70 75 8179038.744
70 76 1007097.846
70 77 8346257.082
70 78 5430426.711
70 79 3505251.841
70 80 5895345.385
70 81 1637704.035
70 82 4499707.3
70 83 3539878.045
70 84 4340459.823
70 85 3454277.585
70 86 3535078.434
70 87 6113246.175
70 88 5779365.948
70 89 6522441.961
70 90 6538954.185
70 91 6620948.133
70 92 7439781.126
70 93 6038704.953
70 94 5519631.613
70 95 2858941.982
70 96 5443679.684
70 97 6698016.481
70 98 4910068.724
70 99 975103.1564
71 72 6942359.305
71 73 4424419.993
71 74 4477006.398
71 75 2195612.037
71 76 6896320.466
71 77 2272575.876
71 78 1832152.925
71 79 3687460.575
71 80 295278.8772
71 81 7177320.887
71 82 3047346.937
71 83 2738230.827
71 84 4297730.211
71 85 3693047.867
71 86 4990133.712
71 87 4252160.707
71 88 8414131.766
71 89 1343390.573
71 90 3746129.307
71 91 2486627.008
71 92 5898186.756
71 93 148158.02
71 94 1915804.325
71 95 7050697.981
71 96 6579815.921
71 97 5404732.932
71 98 1975716.017
71 99 5266532.804
72 73 4036700.988
72 74 4148931.731
72 75 8388630.749
72 76 4766829.265
72 77 8775856.887
72 78 7357146.738
72 79 3271215.557
72 80 6656463.838
72 81 2997485.435
72 82 7100525.593
72 83 4437503.986
72 84 7540459.048
72 85 3273917.602
72 86 7072859.463
72 87 9030627.067
72 88 1845464.567
72 89 7993982.604
72 90 9156372.366
72 91 8648035.677
72 92 4675183.334
72 93 6985995.35
72 94 7485995.452
72 95 1384482.483
72 96 1881999.409
72 97 4087658.356
72 98 6902788.292
72 99 4500409.218
73 74 145995.9773
73 75 4994485.335
73 76 7047787.023
73 77 5487176.483
73 78 5754089.911
73 79 2652448.239
73 80 4146165.223
73 81 6081095.969
73 82 6292727.263
73 83 3477971.23
73 84 7299339.842
73 85 2706707.72
73 86 7408002.301
73 87 8102414.338
73 88 4768812.254
73 89 5755844.89
73 90 7848870.137
73 91 6807618.95
73 92 1662752.596
73 93 4538298.61
73 94 5883179.843
73 95 4970863.721
73 96 2702068.729
73 97 1011928.998
73 98 5524173.156
73 99 5836472.28
74 75 4981760.364
74 76 7193782.7
74 77 5480733.684
74 78 5838195.181
74 79 2794651.742
74 80 4201996.63
74 81 6222323.767
74 82 6399601.325
74 83 3603219.353
74 84 7416277.552
74 85 2848934.197
74 86 7536178.816
74 87 8198483.297
74 88 4837556.723
74 89 5812729.422
74 90 7933594.758
74 91 6876580.669
74 92 1549564.689
74 93 4593685.02
74 94 5966493.154
74 95 5101014.701
74 96 2770080.772
74 97 933311.2855
74 98 5617864.137
74 99 5980359.511
75 76 9034927.366
75 77 544761.6929
75 78 3780880.378
75 79 5336078.625
75 80 2315683.842
75 81 9131707.429
75 82 5121211.512
75 83 4687939.433
75 84 6353163.423
75 85 5358655.244
75 86 7131903.582
75 87 5914516.922
75 88 9592294.408
75 89 2712247.958
75 90 5221788.159
75 91 3817281.465
75 92 6036687.585
75 93 2291283.232
75 94 3817205.162
75 95 8764161.887
75 96 7583949.613
75 97 5786539.692
75 98 4069917.186
75 99 7409882.599
76 77 9168555.735
76 78 6050410.509
76 79 4508353.229
76 80 6729020.128
76 81 1960935.408
76 82 4969049.346
76 83 4464275.472
76 84 4558888.785
76 85 4456956.873
76 86 3606584.516
76 87 6369851.578
76 88 6456384.346
76 89 7204760.131
76 90 6897071.873
76 91 7163419.003
76 92 8428900.707
76 93 6837995.283
76 94 6124870.893
76 95 3492169.744
76 96 6332863.333
76 97 7689626.983
76 98 5540760.834
76 99 1629831.793
77 78 3656860.194
77 79 5658193.327
77 80 2451478.396
77 81 9374180.051
77 82 5022227.234
77 83 4913719.029
77 84 6228501.827
77 85 5676746.065
77 86 7062728.47
77 87 5643796.17
77 88 10032454.78
77 89 2500330.714
77 90 4913796.91
77 91 3517514.2
77 92 6568617.355
77 93 2338805.528
77 94 3674549.068
77 95 9088292.552
77 96 8042608.585
77 97 6301676.346
77 98 4003099.435
77 99 7538852.264
78 79 4177584.444
78 80 1952880.822
78 81 6816766
78 82 1370654.745
78 83 2933994.058
78 84 2575844.968
78 85 4158870.463
78 86 3423622.536
78 87 2460946.44
78 88 9038699.146
78 89 1235010.561
78 90 2095466.211
78 91 1297423.244
78 92 7354384.185
78 93 1686814.718
78 94 134421.7243
78 95 7112444.644
78 96 7449323.052
78 97 6765702.673
78 98 521650.8311
78 99 4487144.284
79 80 3407633.958
79 81 3951033.837
79 82 4208373.738
79 83 1262407.059
79 84 4985339.365
79 85 54305.67135
79 86 4902280.608
79 87 6149966.419
79 88 4869159.03
79 89 4727093.289
79 90 6120858.312
79 91 5444710.415
79 92 4225083.613
79 93 3723213.093
79 94 4310489.647
79 95 3430924.84
79 96 3334826.472
79 97 3485133.638
79 98 3770224.523
79 99 3193444.107
80 81 6949047.256
80 82 3084910.93
80 83 2495531.708
80 84 4332006.517
80 85 3414686.635
80 86 4971684.369
80 87 4403631.978
80 88 8120430.722
80 89 1610815.753
80 90 3937587.001
80 91 2720695.066
80 92 5638029.514
80 93 392221.8387
80 94 2050178.354
80 95 6785367.15
80 96 6284647.214
80 97 5131825.941
80 98 2022132.477
80 99 5101098.238
81 82 6025442.079
81 83 4460885.693
81 84 5964491.756
81 85 3912463.07
81 86 5172415.358
81 87 7718643.216
81 88 4558475.932
81 89 7815678.873
81 90 8102372.486
81 91 8061895.573
81 92 7216690.797
81 93 7158475.775
81 94 6919179.114
81 95 1630126.429
81 96 4754797.659
81 97 6516922.707
81 98 6296765.613
81 99 2562925.363
82 83 2976153.256
82 84 1250420.022
82 85 4174176.56
82 86 2054681.068
82 87 1950646.426
82 88 8885819.786
82 89 2593885.706
82 90 2104134.277
82 91 2216555.467
82 92 7948648.002
82 93 2915094.737
82 94 1375789.518
82 95 6606444.578
82 96 7538993.496
82 97 7290128.142
82 98 1071695.102
82 99 3525107.183
83 84 3852799.417
83 85 1237167.509
83 86 3937081.317
83 87 4904613.569
83 88 6105296.532
83 89 3594311.075
83 90 4858540.759
83 91 4215929.086
83 92 5134515.923
83 93 2736551.23
83 94 3065461.101
83 95 4349832.518
83 96 4591027.735
83 97 4430723.031
83 98 2511515.681
83 99 2903373.748
84 85 4942897.962
84 86 1062926.362
84 87 1811349.675
84 88 9373975.535
84 89 3754519.074
84 90 2410773.12
84 91 3118520.821
84 92 8962053.733
84 93 4165080.291
84 94 2554089.825
84 95 6832235.182
84 96 8241110.295
84 97 8273501.997
84 98 2322022.498
84 99 3405199.371
85 86 4853571.051
85 87 6117284.17
85 88 4884098.184
85 89 4721527.26
85 90 6094383.232
85 91 5428937.401
85 92 4278286.677
85 93 3726698.018
85 94 4291523.848
85 95 3411563.274
85 96 3366624.592
85 97 3538017.799
85 98 3747413.033
85 99 3139283.067
86 87 2825833.312
86 88 8918313.459
86 89 4648187.605
86 90 3469890.463
86 91 4134606.502
86 92 9055192.411
86 93 4871044.571
86 94 3430013.846
86 95 6213791.288
86 96 7994047.944
86 97 8336166.137
86 98 3064806.637
86 99 2679996.268
87 88 10827636.01
87 89 3213298.547
87 90 835410.3313
87 91 2133973.981
87 92 9736530.125
87 93 4104058.952
87 94 2355175.68
87 95 8463685.806
87 96 9483797.147
87 97 9111413.288
87 98 2583556.722
87 99 5157049.266
88 89 9563644.582
88 90 10912146.65
88 91 10312991.18
88 92 4763296.354
88 93 8477575.918
88 94 9170525.407
88 95 2964221.768
88 96 2067539.46
88 97 4410500.537
88 98 8609868.659
88 99 6333578.279
89 90 2572522.843
89 91 1204927.462
89 92 7241575.922
89 93 1219738.552
89 94 1218180.279
89 95 7929853.979
89 96 7808562.369
89 97 6742623.765
89 98 1690606.506
89 99 5608603.809
90 91 1404514.469
90 92 9448576.612
90 93 3599473.029
90 94 1968131.131
90 95 8708156.966
90 96 9443598.111
90 97 8860635.084
90 98 2376686.288
90 99 5566436.693
91 92 8346215.258
91 93 2347663.075
91 94 1174804.792
91 95 8406377.783
91 96 8674250.064
91 97 7809888.98
91 98 1791350.496
91 99 5658048.239
92 93 6024697.185
92 94 7480558.919
92 95 5873128.155
92 96 2885911.936
92 97 747672.3831
92 98 7153566.379
92 99 7349612.358
93 94 1769026.443
93 95 7065728.02
93 96 6660054.767
93 97 5523106.662
93 98 1843556.25
93 99 5208355.67
94 95 7231929.618
94 96 7583654.642
94 97 6894622.865
94 98 623822.7581
94 99 4571456.496
95 96 3217782.567
95 97 5222585.76
95 98 6617096.937
95 99 3542590.868
96 97 2409041.405
96 98 7076749.905
96 99 5691208.731
97 98 6534762.908
97 99 6602000.644
98 99 3969527.696
