4950
0 1 4020552.667
0 2 4092690.083
0 3 1356649.64
0 4 982399.3829
0 5 4996493.179
0 6 3204641.542
0 7 4163105.369
0 8 3999370.066
0 9 3110795.526
0 10 4342283.213
0 11 4482845.232
0 12 5727586.11
0 13 5133001.933
0 14 3112914.98
0 15 3747940.691
0 16 5409278.939
0 17 4518439.565
0 18 2576345.498
0 19 3312080.027
0 20 5508481.687
0 21 6129386.6
0 22 2236624.697
0 23 1485173.641
0 24 6356394.687
0 25 2738994.985
0 26 2011115.127
0 27 5541139.049
0 28 2004118.09
0 29 1963609.346
0 30 6077882.53
0 31 2463083.252
0 32 3152162.106
0 33 3811414.123
0 34 4277160.533
0 35 3028805.201
0 36 1274721.296
0 37 5025945.544
0 38 5199878.715
0 39 4014543.084
0 40 3045782.242
0 41 4902117.407
0 42 6465806.039
0 43 4610207.524
0 44 4534379.52
0 45 3254488.382
0 46 1537110.452
0 47 1490796.076
0 48 6208968.982
0 49 705963.7414
0 50 3596378.699
0 51 4393012.295
0 52 5857329.057
0 53 5553889.653
0 54 2737684.797
0 55 4286738.843
0 56 3422286.833
0 57 3583771.004
0 58 2128481.277
0 59 1981013.776
0 60 2775555.947
0 61 3231136.131
0 62 4181934.358
0 63 3401379.93
0 64 2489846.64
0 65 2943588.621
0 66 3847324.315
0 67 2283345.88
0 68 577769.6249
0 69 5551257.614
0 70 5327093.844
0 71 4687713.21
0 72 3712197.541
0 73 4719498.927
0 74 4184796.159
0 75 4737814.518
0 76 1881575.864
0 77 3636593.177
0 78 3945588.931
0 79 3923161.079
0 80 5321957.9
0 81 6109928.106
0 82 3166288.609
0 83 3434262.513
0 84 3791892.1
0 85 5487259.193
0 86 5463400.917
0 87 3075642.682
0 88 4551915.975
0 89 749157.5256
0 90 3638870.379
0 91 5913356.741
0 92 3584631.092
0 93 4356633.529
0 94 1247016.801
0 95 1639533.331
0 96 3411789.085
0 97 2606117.76
0 98 4302196.849
0 99 4047287.165
1 2 7827086.351
1 3 2970608.06
1 4 5002115.988
1 5 8914107.468
1 6 7212508.981
1 7 4062944.808
1 8 8018062.508
1 9 5140636.442
1 10 7541882.824
1 11 7911170.634
1 12 4230867.601
1 13 9135664.86
1 14 1840158.949
1 15 7734571.223
1 16 8961249.827
1 17 1840962.469
1 18 2477379.315
1 19 4953503.544
1 20 7722856.568
1 21 9887195.799
1 22 4536053.777
1 23 2651125.558
1 24 4513319.103
1 25 5925781.728
1 26 3954874.478
1 27 8336631.447
1 28 5889884.514
1 29 2062478.833
1 30 9853779.779
1 31 6404470.693
1 32 2082711.505
1 33 782090.2744
1 34 1865095.687
1 35 2184487.823
1 36 3070592.172
1 37 8167221.11
1 38 4584749.641
1 39 3438404.355
1 40 6606688.897
1 41 4860014.765
1 42 5111462.884
1 43 2873370.909
1 44 1745775.306
1 45 4464285.032
1 46 4572082.076
1 47 3166565.163
1 48 8852120.515
1 49 4630913.505
1 50 6776359.725
1 51 7479271.601
1 52 9637308.288
1 53 9529092.365
1 54 5842148.627
1 55 3304605.873
1 56 4853385.195
1 57 7427405.525
1 58 4755459.347
1 59 5844000.965
1 60 6674193.803
1 61 1418031.139
1 62 7997241.234
1 63 2635906.893
1 64 4267365.186
1 65 3415409.107
1 66 7861609.179
1 67 2056912.364
1 68 4566321.975
1 69 7814988.293
1 70 9100371.149
1 71 1367629.865
1 72 2643131.393
1 73 8489202.397
1 74 3656476.318
1 75 8663804.939
1 76 2642548.681
1 77 6981338.001
1 78 5079889.67
1 79 1541886.543
1 80 7376749.754
1 81 9406480.667
1 82 2776302.535
1 83 983649.592
1 84 7442507.217
1 85 5168763.153
1 86 9221745.179
1 87 1176463.6
1 88 2534456.176
1 89 4579845.738
1 90 481485.0276
1 91 3510655.081
1 92 1156295.915
1 93 3846352.882
1 94 5136306.889
1 95 3170201.289
1 96 6821719.528
1 97 5860148.186
1 98 7233591.846
1 99 290336.1679
2 3 5448611.889
2 4 3314169.157
2 5 3785260.992
2 6 1731844.431
2 7 5836441.426
2 8 1963719.112
2 9 6232566.274
2 10 5524099.592
2 11 5147219.602
2 12 7695495.467
2 13 2123882.456
2 14 6359085.268
2 15 2780369.23
2 16 5372550.102
2 17 7657009.738
2 18 6660601.156
2 19 4036441.237
2 20 3701948.192
2 21 5213270.27
2 22 3602397.405
2 23 5193081.482
2 24 8380740.008
2 25 4893116.906
2 26 4096289.998
2 27 2786668.92
2 28 3416140.517
2 29 5830299.879
2 30 5111290.288
2 31 3096631.373
2 32 7244825.808
2 33 7390279.943
2 34 8362554.695
2 35 7120577.448
2 36 5363979.362
2 37 1881732.195
2 38 6701864.49
2 39 6155894.865
2 40 1261908.69
2 41 8591103.026
2 42 8076477.011
2 43 7193171.828
2 44 8606149.121
2 45 6811040.992
2 46 4827069.629
2 47 4675584.452
2 48 3439888.627
2 49 3387287.434
2 50 5205594.47
2 51 5742583.1
2 52 4947206.386
2 53 3704317.643
2 54 2247511.78
2 55 8295686.068
2 56 6804673.734
2 57 636361.4046
2 58 3286962.811
2 59 2115362.75
2 60 1406811.578
2 61 6665158.879
2 62 360071.0726
2 63 7465734.607
2 64 4057716.113
2 65 6865058.851
2 66 1798762.07
2 67 6355550.494
2 68 3755963.678
2 69 3648239.913
2 70 4638219.749
2 71 8075802.942
2 72 6387393.776
2 73 665497.0453
2 74 8120511.545
2 75 1227169.379
2 76 5216475.615
2 77 4934029.508
2 78 4625968.648
2 79 7995418.872
2 80 3852871.437
2 81 2359907.556
2 82 7213586.725
2 83 7013841.285
2 84 4298617.81
2 85 6600002.683
2 86 1395813.224
2 87 7071125.177
2 88 7327149.812
2 89 3974125.494
2 90 7532142.126
2 91 8458143.75
2 92 7617810.643
2 93 6231476.123
2 94 2845693.689
2 95 4699192.008
2 96 4725543.824
2 97 2112444.094
2 98 5930015.192
2 99 7771035.035
3 4 2231653.545
3 5 5957910.215
3 6 4464848.366
3 7 4427708.982
3 8 5216498.173
3 9 2669416.238
3 10 4684150.262
3 11 4992445.7
3 12 5658517.996
3 13 6384487.044
3 14 2675969.524
3 15 4824408.592
3 16 6022373.983
3 17 3940110.234
3 18 1225826.682
3 19 4111387.343
3 20 6604800.016
3 21 6918938.583
3 22 3154526.642
3 23 1227499.738
3 24 6208172.953
3 25 3027265.149
3 26 2723057.885
3 27 6779854.606
3 28 2949436.617
3 29 1171957.991
3 30 6884277.754
3 31 3478261.926
3 32 1796758.579
3 33 2982567.678
3 34 2935081.408
3 35 1672190.383
3 36 102031.4057
3 37 6326610.533
3 38 5388802.383
3 39 4086345.027
3 40 4390112.079
3 41 3827015.37
3 42 6488029.207
3 43 4357095.382
3 44 3207931.264
3 45 2426770.57
3 46 1633219.96
3 47 1804074.317
3 48 7424310.02
3 49 2062612.84
3 50 3906872.733
3 51 4659147.191
3 52 6667432.257
3 53 6597492.988
3 54 3979711.813
3 55 2988899.958
3 56 2715169.889
3 57 4931110.662
3 58 3164737.648
3 59 3334980.246
3 60 4116698.643
3 61 2612161.215
3 62 5530947.147
3 63 2065744.307
3 64 3229517.067
3 65 1783732.69
3 66 5084235.278
3 67 994263.4085
3 68 1764733.814
3 69 6661705.633
3 70 6130381.333
3 71 3922614.917
3 72 3546524.567
3 73 6072006.389
3 74 2948894.409
3 75 6054583.517
3 76 1805705.746
3 77 4069909.006
3 78 4626608.052
3 79 2600042.776
3 80 6369438.937
3 81 7442672.993
3 82 1850919.717
3 83 2652072.317
3 84 4478201.802
3 85 5796961.372
3 86 6815298.258
3 87 1876840.18
3 88 4196286.829
3 89 1682269.897
3 90 2527480.85
3 91 5549361.246
3 92 2315856.7
3 93 4498733.475
3 94 2603077.739
3 95 1953841.57
3 96 3891855.214
3 97 3882248.475
3 98 4465354.103
3 99 3070457.124
4 5 4054448.459
4 6 2241474.251
4 7 4771533.534
4 8 3022132.33
4 9 3196627.252
4 10 3765475.453
4 11 3789251.753
4 12 6460359.278
4 13 4168495.024
4 14 4032828.476
4 15 2778734.415
4 16 4628155.443
4 17 5445110.261
4 18 3395879.929
4 19 3587055.756
4 20 5345851.785
4 21 5247865.323
4 22 2512778.993
4 23 2445675.125
4 24 7114075.132
4 25 2336964.656
4 26 2509813.305
4 27 5155294.641
4 28 1166714.921
4 29 2945989.184
4 30 5189290.017
4 31 1541443.144
4 32 4008400.431
4 33 4785406.438
4 34 5162669.884
4 35 3874546.361
4 36 2136404.122
4 37 4517697.33
4 38 5815238.059
4 39 4728220.282
4 40 2445824.171
4 41 5351611.617
4 42 7141886.713
4 43 5440090.079
4 44 5439565.297
4 45 3597095.734
4 46 1615989.215
4 47 2307544.681
4 48 5851461.626
4 49 575004.4859
4 50 3086910.13
4 51 3865508.403
4 52 4969167.531
4 53 4585098.973
4 54 2474248.881
4 55 4982414.595
4 56 3664213.718
4 57 2749479.07
4 58 2284360.607
4 59 1241384.746
4 60 1927820.322
4 61 4183614.896
4 62 3349804.314
4 63 4172322.614
4 64 2898015.627
4 65 3552740.104
4 66 2875344.57
4 67 3207879.01
4 68 467170.809
4 69 5368228.554
4 70 4447996.243
4 71 5648712.225
4 72 4534750.165
4 73 3902355.77
4 74 4809654.04
4 75 3826187.143
4 76 2775388.314
4 77 3036532.229
4 78 4281345.228
4 79 4831519.542
4 80 5228090.36
4 81 5490406.202
4 82 3912150.345
4 83 4406030.144
4 84 3013294.678
4 85 6024430.138
4 86 4638393.377
4 87 4035625.404
4 88 5417412.176
4 89 664260.9878
4 90 4615442.994
4 91 6761230.092
4 92 4525466.445
4 93 5023268.345
4 94 680251.8322
4 95 2431486.932
4 96 2794311.004
4 97 2275063.811
4 98 3851124.115
4 99 5029426.302
5 6 2457850.776
5 7 8554494.485
5 8 1838853.306
5 9 4963646.52
5 10 2786464.527
5 11 2163103.031
5 12 10356975.37
5 13 2166649.627
5 14 8087225.425
5 15 1347532.875
5 16 1787287.282
5 17 9499359.117
5 18 6839504.124
5 19 6991707.68
5 20 7448952.023
5 21 1444525.96
5 22 6112434.645
5 23 6481552.653
5 24 11032843.74
5 25 3447879.735
5 26 6340523.645
5 27 6567277.671
5 28 3027735.453
5 29 6915950.461
5 30 1348933.298
5 31 2534203.813
5 32 7474395.122
5 33 8794475.096
5 34 8627231.081
5 35 7325691.492
5 36 5856240.065
5 37 5656397.539
5 38 9565705.663
5 39 8639217.676
5 40 4330660.364
5 41 7438556.349
5 42 10946732.33
5 43 9450787.875
5 44 8958374.34
5 45 5851820.145
5 46 4471432.335
5 47 6348117.927
5 48 7201144.364
5 49 4575191.261
5 50 3032634.562
5 51 3044361.138
5 52 1167790.161
5 53 792537.0911
5 54 5220664.057
5 55 7873934.717
5 56 5628611.945
5 57 3361006.606
5 58 5792467.721
5 59 3873169.04
5 60 3358970.574
5 61 8227064.007
5 62 3457491.669
5 63 7386498.363
5 64 6586488.051
5 65 6474073.228
5 66 2030434.441
5 67 6932958.546
5 68 4419637.978
5 69 7405631.468
5 70 895114.8809
5 71 9683229.553
5 72 8548088.508
5 73 3730519.732
5 74 7520913.902
5 75 2884748.939
5 76 6829233.002
5 77 2661659.604
5 78 7691925.256
5 79 8395632.174
5 80 7550919.576
5 81 5801644.361
5 82 7098142.394
5 83 8422267.703
5 84 1817362.299
5 85 9643225.164
5 86 4006550.595
5 87 7831904.545
5 88 9452917.002
5 89 4347231.262
5 90 8483004.584
5 91 10778491.79
5 92 8223902.52
5 93 8870816.311
5 94 4258090.955
5 95 6460981.741
5 96 2633138.046
5 97 4980937.922
5 98 3386379.75
5 99 8983357.199
6 7 6189495.036
6 8 840244.1233
6 9 4675106.478
6 10 3795809.867
6 11 3444876.107
6 12 8027366.819
6 13 1928551.911
6 14 6057665.721
6 15 1189050.379
6 16 3793707.346
6 17 7453341.279
6 18 5591367.729
6 19 4558609.395
6 20 5119160.137
6 21 3886161.57
6 22 3746362.217
6 23 4593142.782
6 24 8711942.272
6 25 3239871.652
6 26 4056867.696
6 27 4407191.296
6 28 1862450.34
6 29 5150034.484
6 30 3796737.43
6 31 1436943.983
6 32 6217866.106
6 33 6931440.65
6 34 7382315.804
6 35 6079245.237
6 36 4367397.943
6 37 3540230.465
6 38 7176522.753
6 39 6341028.412
6 40 1893089.619
6 41 7128197.526
6 42 8566177.062
6 43 7240990.576
6 44 7668661.003
6 45 5353558.742
6 46 3449982.18
6 47 4277086.396
6 48 5092925.073
6 49 2587154.87
6 50 3481897.643
6 51 4011737.511
6 52 3600500.371
6 53 2699626.431
6 54 2764241.957
6 55 7051286.146
6 56 5289605.144
6 57 1124557.832
6 58 3415850.715
6 59 1534558.819
6 60 901726.3773
6 61 6275283.812
6 62 1547230.694
6 63 6322627.354
6 64 4230658.084
6 65 5587384.51
6 66 657431.5368
6 67 5447622.01
6 68 2704250.647
6 69 5090711.876
6 70 3190973.489
6 71 7744272.712
6 72 6356915.171
6 73 2064389.551
6 74 6811676.089
6 75 1678984.795
6 76 4806401.582
6 77 3203314.863
6 78 5250863.434
6 79 7063313.065
6 80 5175607.645
6 81 4079349.526
6 82 6048402.295
6 83 6547614.056
6 84 2580723.577
6 85 7218491.121
6 86 2705368.716
6 87 6275219.57
6 88 7291889.166
6 89 2805970.407
6 90 6841970.052
6 91 8564093.948
6 92 6766598.891
6 93 6530739.297
6 94 2119110.844
6 95 4358129.265
6 96 2998009.9
6 97 2526419.892
6 98 4199033.351
6 99 7219338.481
7 8 6998167.899
7 9 7044665.593
7 10 8483297.743
7 11 8557501.98
7 12 1864698.948
7 13 7782606.349
7 14 2317636.497
7 15 7206962.215
7 16 9386558.275
7 17 2668442.627
7 18 5117817.254
7 19 1813194.174
7 20 4102971.569
7 21 9889831.768
7 22 2446522.262
7 23 3200209.345
7 24 2553007.809
7 25 6901930.869
7 26 2265983.008
7 27 5067821.493
7 28 5935434.168
7 29 3484989.534
7 30 9817587.592
7 31 6234445.999
7 32 5236785.587
7 33 3288160.666
7 34 5715976.253
7 35 5228468.471
7 36 4455645.716
7 37 5267020.483
7 38 1044341.899
7 39 646811.6993
7 40 4643280.981
7 41 8034963.465
7 42 2394894.594
7 43 1685527.822
7 44 5715050.887
7 45 6846617.714
7 46 5636037.195
7 47 2737793.168
7 48 5392009.286
7 49 4196862.419
7 50 7751934.502
7 51 8548208.313
7 52 9602709.334
7 53 8888195.274
7 54 3612714.903
7 55 6759745.24
7 56 7142869.439
7 57 5756086.885
7 58 2774203.797
7 59 4687252.694
7 60 5329464.154
7 61 2715393.539
7 62 6142927.791
7 63 5817066.615
7 64 1968175.006
7 65 6052193.516
7 66 6792385.008
7 67 4403380.026
7 68 4626219.251
7 69 4214705.839
7 70 9109542.957
7 71 3329643.846
7 72 1423730.001
7 73 6448529.61
7 74 6936303.227
7 75 7003181.064
7 76 2622977.233
7 77 7764392.173
7 78 1405643.948
7 79 5299858.258
7 80 3705689.744
7 81 6501674.027
7 82 5767851.803
7 83 3120030.834
7 84 7780358.238
7 85 1369361.9
7 86 7049184.175
7 87 4292906.231
7 88 1984427.279
7 89 4892389.389
7 90 4152579.395
7 91 2718786.08
7 92 4776975.196
7 93 420096.8132
7 94 4350941.554
7 95 2576316.038
7 96 7529877.79
7 97 3795827.996
7 98 8465291.513
7 99 3817655.912
8 9 5114941.97
8 10 3780522.65
8 11 3314031.804
8 12 8844281.503
8 13 1194230.437
8 14 6895098.675
8 15 924010.8076
8 16 3421351.701
8 17 8292447.575
8 18 6302501.35
8 19 5330181.114
8 20 5610100.963
8 21 3280843.034
8 22 4562381.583
8 23 5414096.199
8 24 9530337.893
8 25 3595273.644
8 26 4890309.01
8 27 4750236.503
8 28 2427404.447
8 29 5956807.232
8 30 3182540.73
8 31 1913433.77
8 32 6936585.645
8 33 7756551.032
8 34 8106630.771
8 35 6794603.362
8 36 5116964.279
8 37 3844775.185
8 38 7972560.659
8 39 7167562.443
8 40 2544805.703
8 41 7617806.661
8 42 9364203.653
8 43 8077783.91
8 44 8403768.722
8 45 5869694.61
8 46 4063938.544
8 47 5114471.929
8 48 5400465.983
8 49 3407314.139
8 50 3635998.287
8 51 4022096.115
8 52 3006554.078
8 53 1921904.791
8 54 3500607.344
8 55 7675990.719
8 56 5758993.997
8 57 1524556.353
8 58 4229610.321
8 59 2371254.94
8 60 1670455.851
8 61 7107625.001
8 62 1656548.29
8 63 6998812.271
8 64 5048104.669
8 65 6211711.887
8 66 209591.5641
8 67 6207352.347
8 68 3474576.573
8 69 5567005.071
8 70 2675794.032
8 71 8577547.146
8 72 7195494.769
8 73 2023695.531
8 74 7405315.916
8 75 1320228.581
8 76 5641615.312
8 77 3305957.977
8 78 6009825.236
8 79 7803704.255
8 80 5715603.394
8 81 4132718.469
8 82 6718512.783
8 83 7373155.255
8 84 2537054.333
8 85 7990514.4
8 86 2488824.661
8 87 7053716.411
8 88 8131314.311
8 89 3537870.846
8 90 7637160.094
8 91 9399648.732
8 92 7529637.247
8 93 7346997.899
8 94 2953890.924
8 95 5197195.959
8 96 3143122.311
8 97 3273984.433
8 98 4270428.222
8 99 8033414.352
9 10 2660205.074
9 11 3201609.824
9 12 8327140.669
9 13 6268714.607
9 14 5320434.286
9 15 4342007.604
9 16 4266657.804
9 17 6490325.595
9 18 2663883.916
9 19 6418444.975
9 20 8514946.206
9 21 5413576.041
9 22 5347361.033
9 23 3870364.598
9 24 8868335.109
9 25 1555055.23
9 26 5079725.317
9 27 8346334.505
9 28 2829622.335
9 29 3804457.812
9 30 5417914.795
9 31 3248171.409
9 32 3155324.647
9 33 5412038.168
9 34 4120360.081
9 35 3021858.821
9 36 2620443.129
9 37 7672753.645
9 38 8033189.841
9 39 6743760.302
9 40 5594278.996
9 41 2518642.782
9 42 9156949.173
9 43 7011522.215
9 44 4476371.42
9 45 922183.4373
9 46 1616946.948
9 47 4323899.709
9 48 9045170.192
9 49 3529172.551
9 50 2027537.375
9 51 2517977.587
9 52 5230951.356
9 53 5741088.511
9 54 5653429.459
9 55 3010158.389
9 56 667115.5362
9 57 5603620.959
9 58 5227641.799
9 59 4374324.405
9 60 4848380.147
9 61 5200171.916
9 62 6155926.759
9 63 2805668.204
9 64 5576833.04
9 65 1834086.799
9 66 5082379.282
9 67 3181843.148
9 68 2945442.725
9 69 8544070.658
9 70 4741779.184
9 71 6344222.045
9 72 6215163.503
9 73 6704322.99
9 74 2608013.546
9 75 6327513.861
9 76 4447667.847
9 77 2364929.29
9 78 7032845.06
9 79 4039811.5
9 80 8367777.721
9 81 8547351.566
9 82 2547827.406
9 83 5145253.222
9 84 3152301.888
9 85 8410373.099
9 86 7377230.924
9 87 3972516.004
9 88 6829724.41
9 89 2618839.478
9 90 4659416.827
9 91 8160840.12
9 92 4098756.855
9 93 7147148.389
9 94 3870832.832
9 95 4485051.729
9 96 2339561.397
9 97 5465554.569
9 98 2202958.666
9 99 5333592.127
10 11 642896.2683
10 12 10064818.97
10 13 4678079.932
10 14 7282119.698
10 15 2856512.595
10 16 1626382.534
10 17 8611645.291
10 18 5137747.19
10 19 7341953.157
10 20 8714589.65
10 21 2827192.973
10 22 6276642.945
10 23 5646134.396
10 24 10682936.27
10 25 1664601.372
10 26 6249286.574
10 27 8159823.821
10 28 2674929.165
10 29 5838348.22
10 30 2849616.347
10 31 2633569.937
10 32 5706504.024
10 33 7659428.402
10 34 6746673.066
10 35 5563146.391
10 36 4597857.282
10 37 7319803.783
10 38 9525905.711
10 39 8356723.469
10 40 5442219.577
10 41 4896358.984
10 42 10807701.38
10 43 8893969.79
10 44 7100659.11
10 45 3575822.94
10 46 3065312.866
10 47 5828043.251
10 48 8857397.532
10 49 4323940.089
10 50 777742.4933
10 51 259068.6306
10 52 2688507.402
10 53 3566241.557
10 54 5964783.245
10 55 5662129.711
10 56 3255935.446
10 57 4918855.972
10 58 6034197.751
10 59 4424052.358
10 60 4433455.625
10 61 7278762.777
10 62 5304107.237
10 63 5432168.318
10 64 6660168.316
10 65 4455871.019
10 66 3858041.732
10 67 5489656.45
10 68 3857211.459
10 69 8707113.483
10 70 2270396.455
10 71 8602353.447
10 72 8014079.567
10 73 5762307.313
10 74 5244195.385
10 75 5098035.531
10 76 6155859.575
10 77 729573.6028
10 78 8042395.689
10 79 6623961.223
10 80 8690388.597
10 81 7847341.474
10 82 5160446.772
10 83 7335889.662
10 84 1245070.105
10 85 9772403.932
10 86 6269307.757
10 87 6369813.862
10 88 8789937.137
10 89 3598241.799
10 90 7066365.454
10 91 10158891.9
10 92 6606004.666
10 93 8695429.911
10 94 4336878.426
10 95 5980040.429
10 96 974256.201
10 97 5724229.652
10 98 610365.6353
10 99 7690746.748
11 12 10202712.64
11 13 4129228.996
11 14 7515666.749
11 15 2400184.121
11 16 1077115.904
11 17 8876716.172
11 18 5561488.966
11 19 7305413.879
11 20 8483132.325
11 21 2221921.311
11 22 6266649.828
11 23 5863878.756
11 24 10837908.63
11 25 1986234.809
11 26 6298881.025
11 27 7848952.196
11 28 2637439.73
11 29 6118542.28
11 30 2235667.954
11 31 2467056.938
11 32 6152842.552
11 33 7974318.993
11 34 7227770.494
11 35 6006725.919
11 36 4900336.982
11 37 6984884.982
11 38 9601754.067
11 39 8478837.482
11 40 5198451.788
11 41 5512234.241
11 42 10914957.65
11 43 9084531.881
11 44 7578750.437
11 45 4123654.96
11 46 3359333.983
11 47 5972404.283
11 48 8537360.477
11 49 4362337.204
11 50 1190014.373
11 51 892739.4987
11 52 2064316.228
11 53 2934921.621
11 54 5814913.08
11 55 6211676.599
11 56 3824551.546
11 57 4565996.569
11 58 6001441.44
11 59 4274045.586
11 60 4166896.113
11 61 7546110.126
11 62 4900392.627
11 63 5920469.279
11 64 6677942.678
11 65 4949542.74
11 66 3415571.264
11 67 5854413.183
11 68 3955766.667
11 69 8467385.017
11 70 1629997.75
11 71 8912040.956
11 72 8191543.162
11 73 5327546.608
11 74 5805876.334
11 75 4615483.004
11 76 6342955.73
11 77 930255.9676
11 78 8014326.707
11 79 7079113.747
11 80 8487613.555
11 81 7430370.426
11 82 5642169.747
11 83 7636389.037
11 84 883884.658
11 85 9811073.523
11 86 5790417.677
11 87 6749713.558
11 88 9004290.006
11 89 3734267.595
11 90 7442106.004
11 91 10372655.51
11 92 7025064.236
11 93 8795793.87
11 94 4294832.651
11 95 6117765.803
11 96 1102892.746
11 97 5569355.871
11 98 1253236.957
11 99 8042676.909
12 13 9646282.292
12 14 3049695.518
12 15 9011369.201
12 16 11086691.98
12 17 2404655.383
12 18 6030666.999
12 19 3661368.458
12 20 5593444.928
12 21 11661426.47
12 22 4282139.995
12 23 4492130.474
12 24 688630.9513
12 25 8431808.344
12 26 4018242.603
12 27 6700434.86
12 28 7624986.147
12 29 4540548.749
12 30 11593641.78
12 31 7970208.325
12 32 5957320.284
12 33 3499791.336
12 34 6085507.52
12 35 5994346.074
12 36 5712257.125
12 37 7014242.715
12 38 1119617.428
12 39 1732515.313
12 40 6507907.213
12 41 8860865.987
12 42 888379.0456
12 43 1401926.935
12 44 5974482.307
12 45 7962609.505
12 46 7085685.388
12 47 4237778.866
12 48 6916433.614
12 49 5889208.056
12 50 9308144.78
12 51 10102063.21
12 52 11376383.67
12 53 10721143.48
12 54 5477206.572
12 55 7408194.572
12 56 8303235.277
12 57 7620516.074
12 58 4614674.213
12 59 6509745.054
12 60 7179361.285
12 61 3286337.761
12 62 8005235.108
12 63 6564443.358
12 64 3796946.512
12 65 7035926.196
12 66 8639930.793
12 67 5333007.098
12 68 6247430.623
12 69 5711827.956
12 70 10871679.37
12 71 3021096.473
12 72 2112020.06
12 73 8300640.479
12 74 7682298.423
12 75 8867222.077
12 76 3937960.941
12 77 9363844.224
12 78 3146493.8
12 79 5724058.246
12 80 5186105.621
12 81 8214980.263
12 82 6594156.701
12 83 3538662.999
12 84 9468190.008
12 85 1589469.219
12 86 8885262.395
12 87 4911898.661
12 88 1705862.19
12 89 6476146.919
12 90 4513148.172
12 91 1258481.912
12 92 5246099.163
12 93 1497295.301
12 94 6113255.625
12 95 4088152.508
12 96 9139244.089
12 97 5660080.83
12 98 9978216.443
12 99 3941888.462
13 14 7920001.64
13 15 1946483.471
13 16 3949804.354
13 17 9296939.296
13 18 7487794.942
13 19 6029520.064
13 20 5767919.332
13 21 3422781.836
13 22 5405147.414
13 23 6505322.445
13 24 10334901.53
13 25 4729567.353
13 26 5804283.116
13 27 4715001.05
13 28 3621065.923
13 29 7073692.12
13 30 3314493.33
13 31 3102883.022
13 32 8119920.036
13 33 8833510.513
13 34 9288538.429
13 35 7978923.405
13 36 6286011.885
13 37 3812078.357
13 38 8706170.022
13 39 8023131.941
13 40 3152193.125
13 41 8781267.688
13 42 10094252.73
13 43 8992572.836
13 44 9581505.063
13 45 7045495.947
13 46 5257997.005
13 47 6146592.817
13 48 5281811.886
13 49 4505380.088
13 50 4663864.39
13 51 4932532.173
13 52 3199432.01
13 53 1769411.183
13 54 4180163.909
13 55 8869531.947
13 56 6920510.953
13 57 2029828.076
13 58 5071379.624
13 59 3355574.455
13 60 2552514.708
13 61 8160533.412
13 62 1765521.908
13 63 8191229.444
13 64 5887777.943
13 65 7405546.838
13 66 1301922.549
13 67 7371088.982
13 68 4629171.994
13 69 5702590.469
13 70 3055315.244
13 71 9623537.219
13 72 8133077.22
13 73 1790898.116
13 74 8595690.206
13 75 922188.3272
13 76 6684882.694
13 77 4310755.937
13 78 6664998.828
13 79 8978835.679
13 80 5951273.927
13 81 3719277.636
13 82 7911489.663
13 83 8449381.1
13 84 3477075.921
13 85 8653601.141
13 86 1878784.371
13 87 8203430.231
13 88 9077070.553
13 89 4713015.629
13 90 8769290.783
13 91 10298562
13 92 8691616.544
13 93 8156517.183
13 94 4015162.833
13 95 6213736.515
13 96 4180932.043
13 97 3987161.422
13 98 5222406.377
13 99 9136111.042
14 15 6799270.092
14 16 8488796.762
14 17 1412558.671
14 18 2990887.645
14 19 3132067.896
14 20 5892911.02
14 21 9242198.528
14 22 2854406.709
14 23 1654527.086
14 24 3552788.444
14 25 5618657.512
14 26 2294799.488
14 27 6559318.975
14 28 5117009.635
14 29 1516154.944
14 30 9190764.349
14 31 5563648.114
14 32 2989133.881
14 33 1143523.995
14 34 3398569.331
14 35 3003664.496
14 36 2743628.384
14 37 6462074.69
14 38 3035914.068
14 39 1751289.342
14 40 5102009.233
14 41 5865592.865
14 42 3916679.174
14 43 1693033.79
14 44 3407834.536
14 45 4915132.661
14 46 4224174.706
14 47 1780642.064
14 48 7047558.809
14 49 3531055.862
14 50 6507043.993
14 51 7283009.345
14 52 8970205.765
14 53 8599943.034
14 54 4225445.654
14 55 4496356.711
14 56 5260520.122
14 57 6048735.937
14 58 3122616.253
14 59 4564559.923
14 60 5375537.609
14 61 422937.4869
14 62 6577506.909
14 63 3588801.3
14 64 2513813.864
14 65 3989782.273
14 66 6714334.422
14 67 2286043.6
14 68 3688287.29
14 69 5987276.681
14 70 8439924.301
14 71 1718839.79
14 72 1002227.682
14 73 7023755.338
14 74 4716508.689
14 75 7327189.85
14 76 1262637.823
14 77 6621525.385
14 78 3240749.571
14 79 2982366.431
14 80 5541536.482
14 81 7717872.113
14 82 3584144.038
14 83 856647.9932
14 84 6882447.244
14 85 3565129.021
14 86 7731685.898
14 87 1994151.235
14 88 1521359.534
14 89 3829057.564
14 90 1849665.377
14 91 2882821.513
14 92 2459950.189
14 93 2190049.016
14 94 3942229.479
14 95 1706275.061
14 96 6417837.963
14 97 4288411.154
14 98 7114735.524
14 99 1647767.499
15 16 2618149.252
15 17 8211406.979
15 18 5815042.603
15 19 5656131.729
15 20 6300394.563
15 21 2729857.163
15 22 4765293.693
15 23 5223946.635
15 24 9688281.524
15 25 2793077.677
15 26 4996568.312
15 27 5538810.04
15 28 1886272.604
15 29 5700101.24
15 30 2646332.555
15 31 1348911.737
15 32 6454762.246
15 33 7559323.856
15 34 7624117.049
15 35 6308430.444
15 36 4722521.204
15 37 4649857.126
15 38 8218865.366
15 39 7296022.119
15 40 3080276.367
15 41 6859966.818
15 42 9599319.957
15 43 8122821.311
15 44 7939225.007
15 45 5148898.839
15 46 3482827.189
15 47 5041476.406
15 48 6210204.51
15 49 3270430.155
15 50 2737898.522
15 51 3098399.59
15 52 2441632.186
15 53 1806548.922
15 54 3912652.774
15 55 7050182.552
15 56 5000511.661
15 57 2242321.226
15 58 4446186.19
15 59 2527441.53
15 60 2066320.712
15 61 6961783.657
15 62 2511700.71
15 63 6447708.788
15 64 5238970.846
15 65 5599898.167
15 66 1015534.468
15 67 5816254.129
15 68 3180016.79
15 69 6268923.856
15 70 2008379.319
15 71 8427446.332
15 72 7222463.668
15 73 2927362.582
15 74 6745928.244
15 75 2242775.278
15 76 5537132.033
15 77 2397429.451
15 78 6359860.171
15 79 7354226.634
15 80 6363501.505
15 81 5031350.523
15 82 6161558.09
15 83 7181603.477
15 84 1613313.524
15 85 8302363.928
15 86 3412822.722
15 87 6697661.877
15 88 8135483.798
15 89 3158508.748
15 90 7322641.815
15 91 9451145.01
15 92 7131013.732
15 93 7524040.231
15 94 2923099.158
15 95 5147764.306
15 96 2248506.379
15 97 3669051.424
15 98 3351136.543
15 99 7782273.461
16 17 9867396.126
16 18 6632027.681
16 19 8021202.129
16 20 8912861.926
16 21 1232582.888
16 22 7025003.582
16 23 6834319.873
16 24 11735613.41
16 25 3047384.868
16 26 7120661.332
16 27 8148858.483
16 28 3462062.613
16 29 7127969.698
16 30 1274979.663
16 31 3164809.869
16 32 7227095.167
16 33 8997773.401
16 34 8304846.609
16 35 7080633.934
16 36 5927847.919
16 37 7252358.274
16 38 10427042.07
16 39 9355306.625
16 40 5662438.756
16 41 6513406.41
16 42 11766920.84
16 43 10018706.23
16 44 8655723.158
16 45 5187328.968
16 46 4394172.734
16 47 6885379.345
16 48 8812053.75
16 49 5201767.475
16 50 2266606.395
16 51 1824578.24
16 52 1158460.852
16 53 2413071.63
16 54 6405075.949
16 55 7275876.13
16 56 4877242.226
16 57 4858286.024
16 58 6737359.014
16 59 4901762.722
16 60 4627326.621
16 61 8542153.856
16 62 5077115.438
16 63 6997496.963
16 64 7462243.717
16 65 6026162.896
16 66 3574398.707
16 67 6906371.489
16 68 4857200.04
16 69 8883741.579
16 70 940017.0263
16 71 9930635.086
16 72 9118393.411
16 73 5421553.182
16 74 6863837.423
16 75 4614323.055
16 76 7287586.43
16 77 1996284.108
16 78 8733715.111
16 79 8154222.543
16 80 8962967.847
16 81 7521661.13
16 82 6719285.346
16 83 8652511.93
16 84 1620496.719
16 85 10595552.5
16 86 5763693.191
16 87 7805694.848
16 88 9957766.058
16 89 4669560.496
16 90 8495460.425
16 91 11321802.24
16 92 8093099.012
16 93 9649772.395
16 94 5052896.251
16 95 7023859.781
16 96 2139904.071
16 97 6157356.738
16 98 2192991.952
16 99 9084888.439
17 18 3945877.583
17 19 4074712.868
17 20 6701307.849
17 21 10644887.74
17 22 4073672.236
17 23 3044401.51
17 24 2676013.602
17 25 6947839.314
17 26 3560832.332
17 27 7537217.097
17 28 6521875.751
17 29 2774342.229
17 30 10595006.19
17 31 6974100.879
17 32 3734700.495
17 33 1173167.289
17 34 3705589.478
17 35 3799743.863
17 36 4020857.308
17 37 7564082.628
17 38 2911770.783
17 39 2028330.754
17 40 6395102.773
17 41 6616427.821
17 42 3277557.317
17 43 1126053.762
17 44 3576054.27
17 45 5962168.654
17 46 5546465.364
17 47 3182516.583
17 48 7946155.294
17 49 4942280.632
17 50 7834041.732
17 51 8596214.937
17 52 10374510.67
17 53 10011223.99
17 54 5459836.458
17 55 5100744.068
17 56 6333613.846
17 57 7388397.127
17 58 4375245.156
17 59 5946327.524
17 60 6745871.672
17 61 1332992.786
17 62 7896272.221
17 63 4332532.651
17 64 3660373.781
17 65 4955520.211
17 66 8108686.228
17 67 3320382.344
17 68 5095235.216
17 69 6807374.818
17 70 9842854.077
17 71 679056.4376
17 72 1380277.437
17 73 8317154.004
17 74 5417081.612
17 75 8672911.278
17 76 2674286.579
17 77 7970495.245
17 78 3956169.502
17 79 3366300.982
17 80 6317013.437
17 81 8826047.595
17 82 4412575.66
17 83 1353198.161
17 84 8269409.372
17 85 3516577.427
17 86 9006237.153
17 87 2689040.208
17 88 765404.6058
17 89 5224155.118
17 90 2175023.066
17 91 1726676.119
17 92 2920637.131
17 93 2338505.248
17 94 5343670.223
17 95 3095256.788
17 96 7774949.038
17 97 5554644.213
17 98 8405193.881
17 99 1550626.972
18 19 5134040.197
18 20 7736556.009
18 21 7646052.072
18 22 4263529.431
18 23 2102376.576
18 24 6489876.69
18 25 3588630.812
18 26 3772600.426
18 27 7976078.686
18 28 3932382.629
18 29 1639793.196
18 30 7625595.331
18 31 4472036.735
18 32 639748.3971
18 33 2809736.01
18 34 1810064.063
18 35 493813.848
18 36 1302092.034
18 37 7545289.877
18 38 5977724.232
18 39 4659791.425
18 40 5615619.37
18 41 2917161.584
18 42 6904661.364
18 43 4644505.917
18 44 2125842.213
18 45 2023186.691
18 46 2368107.255
18 47 2796612.426
18 48 8609055.108
18 49 3281064.483
18 50 4391700.498
18 51 5053071.909
18 52 7416258.143
18 53 7531597.421
18 54 5186644.209
18 55 1811455.893
18 56 2403413.076
18 57 6129231.067
18 58 4316409.646
18 59 4545240.488
18 60 5310175.466
18 61 2754848.176
18 62 6730235.853
18 63 851679.4297
18 64 4260433.173
18 65 1014016.461
18 66 6186682.684
18 67 716840.3081
18 68 2932001.452
18 69 7800105.423
18 70 6886384.937
18 71 3718206.288
18 72 3980579.108
18 73 7276046.326
18 74 1862288.242
18 75 7217467.771
18 76 2595646.484
18 77 4635761.243
18 78 5569080.42
18 79 1556702.255
18 80 7478268.895
18 81 8667957.076
18 82 685529.4474
18 83 2596192.24
18 84 5205487.275
18 85 6459233.835
18 86 8017620.321
18 87 1317161.884
18 88 4402368.458
18 89 2786286.249
18 90 1996576.919
18 91 5662179.284
18 92 1468257.736
18 93 5097287.37
18 94 3818456.444
18 95 2919599.198
18 96 4505817.438
18 97 5098556.552
18 98 4787408.573
18 99 2678184.657
19 20 2772483.826
19 21 8381380.178
19 22 1089811.269
19 23 3033000.478
19 24 4345158.488
19 25 5900666.708
19 26 1388887.549
19 27 3467623.849
19 28 4679926.889
19 29 3586556.066
19 30 8300645.107
19 31 4867291.81
19 32 5459856.865
19 33 4273775.32
19 34 6246662.464
19 35 5402452.58
19 36 4096847.095
19 37 3522605.386
19 38 2677336.038
19 39 2229434.918
19 40 2877342.314
19 41 7936637.173
19 42 4064801.658
19 43 3334172.261
19 44 6346701.508
19 45 6459541.424
19 46 4844375.972
19 47 2340290.188
19 48 3920296.612
19 49 3056904.036
19 50 6673951.243
19 51 7450707.286
19 52 8092676.792
19 53 7246451.346
19 54 1852043.265
19 55 6930422.569
19 56 6679556.125
19 57 4000215.565
19 58 1307978.165
19 59 3144840.442
19 60 3666835.451
19 61 3544824.621
19 62 4352004.347
19 63 5953435.301
19 64 882111.5712
19 65 5891042.733
19 66 5121148.361
19 67 4492935.798
19 68 3603507.938
19 69 2862383.207
19 70 7628451.031
19 71 4648937.452
19 72 2695478.356
19 73 4639531.645
19 74 6989220.723
19 75 5221060.561
19 76 2602697.361
19 77 6612471.046
19 78 712512.9906
19 79 5817899.861
19 80 2441855.858
19 81 4778297.787
19 82 5819527.93
19 83 3976211.744
19 84 6467858.706
19 85 2661100.928
19 86 5236058.749
19 87 4743731.825
19 88 3550234.834
19 89 3920917.024
19 90 4868954.775
19 91 4504780.109
19 92 5309974.446
19 93 2221892.714
19 94 3013125.397
19 95 2214572.164
19 96 6367845.51
19 97 2062003.109
19 98 7435713.625
19 99 4778210.937
20 21 8889814.376
20 22 3473659.775
20 23 5680226.56
20 24 6183606.3
20 25 7603554.668
20 26 3993228.863
20 27 1277608.178
20 28 6135256.144
20 29 6284474.588
20 30 8790367.158
20 31 6081839.096
20 32 8131554.786
20 33 7028965.421
20 34 8987078.456
20 35 8058645.991
20 36 6566834.422
20 37 2018588.561
20 38 4474246.61
20 39 4700915.48
20 40 3284685.537
20 41 10387681.39
20 42 5595602.458
20 43 5787768.379
20 44 9103250.788
20 45 8761559.56
20 46 6900115.911
20 47 4972003.897
20 48 1323408.112
20 49 4989648.429
20 50 8199034.224
20 51 8887464.99
20 52 8616636.571
20 53 7406196.51
20 54 2871741.363
20 55 9548009.787
20 56 8909088.326
20 57 4091291.301
20 58 3441016.119
20 59 4331815.972
20 60 4318833.869
20 61 6309815.432
20 62 4055182.728
20 63 8580046.726
20 64 3550120.48
20 65 8372284
20 66 5421053.841
20 67 7149178.155
20 68 5570860.282
20 69 119375.0072
20 70 8266854.384
20 71 7322442.681
20 72 5337633.553
20 73 3992661.926
20 74 9550634.19
20 75 4845772.04
20 76 5323242.636
20 77 8024671.261
20 78 2745267.286
20 79 8560312.892
20 80 407444.8811
20 81 2885772.853
20 82 8413677.792
20 83 6742862.856
20 84 7599357.264
20 85 4080101.344
20 86 4235932.788
20 87 7487884.386
20 88 6073271.481
20 89 5896274.585
20 90 7640216.225
20 91 6717573.766
20 92 8060440.714
20 93 4503398.561
20 94 4665741.565
20 95 4875038.086
20 96 7784771.796
20 97 3080435.071
20 98 8978381.941
20 99 7540667.016
21 22 7463272.556
21 23 7601479.417
21 24 12328919.8
21 25 4072338.679
21 26 7646543.859
21 27 7985716.681
21 28 4125658.84
21 29 7967174.853
21 30 108616.665
21 31 3708703.908
21 32 8260286.866
21 33 9852995.802
21 34 9370625.985
21 35 8111997.974
21 36 6820167.486
21 37 7072897.202
21 38 10913896.11
21 39 9932915.921
21 40 5769313.475
21 41 7723519.007
21 42 12284684.2
21 43 10687547.09
21 44 9716407.51
21 45 6335385.401
21 46 5327359.881
21 47 7554174.152
21 48 8606503.35
21 49 5801127.952
21 50 3387112.674
21 51 3041800.88
21 52 288711.0336
21 53 1667931.022
21 54 6639404.909
21 55 8420095.698
21 56 6044347.813
21 57 4804520.179
21 58 7151656.735
21 59 5241547.554
21 60 4783239.739
21 61 9340351.37
21 62 4877610.904
21 63 8078116.383
21 64 7927913.31
21 65 7118581.537
21 66 3474437.675
21 67 7850683.31
21 68 5555415.733
21 69 8844953.808
21 70 802303.191
21 71 10768917.13
21 72 9782158.15
21 73 5109860.997
21 74 8021173.535
21 75 4240415.427
21 76 8002951.876
21 77 3068501.857
21 78 9087119.104
21 79 9190836.684
21 80 8995059.701
21 81 7135040.657
21 82 7794665.89
21 83 9493066.579
21 84 2449156.589
21 85 11019398.15
21 86 5301419.649
21 87 8756365.249
21 88 10662099.79
21 89 5423782.095
21 90 9433904.043
21 91 12009053.74
21 92 9087768.864
21 93 10188682.39
21 94 5549180.917
21 95 7679334.648
21 96 3156318.064
21 97 6396934.802
21 98 3412645.152
21 99 9987453.783
22 23 2218551.616
22 24 4967958.206
22 25 4814087.659
22 26 581688.5302
22 27 3844539.559
22 28 3630924.954
22 29 2845719.184
22 30 7388223.422
22 31 3860288.865
22 32 4665252.581
22 33 3964058.103
22 34 5570856.143
22 35 4588356.789
22 36 3125868.789
22 37 3632239.893
22 38 3453871.69
22 39 2619388.238
22 40 2346158.37
22 41 6972413.48
22 42 4834830.145
22 43 3605247.699
22 44 5719778.503
22 45 5432839.491
22 46 3761997.822
22 47 1515003.981
22 48 4420099.686
22 49 1971718.314
22 50 5596737.654
22 51 6378082.53
22 52 7175237.446
22 53 6443338.174
22 54 1386545.805
22 55 6074923.648
22 56 5634366.185
22 57 3406136.572
22 58 334623.0745
22 59 2241489.342
22 60 2900445.173
22 61 3214793.67
22 62 3865147.313
22 63 5106387.191
22 64 486161.8761
22 65 4935925.873
22 66 4358500.817
22 67 3681215.547
22 68 2513795.797
22 69 3539409.956
22 70 6691454.766
22 71 4539255.273
22 72 2785021.991
22 73 4255854.959
22 74 6087848.424
22 75 4685579.533
22 76 1938260.781
22 77 5547215.565
22 78 1769809.34
22 79 5150432.191
22 80 3219164.594
22 81 4878067.92
22 82 4942244.811
22 83 3613540.076
22 84 5446202.038
22 85 3572662.38
22 86 4934567.789
22 87 4092126.739
22 88 3725810.445
22 89 2831215.507
22 90 4354022.677
22 91 4897298.43
22 92 4671357.398
22 93 2784989.294
22 94 1976647.724
22 95 1439710.37
22 96 5303834.47
22 97 1490126.042
22 98 6354263.214
22 99 4415097.211
23 24 5073167.157
23 25 3987479.297
23 26 1689269.912
23 27 6034122.468
23 28 3481884.391
23 29 657262.2561
23 30 7552613.482
23 31 3948249.635
23 32 2451390.236
23 33 2345332.237
23 34 3370227.877
23 35 2381751.194
23 36 1258172.367
23 37 5717315.684
23 38 4166905.928
23 39 2873520.632
23 40 3996939.472
23 41 4955514.856
23 42 5299778.698
23 43 3252996.951
23 44 3545025.401
23 45 3650210.154
23 46 2608610.848
23 47 708308.1128
23 48 6630736.553
23 49 2007009.827
23 50 4874535.346
23 51 5658325.797
23 52 7332208.468
23 53 7030472.481
23 54 3336880.984
23 55 3898511.434
23 56 3942663.865
23 57 4777846.436
23 58 2332947.247
23 59 3193527.389
23 60 4023868.192
23 61 1746096.676
23 62 5351559.486
23 63 2922072.343
23 64 2163994.899
23 65 2920072.777
23 66 5247961.319
23 67 1470552.656
23 68 2062630.262
23 69 5750493.075
23 70 6799681.576
23 71 3204506.059
23 72 2392780.449
23 73 5851753.199
23 74 3961917.141
23 75 6013201.762
23 76 579462.9525
23 77 4975374.417
23 78 3477002.325
23 79 2957537.096
23 80 5403536.962
23 81 6915340.826
23 82 2787842.613
23 83 1963573.25
23 84 5229249.66
23 85 4569472.658
23 86 6588889.636
23 87 1930893.3
23 88 3145179.367
23 89 2179782.24
23 90 2339108.17
23 91 4514555.395
23 92 2505258.002
23 93 3278544.049
23 94 2493056.848
23 95 818905.8704
23 96 4768165.771
23 97 3310134.522
23 98 5508885.974
23 99 2632204.76
24 25 9040189.588
24 26 4692365.117
24 27 7321595.99
24 28 8276081.96
24 29 5065482.21
24 30 12262326.51
24 31 8631804.614
24 32 6361977.89
24 33 3833533.728
24 34 6378230.448
24 35 6411747.27
24 36 6267765.205
24 37 7666287.397
24 38 1744736.755
24 39 2396262.498
24 40 7195955.792
24 41 9262473.966
24 42 825809.9511
24 43 1860015.216
24 44 6233196.561
24 45 8458731.24
24 46 7678913.677
24 47 4865823.661
24 48 7506444.041
24 49 6545408.908
24 50 9921063.63
24 51 10712483.39
24 52 12044556.02
24 53 11404119.91
24 54 6165135.848
24 55 7768780.53
24 56 8809750.749
24 57 8309007.672
24 58 5300932.674
24 59 7191874.786
24 60 7866330.136
24 61 3735768.168
24 62 8691829.879
24 63 6967129.959
24 64 4482365.321
24 65 7502311.19
24 66 9326287.383
24 67 5808875.09
24 68 6886530.108
24 69 6302694.286
24 70 11537147.72
24 71 3210740.572
24 72 2680496.764
24 73 8983206.592
24 74 8070155.117
24 75 9554726.032
24 76 4534204.307
24 77 9988267.435
24 78 3813908.577
24 79 6042259.017
24 80 5777636.434
24 81 8854771.995
24 82 7019987.531
24 83 3932160.374
24 84 10115735.11
24 85 2113772.709
24 86 9562160.935
24 87 5310042.934
24 88 2089412.512
24 89 7105546.618
24 90 4846003.62
24 91 1118734.512
24 92 5590103.278
24 93 2184174.34
24 94 6783674.692
24 95 4720305.001
24 96 9766788.23
24 97 6348613.674
24 98 10577559.64
24 99 4223378.435
25 26 4710912.825
25 27 7247818.606
25 28 1516363.53
25 29 4175472.539
25 30 4058837.798
25 31 1806914.789
25 32 4193172.111
25 33 6008177.955
25 34 5298433.311
25 35 4045502.809
25 36 2938870.403
25 37 6493281.256
25 38 7938730.138
25 39 6737631.498
25 40 4457088.9
25 41 4072855.019
25 42 9192607.986
25 43 7238963.19
25 44 5644092.465
25 45 2409973.531
25 46 1401461.342
25 47 4205351.512
25 48 7954446.24
25 49 2843824.078
25 50 888388.0687
25 51 1672608.842
25 52 3855483.41
25 53 4212597.63
25 54 4749639.806
25 55 4430737.979
25 56 2219764.09
25 57 4256756.517
25 58 4609892.307
25 59 3286517.126
25 60 3574167.746
25 61 5614868.603
25 62 4769243.94
25 63 4010757.046
25 64 5154691.137
25 65 3062682.593
25 66 3580568.52
25 67 3868876.26
25 68 2312832.991
25 69 7614371.145
25 70 3336520.928
25 71 6949475.001
25 72 6365111.963
25 73 5301359.266
25 74 4073034.258
25 75 4846835.968
25 76 4507035.413
25 77 1055987.153
25 78 6580900.265
25 79 5123142.522
25 80 7519047.512
25 81 7247050.424
25 82 3725698.98
25 83 5678973.659
25 84 1672455.017
25 85 8219285.508
25 86 5938945.416
25 87 4763478.946
25 88 7128765.688
25 89 2018286.68
25 90 5456038.029
25 91 8497213.359
25 92 5046490.164
25 93 7091116.683
25 94 2988348.135
25 95 4361083.12
25 96 918512.8398
25 97 4527928.17
25 98 1563669.781
25 99 6060831.591
26 27 4419229.122
26 28 3671018.927
26 29 2294637.374
26 30 7577447.681
26 31 3972003.83
26 32 4140048.482
26 33 3391608.98
26 34 5012789.492
26 35 4070832.563
26 36 2707962.029
26 37 4212640.563
26 38 3307860.414
26 39 2299670.303
26 40 2834392.765
26 41 6549336.034
26 42 4650883.006
26 43 3193081.062
26 44 5152773.248
26 45 5078775.401
26 46 3544464.613
26 47 981472.8584
26 48 4983664.769
26 49 1936744.899
26 50 5535609.156
26 51 6328385.565
26 52 7360776.22
26 53 6728962.111
26 54 1930661.674
26 55 5579354.496
26 56 5309113.228
26 57 3844795.328
26 58 827924.8012
26 59 2523113.217
26 60 3261599.115
26 61 2643807.334
26 62 4338126.762
26 63 4605050.876
26 64 509089.3449
26 65 4504209.988
26 66 4692542.458
26 67 3159791.61
26 68 2402696.597
26 69 4065578.343
26 70 6860079.767
26 71 3995935.251
26 72 2329628.951
26 73 4757156.098
26 74 5618042.154
26 75 5130735.796
26 76 1362983.524
26 77 5524851.791
26 78 1954243.272
26 79 4589827.783
26 80 3714402.699
26 81 5456035.644
26 82 4456533.985
26 83 3037120.175
26 84 5514867.134
26 85 3523133.491
26 86 5452435.085
26 87 3525941.219
26 88 3274504.151
26 89 2693564.237
26 90 3773593.78
26 91 4510492.892
26 92 4104384.565
26 93 2542971.953
26 94 2097492.893
26 95 882906.6456
26 96 5286785.628
26 97 2000744.818
26 98 6270883.594
26 99 3836625.795
27 28 5734988.322
27 29 6677532.468
27 30 7882153.942
27 31 5574131.308
27 32 8443932.165
27 33 7701596.22
27 34 9403033.203
27 35 8352349.166
27 36 6724665.505
27 37 913261.7796
27 38 5585089.97
27 39 5612174.151
27 40 2790794.727
27 41 10430580.69
27 42 6782961.256
27 43 6723098.88
27 44 9561785.367
27 45 8721676.473
27 46 6767842.965
27 47 5345933.881
27 48 706688.5041
27 49 4921758.273
27 50 7732534.287
27 51 8357227.965
27 52 7724402.131
27 53 6425574.474
27 54 2807163.624
27 55 9768276.548
27 56 8815138.548
27 57 3298839.314
27 58 3701346.717
27 59 3987732.489
27 60 3736160.018
27 61 6958044.845
27 62 3110076.597
27 63 8827685.61
27 64 4069287.165
27 65 8481601.192
27 66 4581479.942
27 67 7464081.947
27 68 5469906.516
27 69 1171090.277
27 70 7424776.645
27 71 8116474.103
27 72 6156944.424
27 73 2925314.104
27 74 9710140.594
27 75 3805243.852
27 76 5781656.333
27 77 7510943.699
27 78 3663005.824
27 79 8986451.793
27 80 1630358.874
27 81 1610835.906
27 82 8628805.543
27 83 7379893.91
27 84 6976381.874
27 85 5248696.035
27 86 3047399.694
27 87 7934391.565
27 88 6975204.599
27 89 5775906.263
27 90 8187244.454
27 91 7759969.875
27 92 8513811.664
27 93 5484206.171
27 94 4494262.058
27 95 5282278.222
27 96 7282256.142
27 97 2939269.833
27 98 8495881.079
27 99 8187783.42
28 29 3890027.785
28 30 4073764.851
28 31 539655.8157
28 32 4571805.653
28 33 5772092.736
28 34 5742334.329
28 35 4426118.403
28 36 2847405.441
28 37 4977119.79
28 38 6978491.414
28 39 5893335.275
28 40 2945438.027
28 41 5265792.1
28 42 8308422.411
28 43 6582031.777
28 44 6054788.141
28 45 3491681.196
28 46 1637554.267
28 47 3443049.524
28 48 6441675.167
28 49 1741319.698
28 50 2073351.087
28 51 2807406.232
28 52 3853210.974
28 53 3648175.961
28 54 3318519.799
28 55 5248588.755
28 56 3431139.648
28 57 2782646.024
28 58 3372662.245
28 59 1803450.949
28 60 2064824.386
28 61 5226063.213
28 62 3326865.641
28 63 4588964.231
28 64 4040850.369
28 65 3784491.181
28 66 2348128.263
28 67 3937298.074
28 68 1429853.399
28 69 6139693.164
28 70 3323360.468
28 71 6670512.388
28 72 5677928.801
28 73 3874704.084
28 74 4982228.164
28 75 3536780.734
28 76 3878508.71
28 77 1949724.448
28 78 5385652.823
28 79 5468250
28 80 6075651.768
28 81 5755739.467
28 82 4305601.26
28 83 5402807.478
28 84 1846639.434
28 85 7175228.137
28 86 4552550.584
28 87 4826086.634
28 88 6542893.906
28 89 1320801.622
28 90 5464842.551
28 91 7896909.132
28 92 5247980.372
28 93 6189946.724
28 94 1667350.44
28 95 3575484.443
28 96 1703626.14
28 97 3084706.635
28 98 2854783.355
28 99 5955755.078
29 30 7925222.986
29 31 4387333.968
29 32 1875933.786
29 33 1886498.916
29 34 2726360.203
29 35 1828025.884
29 36 1248433.664
29 37 6373111.31
29 38 4375596.185
29 39 3056082.362
29 40 4645633.821
29 41 4554236.365
29 42 5390166.767
29 43 3207338.306
29 44 2891157.559
29 45 3432351.883
29 46 2774105.522
29 47 1332536.715
29 48 7265266.238
29 49 2570228.236
29 50 5060629.565
29 51 5821986.622
29 52 7705978.529
29 53 7502564.544
29 54 3993636.937
29 55 3372114.724
29 56 3764750.151
29 57 5398045.394
29 58 2979240.654
29 59 3800296.661
29 60 4628452.595
29 61 1442868.906
29 62 5978287.341
29 63 2398831.303
29 64 2741433.909
29 65 2572242.755
29 66 5799335.788
29 67 937522.1295
29 68 2520898.625
29 69 6358752.763
29 70 7169668.359
29 71 2805892.216
29 72 2436957.373
29 73 6485978.233
29 74 3488348.285
29 75 6617248.324
29 76 988333.2689
29 77 5205028.984
29 78 3964212.919
29 79 2309012.522
29 80 5994056.13
29 81 7572586.705
29 82 2308026.51
29 83 1527543.969
29 84 5551195.323
29 85 4836262.682
29 86 7225525.259
29 87 1273699.562
29 88 3031107.398
29 89 2569277.217
29 90 1711145.945
29 91 4379094.66
29 92 1848957.492
29 93 3487557.863
29 94 3082610.16
29 95 1411854.434
29 96 5015651.476
29 97 3967130.158
29 98 5635028.613
29 99 2084291.042
30 31 3648719.21
30 32 8242183.105
30 33 9811496.314
30 34 9357003.922
30 35 8093720.287
30 36 6785133.642
30 37 6969219.155
30 38 10840031.1
30 39 9866121.414
30 40 5677271.292
30 41 7744270.489
30 42 12212479.67
30 43 10627752.2
30 44 9701797.309
30 45 6339079.349
30 46 5299225.402
30 47 7496457.144
30 48 8501681.591
30 49 5739891.508
30 50 3390430.137
30 51 3069294.248
30 52 220570.589
30 53 1559333.879
30 54 6552876.427
30 55 8421667.009
30 56 6052687.854
30 57 4706726.757
30 58 7075318.642
30 59 5162998.6
30 60 4695059.498
30 61 9293208.541
30 62 4774698.049
30 63 8067668.975
30 64 7854319.4
30 65 7110834.462
30 66 3377258.964
30 67 7820823.55
30 68 5502903.288
30 69 8744966.949
30 70 755593.5792
30 71 10725154.36
30 72 9722391.008
30 73 5003926.124
30 74 8025925.788
30 75 4133773.296
30 76 7948914.596
30 77 3065524.249
30 78 9005545.09
30 79 9172708.3
30 80 8897641.252
30 81 7027253.573
30 82 7783519.406
30 83 9450194.688
30 84 2422919.267
30 85 10941291.33
30 86 5193175.748
30 87 8726650.39
30 88 10605403.79
30 89 5376620.464
30 90 9402259.056
30 91 11950301.02
30 92 9063645.813
30 93 10118853.23
30 94 5480563.722
30 95 7620371.468
30 96 3145272.266
30 97 6310937.981
30 98 3440579.307
30 99 9951206.524
31 32 5111447.908
31 33 6261944.31
31 34 6281989.545
31 35 4965774.138
31 36 3376282.665
31 37 4770603.058
31 38 7271505.327
31 39 6238409.401
31 40 2818470.62
31 41 5726055.263
31 42 8622878.897
31 43 6979133.121
31 44 6594257.318
31 45 3965069.838
31 46 2166663.591
31 47 3848968.502
31 48 6278083.484
31 49 2092876.589
31 50 2158994.294
31 51 2807228.962
31 52 3428796.28
31 53 3125193.876
31 54 3351992.622
31 55 5770208.893
31 56 3874918.811
31 57 2461197.736
31 58 3575342.377
31 59 1808818.374
31 60 1840419.503
31 61 5694194.863
31 62 2962675.19
31 63 5124845.172
31 64 4298964.963
31 65 4308474.662
31 66 1851683.261
31 67 4468838.316
31 68 1885771.562
31 69 6075791.925
31 70 2910608.095
31 71 7149050.726
31 72 6073753.846
31 73 3494879.26
31 74 5492853.293
31 75 3079765.957
31 76 4311487.564
31 77 1947528.745
31 78 5579252.43
31 79 6007095.945
31 80 6058086.055
31 81 5455630.521
31 82 4840750.054
31 83 5888762.009
31 84 1605363.818
31 85 7430905.397
31 86 4141676.94
31 87 5353466.897
31 88 6958849.584
31 89 1824907.573
31 90 5985388.669
31 91 8301647.58
31 92 5782405.554
31 93 6512033.729
31 94 1889270.772
31 95 3971734.766
31 96 1712516.818
31 97 3107773.021
31 98 2923105.005
31 99 6462328.941
32 33 2564046.345
32 34 1171447.93
32 35 148972.2052
32 36 1884037.382
32 37 8055169.198
32 38 6023779.228
32 39 4723988.258
32 40 6168684.388
32 41 2904336.859
32 42 6842783.189
32 43 4555990.123
32 44 1486692.955
32 45 2403946.463
32 46 3003954.189
32 47 3159688.383
32 48 9059609.682
32 49 3857851.775
32 50 4973800.487
32 51 5608031.906
32 52 8034384.166
32 53 8169682.65
32 54 5679981.262
32 55 1523835.845
32 56 2795798.734
32 57 6726648.008
32 58 4753279.785
32 59 5131698.394
32 60 5910627.277
32 61 2680890.015
32 62 7326852.63
32 63 607132.9053
32 64 4605499.318
32 65 1353948.173
32 66 6818290.508
32 67 984364.0948
32 68 3542190.14
32 69 8201329.082
32 70 7506542.902
32 71 3409117.836
32 72 3990989.096
32 73 7868663.327
32 74 1730493.671
32 75 7834137.061
32 76 2864187.704
32 77 5232086.282
32 78 5834400.07
32 79 930557.2672
32 80 7853183.103
32 81 9202255.321
32 82 694368.6661
32 83 2430273.406
32 84 5825708.96
32 85 6540306.263
32 86 8611822.396
32 87 1052012.832
32 88 4278621.969
32 89 3411940.814
32 90 1623744.313
32 91 5460977.393
32 92 958541.852
32 93 5164982.524
32 94 4399132.3
32 95 3262334.026
32 96 5111670.162
32 97 5609161.379
32 98 5326324.124
32 99 2324159.433
33 34 2590292.191
33 35 2633407.223
33 36 3073993.185
33 37 7588057.699
33 38 3806225.042
33 39 2659386.525
33 40 6145550.028
33 41 5443505.833
33 42 4386258.677
33 43 2118983.234
33 44 2508272.495
33 45 4832812.099
33 46 4615619.911
33 47 2722181.963
33 48 8190786.186
33 49 4349596.708
33 50 6883591.728
33 51 7622697.769
33 52 9592326.435
33 53 9365281.094
33 54 5314750.101
33 55 3935279.045
33 56 5211039.424
33 57 7036461.02
33 58 4213486.148
33 59 5493332.641
33 60 6319950.128
33 61 749962.6395
33 62 7586892.908
33 63 3159991.85
33 64 3647429.469
33 65 3810035.53
33 66 7587674.057
33 67 2231206.666
33 68 4382413.717
33 69 7124713.871
33 70 9055919.237
33 71 943978.7629
33 72 1865608.308
33 73 8055658.375
33 74 4244878.7
33 75 8299043.912
33 76 2177789.878
33 77 7052476.211
33 78 4349480.629
33 79 2224424.837
33 80 6672783.732
33 81 8839889.527
33 82 3246055.786
33 83 384130.264
33 84 7431963.461
33 85 4387991.088
33 86 8776260.567
33 87 1524395.02
33 88 1794069.964
33 89 4451638.272
33 90 1015626.513
33 91 2897595.383
33 92 1757073.691
33 93 3064761.663
33 94 4819051.748
33 95 2691088.156
33 96 6872830.415
33 97 5358657.921
33 98 7406972.319
33 99 530742.3469
34 35 1316260.12
34 36 3027771.131
34 37 9074471.729
34 38 6360027.985
34 39 5132479.535
34 40 7251622.457
34 41 3149219.742
34 42 6969466.795
34 43 4709209.535
34 44 356203.501
34 45 3266805.417
34 46 4162942.009
34 47 4058890.535
34 48 9990927.934
34 49 4978778.858
34 50 6039700.935
34 51 6626865.718
34 52 9152402.016
34 53 9330633.823
34 54 6690995.624
34 55 1561025.423
34 56 3648110.336
34 57 7860673.666
34 58 5702730.171
34 59 6257107.931
34 60 7049350.809
34 61 3006158.905
34 62 8459094.197
34 63 1316026.196
34 64 5437067.265
34 65 2292491.684
34 66 7986692.682
34 67 2010898.103
34 68 4695567.675
34 69 9065518.914
34 70 8629116.905
34 71 3202666.014
34 72 4345933.335
34 73 8995463.427
34 74 1987472.877
34 75 8988301.365
34 76 3664258.566
34 77 6319113.441
34 78 6525485.564
34 79 429373.6275
34 80 8681202.674
34 81 10251209.56
34 82 1586895.169
34 83 2630568.059
34 84 6951153.449
34 85 6923510.809
34 86 9739634.647
34 87 1503009.326
34 88 4381790.107
34 89 4577549.965
34 90 1594406.767
34 91 5363571.238
34 92 949803.4543
34 93 5563021.795
34 94 5521183.175
34 95 4132932.338
34 96 6214679.319
34 97 6642589.874
34 98 6322300.676
34 99 2155288.514
35 36 1757007.824
35 37 7952258.566
35 38 6033392.356
35 39 4727708.111
35 40 6053318.667
35 41 2868553.344
35 42 6877959.988
35 43 4594674.854
35 44 1634597.846
35 45 2286577.632
35 46 2855474.854
35 47 3089417.634
35 48 8972724.058
35 49 3734764.816
35 50 4828625.563
35 51 5466547.087
35 52 7885814.883
35 53 8021596.735
35 54 5580623.53
35 55 1547086.684
35 56 2677712.907
35 57 6598221.771
35 58 4667719.449
35 59 5006331.513
35 60 5781109.101
35 61 2710837.971
35 62 7198757.362
35 63 588996.4775
35 64 4542413.821
35 65 1235430.794
35 66 6677503.32
35 67 911416.8604
35 68 3408944.271
35 69 8126868.852
35 70 7357844.547
35 71 3495536.869
35 72 4005770.7
35 73 7741895.799
35 74 1714813.085
35 75 7699340.189
35 76 2815183.954
35 77 5085333.54
35 78 5792017.095
35 79 1079001.173
35 80 7785220.812
35 81 9092832.707
35 82 612861.8537
35 83 2480390.562
35 84 5676980.55
35 85 6542245.459
35 86 8484626.409
35 87 1110706.973
35 88 4324868.6
35 89 3273331.751
35 90 1717679.849
35 91 5526365.561
35 92 1080692.77
35 93 5168551.12
35 94 4275209.344
35 95 3197194.012
35 96 4963970.042
35 97 5505196.055
35 98 5187085.559
35 99 2417569.407
36 37 6261446.465
36 38 5424631.284
36 39 4126731.954
36 40 4314476.718
36 41 3848336.177
36 42 6537075.482
36 43 4419756.586
36 44 3303483.694
36 45 2411999.165
36 46 1541971.107
36 47 1805793.987
36 48 7372638.026
36 49 1980166.572
36 50 3820299.173
36 51 4576021.461
36 52 6568146.615
36 53 6495465.581
36 54 3921640.529
36 55 3047618.703
36 56 2689789.699
36 57 4842621.202
36 58 3125831.577
36 59 3249394.495
36 60 4027043.48
36 61 2690893.579
36 62 5442820.072
36 63 2135018.066
36 64 3215890.484
36 65 1810334.663
36 66 4985468.706
36 67 1095523.595
36 68 1669279.298
36 69 6622236.478
36 70 6031056.072
36 71 4012800.901
36 72 3600856.662
36 73 5985091.122
36 74 2994071.724
36 75 5960792.07
36 76 1837634.813
36 77 3979058.34
36 78 4623408.948
36 79 2696408.108
36 80 6336417.355
36 81 7370915.252
36 82 1912800.138
36 83 2740231.545
36 84 4380470.831
36 85 5824977.182
36 86 6728033.424
36 87 1978851.653
36 88 4264826.317
36 89 1581719.554
36 90 2628615.613
36 91 5620957.487
36 92 2416618.676
36 93 4535595.449
36 94 2519252.246
36 95 1958654.128
36 96 3799095.034
36 97 3819400.267
36 98 4386595.01
36 99 3168238.3
37 38 5922443.111
37 39 5746180.43
37 40 2079359.323
37 41 9855635.448
37 42 7202800.225
37 43 6855193.032
37 44 9261847.683
37 45 8113584.703
37 46 6131487.5
37 47 5063587.231
37 48 1560470.048
37 49 4363021.982
37 50 6927214.541
37 51 7524855.58
37 52 6812185.046
37 53 5513811.807
37 54 2383486.373
37 55 9305431.736
37 56 8176709.903
37 57 2420194.717
37 58 3420812.064
37 59 3300175.498
37 60 2932820.921
37 61 6838108.719
37 62 2198921.798
37 63 8391683.808
37 64 3950282.329
37 65 7962674.241
37 66 3680043.904
37 67 7091019.91
37 68 4875969.381
37 69 1935616.216
37 70 6517117.628
37 71 8098100.309
37 72 6195653.854
37 73 2021199.272
37 74 9209853.645
37 75 2897941.235
37 76 5546219.769
37 77 6688803.186
37 78 3881044.836
37 79 8669586.52
37 80 2284732.586
37 81 1262121.313
37 82 8174113.12
37 83 7243356.225
37 84 6119349.683
37 85 5664491.749
37 86 2217987.262
37 87 7645712.07
37 88 7071358.362
37 89 5163741.253
37 90 7968766.695
37 91 7985805.9
37 92 8222068.74
37 93 5686888.455
37 94 3887819.896
37 95 5025806.003
37 96 6465755.421
37 97 2447493.748
37 98 7680270.256
37 99 8046643.925
38 39 1319897.905
38 40 5554250.454
38 41 8882755.092
38 42 1392191.13
38 43 1786451.863
38 44 6309462.409
38 45 7787326.582
38 46 6658040.739
38 47 3755806.524
38 48 5797060.233
38 49 5240715.336
38 50 8792238.156
38 51 9588738.531
38 52 10626223.17
38 53 9875764.274
38 54 4526537.796
38 55 7531902.022
38 56 8098148.76
38 57 6676477.881
38 58 3773712.231
38 59 5693012.411
38 60 6302217.881
38 61 3379204.257
38 62 7023996.321
38 63 6620683.321
38 64 2986040.957
38 65 6945183.735
38 66 7765007.902
38 67 5261281.254
38 68 5669227.151
38 69 4592540.038
38 70 10137395.06
38 71 3587547.145
38 72 2037618.347
38 73 7287301.981
38 74 7748063.975
38 75 7896014.389
38 76 3587722.445
38 77 8807770.455
38 78 2090384.229
38 79 5962759.422
38 80 4066857.66
38 81 7110632.716
38 82 6601464.103
38 83 3730096.507
38 84 8822725.402
38 85 606371.9854
38 86 7845545.423
38 87 5024166.837
38 88 2146826.575
38 89 5932707.697
38 90 4766678.951
38 91 2292544.738
38 92 5451825.341
38 93 891204.056
38 94 5385049.306
38 95 3595451.588
38 96 8573625.446
38 97 4728030.196
38 98 9501409.125
38 99 4311622.012
39 40 4925690.329
39 41 7568406.191
39 42 2455179.685
39 43 1112996.022
39 44 5114462.125
39 45 6473100.798
39 46 5417704.273
39 47 2532365.067
39 48 5972126.763
39 49 4156753.859
39 50 7606831.633
39 51 8402691.077
39 52 9648417.144
39 53 9024215.944
39 54 3909124.748
39 55 6239832.494
39 56 6788590.724
39 57 6014502.857
39 58 2953883.297
39 59 4812638.188
39 60 5514934.186
39 61 2126653.056
39 62 6443621.922
39 63 5316207.486
39 64 2135431.792
39 65 5625286.703
39 66 6966151.246
39 67 3943082.247
39 68 4523219.435
39 69 4810115.266
39 70 9141759.877
39 71 2685002.278
39 72 796211.3248
39 73 6788650.255
39 74 6442227.199
39 75 7284911.877
39 76 2298044.534
39 77 7649853.611
39 78 1964662.909
39 79 4722795.161
39 80 4309446.907
39 81 6996112.885
39 82 5288761.066
39 83 2514378.507
39 84 7737458.543
39 85 1816806.891
39 86 7421743.07
39 87 3744947.205
39 88 1373163.145
39 89 4760764.251
39 90 3553703.644
39 91 2303097.528
39 92 4203475.565
39 93 440997.2677
39 94 4387585.154
39 95 2377777.08
39 96 7422424.548
39 97 4064944.158
39 98 8293089.052
39 99 3186664.426
40 41 7795111.128
40 42 6942061.374
40 43 5946192.23
40 44 7475516.292
40 45 6042676.128
40 46 4055511.048
40 47 3442988.344
40 48 3497380.341
40 49 2352059.37
40 50 4965660.254
40 51 5623982.732
40 52 5485559.922
40 53 4460452.465
40 54 1031074.422
40 55 7326361.832
40 56 6098629.19
40 57 1123580.703
40 58 2027036.858
40 59 1220816.512
40 60 1038658.099
40 61 5415041.553
40 62 1520836.638
40 63 6446653.394
40 64 2809176.816
40 65 5943268.612
40 66 2336986.089
40 67 5241436.654
40 68 2825334.985
40 69 3270412.609
40 70 5083988.761
40 71 6817196.991
40 72 5130382.866
40 73 1923680.583
40 74 7198699.247
40 75 2362501.688
40 76 3978972.862
40 77 4765936.32
40 78 3519883.84
40 79 6868487.057
40 80 3304040.197
40 81 3070464.14
40 82 6211556.298
40 83 5771830.138
40 84 4314672.118
40 85 5510054.468
40 86 2631788.691
40 87 5905308.486
40 88 6071932.404
40 89 3099838.537
40 90 6331255.164
40 91 7223399.679
40 92 6464684.965
40 93 5026856.175
40 94 1842304.582
40 95 3456778.525
40 96 4530522.845
40 97 861697.0353
40 98 5737665.053
40 99 6538880.266
41 42 9745510.687
41 43 7459950.019
41 44 3444848.674
41 45 1781890.657
41 46 3767486.597
41 47 5609883.73
41 48 11106265.16
41 49 5510422.624
41 50 4423329.562
41 51 4688848.485
41 52 7576544.07
41 53 8224717.689
41 54 7636459.502
41 55 1588905.603
41 56 1860822.798
41 57 7978817.704
41 58 6954074.024
41 59 6591072.008
41 60 7185463.246
41 61 5579291.631
41 62 8554764.119
41 63 2297398.137
41 64 7054525.674
41 65 2045790.729
41 66 7574549.011
41 67 3632159.74
41 68 4979875.478
41 69 10436816.87
41 70 7124154.347
41 71 6226386.116
41 72 6866045.644
41 73 9110587.998
41 74 1203832.557
41 75 8799164.724
41 76 5487021.37
41 77 4787719.734
41 78 8428439.311
41 79 3346124.234
41 80 10173148.53
41 81 10837770.68
41 82 2282288.019
41 83 5333158.708
41 84 5621369.91
41 85 9373684.641
41 86 9808339.167
41 87 3954281.811
41 88 7182095.164
41 89 4695368.001
41 90 4453320.042
41 91 8336425.956
41 92 3712727.451
41 93 8007550.358
41 94 5967867.047
41 95 5749988.876
41 96 4806236.941
41 97 7491494.906
41 98 4321650.855
41 99 5132892.801
42 43 2289282.434
42 44 6852607.908
42 45 8819881.291
42 46 7869536.024
42 47 4987256.524
42 48 6909839.15
42 49 6567104.33
42 50 10060475.57
42 51 10856631.05
42 52 11997592.12
42 53 11265718.58
42 54 5915959.363
42 55 8296462.567
42 56 9154851.386
42 57 8065013.778
42 58 5158179.326
42 59 7076133.302
42 60 7693782.282
42 61 4167973.833
42 62 8402900.192
42 63 7449833.237
42 64 4360803.212
42 65 7906397.765
42 66 9156778.025
42 67 6202669.524
42 68 6963685.324
42 69 5714929.702
42 70 11503782.78
42 71 3873517.189
42 72 2953248.702
42 73 8651260.115
42 74 8568918.942
42 75 9277287.587
42 76 4733425.13
42 77 10097651.29
42 78 3451592.403
42 79 6610683.411
42 80 5195321.928
42 81 8351574.5
42 82 7475821.28
42 83 4426602.671
42 84 10155053.46
42 85 1539927.493
42 86 9189859.154
42 87 5798682.008
42 88 2593034.958
42 89 7209833.463
42 90 5400347.145
42 91 1902643.899
42 92 6134177.425
42 93 2119485.28
42 94 6743228.02
42 95 4831946.925
42 96 9868082.395
42 97 6119318.745
42 98 10748230.14
42 99 4821840.517
43 44 4618218.691
43 45 6600945.768
43 46 5860636.6
43 47 3138991.378
43 48 7071284.573
43 49 4888827.675
43 50 8124881.439
43 51 8910680.396
43 52 10407907.48
43 53 9889377.414
43 54 4948297.111
43 55 6007988.835
43 56 6950360.418
43 57 7009510.254
43 58 3933903.472
43 59 5706767.494
43 60 6454453.391
43 61 1891747.396
43 62 7466950.325
43 63 5163122.085
43 64 3137106.276
43 65 5654152.116
43 66 7882006.802
43 67 3955491.409
43 68 5163729.187
43 69 5899009.912
43 70 9888060.886
43 71 1801109.15
43 72 905389.3913
43 73 7836459.162
43 74 6280393.87
43 75 8290635.044
43 76 2742474.689
43 77 8213039.559
43 78 3067616.745
43 79 4337507.957
43 80 5391137.054
43 81 8107089.789
43 82 5196547.847
43 83 2137531.491
43 84 8399782.463
43 85 2391977.283
43 86 8486846.798
43 87 3509985.743
43 88 360651.7945
43 89 5354532.866
43 90 3125271.73
43 91 1328354.133
43 92 3851821.778
43 93 1300294.836
43 94 5200563.548
43 95 3008967.886
43 96 7998794.385
43 97 5085278.329
43 98 8760560.444
43 99 2589074.899
44 45 3622412.513
44 46 4489581.526
44 47 4217526.58
44 48 10136432.71
44 49 5230923.176
44 50 6391316.202
44 51 6981982.905
44 52 9496410.025
44 53 9656183.394
44 54 6879856.257
44 55 1865683.377
44 56 4003075.832
44 57 8116573.337
44 58 5868634.736
44 59 6509088.195
44 60 7309889.843
44 61 3000309.039
44 62 8713005.627
44 63 1671515.384
44 64 5558590.833
44 65 2647624.849
44 66 8279680.506
44 67 2252805.134
44 68 4972566.464
44 69 9184966.607
44 70 8971884.874
44 71 3031756.127
44 72 4320828.901
44 73 9244800.687
44 74 2306925.228
44 75 9261040.531
44 76 3793123.623
44 77 6668244.921
44 78 6589766.875
44 79 611383.4669
44 80 8787350.22
44 81 10452020.76
44 82 1940252.967
44 83 2600091.4
44 84 7292791.156
44 85 6884105.098
44 86 9989090.226
44 87 1627658.524
44 88 4280221.617
44 89 4868493.103
44 90 1562499.169
44 91 5194004.316
44 92 1048498.694
44 93 5537686.582
44 94 5772526.884
44 95 4280268.231
44 96 6561165.495
44 97 6842221.457
44 98 6678126.072
44 99 2033220.908
45 46 1994440.254
45 47 4214548.823
45 48 9407342.013
45 49 3806593.233
45 50 2948707.046
45 51 3423524.596
45 52 6151055.711
45 53 6621486.491
45 54 5952277.325
45 55 2088594.122
45 56 392062.4011
45 57 6197358.576
45 58 5368199.555
45 59 4830355.306
45 60 5406260.847
45 61 4731285.091
45 62 6772875.832
45 63 1969956.718
45 64 5587372.448
45 65 1051161.176
45 66 5816684.796
45 67 2656315.516
45 68 3251947.555
45 69 8802379.463
45 70 5658644.801
45 71 5738569.269
45 72 5867804.783
45 73 7328746.802
45 74 1687798.921
45 75 7028178.242
45 76 4224333.074
45 77 3281659.017
45 78 7018819.075
45 79 3232812.801
45 80 8575550.719
45 81 9070005.213
45 82 1740860.676
45 83 4609475.598
45 84 4050611.959
45 85 8214557.792
45 86 8027713.868
45 87 3331672.149
45 88 6382626.816
45 89 2951797.328
45 90 3989909.062
45 91 7670444.031
45 92 3362463.744
45 93 6896182.102
45 94 4233622.642
45 95 4369238.544
45 96 3243918.656
45 97 5791031.727
45 98 3094849.543
45 99 4683935.603
46 47 2902239.911
46 48 7461505.989
46 49 1912380.681
46 50 2287909.232
46 51 3058871.944
46 52 5085594.984
46 53 5167699.81
46 54 4043893.383
46 55 3613332.135
46 56 2048396.747
46 57 4221353.968
46 58 3623937.949
46 59 2839103.768
46 60 3420407.853
46 61 4213524.525
46 62 4805607.093
46 63 2964894.555
46 64 4026842.632
46 65 2148228.111
46 66 3977908.956
46 67 2524784.658
46 68 1329324.915
46 69 6930667.952
46 70 4550886.24
46 71 5554769.322
46 72 4998784.26
46 73 5363155.324
46 74 3361712.214
46 75 5127200.582
46 76 3148111.682
46 77 2437087.257
46 78 5482682.391
46 79 3924249.914
46 80 6750831.87
46 81 7075565.526
46 82 2678959.729
46 83 4281427.781
46 84 2878293.919
46 85 6982082.276
46 86 6075426.284
46 87 3429859.484
46 88 5738955.662
46 89 1004725.157
46 90 4111783.789
46 91 7105743.003
46 92 3771789.279
46 93 5791121.163
46 94 2275190.153
46 95 3062671.932
46 96 2259557.365
46 97 3862465.288
46 98 2900276.232
46 99 4690820.761
47 48 5933152.52
47 49 1773306.822
47 50 5075164.476
47 51 5870713.424
47 52 7276238.891
47 53 6835125.77
47 54 2697997.347
47 55 4600212.383
47 56 4476516.525
47 57 4314738.672
47 58 1652150.156
47 59 2791991.22
47 60 3611083.409
47 61 2019063.175
47 62 4865452.179
47 63 3625004.356
47 64 1463899.923
47 65 3565159.217
47 66 4933867.359
47 67 2178518.764
47 68 2028187.171
47 69 5042583.608
47 70 6753471.369
47 71 3477033.404
47 72 2235272.477
47 73 5340231.126
47 74 4649084.631
47 75 5581215.7
47 76 544753.7169
47 77 5126136.22
47 78 2823951.132
47 79 3640731.476
47 80 4695863.351
47 81 6279678.148
47 82 3481649.717
47 83 2342191.989
47 84 5265212.686
47 85 4094409.904
47 86 6066533.346
47 87 2591731.07
47 88 3110051.121
47 89 2239922.794
47 90 2918189.771
47 91 4455704.755
47 92 3170837.015
47 93 2891819.268
47 94 2162141.44
47 95 161742.1237
47 96 4902372.353
47 97 2698676.781
47 98 5762141.314
47 99 3096679.545
48 49 5602841.3
48 50 8436843.867
48 51 9056861.731
48 52 8350411.798
48 53 7019697.334
48 54 3471297.847
48 55 10409069.32
48 56 9507344.096
48 57 3977203.188
48 58 4306441.157
48 59 4691928.617
48 60 4438973.723
48 61 7455441.986
48 62 3748083.606
48 63 9460507.665
48 64 4598811.943
48 65 9143274.097
48 66 5238648.112
48 67 8076647.161
48 68 6157227.833
48 69 1204719.886
48 70 8068535.511
48 71 8549005.949
48 72 6570808.285
48 73 3508325.345
48 74 10363934.86
48 75 4389485.069
48 76 6344850.889
48 77 8212593.493
48 78 4007483.825
48 79 9570373.947
48 80 1730464.896
48 81 1838307.108
48 82 9268836.539
48 83 7883315.174
48 84 7667748.786
48 85 5400790.139
48 86 3524417.48
48 87 8509397.371
48 88 7344770.861
48 89 6466337.889
48 90 8728155.998
48 91 8032983.302
48 92 9088017.128
48 93 5799130.24
48 94 5186537.659
48 95 5859019.793
48 96 7984858.833
48 97 3617539.062
48 98 9198881.438
48 99 8689153.913
49 50 3629050.32
49 51 4414929.169
49 52 5520306.848
49 53 5068978.686
49 54 2147634.983
49 55 4974302.593
49 56 3926962.385
49 57 2885921.861
49 58 1770821.975
49 59 1278563.343
49 60 2085349.339
49 61 3712671.884
49 62 3482135.914
49 63 4101745.607
49 64 2336467.427
49 65 3601599.437
49 66 3241186.297
49 67 2978158.741
49 68 584868.8846
49 69 5022239.469
49 70 5003484.034
49 71 5183284.139
49 72 3983711.21
49 73 4016684.75
49 74 4853186.404
49 75 4062656.425
49 76 2268418.706
49 77 3596593.536
49 78 3740835.061
49 79 4619541.079
49 80 4838860.564
49 81 5421348.471
49 82 3861919.811
49 83 3966463.833
49 84 3587957.119
49 85 5455211.196
49 86 4760865.165
49 87 3742671.041
49 88 4878933.992
49 89 913875.9206
49 90 4274043.79
49 91 6213447.215
49 92 4266568.849
49 93 4448702.816
49 94 542421.5269
49 95 1886786.987
49 96 3356285.506
49 97 1985350.224
49 98 4383077.74
49 99 4632488.271
50 51 796692.3732
50 52 3203852.648
50 53 3824356.596
50 54 5391765.204
50 55 5033102.964
50 56 2668186.709
50 57 4578867.767
50 58 5370380.452
50 59 3871149.986
50 60 3999307.073
50 61 6501197.827
50 62 5026473.046
50 63 4731086.966
50 64 5961991.109
50 65 3759600.11
50 66 3672501.964
50 67 4721621.28
50 68 3133873.337
50 69 8199831.214
50 70 2720790.119
50 71 7826194.897
50 72 7248444.781
50 73 5523564.112
50 74 4635541.789
50 75 4947797.112
50 76 5389986.21
50 77 372114.5055
50 78 7366434.37
50 79 5897518.276
50 80 8147427.479
50 81 7560522.167
50 82 4453499.621
50 83 6558800.161
50 84 1235408.658
50 85 9055325.39
50 86 6095528.495
50 87 5606813.652
50 88 8016768.888
50 89 2859605.499
50 90 6302493.674
50 91 9385355.633
50 92 5858814.523
50 93 7953011.451
50 94 3695739.274
50 95 5229054.629
50 96 493557.825
50 97 5157957.046
50 98 781444.0519
50 99 6920921.081
51 52 2915230.289
51 53 3822795.26
51 54 6115773.735
51 55 5502965.736
51 56 3090330.911
51 57 5132272.642
51 58 6144596.282
51 59 4580136.009
51 60 4624751.015
51 61 7264605.594
51 62 5529543.74
51 63 5310903.001
51 64 6750307.126
51 65 4334391.474
51 66 4094666.045
51 67 5434100.711
51 68 3928007.394
51 69 8882587.592
51 70 2511828.363
51 71 8566561.971
51 72 8037719.633
51 73 5994477.351
51 74 5077706.504
51 75 5341056.932
51 76 6179623.445
51 77 864509.8126
51 78 8146838.827
51 79 6518711.331
51 80 8854155.879
51 81 8073584.927
51 82 5043692.303
51 83 7306462.666
51 84 1485086.67
51 85 9849425.335
51 86 6510705.333
51 87 6304282.597
51 88 8796592.211
51 89 3656038.057
51 90 7001427.616
51 91 10164097.53
51 92 6519978.874
51 93 8749643.207
51 94 4457096.053
51 95 6024951.661
51 96 1108305.82
51 97 5877472.189
51 98 371361.9439
51 99 7636344.081
52 53 1470799.487
52 54 6351956.141
52 55 8230906.164
52 56 5869961.746
52 57 4528646.876
52 58 6863327.948
52 59 4952895.292
52 60 4496693.261
52 61 9072976.01
52 62 4614712.392
52 63 7865760.389
52 64 7640301.867
52 65 6911396.691
52 66 3197930.388
52 67 7606052.506
52 68 5282333.374
52 69 8572984.453
52 70 537178.7795
52 71 10505462.09
52 72 9502535.048
52 73 4860721.873
52 74 7838607.011
52 75 3996666.753
52 76 7728374.474
52 77 2872640.125
52 78 8798458.455
52 79 8964808.602
52 80 8717974.191
52 81 6900875.052
52 82 7581072.537
52 83 9230706.293
52 84 2211522.519
52 85 10730813.87
52 86 5075247.059
52 87 8511897.674
52 88 10385075.61
52 89 5156441.176
52 90 9186569.674
52 91 11730269.75
52 92 8851893.332
52 93 9902588.212
52 94 5263611.727
52 95 7400348.37
52 96 2944644.93
52 97 6109281.63
52 98 3286431.603
52 99 9733636.788
53 54 5422191.526
53 55 8626705.675
53 56 6407243.823
53 57 3395571.534
53 58 6114049.968
53 59 4212653.218
53 60 3580078.445
53 61 8767503.883
53 62 3351854.192
53 63 8109150.235
53 64 6926382.703
53 65 7212245.485
53 66 2131466.619
53 67 7583542.509
53 68 4984341.615
53 69 7351253.884
53 70 1473156.385
53 71 10233755.15
53 72 8993959.782
53 73 3511409.349
53 74 8282578.084
53 75 2630442.389
53 76 7337335.058
53 77 3453053.946
53 78 7929796.605
53 79 9083760.185
53 80 7549267.509
53 81 5488688.576
53 82 7820833.061
53 83 8987891.737
53 84 2604053.725
53 85 9907520.123
53 86 3645711.453
53 87 8474236.324
53 88 9915786.719
53 89 4949259.746
53 90 9110353.149
53 91 11217019.3
53 92 8888570.786
53 93 9225695.811
53 94 4694214.225
53 95 6936509.203
53 96 3418500.455
53 97 5194232.372
53 98 4169980.39
53 99 9582714.47
54 55 6968372.842
54 56 6073299.859
54 57 2150339.511
54 58 1103164.167
54 59 1543747.612
54 60 1862526.182
54 61 4569790.051
54 62 2537034.961
54 63 6036885.65
54 64 1818952.138
54 65 5674997.629
54 66 3291018.559
54 67 4710975.548
54 68 2718827.592
54 69 2894438.159
54 70 5915909.378
54 71 5921703.36
54 72 4157548.892
54 73 2888295.881
54 74 6903331.531
54 75 3390962.456
54 76 3201661.698
54 77 5252155.462
54 78 2512692.276
54 79 6286403.881
54 80 2769409.001
54 81 3582533.683
54 82 5830510.489
54 83 4953300.189
54 84 4940703.574
54 85 4499943.89
54 86 3552678.572
54 87 5267178.309
54 88 5091689.348
54 89 3039377.032
54 90 5615083.428
54 91 6210845.334
54 92 5842130.082
54 93 3998367.415
54 94 1794057.041
54 95 2674996.058
54 96 5007508.653
54 97 247757.6255
54 98 6173138.835
54 99 5743936.667
55 56 2413844.948
55 57 7727893.895
55 58 6124985.644
55 59 6195580.203
55 60 6907336.528
55 61 4165662.222
55 62 8326195.992
55 63 977167.0792
55 64 6062125.251
55 65 1465432.97
55 66 7591127.481
55 67 2442377.988
55 68 4541868.804
55 69 9611402.351
55 70 7731800.264
55 71 4671726.827
55 72 5495062.686
55 73 8881270.113
55 74 464625.7632
55 75 8721204.886
55 76 4356680.574
55 77 5358402.726
55 78 7335965.082
55 79 1771252.604
55 80 9288573.761
55 81 10394891.92
55 82 1140250.034
55 83 3870683.914
55 84 6098020.593
55 85 8056637.986
55 86 9612619.888
55 87 2513312.112
55 88 5709594.187
55 89 4327310.563
55 90 2925747.647
55 91 6806343.323
55 92 2180114.547
55 93 6680611.366
55 94 5493870.131
55 95 4717402.759
55 96 5304298.462
55 97 6866438.612
55 98 5165025.958
55 99 3584709.34
56 57 6181948.997
56 58 5549420.114
56 59 4879129.697
56 60 5407707.686
56 61 5089903.353
56 62 6745906.166
56 63 2357833.554
56 64 5815533.267
56 65 1442511.926
56 66 5719326.482
56 67 3019365.278
56 68 3355900.41
56 69 8945260.688
56 70 5388515.214
56 71 6121256.546
56 72 6201602.89
56 73 7298381.771
56 74 1988499.737
56 75 6953222.613
56 76 4520614.844
56 77 3015346.444
56 78 7258694.923
56 79 3622501.592
56 80 8738159.861
56 81 9094856.972
56 82 2132237.51
56 83 4980426.878
56 84 3815262.896
56 85 8512131.256
56 86 7983395.74
56 87 3715960.565
56 88 6739441.964
56 89 3041613.49
56 90 4378077.069
56 91 8036778.895
56 92 3754276.321
56 93 7207129.493
56 94 4321089.642
56 95 4633974.278
56 96 3000876.559
56 97 5900492.051
56 98 2751241.195
56 99 5070792.226
57 58 3075755.913
57 59 1609674.476
57 60 821680.8066
57 61 6328492.462
57 62 601147.2459
57 63 6919498.234
57 64 3883114.002
57 65 6286225.15
57 66 1330807.209
57 67 5863943.812
57 68 3203601.763
57 69 4051718.602
57 70 4177054.119
57 71 7766820.337
57 72 6169724.609
57 73 1153403.041
57 74 7538040.463
57 75 1286023.806
57 76 4859472.259
57 77 4314224.189
57 78 4642178.935
57 79 7505195.394
57 80 4191069.278
57 81 2994460.042
57 82 6661241.485
57 83 6655342.445
57 84 3704979.515
57 85 6632195.291
57 86 1889712.159
57 87 6614402.546
57 88 7114755.02
57 89 3400583.571
57 90 7108379.133
57 91 8302694.16
57 92 7148267.646
57 93 6133909.054
57 94 2345366.831
57 95 4356976.562
57 96 4101903.947
57 97 1960543.001
57 98 5310199.964
57 99 7390303.389
58 59 1919394.757
58 60 2566394.117
58 61 3467501.844
58 62 3542670.077
58 63 5165773.227
58 64 820467.1405
58 65 4932016.344
58 66 4025358.465
58 67 3770210.01
58 68 2336763.551
58 69 3496978.857
58 70 6383995.801
58 71 4822523.575
58 72 3104563.213
58 73 3944016.324
58 74 6112582.949
58 75 4357030.932
58 76 2125539.957
58 77 5304768.57
58 78 2013329.648
58 79 5287900.458
58 80 3219635.216
58 81 4651787.16
58 82 4986465.497
58 83 3854405.354
58 84 5170147.322
58 85 3872305.535
58 86 4631519.846
58 87 4243711.33
58 88 4047552.81
58 89 2661940.423
58 90 4547958.275
58 91 5229506.234
58 92 4822645.995
58 93 3117387.663
58 94 1706943.021
58 95 1605648.497
58 96 5060034.316
58 97 1179400.128
58 98 6135405.574
58 99 4648835.73
59 60 830361.5416
59 61 4808758.03
59 62 2204005.138
59 63 5352527.52
59 64 2719924.419
59 65 4782048.039
59 66 2177361.981
59 67 4256284.562
59 68 1655546.891
59 69 4336879.447
59 70 4483876.208
59 71 6268938.428
59 72 4824623.706
59 73 2738569.715
59 74 6039879.624
59 75 2819804.161
59 76 3332195.089
59 77 3715705.863
59 78 3854501.652
59 79 5897723.496
59 80 4277305.97
59 81 4249048.625
59 82 5103134.004
59 83 5109681.117
59 84 3403550.725
59 85 5778313.904
59 86 3482606.944
59 87 5006333.205
59 88 5761782.406
59 89 1904127.037
59 90 5511406.483
59 91 7029547.155
59 92 5538631.784
59 93 5015762.87
59 94 736561.3757
59 95 2858371.768
59 96 3472187.265
59 97 1300902.063
59 98 4651967.002
59 99 5821147.086
60 61 5629896.106
60 62 1422365.94
60 63 6098124.051
60 64 3386606.498
60 65 5468130.837
60 66 1463485.408
60 67 5058639.089
60 68 2382445.352
60 69 4301006.127
60 70 4074698.638
60 71 7085582.575
60 72 5586532.453
60 73 1974658.018
60 74 6721437.693
60 75 1989704.566
60 76 4153545.805
60 77 3775212.235
60 78 4354440.589
60 79 6698704.587
60 80 4342588.289
60 81 3700631.598
60 82 5839581.952
60 83 5936593.577
60 84 3283913.016
60 85 6327913.762
60 86 2711106.849
60 87 5825879.289
60 88 6529198
60 89 2580211.457
60 90 6339289.415
60 91 7768500.484
60 92 6351897.759
60 93 5682237.097
60 94 1551164.055
60 95 3670243.924
60 96 3546105.419
60 97 1625335.522
60 98 4759927.155
60 99 6651222.011
61 62 6870443.134
61 63 3286817.624
61 64 2899064.816
61 65 3766630.531
61 66 6932695.805
61 67 2075993.084
61 68 3808700.893
61 69 6403297.629
61 70 8539252.851
61 71 1470794.71
61 72 1345994.719
61 73 7330638.618
61 74 4411003.294
61 75 7598949.115
61 76 1476619.857
61 77 6638232.274
61 78 3663657.126
61 79 2596447.995
61 80 5960685.712
61 81 8090006.148
61 82 3308022.844
61 83 434417.5941
61 84 6949844.354
61 85 3927135.829
61 86 8046809.935
61 87 1652358.218
61 88 1651835.89
61 89 3916672.081
61 90 1438425.79
61 91 2960706.674
61 92 2078635.491
61 93 2559323.398
61 94 4156378.235
61 95 1971964.26
61 96 6443901.235
61 97 4618846.524
61 98 7077184.467
61 99 1233914.812
62 63 7520459.238
62 64 4329998.275
62 65 6882097.188
62 66 1507688.599
62 67 6460204.768
62 68 3804639.63
62 69 3999414.688
62 70 4320528.653
62 71 8296252.72
62 72 6647228.701
62 73 557739.3951
62 74 8132371.355
62 75 879549.9449
62 76 5409272.587
62 77 4739689.814
62 78 4955405.949
62 79 8101629.886
62 80 4211158.071
62 81 2544098.975
62 82 7261833.972
62 83 7207606.892
62 84 4067783.292
62 85 6935016.691
62 86 1288740.989
62 87 7202800.083
62 88 7589986.457
62 89 3999139.017
62 90 7686791.543
62 91 8743002.551
62 92 7740182.629
62 93 6533315.782
62 94 2940534.804
62 95 4899133.548
62 96 4540087.422
62 97 2382317.457
62 98 5733277.63
62 99 7952581.435
63 64 5085974.266
63 65 976685.9754
63 66 6896048.797
63 67 1466106.512
63 68 3715975.955
63 69 8644981.56
63 70 7347027.79
63 71 3983786.077
63 72 4591026.488
63 73 8070631.124
63 74 1127720.511
63 75 7971513.129
63 76 3381261.314
63 77 5017903.376
63 78 6361134.828
63 79 1267625.601
63 80 8316517.901
63 81 9505831.454
63 82 288404.183
63 83 3036238.839
63 84 5675086.455
63 85 7131041.358
63 86 8809183.992
63 87 1657384.006
63 88 4884977.13
63 89 3537566.986
63 90 2195347.86
63 91 6057518.922
63 92 1482384.002
63 93 5757098.628
63 94 4633713.971
63 95 3740877.679
63 96 4922459.311
63 97 5946002.838
63 98 5006754.52
63 99 2891517.12
64 65 5008938.506
64 66 4844412.892
64 67 3631209.313
64 68 2841922.13
64 69 3628694.89
64 70 7151761.2
64 71 4158605.039
64 72 2339507.211
64 73 4705143.671
64 74 6112088.269
64 75 5159041.819
64 76 1773142.295
64 77 5932326.539
64 78 1457238.411
64 79 5010592.823
64 80 3252761.647
64 81 5208571.457
64 82 4945539.141
64 83 3315083.237
64 84 5871625.743
64 85 3136189.846
64 86 5370498.42
64 87 3939001.464
64 88 3272818.641
64 89 3145391.833
64 90 4129352.416
64 91 4419933.604
64 92 4513289.397
64 93 2300088.694
64 94 2409718.023
64 95 1345680.12
64 96 5691200.184
64 97 1948180.639
64 98 6708226.531
64 99 4122757.369
65 66 6125796.465
65 67 1703739.518
65 68 3127695.25
65 69 8425604.088
65 70 6397175.918
65 71 4702974.751
65 72 4970247.631
65 73 7438640.461
65 74 1257835.008
65 75 7259255.987
65 76 3465167.498
65 77 4053174.083
65 78 6386175.609
65 79 2208689.035
65 80 8146080.43
65 81 9012751.998
65 82 713803.0184
65 83 3608228.009
65 84 4733763.966
65 85 7407824.301
65 86 8165695.885
65 87 2295530.8
65 88 5415609.338
65 89 2890982.667
65 90 2942996.194
65 91 6674425.44
65 92 2312129.028
65 93 6058729.278
65 94 4101303.931
65 95 3706733.132
65 96 3966798.332
65 97 5549541.187
65 98 4032136.563
65 99 3639431.145
66 67 6072319.222
66 68 3332851.977
66 69 5379836.687
66 70 2853059.788
66 71 8401702.579
66 72 7001857.89
66 73 1912161.264
66 74 7330298.019
66 75 1278543.395
66 76 5463724.456
66 77 3353149.178
66 78 5800357.656
66 79 7677298.358
66 80 5520623.086
66 81 4016011.635
66 82 6617678.187
66 83 7203937.5
66 84 2613053.601
66 85 7781333.674
66 86 2425776.9
66 87 6910708.814
66 88 7939061.123
66 89 3411192.537
66 90 7486185.695
66 91 9202708.325
66 92 7393679.605
66 93 7142638.189
66 94 2776539.774
66 95 5013723.846
66 96 3178960.663
66 97 3064526.669
66 98 4329568.802
66 99 7871975.094
67 68 2743418.533
67 69 7218238.7
67 70 7070169.568
67 71 3167890.589
67 72 3269419.041
67 73 6992428.785
67 74 2551125.514
67 75 7017345.944
67 76 1915361.547
67 77 4924492.697
67 78 4895372.884
67 79 1641439.529
67 80 6874088.077
67 81 8252483.028
67 82 1371605.541
67 83 1968862.242
67 84 5402210.664
67 85 5742711.49
67 86 7736737.399
67 87 905845.1858
67 88 3727817.998
67 89 2676124.053
67 90 1589190.901
67 91 5017510.506
67 92 1322493.944
67 93 4380463.174
67 94 3519723.191
67 95 2285841.725
67 96 4766501.41
67 97 4649243.835
67 98 5200477.233
67 99 2202285.518
68 69 5601893.014
68 70 4753132.845
68 71 5263781.937
68 72 4261904.861
68 73 4354749.305
68 74 4385446.882
68 75 4293044.079
68 76 2449173.45
68 77 3138768.793
68 78 4273831.771
68 79 4364729.736
68 80 5423286.683
68 81 5889655.212
68 82 3459427.27
68 83 4006892.016
68 84 3237125.121
68 85 5921527.198
68 86 5093313.54
68 87 3579174.794
68 88 5116110.077
68 89 329294.7901
68 90 4170166.095
68 91 6473565.418
68 92 4062655.697
68 93 4846314.177
68 94 988213.4725
68 95 2167988.557
68 96 2906048.177
68 97 2544991.81
68 98 3869275.276
68 99 4604541.286
69 70 8228663.16
69 71 7426279.122
69 72 5441758.657
69 73 3922834.345
69 74 9609047.657
69 75 4780775.884
69 76 5401269.456
69 77 8020649.233
69 78 2852037.73
69 79 8639256.941
69 80 525750.2258
69 81 2776139.994
69 82 8475832.886
69 83 6835926.222
69 84 7583911.516
69 85 4199428.942
69 86 4150434.804
69 87 7567574.286
69 88 6182834.381
69 89 5926229.399
69 90 7727520.665
69 91 6834051.491
69 92 8141101.388
69 93 4616294.607
69 94 4687979.833
69 95 4948124.359
69 96 7781606.06
69 97 3097704.581
69 98 8978307.684
69 99 7635001.977
70 71 9969914.102
70 72 8982699.481
70 73 4615767.27
70 74 7346254.661
70 75 3777146.575
70 76 7200827.183
70 77 2377127.162
70 78 8337090.533
70 79 8436710.309
70 80 8349510.136
70 81 6694292.65
70 82 7061534.507
70 83 8694763.666
70 84 1680998.523
70 85 10255501.2
70 86 4901597.872
70 87 7976005.205
70 88 9860751.254
70 89 4622582.072
70 90 8650024.702
70 91 11208780.18
70 92 8318898.909
70 93 9402997.411
70 94 4762819.903
70 95 6879428.735
70 96 2432507.455
70 97 5670968.843
70 98 2878929.621
70 99 9196458.223
71 72 1984928.889
71 73 8740028.699
71 74 5022607.597
71 75 9043960.263
71 76 2939709.481
71 77 7991853.786
71 78 4581945.692
71 79 2905181.228
71 80 6943769.26
71 81 9359490.413
71 82 4102053.458
71 83 1278608.933
71 84 8357080.089
71 85 4193035.735
71 86 9444555.602
71 87 2407866.017
71 88 1440988.335
71 89 5353385.891
71 90 1788649.364
71 91 2163256.999
71 92 2516143.225
71 93 3011402.582
71 94 5625162.987
71 95 3416207.981
71 96 7809874.642
71 97 5995897.373
71 98 8350715.649
71 99 1094726.916
72 73 7039668.204
72 74 5718730.259
72 75 7454740.731
72 76 1858473.524
72 77 7326897.879
72 78 2597619.248
72 79 3940288.533
72 80 4959031.02
72 81 7456789.345
72 82 4583995.724
72 83 1721200
72 84 7498802.861
72 85 2581214.834
72 86 7709857.418
72 87 2986570.516
72 88 945188.1773
72 89 4458565.65
72 90 2761759.692
72 91 2230677.198
72 92 3424161.844
72 93 1217776.512
72 94 4301821.972
72 95 2103836.299
72 96 7109880.228
72 97 4275001.573
72 98 7898109.387
72 99 2394396.893
73 74 8689466.318
73 75 881953.3306
73 76 5881478.502
73 77 5224940.783
73 78 5200953.592
73 79 8633599.231
73 80 4198015.331
73 81 2109098.205
73 82 7813470.749
73 83 7679058.666
73 84 4518936.167
73 85 7156133.693
73 86 744310.3637
73 87 7721100.968
73 88 7977315.9
73 89 4553965.324
73 90 8190342.366
73 91 9091747.778
73 92 8263886.781
73 93 6848993.36
73 94 3474283.211
73 95 5364573.661
73 96 5033530.993
73 97 2766211.853
73 98 6213617.541
73 99 8435094.024
74 75 8488378.349
74 76 4456255.301
74 77 4969390.035
74 78 7431359.77
74 79 2150180.62
74 80 9306996.283
74 81 10268764.9
74 82 1181167.174
74 83 4146845.328
74 84 5729919.044
74 85 8256080.721
74 86 9413662.949
74 87 2770411.791
74 88 5995119.623
74 89 4147105.361
74 90 3250570.218
74 91 7134933.996
74 92 2509088.444
74 93 6882994.125
74 94 5357354.147
74 95 4776672.726
74 96 4927651.885
74 97 6786570.874
74 98 4734528.737
74 99 3929060.608
75 76 6125640.683
75 77 4622984.722
75 78 5832073.729
75 79 8651341.377
75 80 5030644.827
75 81 2917150.636
75 82 7701466.744
75 83 7916538.502
75 84 3856011.148
75 85 7813473.3
75 86 1174934.673
75 87 7804951.003
75 88 8399620.302
75 89 4436390.46
75 90 8327648.999
75 91 9578613.342
75 92 8322296.051
75 93 7388962.362
75 94 3536180.612
75 95 5629857.957
75 96 4454291.142
75 97 3220600.515
75 98 5590525.656
75 99 8638653.6
76 77 5471110.655
76 78 2980020.407
76 79 3238340.345
76 80 5022576.591
76 81 6775067.041
76 82 3275407.356
76 83 1798506.154
76 84 5672121.448
76 85 3991882.186
76 86 6605838.577
76 87 2168734.33
76 88 2670738.452
76 89 2618254.627
76 90 2422718.808
76 91 4034468.41
76 92 2745486.036
76 93 2699893.722
76 94 2687785.711
76 95 527654.0706
76 96 5256323.455
76 97 3218005.863
76 98 6044134.081
76 99 2560589.186
77 78 7312823.636
77 79 6160139.001
77 80 7989741.252
77 81 7280757.617
77 82 4736715.361
77 83 6718006.511
77 84 864458.6693
77 85 9047856.858
77 86 5778892.287
77 87 5819461.545
77 88 8120267.653
77 89 2889121.842
77 90 6511956.917
77 91 9489615.674
77 92 6097535.517
77 93 7982669.019
77 94 3608585.045
77 95 5276089.994
77 96 246100.7266
77 97 5013442.462
77 98 996080.7805
77 99 7114363.908
78 79 6096715.499
78 80 2362138.421
78 81 5104765.806
78 82 6251924.08
78 83 4097122.125
78 84 7179046.713
78 85 1990172.413
78 86 5755388.399
78 87 5031058.496
78 88 3337353.746
78 89 4585286.766
78 90 5061950.925
78 91 4114775.202
78 92 5577100.686
78 93 1823811.796
78 94 3720246.41
78 95 2679574.151
78 96 7068752.517
78 97 2735842.981
78 98 8123816.593
78 99 4873365.288
79 80 8253172.225
79 81 9853539.956
79 82 1496868.11
79 83 2233720.585
79 84 6755795.732
79 85 6520653.661
79 86 9377896.82
79 87 1074180.201
79 88 4018209.107
79 89 4266531.711
79 90 1212236.228
79 91 5052195.488
79 92 524469.8076
79 93 5155650.683
79 94 5161162.18
79 95 3711430.117
79 96 6041655.071
79 97 6243701.702
79 98 6228590.134
79 99 1827313.847
80 81 3239978.104
80 82 8159120.394
80 83 6394639.268
80 84 7604269.771
80 85 3676113.479
80 86 4496048.608
80 87 7179279.086
80 88 5680472.575
80 89 5751351.99
80 90 7308409.468
80 91 6311203.625
80 92 7748406.021
80 93 4103424.079
80 94 4551206.513
80 95 4591074.893
80 96 7747335.1
80 97 2994233.051
80 98 8928607.409
80 99 7188271.418
81 82 9275803.99
81 83 8491593.756
81 84 6608733.65
81 85 6812322.337
81 86 1850634.237
81 87 8846219.908
81 88 8328432.211
81 89 6152289.181
81 90 9194438.983
81 91 9218465.782
81 92 9419194.197
81 93 6921749.271
81 94 4911492.472
81 95 6250922.989
81 96 7077354.819
81 97 3609925.705
81 98 8275429.897
81 99 9292621.901
82 83 3090351.8
82 84 5388599.278
82 85 7097664.832
82 86 8550498.264
82 87 1723536.833
82 88 4931847.068
82 89 3271490.748
82 90 2317966.995
82 91 6139175.912
82 92 1640692.135
82 93 5728552.682
82 94 4389599.559
82 95 3605120.188
82 96 4638575.615
82 97 5731948.643
82 98 4744469.309
82 99 3018435.121
83 84 7078683.593
83 85 4293549.246
83 86 8401438.095
83 87 1378904.068
83 88 1849002.089
83 89 4083339.944
83 90 1040887.047
83 91 3066205.281
83 92 1729087.041
83 93 2938735.455
83 94 4434940.184
83 95 2315424.931
83 96 6533850.47
83 97 4991448.325
83 98 7100064.586
83 99 807929.8296
84 85 9007796.81
84 86 5025770.76
84 87 6307731.052
84 88 8342844.89
84 89 3056116.952
84 90 6986842.565
84 91 9705243.582
84 92 6640755.1
84 93 8036562.313
84 94 3469558.173
84 95 5403396.476
84 96 815961.0901
84 97 4694414.676
84 98 1748723.196
84 99 7548622.994
85 86 7674073.301
85 87 5559228.346
85 88 2752093.444
85 89 6202102.45
85 90 5333515.832
85 91 2825907.444
85 92 6005333.69
85 93 1376092.21
85 94 5542983.589
85 95 3932667.782
85 96 8809385.522
85 97 4718585.039
85 98 9782454.488
85 99 4899048.839
86 87 8463475.333
86 88 8641649.415
86 89 5286333.949
86 90 8927938.052
86 91 9722161.253
86 92 9007338.644
86 93 7456805.916
86 94 4218481.79
86 95 6086016.692
86 96 5602245.972
86 97 3452544.774
86 98 6753788.284
86 99 9162998.473
87 88 3227815.111
87 89 3543831.357
87 90 697150.2955
87 91 4415659.197
87 92 579425.5863
87 93 4184149.352
87 94 4274987.359
87 95 2652617.354
87 96 5665941.01
87 97 5239905.071
87 98 6057174.403
87 99 1361931.148
88 89 5288206.58
88 90 2807371.032
88 91 1369380.612
88 92 3541886.153
88 93 1620557.707
88 94 5221583.162
88 95 2992214.708
88 96 7911469.283
88 97 5214827.459
88 98 8633430.767
88 99 2247707.399
89 90 4164190.107
89 91 6652714.031
89 92 3998118.682
89 93 5097307.969
89 94 1282665.666
89 95 2388002.019
89 96 2663103.837
89 97 2860212.871
89 98 3580558.29
89 99 4638516.169
90 91 3885306.496
90 92 745731.0783
90 93 3979453.055
90 94 4792016.392
90 95 2943966.433
90 96 6355564.134
90 97 5614958.717
90 98 6753805.308
90 99 700507.3452
91 92 4629868.188
91 93 2298996.319
91 94 6528911.242
91 95 4329929.787
91 96 9280521.769
91 97 6361832.313
91 98 9997531.16
91 99 3225162.603
92 93 4637676.956
92 94 4803948.825
92 95 3231943.856
92 96 5961024.292
92 97 5811093.33
92 98 6249881.035
92 99 1421491.204
93 94 4640233.305
93 95 2733307.338
93 96 7751846.08
93 97 4173786.612
93 98 8651122.003
93 99 3587690.806
94 95 2251202.666
94 96 3362947.278
94 97 1596063.486
94 98 4470362.874
94 99 5125260.959
95 96 5051092.164
95 97 2690492.115
95 98 5919035.132
95 99 3085853.553
96 97 4769174.974
96 98 1214637.879
96 99 6947871.019
97 98 5939400.628
97 99 5773629.594
98 99 7399823.73
