4950
0 1 1326726.389
0 2 6994208.85
0 3 5127165.356
0 4 5692901.928
0 5 4752260.649
0 6 1979263.126
0 7 5670602.264
0 8 2304643.057
0 9 4915833.22
0 10 2832309.684
0 11 5510736.817
0 12 2352759.216
0 13 2932452.11
0 14 5035087.181
0 15 6715735.301
0 16 5851960.127
0 17 2280435.934
0 18 4885254.57
0 19 4594174.163
0 20 4729010.832
0 21 3873558.536
0 22 3411719.929
0 23 3873691.341
0 24 4921888.513
0 25 3705484.053
0 26 5642711.666
0 27 2017093.879
0 28 5466049.911
0 29 4549995.106
0 30 4899530.431
0 31 4682988.491
0 32 5697264.559
0 33 2704262.771
0 34 1779507.547
0 35 5188134.287
0 36 7018852.123
0 37 3244300.781
0 38 5737479.533
0 39 6389568.999
0 40 7232710.739
0 41 4409415.95
0 42 4566501.812
0 43 3678067.895
0 44 1280237.193
0 45 3999049.581
0 46 4251741.437
0 47 6182641.543
0 48 1912976.406
0 49 2680492.025
0 50 6956287.045
0 51 2453653.938
0 52 697291.3949
0 53 2051409.738
0 54 3739415.971
0 55 1438940.962
0 56 3114051.484
0 57 501667.2371
0 58 4005814.406
0 59 4468402.146
0 60 7023005.803
0 61 4126887.251
0 62 4966354.961
0 63 7365927.616
0 64 4610103.872
0 65 3180622.361
0 66 3552756.131
0 67 3585985.468
0 68 7505099.239
0 69 4358900.433
0 70 3726878.133
0 71 1620533.183
0 72 1768157.588
0 73 3589006.413
0 74 2469111.133
0 75 5675535.137
0 76 1969250.846
0 77 4615413.936
0 78 4398153.063
0 79 6360291.59
0 80 3572084.9
0 81 4755155.999
0 82 4108439.476
0 83 4265724.033
0 84 1784652.734
0 85 3886046.546
0 86 5750701.259
0 87 2860670.541
0 88 2157735.446
0 89 2793946.674
0 90 2934067.932
0 91 5918120.266
0 92 3338004.67
0 93 6222064.031
0 94 6575107.663
0 95 4298909.826
0 96 7069759.762
0 97 5696918.953
0 98 6707978.562
0 99 4044433.332
1 2 8283009.398
1 3 4406646.636
1 4 5544544.587
1 5 5169548.043
1 6 1491118.683
1 7 6236041.653
1 8 1244167.56
1 9 4951534.875
1 10 2201432.241
1 11 4731701.994
1 12 2572083.983
1 13 3983323.577
1 14 5441814.457
1 15 7348705.124
1 16 7148302.4
1 17 2864969.759
1 18 5363312.299
1 19 5808867.146
1 20 5984613.842
1 21 2609756.814
1 22 4456577.496
1 23 4211761.091
1 24 5934052.959
1 25 4099487.85
1 26 6273115.015
1 27 1768384.055
1 28 6791873.379
1 29 3998622.864
1 30 5214439.449
1 31 5514836.935
1 32 4520215.892
1 33 2186126.105
1 34 470010.2713
1 35 4499877.918
1 36 7568406.714
1 37 4452254.467
1 38 6431580.766
1 39 7108818.741
1 40 7707567.033
1 41 4676102.005
1 42 3610271.917
1 43 4798693.203
1 44 1203229.402
1 45 3182849.331
1 46 5422195.443
1 47 4962828.573
1 48 1167543.128
1 49 3108880.7
1 50 7127596.331
1 51 3766048.799
1 52 1993880.624
1 53 864498.4138
1 54 3083538.684
1 55 2635579.067
1 56 4388888.015
1 57 1074440.27
1 58 4406860.901
1 59 3811909.24
1 60 7069999.274
1 61 2834011.055
1 62 6269324.182
1 63 8669824.79
1 64 3981831.059
1 65 4441271.272
1 66 4407664.913
1 67 4761433.118
1 68 8123841.013
1 69 4981133.096
1 70 4362559.509
1 71 2500737.544
1 72 3045946.692
1 73 3921757.241
1 74 2062243.359
1 75 6833905.197
1 76 1380786.28
1 77 5197639.974
1 78 5669753.451
1 79 6294409.197
1 80 3262070.809
1 81 5772207.629
1 82 5127681.095
1 83 4783181.78
1 84 2607304.755
1 85 3799462.275
1 86 5330784.603
1 87 3533107.534
1 88 1106774.475
1 89 3637524.9
1 90 2748003.983
1 91 7244433.951
1 92 4663260.477
1 93 7530187.513
1 94 7866174.852
1 95 5611079.557
1 96 8319300.666
1 97 6974416.415
1 98 7460779.886
1 99 4486713.094
2 3 10238898.29
2 4 8874195.422
2 5 8731715.564
2 6 8707194.67
2 7 6034444.182
2 8 9270095.669
2 9 7911871.426
2 10 9476052.757
2 11 10678860.7
2 12 8146645.121
2 13 6078991.858
2 14 8910870.929
2 15 5951132.448
2 16 1152437.689
2 17 6301107.282
2 18 6298574.509
2 19 4704263.824
2 20 4235642.415
2 21 10541753.19
2 22 4361105.9
2 23 8538179.961
2 24 3682913.982
2 25 8319859.61
2 26 5713500.817
2 27 8546239.102
2 28 2409185.527
2 29 9418872.351
2 30 9124878.651
2 31 4730867.104
2 32 11964418.41
2 33 8382930.127
2 34 8690531.658
2 35 10194981.18
2 36 6514228.129
2 37 5169508.797
2 38 5400139.826
2 39 5373389.43
2 40 6997291.752
2 41 7005773.821
2 42 10414097.21
2 43 5579348.362
2 44 7530629.561
2 45 9678712.797
2 46 5142489.841
2 47 12549355.44
2 48 8797306.133
2 49 7878608.067
2 50 8298706.26
2 51 4892971.393
2 52 6300984.646
2 53 8810331.979
2 54 9173218.386
2 55 5667190.475
2 56 3895211.242
2 57 7221574.543
2 58 8429260.426
2 59 9628302.032
2 60 8860205.653
2 61 10861768.82
2 62 3433149.68
2 63 566187.8903
2 64 9649963.901
2 65 3852128.664
2 66 5000310.167
2 67 3723908.884
2 68 6330498.594
2 69 7876297.955
2 70 5738525.058
2 71 6063065.268
2 72 5237534.605
2 73 6716270.678
2 74 8119089.367
2 75 2311042.998
2 76 8174412.394
2 77 5857039.458
2 78 4143560.304
2 79 8937353.04
2 80 8346127.338
2 81 3721740.052
2 82 6114684.965
2 83 8192818.542
2 84 6060832.092
2 85 7920080.213
2 86 9787746.491
2 87 5867735.539
2 88 8759209.84
2 89 6843453.904
2 90 9042061.099
2 91 2141827.655
2 92 3961438.368
2 93 922888.6077
2 94 421539.8184
2 95 2741762.687
2 96 789363.5284
2 97 1323925.249
2 98 5251137.378
2 99 6377422.047
3 4 2518378.498
3 5 9576127.132
3 6 5792850.807
3 7 5310737.697
3 8 5089110.655
3 9 2873952.511
3 10 6256377.757
3 11 443282.1957
3 12 6978302.419
3 13 8050430.531
3 14 9847869.499
3 15 6334095.413
3 16 9307081.699
3 17 4105647.51
3 18 4502630.636
3 19 9513353.797
3 20 9535363.745
3 21 3039383.282
3 22 5900929.853
3 23 8616820.304
3 24 6746983.028
3 25 8506058.817
3 26 5561149.546
3 27 6126799.329
3 28 9668002.645
3 29 821735.4581
3 30 9612109.979
3 31 5785850.908
3 32 2534311.408
3 33 2428836.094
3 34 4094170.251
3 35 157926.0458
3 36 6203198.521
3 37 8228970.179
3 38 5893593.592
3 39 6469680.14
3 40 6049625.273
3 41 3529314.022
3 42 1220841.665
3 43 8749356.143
3 44 3851743.485
3 45 1240958.25
3 46 9256897.022
3 47 3101786.094
3 48 5396262.616
3 49 7508523.138
3 50 4600645.435
3 51 7178664.184
3 52 5389412.797
3 53 3619219.695
3 54 1388149.398
3 55 5422273.54
3 56 6856439.896
3 57 4625543.643
3 58 8813501.434
3 59 679629.5231
3 60 4164275.026
3 61 3296139.533
3 62 9531807.005
3 63 10760269.66
3 64 598505.6539
3 65 6809616.727
3 66 5242686.13
3 67 6613303.669
3 68 6884942.937
3 69 9358676.666
3 70 4550252.274
3 71 4681799.672
3 72 5936525.79
3 73 3551672.388
3 74 2683988.785
3 75 8103553.53
3 76 3176584.84
3 77 4759242.575
3 78 9164250.283
3 79 3249740.663
3 80 1923957.866
3 81 6651972.76
3 82 9226122.972
3 83 9182449.666
3 84 4582007.757
3 85 2345473.135
3 86 1506938.554
3 87 4395928.289
3 88 3317080.577
3 89 7895009.397
3 90 7047943.468
3 91 10054125.74
3 92 7783327.997
3 93 9784216.544
3 94 9888482.833
3 95 8159567.453
3 96 9933029.298
3 97 8979304.977
3 98 6861064.27
3 99 4010800.496
4 5 10443192.87
4 6 7035351.236
4 7 3171393.746
4 8 6580965.368
4 9 1005625.799
4 10 7701269.302
4 11 2777592.47
4 12 7950892.93
4 13 8327151.127
4 14 10725789.92
4 15 4029489.313
4 16 8129623.72
4 17 3752300.53
4 18 2602236.27
4 19 9333426.36
4 20 9230145.198
4 21 5197627.824
4 22 4882606.29
4 23 9545889.158
4 24 5195778.94
4 25 9388315.064
4 26 3475391.802
4 27 7290822.994
4 28 8881874.824
4 29 2054524.201
4 30 10573771.37
4 31 4148741.662
4 32 5052479.74
4 33 3393596.345
4 34 5419988.302
4 35 2373118.54
4 36 3802109.822
4 37 8225325.729
4 38 3831424.341
4 39 4288348.235
4 40 3587792.35
4 41 1918443.55
4 42 3595263.713
4 43 8849904.979
4 44 4530784.636
4 45 3182542.86
4 46 9209377.159
4 47 5617288.973
4 48 6698559.608
4 49 8358589.492
4 50 2084509.534
4 51 7042832.701
4 52 5641590.115
4 53 5010125.127
4 54 2840080.856
4 55 5318718.186
4 56 6194043.374
4 57 5250800.567
4 58 9691840.749
4 59 2447445.326
4 60 1709074.988
4 61 5519176.121
4 62 9014819.847
4 63 9430931.043
4 64 2288866.588
4 65 6098947.793
4 66 4082143.214
4 67 5649593.757
4 68 4478873.984
4 69 10031270.72
4 70 3279735.799
4 71 4546019.467
4 72 5736402.871
4 73 2516261.211
4 74 3483065.453
4 75 6587197.001
4 76 4167520.224
4 77 3019919.997
4 78 8848043.887
4 79 804161.4553
4 80 2291488.691
4 81 5152579.917
4 82 9443621.724
4 83 9957358.132
4 84 4380174.602
4 85 1807306.101
4 86 1171742.062
4 87 3629128.1
4 88 4681624.637
4 89 8409167.937
4 90 8282827.498
4 91 9193842.78
4 92 7363453.565
4 93 8617379.024
4 94 8585944.965
4 95 7334311.989
4 96 8415854.139
4 97 7749445.56
4 98 4655524.029
4 99 2583435.374
5 6 3862782.257
5 7 10066395.48
5 8 4732785.506
5 9 9660023.629
5 10 3742706.221
5 11 9894568.296
5 12 2598073.15
5 13 2850370.199
5 14 282931.2718
5 15 10967414.5
5 16 7711565.501
5 17 6911487.465
5 18 9411033.815
5 19 4119547.281
5 20 4584392.366
5 21 7302781.661
5 22 7222235.891
5 23 968550.829
5 24 8548628.279
5 25 1072585.041
5 26 9958019.877
5 27 3496686.431
5 28 6369187.293
5 29 9138386.179
5 30 413383.0431
5 31 8759522.487
5 32 9283280.251
5 33 7281651.324
5 34 5504001.124
5 35 9668890.908
5 36 11372046.39
5 37 3658122.426
5 38 9954534.592
5 39 10522121.19
5 40 11667799.44
5 41 9092242.98
5 42 8718653.124
5 43 3156611.439
5 44 5943338.868
5 45 8348555.29
5 46 3624862.959
5 47 9565645.265
5 48 4272339.533
5 49 2095690.202
5 50 11637010.95
5 51 4485409.765
5 52 4921071.835
5 53 5978028.141
5 54 8242147.307
5 55 5505660.876
5 56 6045557.179
5 57 5195858.512
5 58 764146.4024
5 59 8975653.842
5 60 11750981.16
5 61 7351680.137
5 62 5360203.896
5 63 8813097.264
5 64 9141621.791
5 65 6189566.45
5 66 7733485.562
5 67 6916303.19
5 68 11740954.29
5 69 859053.2759
5 70 8177712.323
5 71 6129640.625
5 72 5343510.076
5 73 8268191.156
5 74 7096693.577
5 75 8630792.93
5 76 6469246.367
5 77 9054620.227
5 78 4601761.67
5 79 11110831.31
5 80 8269655.877
5 81 8393059.181
5 82 2642285.238
5 83 582731.5045
5 84 6312346.532
5 85 8635887.319
5 86 10425669.11
5 87 7362954.955
5 88 6264597.759
5 89 2290048.407
5 90 2750995.321
5 91 6743239.578
5 92 5100402.001
5 93 7809335.997
5 94 8357968.591
5 95 6343021.982
5 96 9208919.058
5 97 7820262.522
5 98 10759592.85
5 99 8640602.083
6 7 7543928.601
6 8 927463.6542
6 9 6424479.002
6 10 853051.7615
6 11 6081607.95
6 12 1346075.218
6 13 3426899.94
6 14 4120110.365
6 15 8623971.088
6 16 7554776.989
6 17 4122580.729
6 18 6707962.075
6 19 5432201.187
6 20 5712552.349
6 21 3469068.184
6 22 5387271.41
6 23 2894678.669
6 24 6897997.462
6 25 2826400.967
6 26 7545580.894
6 27 378301.7995
6 28 6880721.425
6 29 5451596.85
6 30 3846994.019
6 31 6647407.816
6 32 5460599.528
6 33 3671173.652
6 34 1703435.365
6 35 5898866.204
6 36 8890065.05
6 37 4142910.326
6 38 7665942.245
6 39 8329000.436
6 40 9065344.077
6 41 6094073.29
6 42 4869299.306
6 43 4284548.961
6 44 2601235.244
6 45 4552724.727
6 46 4964963.275
6 47 5793466.674
6 48 409618.931
6 49 1963973.214
6 50 8583535.538
6 51 3859024.673
6 52 2615370.401
6 53 2175449.572
6 54 4522868.381
6 55 3394906.497
6 56 4931732.007
6 57 2114715.651
6 58 3121090.985
6 59 5235692.168
6 60 8547968.584
6 61 3560581.321
6 62 6171375.799
6 63 9020211.293
6 64 5412383.823
6 65 5022164.54
6 66 5517139.538
6 67 5511361.651
6 68 9409739.168
6 69 3836516.917
6 70 5618577.235
6 71 3567714.657
6 72 3634438.612
6 73 5309715.056
6 74 3553361.109
6 75 7593534.045
6 76 2871303.928
6 77 6490305.883
6 78 5463638.146
6 79 7782384.659
6 80 4752877.173
6 81 6730957.808
6 82 4425243.347
6 83 3562692.617
6 84 3717225.204
6 85 5282148.923
6 86 6801064.513
6 87 4757204.936
6 88 2488761.97
6 89 2842240.362
6 90 1267227.02
6 91 7338744.234
6 92 4814909.356
6 93 7871564.508
6 94 8285770.134
6 95 5966004.998
6 96 8872579.755
6 97 7456481.382
6 98 8658592.603
6 99 5839158.681
7 8 7473584.626
7 9 2449026.056
7 10 8367270.75
7 11 5681677.115
7 12 7980348.45
7 13 7426328.102
7 14 10340138.6
7 15 1144485.776
7 16 5509638.681
7 17 3421782.447
7 18 923052.0385
7 19 7753083.81
7 20 7508983.88
7 21 7133246.498
7 22 3014968.669
7 23 9330838.523
7 24 2462834.782
7 25 9128880.276
7 26 326328.3303
7 27 7660212.41
7 28 6631059.306
7 29 4570736.989
7 30 10309110.11
7 31 1559982.793
7 32 7685595.39
7 33 4726780.188
7 34 6356675.971
7 35 5202501.015
7 36 1348745.769
7 37 6986876.478
7 38 675504.2253
7 39 1158989.408
7 40 1601501.985
7 41 1881399.871
7 42 6050138.868
7 43 7664189.2
7 44 5033287.26
7 45 5397403.34
7 46 7802221.168
7 47 8293138.388
7 48 7338502.654
7 49 8177333.816
7 50 2282551.066
7 51 5822406.809
7 52 5248228.2
7 53 6126069.441
7 54 4879462.038
7 55 4574041.244
7 56 4459153.334
7 57 5432405.564
7 58 9397052.88
7 59 4926772.927
7 60 2825761.888
7 61 7495044.695
7 62 7062488.348
7 63 6600626.724
7 64 4848051.286
7 65 4320625.128
7 66 2351058.046
7 67 3631589.21
7 68 1893131.84
7 69 9441143.693
7 70 1944541.055
7 71 4064371.075
7 72 4734463.336
7 73 2385746.8
7 74 4612003.776
7 75 3732302.203
7 76 5152549.982
7 77 1056002.852
7 78 7151244.279
7 79 3000118.125
7 80 3937850.195
7 81 2497859.781
7 82 8339143.674
7 83 9504598.051
7 84 3891482.762
7 85 3202172.136
7 86 4293022.183
7 87 2809985.235
7 88 5865177.344
7 89 7796213.414
7 90 8603585.092
7 91 6837874.925
7 92 5726697.214
7 93 5976793.428
7 94 5815160.231
7 95 5195314.328
7 96 5466600.601
7 97 5102084.026
7 98 1551013.232
7 99 1773849.031
8 9 6077322.823
8 10 1168076.909
8 11 5341173.796
8 12 2270248.702
8 13 4295885.454
8 14 4980455.61
8 15 8590002.323
8 16 8121514.051
8 17 4108846.131
8 18 6593742.628
8 19 6275280.351
8 20 6528683.838
8 21 2570567.938
8 22 5640514.64
8 23 3770495.456
8 24 7134698.455
8 25 3720494.612
8 26 7515337.747
8 27 1302693.1
8 28 7581714.55
8 29 4842797.956
8 30 4681877.909
8 31 6751284.501
8 32 4556466.751
8 33 3189375.113
8 34 1175943.215
8 35 5207489.196
8 36 8801575.3
8 37 4955987.005
8 38 7675686.23
8 39 8352985.046
8 40 8929439.928
8 41 5873801.673
8 42 4082355.161
8 43 5152687.606
8 44 2441549.539
8 45 3853248.443
8 46 5825015.356
8 47 4873098.887
8 48 575864.4639
8 49 2889894.954
8 50 8274974.856
8 51 4527321.383
8 52 3000234.002
8 53 1573201.738
8 54 3907007.833
8 55 3730355.957
8 56 5410838.151
8 57 2230840.569
8 58 4007323.34
8 59 4583776.745
8 60 8171771.857
8 61 2641381.33
8 62 6935833.53
8 63 9619380.789
8 64 4767273.678
8 65 5482270.656
8 66 5637860.922
8 67 5880783.378
8 68 9363334.31
8 69 4753222.5
8 70 5606643.35
8 71 3708727.923
8 72 4069300.703
8 73 5140924.038
8 74 3135555.422
8 75 7968358.174
8 76 2461879.253
8 77 6438649.635
8 78 6258207.4
8 79 7356980.548
8 80 4293195.142
8 81 6970830.463
8 82 5330370.479
8 83 4465621.357
8 84 3827788.716
8 85 4906859.223
8 86 6216085.415
8 87 4776088.313
8 88 1903306.125
8 89 3750322.308
8 90 2022272.346
8 91 8040047.583
8 92 5473766.459
8 93 8470471.708
8 94 8849330.844
8 95 6547365.036
8 96 9370089.026
8 97 7985400.56
8 98 8704570.849
8 99 5717047.627
9 10 7147685.051
9 11 3234498.348
9 12 7231076.487
9 13 7430688.463
9 14 9942929.665
9 15 3461889.681
9 16 7141304.582
9 17 2837957.961
9 18 1719980.385
9 19 8360759.962
9 20 8245463.929
9 21 5074538.621
9 22 3877042.683
9 23 8789332.381
9 24 4247093.701
9 25 8620603.395
9 26 2717405.49
9 27 6646280.729
9 28 7876265.563
9 29 2177133.695
9 30 9815360.248
9 31 3207719.838
9 32 5316494.946
9 33 2929902.177
9 34 4901416.057
9 35 2759629.222
9 36 3363709.016
9 37 7282026.084
9 38 3062166.909
9 39 3606426.959
9 40 3271442.067
9 41 918695.57
9 42 3722035.481
9 43 7917809.486
9 44 3844653.178
9 45 3148788.66
9 46 8253337.868
9 47 5914352.391
9 48 6119004.867
9 49 7596285.625
9 50 2206006.461
9 51 6090940.318
9 52 4787284.762
9 53 4540410.882
9 54 2687601.048
9 55 4399025.662
9 56 5195150.405
9 57 4508161.612
9 58 8919486.203
9 59 2557916.733
9 60 2126903.55
9 61 5421988.349
9 62 8015823.205
9 63 8464902.63
9 64 2452765.23
9 65 5097932.193
9 66 3077572.715
9 67 4644084.077
9 68 4041518.081
9 69 9202786.356
9 70 2275281.397
9 71 3642860.782
9 72 4791887.081
9 73 1538815.756
9 74 2943830.098
9 75 5641902.896
9 76 3616255.686
9 77 2085973.964
9 78 7863753.054
9 79 1467336.059
9 80 1875380.393
9 81 4193005.515
9 82 8526527.454
9 83 9154845.046
9 84 3469651.086
9 85 1174509.252
9 86 1915256.02
9 87 2648463.661
9 88 4224727.557
9 89 7561423.458
9 90 7640804.49
9 91 8189241.17
9 92 6376489.37
9 93 7629358.842
9 94 7613536.706
9 95 6328698.071
9 96 7479922.824
9 97 6765321.875
9 98 3994572.904
9 99 1580607.818
10 11 6503323.345
10 12 1616665.398
10 13 3936251.615
10 14 3968984.074
10 15 9456174.463
10 16 8325013.283
10 17 4950087.404
10 18 7519043
10 19 5959405.645
10 20 6280429.37
10 21 3632512.575
10 22 6239292.682
10 23 2814130.19
10 24 7750028.386
10 25 2812469.01
10 26 8377389.005
10 27 929856.7757
10 28 7566901.704
10 29 6004460.866
10 30 3636210.516
10 31 7496788.057
10 32 5579873.887
10 33 4309210.318
10 34 2283375.159
10 35 6375356.038
10 36 9710707.605
10 37 4734787.515
10 38 8504919.407
10 39 9170694.508
10 40 9873769.706
10 41 6870182.874
10 42 5233552.041
10 43 4777930.578
10 44 3376574.185
10 45 5021211.767
10 46 5465361.056
10 47 5832054.998
10 48 1040103.158
10 49 2196601.118
10 50 9328611.001
10 51 4595293.863
10 52 3463006.8
10 53 2718074.767
10 54 5068386.297
10 55 4244293.965
10 56 5747188.358
10 57 2951370.216
10 58 3068865.128
10 59 5750554.39
10 60 9260286.144
10 61 3639079.984
10 62 6801132.216
10 63 9768904.093
10 64 5933593.848
10 65 5842797.89
10 66 6366917.908
10 67 6350828.741
10 68 10240149.7
10 69 3906722.667
10 70 6450851.001
10 71 4416086.205
10 72 4468204.6
10 73 6101133.408
10 74 4227735.083
10 75 8428229.61
10 76 3543499.853
10 77 7316197.777
10 78 6063587.712
10 79 8466669.737
10 80 5409780.928
10 81 7582910.71
10 82 4809870.736
10 83 3565337.23
10 84 4562942.076
10 85 5988019.764
10 86 7374968.71
10 87 5592974.493
10 88 3047575.689
10 89 3254679.119
10 90 998326.985
10 91 8022318.382
10 92 5547096.234
10 93 8623779.606
10 94 9055402.019
10 95 6735379.068
10 96 9669678.332
10 97 8244327.739
10 98 9503428.71
10 99 6646162.937
11 12 7297191.011
11 13 8440030.547
11 14 10163704.71
11 15 6681874.523
11 16 9749710.027
11 17 4547001.405
11 18 4894171.16
11 19 9930876.06
11 20 9959602.183
11 21 3145887.611
11 22 6343277.128
11 23 8931319.283
11 24 7175616.924
11 25 8827549.613
11 26 5940652.068
11 27 6424736.571
11 28 10108689.41
11 29 1259990.21
11 30 9917225.967
11 31 6206475.558
11 32 2338916.973
11 33 2826658.037
11 34 4395008.881
11 35 494285.3743
11 36 6526299.109
11 37 8639018.116
11 38 6277766.296
11 39 6840101.946
11 40 6349910.68
11 41 3931100.351
11 42 1315326.351
11 43 9150367.309
11 44 4241880.576
11 45 1549450.878
11 46 9666825.591
11 47 2867320.605
11 48 5679659.893
11 49 7840142.802
11 50 4838595.645
11 51 7600191.708
11 52 5796423.767
11 53 3919537.33
11 54 1785465.426
11 55 5849753.64
11 56 7297385.217
11 57 5009301.782
11 58 9133939.407
11 59 1109653.365
11 60 4360974.925
11 61 3365636.937
11 62 9965182.183
11 63 11201249.29
11 64 1041485.651
11 65 7251380.192
11 66 5681210.129
11 67 7056487.764
11 68 7208021.049
11 69 9702611.265
11 70 4982349.691
11 71 5114687.418
11 72 6365885.407
11 73 3984689.628
11 74 3089151.394
11 75 8536501.198
11 76 3548247.727
11 77 5166747.283
11 78 9589734.46
11 79 3461088.889
11 80 2366986.616
11 81 7082790.166
11 82 9616306.053
11 83 9514643.866
11 84 5017709.548
11 85 2776420.9
11 86 1672703.374
11 87 4838806.711
11 88 3630378.68
11 89 8263161.356
11 90 7325862.315
11 91 10495852.48
11 92 8216039.378
11 93 10227072.9
11 94 10329568.71
11 95 8601797.732
11 96 10368079.7
11 97 9421148.3
11 98 7228983.876
11 99 4431229.172
12 13 2347108.166
12 14 2869732.535
12 15 8988647.883
12 16 7009449.447
12 17 4627579.063
12 18 7223453.787
12 19 4363201.135
12 20 4703841.328
12 21 4809753.39
12 22 5440720.43
12 23 1640463.761
12 24 6916255.502
12 25 1530804.058
12 26 7928150.244
12 27 968232.7715
12 28 6096011.3
12 29 6553766.114
12 30 2652643.638
12 31 6869248.842
12 32 6801751.876
12 33 4706726.09
12 34 2911275.465
12 35 7071935.656
12 36 9323696.485
12 37 3191256.166
12 38 7991000.104
12 39 8619563.451
12 40 9559084.06
12 41 6760063.255
12 42 6133410.56
12 43 3174406.101
12 44 3420405.733
12 45 5750619.222
12 46 3861049.688
12 47 7139533.221
12 48 1741412.863
12 49 621228.6245
12 50 9304260.428
12 51 3272534.59
12 52 2741579.212
12 53 3383592.477
12 54 5649814.881
12 55 3478332.023
12 56 4639337.739
12 57 2723306.649
12 58 1836755.539
12 59 6381471.269
12 60 9350890.452
12 61 4906641.951
12 62 5269941.133
12 63 8390178.225
12 64 6549195.46
12 65 4758008.366
12 66 5759343.638
12 67 5374787.386
12 68 9777892.319
12 69 2494213.961
12 70 6038192.814
12 71 3917950.683
12 72 3524561.682
12 73 5941061.874
12 74 4536612.752
12 75 7374924.604
12 76 3891077.096
12 77 6930670.528
12 78 4511541.441
12 79 8653586.861
12 80 5726364.534
12 81 6749764.904
12 82 3195065.953
12 83 2240495.284
12 84 4093973.708
12 85 6151033.211
12 86 7859694.961
12 87 5178743.546
12 88 3666897.482
12 89 1640068.442
12 90 897778.9068
12 91 6544322.197
12 92 4185389.055
12 93 7261326.461
12 94 7731379.916
12 95 5438853.897
12 96 8422803.098
12 97 6980783.809
12 98 8911755.168
12 99 6392488.22
13 14 3089749.493
13 15 8247333.338
13 16 4993416.597
13 17 4592739.897
13 18 6869617.423
13 19 2023370.217
13 20 2357531.992
13 21 6570868.32
13 22 4475739.734
13 23 2470863.496
13 24 5728730.644
13 25 2249084.827
13 26 7281915.68
13 27 3111315.852
13 28 3856788.01
13 29 7439174.605
13 30 3193539.069
13 31 6027406.679
13 32 8503526.626
13 33 5621967.068
13 34 4442127.077
13 35 8105363.806
13 36 8687125.296
13 37 915912.2702
13 38 7239708.552
13 39 7770089.751
13 40 9019506.021
13 41 6726420.524
13 42 7484931.716
13 43 857926.2319
13 44 4199145.265
13 45 6931311.595
13 46 1539400.049
13 47 8936595.74
13 48 3720292.451
13 49 1899879.57
13 50 9207121.777
13 51 1660805.921
13 52 2721825.289
13 53 4835194.826
13 54 6662485.277
13 55 3040103.087
13 56 3212956.091
13 57 3432518.811
13 58 2391066.405
13 59 7384924.414
13 60 9417327.405
13 61 6755773.228
13 62 2959846.19
13 63 6246147.183
13 64 7519264.164
13 65 3359051.601
13 66 5075681.413
13 67 4096246.341
13 68 9004858.036
13 69 2084677.604
13 70 5630954.092
13 71 3788400.827
13 72 2726834.537
13 73 5928654.075
13 74 5373718.518
13 75 5784295.188
13 76 4901654.972
13 77 6466481.447
13 78 2184233.111
13 79 8896564.46
13 80 6397718.311
13 81 5577329.143
13 82 1176320.447
13 83 2269332.156
13 84 3961081.624
13 85 6568399.771
13 86 8562849.037
13 87 4896896.73
13 88 5014710.071
13 89 780677.0376
13 90 3206776.685
13 91 4288287.317
13 92 2266536.249
13 93 5162898.841
13 94 5681294.28
13 95 3534960.594
13 96 6475100.744
13 97 5052610.75
13 98 7982867.4
13 99 6186012.59
14 15 11235787.18
14 16 7904811.24
14 17 7193058.613
14 18 9688901.86
14 19 4266873.266
14 20 4735400.561
14 21 7548517.228
14 22 7486075.617
14 23 1232542.219
14 24 8801994.721
14 25 1350026.615
14 26 10229471.12
14 27 3757041.729
14 28 6535371.162
14 29 9415177.423
14 30 412677.5041
14 31 9025838.578
14 32 9525049.396
14 33 7559637.702
14 34 5771081.071
14 35 9941639.01
14 36 11643390.21
14 37 3874977.509
14 38 10222997.71
14 39 10787116.18
14 40 11941623.92
14 41 9374047.948
14 42 8981872.017
14 43 3348860.319
14 44 6224443.505
14 45 8618716.428
14 46 3784071.828
14 47 9798608.995
14 48 4529705.782
14 49 2376136.095
14 50 11918394.79
14 51 4734790.912
14 52 5202326.353
14 53 6245668.194
14 54 8517036.469
14 55 5782550.774
14 56 6294416.997
14 57 5478032.166
14 58 1041826.614
14 59 9249923.601
14 60 12033565.78
14 61 7590349.165
14 62 5519991.923
14 63 8978023.765
14 64 9416535.671
14 65 6439120.514
14 66 8004845.16
14 67 7168946.318
14 68 12008029.73
14 69 1042489.029
14 70 8454743.185
14 71 6410277.223
14 72 5614090.969
14 73 8550087.573
14 74 7376083.151
14 75 8860843.05
14 76 6746655.701
14 77 9330485.788
14 78 4771776.941
14 79 11393754.51
14 80 8550370.537
14 81 8647348.8
14 82 2802295.581
14 83 840097.9334
14 84 6592978.578
14 85 8918484.195
14 86 10705010.56
14 87 7641956.658
14 88 6534528.112
14 89 2555421.518
14 90 2984194.391
14 91 6899904.378
14 92 5326777.796
14 93 7989609.724
14 94 8542139.587
14 95 6559018.612
14 96 9402703.515
14 97 8023615.617
14 98 11021540.76
14 99 8920623.681
15 16 5638743.269
15 17 4506841.685
15 18 2066905.913
15 19 8347130.992
15 20 8054399.115
15 21 8271488.089
15 22 3771747.884
15 23 10275480.32
15 24 2783088.586
15 25 10067370.93
15 26 1078801.037
15 27 8722265.852
15 28 6952984.216
15 29 5628219.85
15 30 11231374.6
15 31 2219945.539
15 32 8761763.841
15 33 5870689.762
15 34 7484627.978
15 35 6215859.952
15 36 566968.0898
15 37 7721836.298
15 38 1012900.248
15 39 592688.2481
15 40 1046999.124
15 41 3004433.129
15 42 7139711.637
15 43 8396641.297
15 44 6148498.184
15 45 6505368.904
15 46 8458047.471
15 47 9364906.155
15 48 8434501.534
15 49 9145541.459
15 50 2573012.699
15 51 6603989.896
15 52 6247091.545
15 53 7263831.223
15 54 5994956.572
15 55 5533064.466
15 56 5136268.009
15 57 6509255.579
15 58 10324529.36
15 59 5997244.839
15 60 3221789.386
15 61 8632789.026
15 62 7521205.806
15 63 6507483.489
15 64 5905465.947
15 65 4990263.255
15 66 3249166.782
15 67 4255685.239
15 68 789854.2743
15 69 10301525.8
15 70 3005602.309
15 71 5096651.097
15 72 5626437.921
15 73 3528675.393
15 74 5756316.554
15 75 3764712.431
15 76 6291793.897
15 77 2151370.704
15 78 7717456.608
15 79 3671587.87
15 80 5061963.676
15 81 2881073.693
15 82 9080437.586
15 83 10396207.2
15 84 4931213.431
15 85 4318089.798
15 86 5193482.989
15 87 3867703.463
15 88 7006258.757
15 89 8680801.96
15 90 9647994.026
15 91 7091398.577
15 92 6370786.276
15 93 6069193.426
15 94 5805406.762
15 95 5643128.276
15 96 5285405.328
15 97 5230761.468
15 98 748877.8423
15 99 2913654.711
16 17 5287449.392
16 18 5622232.278
16 19 3799100.821
16 20 3347988.772
16 21 9448092.718
16 22 3407265.341
16 23 7462600.012
16 24 3053640.571
16 25 7241810.906
16 26 5204910.345
16 27 7395160.483
16 28 1616621.709
16 29 8493106.969
16 30 8095934.223
16 31 4063973.075
16 32 10926032.11
16 33 7348866.524
16 34 7562125.84
16 35 9273938.725
16 36 6204470.678
16 37 4095488.099
16 38 4930932.556
16 39 5046213.284
16 40 6676036.112
16 41 6223532.452
16 42 9405844.958
16 43 4556479.627
16 44 6431711.871
16 45 8675167.842
16 46 4187354.897
16 47 11502793.03
16 48 7645938.234
16 49 6758889.511
16 50 7791487.335
16 51 3747374.582
16 52 5160984.757
16 53 7696828.774
16 54 8182628.619
16 55 4546440.071
16 56 2769164.113
16 57 6092387.433
16 58 7366786.674
16 59 8677017.742
16 60 8305559.505
16 61 9761935.681
16 62 2566205.723
16 63 1531909.71
16 64 8712052.516
16 65 2737912.64
16 66 4120564.159
16 67 2706849.035
16 68 6140542.211
16 69 6863758.071
16 70 4898777.038
16 71 4984863.377
16 72 4102749
16 73 5840505.165
16 74 7079407.099
16 75 1880358.556
16 76 7094216.791
16 77 5155417.736
16 78 3188537.307
16 79 8277966.099
16 80 7393621.967
16 81 3045302.283
16 82 5134514.745
16 83 7159222.104
16 84 4996735.161
16 85 7025113.675
16 86 8969524.504
16 87 4911640.538
16 88 7658424.259
16 89 5746407.098
16 90 7903156.927
16 91 1556022.454
16 92 2825782.904
16 93 488101.6918
16 94 730997.621
16 95 1589824.202
16 96 1497897.917
16 97 410081.9219
16 98 5007809.436
16 99 5571432.474
17 18 2607737.3
17 19 5631422.974
17 20 5575293.551
17 21 4407105.836
17 22 1971196.024
17 23 6088614.529
17 24 3257524.163
17 25 5903699.816
17 26 3428088.113
17 27 4242341.779
17 28 5562913.111
17 29 3325142.083
17 30 7101782.783
17 31 2678012.221
17 32 5666865.219
17 33 2089437.957
17 34 3063237.3
17 35 4098273.863
17 36 4769024.329
17 37 4477893.038
17 38 3570111.977
17 39 4245273.938
17 40 4961384.107
17 41 2182039.986
17 42 4119113.349
17 43 5097755.064
17 44 1689416.26
17 45 3387719.118
17 46 5473330.021
17 47 6257395.016
17 48 3928016.727
17 49 4902209.83
17 50 4725811.755
17 51 3307524.079
17 52 1991630.888
17 53 2944442.943
17 54 2900200.592
17 55 1566702.453
17 56 2751102.098
17 57 2010810.31
17 58 6192371.114
17 59 3444985.509
17 60 4860403.779
17 61 4756248.952
17 62 5476453.721
17 63 6788595.174
17 64 3507999.668
17 65 2704810.589
17 66 1625087.865
17 67 2584275.703
17 68 5290087.185
17 69 6401997.586
17 70 1503942.75
17 71 806287.173
17 72 1997991.807
17 73 1360297.873
17 74 1836142.113
17 75 4400989.063
17 76 2061203.948
17 77 2367725.84
17 78 5194627.033
17 79 4304043.98
17 80 2188347.322
17 81 3110821.288
17 82 5694251.963
17 83 6383839.166
17 84 631714.7167
17 85 2074831.814
17 86 4154006.28
17 87 672810.501
17 88 2762858.895
17 89 4748300.161
17 90 5197542.01
17 91 5949027.904
17 92 3746696.118
17 93 5750348.775
17 94 5921126.174
17 95 4057033.969
17 96 6123126.437
17 97 4995389.713
17 98 4595811.16
17 99 1764936.678
18 19 7412360.538
18 20 7216678.845
18 21 6212286.227
18 22 2662752.562
18 23 8634796.059
18 24 2616283.123
18 25 8440080.364
18 26 1090924.992
18 27 6844712.346
18 28 6553743.749
18 29 3732715.25
18 30 9631553.339
18 31 1570438.325
18 32 6816259.911
18 33 3803846.547
18 34 5463109.994
18 35 4405702.508
18 36 2209336.889
18 37 6521613.901
18 38 1399642.857
18 39 2025422.859
18 40 2357766.071
18 41 992435.3307
18 42 5172074.625
18 43 7192759.825
18 44 4160637.485
18 45 4503300.782
18 46 7402820.278
18 47 7426631.156
18 48 6484088.814
18 49 7462473.592
18 50 2402426.894
18 51 5329060.493
18 52 4523055.303
18 53 5218271.87
18 54 3979197.329
18 55 3908014.847
18 56 4112176.327
18 57 4609161.411
18 58 8718199.371
18 59 4072368.131
18 60 2776180.101
18 61 6574342.887
18 62 6856261.504
18 63 6859747.27
18 64 4007925.524
18 65 3987032.328
18 66 1881241.791
18 67 3380921.913
18 68 2801051.368
18 69 8829265.622
18 70 1241076.538
18 71 3314925.436
18 72 4144150.261
18 73 1472298.173
18 74 3691709.509
18 75 3997668.417
18 76 4243056.021
18 77 481786.5189
18 78 6845221.141
18 79 2656119.384
18 80 3031092.586
18 81 2591001.61
18 82 7852032.323
18 83 8861327.651
18 84 3135172.319
18 85 2307674.74
18 86 3631732.02
18 87 2056442.64
18 88 4951946.131
18 89 7171183.172
18 90 7804848.88
18 91 6814708.747
18 92 5374243.944
18 93 6105824.27
18 94 6028695.414
18 95 5044193.172
18 96 5817611.118
18 97 5228348.579
18 98 2421596.155
18 99 876775.8506
19 20 471741.1612
19 21 8418453.918
19 22 4764643.079
19 23 4135475.014
19 24 5592473.005
19 25 3941499.924
19 26 7536366.237
19 27 5127967.665
19 28 2297719.973
19 29 8817434.884
19 30 4527719.693
19 31 6213722.679
19 32 10288762.82
19 33 7118782.925
19 34 6278342.278
19 35 9543850.755
19 36 8858687.195
19 37 1356895.209
19 38 7399858.641
19 39 7797257.381
19 40 9261213.997
19 41 7534631.092
19 42 9119157.29
19 43 1193912.996
19 44 5755270.653
19 45 8496658.931
19 46 527127.0361
19 47 10761183.24
19 48 5703205.255
19 49 3873098.264
19 50 9814775.836
19 51 2344802.757
19 52 4156931.054
19 53 6622145.907
19 54 8150131.086
19 55 4123535.316
19 56 3306678.24
19 57 5059605.402
19 58 3966962.211
19 59 8834187.543
19 60 10144689.27
19 61 8634948.788
19 62 1272174.366
19 63 4725248.181
19 64 8943632.966
19 65 3439315.626
19 66 5531316.473
19 67 4125486.839
19 68 9032018.771
19 69 3262942.92
19 70 6251426.857
19 71 4901129.433
19 72 3640056.979
19 73 6822981.564
19 74 6847923.094
19 75 5154681.853
19 76 6498739.028
19 77 6951467.61
19 78 654433.3702
19 79 9780295.179
19 80 7705548.104
19 81 5476483.144
19 82 1482840.834
19 83 3629424.516
19 84 5038115.564
19 85 7705563.735
19 86 9779862.399
19 87 5712473.795
19 88 6751104.33
19 89 2740530.018
19 90 5202790.216
19 91 2637333.576
19 92 2038627.222
19 93 3797251.192
19 94 4364078.664
19 95 2803727.263
19 96 5273484.24
19 97 4005556.63
19 98 7917692.909
19 99 6908738.979
20 21 8587334.332
20 22 4555403.281
20 23 4570984.086
20 24 5282254.339
20 25 4372211.247
20 26 7279603.63
20 27 5424512.722
20 28 1827640.335
20 29 8817886.266
20 30 4991287.527
20 31 5957442.053
20 32 10422895.13
20 33 7167862.502
20 34 6454491.719
20 35 9558167.349
20 36 8576265.284
20 37 1572984.095
20 38 7125778.868
20 39 7494890.07
20 40 8989919.825
20 41 7397519.772
20 42 9199657.553
20 43 1579099.672
20 44 5838004.107
20 45 8557143.401
20 46 966599.5289
20 47 10911462.51
20 48 5962085.737
20 49 4242629.63
20 50 9615611.488
20 51 2364473.61
20 52 4237808.156
20 53 6775268.399
20 54 8188055.242
20 55 4116249.811
20 56 3106645.142
20 57 5175007.88
20 58 4410663.854
20 59 8855804.907
20 60 9970369.075
20 61 8818347.282
20 62 802498.3515
20 63 4253538.243
20 64 8957025.757
20 65 3229659.233
20 66 5341884.089
20 67 3878626.093
20 68 8721937.661
20 69 3726592.61
20 70 6086649.386
20 71 4878603.437
20 72 3611673.027
20 73 6714009.918
20 74 6892763.651
20 75 4765333.096
20 76 6585480.568
20 77 6748154.006
20 78 382278.7356
20 79 9644375.387
20 80 7694049.07
20 81 5174592.37
20 82 1943412.025
20 83 4086868.888
20 84 5003494.73
20 85 7647967.714
20 86 9729018.72
20 87 5601042.293
20 88 6883721.391
20 89 3107531.128
20 90 5562061.928
20 91 2166321.935
20 92 1870102.229
20 93 3331512.423
20 94 3899437.486
20 95 2448282.519
20 96 4814103.513
20 97 3569617.017
20 98 7597815.328
20 99 6758554.752
21 22 6348038.407
21 23 6341063.372
21 24 7654697.756
21 25 6288477.764
21 26 7283255.934
21 27 3846679.008
21 28 9289285.285
21 29 3160028.129
21 30 7241783.546
21 31 6952517.585
21 32 1992001.867
21 33 2447841.307
21 34 2140896.466
21 35 3188876.539
21 36 8318109.669
21 37 7061708.423
21 38 7541492.123
21 39 8210093.186
21 40 8305511.132
21 41 5274421.253
21 42 1836351.107
21 43 7398800.66
21 44 3016959.239
21 45 2018048.456
21 46 8029741.044
21 47 2368452.993
21 48 3068388.774
21 49 5419871.91
21 50 7198165.866
21 51 6323594.033
21 52 4461009.755
21 53 1824782.129
21 54 2395866.594
21 55 4927229.41
21 56 6692898.067
21 57 3477161.21
21 58 6577236.105
21 59 2786725.073
21 60 6905311.924
21 61 362983.7869
21 62 8838283.118
21 63 10979687.08
21 64 2966163.364
21 65 6712153.269
21 66 6007986.752
21 67 6851239.4
21 68 8966318.703
21 69 7303732.34
21 70 5629694.064
21 71 4482340.869
21 72 5417045.14
21 73 4802571.91
21 74 2632296.003
21 75 8795168.64
21 76 2381033.434
21 77 6248828.155
21 78 8265503.459
21 79 5998864.387
21 80 3240749.985
21 81 7512446.858
21 82 7692477.353
21 83 7030085.887
21 84 4500725.474
21 85 3994143.164
21 86 4456880.958
21 87 5016086.034
21 88 1795780.406
21 89 6153382.425
21 90 4574854.213
21 91 9732833.858
21 92 7177055.158
21 93 9869199.773
21 94 10137999.65
21 95 7992150.507
21 96 10459597.76
21 97 9217828.018
21 98 8600390.492
21 99 5420460.858
22 23 6579520.027
22 24 1510739.416
22 25 6364600.977
22 26 2832694.909
22 27 5384163.805
22 28 3999378.795
22 29 5086009.583
22 30 7503757.674
22 31 1551828.898
22 32 7630887.494
22 33 4059399.505
22 34 4769276.347
22 35 5866710.97
22 36 4221958.173
22 37 3978115.565
22 38 2766078.737
22 39 3302079.259
22 40 4577721.706
22 41 2970789.097
22 42 6058673.109
22 43 4655605.613
22 44 3442653.497
22 45 5321965.827
22 46 4790506.678
22 47 8224756.115
22 48 5314164.115
22 49 5499922.209
22 50 5060208.237
22 51 2835186.967
22 52 2786880.695
22 53 4760024.605
22 54 4812889.784
22 55 2004171.872
22 56 1457969.078
22 57 3410451.87
22 58 6606701.513
22 59 5276402.323
22 60 5428591.611
22 61 6689799.501
22 62 4205897.867
22 63 4868126.671
22 64 5306904.012
22 65 1327452.288
22 66 811492.1211
22 67 767256.4258
22 68 4530958.577
22 69 6535853.145
22 70 1607446.443
22 71 1965186.834
22 72 1931606.526
22 73 2462254.503
22 74 3807269.324
22 75 2448490.005
22 76 3972147.954
22 77 2192753.427
22 78 4185834.069
22 79 5178440.721
22 80 3992622.622
22 81 1343699.273
22 82 5334356.291
22 83 6646031
22 84 1890660.606
22 85 3625053.681
22 86 5616184.073
22 87 1509384.223
22 88 4633840.071
22 89 4932191.177
22 90 6204212.631
22 91 4316794.754
22 92 2727461.862
22 93 3887059.876
22 94 3996220.091
22 95 2453225.064
22 96 4152766.672
22 97 3080363.994
22 98 3540176.038
22 99 2305592.942
23 24 7971313.604
23 25 224671.4022
23 26 9243182.156
23 27 2528135.694
23 28 6256471.991
23 29 8192593.197
23 30 1027914.233
23 31 8090280.586
23 32 8324807.402
23 33 6341583.198
23 34 4538551.089
23 35 8711535.171
23 36 10654945.94
23 37 3369950.881
23 38 9264457.343
23 39 9857154.099
23 40 10928295.9
23 41 8259452.058
23 42 7750807.232
23 43 3018455.987
23 44 5026545.121
23 45 7386718.295
23 46 3611053.646
23 47 8617370.304
23 48 3304166.337
23 49 1193386.59
23 50 10808902.86
23 51 3977552.382
23 52 4114270.893
23 53 5013127.352
23 54 7290215.146
23 55 4757132.402
23 56 5516476.637
23 57 4295780.923
23 58 262452.7787
23 59 8021915.92
23 60 10895090.4
23 61 6397326.61
23 62 5291866.879
23 63 8680532.83
23 64 8189621.405
23 65 5654424.666
23 66 7027037.369
23 67 6354257.2
23 68 11057431.42
23 69 1181977.304
23 70 7414218.567
23 71 5326705.87
23 72 4660474.092
23 73 7434995.551
23 74 6164549.319
23 75 8190468.44
23 76 5526913.491
23 77 8300952.763
23 78 4507539.157
23 79 10229724.39
23 80 7346768.311
23 81 7810533.512
23 82 2684118.587
23 83 780789.4434
23 84 5508644.796
23 85 7740012.317
23 86 9491787.849
23 87 6578677.808
23 88 5302515.806
23 89 1751442.067
23 90 1815950.598
23 91 6665615.551
23 92 4719177.442
23 93 7618481.684
23 94 8144946.228
23 95 5997705.941
23 96 8945927.252
23 97 7522415.622
23 98 10116030.11
23 99 7838736.317
24 25 7751697.679
24 26 2167545.079
24 27 6892373.455
24 28 4205039.587
24 29 5928171.602
24 30 8855490.787
24 31 1048170.096
24 32 8748738.576
24 33 5263228.987
24 34 6221785.527
24 35 6682664.361
24 36 3322457.281
24 37 5090657.108
24 38 1926517.749
24 39 2214064.169
24 40 3762673.763
24 41 3356257.744
24 42 7120860.028
24 43 5751269.44
24 44 4866157.74
24 45 6388703.967
24 46 5740309.37
24 47 9356393.65
24 48 6821130.47
24 49 6935352.958
24 50 4741111.956
24 51 4070057.989
24 52 4295395.533
24 53 6170734.25
24 54 5855718.377
24 55 3512060.662
24 56 2518169.21
24 57 4904205.151
24 58 7976361.94
24 59 6190034.749
24 60 5252525.097
24 61 8007383.048
24 62 4738178.827
24 63 4243522.26
24 64 6180659.064
24 65 2371067.853
24 66 1648263.669
24 67 1633350.401
24 68 3440742.249
24 69 7813130.111
24 70 2203135.158
24 71 3433349.378
24 72 3391722.376
24 73 3200564.229
24 74 5040275.054
24 75 1394841.923
24 76 5318068.939
24 77 2176087.351
24 78 4953832.991
24 79 5262977.738
24 80 4944543.73
24 81 167605.3393
24 82 6436002.248
24 83 7966728.702
24 84 3333561.657
24 85 4401636.142
24 86 6144768.743
24 87 2640733.109
24 88 6012255.952
24 89 6272244.233
24 90 7698831.093
24 91 4386343.812
24 92 3671506.036
24 93 3527363.534
24 94 3415385.03
24 95 2860256.15
24 96 3235410.323
24 97 2648984.966
24 98 2328101.407
24 99 2762786.779
25 26 9037978.249
25 27 2453562.245
25 28 6045208.9
25 29 8065859.351
25 30 1198537.848
25 31 7878774.274
25 32 8276793.967
25 33 6209665.418
25 34 4441472.673
25 35 8597892.031
25 36 10450435.85
25 37 3150753.876
25 38 9055849.564
25 39 9645673.938
25 40 10727390.75
25 41 8078271.058
25 42 7661617.83
25 43 2812472.394
25 44 4878000.67
25 45 7280401.768
25 46 3415722.314
25 47 8583334.251
25 48 3234163.566
25 49 1030176.533
25 50 10627067.72
25 51 3753466.319
25 52 3923410.101
25 53 4914246.478
25 54 7169843.097
25 55 4554857.786
25 56 5293629.111
25 57 4137730.662
25 58 308460.3136
25 59 7903625.462
25 60 10721633.72
25 61 6357127.418
25 62 5085829.08
25 63 8466080.001
25 64 8069293.94
25 65 5431864.732
25 66 6819798.037
25 67 6133232.129
25 68 10848415.46
25 69 1110001.374
25 70 7216509.703
25 71 5136165.131
25 72 4448553.278
25 73 7253627.638
25 74 6026395.326
25 75 7965971.412
25 76 5396906.714
25 77 8101779.408
25 78 4300607.661
25 79 10065299.52
25 80 7202545.271
25 81 7591213.154
25 82 2502764.539
25 83 753934.5505
25 84 5318433.335
25 85 7581408.443
25 86 9355240.731
25 87 6384752.112
25 88 5197171.133
25 89 1526777.634
25 90 1817516.327
25 91 6456923.45
25 92 4495070.245
25 93 7400704.378
25 94 7925691.49
25 95 5774000.098
25 96 8724120.745
25 97 7299674.49
25 98 9902336.373
25 99 7649368.515
26 27 7646304.306
26 28 6354804.39
26 29 4806436.646
26 30 10210839.81
26 31 1323003.102
26 32 7903777.965
26 33 4857354.527
26 34 6416777.452
26 35 5457405.099
26 36 1414056.657
26 37 6810763.118
26 38 356598.8498
26 39 934852.8812
26 40 1745036.722
26 41 2080847.503
26 42 6261369.621
26 43 7488227.444
26 44 5074304.987
26 45 5594217.46
26 46 7602659.576
26 47 8513454.698
26 48 7355874.419
26 49 8101554.262
26 50 2593832.178
26 51 5660467.176
26 52 5188080.94
26 53 6207577.125
26 54 5069661.632
26 55 4489244.793
26 56 4258136.911
26 57 5430881.943
26 58 9300826.431
26 59 5153727.766
26 60 3147552.205
26 61 7645925.07
26 62 6812718.021
26 63 6279633.803
26 64 5082937.792
26 65 4116756.406
26 66 2224625.97
26 67 3410894.442
26 68 1864676.481
26 69 9314570.767
26 70 1927025.06
26 71 4025608.701
26 72 4615701.37
26 73 2496135.756
26 74 4726465.074
26 75 3414555.648
26 76 5239415.018
26 77 1080438.68
26 78 6926429.852
26 79 3323769.618
26 80 4120324.396
26 81 2212980.149
26 82 8166955.422
26 83 9391617.197
26 84 3858137.026
26 85 3398516.998
26 86 4584629.37
26 87 2790231.938
26 88 5957588.399
26 89 7678742.794
26 90 8576224.413
26 91 6551311.205
26 92 5519877.956
26 93 5669113.269
26 94 5498548.074
26 95 4938953.039
26 96 5141422.879
26 97 4796438.002
26 98 1330800.654
26 99 1875012.316
27 28 6654703.766
27 29 5760030.793
27 30 3493933.665
27 31 6698807.033
27 32 5838391.099
27 33 3953664.181
27 34 2032714.389
27 35 6229240.972
27 36 9008724.588
27 37 3862485.699
27 38 7750441.561
27 39 8405363.61
27 40 9201631.623
27 41 6273074.491
27 42 5225820.585
27 43 3966376.985
27 44 2803473.554
27 45 4888859.259
27 46 4650618.847
27 47 6171514.687
27 48 781266.5065
27 49 1587218.563
27 50 8784622.412
27 51 3667640.822
27 52 2597293.541
27 53 2508059.003
27 54 4837032.875
27 55 3380393.727
27 56 4828736.964
27 57 2235763.183
27 58 2750452.676
27 59 5556987.473
27 60 8772909.426
27 61 3938657.488
27 62 5912492.886
27 63 8840866.626
27 64 5731239.177
27 65 4927593.071
27 66 5569034.46
27 67 5455440.112
27 68 9510628.405
27 69 3458287.38
27 70 5722770.994
27 71 3634759.459
27 72 3568384.342
27 73 5475204.339
27 74 3818429.076
27 75 7523946.037
27 76 3143800.508
27 77 6604345.889
27 78 5189345.254
27 79 8026078.517
27 80 5020171.951
27 81 6724827.585
27 82 4078353.84
27 83 3186824.727
27 84 3794099.668
27 85 5519233.91
27 86 7098546.688
27 87 4856869.65
27 88 2812574.559
27 89 2495996.487
27 90 994902.0647
27 91 7111322.999
27 92 4620721.155
27 93 7695138.917
27 94 8125565.108
27 95 5805522.442
27 96 8742399.936
27 97 7315568.981
27 98 8725052.219
27 99 5983789.599
28 29 8885673.662
28 30 6769708.74
28 31 5089602.119
28 32 10960819.58
28 33 7472692.177
28 34 7244431.624
28 35 9660856.917
28 36 7507317.791
28 37 2945027.897
28 38 6131000.446
28 39 6365646.302
28 40 7959549.444
28 41 6969305.055
28 42 9561362.946
28 43 3246683.935
28 44 6326202.063
28 45 8859839.614
28 46 2752526.622
28 47 11501814.39
28 48 7051158.701
28 49 5735903.976
28 50 8871672.411
28 51 3056504.836
28 52 4832958.258
28 53 7472573.706
28 54 8416387.372
28 55 4415564.893
28 56 2811825.961
28 57 5816487.681
28 58 6123876.759
28 59 9003523.713
28 60 9320475.591
28 61 9567962.839
28 62 1025546.067
28 63 2443914.128
28 64 9070722.656
28 65 2865726.534
28 66 4804192.567
28 67 3232825.766
28 68 7532507.611
28 69 5510422.73
28 70 5605286.193
28 71 5047085.711
28 72 3899704.53
28 73 6428449.686
28 74 7192794.082
28 75 3323892.964
28 76 7052391.31
28 77 6072072.171
28 78 1768312.757
28 79 9156081.356
28 80 7750475.185
28 81 4143397.979
28 82 3733086.187
28 83 5847427.348
28 84 5116028.034
28 85 7527412.118
28 86 9575740.364
28 87 5368459.92
28 88 7504103.949
28 89 4637273.063
28 90 6989623.735
28 91 458574.6739
28 92 2128950.455
28 93 1515644.334
28 94 2085586.4
28 95 1549631.058
28 96 3017708.497
28 97 1925365.282
28 98 6389353.796
28 99 6303540.031
29 30 9205188.731
29 31 4974299.204
29 32 3139364.045
29 33 1864678.984
29 34 3754278.443
29 35 781617.3616
29 36 5539955.081
29 37 7558379.993
29 38 5130676.615
29 39 5726583.328
29 40 5427424.641
29 41 2747532.249
29 42 1568366.028
29 43 8103998.15
29 44 3271642.358
29 45 1143398.17
29 46 8584476.279
29 47 3738317.955
29 48 5072989.995
29 49 7049467.66
29 50 4110106.288
29 51 6474366.466
29 52 4739473.793
29 53 3294472.208
29 54 936074.7197
29 55 4702408.966
29 56 6074348.453
29 57 4053377.064
29 58 8374319.491
29 59 397292.319
29 60 3762264.957
29 61 3472328.971
29 62 8782028.05
29 63 9941589.665
29 64 277526.4714
29 65 6022240.777
29 66 4421522.067
29 67 5804332.147
29 68 6218461.487
29 69 8860757.171
29 70 3729709.99
29 71 3943326.901
29 72 5207803.813
29 73 2730863.42
29 74 2081620.052
29 75 7282384.453
29 76 2670192.254
29 77 3964833.562
29 78 8443079.993
29 79 2848083.176
29 80 1137636.267
29 81 5831839.602
29 82 8609795.987
29 83 8713647.074
29 84 3831348.474
29 85 1526894.947
29 86 1377674.438
29 87 3584374.656
29 88 2969967.834
29 89 7341881.339
29 90 6718623.535
29 91 9265369.466
29 92 7038005.124
29 93 8971522.78
29 94 9069994.712
29 95 7367944.441
29 96 9111341.351
29 97 8162492.391
29 98 6120882.705
29 99 3201057.073
30 31 9031902.666
30 32 9209204.154
30 33 7359282.991
30 34 5522478.9
30 35 9710243.777
30 36 11624493.97
30 37 4026338.041
30 38 10218759.36
30 39 10797530.27
30 40 11909223.57
30 41 9276800.141
30 42 8716271.882
30 43 3546129.749
30 44 6053179.836
30 45 8377476.218
30 46 4029787.22
30 47 9467865.926
30 48 4255148.733
30 49 2219248.41
30 50 11825540.01
30 51 4805899.281
30 52 5119412.834
30 53 5998100.694
30 54 8297257.322
30 55 5737345.399
30 56 6364238.331
30 57 5323684.756
30 58 913413.7147
30 59 9026303.134
30 60 11918803.33
30 61 7270526.319
30 62 5763767.969
30 63 9213461.368
30 64 9196049.78
30 65 6506692.952
30 66 7988538.463
30 67 7226202.036
30 68 12009022.06
30 69 1264814.161
30 70 8404595.036
30 71 6331965.369
30 72 5605272.695
30 73 8452154.604
30 74 7186407.566
30 75 8977667.834
30 76 6543710.213
30 77 9287375.088
30 78 5001549.947
30 79 11257082.29
30 80 8371408.552
30 81 8697991.561
30 82 3048126.824
30 83 937731.2975
30 84 6514390.387
30 85 8767926.549
30 86 10511709.63
30 87 7577532.36
30 88 6295067.136
30 89 2583302.38
30 90 2667102.918
30 91 7147437.442
30 92 5455250.176
30 93 8202140.228
30 94 8748228.356
30 95 6708279.318
30 96 9592332.293
30 97 8196571.694
30 98 11043864.32
30 99 8845445.814
31 32 7893459.71
31 33 4514182.164
31 34 5738865.124
31 35 5712222.913
31 36 2678341.162
31 37 5514629.582
31 38 1216163.512
31 39 1766905.517
31 40 3054455.599
31 41 2330482.337
31 42 6248882.498
31 43 6191170.608
31 44 4363682.214
31 45 5528373.128
31 46 6286174.525
31 47 8505225.842
31 48 6511091.674
31 49 6981834.952
31 50 3783509.47
31 51 4385452.492
31 52 4142484.384
31 53 5616029.305
31 54 4990823.707
31 55 3391026.64
31 56 2944252.51
31 57 4560366.669
31 58 8129130.427
31 59 5259887.979
31 60 4257543.948
31 61 7312240.18
31 62 5502506.682
31 63 5290911.022
31 64 5235167.967
31 65 2801148.159
31 66 1130585.76
31 67 2088481.279
31 68 2982986.838
31 69 8084083.092
31 70 1332463.662
31 71 3080948.574
31 72 3430241.452
31 73 2283702.801
31 74 4320537.453
31 75 2438670.884
31 76 4698542.19
31 77 1128857.299
31 78 5603537.95
31 79 4222978.065
31 80 4052756.796
31 81 1022263.994
31 82 6873035.28
31 83 8185817.497
31 84 2939439.501
31 85 3451544.806
31 86 5113375.271
31 87 2007447.152
31 88 5415691.573
31 89 6470455.678
31 90 7580519.947
31 91 5316365.603
31 92 4200850.664
31 93 4544820.659
31 94 4458259.314
31 95 3636744.919
31 96 4272736.924
31 97 3665968.477
31 98 2042516.684
31 99 1775334.967
32 33 3581516.165
32 34 4063732.829
32 35 2682022.649
32 36 8678725.822
32 37 8934686.884
32 38 8213852.552
32 39 8833488.713
32 40 8554719.22
32 41 5823925.958
32 42 1650860.058
32 43 9315053.105
32 44 4642940.819
32 45 2365467.511
32 46 9926306.436
32 47 612855.9531
32 48 5060389.795
32 49 7411414.949
32 50 7134872.528
32 51 8101529.138
32 52 6209421.741
32 53 3675346.561
32 54 2902720.394
32 55 6545374.864
32 56 8242664.688
32 57 5249642.581
32 58 8563496.167
32 59 2764552.467
32 60 6686469.803
32 61 1941027.464
32 62 10605444.74
32 63 12442150.85
32 64 2864101.512
32 65 8236725.329
32 66 7128110.097
32 67 8241231.844
32 68 9357656.133
32 69 9295724.144
32 70 6574367.426
32 71 5964407.447
32 72 7061978.085
32 73 5613133.504
32 74 3847432.075
32 75 10017536.52
32 76 3908857.912
32 77 6987285.929
32 78 10084653.07
32 79 5777118.577
32 80 3846061.948
32 81 8627462.088
32 82 9643014.924
32 83 9020194.759
32 84 5934854.605
32 85 4517167.996
32 86 4002514.83
32 87 6163133.426
32 88 3539811.496
32 89 8122293.979
32 90 6543694.522
32 91 11389516.32
32 92 8893949.981
32 93 11375064.21
32 94 11579027.08
32 95 9569745.54
32 96 11781698.24
32 97 10652019.55
32 98 9229528.939
32 99 6174851.73
33 34 2026639.201
33 35 2484718.829
33 36 5963383.165
33 37 5815910.001
33 38 5104125.618
33 39 5777457.075
33 40 6002166.112
33 41 2913464.506
33 42 2088978.807
33 43 6323870.5
33 44 1425090.095
33 45 1397176.868
33 46 6843261.471
33 47 4168729.92
33 48 3317730.384
33 49 5189567.894
33 50 5135640.468
33 51 4803428.484
33 52 2972088.136
33 53 1624482.407
33 54 1042166.842
33 55 3095047.983
33 56 4701020.631
33 57 2203644.092
33 58 6518024.946
33 59 1764528.087
33 60 4991721.99
33 61 2810124.098
33 62 7227853.085
33 63 8861808.167
33 64 1906724.738
33 65 4683438.393
33 66 3617272.161
33 67 4659768.484
33 68 6591093.624
33 69 6996153.294
33 70 3186315.589
33 71 2427250.65
33 72 3619072.493
33 73 2364420.373
33 74 280363.8195
33 75 6474088.312
33 76 816117.3341
33 77 3808968.862
33 78 6803959.69
33 79 4167671.471
33 80 1103825.237
33 81 5129127.84
33 82 6797457.655
33 83 6850652.292
33 84 2375155.08
33 85 1757619.883
33 86 3154301.387
33 87 2629075.462
33 88 1301042.855
33 89 5487580.189
33 90 4933286.882
33 91 7886200.608
33 92 5481522.196
33 93 7802207.717
33 94 7997836.587
33 95 6030318.633
33 96 8212063.832
33 97 7070900.885
33 98 6164958.425
33 99 2985227.187
34 35 4197621.734
34 36 7672347.658
34 37 4921850.041
34 38 6596909.847
34 39 7278154.261
34 40 7783441.929
34 41 4712844.919
34 42 3224683.7
34 43 5262512.78
34 44 1375221.908
34 45 2856265.157
34 46 5889423.976
34 47 4497769.773
34 48 1318744.962
34 49 3477384.942
34 50 7099305.154
34 51 4227959.927
34 52 2427325.575
34 53 475649.1654
34 54 2822415.894
34 55 3026411.403
34 56 4795700.885
34 57 1469739.074
34 58 4746123.992
34 59 3532335.155
34 60 6998267.123
34 61 2364489.18
34 62 6734603.265
34 63 9087913.244
34 64 3709432.158
34 65 4840769.182
34 66 4653731.357
34 67 5121677.666
34 68 8249674.072
34 69 5364131.503
34 70 4533801.216
34 71 2804105.807
34 72 3461405.382
34 73 3998915.893
34 74 1960594.147
34 75 7177113.135
34 76 1286118.781
34 77 5336520.122
34 78 6138933.219
34 79 6190196.176
34 80 3128928.066
34 81 6062939.714
34 82 5579493.766
34 83 5145091.025
34 84 2889494.968
34 85 3731395.688
34 86 5112844.473
34 87 3736001.496
34 88 785890.5302
34 89 4071982.814
34 90 2967716.502
34 91 7695597.147
34 92 5117107.034
34 93 7952504.551
34 94 8275626.265
34 95 6038651.119
34 96 8703345.176
34 97 7376400.913
34 98 7640292.349
34 99 4588643.085
35 36 6076150.044
35 37 8267269.698
35 38 5792507.855
35 39 6361422.829
35 40 5915859.57
35 41 3439153.457
35 42 1375865.071
35 43 8795334.908
35 44 3909767.31
35 45 1354430.807
35 46 9294979.667
35 47 3244382.306
35 48 5504469.008
35 49 7596328.752
35 50 4453325.731
35 51 7205491.025
35 52 5432036.226
35 53 3723676.975
35 54 1451567.082
35 55 5442544.857
35 56 6849076.679
35 57 4686934.735
35 58 8905670.409
35 59 720447.9423
35 60 4011386.494
35 61 3449171.483
35 62 9541399.55
35 63 10719504.04
35 64 601148.0458
35 65 6799025.793
35 66 5195648.903
35 67 6585947.566
35 68 6758039.769
35 69 9439949.514
35 70 4491126.696
35 71 4694359.521
35 72 5953782.081
35 73 3494279.57
35 74 2732736.354
35 75 8045384.399
35 76 3248285.227
35 77 4673674.066
35 78 9185573.282
35 79 3097991.996
35 80 1910447.54
35 81 6590676.835
35 82 9280224.613
35 83 9269328.481
35 84 4589423.601
35 85 2285364.508
35 86 1349662.723
35 87 4365907.548
35 88 3417147.351
35 89 7963853.805
35 90 7156897.771
35 91 10042972.88
35 92 7794515.573
35 93 9752680.165
35 94 9848157.709
35 95 8146358.063
35 96 9878295.188
35 97 8942050.676
35 98 6751660.809
35 99 3937001.653
36 37 8192879.965
36 38 1465468.063
36 39 1158449.509
36 40 483866.6674
36 41 3053169.542
36 42 7082738.641
36 43 8869498.3
36 44 6365197.115
36 45 6481900.971
36 46 8954088.533
36 47 9273952.172
36 48 8679696.403
36 49 9509433.306
36 50 2139233.98
36 51 7056569.186
36 52 6587644.861
36 53 7421651.098
36 54 5988964.929
36 55 5899118.414
36 56 5618831.944
36 57 6779833.192
36 58 10714192.79
36 59 5921531.631
36 60 2800255.157
36 61 8676279.255
36 62 8058283.104
36 63 7069400.751
36 64 5814654.128
36 65 5474389.958
36 66 3638585.666
36 67 4748563.772
36 68 681908.5488
36 69 10725947.41
36 70 3292139.938
36 71 5410275.104
36 72 6029456.04
36 73 3677131.171
36 74 5873811.898
36 75 4331361.988
36 76 6445731.706
36 77 2404740.418
36 78 8234413.662
36 79 3351278.483
36 80 5081678.813
36 81 3412039.2
36 82 9551170.045
36 83 10805399.18
36 84 5238421.934
36 85 4328635.076
36 86 4973849.932
36 87 4158186.951
36 88 7149149.568
36 89 9092174.683
36 90 9952125.955
36 91 7651854.961
36 92 6866270.831
36 93 6635927.059
36 94 6371591.852
36 95 6178392.01
36 96 5842358.483
36 97 5796211.953
36 98 1281478.867
36 99 3085153.632
37 38 6729813.1
37 39 7213217.033
37 40 8555747.189
37 41 6507865.004
37 42 7788095.741
37 43 677522.6292
37 44 4430345.94
37 45 7180491.787
37 46 1027932.384
37 47 9404697.674
37 48 4389101.669
37 49 2794313.913
37 50 8905906.618
37 51 1200966.19
37 52 2843882.692
37 53 5265988.337
37 54 6854051.912
37 55 2921311.52
37 56 2592177.636
37 57 3716988.329
37 58 3271589.192
37 59 7552017.834
37 60 9174961.496
37 61 7279890.566
37 62 2078717.247
37 63 5330482.218
37 64 7669734.821
37 65 2739756.928
37 66 4664305.964
37 67 3483954.174
37 68 8456499.416
37 69 2837412.256
37 70 5306103.519
37 71 3705479.541
37 72 2490554.181
37 73 5748314.796
37 74 5550012.423
37 75 4998955.657
37 76 5168603.4
37 77 6087716.961
37 78 1328869.523
37 79 8731373.834
37 80 6465954.036
37 81 4949341.768
37 82 1358700.809
37 83 3089430.225
37 84 3859156.045
37 85 6531623.614
37 86 8584130.209
37 87 4661024.96
37 88 5398966.679
37 89 1694153.791
37 90 4073121.872
37 91 3380932.599
37 92 1467077.173
37 93 4251423.766
37 94 4775025.365
37 95 2685029.679
37 96 5584419.083
37 97 4174219.8
37 98 7393583.384
37 99 5918529.025
38 39 682453.3185
38 40 1864199.942
38 41 2391458.043
38 42 6567794.657
38 43 7406033.371
38 44 5240330.515
38 45 5891113.848
38 46 7489346.647
38 47 8824701.503
38 48 7492488.6
38 49 8138040.728
38 50 2898566.458
38 51 5600897.942
38 52 5250042.287
38 53 6408041.835
38 54 5362570.407
38 55 4527303.569
38 56 4153409.362
38 57 5553652.467
38 58 9312232.534
38 59 5471999.905
38 60 3471614.664
38 61 7904460.343
38 62 6629893.283
38 63 5965803.314
38 64 5406361.936
38 65 4008922.905
38 66 2240429.734
38 67 3284191.411
38 68 1793463.321
38 69 9290456.396
38 70 2069055.18
38 71 4116980.213
38 72 4613674.933
38 73 2740162.532
38 74 4960124.738
38 75 3113283.738
38 76 5447310.22
38 77 1295769.097
38 78 6779712.159
38 79 3675518.924
38 80 4409741.311
38 81 1992684.466
38 82 8088382.35
38 83 9383466.006
38 84 3956420.419
38 85 3700001.652
38 86 4937320.485
38 87 2913355.987
38 88 6168497.248
38 89 7668106.269
38 90 8664632.568
38 91 6309668.021
38 92 5401736.468
38 93 5388332.592
38 94 5197323.533
38 95 4750414.411
38 96 4812372.572
38 97 4521208.62
38 98 1061457.908
38 99 2121037.883
39 40 1634209.049
39 41 3013403.205
39 42 7193128.482
39 43 7885167.803
39 44 5919710.959
39 45 6528605.965
39 46 7923244.464
39 47 9442392.802
39 48 8162423.545
39 49 8745717.556
39 50 3044911.308
39 51 6117060.464
39 52 5882863.998
39 53 7090488.564
39 54 6004459.486
39 55 5145216.382
39 56 4621655.854
39 57 6219551.534
39 58 9895569.076
39 59 6079053.679
39 60 3673126.586
39 61 8572951.512
39 62 6947978.351
39 63 5932021.409
39 64 6003680.692
39 65 4474466.48
39 66 2860289.291
39 67 3733204.952
39 68 1243865.386
39 69 9836864.702
39 70 2747477.514
39 71 4770663.271
39 72 5197129.694
39 73 3413110.421
39 74 5637787.991
39 75 3173099.948
39 76 6129419.196
39 77 1973350.476
39 78 7162873.249
39 79 4024450.271
39 80 5055137.415
39 81 2321487.286
39 82 8570257.343
39 83 9947019.136
39 84 4614046.27
39 85 4332535.732
39 86 5429296.793
39 87 3584218.908
39 88 6850439.266
39 89 8232294.982
39 90 9309724.378
39 91 6500133.544
39 92 5839333.511
39 93 5477734.774
39 94 5219769.171
39 95 5072804.573
39 96 4720375.196
39 97 4638140.892
39 98 396389.3729
39 99 2792277.364
40 41 3094906.146
40 42 6987192.057
40 43 9233194.094
40 44 6507436.193
40 45 6418165.333
40 46 9340628.912
40 47 9141487.191
40 48 8837248.413
40 49 9770446.464
40 50 1764417.438
40 51 7404037.6
40 52 6835982.912
40 53 7508035.42
40 54 5943356.51
40 55 6172777.222
40 56 5997880.251
40 57 6966416.678
40 58 10996857.15
40 59 5816871.105
40 60 2424909.927
40 61 8659743.289
40 62 8489095.46
40 63 7552842.067
40 64 5697858.62
40 65 5855306.662
40 66 3948081.029
40 67 5139899.332
40 68 972588.5158
40 69 11041033.84
40 70 3523241.924
40 71 5641354.462
40 72 6335054.398
40 73 3788521.287
40 74 5934385.981
40 75 4806307.34
40 76 6533727.737
40 77 2631358.555
40 78 8643149.357
40 79 3060557.16
40 80 5065608.184
40 81 3843805.245
40 82 9911988.144
40 83 11106089.55
40 84 5465169.504
40 85 4313461.702
40 86 4753219.192
40 87 4380388.873
40 88 7223959.088
40 89 9397391.971
40 90 10158581.95
40 91 8112947.867
40 92 7254978.809
40 93 7110890.037
40 94 6852153.14
40 95 6608820.818
40 96 6326212.731
40 97 6267160.209
40 98 1763846.891
40 99 3227656.453
41 42 4180534.651
41 43 7158523.119
41 44 3496104.94
41 45 3517566.527
41 46 7455404.278
41 47 6434212.922
41 48 5830169.626
41 49 7069094.951
41 50 2549606.601
41 51 5308420.489
41 52 4173620.034
41 53 4418867.485
41 54 2998096.197
41 55 3688213.871
41 56 4320618.369
41 57 4059242.724
41 58 8369394.435
41 59 3081627.15
41 60 2691545.784
41 61 5634527.514
41 62 7136963.54
41 63 7556441.121
41 64 3021363.262
41 65 4217111.609
41 66 2165907.615
41 67 3736538.358
41 68 3692786.745
41 69 8580635.28
41 70 1364042.76
41 71 2977397.934
41 72 4032430.061
41 73 824652.365
41 74 2839487.022
41 75 4749788.872
41 76 3447647.708
41 77 1240523.489
41 78 7017194.989
41 79 2247162.21
41 80 2058200.524
41 81 3293538.519
41 82 7787217.216
41 83 8565875.483
41 84 2796165.301
41 85 1321278.416
41 86 2788796.79
41 87 1847193.6
41 88 4130588.959
41 89 6924023.079
41 90 7257045.1
41 91 7276649.617
41 92 5527689.159
41 93 6711618.807
41 94 6702047.205
41 95 5424013.013
41 96 6591633.724
41 97 5848899.364
41 98 3409791.935
41 99 665991.2897
42 43 8244553.681
42 44 3364662.875
42 45 737670.0245
42 46 8807284.668
42 47 2263660.864
42 48 4461630.522
42 49 6701637.464
42 50 5668847.869
42 51 6840003.203
42 52 4965530.276
42 53 2758584.743
42 54 1265186.579
42 55 5171884.81
42 56 6787354.23
42 57 4077409.153
42 58 7964628.465
42 59 1173096.38
42 60 5289267.475
42 61 2077862.858
42 62 9297373.348
42 63 10906835.97
42 64 1311255.148
42 65 6766332.8
42 66 5515223.195
42 67 6703249.686
42 68 7757571.914
42 69 8585566.31
42 70 4935349.983
42 71 4516163.712
42 72 5696088.646
42 73 3966337.276
42 74 2368629.319
42 75 8411002.93
42 76 2620542.214
42 77 5336609.923
42 78 8843307.682
42 79 4370063.057
42 80 2197492.328
42 81 7003899.084
42 82 8655703.456
42 83 8369605.958
42 84 4460234.416
42 85 2868655.107
42 86 2699492.302
42 87 4568097.601
42 88 2508542.315
42 89 7226032.76
42 90 6090445.528
42 91 9975145.599
42 92 7556270.493
42 93 9866094.441
42 94 10038272.56
42 95 8116021.544
42 96 10195934.65
42 97 9113409.932
42 98 7589445.807
42 99 4524207.667
43 44 4914642.592
43 45 7664601.695
43 46 687430.479
43 47 9760275.377
43 48 4577288.838
43 49 2679352.665
43 50 9572921.103
43 51 1864839.385
43 52 3365281.45
43 53 5640417.277
43 54 7365830.282
43 55 3532398.863
43 56 3263528.221
43 57 4169486.125
43 58 2877882.634
43 59 8076546.4
43 60 9832871.349
43 61 7592760.926
43 62 2273536.105
43 63 5683677.528
43 64 8201961.095
43 65 3410714.11
43 66 5339433.717
43 67 4153442.524
43 68 9128781.282
43 69 2307320.446
43 70 5973159.684
43 71 4311786.393
43 72 3129169.297
43 73 6389148.101
43 74 6065368.789
43 75 5598552.15
43 76 5638044.224
43 77 6761486.065
43 78 1489216.119
43 79 9372865.625
43 80 7030112.214
43 81 5612448.169
43 82 685520.6264
43 83 2613537.369
43 84 4472218.246
43 85 7133697.863
43 86 9169745.326
43 87 5311483.384
43 88 5803039.259
43 89 1546723.941
43 90 4008992.907
43 91 3648554.549
43 92 2096914.682
43 93 4656494.843
43 94 5202236.839
43 95 3247004.712
43 96 6054283.623
43 97 4678436.424
43 98 8060786.415
43 99 6577616.304
44 45 2752286.357
44 46 5453927.746
44 47 5176031.915
44 48 2336647.26
44 49 3848654.412
44 50 5985019.981
44 51 3484525.796
44 52 1601165.724
44 53 1318042.875
44 54 2463615.69
44 55 1921764.187
44 56 3676907.373
44 57 781752.9159
44 58 5184428.319
44 59 3189618.121
44 60 5971554.859
44 61 3331451.254
44 62 5970410.534
44 63 7963495.152
44 64 3330020.161
44 65 3695220.449
44 66 3281443.848
44 67 3867388.101
44 68 6922053.656
44 69 5607281.982
44 70 3172297.711
44 71 1496947.981
44 72 2427878.745
44 73 2725860.802
44 74 1190029.555
44 75 5878134.912
44 76 747895.6807
44 77 3997131.175
44 78 5485168.339
44 79 5242390.906
44 80 2327598.192
44 81 4709816.303
44 82 5375183.93
44 83 5485660.399
44 84 1552068.649
44 85 2734919.035
44 86 4496455.264
44 87 2362177.403
44 88 1228648.877
44 89 4070239.922
44 90 3797175.825
44 91 6760689.419
44 92 4251196.956
44 93 6852432.653
44 94 7124621.937
44 95 4983151.898
44 96 7476893.516
44 97 6207049.364
44 98 6276975.593
44 99 3284239.746
45 46 8205335.263
45 47 2976883.285
45 48 4155465.324
45 49 6290886.71
45 50 5206781.446
45 51 6192999.303
45 52 4340711.855
45 53 2380801.815
45 54 537765.1481
45 55 4492172.257
45 56 6074374.861
45 57 3500330.544
45 58 7587156.824
45 59 785582.7303
45 60 4891403.674
45 61 2336711.574
45 62 8625015.224
45 63 10173283.07
45 64 971926.9543
45 65 6049224.09
45 66 4778907.744
45 67 5970882.655
45 68 7149707.062
45 69 8153704.37
45 70 4209128.355
45 71 3812964.485
45 72 5016126.867
45 73 3249982.268
45 74 1676900.808
45 75 7674238.325
45 76 2029867.763
45 77 4641731.982
45 78 8195402.993
45 79 3982195.797
45 80 1489144.21
45 81 6270253.034
45 82 8106950.483
45 83 7965419.642
45 84 3748322.416
45 85 2196507.13
45 86 2478029.578
45 87 3830430.854
45 88 2084204.453
45 89 6726686.545
45 90 5807004.694
45 91 9268875.269
45 92 6878607.765
45 93 9137275.074
45 94 9304160.027
45 95 7401329.742
45 96 9458266.669
45 97 8379849.881
45 98 6924857.576
45 99 3821263.502
46 47 10384227.51
46 48 5250461.657
46 49 3357779.827
46 50 9801104.982
46 51 2167190.71
46 52 3871175.98
46 53 6251844.143
46 54 7881768.425
46 55 3929143.458
46 56 3344782.195
46 57 4731752.896
46 58 3446154.233
46 59 8579894.206
46 60 10100233.69
46 61 8233833.243
46 62 1736254.565
46 63 5194080.794
46 64 8697250.5
46 65 3485945.875
46 66 5525911.915
46 67 4205582.051
46 68 9164824.613
46 69 2766036.635
46 70 6211394.977
46 71 4713527.372
46 72 3476333.109
46 73 6715315.427
46 74 6577756.766
46 75 5421241.299
46 76 6189609.621
46 77 6953471.911
46 78 1001966.789
46 79 9691904.834
46 80 7488607.863
46 81 5613852.109
46 82 982902.8573
46 83 3121156.611
46 84 4862057.073
46 85 7537189.953
46 86 9597555.028
46 87 5614886.868
46 88 6398507.951
46 89 2229250.349
46 90 4690213.789
46 91 3118430.641
46 92 2087939.005
46 93 4226040.303
46 94 4787058.153
46 95 3047916.639
46 96 5677319.481
46 97 4360570.095
46 98 8067659.631
46 99 6847719.547
47 48 5403256.364
47 49 7756052.361
47 50 7694467.728
47 51 8608761.652
47 52 6721142.828
47 53 4139393.48
47 54 3514407.382
47 55 7089769.777
47 56 8804303.476
47 57 5750353.423
47 58 8862409.097
47 59 3368515.472
47 60 7228152.353
47 61 2232895.478
47 62 11119477.94
47 63 13022408.31
47 64 3461852.463
47 65 8802538.196
47 66 7732546.179
47 67 8825451.908
47 68 9953786.757
47 69 9626317.363
47 70 7185051.082
47 71 6530179.63
47 72 7602336.223
47 73 6225472.358
47 74 4430312.934
47 75 10619244.32
47 76 4452731.416
47 77 7599908.889
47 78 10579631.38
47 79 6325471.733
47 80 4458764.384
47 81 9234046.648
47 82 10060896.85
47 83 9332940.204
47 84 6507227.057
47 85 5129110.216
47 86 4539876.217
47 87 6763968.095
47 88 4034414.008
47 89 8519879.4
47 90 6815326.608
47 91 11934423.22
47 92 9420718.752
47 93 11948197.25
47 94 12161362.85
47 95 10128717.11
47 96 12377022.97
47 97 11234312.3
47 98 9838296.907
47 99 6787706.716
48 49 2353924.492
48 50 8293957.626
48 51 4004140.446
48 52 2590131.29
48 53 1784857.789
48 54 4140999.038
48 55 3351583.427
48 56 4970100.221
48 57 1950804.003
48 58 3529792.037
48 59 4847833.328
48 60 8236553.224
48 61 3171114.941
48 62 6383419.213
48 63 9131028.155
48 64 5026113.823
48 65 5050665.891
48 66 5384914.07
48 67 5494675.099
48 68 9216361.071
48 69 4235358.836
48 70 5431453.079
48 71 3434320.309
48 72 3643868.194
48 73 5061749.36
48 74 3216458.6
48 75 7583787.348
48 76 2531382.733
48 77 6289938.833
48 78 5696770.7
48 79 7455050.805
48 80 4409708.218
48 81 6655202.314
48 82 4757032.742
48 83 3968017.5
48 84 3571653.126
48 85 4965111.812
48 86 6429672.938
48 87 4579183.438
48 88 2104065.322
48 89 3178616.253
48 90 1652623.175
48 91 7509731.677
48 92 4956304.047
48 93 7981303.558
48 94 8375881.844
48 95 6063336.081
48 96 8927270.144
48 97 7526600.073
48 98 8501535.57
48 99 5610075.056
49 50 9618699.372
49 51 3085582.979
49 52 2939546.448
49 53 3943992.059
49 54 6160970.53
49 55 3613175.09
49 56 4554118.095
49 57 3107836.047
49 58 1335821.099
49 59 6896655.954
49 60 9701750.947
49 61 5523274.205
49 62 4859080.104
49 63 8086894.211
49 64 7059765.522
49 65 4683409.123
49 66 5897611.095
49 67 5346902.962
49 68 9931213.692
49 69 1892485.429
49 70 6249924.492
49 71 4149073.336
49 72 3568508.609
49 73 6244914.552
49 74 5001610.907
49 75 7277740.831
49 76 4379290.487
49 77 7139820.523
49 78 4083959.116
49 79 9038143.174
49 80 6174237.441
49 81 6771297.087
49 82 2625897.159
49 83 1674547.668
49 84 4330202.309
49 85 6551858.48
49 86 8330520.147
49 87 5406245.899
49 88 4213916.561
49 89 1135259.972
49 90 1334862.292
49 91 6174801.521
49 92 3940612.279
49 93 6976502.875
49 94 7469634.699
49 95 5218749.452
49 96 8205871.041
49 97 6764536.133
49 98 9018695.644
49 99 6657235.392
50 51 7708180.395
50 52 6716098.177
50 53 6745364.711
50 54 4804634.232
50 55 6190097.368
50 56 6513322.731
50 57 6592815.78
50 58 10917333.54
50 59 4507063.819
50 60 662297.9429
50 61 7533463.457
50 62 9234713.839
50 63 8864350.442
50 64 4357984.864
50 65 6386708.364
50 66 4283626.437
50 67 5760925.14
50 68 2735900.268
50 69 11108771.46
50 70 3599905.201
50 71 5511240.001
50 72 6484237.822
50 73 3373912.97
50 74 5146315.095
50 75 6006903.042
50 76 5813187.334
50 77 2867460.756
50 78 9245476.343
50 79 1393580.184
50 80 4068431.934
50 81 4766811.957
50 82 10223923.99
50 83 11106040.65
50 84 5328801.621
50 85 3380235.507
50 86 3177657.568
50 87 4315059.999
50 88 6430560.663
50 89 9449006.962
50 90 9775010.306
50 91 9098086.875
50 92 7776573.937
50 93 8259325.047
50 94 8091382.386
50 95 7395997.321
50 96 7701240.43
50 97 7384289.682
50 98 3314220.597
50 99 3023084.586
51 52 1892847.858
51 53 4499001.868
51 54 5825339.752
51 55 1779260.768
51 56 1560147.803
51 57 2858902.228
51 58 3950369.849
51 59 6499066.825
51 60 7973996.625
51 61 6580526.415
51 62 2514985.821
51 63 5173627.451
51 64 6604698.158
51 65 1704387.935
51 66 3484258.089
51 67 2436846.993
51 68 7355007.672
51 69 3743718.642
51 70 4108353.87
51 71 2559428.394
51 72 1309653.905
51 73 4554623.799
51 74 4528568.111
51 75 4216696.209
51 76 4232352.761
51 77 4901417.054
51 78 2003508.725
51 79 7535868.591
51 80 5360769.142
51 81 3917587.275
51 82 2524707.455
51 83 3902739.267
51 84 2701589.797
51 85 5375647.568
51 86 7443324.945
51 87 3462247.146
51 88 4574707.181
51 89 2235480.846
51 90 4161349.245
51 91 3514309.459
51 92 955884.8951
51 93 4029341.771
51 94 4474355.518
51 95 2167724.607
51 96 5150369.766
51 97 3708249.23
51 98 6324035.425
51 99 4717578.247
52 53 2640288.881
52 54 4011062.092
52 55 783404.3953
52 56 2417143.578
52 57 984191.3655
52 58 4207717.238
52 59 4714362.035
52 60 6846109.194
52 61 4735170.413
52 62 4398439.903
52 63 6678719.751
52 64 4837376.607
52 65 2483403.715
52 66 3023404.158
52 67 2905591.536
52 68 7036313.125
52 69 4418389.373
52 70 3313125.247
52 71 1212759.689
52 72 1070875.102
52 73 3350915.986
52 74 2707333.829
52 75 4994039.394
52 76 2347977.453
52 77 4204626.376
52 78 3887501.743
52 79 6252600.194
52 80 3678847.032
52 81 4127889.547
52 82 3880459.583
52 83 4392295.383
52 84 1395044.094
52 85 3860671.067
52 86 5841030.105
52 87 2466721.039
52 88 2690743.114
52 89 2774380.355
52 90 3440361.141
52 91 5280261.682
52 92 2716046.481
52 93 5537331.977
52 94 5882462.247
52 95 3617235.819
52 96 6372501.49
52 97 5001089.754
52 98 6182779.674
52 99 3726075.796
53 54 2359879.955
53 55 3151879.04
53 56 4928950.455
53 57 1656213.39
53 58 5219381.83
53 59 3062980.562
53 60 6615759.224
53 61 2095675.174
53 62 7013846.618
53 63 9227803.332
53 64 3241516.725
53 65 4960597.952
53 66 4564087.139
53 67 5176104.863
53 68 8017159.886
53 69 5827009.086
53 70 4364693.544
53 71 2812511.407
53 72 3622825.459
53 73 3746156.659
53 74 1602325.275
53 75 7195993.678
53 76 975968.6407
53 77 5128838.201
53 78 6448276.664
53 79 5789878.063
53 80 2726482.984
53 81 6016496.387
53 82 5986082.839
53 83 5614282.112
53 84 2869785.992
53 85 3365990.912
53 86 4659685.086
53 87 3609674.784
53 88 330303.9076
53 89 4502015.994
53 90 3436860.891
53 91 7918515.476
53 92 5355546.635
53 93 8103529.956
53 94 8400035.408
53 95 6206639.332
53 96 8781157.748
53 97 7489161.066
53 98 7461586.084
53 99 4352226.003
54 55 4090541.041
54 56 5617414.269
54 57 3237869.361
54 58 7478126.996
54 59 737481.0763
54 60 4535905.075
54 61 2737826.124
54 62 8220336.761
54 63 9673124.509
54 64 899499.2159
54 65 5585343.693
54 66 4252237.831
54 67 5476001.926
54 68 6652024.705
54 69 7994447.762
54 70 3672694.242
54 71 3379995.207
54 72 4611382.745
54 73 2712248.154
54 74 1304058.9
54 75 7148574.788
54 76 1797853.552
54 77 4107716.696
54 78 7820857.236
54 79 3644123.551
54 80 954664.8184
54 81 5738780.097
54 82 7838302.361
54 83 7831397.554
54 84 3300768.878
54 85 1677772.925
54 86 2310216.248
54 87 3313650.604
54 88 2036987.945
54 89 6512298.298
54 90 5789166.998
54 91 8818178.965
54 92 6470643.528
54 93 8648584.089
54 94 8802699.532
54 95 6939568.318
54 96 8939549.4
54 97 7880269.837
54 98 6400449.307
54 99 3285458.929
55 56 1777502.738
55 57 1562901.323
55 58 4824532.982
55 59 4743156.577
55 60 6379745.759
55 61 5229554.778
55 62 4133452.696
55 63 6076639.164
55 64 4841406.951
55 65 1815334.696
55 66 2287958.565
55 67 2150595.6
55 68 6319647.804
55 69 4927206.472
55 70 2672197.911
55 71 784568.2145
55 72 524306.4029
55 73 2888700.472
55 74 2815307.151
55 75 4239275.2
55 76 2637718.57
55 77 3550572.921
55 78 3743033.117
55 79 5862062.014
55 80 3583401.923
55 81 3344540.258
55 82 4128409.171
55 83 4953481.385
55 84 939903.0785
55 85 3610389.746
55 86 5668847.031
55 87 1876642.185
55 88 3131468.211
55 89 3267013.088
55 90 4209890.229
55 91 4845026.684
55 92 2386493.893
55 93 4951937.49
55 94 5254076.178
55 95 3064975.383
55 96 5683796.165
55 97 4350670.756
55 98 5433540.515
55 99 3168182.47
56 57 3326442.632
56 58 5501234.077
56 59 6193167.827
56 60 6864137.863
56 61 7001064.231
56 62 2820829.406
56 63 4299138.56
56 64 6259009.313
56 65 147942.9488
56 66 2235271.678
56 67 893197.5455
56 68 5865253.782
56 69 5297606.864
56 70 2987738.11
56 71 2279948.715
56 72 1347200.996
56 73 3690827.776
56 74 4423427.811
56 75 2735773.095
56 76 4362240.262
56 77 3647106.817
56 78 2733401.902
56 79 6561148.132
56 80 4938746.332
56 81 2369928.033
56 82 3948609.323
56 83 5462882.59
56 84 2327167.04
56 85 4738367.952
56 86 6805537.98
56 87 2595767.01
56 88 4899016.89
56 89 3787375.054
56 90 5490545.574
56 91 3202153.942
56 92 1270075.274
56 93 3177215.763
56 94 3479926.083
56 95 1329514.315
56 96 3959824.636
56 97 2586264.457
56 98 4803308.662
56 99 3669824.96
57 58 4441835.843
57 59 3967377.949
57 60 6627697.966
57 61 3751482.272
57 62 5372144.818
57 63 7618388.858
57 64 4110010.592
57 65 3373724.965
57 66 3435018.726
57 67 3688574.404
57 68 7295124.115
57 69 4834438.784
57 70 3503900.102
57 71 1487390.113
57 72 1992423.981
57 73 3250621.017
57 74 1971777.007
57 75 5765152.13
57 76 1470646.829
57 77 4377678.961
57 78 4835014.411
57 79 5937166.401
57 80 3092789.781
57 81 4740142.26
57 82 4608733.363
57 83 4724679.495
57 84 1620955.665
57 85 3444349.89
57 86 5268346.006
57 87 2642841.962
57 88 1715971.499
57 89 3288522.916
57 90 3205205.438
57 91 6262948.017
57 92 3700060.271
57 93 6483994.648
57 94 6806279.427
57 95 4573192.603
57 96 7246421.74
57 97 5908938.106
57 98 6554430.851
57 99 3748408.285
58 59 8211793.965
58 60 11017683.84
58 61 6639456.007
58 62 5146376.622
58 63 8556489.875
58 64 8377589.385
58 65 5641540.69
58 66 7079640.167
58 67 6351920.33
58 68 11103559.72
58 69 926970.7446
58 70 7491231.192
58 71 5419976.031
58 72 4700066.325
58 73 7544771.24
58 74 6334312.054
58 75 8150715.308
58 76 5705340.776
58 77 8374272.023
58 78 4365397.417
58 79 10366101.53
58 80 7509576.765
58 81 7817244.174
58 82 2499994.884
58 83 518993.0751
58 84 5602482.215
58 85 7884726.232
58 86 9663216.844
58 87 6664382.946
58 88 5503614.572
58 89 1714958.095
58 90 2070581.956
58 91 6525500.868
58 92 4654525.674
58 93 7507688.08
58 94 8040586.259
58 95 5926021.553
58 96 8855732.698
58 97 7440014.134
58 98 10146550.48
58 99 7933459.719
59 60 4153325.197
59 61 3091394.58
59 62 8855695.221
59 63 10143139.76
59 64 187614.9239
59 65 6149716.135
59 66 4646072.765
59 67 5976000.608
59 68 6598651.159
59 69 8731912.159
59 70 3986908.854
59 71 4005231.327
59 72 5258028.843
59 73 2990631.465
59 74 2012662.578
59 75 7527579.317
59 76 2534933.047
59 77 4280540.519
59 78 8484827.091
59 79 3237265.977
59 80 1283827.511
59 81 6086938.622
59 82 8559827.469
59 83 8567785.784
59 84 3908193.429
59 85 1811966.525
59 86 1692698.341
59 87 3767350.084
59 88 2747032.852
59 89 7246678.58
59 90 6499475.372
59 91 9393526.614
59 92 7106700.053
59 93 9151175.039
59 94 9271044.359
59 95 7501865.699
59 96 9346484.232
59 97 8356752.915
59 98 6474392.562
59 99 3496101.789
60 61 7228103.072
60 62 9630178.469
60 63 9426388.542
60 64 3990655.516
60 65 6744433.494
60 66 4630053.759
60 67 6156254.287
60 68 3397054.497
60 69 11261999.7
60 70 3893755.413
60 71 5662426.65
60 72 6714768.611
60 73 3501735.031
60 74 5038110.183
60 75 6556552.401
60 76 5719100.587
60 77 3256736.433
60 78 9595285.161
60 79 919276.155
60 80 3895180.048
60 81 5263922.702
60 82 10469541.64
60 83 11234545.2
60 84 5482401.054
60 85 3272294.285
60 86 2688291.762
60 87 4527425.182
60 88 6292576.01
60 89 9608578.506
60 90 9767530.205
60 91 9567246.755
60 92 8113373.753
60 93 8779766.071
60 94 8637333.008
60 95 7819111.475
60 96 8283985.884
60 97 7901507.585
60 98 3957428.007
60 99 3256514.763
61 62 9092461.388
61 63 11293839.88
61 64 3266809.171
61 65 7024345
61 66 6361652.831
61 67 7181165.497
61 68 9325788.731
61 69 7394316.907
61 70 5990540.136
61 71 4808936.832
61 72 5711736.122
61 73 5165552.681
61 74 2991704.832
61 75 9137914.143
61 76 2718401.069
61 77 6611809.746
61 78 8503377.91
61 79 6318022.445
61 80 3596765.249
61 81 7864137.562
61 82 7860675.933
61 83 7104909.58
61 84 4833248.836
61 85 4350394.614
61 86 4743036.714
61 87 5370360.732
61 88 2103556.179
61 89 6305919.139
61 90 4606928.36
61 91 10014171.56
61 92 7449004.259
61 93 10178278.65
61 94 10456072.15
61 95 8292381.562
61 96 10791359.3
61 97 9538029.064
61 98 8963313.844
61 99 5783431.908
62 63 3459383.063
62 64 8942280.405
62 65 2919929.053
62 66 5013658.667
62 67 3476041.817
62 68 8156548.412
62 69 4501177.9
62 70 5791547.531
62 71 4850495.449
62 72 3610319.05
62 73 6508690.882
62 74 6948400.223
62 75 4083544.363
62 76 6715077.111
62 77 6378535.502
62 78 786289.2941
62 79 9371127.152
62 80 7646326.28
62 81 4646760.937
62 82 2719061.392
62 83 4848475.287
62 84 4952080.881
62 85 7521925.027
62 86 9600384.322
62 87 5406001.257
62 88 7086995.65
62 89 3735854.672
62 90 6150764.409
62 91 1384108.808
62 92 1749930.26
62 93 2530478.828
62 94 3099134.851
62 95 1880341.883
62 96 4018801.475
62 97 2812585.334
62 98 7020419.638
62 99 6481350.962
63 64 10169141.77
63 65 4269772
63 66 5529672.213
63 67 4204663.544
63 68 6872148.536
63 69 7954307.103
63 70 6277921.363
63 71 6512821.766
63 72 5626719.933
63 73 7249546.409
63 74 8594733.889
63 75 2876286.513
63 76 8623409.806
63 77 6415712.302
63 78 4211912.541
63 79 9500951.794
63 80 8859714.776
63 81 4278610.556
63 82 6175864.169
63 83 8289938.035
63 84 6520394.32
63 85 8450040.17
63 86 10334888.37
63 87 6377374.2
63 88 9190321.21
63 89 7021056.987
63 90 9287870.395
63 91 2092562.421
63 92 4224240.431
63 93 1149730.131
63 94 872096.7714
63 95 3072360.076
63 96 1269722.158
63 97 1793444.57
63 98 5802300.265
63 99 6923768.858
64 65 6211553.715
64 66 4657819.818
64 67 6016430.169
64 68 6493577.494
64 69 8889130.867
64 70 3979344.991
64 71 4094150.506
64 72 5352858.551
64 73 2980539.502
64 74 2145822.451
64 75 7528573.416
64 76 2690117.826
64 77 4234683.367
64 78 8584432.16
64 79 3072925.678
64 80 1325506.769
64 81 6081648.961
64 82 8693062.092
64 83 8729480.152
64 84 3990738.658
64 85 1783994.47
64 86 1506115.642
64 87 3800447.885
64 88 2923685.866
64 89 7393915.525
64 90 6677072.325
64 91 9456053.401
64 92 7194854.532
64 93 9188497.167
64 94 9297176.462
64 95 7561218.56
64 96 9353673.021
64 97 8386314.957
64 98 6398076.3
64 99 3464270.597
65 66 2114379.892
65 67 745258.5629
65 68 5718135.594
65 69 5443728.989
65 70 2876450.917
65 71 2272635.121
65 72 1413019.739
65 73 3602763.811
65 74 4407259.821
65 75 2618110.152
65 76 4369089.124
65 77 3519517.405
65 78 2858783.367
65 79 6453810.106
65 80 4888738.885
65 81 2222388.491
65 82 4095886.893
65 83 5606948.938
65 84 2308438.212
65 85 4668027.306
65 86 6728982.87
65 87 2516527.598
65 88 4920965.509
65 89 3928372.813
65 90 5603951.855
65 91 3244509.324
65 92 1406214.896
65 93 3158687.639
65 94 3439961.472
65 95 1354390.897
65 96 3889173.024
65 97 2535635.556
65 98 4655411.73
65 99 3562803.63
66 67 1572415.237
66 68 4033701.276
66 69 7093759.732
66 70 802408.9003
66 71 1951975.05
66 72 2391235.854
66 73 1722412.87
66 74 3392155.598
66 75 2896440.855
66 76 3684266.881
66 77 1427805.46
66 78 4968395.741
66 79 4366950.418
66 80 3373101.607
66 81 1511858.101
66 82 6007763.627
66 83 7167046.629
66 84 1814854.002
66 85 2920474.459
66 86 4854243.312
66 87 992548.5978
66 88 4387932.895
66 89 5454589.371
66 90 6456472.599
66 91 5111728.753
66 92 3493566.786
66 93 4606731.843
66 94 4660234.311
66 95 3261185.359
66 96 4701344.779
66 97 3767474.972
66 98 3161475.185
66 99 1499918.856
67 68 4977069.64
67 69 6180299.919
67 70 2372585.295
67 71 2373954.837
67 72 1887508.953
67 73 3221038.09
67 74 4395221.214
67 75 2089562.689
67 76 4472553.271
67 77 2902577.189
67 78 3519655.459
67 79 5935208.442
67 80 4694103.512
67 81 1481106.167
67 82 4838861.26
67 83 6334189.305
67 84 2351543.288
67 85 4367352.046
67 86 6376232.752
67 87 2220856.24
67 88 5090114.992
67 89 4643697.545
67 90 6193968.935
67 91 3550329.156
67 92 2117708.954
67 93 3176345.64
67 94 3338520.73
67 95 1688828.609
67 96 3610970.569
67 97 2411968.828
67 98 3910286.237
67 99 3070878.961
68 69 11066350.21
68 70 3791263.787
68 71 5886282.315
68 72 6403840.359
68 73 4272746.049
68 74 6489674.065
68 75 4262007.279
68 76 7042718.336
68 77 2927569.989
68 78 8394534.097
68 79 4004270.046
68 80 5736231.169
68 81 3556111.082
68 82 9813793.751
68 83 11168103.51
68 84 5720495.323
68 85 4984856.745
68 86 5650384.125
68 87 4654904.552
68 88 7752902.84
68 89 9452614.463
68 90 10437630.02
68 91 7637360.05
68 92 7082106.975
68 93 6545354.42
68 94 6229875.347
68 95 6289001.835
68 96 5618111.122
68 97 5739318.829
68 98 1143154.484
68 99 3665583.107
69 70 7589067.224
69 71 5603268.207
69 72 4707109.404
69 73 7761959.09
69 74 6788317.33
69 75 7830719.605
69 76 6199070.718
69 77 8451155.828
69 78 3743335.426
69 79 10665653.52
69 80 7926997.715
69 81 7661239.657
69 82 1783739.702
69 83 427303.8455
69 84 5784754.113
69 85 8230057.194
69 86 10102460.25
69 87 6802512.437
69 88 6087896.817
69 89 1660518.779
69 90 2918393.338
69 91 5884318.155
69 92 4295151.525
69 93 6954284.874
69 94 7504722.916
69 95 5519453.047
69 96 8361589.25
69 97 6981126.674
69 98 10058403.75
69 99 8091931.6
70 71 2120671.825
70 72 2904510.271
70 73 998993.6041
70 74 3000925.029
70 75 3554259.654
70 76 3420117.93
70 77 892541.2835
70 78 5709240.889
70 79 3579803.247
70 80 2747187.435
70 81 2102396.026
70 82 6626317.95
70 83 7625224.237
70 84 1947021.198
70 85 2205941.376
70 86 4070960.768
70 87 866596.8591
70 88 4142105.293
70 89 5931706.258
70 90 6660575.677
70 91 5914121.635
70 92 4223332.274
70 93 5386309.7
70 94 5413210.195
70 95 4060501.908
70 96 5388992.686
70 97 4535790.399
70 98 3106499.009
70 99 698298.3997
71 72 1267066.007
71 73 2160692.17
71 74 2148079.951
71 75 4385508.097
71 76 2111621.822
71 77 3012948.933
71 78 4502057.963
71 79 5109513.249
71 80 2815667.971
71 81 3271496.786
71 82 4897660.6
71 83 5595002.441
71 84 182706.1327
71 85 2826164.699
71 86 4885124.913
71 87 1261781.469
71 88 2716259.398
71 89 3946946.322
71 90 4551349.321
71 91 5458984.252
71 92 3101552.49
71 93 5421915.123
71 94 5662853.003
71 95 3609021.101
71 96 5984901.502
71 97 4739586.198
71 98 5093414.793
71 99 2513498.769
72 73 3260324.67
72 74 3339227.64
72 75 3960158.322
72 76 3153149.041
72 77 3749342.228
72 78 3235618.596
72 79 6244120.851
72 80 4082382.333
72 81 3225320.682
72 82 3755273.455
72 83 4775943.727
72 84 1398210.581
72 85 4068168.381
72 86 6139945.101
72 87 2187560.303
72 88 3622684.364
72 89 3063482.018
72 90 4319208.471
72 91 4332841.815
72 92 1862490.963
72 93 4491583.359
72 94 4820324.195
72 95 2584406.735
72 96 5301807.208
72 97 3932886.389
72 98 5457279.741
72 99 3467839.784
73 74 2231042.663
73 75 4552012.292
73 76 2770788.478
73 77 1446260.62
73 78 6331952.259
73 79 2983797.544
73 80 1769313.868
73 81 3101380.381
73 82 7006472.945
73 83 7743133.697
73 84 1980799.594
73 85 1209113.233
73 86 3155199.549
73 87 1112996.933
73 88 3480306.771
73 89 6107181.802
73 90 6454090.578
73 91 6765984.917
73 92 4847243.262
73 93 6325734.656
73 94 6381151.264
73 95 4879563.939
73 96 6384071.04
73 97 5489818.105
73 98 3800658.242
73 99 621373.9244
74 75 6231821.102
74 76 685205.2559
74 77 3664751.852
74 78 6527985.857
74 79 4239832.584
74 80 1201746.473
74 81 4902927.461
74 82 6547999.843
74 83 6654314.781
74 84 2098835.259
74 85 1771541.912
74 86 3328975.652
74 87 2400330.218
74 88 1297835.249
74 89 5260262.82
74 90 4806353.928
74 91 7606822.607
74 92 5201712.143
74 93 7530922.896
74 94 7732061.538
74 95 5752870.854
74 96 7958352.238
74 97 6805006.39
74 98 6021538.112
74 99 2851559.029
75 76 6420588.48
75 77 3567489.796
75 78 4500857.583
75 79 6628132.418
75 80 6263601.864
75 81 1461607.266
75 82 6257514.933
75 83 8051885.309
75 84 4328567.648
75 85 5760160.787
75 86 7538569.944
75 87 3855409.713
75 88 7079497.294
75 89 6441404.238
75 90 8221682.345
75 91 3385497.08
75 92 3535612.654
75 93 2304652.673
75 94 2084560.767
75 95 2373884.872
75 96 1843062.752
75 97 1477341.554
75 98 3127570.556
75 99 4147086.301
76 77 4162559.316
76 78 6233033.913
76 79 4924924.663
76 80 1881600.305
76 81 5169955.994
76 82 6077495.93
76 83 6044310.987
76 84 2121069.168
76 85 2448478.77
76 86 3970403.899
76 87 2705634.887
76 88 722359.5859
76 89 4718560.403
76 90 4128095.393
76 91 7482742.196
76 92 4990612.901
76 93 7526372.893
76 94 7774463.342
76 95 5681240.734
76 96 8079159.541
76 97 6851097.193
76 98 6504074.705
76 99 3378841.179
77 78 6378285.856
77 79 3124190.206
77 80 3153150.702
77 81 2138274.553
77 82 7426122.392
77 83 8498342.529
77 84 2838569.812
77 85 2475648.559
77 86 3998220.274
77 87 1755322.833
77 88 4882080.464
77 89 6797814.013
77 90 7547929.223
77 91 6334476.483
77 92 4912840.74
77 93 5640329.583
77 94 5577420.333
77 95 4562830.262
77 96 5399630.35
77 97 4764388.706
77 98 2357190.648
77 99 831420.1326
78 79 9264202.002
78 80 7317723.407
78 81 4841386.9
78 82 1971635.366
78 83 4079423.084
78 84 4625236.205
78 85 7266795.662
78 86 9348080.54
78 87 5218969.828
78 88 6547774.813
78 89 2956235.716
78 90 5385417.861
78 91 2160110.111
78 92 1489507.647
78 93 3225495.801
78 94 3785462.742
78 95 2150208.27
78 96 4676212.757
78 97 3374402.987
78 98 7276028.99
78 99 6379440.109
79 80 3063956.401
79 81 5245067.679
79 82 9987284.357
79 83 10611452.41
79 84 4935565.742
79 85 2508524.147
79 86 1791585.554
79 87 4077032.383
79 88 5462881.943
79 89 9026974.457
79 90 9020314.443
79 91 9439090.091
79 92 7774697.523
79 93 8761862.274
79 94 8678352.829
79 95 7622368.496
79 96 8421417.63
79 97 7884467.84
79 98 4360121.105
79 99 2891363.808
80 81 4834445.067
80 82 7559305.506
80 83 7812786.377
80 84 2698224.24
80 85 753650.8087
80 86 2179313.704
80 87 2483522.734
80 88 2400526.479
80 89 6358880.747
80 90 6007808.316
80 91 8132920.597
80 92 5903951.561
80 93 7868366.168
80 94 7987630.503
80 95 6237000.136
80 96 8074258.691
80 97 7072953.986
80 98 5450758.423
80 99 2332224.262
81 82 6297611.711
81 83 7811415.41
81 84 3173911.414
81 85 4306770.567
81 86 6081769.225
81 87 2502598.653
81 88 5861367.855
81 89 6114691.013
81 90 7531472.637
81 91 4340236.65
81 92 3538990.151
81 93 3524412.787
81 94 3439445.756
81 95 2766560.576
81 96 3304340.167
81 97 2645268.017
81 98 2454861.521
81 99 2685541.219
82 83 2146766.975
82 84 5064194.955
82 85 7704191.807
82 86 9717304.093
82 87 5942779.95
82 88 6176323.273
82 89 1583147.23
82 90 3950797.728
82 91 4101260.971
82 92 2776406.389
82 93 5195384.704
82 94 5752545.536
82 95 3893641.377
82 96 6630089.705
82 97 5283731.417
82 98 8746288.785
82 99 7218423.239
83 84 5777558.548
83 85 8151201.128
83 86 9979948.412
83 87 6818505.061
83 88 5887579.814
83 89 1715516.009
83 90 2568987.264
83 91 6232524.555
83 92 4524070.458
83 93 7269943.966
83 94 7814116.674
83 95 5772607.41
83 96 8655283.406
83 97 7258853.428
83 98 10181871.77
83 99 8101011.785
84 85 2675168.415
84 86 4742464.755
84 87 1084782.52
84 88 2753737.113
84 89 4127879.79
84 90 4718162.438
84 91 5521204.945
84 92 3206674.05
84 93 5441117.231
84 94 5664941.79
84 95 3655854.853
84 96 5958926.183
84 97 4739293.18
84 98 4941367.421
84 99 2331056.502
85 86 2082173.621
85 87 2160979.044
85 88 3050327.25
85 89 6616539.026
85 90 6513872.403
85 91 7885116.83
85 92 5808601.486
85 93 7508035.023
85 94 7580193.343
85 95 5987428.805
85 96 7593154.637
85 97 6682201.066
85 98 4728860.129
85 99 1684166.442
86 87 4212529.838
86 88 4332420.702
86 89 8538116.226
86 90 8067935.678
86 91 9919515.457
86 92 7890632.815
86 93 9456876.323
86 94 9475370.395
86 95 8028953.246
86 96 9380173.292
86 97 8605990.482
86 98 5803491.262
86 99 3411146.235
87 88 3416980.219
87 89 5142010.278
87 90 5794121.122
87 91 5724138.459
87 92 3734742.093
87 93 5388288.259
87 94 5505395.308
87 95 3826649.053
87 96 5627837.938
87 97 4589515.511
87 98 3929639.272
87 99 1292095.931
88 89 4720996.832
88 90 3753590.082
88 91 7945076.737
88 92 5401530.663
88 93 8076024.135
88 94 8352892.393
88 95 6196370.806
88 96 8700921.665
88 97 7435673.287
88 98 7225808.073
88 99 4092604.051
89 90 2462273.78
89 91 5068900.962
89 92 2973051.526
89 93 5930465.005
89 94 6442172.694
89 95 4254903.008
89 96 7219061.234
89 97 5787877.882
89 98 8469990.308
89 99 6431468.71
90 91 7436562.727
90 92 5080624.498
90 93 8158381.467
90 94 8626213.814
90 95 6328968.954
90 96 9309454.981
90 97 7868437.476
90 98 9617945.556
90 99 6950481.953
91 92 2583128.835
91 93 1320701.232
91 94 1873299.588
91 95 1899340.916
91 96 2820061.946
91 97 1924249.182
91 98 6496613.284
91 99 6610852.301
92 93 3083988.222
92 94 3546022.228
92 95 1283785.229
92 96 4265815.256
92 97 2825958.542
92 98 5993636.789
92 99 4890656.036
93 94 569942.3311
93 95 1924728.735
93 96 1508647.644
93 97 879203.3136
93 98 5420972.563
93 99 6059485.362
94 95 2320616.076
94 96 946774.7341
94 97 927065.1778
94 98 5126469.185
94 99 6064587.362
95 96 2988609.575
95 97 1546165.41
95 98 5158255.138
95 99 4758744.472
96 97 1442775.04
96 98 4566793.049
96 99 5989867.025
97 98 4604423.713
97 99 5201167.369
98 99 3180659.049
