4950
0 1 1495603.791
0 2 2548854.621
0 3 6556655.97
0 4 8826271.298
0 5 399586.9524
0 6 8063891.529
0 7 3825590.522
0 8 5049586.99
0 9 1607621.285
0 10 5875535.92
0 11 4533812.423
0 12 4192933.468
0 13 846609.8922
0 14 4612587.801
0 15 1721378.546
0 16 5602860.543
0 17 8301442.347
0 18 6348603.629
0 19 5512976.781
0 20 4234384.553
0 21 5296000.651
0 22 4345671.915
0 23 6277238.218
0 24 5873890.415
0 25 8612584.443
0 26 5474185.889
0 27 6119389.08
0 28 4886404.313
0 29 5562530.281
0 30 2975318.862
0 31 2369686.595
0 32 6800212.757
0 33 7195829.197
0 34 2607117.651
0 35 5659924.813
0 36 883594.2056
0 37 4980871.881
0 38 6561067.824
0 39 6881692.45
0 40 4342739.711
0 41 5883160.391
0 42 4599628.226
0 43 9058897.556
0 44 5618936.577
0 45 7263173.369
0 46 3556911.202
0 47 6659998.757
0 48 6951889.972
0 49 5595149.543
0 50 6604323.07
0 51 5624573.394
0 52 8527847.726
0 53 1707738.597
0 54 8897363.333
0 55 1336235.84
0 56 5525376.755
0 57 6752037.542
0 58 3807505.364
0 59 1916247.594
0 60 6656497.901
0 61 7882668.076
0 62 7838799.74
0 63 5461981.056
0 64 2634759.352
0 65 5534834.681
0 66 8375314.41
0 67 6814855.091
0 68 2270564.361
0 69 1234235.457
0 70 4981464.76
0 71 2867059.817
0 72 8031560.898
0 73 1612352.267
0 74 2926061.569
0 75 5679003.408
0 76 5425064.245
0 77 8045643.881
0 78 2814286.56
0 79 2716569.994
0 80 6330153.826
0 81 2302136.093
0 82 4513180.138
0 83 8818901.026
0 84 1982443.637
0 85 3169681.101
0 86 6867570.718
0 87 2401582.39
0 88 5814198.451
0 89 5411820.194
0 90 3651721.336
0 91 7004866.41
0 92 1571140.685
0 93 3672227.149
0 94 2154948.053
0 95 4631514.512
0 96 1518087.093
0 97 8478364.876
0 98 3708831.55
0 99 9065221.053
1 2 2085737.411
1 3 7236180.263
1 4 9776667.973
1 5 1323543.013
1 6 8582523.497
1 7 3090010.247
1 8 4505371.462
1 9 2418385.074
1 10 7366031.534
1 11 5499141.846
1 12 4751681.535
1 13 842726.2894
1 14 6108177.036
1 15 2028024.685
1 16 5949290.558
1 17 9424328.783
1 18 7681514.243
1 19 6971716.247
1 20 4143919.392
1 21 6275773.149
1 22 5807110.119
1 23 7729091.067
1 24 6800984.058
1 25 9716287.782
1 26 5674256.697
1 27 6469723.596
1 28 5524939.33
1 29 7023344.539
1 30 4061922.301
1 31 2912626.794
1 32 8106028.066
1 33 7574769.94
1 34 4101225.795
1 35 6042361.442
1 36 1464093.834
1 37 6289555.108
1 38 6978224.355
1 39 6849048.969
1 40 4283325.855
1 41 7289731.048
1 42 4674525.474
1 43 10004208.37
1 44 7099974.698
1 45 6582299.552
1 46 3989976.516
1 47 6602787.559
1 48 6501640.41
1 49 4971793.091
1 50 7959857.678
1 51 6858342.122
1 52 9455681.728
1 53 3171721.821
1 54 9632506.923
1 55 2347065.247
1 56 6629516.437
1 57 8235920.655
1 58 3948142.501
1 59 3149760.333
1 60 7635507.643
1 61 7866207.868
1 62 7574173.285
1 63 6379771.572
1 64 2296682.818
1 65 4703819.457
1 66 9028315.38
1 67 7298583.272
1 68 3346282.373
1 69 2058239.221
1 70 6459065.921
1 71 1434646.544
1 72 9069788.281
1 73 139090.972
1 74 1462148.634
1 75 7140515.791
1 76 6890778.984
1 77 9157929.183
1 78 2565651.188
1 79 1231622.212
1 80 7591418.371
1 81 1732238.729
1 82 5984193.714
1 83 9372325.734
1 84 2811895.402
1 85 4664417.441
1 86 8208443.949
1 87 3440675.32
1 88 7300726.533
1 89 6202046.56
1 90 5074536.308
1 91 8315507.273
1 92 2655915.207
1 93 3485228.59
1 94 3577916.945
1 95 4003373.901
1 96 2706775.072
1 97 9238197.647
1 98 3853966.194
1 99 9743582.826
2 3 9052706.027
2 4 11374975.73
2 5 2725445.845
2 6 10498606.19
2 7 5120212.514
2 8 6560548.1
2 9 1880690.699
2 10 7476529.112
2 11 7081879.906
2 12 6621353.694
2 13 1837714.679
2 14 6433374.888
2 15 3925912.015
2 16 7928299.769
2 17 10819051.63
2 18 8725164.387
2 19 7631871.761
2 20 6217188.81
2 21 7844855.056
2 22 6494487.324
2 23 8402746.272
2 24 8421302.694
2 25 11136069.09
2 26 7700011.2
2 27 8450845.953
2 28 7357077.612
2 29 7671321.77
2 30 5523026.717
2 31 4751341.714
2 32 9203195.5
2 33 9550656.978
2 34 4506955.156
2 35 8007818.847
2 36 1715491.314
2 37 7405603.566
2 38 8935119.286
2 39 8926485.889
2 40 6353398.946
2 41 8145388.249
2 42 6723578.796
2 43 11607666.24
2 44 7118034.044
2 45 8566281.316
2 46 5909738.004
2 47 8682191.544
2 48 8560899.775
2 49 6999107.662
2 50 8946024.573
2 51 8101815.562
2 52 11076597.83
2 53 3498448.299
2 54 11417473.66
2 55 3861640.171
2 56 8059328.93
2 57 8693203.299
2 58 5972559.043
2 59 2896806.878
2 60 9205018.22
2 61 9943926.761
2 62 9656253.356
2 63 8008121.802
2 64 4377224.316
2 65 6645745.414
2 66 10868220.23
2 67 9226661.57
2 68 4819229.581
2 69 1838887.927
2 70 7024378.3
2 71 2017093.874
2 72 10572621.81
2 73 2012278.063
2 74 2193419.034
2 75 7781398.143
2 76 7516269.979
2 77 10567875.42
2 78 4641378.766
2 79 2616976.522
2 80 8780238.773
2 81 3817973.257
2 82 5990835.964
2 83 11272437.62
2 84 4476195.513
2 85 5135288.507
2 86 9226767.331
2 87 4948919.961
2 88 7363587.369
2 89 7935842.333
2 90 5943922.534
2 91 9400229.764
2 92 2364300.471
2 93 5564340.515
2 94 3659011.995
2 95 6044642.948
2 96 2555210.254
2 97 11004006.74
2 98 5875696.999
2 99 11568614.73
3 4 2969711.091
3 5 6329927.865
3 6 1686113.226
3 7 5779527.818
3 8 5163891.87
3 9 7944721.742
3 10 7498941.834
3 11 2320817.68
3 12 2491612.107
3 13 7216794.816
3 14 6478629.92
3 15 5209120.951
3 16 1873625.831
3 17 3531440.827
3 18 4288368.782
3 19 5585531.749
3 20 3929634.972
3 21 1890303.146
3 22 5361124.734
3 23 5753643.989
3 24 1413792.289
3 25 3630102.83
3 26 2470199.34
3 27 1659210.513
3 28 1711267.128
3 29 5639823.855
3 30 3788935.936
3 31 4332292.316
3 32 4194448.981
3 33 1610494.811
3 34 6257246.125
3 35 1710980.303
3 36 7439763.424
3 37 3848997.46
3 38 1294493.274
3 39 3360303.072
3 40 3793622.045
3 41 4944555.986
3 42 3282978.249
3 43 3152234.82
3 44 7669630.787
3 45 6284982.21
3 46 3279436.41
3 47 3420465.508
3 48 5165396.114
3 49 5504346.097
3 50 4615180.589
3 51 3293446.551
3 52 2612461.738
3 53 6624334.416
3 54 2400400.558
3 55 5220482.749
3 56 2447311.367
3 57 6729996.655
3 58 3611655.055
3 59 7548385.062
3 60 1710188.681
3 61 3655864.605
3 62 4722418.818
3 63 1552484.468
3 64 5310603.216
3 65 6271522.235
3 66 1818662.94
3 67 1003895.17
3 68 4370759.736
3 69 7661804.004
3 70 5804599.542
3 71 8467028.574
3 72 2802488.916
3 73 7364212.198
3 74 8397928.825
3 75 5693534.695
3 76 5687210.803
3 77 3285696.471
3 78 5048664.478
3 79 7786514.713
3 80 3632171.727
3 81 5862403.493
3 82 7331816.354
3 83 2325740.915
3 84 4582109.646
3 85 6027204.155
3 86 4570968.045
3 87 4223122.15
3 88 7617007.628
3 89 1219884.487
3 90 4889606.702
3 91 4329119.919
3 92 7637716.868
3 93 4445853.459
3 94 6970992.885
3 95 5433624.623
3 96 7449623.654
3 97 2026077.383
3 98 3674241.398
3 99 2516639.221
4 5 8687406.123
4 6 3086650.308
4 7 8702599.949
4 8 8133062.281
4 9 9971301.414
4 10 7732586.599
4 11 4301222.984
4 12 5233859.667
4 13 9591004.467
4 14 7156507.332
4 15 7780018.637
4 16 4840358.333
4 17 1519609.307
4 18 4009564.557
4 19 5793961.032
4 20 6874926.615
4 21 3531359.476
4 22 6165323.852
4 23 5558176.868
4 24 2976577.612
4 25 1310017.31
4 26 5432796.813
4 27 4566453.225
4 28 4455744.194
4 29 5823657.802
4 30 5852781.337
4 31 6895403.536
4 32 3593272.703
4 33 4039825.898
4 34 7740475.614
4 35 4678243.726
4 36 9676776.955
4 37 4561395.011
4 38 4082541.893
4 39 6069856.849
4 40 6744250.747
4 41 4942771.994
4 42 6240475.384
4 43 234197.4733
4 44 8047273.098
4 45 9120754.203
4 46 6025608.783
4 47 6191092.699
4 48 7974409.458
4 49 8461621.372
4 50 4155629.378
4 51 3734803.602
4 52 357284.1874
4 53 8407284.417
4 54 1618916.857
4 55 7536453.448
4 56 3402807.382
4 57 6410949.419
4 58 6489952.716
4 59 9344450.705
4 60 2170385.13
4 61 6035764.773
4 62 7284737.285
4 63 3397451.107
4 64 8096453.024
4 65 9238220.22
4 66 2206508.021
4 67 3665252.283
4 68 6557090.122
4 69 9762484.658
4 70 6286801.916
4 71 11109451.98
4 72 1027879.265
4 73 9912389.689
4 74 11063899.88
4 75 5817975.965
4 76 5944147.653
4 77 1510592.916
4 78 7853787.258
4 79 10494116.57
4 80 3439751.854
4 81 8605928.621
4 82 8131430.629
4 83 2841028.617
4 84 6978018.061
4 85 7305725.455
4 86 3928677.203
4 87 6430996.592
4 88 7898690.112
4 89 3637448.48
4 90 6093718.706
4 91 3577427.507
4 92 9578546.996
4 93 7349582.074
4 94 8620002.285
4 95 8399318.673
4 96 9368001.071
4 97 1478539.618
4 98 6539936.803
4 99 2034023.356
5 6 7802286.158
5 7 3429470.89
5 8 4650654.772
5 9 1987214.426
5 10 6129369.504
5 11 4386220.021
5 12 3922486.788
5 13 904103.7885
5 14 4838209.924
5 15 1354207.358
5 16 5296858.714
5 17 8227652.075
5 18 6380299.772
5 19 5651074.137
5 20 3858679.308
5 21 5157697.2
5 22 4488035.253
5 23 6406762.659
5 24 5719289.85
5 25 8531204.776
5 26 5142148.011
5 27 5816443.79
5 28 4640843.911
5 29 5703254.213
5 30 2863916.638
5 31 2068267.332
5 32 6815609.281
5 33 6902242.672
5 34 2859586.558
5 35 5361129.119
5 36 1172860.31
5 37 4995252.87
5 38 6273030.744
5 39 6522194.491
5 40 3970723.646
5 41 5968458.829
5 42 4244789.428
5 43 8918682.431
5 44 5892045.481
5 45 6863588.344
5 46 3252328.238
5 47 6297041.801
5 48 6557679.473
5 49 5195607.257
5 50 6651312.112
5 51 5597834.23
5 52 8380745.45
5 53 2025542.629
5 54 8692050.226
5 55 1150952.685
5 56 5437242.684
5 57 6928606.085
5 58 3455776.43
5 59 2308859.41
5 60 6522833.068
5 61 7527394.66
5 62 7457627.433
5 63 5302461.026
5 64 2235796.467
5 65 5139256.444
5 66 8146924.883
5 67 6541809.507
5 68 2144283.022
5 69 1604760.865
5 70 5147639.016
5 71 2749474.932
5 72 7923144.552
5 73 1455307.671
5 74 2785241.117
5 75 5820575.984
5 76 5572428.595
5 77 7966958.846
5 78 2418699.005
5 79 2495117.838
5 80 6319484.718
5 81 1907925.092
5 82 4802382.571
5 83 8567039.44
5 84 1750756.694
5 85 3388757.199
5 86 6904948.794
5 87 2261210.496
5 88 6077344.402
5 89 5211302.948
5 90 3751038.003
5 91 7023388.563
5 92 1970384.058
5 93 3285277.784
5 94 2496003.089
5 95 4231984.824
5 96 1916377.243
5 97 8279125.254
5 98 3356829.885
5 99 8844889.612
6 7 6665134.663
6 8 5728201.812
6 9 9516505.311
6 10 9109030.064
6 11 4001845.964
6 12 3880364.9
6 13 8663613.676
6 14 8137007.247
6 15 6586286.503
6 16 2693071.268
6 17 4238841.144
6 18 5709081.287
6 19 7163288.766
6 20 4822780.498
6 21 3557181.609
6 22 7021451.504
6 23 7249442.956
6 24 3022327.933
6 25 4198298.747
6 26 3142706.288
6 27 2209083.467
6 28 3186512.196
6 29 7214089.175
6 30 5422693.076
6 31 5747715.105
6 32 5515124.886
6 33 1214892.625
6 34 7934982.982
6 35 2572797.981
6 36 8945610.97
6 37 5468045.403
6 38 1650040.618
6 39 3181932.858
6 40 4670708.956
6 41 6462045.098
6 42 4160882.167
6 43 3165160.45
6 44 9302461.295
6 45 6258557.555
6 46 4599180.081
6 47 3358174.463
6 48 5107037.434
6 49 5917505.877
6 50 6001596.372
6 51 4834769.044
6 52 2793816.073
6 53 8265210.211
6 54 1689031.53
6 55 6737795.498
6 56 4037714.901
6 57 8217470.122
6 58 4717483.074
6 59 9178389.373
6 60 2996960.146
6 61 2973582.233
6 62 4255812.163
6 63 3225391.476
6 64 6477585.827
6 65 6748858.272
6 66 913411.1749
6 67 1285953.354
6 68 5957788.273
6 69 9214190.971
6 70 7431498.508
6 71 9709491.077
6 72 3464439.476
6 73 8702531.352
6 74 9619757.745
6 75 7257473.495
6 76 7275862.297
6 77 4063874.126
6 78 6199630.637
6 79 8977853.751
6 80 5035315.249
6 81 7062356.32
6 82 9005758.968
6 83 804639.3471
6 84 6082582.574
6 85 7713125.139
6 86 5900645.999
6 87 5807745.514
6 88 9235672.229
6 89 2891775.686
6 90 6573270.545
6 91 5610323.563
6 92 9235748.416
6 93 5443221.027
6 94 8628521.52
6 95 6117371.493
6 96 9055016.389
6 97 1623342.691
6 98 4800194.642
6 99 1496171.531
7 8 1456176.57
7 9 5304167.07
7 10 8999961.623
7 11 5011012.662
7 12 3562413.649
7 13 3740078.929
7 14 7639404.009
7 15 2434539.084
7 16 4020164.654
7 17 8841841.686
7 18 7955760.355
7 19 7946160.684
7 20 1864109.702
7 21 5665512.076
7 22 6919215.667
7 23 8592947.791
7 24 5973427.597
7 25 9057097.016
7 26 3522708.055
7 27 4463171.245
7 28 4283291.41
7 29 8008571.316
7 30 4295945.732
7 31 2721779.663
7 32 8235763.976
7 33 5489238.895
7 34 5919319.288
7 35 4165674.803
7 36 4345958.733
7 37 6635753.239
7 38 5028187.443
7 39 4181660.157
7 40 2010375.484
7 41 7927339.439
7 42 2529188.477
7 43 8902229.926
7 44 8863007.868
7 45 3502880.814
7 46 2857144.366
7 47 3921555.669
7 48 3450795.973
7 49 1882909.768
7 50 8301623.533
7 51 6872514.143
7 52 8348515.538
7 53 5326971.809
7 54 8072085.071
7 55 3400265.039
7 56 6289480.412
7 57 9353908.789
7 58 2232889.156
7 59 5737667.687
7 60 6826692.168
7 61 5157963.132
7 62 4621979.87
7 63 5597812.577
7 64 1315459.44
7 65 1710105.355
7 66 7339697.168
7 67 5436672.807
7 68 3868313.781
7 69 4912568.069
7 70 7635783.015
7 71 3537731.813
7 72 8276579.279
7 73 3132095.34
7 74 3391395.874
7 75 8121062.221
7 76 7925189.376
7 77 8564706.8
7 78 1313155.581
7 79 2734061.258
7 80 7610829.598
7 81 1525200.556
7 82 7882716.122
7 83 7464551.005
7 84 3204984.234
7 85 6278582.32
7 86 8467463.645
7 87 3839173.367
7 88 8994848.326
7 89 5151997.871
7 90 6070138.6
7 91 8445353.53
7 92 5380420.064
7 93 1361759.967
7 94 5829238.64
7 95 926424.4211
7 96 5343041.517
7 97 7758787.504
7 98 2199349.267
7 99 8057444.294
8 9 6602700.259
8 10 9689478.692
8 11 5013072.282
8 12 3422859.162
8 13 5092953.432
8 14 8336901.74
8 15 3444431
8 16 3293660.454
8 17 8514944.678
8 18 8084698.065
8 19 8392067.468
8 20 1511337.488
8 21 5529086.808
8 22 7479991.831
8 23 8960553.752
8 24 5692825.516
8 25 8683500.54
8 26 2708338.975
8 27 3626044.874
8 28 3969681.147
8 29 8456205.954
8 30 4751500.495
8 31 3378693.679
8 32 8282540.614
8 33 4515188.651
8 34 6820834.282
8 35 3455298.945
8 36 5670645.633
8 37 6880451.141
8 38 4173851.515
8 39 2901320.42
8 40 1574311.013
8 41 8224483.81
8 42 1978432.032
8 43 8311065.81
8 44 9612238.002
8 45 2235804.427
8 46 2957328.379
8 47 2645157.904
8 48 2000470.373
8 49 586560.329
8 50 8444609.947
8 51 6944787.31
8 52 7775927.752
8 53 6383310.66
8 54 7272941.723
8 55 4341801.36
8 56 6233708.108
8 57 9805685.817
8 58 2188889.586
8 59 6918789.093
8 60 6490158.027
8 61 3818939.455
8 62 3176182.841
8 63 5377278.378
8 64 2414860.556
8 65 1121354.558
8 66 6500557.498
8 67 4604942.823
8 68 4521913.101
8 69 6210623.283
8 70 8184418.288
8 71 4985503.289
8 72 7868085.184
8 73 4558511.935
8 74 4834846.842
8 75 8561359.288
8 76 8398292.615
8 77 8244150.732
8 78 2253702.454
8 79 4183290.185
8 80 7638509.194
8 81 2834085.811
8 82 8721542.843
8 83 6500974.808
8 84 3957452.193
8 85 7081087.951
8 86 8563994.095
8 87 4448183.253
8 88 9710439.922
8 89 4831920.988
8 90 6641548.682
8 91 8482103.865
8 92 6620684.42
8 93 1586894.102
8 94 6890055.662
8 95 541339.2357
8 96 6555328.116
8 97 7015070.121
8 98 2220549.848
8 99 7192163.801
9 10 5601920.542
9 11 5773233.13
9 12 5690176.787
9 13 1607081.434
9 14 4556938.186
9 15 3328997.094
9 16 7146462.365
9 17 9260896.67
9 18 7003267.4
9 19 5796916.873
9 20 5841686.546
9 21 6492910.294
9 22 4682674.122
9 23 6563806.878
9 24 7100235.268
9 25 9591150.123
9 26 7053163.281
9 27 7656195.88
9 28 6330958.184
9 29 5833210.554
9 30 4197071.274
9 31 3933011.733
9 32 7498467.332
9 33 8713082.649
9 34 2671018.257
9 35 7192145.633
9 36 972954.6713
9 37 5745685.143
9 38 8071149.459
9 39 8484664.787
9 40 5950358.576
9 41 6359308.048
9 42 6200937.149
9 43 10205497.9
9 44 5251967.022
9 45 8789977.982
9 46 5110663.956
9 47 8264939.245
9 48 8534732.618
9 49 7130907.195
9 50 7196895.934
9 51 6496047.693
9 52 9698725.805
9 53 1697667.488
9 54 10217311.01
9 55 2815099.701
9 56 6582121.463
9 57 6819632.197
9 58 5407721.169
9 59 1018108.526
9 60 7814691.416
9 61 9482327.507
9 62 9444222.077
9 63 6708361.789
9 64 4196662.876
9 65 6993721.107
9 66 9753614.851
9 67 8296289.231
9 68 3573989.569
9 69 392513.1107
9 70 5175592.498
9 71 3303225.852
9 72 9098622.343
9 73 2458417.844
9 74 3436334.736
9 75 5940685.729
9 76 5674791.117
9 77 9023857.161
9 78 4396444.021
9 79 3536661.765
9 80 7128741.14
9 81 3790316.192
9 82 4119956.283
9 83 10247485.34
9 84 3473878.926
9 85 3296551.048
9 86 7487034.969
9 87 3721690.874
9 88 5493199.188
9 89 6755385.881
9 90 4212234.242
9 91 7687022.826
9 92 488931.2415
9 93 5272298.663
9 94 1786855.116
9 95 6157569.994
9 96 695272.4266
9 97 9786195.836
9 98 5309368.113
9 99 10420609.56
10 11 5482547.822
10 12 6763602.717
10 13 6602079.273
10 14 1361376.955
10 15 6600418.81
10 16 8066139.287
10 17 6376893.123
10 18 3723082.538
10 19 1977545.528
10 20 8284729.082
10 21 5628429.731
10 22 2296810.17
10 23 2224139.771
10 24 6097040.286
10 25 6709158.354
10 26 8394108.19
10 27 8370662.726
10 28 6797428.423
10 29 1936484.361
10 30 4977897.987
10 31 6342936.417
10 32 4159563.987
10 33 8993296.851
10 34 3271535.949
10 35 7993464.892
10 36 6149430.465
10 37 3650069.413
10 38 8440731.367
10 39 9989777.831
10 40 8291400.177
10 41 2796647.849
10 42 8165605.737
10 43 7927442.662
10 44 450875.933
10 45 11813500.57
10 46 6854563.614
10 47 9886815.315
10 48 11055393.39
10 49 10271769.57
10 50 3603918.105
10 51 4297506.746
10 52 7639489.672
10 53 4210574.923
10 54 8825339.472
10 55 5642775.578
10 56 5071849.874
10 57 1695908.408
10 58 7590651.308
10 59 4583957.401
10 60 6219743.642
10 61 10720934.97
10 62 11352315.57
10 63 5969095.726
10 64 7695585.267
10 65 10571832.7
10 66 8799816.492
10 67 8379886.96
10 68 5180294.011
10 69 5731737.304
10 70 1707108.189
10 71 8658226.584
10 72 6707183.591
10 73 7475271.895
10 74 8746619.162
10 75 1924009.959
10 76 1847108.683
10 77 6275066.255
10 78 7693682.705
10 79 8591963.896
10 80 4324183.102
10 81 7710201.679
10 82 1489113.019
10 83 9529604.082
10 84 5805629.075
10 85 2766787.239
10 86 3869085.236
10 87 5243981.131
10 88 191146.3349
10 89 6478535.879
10 90 3078775.143
10 91 4217185.238
10 92 5130780.049
10 93 8109568.604
10 94 3883233.006
10 95 9493797.545
10 96 4962750.551
10 97 8411692.609
10 98 7532718.874
10 99 9198757.755
11 12 1595729.435
11 13 5289933.996
11 14 4322390.717
11 15 3546631.154
11 16 2605462.046
11 17 3981410.795
11 18 3078233.497
11 19 3740162.372
11 20 3506390.854
11 21 776759.5051
11 22 3221030.824
11 23 4142238.777
11 24 1340922.943
11 25 4250634.462
11 26 3008563.621
11 27 2888123.181
11 28 1336930.315
11 29 3802358.403
11 30 1580721.474
11 31 2689758.955
11 32 3274078.337
11 33 3589159.22
11 34 3936623.308
11 35 2520122.82
11 36 5395386.106
11 37 2010896.361
11 38 2993867.369
11 39 4547771.352
11 40 3439497.567
11 41 3345023.474
11 42 3105662.578
11 43 4532469.744
11 44 5581418.984
11 45 6804059.23
11 46 2159586.688
11 47 4472737.646
11 48 5864012.217
11 49 5524989.552
11 50 3440174.647
11 51 1932242.104
11 52 3996117.068
11 53 4347660.746
11 54 4452295.44
11 55 3235273.28
11 56 1279730.344
11 57 5077524.146
11 58 2873212.177
11 59 5283725.796
11 60 2140456.907
11 61 5239411.312
11 62 5942459.267
11 63 936353.6828
11 64 4080912.96
11 65 6096966.613
11 66 4049919.797
11 67 3006867.748
11 68 2263650.422
11 69 5528149.229
11 70 3781831.75
11 71 6866847.725
11 72 3572850.051
11 73 5636486.751
11 74 6836478.059
11 75 3885365.193
11 76 3800418.542
11 77 3707305.149
11 78 3888347.975
11 79 6306413.994
11 80 2633194.286
11 81 4503562.266
11 82 5103761.801
11 83 4634336.654
11 84 2688453.362
11 85 3719979.357
11 86 3551035.165
11 87 2133101.222
11 88 5572785.02
11 89 1113327.763
11 90 2627798.71
11 91 3476934.775
11 92 5424576.622
11 93 3698883.94
11 94 4668695.897
11 95 5051634.688
11 96 5225743.322
11 97 4017411.186
11 98 2872634.699
11 99 4680272.593
12 13 4784845.956
12 14 5490915.375
12 15 2729654.137
12 16 1518559.519
12 17 5279489.979
12 18 4673851.585
12 19 5189232.038
12 20 1924369.216
12 21 2133600.717
12 22 4467657.269
12 23 5669098.082
12 24 2411681.84
12 25 5498300.457
12 26 1664829.795
12 27 1995701.393
12 28 792171.0949
12 29 5253180.894
12 30 1941300.104
12 31 1870612.035
12 32 4859755.839
12 33 3024165.812
12 34 4557230.012
12 35 1530153.806
12 36 5071698.948
12 37 3542595.988
12 38 2381067.198
12 39 3283771.494
12 40 1848613.035
12 41 4893278.655
12 42 1516752.397
12 43 5446958.902
12 44 6789729.505
12 45 5235209.621
12 46 797945.1689
12 47 3150349.104
12 48 4345153.53
12 49 3929488.787
12 50 5035607.365
12 51 3527229.805
12 52 4888623.015
12 53 4621098.565
12 54 4891990.513
12 55 2881351.98
12 56 2815975.599
12 57 6572976.117
12 58 1340614.607
12 59 5474609.631
12 60 3268979.525
12 61 4139869.35
12 62 4601341.264
12 63 2037494.534
12 64 2865228.787
12 65 4516931.75
12 66 4276827.048
12 67 2622067.438
12 68 2236786.267
12 69 5368616.978
12 70 5115381.398
12 71 5977335.608
12 72 4728178.07
12 73 4878040.183
12 74 5911239.028
12 75 5347338.63
12 76 5225494.07
12 77 5002317.333
12 78 2619934.6
12 79 5308332.762
12 80 4215651.285
12 81 3392787.596
12 82 6121643.502
12 83 4651105.355
12 84 2221268.99
12 85 4550834.61
12 86 5144896.966
12 87 2090106.758
12 88 6826132.877
12 89 1609692.338
12 90 3714506.011
12 91 5059288.966
12 92 5452704.22
12 93 2206537.932
12 94 5053600.147
12 95 3491770.314
12 96 5289072.913
12 97 4510526.209
12 98 1364101.299
12 99 4992093.076
13 14 5378648.315
13 15 2111025.609
13 16 6113148.337
13 17 9114405.495
13 18 7194637.704
13 19 6339937.64
13 20 4514067.985
13 21 6060790.302
13 22 5172882.088
13 23 7106998.843
13 24 6623389.343
13 25 9421142.934
13 26 5914413.491
13 27 6635243.71
13 28 5519518.534
13 29 6388194.788
13 30 3760042.122
13 31 2915934.819
13 32 7644524.985
13 33 7730774.755
13 34 3362063.864
13 35 6187158.744
13 36 635753.9895
13 37 5824460.237
13 38 7109871.207
13 39 7217160.975
13 40 4640194.98
13 41 6726451.637
13 42 4968926.149
13 43 9822393.148
13 44 6318470.629
13 45 7241184.136
13 46 4082453.882
13 47 6981556.251
13 48 7063553.217
13 49 5597514.74
13 50 7450932.853
13 51 6457956.328
13 52 9284773.214
13 53 2391756.785
13 54 9586777.277
13 55 2054746.147
13 56 6328544.789
13 57 7554450.042
13 58 4196993.78
13 59 2307752.887
13 60 7425682.09
13 61 8231562.131
13 62 8057691.239
13 63 6206541.452
13 64 2738395.707
13 65 5410198.527
13 66 9031420.862
13 67 7394354.807
13 68 3042656.137
13 69 1231856.879
13 70 5794498.524
13 71 2066286.482
13 72 8821602.668
13 73 916044.3618
13 74 2145624.701
13 75 6504086.443
13 76 6247694.409
13 77 8855676.459
13 78 2974211.676
13 79 2050800.82
13 80 7168857.336
13 81 2258873.49
13 82 5193305.72
13 83 9435657.236
13 84 2647261.476
13 85 3951823.854
13 86 7713988.39
13 87 3162629.047
13 88 6527901.639
13 89 6109464.029
13 90 4494085.679
13 91 7849655.721
13 92 1814931.373
13 93 3890580.081
13 94 2767761.789
13 95 4621398.232
13 96 1864459.972
13 97 9176068.685
13 98 4098636.3
13 99 9733159.031
14 15 5245279.497
14 16 6852965.847
14 17 5952314.463
14 18 3264420.87
14 19 1528644.061
14 20 6946174.77
14 21 4588348.766
14 22 1117657.565
14 23 2187507.051
14 24 5119146.022
14 25 6298653.541
14 26 7141840.492
14 27 7192697.63
14 28 5597357.018
14 29 1533343.76
14 30 3651509.251
14 31 4983406
14 32 3770608.96
14 33 7896804.568
14 34 2016657.998
14 35 6792947.46
14 36 4979078.462
14 37 2714567.096
14 38 7314417.988
14 39 8751854.364
14 40 6958138.258
14 41 2353425.624
14 42 6853815.107
14 43 7369992.712
14 44 1301199.721
14 45 10474476.17
14 46 5529980.431
14 47 8634918.089
14 48 9740954.653
14 49 8920320.107
14 50 3280545.093
14 51 3485484.304
14 52 7007835.837
14 53 3013684.306
14 54 8059126.059
14 55 4291780.863
14 56 4138057.74
14 57 2265004.997
14 58 6255419.869
14 59 3555045.725
14 60 5392554.618
14 61 9525928.065
14 62 10091906.91
14 63 4926683.979
14 64 6336481.592
14 65 9211531.027
14 66 7931332.442
14 67 7297306.545
14 68 3821981.476
14 69 4624722.365
14 70 902110.9368
14 71 7444802.882
14 72 6134784.399
14 73 6223803.811
14 74 7521167.178
14 75 1606147.989
14 76 1370018.338
14 77 5798642.494
14 78 6332513.14
14 79 7322938.868
14 80 3730795.043
14 81 6362703.074
14 82 981772.8901
14 83 8631593.62
14 84 4444267.475
14 85 1449545.994
14 86 3583028.845
14 87 3889052.264
14 88 1373706.876
14 89 5378577.724
14 90 1776600.789
14 91 3891564.937
14 92 4070019.102
14 93 6754621.892
14 94 2774778.907
14 95 8134639.923
14 96 3879040.415
14 97 7627886.507
14 98 6194513.033
14 99 8403058.138
15 16 4004312.045
15 17 7519299.649
15 18 6051633.707
15 19 5712804.599
15 20 2513984.367
15 21 4316823.957
15 22 4617260.234
15 23 6413936.582
15 24 4812454.069
15 25 7795480.857
15 26 3808784.562
15 27 4526727.246
15 28 3497890.377
15 29 5772366.465
15 30 2275958.258
15 31 888394.0183
15 32 6420766.741
15 33 5625079.137
15 34 3484851.511
15 35 4081981.686
15 36 2517469.656
15 37 4659832.576
15 38 5009664.516
15 39 5168005.603
15 40 2621361.574
15 41 5835164.316
15 42 2892069.067
15 43 8005194.778
15 44 6444240.108
15 45 5679959.402
15 46 1988023.372
15 47 4943047.407
15 48 5274824.389
15 49 4015670.336
15 50 6366659.498
15 51 5100145.015
15 52 7453089.734
15 53 2944535.999
15 54 7604596.566
15 55 967313.6785
15 56 4745571.771
15 57 7090748.055
15 58 2105693.401
15 59 3495055.008
15 60 5661183.248
15 61 6173793.911
15 62 6121387.456
15 63 4391792.499
15 64 1119979.021
15 65 4100839.187
15 66 7005722.612
15 67 5308179.823
15 68 1647551.319
15 69 2953115.327
15 70 5328244.253
15 71 3330784.289
15 72 7113912.017
15 73 2157857.729
15 74 3292689.627
15 75 5888595.955
15 76 5669725.348
15 77 7247356.366
15 78 1200175.943
15 79 2764432.668
15 80 5851620.418
15 81 1154082.769
15 82 5449576.373
15 83 7368836.375
15 84 968702.405
15 85 3856337.388
15 86 6581374.121
15 87 1681610.825
15 88 6585849.093
15 89 4181489.411
15 90 3783373.959
15 91 6633919.212
15 92 3252985.279
15 93 1973554.62
15 94 3451434.458
15 95 3092969.296
15 96 3159006.492
15 97 7210356.928
15 98 2006724.448
15 99 7718997.143
16 17 5322690.955
16 18 5472300.27
16 19 6343744.406
16 20 2157830.81
16 21 2746680.017
16 22 5780490.014
16 23 6710012.868
16 24 2666847.794
16 25 5457334.585
16 26 600220.7799
16 27 522547.255
16 28 1271346.832
16 29 6405580.697
16 30 3432698.864
16 31 3233723.508
16 32 5527221.476
16 33 1625847.231
16 34 6061847.623
16 35 162877.9098
16 36 6466061.264
16 37 4597220.514
16 38 1045954.262
16 39 1943955.768
16 40 2009901.579
16 41 5898414.919
16 42 1491544.349
16 43 5017405.373
16 44 8137087.74
16 45 4523798.277
16 46 2046294.719
16 47 1886394.629
16 48 3457604.984
16 49 3633171.586
16 50 5830576.694
16 51 4336380.045
16 52 4483397.569
16 53 6137232.184
16 54 4055418.131
16 55 4332293.123
16 56 3489321.802
16 57 7662053.708
16 58 2031800.154
16 59 6980762.31
16 60 3345718.093
16 61 2677178.729
16 62 3347855.648
16 63 2478282.92
16 64 3790740.902
16 65 4398297.612
16 66 3319963.656
16 67 1425797.539
16 68 3753477.063
16 69 6809271.829
16 70 6375243.102
16 71 7027742.645
16 72 4631746.487
16 73 6063575.202
16 74 6933826.53
16 75 6486379.317
16 76 6405804.356
16 77 5061683.608
16 78 3511339.593
16 79 6288224.765
16 80 4896180.682
16 81 4379502.264
16 82 7550179.341
16 83 3497504.355
16 84 3676511.299
16 85 6020135.176
16 86 5868349.808
16 87 3607629.412
16 88 8146932.32
16 89 1860026.789
16 90 5094040.53
16 91 5700624.27
16 92 6935324.817
16 93 2755940.208
16 94 6572096.219
16 95 3586578.17
16 96 6779269.666
16 97 3758472.537
16 98 2118133.602
16 99 4039432.909
17 18 2699827.279
17 19 4501598.932
17 20 7118270.748
17 21 3232236.355
17 22 5058327.376
17 23 4164024.536
17 24 2868966.483
17 25 347951.242
17 26 5919409.962
17 27 5185405.221
17 28 4584746.659
17 29 4522141.589
17 30 5370186.037
17 31 6670829.187
17 32 2222930.304
17 33 4949779.741
17 34 6831386.277
17 35 5162824.854
17 36 9103572.261
17 37 3572676.428
17 38 4807145.561
17 39 6875596.209
17 40 7008049.479
17 41 3638479.497
17 42 6544934.928
17 43 1654514.691
17 44 6722119.693
17 45 9810169.466
17 46 6015794.283
17 47 6948536.619
17 48 8696139.655
17 49 8921785.715
17 50 2773256.999
17 51 2774800.367
17 52 1607583.314
17 53 7615454.938
17 54 3047767.591
17 55 7096337.957
17 56 2795322.965
17 57 4963563.102
17 58 6613712.011
17 59 8526881.927
17 60 2029473.606
17 61 7032697.787
17 62 8199248.127
17 63 3248887.19
17 64 8035598.507
17 65 9636289.224
17 66 3466429.684
17 67 4445553.254
17 68 6090957.732
17 69 9101433.422
17 70 5056558.926
17 71 10819814.66
17 72 777674.6289
17 73 9563103.395
17 74 10798446.9
17 75 4498922.465
17 76 4658878.728
17 77 277548.6461
17 78 7824544.773
17 79 10283032.95
17 80 2254891.778
17 81 8480503.894
17 82 6933977.975
17 83 4184706.122
17 84 6622855.887
17 85 6326334.238
17 86 2513022.373
17 87 5987168.526
17 88 6551437.816
17 89 3708233.161
17 90 5157089.101
17 91 2161817.434
17 92 8830897.483
17 93 7483863.944
17 94 7753324.535
17 95 8694617.037
17 96 8614389.225
17 97 2787306.091
17 98 6642797.69
17 99 3473210.505
18 19 1803639.397
18 20 6574433.021
18 21 2725984.332
18 22 2462499.679
18 23 1588728.587
18 24 2923627.9
18 25 3043402.276
18 26 5971378.775
18 27 5595217.463
18 28 4297782.616
18 29 1826905.958
18 30 3781414.992
18 31 5353779.805
18 32 518828.6941
18 33 5894499.207
18 34 4401371.17
18 35 5348162.743
18 36 7041190.175
18 37 1398796.914
18 38 5469529.812
18 39 7373782.815
18 40 6513561.163
18 41 941373.4102
18 42 6181964.573
18 43 4205863.684
18 44 4043210.941
18 45 9859590.974
18 46 5173035.409
18 47 7350059.707
18 48 8878139.094
18 49 8602401.295
18 50 363065.9625
18 51 1154028.85
18 52 3922439.945
18 53 5307474.732
18 54 5165427.09
18 55 5363915.62
18 56 1983475.652
18 57 2526287.289
18 58 5920334.005
18 59 6153895.659
18 60 2712450.698
18 61 7875947.772
18 62 8787926.451
18 63 3004819.269
18 64 6865303.572
18 65 9156502.472
18 66 5244711.403
18 67 5276449.344
18 68 4422195.487
18 69 6915197.251
18 70 2363987.569
18 71 9116119.155
18 72 2984241.621
18 73 7818518.657
18 74 9133061.18
18 75 1812281.332
18 76 1959894.798
18 77 2569004.365
18 78 6727382.982
18 79 8724429.866
18 80 674072.165
18 81 7165075.203
18 82 4244147.539
18 83 5997801.63
18 84 5083320.25
18 85 3828853.549
18 86 530526.4202
18 87 4371754.412
18 88 3889405.446
18 89 3621249.599
18 90 2792299.803
18 91 686418.1798
18 92 6537651.549
18 93 6706511.928
18 94 5343097.843
18 95 8095155.975
18 96 6320259.957
18 97 4772038.909
18 98 5908420.944
18 99 5558213.444
19 20 6911178.923
19 21 3753182.563
19 22 1167373.158
19 23 772328.7895
19 24 4173234.427
19 25 4843599.766
19 26 6738727.948
19 27 6592429.521
19 28 5077084.111
19 29 64318.99728
19 30 3669573.438
19 31 5224864.823
19 32 2286529.305
19 33 7122788.101
19 34 3128268.563
19 35 6252202.569
19 36 6047751.598
19 37 1767955.205
19 38 6602133.609
19 39 8287226.946
19 40 6889243.958
19 41 863124.3253
19 42 6675026.426
19 43 5996266.609
19 44 2256441.768
19 45 10394137.58
19 46 5447839.272
19 47 8212042.805
19 48 9534383.283
19 49 8955703.535
19 50 1768789.826
19 51 2332638.061
19 52 5683317.033
19 53 4133678.243
19 54 6848718.566
19 55 4845438.279
19 56 3139982.91
19 57 1415526.298
19 58 6214660.04
19 59 4845694.831
19 60 4246300.795
19 61 8944534.883
19 62 9682207.282
19 63 4089068.277
19 64 6709402.814
19 65 9374527.71
19 66 6827329.208
19 67 6502608.426
19 68 4100755.351
19 69 5793381.977
19 70 656769.6649
19 71 8377956.833
19 72 4766106.703
19 73 7099924.756
19 74 8428341.228
19 75 175902.3021
19 76 160821.4648
19 77 4372024.046
19 78 6641428.613
19 79 8130227.021
19 80 2361835.577
19 81 6866815.388
19 82 2484724.593
19 83 7561145.139
19 84 4788195.495
19 85 2500814.07
19 86 2066553.65
19 87 4112852.914
19 88 2127835.597
19 89 4639407.694
19 90 1938173.322
19 91 2387960.141
19 92 5310070.328
19 93 6866479.003
19 94 4027863.828
19 95 8285257.48
19 96 5102054.981
19 97 6434243.405
19 98 6174654.406
19 99 7221235.536
20 21 4049741.554
20 22 6039001.856
20 23 7462698.452
20 24 4262227.015
20 25 7309649.142
20 26 1687416.354
20 27 2614192.664
20 28 2535017.096
20 29 6975457.573
20 30 3311138.77
20 31 2132156.508
20 32 6779117.565
20 33 3670644.827
20 34 5580527.432
20 35 2301899.993
20 36 4998741.284
20 37 5372771.41
20 38 3177147.326
20 39 2710555.638
20 40 153761.1488
20 41 6719103.435
20 42 666365.7139
20 43 7068854.415
20 44 8237117.387
20 45 3528898.535
20 46 1463368.134
20 47 2469952.397
20 48 2872160.763
20 49 2051129.503
20 50 6934003.928
20 51 5436695.933
20 52 6518963.035
20 53 5295249.761
20 54 6207982.422
20 55 3240939.271
20 56 4740331.466
20 57 8321319.558
20 58 698812.0633
20 59 5962297.727
20 60 5089110.375
20 61 3727785.762
20 62 3609736.941
20 63 3921844.645
20 64 1850680.568
20 65 2592895.979
20 66 5477772.133
20 67 3578871.64
20 68 3187034.366
20 69 5462907.743
20 70 6733878.474
20 71 5029953.64
20 72 6509470.73
20 73 4236829.861
20 74 4916272.653
20 75 7078503.008
20 76 6924090.934
20 77 6843680.962
20 78 1578283.888
20 79 4253968.646
20 80 6136256.723
20 81 2437292.457
20 82 7406657.644
20 83 5625702.563
20 84 2725786.57
20 85 5765497.477
20 86 7056103.626
20 87 3090616.44
20 88 8317758.684
20 89 3410749.554
20 90 5213327.639
20 91 6980237.934
20 92 5759246.566
20 93 670744.2832
20 94 5791991.819
20 95 1580658.09
20 96 5653773.387
20 97 5896367.041
20 98 752015.9849
20 99 6197020.114
21 22 3470897.078
21 23 4017336.343
21 24 619021.5458
21 25 3490335.484
21 26 3250872.442
21 27 2897483.984
21 28 1600905.379
21 29 3810710.537
21 30 2326485.84
21 31 3452014.857
21 32 2810639.856
21 33 3372153.381
21 34 4502505.428
21 35 2624860.523
21 36 6151082.861
21 37 1990248.623
21 38 2853013.292
21 39 4660008.525
21 40 3962714.521
21 41 3199116.744
21 42 3565934.123
21 43 3763508.676
21 44 5785521.046
21 45 7169705.264
21 46 2812313.979
21 47 4627541.259
21 48 6162900.754
21 49 6007122.747
21 50 3085141.38
21 51 1593138.702
21 52 3232520.708
21 53 5010039.345
21 54 3785147.055
21 55 4006940.203
21 56 745661.1713
21 57 4986639.973
21 58 3469036.061
21 59 5951658.787
21 60 1365438.779
21 61 5225530.806
21 62 6074074.292
21 63 340976.8087
21 64 4805086.737
21 65 6636000.925
21 66 3464823.048
21 67 2754465.496
21 68 3026028.212
21 69 6262046.125
21 70 3926587.083
21 71 7640788.301
21 72 2798155.043
21 73 6413060.066
21 74 7608560.418
21 75 3875251.085
21 76 3842598.807
21 77 2956053.712
21 78 4598854.631
21 79 7072296.21
21 80 2168979.791
21 81 5249610.364
21 82 5448583.677
21 83 4108579.161
21 84 3465211.643
21 85 4205711.945
21 86 3135689.969
21 87 2899695.263
21 88 5740652.591
21 89 910376.8745
21 90 3031623.673
21 91 2996631.821
21 92 6126720.605
21 93 4324688.779
21 94 5294519.229
21 95 5623798.946
21 96 5922919.976
21 97 3344120.6
21 98 3483734.025
21 99 4048038.26
22 23 1934829.458
22 24 4006339.616
22 25 5406190.623
22 26 6098086.787
22 27 6102637.203
22 28 4516066.032
22 29 1217089.57
22 30 2730855.504
22 31 4205392.701
22 32 2981027.842
22 33 6784618.504
22 34 2015657.548
22 35 5713247.762
22 36 4889480.217
22 37 1636990.672
22 38 6207661.849
22 39 7697030.644
22 40 6035733.786
22 41 1691531.529
22 42 5884801.038
22 43 6385622.076
22 44 2361355.408
22 45 9561082.556
22 46 4590850.944
22 47 7591191.266
22 48 8773295.92
22 49 8055915.981
22 50 2581268.027
22 51 2442665.236
22 52 5992715.817
22 53 2999109.07
22 54 6986856.142
22 55 3719755.146
22 56 3038281.218
22 57 2478525.63
22 58 5340931.958
22 59 3765184.913
22 60 4314783.307
22 61 8445325.812
22 62 9055901.099
22 63 3809070.21
22 64 5651423.473
22 65 8414213.426
22 66 6831925.425
22 67 6182834.784
22 68 3050947.123
22 69 4656072.887
22 70 716578.813
22 71 7211030.505
22 72 5157142.335
22 73 5934677.278
22 74 7262418.64
22 75 1333895.244
22 76 1084686.463
22 77 4877918.021
22 78 5606726.744
22 79 6972386.114
22 80 2803816.61
22 81 5767541.167
22 82 2015421.017
22 83 7525219.261
22 84 3724208.372
22 85 1403476.87
22 86 2884248.953
22 87 3085357.053
22 88 2367815.851
22 89 4264813.793
22 90 849637.6648
22 91 3139838.856
22 92 4200302.978
22 93 5918621.813
22 94 2944418.8
22 95 7326521.684
22 96 3987890.322
22 97 6551765.186
22 98 5289201.891
22 99 7320825.76
23 24 4347999.701
23 25 4492153.393
23 26 7147850.82
23 27 6909444.564
23 28 5464252.275
23 29 731447.5616
23 30 4297767.939
23 31 5879933.331
23 32 1965114.584
23 33 7336430.477
23 34 3897503.176
23 35 6604778.204
23 36 6819717.779
23 37 2133534.012
23 38 6859056.353
23 39 8649260.94
23 40 7429233.372
23 41 818352.1378
23 42 7177483.699
23 43 5743901.075
23 44 2599808.211
23 45 10902030.58
23 46 6003756.456
23 47 8594294.123
23 48 9998545.257
23 49 9513619.429
23 50 1402872.629
23 51 2464151.29
23 52 5493183.957
23 53 4904954.181
23 54 6753997.746
23 55 5570325.797
23 56 3329535.503
23 57 976519.6453
23 58 6772785.982
23 59 5605399.157
23 60 4265227.994
23 61 9242748.71
23 62 10057716.49
23 63 4337236.173
23 64 7381492.424
23 65 9971409.831
23 66 6822244.09
23 67 6713722.591
23 68 4782893.969
23 69 6564538.852
23 70 1395260.154
23 71 9140026.436
23 72 4541928.681
23 73 7858355.722
23 74 9187780.671
23 75 623307.1088
23 76 889259.451
23 77 4076512.058
23 78 7298267.694
23 79 8878232.264
23 80 2247906.963
23 81 7567186.533
23 82 3080372.092
23 83 7572226.303
23 84 5473404.359
23 85 3269435.955
23 86 1651147.235
23 87 4782304.123
23 88 2404915.444
23 89 4925897.13
23 90 2670187.209
23 91 2002332.806
23 92 6076304.468
23 93 7466081.51
23 94 4789888.295
23 95 8884981.506
23 96 5869395.812
23 97 6360401.693
23 98 6740323.103
23 99 7146813.828
24 25 3088227.572
24 26 3227577.732
24 27 2704959.224
24 28 1728701.619
24 29 4227096.697
24 30 2918351.093
24 31 3932508.124
24 32 2898401.743
24 33 2989709.906
24 34 5117127.381
24 35 2523391.517
24 36 6736308.728
24 37 2449000.526
24 38 2545984.103
24 39 4492708.894
24 40 4158086.194
24 41 3535650.566
24 42 3714461.809
24 43 3205471.983
24 44 6281359.44
24 45 7179242.43
24 46 3161713.082
24 47 4494390.993
24 48 6124431.051
24 49 6133314
24 50 3265408.592
24 51 1884295.9
24 52 2662416.792
24 53 5628112.643
24 54 3166301.84
24 55 4569060.74
24 56 1033732.672
24 57 5324477.018
24 58 3744767.216
24 59 6569500.014
24 60 866069.3689
24 61 4952974.383
24 62 5901012.495
24 63 421283.124
24 64 5209811.101
24 65 6811906.065
24 66 2864302.936
24 67 2367484.09
24 68 3604264.857
24 69 6863038.716
24 70 4411340.893
24 71 8143224.201
24 72 2335034.459
24 73 6936989.448
24 74 8102754.217
24 75 4279957.629
24 76 4277015.491
24 77 2592167.579
24 78 4985928.854
24 79 7547020.521
24 80 2292626.796
24 81 5686988.49
24 82 6004578.183
24 83 3528322.519
24 84 4001850.396
24 85 4807310.176
24 86 3258476.746
24 87 3472481.857
24 88 6219423.887
24 89 861658.3746
24 90 3620374.277
24 91 3058630.823
24 92 6739226.9
24 93 4614928.638
24 94 5913396.491
24 95 5842284.414
24 96 6536494.145
24 97 2725145.278
24 98 3774156.348
24 99 3433218.788
25 26 6056753.806
25 27 5289307.529
25 28 4783548.467
25 29 4863276.764
25 30 5669766.602
25 31 6939497.007
25 32 2561355.2
25 33 4982017.16
25 34 7173592.427
25 35 5295875.661
25 36 9420853.463
25 37 3915205.464
25 38 4883889.174
25 39 6944219.357
25 40 7195146.604
25 41 3980622.742
25 42 6722352.912
25 43 1408645.304
25 44 7058503.863
25 45 9914676.406
25 46 6247994.349
25 47 7029285.036
25 48 8790651.259
25 49 9075278.421
25 50 3107489.654
25 51 3112717.599
25 52 1466333.626
25 53 7950765.071
25 54 2899533.033
25 55 7395446.131
25 56 3094111.822
25 57 5275213.286
25 58 6825202.968
25 59 8864700.806
25 60 2230407.437
25 61 7051399.916
25 62 8243801.719
25 63 3482017.301
25 64 8282804.277
25 65 9804064.75
25 66 3385133.62
25 67 4505861.019
25 68 6390803.988
25 69 9427251.824
25 70 5402224.501
25 71 11105210.74
25 72 827921.6436
25 73 9854851.303
25 74 11080553.55
25 75 4838266.865
25 76 5001310.46
25 77 568617.3721
25 78 8066113.71
25 79 10556943.83
25 80 2602637.403
25 81 8738814.766
25 82 7280228.747
25 83 4078995.184
25 84 6909818.06
25 85 6671517.021
25 86 2841360.203
25 87 6283900.019
25 88 6884874.336
25 89 3908569.157
25 90 5499253.402
25 91 2492012.079
25 92 9163841.102
25 93 7696495.456
25 94 8093752.61
25 95 8880649.499
25 96 8947633.62
25 97 2681345.438
25 98 6858124.599
25 99 3322301.617
26 27 945202.3816
26 28 1687097.759
26 29 6801633.751
26 30 3600151.632
26 31 3121196.525
26 32 6054093.465
26 33 1983646.263
26 34 6194788.725
26 35 762732.0698
26 36 6314736.012
26 37 5019092.248
26 38 1509820.371
26 39 1618945.548
26 40 1534078.134
26 41 6344377.254
26 42 1039248.083
26 43 5606717.367
26 44 8437357.418
26 45 3951665.124
26 46 1964903.693
26 47 1493649.48
26 48 2913500.132
26 49 3034410.185
26 50 6332392.492
26 51 4824399.796
26 52 5076194.807
26 53 6171760.499
26 54 4593250.427
26 55 4263088.183
26 56 3996516.366
26 57 8086079.098
26 58 1728527.785
26 59 6973348.901
26 60 3933347.821
26 61 2506428.804
26 62 2958741.39
26 63 3006483.059
26 64 3441623.996
26 65 3806022.19
26 66 3838285.81
26 67 1928774.793
26 68 3812729.591
26 69 6700053.671
26 70 6722928.921
26 71 6672699.556
26 72 5231496.461
26 73 5780894.918
26 74 6568153.394
26 75 6888021.54
26 76 6790331.672
26 77 5657221.967
26 78 3160003.087
26 79 5911977.68
26 80 5416636.377
26 81 4036865.28
26 82 7786267.277
26 83 3943402.99
26 84 3626288.485
26 85 6212366.055
26 86 6385873.647
26 87 3674765.327
26 88 8464147.475
26 89 2395064.616
26 90 5367780.417
26 91 6233260.35
26 92 6880262.23
26 93 2330506.904
26 94 6629147.078
26 95 3026085.967
26 96 6738119.489
26 97 4316062.675
26 98 1824696.596
26 99 4548387.159
27 28 1602809.65
27 29 6652858.822
27 30 3867964.297
27 31 3751426.802
27 32 5602252.925
27 33 1105175.909
27 34 6499044.038
27 35 466368.6446
27 36 6984685.115
27 37 4829026.137
27 38 565238.1473
27 39 1787755.258
27 40 2462496.182
27 41 6092231.55
27 42 1951804.735
27 43 4728659.224
27 44 8463961.365
27 45 4626319.267
27 46 2564519.002
27 47 1801294.685
27 48 3512275.947
27 49 3906939.79
27 50 5946838.499
27 51 4485986.46
27 52 4212727.849
27 53 6614511.967
27 54 3653648.129
27 55 4841140.64
27 56 3620127.475
27 57 7873753.486
27 58 2542878.287
27 59 7469954.646
27 60 3279600.264
27 61 2354300.79
27 62 3197509.529
27 63 2594327.071
27 64 4297916.409
27 65 4704584.325
27 66 2894061.764
27 67 985159.4589
27 68 4230703.044
27 69 7322040.458
27 70 6668930.492
27 71 7536301.33
27 72 4461644.444
27 73 6583367.981
27 74 7439727.319
27 75 6727442.829
27 76 6664754.823
27 77 4934969.932
27 78 4017499.908
27 79 6790907.941
27 80 4987669.273
27 81 4888931.906
27 82 7924713.386
27 83 3012831.232
27 84 4183411.163
27 85 6426510.934
27 86 5958143.474
27 87 4083020.634
27 88 8460187.452
27 89 1987172.95
27 90 5453308.682
27 91 5763549.86
27 92 7437207.944
27 93 3236304.786
27 94 7040326.175
27 95 3965455.875
27 96 7277956.542
27 97 3389216.981
27 98 2631292.665
27 99 3603196.769
28 29 5139252.826
28 30 2320178.787
28 31 2622800.174
28 32 4409989.765
28 33 2474105.293
28 34 4935453.323
28 35 1197181.878
28 36 5769651.694
28 37 3340139.107
28 38 1833379.804
28 39 3211302.215
28 40 2429424.003
28 41 4658549.121
28 42 1992240.348
28 43 4665987.79
28 44 6875528.679
28 45 5571284.484
28 46 1589797.523
28 47 3136857.07
28 48 4581274.734
28 49 4425664.016
28 50 4660086.021
28 51 3146342.522
28 52 4107872.705
28 53 5136238.828
28 54 4109073.168
28 55 3555258.963
28 56 2339896.723
28 57 6407977.073
28 58 2051644.272
28 59 6028564.972
28 60 2556920.096
28 61 3929827.979
28 62 4605992.107
28 63 1411038.821
28 64 3652894.17
28 65 5086768.125
28 66 3514627.928
28 67 1982174.572
28 68 2785226.565
28 69 6027786.859
28 70 5104448.996
28 71 6766261.393
28 72 3994586.097
28 73 5653113.162
28 74 6701789.54
28 75 5221841.359
28 76 5136729.944
28 77 4309616.251
28 78 3403216.493
28 79 6100402.04
28 80 3766625.499
28 81 4184630.34
28 82 6321906.066
28 83 3932644.168
28 84 2904089.732
28 85 4833539.005
28 86 4728309.032
28 87 2634664.45
28 88 6880460.602
28 89 876540.3473
28 90 3851350.848
28 91 4597343.627
28 92 6058810.927
28 93 2921651.643
28 94 5533500.712
28 95 4114249.323
28 96 5882717.477
28 97 3722442.63
28 98 2093497.556
28 99 4223344.744
29 30 3732984.071
29 31 5287158.46
29 32 2303908.951
29 33 7179517.224
29 34 3166145.359
29 35 6313648.53
29 36 6091958.443
29 37 1827057.851
29 38 6660466.208
29 39 8349160.835
29 40 6953557.122
29 41 885544.4443
29 42 6739244.89
29 43 6024808.719
29 44 2224220.205
29 45 10458425.09
29 46 5512121.316
29 47 8274470.839
29 48 9598325.693
29 49 9019920.655
29 50 1779594.067
29 51 2381708.403
29 52 5716334.143
29 53 4173648.07
29 54 6888858.445
29 55 4902853.723
29 56 3193588.044
29 57 1351787.658
29 58 6278916.812
29 59 4878332.298
29 60 4291913.723
29 61 9004658.355
29 62 9744568.679
29 63 4146152.651
29 64 6770750.672
29 65 9438255.287
29 66 6872997.863
29 67 6559089.32
29 68 4161881.488
29 69 5833175.717
29 70 677600.1732
29 71 8428109.94
29 72 4795941.095
29 73 7151256.632
29 74 8479310.504
29 75 117671.8352
29 76 166868.9207
29 77 4395909.598
29 78 6703513.132
29 79 8183884.637
29 80 2395370.842
29 81 6926318.749
29 82 2481544.988
29 83 7607978.554
29 84 4849008.341
29 85 2538169.477
29 86 2074874.26
29 87 4174664.562
29 88 2089673.035
29 89 4698272.766
29 90 1995831.943
29 91 2400295.721
29 92 5345954.887
29 93 6930237.109
29 94 4061466.256
29 95 8348961.951
29 96 5138613.529
29 97 6475557.626
29 98 6238863.267
29 99 7262814.063
30 31 1597587.192
30 32 4144818.404
30 33 4794281.858
30 34 2631500.373
30 35 3416374.994
30 36 3824959.133
30 37 2398935.185
30 38 4152780.821
30 39 5217145.077
30 40 3313876.989
30 41 3640598.79
30 42 3205860.271
30 43 6085787.281
30 44 4950266.161
30 45 6837930.473
30 46 1878666.982
30 47 5071445.72
30 48 6090103.684
30 49 5325793.37
30 50 4103530.919
30 51 2831943.582
30 52 5558512.797
30 53 2842519.658
30 54 6020657.665
30 55 1726167.68
30 56 2575947.677
30 57 5084347.949
30 58 2614615.897
30 59 3760204.125
30 60 3682460.513
30 61 6080348.571
30 62 6501271.863
30 63 2517048.029
30 64 3114630.938
30 65 5708345.807
30 66 5577353.845
30 67 4286069.264
30 68 721040.2737
30 69 3947549.263
30 70 3432946.761
30 71 5474425.568
30 72 5061887.287
30 73 4200982.916
30 74 5466567.195
30 75 3842661.109
30 76 3662587.809
30 77 5107068.525
30 78 3009300.485
30 79 4999832.474
30 80 3580712.74
30 81 3384269.444
30 82 4205472.931
30 83 6112666.657
30 84 1312923.894
30 85 2612510.732
30 86 4310035.114
30 87 622528.9989
30 88 5017251.146
30 89 2577919.465
30 90 1902419.444
30 91 4357963.656
30 92 3861503.373
30 93 3202280.335
30 94 3218941.047
30 95 4618816.254
30 96 3668015.596
30 97 5589126.754
30 98 2560033.401
30 99 6231313.271
31 32 5688708.735
31 33 4834205.965
31 34 3464694.5
31 35 3294083.654
31 36 3233550.99
31 37 3986948.709
31 38 4204922.368
31 39 4598272.003
31 40 2197041.354
31 41 5237322.356
31 42 2326724.612
31 43 7119892.46
31 44 6244707.16
31 45 5575716.82
31 46 1187448.349
31 47 4394570.724
31 48 5002113.497
31 49 3965213.157
31 50 5684604.33
31 51 4342858.237
31 52 6567021.021
31 53 3175194.187
31 54 6723769.359
31 55 1155788.382
31 56 3919592.326
31 57 6632136.055
31 58 1546587.116
31 59 3896356.531
31 60 4785850.035
31 61 5576969.956
31 62 5684830.437
31 63 3512733.475
31 64 1517856.953
31 65 4229547.669
31 66 6136373.105
31 67 4479557.979
31 68 1164497.699
31 69 3584574.205
31 70 4921365.425
31 71 4214057.046
31 72 6244168.357
31 73 3043872.591
31 74 4170491.32
31 75 5399918.093
31 76 5203457.55
31 77 6396997.344
31 78 1418469.428
31 79 3620802.222
31 80 5095868.981
31 81 1838115.144
31 82 5343222.892
31 83 6521513.221
31 84 594710.2914
31 85 3702394.294
31 86 5878635.38
31 87 1120189.522
31 88 6353596.516
31 89 3293117.258
31 90 3355765.96
31 91 5901747.014
31 92 3765193.649
31 93 1792787.149
31 94 3666772.737
31 95 3151288.996
31 96 3631384.965
31 97 6326585.111
31 98 1454785.991
31 99 6846140.981
32 33 5804270.086
32 34 4910469.268
32 35 5393636.581
32 36 7511253.356
32 37 1820978.042
32 38 5425436.546
32 39 7389624.074
32 40 6708232.159
32 41 1426002.741
32 42 6347420.754
32 43 3779058.053
32 44 4499471.02
32 45 9980307.329
32 46 5415225.365
32 47 7384159.751
32 48 8967588.687
32 49 8783611.076
32 50 562356.9757
32 51 1363250.256
32 52 3536742.31
32 53 5805051.995
32 54 4838560.393
32 55 5773692.216
32 56 2070749.557
32 57 2839539.874
32 58 6145122.743
32 59 6660298.451
32 60 2536825.224
32 61 7830384.932
32 62 8799176.329
32 63 3050309.239
32 64 7188173.187
32 65 9370764.08
32 66 4984129.018
32 67 5195945.059
32 68 4810968.842
32 69 7401504.707
32 70 2868722.284
32 71 9539379.418
32 72 2579933.47
32 73 8243834.244
32 74 9550462.147
32 75 2276943.197
32 76 2445531.905
32 77 2116143.653
32 78 7035959.208
32 79 9123608.632
32 80 645617.2668
32 81 7515747.302
32 82 4748000.484
32 83 5741781.48
32 84 5456130.29
32 85 4343085.467
32 86 385532.5036
32 87 4749868.345
32 88 4331952.755
32 89 3667467.551
32 90 3286399.081
32 91 213278.5495
32 92 7036134.783
32 93 6956265.061
32 94 5851944.264
32 95 8324193.181
32 96 6818445.696
32 97 4463933.844
32 98 6140832.03
32 99 5242960.324
33 34 7403153.32
33 35 1543616.412
33 36 8066661.433
33 37 5362387.348
33 38 646618.9448
33 39 2041010.672
33 40 3517120.826
33 41 6522121.832
33 42 3020338.377
33 43 4161170.087
33 44 9131362.652
33 45 5117482.031
33 46 3651410.854
33 47 2188375.795
33 48 3964580.469
33 49 4704230.675
33 50 6224134.76
33 51 4872295.199
33 52 3707904.728
33 53 7600204.866
33 54 2840942.164
33 55 5900543.109
33 56 4009831.298
33 57 8312663.604
33 58 3645308.321
33 59 8478926.364
33 60 3299497.959
33 61 2089812.21
33 62 3264759.09
33 63 3034235.412
33 64 5396205.738
33 65 5534440.863
33 66 2048546.295
33 67 622787.1684
33 68 5229005.199
33 69 8387130.348
33 70 7287438.763
33 71 8634433.096
33 72 4180189.74
33 73 7688535.22
33 74 8535309.199
33 75 7240617.041
33 76 7214449.41
33 77 4731380.285
33 78 5115182.061
33 79 7883466.627
33 80 5241419.478
33 81 5988710.372
33 82 8692904.272
33 83 1989849.294
33 84 5240478.782
33 85 7269794.859
33 86 6181327.081
33 87 5079088.525
33 88 9099873.824
33 89 2520779.435
33 90 6215984.591
33 91 5936501.212
33 92 8475233.218
33 93 4311827.726
33 94 8005370.685
33 95 4912131.267
33 96 8308811.334
33 97 2675393.068
33 98 3734709.426
33 99 2699733.536
34 35 6047816.948
34 36 2975757.189
34 37 3258717.046
34 38 6767339.321
34 39 7798900.942
34 40 5628722.254
34 41 3701892.661
34 42 5654572.24
34 43 7971382.846
34 44 3036514.806
34 45 9035634.323
34 46 4323027.431
34 47 7634886.472
34 48 8451361.545
34 49 7406092.318
34 50 4565285.548
34 51 4067604.096
34 52 7511896.676
34 53 1017276.443
34 54 8276236.015
34 55 2521575.324
34 56 4364794.837
34 57 4224265.577
34 58 4939280.518
34 59 1756699.953
34 60 5676059.949
34 61 8693078.125
34 62 9024571.766
34 63 4792049.897
34 64 4604669.727
34 65 7573916.772
34 66 7958461.009
34 67 6869618.188
34 68 2424764.354
34 69 2670912.585
34 70 2517979.239
34 71 5428157.855
34 72 6788742.885
34 73 4214000.973
34 74 5505363.077
34 75 3275301.683
34 76 3009869.134
34 77 6617673.101
34 78 4656547.959
34 79 5323300.649
34 80 4613929.415
34 81 4527473.243
34 82 1977134.354
34 83 8567588.544
34 84 2872834.003
34 85 628372.5561
34 86 4862304.44
34 87 2546751.173
34 88 3217813.964
34 89 5043250.886
34 90 1674345.34
34 91 5087708.799
34 92 2186339.856
34 93 5245961.02
34 94 941733.0099
34 95 6535244.607
34 96 1975746.623
34 97 7833678.568
34 98 4859413.47
34 99 8550121.989
35 36 6527587.327
35 37 4499419.011
35 38 936926.3089
35 39 2044494.723
35 40 2155509.71
35 41 5791262.088
35 42 1636565.965
35 43 4855868.587
35 44 8072553.988
35 45 4676472.628
35 46 2109040.742
35 47 2002680.899
35 48 3603342.614
35 49 3796038.403
35 50 5705273.908
35 51 4217111.197
35 52 4321233.56
35 53 6150263.873
35 54 3906997.168
35 55 4377053.34
35 56 3364691.193
35 57 7560511.497
35 58 2144817.623
35 59 7003904.344
35 60 3190396.875
35 61 2733134.301
35 62 3455041.984
35 63 2348163.872
35 64 3905013.1
35 65 4560724.945
35 66 3177724.494
35 67 1295446.888
35 68 3766125.461
35 69 6859506.09
35 70 6298157.281
35 71 7138995.322
35 72 4470037.585
35 73 6158361.22
35 74 7047668.249
35 75 6392640.516
35 76 6317430.697
35 77 4902426.175
35 78 3626853.78
35 79 6405056.383
35 80 4765228.044
35 81 4491015.71
35 82 7504862.479
35 83 3376039.806
35 84 3718774.4
35 85 5989345.967
35 86 5737756.445
35 87 3618771.06
35 88 8077389.697
35 89 1729505.685
35 90 5041110.024
35 91 5564963.087
35 92 6971212.467
35 93 2889398.014
35 94 6578320.452
35 95 3744255.823
35 96 6811673.16
35 97 3604882.007
35 98 2228321.663
35 99 3899030.243
36 37 5704706.621
36 38 7434417.896
36 39 7680682.662
36 40 5116797.156
36 41 6502649.837
36 42 5409140.243
36 43 9910017.738
36 44 5842084.383
36 45 7840617.56
36 46 4420184.977
36 47 7451988.631
36 48 7623715.244
36 49 6188029.589
36 50 7274770.467
36 51 6389813.514
36 52 9383421.615
36 53 1965575.471
36 54 9776527.67
36 55 2219315.243
36 56 6346676.404
36 57 7199485.403
36 58 4622957.546
36 59 1718774.389
36 60 7506431.142
36 61 8689197.738
36 62 8578103.172
36 63 6327287.651
36 64 3282854.074
36 65 6028126.669
36 66 9258393.437
36 67 7693729.2
36 68 3133083.652
36 69 596555.3558
36 70 5470318.995
36 71 2528369.21
36 72 8862493.821
36 73 1519351.731
36 74 2635549.524
36 75 6205570.221
36 76 5943863.041
36 77 8852598.395
36 78 3500294.67
36 79 2634609.805
36 80 7074444.458
36 81 2843089.237
36 82 4707932.811
36 83 9701985.347
36 84 2865567.233
36 85 3591197.924
36 86 7549689.64
36 87 3268719.778
36 88 6063191.818
36 89 6291141.951
36 90 4279451.991
36 91 7710994.266
36 92 1199336.28
36 93 4399823.178
36 94 2271681.075
36 95 5212572.562
36 96 1276643.981
36 97 9356060.176
36 98 4523979.199
36 99 9947293.642
37 38 4834890.036
37 39 6540728.436
37 40 5329763.653
37 41 1351433.814
37 42 5055978.849
37 43 4786224.046
37 44 3834817.193
37 45 8777800.104
37 46 3928352.674
37 47 6475958.065
37 48 7865321.595
37 49 7421918.22
37 50 1706893.418
37 51 827844.7142
37 52 4372243.659
37 53 4070697.664
37 54 5351590.075
37 55 3966069.9
37 56 1434889.926
37 57 3067907.722
37 58 4693267.411
37 59 4965863
37 60 2680771.862
37 61 7179135.515
37 62 7943386.083
37 63 2328693.522
37 64 5503963.3
37 65 7920089.435
37 66 5219943.747
37 67 4744161.239
37 68 3025088.851
37 69 5623085.244
37 70 1963494.03
37 71 7723738.048
37 72 3571612.112
37 73 6427012.121
37 74 7738136.216
37 75 1898679.272
37 76 1852727.633
37 77 3361446.314
37 78 5380373.094
37 79 7325706.956
37 80 1383173.981
37 81 5781806.904
37 82 3649348.883
37 83 5927953.818
37 84 3691130.241
37 85 2766263.089
37 86 1929138.753
37 87 2978419.387
37 88 3770541.661
37 89 2871487.216
37 90 1584484.959
37 91 2028148.125
37 92 5297912.988
37 93 5433001.262
37 94 4183203.529
37 95 6842429.878
37 96 5080085.236
37 97 4917751.688
37 98 4669144.716
37 99 5690085.058
38 39 2069894.403
38 40 3025903.854
38 41 6041187.525
38 42 2513265.095
38 43 4233562.18
38 44 8562953.619
38 45 5050801.947
38 46 3027444.525
38 47 2145405.071
38 48 3914236.405
38 49 4432160.356
38 50 5810805.406
38 51 4402877.857
38 52 3733313.28
38 53 6954202.93
38 54 3099360.438
38 55 5260300.659
38 56 3532518.97
38 57 7832321.415
38 58 3076730.27
38 59 7832307.535
38 60 2994401.289
38 61 2407635.333
38 62 3428916.143
38 63 2524187.933
38 64 4836315.559
38 65 5240542.414
38 66 2333191.209
38 67 432762.6276
38 68 4582387.996
38 69 7747510.454
38 70 6733641.152
38 71 8072587.879
38 72 4060991.418
38 73 7094680.91
38 74 7979441.998
38 75 6727103.405
38 76 6686415.341
38 77 4568099.836
38 78 4557121.221
38 79 7334177.372
38 80 4834691.317
38 81 5424306.12
38 82 8091435.929
38 83 2454645.613
38 84 4600064.931
38 85 6646745.632
38 86 5793752.537
38 87 4432478.44
38 88 8541245.095
38 89 1965645.027
38 90 5612755.535
38 91 5572668.34
38 92 7830147.486
38 93 3793288.737
38 94 7361049.523
38 95 4524662.837
38 96 7663048.518
38 97 2850708.415
38 98 3161969.018
38 99 3039368.729
39 40 2578628.901
39 41 7835674.38
39 42 2284432.359
39 43 6197970.167
39 44 10044474.93
39 45 3081186.084
39 46 3510005.574
39 47 260233.1982
39 48 1927999.62
39 49 2913887.089
39 50 7727610.21
39 51 6253038.81
39 52 5731770.367
39 53 7726632.302
39 54 4859334.807
39 55 5754041.085
39 56 5393145.887
39 57 9604167.79
39 58 3078022.514
39 59 8491904.416
39 60 5040705.191
39 61 1017441.903
39 62 1414379.296
39 63 4369074.813
39 64 4552399.664
39 65 3752977.14
39 66 4068166.815
39 67 2439103.9
39 68 5397530.599
39 69 8115926.775
39 70 8306922.416
39 71 7645361.32
39 72 6124793.547
39 73 6938085.836
39 74 7515659.293
39 75 8430272.162
39 76 8348006.59
39 77 6637842.897
39 78 4285245.879
39 79 6848749.464
39 80 6772958.477
39 81 5128254.073
39 82 9405018.892
39 83 3861882.916
39 84 5144956.089
39 85 7829653.99
39 86 7744216.289
39 87 5264224.877
39 88 10064783.58
39 89 3754354.631
39 90 6980379.862
39 91 7551304.735
39 92 8355006.118
39 93 3363824.929
39 94 8196321.141
39 95 3398799.328
39 96 8227704.603
39 97 4715169.407
39 98 3175999.755
39 99 4673617.368
40 41 6678583.858
40 42 518957.6005
40 43 6936648.677
40 44 8252115.4
40 45 3525442.951
40 46 1446901.707
40 47 2341362.564
40 48 2824139.117
40 49 2093828.492
40 50 6874109.725
40 51 5371583.308
40 52 6387939.715
40 53 5368742.324
40 54 6062362.389
40 55 3320981.486
40 56 4661383.922
40 57 8296624.537
40 58 703831.768
40 59 6050964.72
40 60 4978576.023
40 61 3595014.908
40 62 3513221.332
40 63 3824995.865
40 64 1993320.195
40 65 2673369.908
40 66 5329737.269
40 67 3429140.94
40 68 3223145.721
40 69 5573591.793
40 70 6726189.664
40 71 5180871.197
40 72 6391920.541
40 73 4377761.432
40 74 5067949.999
40 75 7055346.551
40 76 6905690.09
40 77 6734120.561
40 78 1718660.3
40 79 4406061.298
40 80 6064251.132
40 81 2582275.562
40 82 7436901.003
40 83 5473399.191
40 84 2787640.886
40 85 5797979.402
40 86 6990531.576
40 87 3121337.134
40 88 8327904.293
40 89 3303067.668
40 90 5215859.863
40 91 6907901.449
40 92 5858615.967
40 93 819982.2123
40 94 5862871.626
40 95 1686569.753
40 96 5749221.994
40 97 5753557.778
40 98 773256.6518
40 99 6048326.708
41 42 6407287.638
41 43 5142124.734
41 44 3105058.85
41 45 10128396.09
41 46 5268733.977
41 47 7783836.396
41 48 9208074.936
41 49 8769420.283
41 50 929777.0727
41 51 1651511.897
41 52 4843108.433
41 53 4666091.954
41 54 6044816.398
41 55 5046447.962
41 56 2513314.88
41 57 1791691.83
41 58 6035879.407
41 59 5455271.537
41 60 3494738.217
41 61 8424444.077
41 62 9245412.592
41 63 3518959.276
41 64 6752033.532
41 65 9254582.853
41 66 6068157.103
41 67 5899338.925
41 68 4188487.971
41 69 6312295.527
41 70 1452145.776
41 71 8717627.595
41 72 3915601.273
41 73 7423142.67
41 74 8751703.903
41 75 875381.1489
41 76 1020762.232
41 77 3510370.276
41 78 6649439.171
41 79 8397598.324
41 80 1529865.162
41 81 6980361.012
41 82 3326420.723
41 83 6812314.718
41 84 4876007.046
41 85 3094804.75
41 86 1234675.901
41 87 4169333.076
41 88 2958428.59
41 89 4107957.073
41 90 2232742.804
41 91 1538298.057
41 92 5880539.289
41 93 6758073.893
41 94 4634939.4
41 95 8172832.969
41 96 5666267.858
41 97 5639020.417
41 98 6008763.277
41 99 6427004.674
42 43 6430419.007
42 44 8154086.758
42 45 3724842.184
42 46 1342465.845
42 47 2071424.377
42 48 2889793.978
42 49 2441249.085
42 50 6544451.077
42 51 5031246.6
42 52 5883716.045
42 53 5486950.03
42 54 5543407.221
42 55 3480747.489
42 56 4284064.155
42 57 8070048.234
42 58 793590.1977
42 59 6222686.914
42 60 4517252.64
42 61 3283256.876
42 62 3379013.081
42 63 3401838.868
42 64 2414613.341
42 65 3097698.287
42 66 4811507.998
42 67 2912851.515
42 68 3229829.442
42 69 5833722.856
42 70 6558093.309
42 71 5637667.535
42 72 5913172.395
42 73 4776295.747
42 74 5531171.527
42 75 6836760.02
42 76 6702616.834
42 77 6272767.623
42 78 2133717.897
42 79 4873809.725
42 80 5701843.332
42 81 3009810.798
42 82 7392825.209
42 83 4964560.802
42 84 2891701.458
42 85 5768207.246
42 86 6644210.998
42 87 3111289.85
42 88 8213519.166
42 89 2853798.025
42 90 5088355.544
42 91 6542581.826
42 92 6072473.191
42 93 1291660.753
42 94 5968982.458
42 95 2165768.251
42 96 5948246.71
42 97 5235514.949
42 98 891653.1125
42 99 5530654.579
43 44 8247183.547
43 45 9258920.543
43 46 6240252.865
43 47 6326343.315
43 48 8110058.85
43 49 8630447.551
43 50 4341069.301
43 51 3959019.133
43 52 558335.8883
43 53 8640840.324
43 54 1619526.003
43 55 7767740.658
43 56 3636378.544
43 57 6584633.632
43 58 6694507.431
43 59 9577802.458
43 60 2403592.673
43 61 6129602.599
43 62 7390399.445
43 63 3626012.543
43 64 8311027.061
43 65 9412707.867
43 66 2267529.758
43 67 3811447.899
43 68 6789442.076
43 69 9996573.972
43 70 6496866.116
43 71 11333885.39
43 72 1235458.028
43 73 10139757.45
43 74 11287264.15
43 75 6016707.323
43 76 6147551.917
43 77 1676750.704
43 78 8066684.791
43 79 10715138.9
43 80 3647472.98
43 81 8823752.038
43 82 8346261.317
43 83 2861574.902
43 84 7207291.684
43 85 7533910.021
43 86 4106940.323
43 87 6662966.608
43 88 8095063.479
43 89 3855120.684
43 90 6322750.051
43 91 3754667.775
43 92 9812622.03
43 93 7551652.735
43 94 8852301.553
43 95 8585580.567
43 96 9602027.54
43 97 1542776.847
43 98 6745939.664
43 99 2019120.942
44 45 11763608.47
44 46 6828025.396
44 47 9930868.29
44 48 11040331.92
44 49 10197104.93
44 50 3951523.051
44 51 4529799.227
44 52 7939752.117
44 53 3930215.822
44 54 9090115.786
44 55 5479397.485
44 56 5268421.373
44 57 2138665.931
44 58 7548762.096
44 59 4236751.083
44 60 6458267.482
44 61 10805307.17
44 62 11389868.17
44 63 6126351.967
44 64 7551545.264
44 65 10463447.61
44 66 9031256.237
44 67 8523954.046
44 68 5090655.679
44 69 5401534.302
44 70 1871581.997
44 71 8362854.132
44 72 7019725.215
44 73 7204798.477
44 74 8457482.899
44 75 2230967.681
44 76 2111520.983
44 77 6608602.09
44 78 7565513.489
44 79 8330092.957
44 80 4618277.324
44 81 7533252.378
44 82 1136660.984
44 83 9751782.11
44 84 5690271.433
44 85 2588035.764
44 86 4226953.83
44 87 5165789.24
44 88 273708.0337
44 89 6610804.594
44 90 3076652.946
44 91 4570539.282
44 92 4788843.135
44 93 8026849.388
44 94 3570403.354
44 95 9393402.126
44 96 4629641.08
44 97 8670213.127
44 98 7486158.177
44 99 9455021.401
45 46 4970777.902
45 47 2933655.285
45 48 1153308.882
45 49 1669603.082
45 50 10222602.69
45 51 8705597.954
45 52 8776123.762
45 53 8618824.706
45 54 7939882.565
45 55 6573648.006
45 56 7911066.527
45 57 11793189.5
45 58 4223401.69
45 59 9146482.503
45 60 7865618.372
45 61 3510006.751
45 62 2284171.887
45 63 6946688.771
45 64 4633266.592
45 65 1941449.375
45 66 7149159.137
45 67 5458036.173
45 68 6691913.643
45 69 8397511.708
45 70 10249847.3
45 71 6795932.322
45 72 9087336.884
45 73 6614808.528
45 74 6626562.146
45 75 10557404.95
45 76 10417122.22
45 77 9557088.506
45 78 4486423.586
45 79 6028904.662
45 80 9337663.637
45 81 4999941.698
45 82 10910944.15
45 83 6909109.583
45 84 6163896.193
45 85 9267920.671
45 86 10299101.89
45 87 6605042.144
45 88 11846462.17
45 89 6341882.501
45 90 8740322.342
45 91 10165395.63
45 92 8833096.163
45 93 3789925.951
45 94 9125490.906
45 95 2634014.495
45 96 8775764.244
45 97 7792837.413
45 98 4280901.843
45 99 7744300.66
46 47 3328539.291
46 48 4213807.166
46 49 3511349.96
46 50 5528291.979
46 51 4056307.933
46 52 5681983.212
46 53 4218994.45
46 54 5678820.341
46 55 2304773.063
46 56 3434913.625
46 57 6858053.596
46 58 769077.9676
46 59 5008811.223
46 60 4026241.441
46 61 4457064.736
46 62 4701544.341
46 63 2767613.437
46 64 2070861.238
46 65 3993818.735
46 66 5046705.007
46 67 3320159.522
46 68 1900979.458
46 69 4767697.851
46 70 5279523.313
46 71 5187936.691
46 72 5492644.127
46 73 4113101.386
46 74 5118682.656
46 75 5615139.413
46 76 5461487.571
46 77 5738247.853
46 78 1831796.45
46 79 4511925.044
46 80 4780853.037
46 81 2594876.383
46 82 6051325.352
46 83 5384528.341
46 84 1661921.327
46 85 4425750.65
46 86 5669692.166
46 87 1776329.409
46 88 6895726.507
46 89 2392183.852
46 90 3776317.181
46 91 5621764.588
46 92 4920782.435
46 93 1541585.893
46 94 4686346.334
46 95 2923360.891
46 96 4775276.841
46 97 5302539.559
46 98 740836.4935
46 99 5766175.866
47 48 1783739.32
47 49 2673029.848
47 50 7706476.69
47 51 6219630.033
47 52 5848774.982
47 53 7537417.174
47 54 5023891.414
47 55 5549959.216
47 56 5366735.225
47 57 9543124.272
47 58 2863644.388
47 59 8290701.141
47 60 5078061.782
47 61 1265174.102
47 62 1470627.602
47 63 4347315.473
47 64 4306220.413
47 65 3513735.329
47 66 4231298.348
47 67 2536657.049
47 68 5224266.394
47 69 7893991.27
47 70 8212171.596
47 71 7388477.691
47 72 6205993.402
47 73 6690520.743
47 74 7258113.765
47 75 8358093.693
47 76 8268327.28
47 77 6705662.824
47 78 4040929.046
47 79 6591273.091
47 80 6760880.176
47 81 4879410.178
47 82 9269369.176
47 83 4058908.1
47 84 4949113.663
47 85 7682544.061
47 86 7733337.005
47 87 5093660.787
47 88 9957603.564
47 89 3729374.341
47 90 6860206.079
47 91 7550587.82
47 92 8143560.346
47 93 3118036.638
47 94 8011369.38
47 95 3140002.956
47 96 8019610.115
47 97 4861924.736
47 98 2960821.604
47 99 4853699.826
48 49 1630245.624
48 50 9240022.849
48 51 7727560.957
48 52 7631325.422
48 53 8148524.16
48 54 6787081.956
48 55 6087282.73
48 56 6908296.905
48 57 10914529.31
48 58 3521669.637
48 59 8768581.243
48 60 6777329.635
48 61 2428808.254
48 62 1347691.509
48 63 5919211.12
48 64 4341768.281
48 65 2314191.262
48 66 5996124.861
48 67 4315599.274
48 68 6046535.624
48 69 8144929.345
48 70 9442079.947
48 71 6955033.349
48 72 7964575.288
48 73 6557277.447
48 74 6798427.337
48 75 9692184.316
48 76 9569670.597
48 77 8447023.602
48 78 4139490.563
48 79 6157583.17
48 80 8329904.981
48 81 4809832.589
48 82 10253864.33
48 83 5766138.419
48 84 5596521.608
48 85 8617977.733
48 86 9298512.246
48 87 5942195.493
48 88 11102643.49
48 89 5305566.52
48 90 7977868.383
48 91 9146319.785
48 92 8514851.559
48 93 3303702.701
48 94 8649354.191
48 95 2524858.552
48 96 8431145.24
48 97 6639973.485
48 98 3596511.893
48 99 6594865.642
49 50 8963664.848
49 51 7456712.828
49 52 8105744.145
49 53 6958199.304
49 54 7513667.667
49 55 4922223.732
49 56 6723926.5
49 57 10367805.5
49 58 2742572.778
49 59 7476907.383
49 60 6907548.999
49 61 3739841.44
49 62 2917857.679
49 63 5836678.598
49 64 2963810.722
49 65 841560.5631
49 66 6729863.132
49 67 4864743.654
49 68 5107220.344
49 69 6738409.27
49 70 8758389.405
49 71 5336233.579
49 72 8253518.814
49 73 5015004.153
49 74 5177004.44
49 75 9124070.876
49 76 8964839.382
49 77 8654302.345
49 78 2819175.795
49 79 4543088.317
49 80 8138340.966
49 81 3344944.358
49 82 9308102.812
49 83 6666905.502
49 84 4543857.546
49 85 7667603.442
49 86 9073934.924
49 87 5032217.811
49 88 10293968.85
49 89 5272021.608
49 90 7219538.8
49 91 8980368.918
49 92 7165660.715
49 93 2173137.351
49 94 7465116.264
49 95 976136.277
49 96 7106660.485
49 97 7282628.352
49 98 2781103.569
49 99 7402331.116
50 51 1517080.451
50 52 4096669.065
50 53 5499234.588
50 54 5385251.484
50 55 5656281.666
50 56 2341255.15
50 57 2286940.745
50 58 6277743.459
50 59 6321930.915
50 60 3006740.632
50 61 8218217.689
50 62 9141425.765
50 63 3359717.474
50 64 7198965.689
50 65 9514345.324
50 66 5504709.107
50 67 5608295.017
50 68 4729682.056
50 69 7125252.077
50 70 2380598.038
50 71 9394222.918
50 72 3141521.924
50 73 8096091.331
50 74 9415630.71
50 75 1742009.076
50 76 1929451.845
50 77 2675634.498
50 78 7065910.755
50 79 9019881.395
50 80 983114.7282
50 81 7487550.768
50 82 4249469.194
50 83 6260871.211
50 84 5397962.605
50 85 3974206.412
50 86 305861.5017
50 87 4685151.596
50 88 3778185.099
50 89 3977135.291
50 90 3002132.576
50 91 622012.414
50 92 6725034.047
50 93 7059558.172
50 94 5505201.014
50 95 8451171.516
50 96 6508655.981
50 97 5003844.366
50 98 6264754.701
50 99 5786047.928
51 52 3551454.611
51 53 4841631.573
51 54 4578424.419
51 55 4512051.511
51 56 870840.6386
51 57 3440488.38
51 58 4792644.214
51 59 5752230.027
51 60 1928531.211
51 61 6797776.41
51 62 7667173.44
51 63 1893320.95
51 64 5833785.407
51 65 8024574.66
51 66 4504045.573
51 67 4249608.197
51 68 3524133.655
51 69 6350708.068
51 70 2672884.944
51 71 8284481.905
51 72 2743960.054
51 73 6997158.371
51 74 8285026.731
51 75 2422766.995
51 76 2452281.092
51 77 2552292.22
51 78 5676778.492
51 79 7831011.563
51 80 753223.4069
51 81 6176565.121
51 82 4440690.468
51 83 5232113.934
51 84 4143730.361
51 85 3590264.363
51 86 1619408.98
51 87 3448935.765
51 88 4435599.452
51 89 2500326.15
51 90 2395565.566
51 91 1573278.481
51 92 6060225.614
51 93 5596304.568
51 94 4982395.49
51 95 6971177.919
51 96 5843245.644
51 97 4151148.627
51 98 4785462.164
51 99 4932104.347
52 53 8152908.132
52 54 1441420.898
52 55 7230097.135
52 56 3154526.188
52 57 6372738.435
52 58 6138185.944
52 59 9092499.56
52 60 1884384
52 61 5722611.098
52 62 6961356.827
52 63 3081596.676
52 64 7752734.712
52 65 8881404.417
52 66 1939121.253
52 67 3318644.088
52 68 6257369.012
52 69 9482232.792
52 70 6151021.673
52 71 10780645.63
52 72 965346.1799
52 73 9590894.285
52 74 10732905.58
52 75 5717624.517
52 76 5829893.736
52 77 1535802.681
52 78 7508356.543
52 79 10158942.82
52 80 3321496.02
52 81 8266085.874
52 82 7976906.292
52 83 2614834.419
52 84 6663079.983
52 85 7094700.091
52 86 3888646.923
52 87 6128835.066
52 88 7801237.786
52 89 3297671.32
52 90 5879108.385
52 91 3542103.966
52 92 9313192.697
52 93 6996537.569
52 94 8379661.965
52 95 8042188.504
52 96 9104167.859
52 97 1221553.708
52 98 6189042.492
52 99 1866570.911
53 54 8788199.987
53 55 2061577.004
53 56 5004477.945
53 57 5239468.759
53 58 4719038.451
53 59 942231.3094
53 60 6279853.736
53 61 8673929.636
53 62 8857858.617
53 63 5261993.856
53 64 4039129.829
53 65 7023974.217
53 66 8394100.009
53 67 7115624.086
53 68 2384313.953
53 69 1659726.146
53 70 3532358.448
53 71 4449365.42
53 72 7498463.471
53 73 3274883.276
53 74 4536067.367
53 75 4284338.344
53 76 4019650.493
53 77 7386283.005
53 78 4144588.634
53 79 4403011.889
53 80 5451215.172
53 81 3851849.157
53 82 2812641.928
53 83 8949936.939
53 84 2595900.972
53 85 1642487.942
53 86 5789496.374
53 87 2531517.537
53 88 4136582.772
53 89 5407075.317
53 90 2519083.88
53 91 5991985.431
53 92 1231309.724
53 93 4860207.046
53 94 506952.415
53 95 6036187.234
53 96 1013476.069
53 97 8349287.908
53 98 4628832.794
53 99 9027246.985
54 55 7564054.026
54 56 3974473.574
54 57 7671989.481
54 58 5970516.314
54 59 9728106.637
54 60 2672379.495
54 61 4645186.073
54 62 5938109.815
54 63 3526875.669
54 64 7695940.135
54 65 8331770.459
54 66 792720.6305
54 67 2669624.352
54 68 6662167.702
54 69 9957933.726
54 70 7248380.642
54 71 10866749.66
54 72 2358148.233
54 73 9761377.014
54 74 10796292.87
54 75 6905607.66
54 76 6985000.021
54 77 2957937.467
54 78 7429529.524
54 79 10181092.24
54 80 4518791.023
54 81 8255130.114
54 82 9000885.621
54 83 1247419.206
54 84 6941368.651
54 85 7936959.524
54 86 5208876.372
54 87 6519749.657
54 88 8976129.631
54 89 3485551.05
54 90 6729516.681
54 91 4873894.601
54 92 9876402.174
54 93 6774849.475
54 94 9079665.206
54 95 7618503.601
54 96 9678029.19
54 97 442696.7183
54 98 6039820.25
54 99 425485.6125
55 56 4301982.686
55 57 6198232.679
55 58 2695487.503
55 59 2742184.273
55 60 5372194.77
55 61 6730954.738
55 62 6826617.552
55 63 4152853.648
55 64 2084841.951
55 65 5054118.628
55 66 7039130.632
55 67 5498228.5
55 68 1005488.645
55 69 2487364.971
55 70 4421635.589
55 71 3772911.73
55 72 6776825.471
55 73 2486036.769
55 74 3777926.5
55 75 5020170.56
55 76 4790209.754
55 77 6833144.014
55 78 2138289.573
55 79 3363970.083
55 80 5247764.125
55 81 2072530.38
55 82 4482689.757
55 83 7487654.342
55 84 660249.6287
55 85 2891396.84
55 86 5893493.579
55 87 1113951.045
55 88 5624410.614
55 89 4079002.804
55 90 2907292.677
55 91 5984564.03
55 92 2617213.417
55 93 2800823.879
55 94 2564272.075
55 95 4025953.588
55 96 2477742.859
55 97 7146886.315
55 98 2601380.261
55 99 7729224.901
56 57 4304835.959
56 58 4131571.084
56 59 5941935.151
56 60 1318295.742
56 61 5927054.473
56 62 6807519.774
56 63 1025800.528
56 64 5348754.302
56 65 7332596.339
56 66 3794197.978
56 67 3387084.866
56 68 3296969.311
56 69 6389136.959
56 70 3396843.144
56 71 8029014.373
56 72 2521008.26
56 73 6768352.397
56 74 8011224.404
56 75 3246254.837
56 76 3245384.558
56 77 2531163.848
56 78 5162803.357
56 79 7509123.642
56 80 1426756.739
56 81 5751188.201
56 82 5051790.613
56 83 4495201.898
56 84 3832790.942
56 85 3978593.496
56 86 2390695.356
56 87 3191902.706
56 88 5198000.426
56 89 1638945.996
56 90 2764010.069
56 91 2261042.633
56 92 6180592.07
56 93 4970030.79
56 94 5225231.937
56 95 6303478.685
56 96 5968836.662
56 97 3534496.313
56 98 4137160.95
56 99 4292350.085
57 58 7625810.636
57 59 5819977.291
57 60 5227395.094
57 61 10211833.36
57 62 11009504.78
57 63 5309168.014
57 64 8107012.191
57 65 10790039.72
57 66 7770998.068
57 67 7689926.827
57 68 5497810.973
57 69 6874938.727
57 70 1784669.899
57 71 9614810.121
57 72 5411371.952
57 73 8359151.282
57 74 9678056.911
57 75 1244531.232
57 76 1428938.2
57 77 4907958.656
57 78 8046446.246
57 79 9422371.747
57 80 3196860.718
57 81 8242851.551
57 82 2943187.43
57 83 8523900.115
57 84 6181350.981
57 85 3610392.195
57 86 2484882.36
57 87 5516393.496
57 88 1886484.432
57 89 5893438.603
57 90 3307897.347
57 91 2834310.495
57 92 6331896.926
57 93 8282004.12
57 94 5034543.751
57 95 9700749.58
57 96 6137993.078
57 97 7288035.8
57 98 7587153.017
57 99 8071578.544
58 59 5437411.351
58 60 4594880.341
58 61 4075264.488
58 62 4138990.247
58 63 3377294.679
58 64 1760204.897
58 65 3236834.362
58 66 5280977.692
58 67 3436511.601
58 68 2525576.471
58 69 5041361.239
58 70 6035164.943
58 71 4995979.743
58 72 6043744.751
58 73 4056753.242
58 74 4903086.347
58 75 6382462.834
58 76 6226397.534
58 77 6336930.714
58 78 1482285.894
58 79 4260565.528
58 80 5505918.489
58 81 2347711.802
58 82 6734755.825
58 83 5520221.619
58 84 2124673.534
58 85 5096944.031
58 86 6410436.052
58 87 2420639.578
58 88 7625797.012
58 89 2919115.175
58 90 4517035.282
58 91 6349253.121
58 92 5279943.911
58 93 871384.9841
58 94 5206906.718
58 95 2179085.782
58 96 5157441.803
58 97 5626264.181
58 98 98979.00322
58 99 6005969.956
59 60 7221051.108
59 61 9460504.153
59 62 9562695.235
59 63 6201404.638
59 64 4514395.732
59 65 7447690.319
59 66 9326296.367
59 67 8010690.907
59 68 3249972.733
59 69 1190934.149
59 70 4211125.852
59 71 4223359.936
59 72 8428638.22
59 73 3221352.142
59 74 4341093.271
59 75 4982483.164
59 76 4716782.212
59 77 8302334.113
59 78 4666038.747
59 79 4348763.029
59 80 6338868.091
59 81 4216729.463
59 82 3103254.636
59 83 9872792.56
59 84 3350969.051
59 85 2362506.42
59 86 6618608.385
59 87 3400027.109
59 88 4476279.749
59 89 6333791.748
59 90 3391737.178
59 91 6840299.611
59 92 556210.1269
59 93 5465115.853
59 94 821040.774
59 95 6523470.381
59 96 443839.7659
59 97 9289608.913
59 98 5342916.573
59 99 9963992.25
60 61 5364641.089
60 62 6421381.27
60 63 1277078.981
60 64 6075855.943
60 65 7611418.24
60 66 2581087.502
60 67 2709892.326
60 68 4388266.946
60 69 7598182.705
60 70 4599559.728
60 71 8990545.274
60 72 1469045.927
60 73 7772366.372
60 74 8953592.764
60 75 4322574.028
60 76 4372655.877
60 77 1755932.169
60 78 5851760.125
60 79 8404317.75
60 80 2038508.295
60 81 6551024.882
60 82 6329372.09
60 83 3319115.081
60 84 4827332.792
60 85 5296888.596
60 86 2920775.858
60 87 4263738.896
60 88 6361115.281
60 89 1680568.787
60 90 4082058.224
60 91 2651876.664
60 92 7431635.674
60 93 5466133.868
60 94 6522917.393
60 95 6665143.432
60 96 7223461.39
60 97 2237121.657
60 98 4627786.736
60 99 3010608.131
61 62 1309249.091
61 63 4907580.799
61 64 5569527.14
61 65 4556954.815
61 66 3886187.986
61 67 2654971.816
61 68 6319154.511
61 69 9116614.312
61 70 9021218.142
61 71 8646564.557
61 72 6259727.121
61 73 7954790.016
61 74 8513965.732
61 75 9077801.423
61 76 9018342.047
61 77 6818452.51
61 78 5302665.84
61 79 7847557.692
61 80 7242298.6
61 81 6144227.483
61 82 10226472.29
61 83 3501233.802
61 84 6109564.658
61 85 8684246.041
61 86 8200258.05
61 87 6180942.489
61 88 10807632.95
61 89 4318693.981
61 90 7770719.013
61 91 7974255.157
61 92 9340748.166
61 93 4380993.563
61 94 9134464.698
61 95 4337834.224
61 96 9208220.559
61 97 4593113.46
61 98 4173872.174
61 99 4382761.687
62 63 5783327.851
62 64 5321747.132
62 65 3652159.99
62 66 5168961.57
62 67 3757608.342
62 68 6601435.538
62 69 9062087.587
62 70 9681064.442
62 71 8158883.462
62 72 7435764.134
62 73 7644009.818
62 74 8009950.218
62 75 9827766.158
62 76 9738904.665
62 77 7971396.762
62 78 5084383.46
62 79 7355624.689
62 80 8185003.443
62 81 5847331.075
62 82 10706174.93
62 83 4809015.985
62 84 6262505.576
62 85 9104393.582
62 86 9155650.125
62 87 6477851.564
62 88 11420843.65
62 89 5168732.076
62 90 8315724.268
62 91 8958635.323
62 92 9368975.066
62 93 4178499.631
62 94 9344032.095
62 95 3717425.248
62 96 9262067.496
62 97 5864199.239
62 98 4230047.783
62 99 5686491.32
63 64 4804073.493
63 65 6491941.536
63 66 3166452.331
63 67 2415471.619
63 68 3194239.626
63 69 6464502.608
63 70 4267526.327
63 71 7722503.965
63 72 2744416.335
63 73 6515747.163
63 74 7682621.771
63 75 4209080.538
63 76 4180266.236
63 77 2971354.454
63 78 4584471.958
63 79 7128900.395
63 80 2417903.547
63 81 5274406.855
63 82 5781555.285
63 83 3793323.121
63 84 3581688.657
63 85 4515356.261
63 86 3390167.136
63 87 3060485.124
63 88 6081584.237
63 89 618687.0022
63 90 3352988.446
63 91 3227143.842
63 92 6355523.645
63 93 4243959.227
63 94 5563687.158
63 95 5502046.977
63 96 6155059.924
63 97 3089313.236
63 98 3401314.703
63 99 3770706.784
64 65 2987416.608
64 66 7024972.903
64 67 5195751.952
64 68 2609440.955
64 69 3805709.289
64 70 6367201.716
64 71 3238475.688
64 72 7544839.641
64 73 2386853.255
64 74 3143126.536
64 75 6885119.802
64 76 6678963.655
64 77 7758746.758
64 78 281649.3616
64 79 2501359.996
64 80 6584750.424
64 81 595406.9511
64 82 6567264.335
64 83 7280059.386
64 84 1927434.541
64 85 4965515.968
64 86 7388197.037
64 87 2599680.256
64 88 7686903.269
64 89 4461671.475
64 90 4805844.648
64 91 7400700.456
64 92 4205887.537
64 93 1188581.818
64 94 4544472.536
64 95 2010693.475
64 96 4143134.024
64 97 7336113.61
64 98 1677983.42
64 99 7749708.359
65 66 7551221.58
65 67 5673237.444
65 68 5393678.293
65 69 6603679.56
65 70 9126443.316
65 71 4854491.347
65 72 8987832.087
65 73 4724890.29
65 74 4685175.26
65 75 9546383.61
65 76 9370791.701
65 77 9365501.507
65 78 2917469.321
65 79 4089757.901
65 80 8728475.358
65 81 3233021.111
65 82 9519510.659
65 83 7503095.651
65 84 4773186.577
65 85 7895064.419
65 86 9643628.066
65 87 5339186.663
65 88 10579615.29
65 89 5951480.384
65 90 7567221.401
65 91 9572485.83
65 92 7085507.69
65 93 2508197.226
65 94 7528179.883
65 95 1089530.258
65 96 7051661.056
65 97 8090311.186
65 98 3253505.15
65 99 8229648.307
66 67 1909517.975
66 68 6180587.717
66 69 9475757.158
66 70 7165822.913
66 71 10224949.47
66 72 2710737.931
66 73 9154144.945
66 74 10147287.63
66 75 6903008.923
66 76 6952929.508
66 77 3322331.299
66 78 6753715.581
66 79 9521329.709
66 80 4575795.512
66 81 7594803.599
66 82 8843490.255
66 83 758046.5441
66 84 6400196.903
66 85 7669551.08
66 86 5366456.236
66 87 6034035.389
66 88 8939545.026
66 89 3000917.944
66 90 6484463.242
66 91 5051989.025
66 92 9436698.833
66 93 6063102.47
66 94 8717672.557
66 95 6857851.547
66 96 9245056.516
66 97 728204.4372
66 98 5355051.526
66 99 725021.7308
67 68 4766351.303
67 69 7983126.846
67 70 6675130.94
67 71 8425084.385
67 72 3688623.287
67 73 7418003.027
67 74 8336644.541
67 75 6619463.579
67 76 6595478.746
67 77 4214484.627
67 78 4918717.557
67 79 7696866.17
67 80 4626224.475
67 81 5778790.53
67 82 8106842.701
67 83 2085064.878
67 84 4839381.66
67 85 6710468.942
67 86 5571079.616
67 87 4615787.369
67 88 8488511.495
67 89 1918966.799
67 90 5633973.608
67 91 5332421.754
67 92 8035736.078
67 93 4181562.923
67 94 7504901.548
67 95 4950515.419
67 96 7862012.441
67 97 2417992.374
67 98 3517801.302
67 99 2621893.291
68 69 3298097.766
68 70 3767524.92
68 71 4764562.288
68 72 5779250.939
68 73 3485372.878
68 74 4761611.915
68 75 4276558.811
68 76 4069562.5
68 77 5828061.758
68 78 2555803.041
68 79 4313464.228
68 80 4266601.75
68 81 2792569.94
68 82 4221494.618
68 83 6677679.965
68 84 690665.8212
68 85 2579146.153
68 86 4952699.73
68 87 150569.2268
68 88 5193780.641
68 89 3185810.412
68 90 2202163.756
68 91 5023266.218
68 92 3277970.982
68 93 2936193.725
68 94 2822627.039
68 95 4313633.312
68 96 3098522.194
68 97 6236463.66
68 98 2450144.618
68 99 6852539.123
69 70 5188885.042
69 71 3036044.32
69 72 8909864.69
69 73 2107999.16
69 74 3158022.897
69 75 5943604.658
69 76 5678698.711
69 77 8858883.688
69 78 4007629.292
69 79 3209070.052
69 80 7004812.122
69 81 3397931.979
69 82 4264976.412
69 83 9953750.415
69 84 3147599.972
69 85 3298849.278
69 86 7409880.619
69 87 3443019.369
69 88 5633564.072
69 89 6483843.381
69 90 4125236.893
69 91 7594850.93
69 92 640772.9768
69 93 4887609.776
69 94 1857860.762
69 95 5765058.296
69 96 772342.1294
69 97 9530029.17
69 98 4942742.524
69 99 10150517.73
70 71 7847877.235
70 72 5261567.107
70 73 6583791.485
70 74 7906572.29
70 75 774401.9092
70 76 511549.3174
70 77 4908317.646
70 78 6323305.366
70 79 7639965.776
70 80 2850343.871
70 81 6476717.304
70 82 1880180.518
70 83 7882768.816
70 84 4440209.711
70 85 1890216.261
70 86 2684058.89
70 87 3801219.121
70 88 1814075.648
70 89 4771584.775
70 90 1565906.001
70 91 2989863.571
70 92 4687323.678
70 93 6627980.221
70 94 3397182.807
70 95 8038177.541
70 96 4482348.887
70 97 6823182.966
70 98 5986031.333
70 99 7604916.968
71 72 10438940.58
71 73 1298132.863
71 74 180346.7187
71 75 8544788.834
71 76 8291656.116
71 77 10550926.48
71 78 3519284.344
71 79 803943.2261
71 80 9020529.722
71 81 2648287.386
71 82 7231244.29
71 83 10510129.61
71 84 4197006.004
71 85 6016904.33
71 86 9643090.319
71 87 4851908.45
71 88 8578735.59
71 89 7497301.173
71 90 6496259.344
71 91 9749114.427
71 92 3676816.543
71 93 4361318.321
71 94 4794914.156
71 95 4445835.38
71 96 3789803.844
71 97 10487840.61
71 98 4910835.062
71 99 10947335.12
72 73 9207484.055
72 74 10406236.86
72 75 4790920.516
72 76 4916275.923
72 77 612330.7793
72 78 7319919.013
72 79 9864706.675
72 80 2412831.047
72 81 8018766.978
72 82 7111526.321
72 83 3442441.456
72 84 6257907.937
72 85 6331428.433
72 86 2926542.434
72 87 5663070.9
72 88 6872441.815
72 89 3124995.257
72 90 5127209.824
72 91 2578642.16
72 92 8689954.933
72 93 6914849.936
72 94 7684885.017
72 95 8075303.597
72 96 8476532.489
72 97 2055635.619
72 98 6080679.316
72 99 2781081.143
73 74 1330198.732
73 75 7268341.392
73 76 7017893.267
73 77 9296621.139
73 78 2659110.891
73 79 1136657.404
73 80 7729987.042
73 81 1813028.455
73 82 6086057.073
73 83 9493491.047
73 84 2949687.167
73 85 4782004.339
73 86 8345256.952
73 87 3579698.152
73 88 7407845.667
73 89 6334708.695
73 90 5206079.371
73 91 8453219.955
73 92 2717254.036
73 93 3574931.098
73 94 3672227.748
73 95 4050594.517
73 96 2777616.226
73 97 9368153.153
73 98 3963265.234
73 99 9870132.978
74 75 8596275.145
74 76 8344862.752
74 77 10528442.84
74 78 3422642.176
74 79 667003.8583
74 80 9024250.205
74 81 2558006.975
74 82 7328179.196
74 83 10421548.17
74 84 4178655.159
74 85 6087589.382
74 86 9661108.678
74 87 4844296.546
74 88 8670277.254
74 89 7444242.681
74 90 6536209.351
74 91 9760882.796
74 92 3798343.45
74 93 4249563.75
74 94 4893719.67
74 95 4294396.835
74 96 3904560.787
74 97 10421018.07
74 98 4819578.944
74 99 10870541.91
75 76 265954.5972
75 77 4379176.14
75 78 6816676.018
75 79 8301469.867
75 80 2400227.163
75 81 7042593.096
75 82 2540735.549
75 83 7640803.437
75 84 4964066.557
75 85 2647057.419
75 86 2032152.336
75 87 4288332.785
75 88 2083616.487
75 89 4767186.35
75 90 2113040.819
75 91 2363988.036
75 92 5453101.589
75 93 7038235.039
75 94 4166662.231
75 95 8457222.591
75 96 5246378.152
75 97 6495126.674
75 98 6343201.898
75 99 7282843.526
76 77 4527251.911
76 78 6617511.62
76 79 8056959.977
76 80 2508752.454
76 81 6823061.21
76 82 2324054.634
76 83 7683993.344
76 84 4754187.35
76 85 2381562.261
76 86 2227367.739
76 87 4087455.451
76 88 1991884.397
76 89 4721644.887
76 90 1887215.522
76 91 2548353.316
76 92 5187175.924
76 93 6863793.947
76 94 3900777.692
76 95 8281268.508
76 96 4980528.078
76 97 6568543.316
76 98 6184062.188
76 99 7354958.68
77 78 7547302.167
77 79 10010644.36
77 80 2077361.253
77 81 8204936.305
77 82 6780188.816
77 83 4054743.468
77 84 6354279.482
77 85 6123416.397
77 86 2432996.843
77 87 5722684.625
77 88 6446340.991
77 89 3433204.077
77 90 4943764.809
77 91 2080309.783
77 92 8597762.607
77 93 7206946.919
77 94 7534676.987
77 95 8420643.845
77 96 8381732.4
77 97 2666439.146
77 98 6365744.985
77 99 3382449.331
78 79 2778286.557
78 80 6424981.171
78 81 876909.6403
78 82 6604605.318
78 83 7002493.882
78 84 1892775.044
78 85 4986869.39
78 86 7246852.071
78 87 2530075.968
78 88 7691996.973
78 89 4223609.873
78 90 4757920.03
78 91 7247785.468
78 92 4381806.347
78 93 924283.6043
78 94 4651444.084
78 95 1893396.207
78 96 4308155.359
78 97 7073090.35
78 98 1401880.421
78 99 7478625.127
79 80 8577416.218
79 81 1926873.083
79 82 7215606.184
79 83 9780780.438
79 84 3692518.588
79 85 5875448.946
79 86 9254548.071
79 87 4382270.199
79 88 8529029.601
79 89 6863325.145
79 90 6210269.591
79 91 9335609.42
79 92 3833135.254
79 93 3588878.743
79 94 4807737.963
79 95 3644235.345
79 96 3905008.507
79 97 9811982.178
79 98 4179272.069
79 99 10245547.65
80 81 6929788.063
80 82 4710878.961
80 83 5327532.16
80 84 4893344.383
80 85 4086461.252
80 86 972586.9527
80 87 4195312.036
80 88 4482837.361
80 89 3036379.716
80 90 2947870.369
80 91 844010.7321
80 92 6679708.441
80 93 6322413.593
80 94 5547322.69
80 95 7684692.87
80 96 6461803.875
80 97 4117940.34
80 98 5503264.305
80 99 4905487.018
81 82 6504439.11
81 83 7863780.699
81 84 2104428.449
81 85 4949567.54
81 86 7692989.327
81 87 2814058.447
81 88 7686782.719
81 89 4968707.34
81 90 4936270.392
81 91 7728993.96
81 92 3855390.12
81 93 1769543.458
81 94 4347195.021
81 95 2369567.124
81 96 3818641.816
81 97 7888367.33
81 98 2262712.036
81 99 8318890.606
82 83 9530467.622
82 84 4766496.748
82 85 1643039.627
82 86 4549757.357
82 87 4316361.006
82 88 1373275.711
82 89 6192206.303
82 90 2478706.175
82 91 4864296.179
82 92 3653960.31
82 93 7136000.646
82 94 2436696.618
82 95 8465990.447
82 96 3493203.784
82 97 8566487.753
82 98 6664026.929
82 99 9336224.428
83 84 6836474.041
83 85 8308608.783
83 86 6124294.907
83 87 6528608.726
83 88 9666324.024
83 89 3544756.829
83 90 7139989.713
83 91 5810024.915
83 92 9952470.069
83 93 6247708.206
83 94 9295213.272
83 95 6901979.038
83 96 9767124.813
83 97 1399229.731
83 98 5602298.283
83 99 902326.1912
84 85 3129936.38
84 86 5613201.592
84 87 713089.6981
84 88 5808535.999
84 89 3462203.235
84 90 2878431.746
84 91 5669153.014
84 92 3262433.759
84 93 2375826.906
84 94 3082233.474
84 95 3705845.79
84 96 3113859.951
84 97 6529183.329
84 98 2035917.248
84 99 7095627.789
85 86 4274468.171
85 87 2676643.072
85 88 2737403.942
85 89 4832921.753
85 90 1216855.479
85 91 4513429.639
85 92 2810442.594
85 93 5494864.744
85 94 1541496.506
85 95 6834402.74
85 96 2601480.534
85 97 7494654.228
85 98 5024787.781
85 99 8231396.232
86 87 4901864.709
86 88 4046297.136
86 89 4008744.224
86 90 3284778.589
86 91 352770.6766
86 92 7016911.838
86 93 7207159.746
86 94 5802940.098
86 95 8588207.635
86 96 6800194.166
86 97 4839113.298
86 98 6401708.646
86 99 5615800.453
87 88 5262403.149
87 89 3041043.281
87 90 2235774.369
87 91 4962657.364
87 92 3428010.762
87 93 2865765.966
87 94 2966083.412
87 95 4255422.785
87 96 3248933.168
87 97 6095016.296
87 98 2348161.569
87 99 6707567.152
88 89 6582038.771
88 90 3125546.191
88 91 4393331.622
88 92 5026174.261
88 93 8127706.148
88 94 3792860.62
88 95 9504782.216
88 96 4862720.804
88 97 8560365.231
88 98 7565891.027
88 99 9346840.287
89 90 3725221.849
89 91 3842393.321
89 92 6435809.1
89 93 3790417.182
89 94 5751125.678
89 95 4988989.564
89 96 6244618.787
89 97 3068314.509
89 98 2955749.627
89 99 3666734.572
90 91 3475033.557
90 92 3750372.046
90 93 5075024.432
90 94 2600760.555
90 95 6480184.395
90 96 3532559.946
90 97 6287716.798
90 98 4461885.515
90 99 7031105.374
91 92 7222536.312
91 93 7163095.475
91 94 6029440.493
91 95 8528173.944
91 96 7005038.843
91 97 4510219.771
91 98 6345915.529
91 99 5283436.576
92 93 5223157.449
92 94 1298210.779
92 95 6200354.697
92 96 217987.0843
92 97 9441987.807
92 98 5182972.008
92 99 10092706.57
93 94 5364398.867
93 95 1419524.998
93 96 5132460.821
93 97 6445275.566
93 98 842810.7775
93 99 6786179.049
94 95 6542815.873
94 96 1104262.045
94 97 8638497.459
94 98 5117860.917
94 99 9334367.574
95 96 6146439.413
95 97 7340156.526
95 98 2186837.949
95 99 7560772.62
96 97 9242835.64
96 98 5061221.594
96 99 9897808.677
97 98 5692143.156
97 99 787986.3992
98 99 6080070.876
