4950
0 1 8179015.233
0 2 6477894.44
0 3 9704396.051
0 4 610862.4811
0 5 8305124.315
0 6 8340041.361
0 7 6372162.768
0 8 7730577.805
0 9 8580300.024
0 10 10800932.87
0 11 8966762.466
0 12 11197799.71
0 13 10787104.03
0 14 4570436.753
0 15 6041171.794
0 16 7231830.352
0 17 2617841.139
0 18 4243955.779
0 19 5630458.558
0 20 1975344.84
0 21 5874579.377
0 22 4401289.729
0 23 9272846.824
0 24 6789438.43
0 25 9875838.141
0 26 3734957.725
0 27 3715637.825
0 28 9785647.892
0 29 10537530.95
0 30 11498975.47
0 31 6037943.249
0 32 6611761.848
0 33 8332822.283
0 34 5490130.174
0 35 9833901.835
0 36 8991272.45
0 37 5318485.377
0 38 5432173.886
0 39 1813901.236
0 40 5960197.67
0 41 3572577.832
0 42 4769947.454
0 43 7842372.343
0 44 4036362.733
0 45 2738151.107
0 46 3704111.161
0 47 10129040.36
0 48 4535001.768
0 49 3632570.892
0 50 5520804.952
0 51 8765692.35
0 52 8399533.426
0 53 9743851.286
0 54 6552348.048
0 55 9873032.24
0 56 10140591.17
0 57 12044379.6
0 58 2441435.61
0 59 3010448.978
0 60 6924590.963
0 61 6016920.584
0 62 9709788.902
0 63 7332435.714
0 64 4854847.237
0 65 7163608.283
0 66 11699787.06
0 67 5449221.373
0 68 3151677.655
0 69 5325046.095
0 70 6427738.999
0 71 2742067.434
0 72 7065414.456
0 73 10631731.3
0 74 9333610.146
0 75 7573534.266
0 76 8072682.862
0 77 9670037.458
0 78 4589584.661
0 79 12148051.35
0 80 8135800.919
0 81 12732684.68
0 82 8777372.969
0 83 8721439.948
0 84 2522462.973
0 85 6897758.47
0 86 7246828.866
0 87 2637266.408
0 88 7384076.353
0 89 9580384.437
0 90 6599711.406
0 91 5630880.872
0 92 8471575.746
0 93 10677985.02
0 94 8630461.592
0 95 10499995.85
0 96 8961899.159
0 97 9406401.184
0 98 9219636.413
0 99 5551681.252
1 2 4097385.417
1 3 2086822.178
1 4 7748114.524
1 5 6076801.382
1 6 4832649.025
1 7 5269136.742
1 8 2337161.097
1 9 4242385.293
1 10 2693975.741
1 11 5133268.151
1 12 4090837.69
1 13 2609457.429
1 14 6063551.539
1 15 4510627.126
1 16 7305588.775
1 17 5743422.64
1 18 3940220.92
1 19 5626369.401
1 20 6789337.372
1 21 3731559.954
1 22 3888042.664
1 23 1391946.649
1 24 4132253.97
1 25 1727240.745
1 26 6425269.316
1 27 4465371.03
1 28 2157112.781
1 29 3145394.66
1 30 3319986.272
1 31 4775959.285
1 32 3807280.223
1 33 5642854.47
1 34 2725818.347
1 35 3835281.057
1 36 5845086.537
1 37 5121092.502
1 38 5606657.292
1 39 7530951.649
1 40 4399121.08
1 41 6968300.583
1 42 4372215.666
1 43 416418.0804
1 44 4170150.938
1 45 6464553.981
1 46 5354161.498
1 47 1994660.911
1 48 5458675.601
1 49 5617806.551
1 50 3099034.597
1 51 2264568.841
1 52 1967995.927
1 53 1584831.65
1 54 5830000.784
1 55 3770966.928
1 56 2460635.358
1 57 4045619.58
1 58 5756027.875
1 59 5315562.732
1 60 4011284.851
1 61 4213413.704
1 62 2757921
1 63 4634649.402
1 64 6694121.79
1 65 5109397.508
1 66 3879064.257
1 67 2947458.233
1 68 7016208.922
1 69 3282012.748
1 70 1763301.073
1 71 5437660.042
1 72 5409081.931
1 73 2992189.03
1 74 4504806.039
1 75 2868466.719
1 76 2857676.945
1 77 1742263.09
1 78 3643765.899
1 79 4184156.34
1 80 1681786.29
1 81 4727625.678
1 82 665450.7935
1 83 1501526.359
1 84 6097506.281
1 85 2633790.665
1 86 3109497.008
1 87 6938187.921
1 88 3207154.853
1 89 4727486.88
1 90 6177167.428
1 91 2599976.269
1 92 1395280.55
1 93 3919848.069
1 94 2570926.196
1 95 2692116.831
1 96 3158749.48
1 97 5534686.18
1 98 4897636.788
1 99 2794954.427
2 3 4286620.274
2 4 5886831.933
2 5 2519650.489
2 6 1943255.651
2 7 1172080.833
2 8 2042128.836
2 9 7623547.256
2 10 6469947.986
2 11 8465738.622
2 12 5103388.424
2 13 6023060.157
2 14 2513194.02
2 15 6504641.814
2 16 3229020.221
2 17 5090198.136
2 18 3627603.809
2 19 7238802.111
2 20 6085392.133
2 21 824913.237
2 22 4084733.973
2 23 4266528.094
2 24 6633571.768
2 25 5110872.884
2 26 3230156.167
2 27 3657574.371
2 28 4350424.686
2 29 4723155.002
2 30 6681780.606
2 31 6738452.717
2 32 6243251.415
2 33 2274669.6
2 34 2844571.458
2 35 7751212.703
2 36 9016022.284
2 37 1413457.577
2 38 7108410.681
2 39 5061374.828
2 40 557103.3233
2 41 3731575.836
2 42 1759384.295
2 43 4094521.13
2 44 3889438.098
2 45 6250251.728
2 46 5671091.756
2 47 5801174.67
2 48 2132831.631
2 49 2884085.098
2 50 1925163.905
2 51 6149669.326
2 52 5763277.988
2 53 5386978.91
2 54 7899444.731
2 55 3576514.686
2 56 6537190.822
2 57 6568969.368
2 58 4356044.103
2 59 4794831.425
2 60 448515.621
2 61 6217336.983
2 62 6816144.66
2 63 7343111.234
2 64 2939006.132
2 65 1221802.082
2 66 6043333.881
2 67 4118862.245
2 68 3978584.77
2 69 1964571.036
2 70 3481371.486
2 71 4352797.22
2 72 7823528.61
2 73 4985784.668
2 74 8121002.083
2 75 1564992.235
2 76 1989194.211
2 77 4571574.312
2 78 2936860.406
2 79 6608061.145
2 80 5404808.471
2 81 7191381.265
2 82 4710796.744
2 83 3458026.599
2 84 3955692.955
2 85 5378815.85
2 86 1176902.378
2 87 4200255.537
2 88 1207026.098
2 89 3102534.937
2 90 2081666.372
2 91 2778460.096
2 92 3282139.54
2 93 4496344.652
2 94 2686866.876
2 95 5040857.993
2 96 6932044.744
2 97 8939727.321
2 98 2759524.861
2 99 3992437.293
3 4 9207043.781
3 5 5445502.308
3 6 4102599.596
3 7 5356169.108
3 8 2269671.512
3 9 6101596.239
3 10 2554902.922
3 11 6970926.575
3 12 2012288.063
3 13 1885534.655
3 14 6706143.875
3 15 6597100.864
3 16 7126685.607
3 17 7467428.695
3 18 5600481.591
3 19 7708715.561
3 20 8548641.963
3 21 4323922.825
3 22 5681976.909
3 23 722769.322
3 24 6205198.419
3 25 1226238.362
3 26 7278919.563
3 27 6043948.833
3 28 81892.58669
3 29 1058766.994
3 30 2454333.458
3 31 6862646.469
3 32 5889050.044
3 33 4966825.062
3 34 4268862.06
3 35 5290456.491
3 36 7723426.257
3 37 5626804.805
3 38 7683881.256
3 39 8757169.048
3 40 4769544.587
3 41 7820072.234
3 42 5291694.121
3 43 2494835.034
3 44 5867962.438
3 45 8324022.557
3 46 7276045.411
3 47 2083704.855
3 48 6194595
3 49 6636360.551
3 50 4221971.518
3 51 3949974.978
3 52 3788263.337
3 53 1827122.281
3 54 7911508.889
3 55 2127844.814
3 56 3223077.544
3 57 2378880.784
3 58 7268242.529
3 59 7047795.448
3 60 3994996.017
3 61 6298935.846
3 62 4029624.607
3 63 6672110.987
3 64 7209926.982
3 65 4889556.397
3 66 1996640.442
3 67 4868410.67
3 68 7971499.288
3 69 4422918.417
3 70 3597682.683
3 71 7022861.647
3 72 7469750.601
3 73 958930.9193
3 74 6212229.277
3 75 2723351.636
3 76 2362056.823
3 77 568906.4267
3 78 5129257.698
3 79 2461250.376
3 80 3598126.204
3 81 3053779.626
3 82 2016887.06
3 83 984478.8631
3 84 7381841.234
3 85 4716791.496
3 86 3109799.503
3 87 8028885.095
3 88 3094729.983
3 89 3414254.59
3 90 6155619.481
3 91 4120402.486
3 92 1233370.258
3 93 1935894.54
3 94 1687693.777
3 95 805854.5876
3 96 4846605.643
3 97 7319039.122
3 98 3774162.872
3 99 4702036.176
4 5 7694273.81
4 6 7738399.184
4 7 5762563.916
4 8 7191725.805
4 9 8419924.561
4 10 10396975.57
4 11 8860506.707
4 12 10657200.32
4 13 10349385.82
4 14 3960791.54
4 15 5927580.301
4 16 6636992.295
4 17 2386946.23
4 18 3841110.5
4 19 5631420.186
4 20 2002977.715
4 21 5301332.848
4 22 4057464.28
4 23 8799073.202
4 24 6645725.317
4 25 9427345.449
4 26 3128150.773
4 27 3288922.125
4 28 9287857.411
4 29 10017308.82
4 30 11064043.29
4 31 5951318.948
4 32 6437728.01
4 33 7723295.468
4 34 5035844.562
4 35 9600121.194
4 36 8937944.094
4 37 4711441.219
4 38 5430481.02
4 39 1254231.517
4 40 5364265.286
4 41 2984283.368
4 42 4194303.139
4 43 7425837.925
4 44 3659155.205
4 45 2772931.054
4 46 3590294.351
4 47 9716587.26
4 48 3926430.445
4 49 3029503.185
4 50 5001033.08
4 51 8462025.36
4 52 8084489.796
4 53 9323590.893
4 54 6565489.547
4 55 9309430.385
4 56 9784760.733
4 57 11560393.27
4 58 1993376.052
4 59 2735959.582
4 60 6334379.303
4 61 5872442.709
4 62 9404030.716
4 63 7228261.823
4 64 4257527.713
4 65 6555726.501
4 66 11198900.38
4 67 5106347.329
4 68 2563314.694
4 69 4802780.635
4 70 6013154.821
4 71 2347225.409
4 72 7031598.107
4 73 10125226.19
4 74 9168026.854
4 75 7015654.471
4 76 7515795.038
4 77 9194931.588
4 78 4123473.307
4 79 11659272.36
4 80 7805420.558
4 81 12246782.18
4 82 8361135.664
4 83 8222692.379
4 84 1937362.951
4 85 6625366.33
4 86 6681737.91
4 87 2038001.963
4 88 6815411.868
4 89 8989021.585
4 90 5990795.192
4 91 5172208.7
4 92 7973739.449
4 93 10127666.09
4 94 8087235.942
4 95 10006772.79
4 96 8713320.383
4 97 9313786.762
4 98 8622148.918
4 99 5195371.71
5 6 1342930.339
5 7 1974142.646
5 8 3740594.908
5 9 9981776.997
5 10 7959120.001
5 11 10847729.49
5 12 5306171.554
5 13 7330943.663
5 14 3755958.341
5 15 9018095.125
5 16 2049470.706
5 17 7403655.479
5 18 6109727.771
5 19 9756449.33
5 20 8312754.788
5 21 3334573.225
5 22 6586649.821
5 23 5736926.658
5 24 9115652.569
5 25 6563358.339
5 26 4612119.049
5 27 6068081.513
5 28 5479403.809
5 29 5387459.038
5 30 7868789.26
5 31 9254491.313
5 32 8724435.47
5 33 480283.0135
5 34 5355453.902
5 35 9896508.563
5 36 11439066.04
5 37 3058534.976
5 38 9623799.936
5 39 6626241.176
5 40 2747866.306
5 41 4930562.562
5 42 4043362.264
5 43 6195354.331
5 44 6358223.195
5 45 8586708.694
5 46 8122655.606
5 47 7381230.528
5 48 3797786.16
5 49 4735212.988
5 50 4444303.835
5 51 8298604.408
5 52 7946302.248
5 53 7014814.99
5 54 10417442.18
5 55 3744864.595
5 56 8338496.713
5 57 7275176.534
5 58 6534371.209
5 59 7159933.009
5 60 2299585.107
5 61 8727777.393
5 62 8826052.224
5 63 9814618.204
5 64 3683272.973
5 65 1329939.232
5 66 6647976.235
5 67 6629792.745
5 68 5310062.031
5 69 4481447.556
5 70 5885417.76
5 71 6626324.28
5 72 10326518.62
5 73 5780901.207
5 74 10415210.08
5 75 3210798.716
5 76 3275175.403
5 77 5913024.817
5 78 5428648.926
5 79 7249712.873
5 80 7603918.075
5 81 7762037.118
5 82 6582607.56
5 83 4958089.48
5 84 5892749.966
5 85 7797144.19
5 86 3024080.058
5 87 5728113.592
5 88 2896038.317
5 89 2481383.298
5 90 1810419.86
5 91 5280667.864
5 92 4887280.402
5 93 4669535.829
5 94 3812755.265
5 95 6003009.352
5 96 9147434.23
5 97 11308636
5 98 1945924.659
5 99 6498146.723
6 7 2114919.889
6 8 2506831.247
6 9 8868886.776
6 10 6619489.117
6 11 9748804.772
6 12 4090283.631
6 13 5988018.876
6 14 4019122.636
6 15 8148361.284
6 16 3187530.997
6 17 7031015.424
6 18 5501965.295
6 19 8985780.75
6 20 8028336.877
6 21 2727447.268
6 22 5920845.129
6 23 4405132.434
6 24 8154680.955
6 25 5225660.462
6 26 4849082.291
6 27 5582050.223
6 28 4136801.841
6 29 4080404.47
6 30 6529280.131
6 31 8398074.933
6 32 7765413.469
6 33 865259.4266
6 34 4531492.891
6 35 8667422.137
6 36 10377074.32
6 37 3049852.911
6 38 8872055.926
6 39 6810491.522
6 40 2398613.073
6 41 5273884.59
6 42 3695678.131
6 43 4990531.943
6 44 5775634.588
6 45 8185789.862
6 46 7559552.069
6 47 6049351.452
6 48 3842371.318
6 49 4708969.148
6 50 3703640.369
6 51 7083261.599
6 52 6749180.986
6 53 5689522.849
6 54 9569249.861
6 55 2487666.777
6 56 7029225.25
6 57 5982301.959
6 58 6292270.965
6 59 6727873.869
6 60 1545344.528
6 61 7846681.407
6 62 7559258.106
6 63 8828682.037
6 64 4180581.288
6 65 1304631.149
6 66 5366230.939
6 67 5777425.458
6 68 5596921.209
6 69 3793787.072
6 70 4870931.41
6 71 6296049.255
6 72 9406499.501
6 73 4461911.066
6 74 9255179.051
6 75 2017170.228
6 76 1984254.05
6 77 4572403.478
6 78 4807684.375
6 79 5967424.058
6 80 6418296.983
6 81 6497441.344
6 82 5302043.666
6 83 3638384.854
6 84 5831193.527
6 85 6760955.28
6 86 1935009.947
6 87 5917931.377
6 88 1775546.905
6 89 1421572.829
6 90 2505632.157
6 91 4430594.829
6 92 3584051.446
6 93 3444764.041
6 94 2477871.716
6 95 4670033.095
6 96 7953909.783
6 97 10195980.81
6 98 931964.4257
6 99 5629076.132
7 8 3166058.224
7 9 8692947.67
7 10 7617726.245
7 11 9516530.069
7 12 5927269.947
7 13 7142173.22
7 14 1914345.271
7 15 7381341.425
7 16 2086055.256
7 17 5454262.848
7 18 4296227.001
7 19 8009575.661
7 20 6343182.067
7 21 1738833.843
7 22 4805485.294
7 23 5395983.31
7 24 7591483.253
7 25 6245726.095
7 26 2759391.242
7 27 4178435.684
7 28 5414489.039
7 29 5676978.287
7 30 7784594.178
7 31 7599027.025
7 32 7205626.321
7 33 1960744.095
7 34 3786340.278
7 35 8895476.033
7 36 10032604.9
7 37 1084483.469
7 38 7862016.29
7 39 4753958.842
7 40 1004615.646
7 41 3163052.12
7 42 2139627.487
7 43 5259072.199
7 44 4520738.594
7 45 6639441.092
7 46 6246068.095
7 47 6956371.263
7 48 1840126.692
7 49 2769752.353
7 50 2847190.159
7 51 7298437.065
7 52 6906701.833
7 53 6545249.008
7 54 8737498.648
7 55 4330057.734
7 56 7708668.105
7 57 7564920.922
7 58 4563733.275
7 59 5231682.923
7 60 1363640.27
7 61 7109374.437
7 62 7981668.213
7 63 8313019.899
7 64 2087684.913
7 65 822900.5783
7 66 7005638.123
7 67 5033154.62
7 68 3498228.442
7 69 2821300.2
7 70 4558225.734
7 71 4670539.545
7 72 8729132.374
7 73 5980723.707
7 74 9219764.431
7 75 2649868.562
7 76 3001240.459
7 77 5682560.728
7 78 3648231.051
7 79 7587817.627
7 80 6546358.126
7 81 8159010.245
7 82 5882401.958
7 83 4580887.307
7 84 3926604.456
7 85 6421411.648
7 86 2285999.075
7 87 3854000.666
7 88 2269785.776
7 89 3514964.07
7 90 917943.8507
7 91 3749553.655
7 92 4419701.935
7 93 5292296.898
7 94 3697548.54
7 95 6078469.295
7 96 8062398.129
7 97 9997165.622
7 98 3046605.955
7 99 4926980.367
8 9 6393208.437
8 10 4456348.052
8 11 7279532.426
8 12 3467221.908
8 13 3982390.431
8 14 4437487.209
8 15 5956621.931
8 16 5090716.555
8 17 5764610.852
8 18 3945144.5
8 19 6920352.981
8 20 6848807.55
8 21 2073142.616
8 22 4201164.572
8 23 2230342.327
8 24 5837549.04
8 25 3079673.11
8 26 5031245.113
8 27 4257833.451
8 28 2338560.586
8 29 2867275.398
8 30 4639934.936
8 31 6219482.004
8 32 5457998.67
8 33 3306016.432
8 34 2667633.582
8 35 6166205.081
8 36 7933259.351
8 37 3357365.395
8 38 6839036.779
8 39 6611839.301
8 40 2503527.721
8 41 5568000.823
8 42 3101646.922
8 43 2484087.559
8 44 4234588.144
8 45 6783186.887
8 46 5902351.903
8 47 3806312.504
8 48 3937148.371
8 49 4443458.315
8 50 2235563.61
8 51 4577472.543
8 52 4242647.539
8 53 3403951.867
8 54 7377609.3
8 55 2275176.638
8 56 4648261.517
8 57 4611344.884
8 58 5350583.573
8 59 5376796.817
8 60 1812701.393
8 61 5646279.781
8 62 5086270.501
8 63 6471607.419
8 64 4944063.342
8 65 2845865.724
8 66 4137315.693
8 67 3717497.989
8 68 5739655.055
8 69 2421503.854
8 70 2583523.631
8 71 5184688.382
8 72 7121880.21
8 73 3054377.429
8 74 6754981.84
8 75 548446.0568
8 76 609107.2404
8 77 2529459.172
8 78 3332311.754
8 79 4670095.952
8 80 3913925.389
8 81 5262206.191
8 82 2854788.249
8 83 1417354.913
8 84 5295314.547
8 85 4375335.575
8 86 880102.0483
8 87 5837737.879
8 88 921324.3952
8 89 2682878.38
8 90 4024701.287
8 91 2526304.146
8 92 1255959.056
8 93 2964614.642
8 94 906056.561
8 95 3050750.007
8 96 5447350.626
8 97 7716676.255
8 98 2709053.589
8 99 3549620.37
9 10 4783871.764
9 11 892008.0956
9 12 8063064.163
9 13 5404953.26
9 14 8704060.455
9 15 2579557.314
9 16 10768009.47
9 17 6035753.269
9 18 5184653.544
9 19 3412509.201
9 20 6651399.985
9 21 6955079.512
9 22 4712300.503
9 23 5389334.675
9 24 1796545.793
9 25 5126355.424
9 26 8670122.294
9 27 5704131.317
9 28 6150553.969
9 29 7101308.447
9 30 5807436.44
9 31 2657611.045
9 32 1984471.297
9 33 9600506.065
9 34 4977033.073
9 35 1677512.504
9 36 1621851.355
9 37 8118501.623
9 38 3550752.192
9 39 8837777.09
9 40 7694174.654
9 41 9122781.084
9 42 6990113.888
9 43 3961450.197
9 44 5181669.057
9 45 5961888.201
9 46 4879322.614
9 47 4554212.299
9 48 8078729.591
9 49 7740932.275
9 50 5882597.863
9 51 2175576.393
9 52 2318769.404
9 53 4513083.035
9 54 2887952.498
9 55 8002292.156
9 56 3573164.938
9 57 7189031.769
9 58 6731090.073
9 59 5722216.133
9 60 7715623.09
9 61 2564769.551
9 62 2552991.043
9 63 1428137.073
9 64 9414909.727
9 65 8812942.87
9 66 7343143.419
9 67 3904973.853
9 68 8975738.434
9 69 5956490.776
9 70 4142972.937
9 71 6296455.535
9 72 2179300.04
9 73 6809849.075
9 74 755204.7614
9 75 6852460.862
9 76 6979480.749
9 77 5586952.262
9 78 5497380.872
9 79 7369551.203
9 80 2562243.544
9 81 7728871.665
9 82 4090608.336
9 83 5735644.89
9 84 7562525.464
9 85 2288965.306
9 86 6969947.43
9 87 8646333.263
9 88 7112809.895
9 89 8950889.732
9 90 9592122.538
9 91 4980902.77
9 92 5637034.722
9 93 8034192.76
9 94 6797657.942
9 95 6418039.505
9 96 1370734.127
9 97 1327909.135
9 98 9076449.571
9 99 3943678.654
10 11 5520549.993
10 12 3907663.047
10 13 807940.7778
10 14 8664379.049
10 15 6250623.989
10 16 9527107.513
10 17 8286125.838
10 18 6560474.832
10 19 7392847.285
10 20 9284415.792
10 21 6273042.669
10 22 6428037.343
10 23 2246627.211
10 24 5612506.421
10 25 1399875.469
10 26 9084343.576
10 27 7108214.633
10 28 2539746.029
10 29 3099489.423
10 30 1023813.404
10 31 6482002.384
10 32 5423356.818
10 33 7484393.038
10 34 5407944.197
10 35 3446345.159
10 36 6302698.078
10 37 7661062.73
10 38 7435630.263
10 39 10222373.55
10 40 6867411.134
10 41 9630148.85
10 42 7026501.55
10 43 2976298.961
10 44 6765542.809
10 45 8861541.887
10 46 7695183.561
10 47 702947.7571
10 48 8080623.562
10 49 8299678.899
10 50 5773232.558
10 51 2768485.68
10 52 2898566.32
10 53 1125774.477
10 54 7285283.264
10 55 4631319.64
10 56 1214583.014
10 57 2458806.638
10 58 8404292.489
10 59 7861363.764
10 60 6269048.31
10 61 6011738.873
10 62 2248595.376
10 63 5819916.733
10 64 9258404.466
10 65 7273440.144
10 66 2758367.134
10 67 5407296.225
10 68 9695677.662
10 69 5961598.767
10 70 4384344.803
10 71 8062970.705
10 72 6681901.72
10 73 2676455.32
10 74 4601048.123
10 75 4990427.763
10 76 4747418.242
10 77 2047852.741
10 78 6323009.339
10 79 2642794.394
10 80 2972763.815
10 81 2950425.675
10 82 2046657.372
10 83 3060119.762
10 84 8787544.892
10 85 4423400.893
10 86 5335004.559
10 87 9630358.407
10 88 5371605.855
10 89 5959663.115
10 90 8480632.95
10 91 5287134.876
10 92 3200389.368
10 93 4168262.066
10 94 4148520.852
10 95 2285867.919
10 96 3414820.413
10 97 5738976.376
10 98 6329062.011
10 99 5281896.337
11 12 8917712.49
11 13 6183787.397
11 14 9437514.604
11 15 2933095.854
11 16 11582834.37
11 17 6501344.736
11 18 5849720.054
11 19 3514788.589
11 20 7003860.722
11 21 7777761.968
11 22 5350675.481
11 23 6262803.548
11 24 2250516.174
11 25 5965381.274
11 26 9352274.085
11 27 6339677.197
11 28 7017812.168
11 29 7959061.254
11 30 6537919.876
11 31 2931160.88
11 32 2543874.218
11 33 10472292.81
11 34 5766629.066
11 35 2177510.396
11 36 782877.1865
11 37 8902406.816
11 38 3685002.496
11 39 9376157.175
11 40 8514200.512
11 41 9784489.959
11 42 7751725.3
11 43 4853316.523
11 44 5814511.632
11 45 6275212.649
11 46 5274250.899
11 47 5351450.339
11 48 8819550.454
11 49 8425608.218
11 50 6687461.465
11 51 3026512.005
11 52 3199423.403
11 53 5341782.66
11 54 2792862.763
11 55 8889896.057
11 56 4306615.882
11 57 7957775.176
11 58 7280180.444
11 59 6225749.831
11 60 8572479.538
11 61 3007678.325
11 62 3272030.906
11 63 1634663.809
11 64 10149070.95
11 65 9663627.021
11 66 8146271.381
11 67 4632357.172
11 68 9612004.52
11 69 6749446.79
11 70 4985647.709
11 71 6845652.868
11 72 2092630.001
11 73 7656007.444
11 74 965491.9046
11 75 7733630.266
11 76 7867859.428
11 77 6448217.528
11 78 6221851.625
11 79 8140096.634
11 80 3452248.837
11 81 8470559.946
11 82 4966356.275
11 83 6624721.956
11 84 8158901.628
11 85 3095118.464
11 86 7842839.097
11 87 9251932.516
11 88 7988057.869
11 89 9842824.652
11 90 10408290.27
11 91 5781785.718
11 92 6528203.806
11 93 8905819.943
11 94 7689663.562
11 95 7259585.793
11 96 2163768.3
11 97 492220.5512
11 98 9966377.714
11 99 4690433.844
12 13 3099991.921
12 14 7614358.684
12 15 8593807.805
12 16 7273604.979
12 17 9158994.483
12 18 7300170.248
12 19 9694305.05
12 20 10247916.92
12 21 5438032.167
12 22 7463490.243
12 23 2732445.043
12 24 8216657.252
12 25 2969945.728
12 26 8320724.826
12 27 7674228.642
12 28 1949072.773
12 29 965420.3553
12 30 3272151.984
12 31 8860429.035
12 32 7897540.797
12 33 4849038.087
12 34 5967832.69
12 35 7108438.125
12 36 9681622.261
12 37 6516539.758
12 38 9661398.285
12 39 10033572.38
12 40 5654254.76
12 41 8832178.899
12 42 6523441.316
12 43 4492227.15
12 44 7582409.673
12 45 10105035.79
12 46 9117862.871
12 47 3714419.333
12 48 7214841.662
12 49 7842592.675
12 50 5691612.906
12 51 5892025.733
12 52 5766892.789
12 53 3609394.724
12 54 9920319.61
12 55 1613671.574
12 56 4899316.087
12 57 2136402.902
12 58 8810279.072
12 59 8754280.88
12 60 4698759.267
12 61 8292689.954
12 62 5832252.621
12 63 8682150.744
12 64 7978713.222
12 65 5247796.652
12 66 1492163.69
12 67 6747320.657
12 68 9060267.655
12 69 5882262.131
12 70 5473922.862
12 71 8624999.906
12 72 9481993.394
12 73 1281680.079
12 74 8114849.959
12 75 3679002.772
12 76 3183398.757
12 77 2480731.558
12 78 6742609.594
12 79 2056486.438
12 80 5597231.688
12 81 2494770.172
12 82 4009669.269
12 83 2760533.776
12 84 8751452.701
12 85 6724350.324
12 86 4048813.465
12 87 9223291.453
12 88 3949655.298
12 89 2843374.761
12 90 6538485.897
12 91 5818048.486
12 92 2987024.73
12 93 646072.4508
12 94 2570471.989
12 95 1690956.032
12 96 6766669.23
12 97 9241138.65
12 98 3366140.215
12 99 6576747.467
13 14 8325725.373
13 15 6630958.489
13 16 8982455.591
13 17 8343377.231
13 18 6549678.26
13 19 7780053.49
13 20 9377187.597
13 21 5918334.187
13 22 6482923.407
13 23 1760879.242
13 24 6051825.69
13 25 952663.6835
13 26 8808161.603
13 27 7072121.441
13 28 1854532.217
13 29 2308160.745
13 30 716939.7568
13 31 6875639.567
13 32 5822807.71
13 33 6852348.799
13 34 5315580.398
13 35 4174560.558
13 36 6966289.223
13 37 7285360.925
13 38 7804182.258
13 39 10078289.62
13 40 6459723.947
13 41 9355178.073
13 42 6760057.523
13 43 2967170.055
13 44 6778099.541
13 45 9012520.521
13 46 7870177.112
13 47 874477.2697
13 48 7766834.98
13 49 8071253.902
13 50 5552797.91
13 51 3292251.202
13 52 3336684.646
13 53 1110450.815
13 54 7757139.124
13 55 3886867.558
13 56 1912430.077
13 57 1786377.409
13 58 8359616.462
13 59 7915585.945
13 60 5780302.177
13 61 6370981.894
13 62 2931035.59
13 63 6334393.039
13 64 8885375.011
13 65 6733926.019
13 66 1990762.101
13 67 5504812.692
13 68 9453870.588
13 69 5748972.529
13 70 4370443.928
13 71 8046434.774
13 72 7190487.464
13 73 1878736.29
13 74 5291526.343
13 75 4492912.604
13 76 4193812.056
13 77 1462066.174
13 78 6232218.376
13 79 1965531.836
13 80 3329853.932
13 81 2370354.485
13 82 2053545.385
13 83 2565208.114
13 84 8654732.239
13 85 4745716.022
13 86 4859393.233
13 87 9433709.912
13 88 4874157.263
13 89 5237561.867
13 90 7976347.614
13 91 5182701.486
13 92 2748654.685
13 93 3374674.149
13 94 3550770.696
13 95 1498723.761
13 96 4037500.936
13 97 6433955.536
13 98 5632337.797
13 99 5363322.109
14 15 6898991.236
14 16 2817368.942
14 17 4190282.69
14 18 3662394.436
14 19 7273493.232
14 20 4886631.574
14 21 2407663.258
14 22 4197956.524
14 23 6572562.349
14 24 7299247.2
14 25 7381651.147
14 26 857462.6531
14 27 3305096.604
14 28 6775812.067
14 29 7222579.577
14 30 9015745.839
14 31 7069903.718
14 32 6943277.352
14 33 3837425.026
14 34 3796573.034
14 35 9256953.286
14 36 9828304.292
14 37 1100990.183
14 38 7098208.899
14 39 2871099.469
14 40 1971620.625
14 41 1257929.001
14 42 1765181.583
14 43 5924478.819
14 44 3785868.15
14 45 5338438.334
14 46 5247713.699
14 47 7968094.999
14 48 634997.3368
14 49 1254124.884
14 50 3035594.044
14 51 7737932.315
14 52 7324940.483
14 53 7543609.408
14 54 8114164.466
14 55 6067462.832
14 56 8504330.324
14 57 9039082.138
14 58 3165841.211
14 59 4093150.614
14 60 2918720.513
14 61 6676258.65
14 62 8554024.198
14 63 8024053.572
14 64 711582.0529
14 65 2737239.134
14 66 8534482.925
14 67 4806772.309
14 68 1584349.304
14 69 2891174.197
14 70 4831553.012
14 71 3412764.89
14 72 8260539.463
14 73 7464825.275
14 74 9333526.587
14 75 4032848.114
14 76 4488853.974
14 77 6917322.33
14 78 3215692.259
14 79 9088226.948
14 80 6968017.871
14 81 9676263.884
14 82 6725167.61
14 83 5802634.71
14 84 2305521.074
14 85 6435391.542
14 86 3639939.601
14 87 1972186.969
14 88 3702282.333
14 89 5395847.733
14 90 2031496.087
14 91 3835554.292
14 92 5592554.185
14 93 7001867.782
14 94 5177666.433
14 95 7486889.957
14 96 8362584.918
14 97 9929634.675
14 98 4947540.435
14 99 4760437.022
15 16 9342871.255
15 17 3576808.936
15 18 3238803.889
15 19 1149130.929
15 20 4089651.326
15 21 5711886.17
15 22 2701548.531
15 23 5897811.584
15 24 800662.7431
15 25 6011613.789
15 26 6672956.204
15 27 3629684.613
15 28 6667736.062
15 29 7655186.666
15 30 7215859.066
15 31 268225.9528
15 32 835088.6858
15 33 8724476.044
15 34 3662650.759
15 35 4050180.439
15 36 3070665.076
15 37 6573945.389
15 38 1186270.498
15 39 6481389.454
15 40 6394807.374
15 41 7054164.183
15 42 5369035.804
15 43 4103182.195
15 44 3122284.52
15 45 3385343.669
15 46 2342012.587
15 47 5770547.135
15 48 6320760.836
15 49 5770054.76
15 50 4583177.022
15 51 3548913.712
15 52 3353883.007
15 53 5545164.969
15 54 1425451.808
15 55 8036321.213
15 56 5190098.053
15 57 8344293.698
15 58 4409540.849
15 59 3324865.793
15 60 6734842.047
15 61 311074.5076
15 62 4384075.732
15 63 1301433.45
15 64 7598813.854
15 65 7722895.644
15 66 8303081.511
15 67 2388751.773
15 68 6835825.621
15 69 4573053.408
15 70 3373406.87
15 71 3980451.548
15 72 1365604.637
15 73 7493006.944
15 74 3333139.215
15 75 6262753.692
15 76 6561233.217
15 77 6223650.538
15 78 3778188.027
15 79 8506467.969
15 80 3303235.889
15 81 8983271.609
15 82 4742751.053
15 83 5887112.413
15 84 5336595.486
15 85 1910169.393
15 86 6231953.098
15 87 6431073.191
15 88 6401665.037
15 89 8637170.905
15 90 8202222.331
15 91 3741626.908
15 92 5697719.266
15 93 8370026.699
15 94 6645211.627
15 95 7168102.833
15 96 3314891.815
15 97 3388498.84
15 98 8607515.178
15 99 2526009.659
16 17 6981321.851
16 18 6157971.644
16 19 9876322.759
16 20 7703937.321
16 21 3815038.574
16 22 6689455.785
16 23 7281515.661
16 24 9609301.239
16 25 8132755.165
16 26 3546889.543
16 27 5927083.382
16 28 7173807.78
16 29 7242607.621
16 30 9581009.449
16 31 9546162.244
16 32 9228220.77
16 33 2453613.088
16 34 5827047.163
16 35 10976741.96
16 36 12079831.56
16 37 2772705.924
16 38 9714951.348
16 39 5434972.151
16 40 3074896.864
16 41 3662193.304
16 42 3979527.213
16 43 7321269.6
16 44 6344501.074
16 45 8143706.124
16 46 7960746.194
16 47 8892478.011
16 48 3195163.239
16 49 4053183.137
16 50 4896694.992
16 51 9377069.462
16 52 8988039.406
16 53 8493928.472
16 54 10656650.9
16 55 5675135.561
16 56 9716958.919
16 57 9151625.059
16 58 5974644.882
16 59 6846368.081
16 60 3302030.952
16 61 9084625.719
16 62 10040647.99
16 63 10335551.31
16 64 2380680.215
16 65 2253716.666
16 66 8544403.003
16 67 7043657.805
16 68 4081912.605
16 69 4847238.283
16 70 6640485.728
16 71 6194074.494
16 72 10703604.41
16 73 7604674.313
16 74 11303348.69
16 75 4546213.873
16 76 4790246.581
16 77 7524793.347
16 78 5566331.626
16 79 9144222.371
16 80 8628385.375
16 81 9681294.843
16 82 7897373.577
16 83 6467009.31
16 84 5118809.965
16 85 8489271.47
16 86 4230193.231
16 87 4599437.052
16 88 4169399.113
16 89 4497410.344
16 90 1176042.559
16 91 5802837.965
16 92 6338302.655
16 93 6629170.601
16 94 5439667.212
16 95 7774224.488
16 96 10147649.08
16 97 12066046.21
16 98 3958587.199
16 99 6950104.255
17 18 1868872.167
17 19 3457638.014
17 20 1088931.763
17 21 4314043.47
17 22 1862214.645
17 23 6951221.526
17 24 4270260.021
17 25 7467717.464
17 26 3649130.839
17 27 1513538.174
17 28 7549273.895
17 29 8394127.659
17 30 9044121.697
17 31 3628181.906
17 32 4052260.131
17 33 7282811.26
17 34 3206465.201
17 35 7226559.563
17 36 6627780.986
17 37 4396958.478
17 38 3259035.37
17 39 2938044.332
17 40 4698428.743
17 41 3872110.743
17 42 3374788.384
17 43 5376285.648
17 44 1600051.893
17 45 1185331.558
17 46 1298914.445
17 47 7633753.432
17 48 3798395.493
17 49 2936894.324
17 50 3560373.094
17 51 6152974.585
17 52 5792363.251
17 53 7267337.397
17 54 4387630.037
17 55 8025990.114
17 56 7561306.677
17 57 9728760.924
17 58 1055373.782
17 59 427889.3622
17 60 5491518.044
17 61 3499348.208
17 62 7097037.78
17 63 4876932.57
17 64 4783993.704
17 65 6100276.948
17 66 9452531.96
17 67 2883588.483
17 68 3556335.715
17 69 3398927.433
17 70 3981825.794
17 71 791674.0872
17 72 4764176.017
17 73 8421240.634
17 74 6782443.295
17 75 5755121.373
17 76 6225305.329
17 77 7347594.114
17 78 2432300.456
17 79 9849018.288
17 80 5539171.884
17 81 10418635.38
17 82 6300215.779
17 83 6508439.911
17 84 2046304.29
17 85 4279949.072
17 86 5507288.269
17 87 3061356.685
17 88 5670917.933
17 89 8042505.972
17 90 6020565.396
17 91 3356389.486
17 92 6259983.589
17 93 8711942.059
17 94 6663408.467
17 95 8234865.357
17 96 6348300.482
17 97 6963636.937
17 98 7792365.506
17 99 3004283.563
18 19 3724944.426
18 20 2955128.193
18 21 2803789.717
18 22 538365.3499
18 23 5097645.674
18 24 3656899.651
18 25 5650147.253
18 26 3503075.454
18 27 577001.4873
18 28 5682356.223
18 29 6526029.873
18 30 7259275.126
18 31 3418317.385
18 32 3316952.595
18 33 5900381.33
18 34 1338016.141
18 35 6035152.169
18 36 6188516.111
18 37 3388145.339
18 38 3570882.341
18 39 3845103.878
18 40 3371046.996
18 41 3940025.107
18 42 2186155.935
18 43 3598477.066
18 44 290238.7224
18 45 2838303.475
18 46 2058608.403
18 47 5885600.301
18 48 3082505.208
18 49 2578310.035
18 50 1830664.87
18 51 4724245.921
18 52 4326926.165
18 53 5500035.829
18 54 4502260.193
18 55 6219134.686
18 56 5957045.333
18 57 7878200.608
18 58 1855838.521
18 59 1455571.502
18 60 3966524.792
18 61 3014137.97
18 62 5650922.244
18 63 4375504.474
18 64 4365641.776
18 65 4780107.511
18 66 7588549.935
18 67 1363076.233
18 68 3795177.456
18 69 1712935.379
18 70 2183998.286
18 71 1502835.454
18 72 4602821.787
18 73 6553232.768
18 74 5871547.263
18 75 3996444.912
18 76 4442905.07
18 77 5495081.923
18 78 694467.5303
18 79 7994519.744
18 80 4020982.97
18 81 8568464.951
18 82 4533417.278
18 83 4639639.114
18 84 2453432.212
18 85 3035865.233
18 86 3796380.565
18 87 3499583.177
18 88 3967801.164
18 89 6361500.016
18 90 5049756.46
18 91 1488067.416
18 92 4391119.83
18 93 6867924.517
18 94 4832464.039
18 95 6372022.849
18 96 5122948.726
18 97 6340549.606
18 98 6172459.564
18 99 1407668.876
19 20 3659981.598
19 21 6422120.048
19 22 3204903.581
19 23 7017421.252
19 24 1826224.104
19 25 7155312.879
19 26 6918854.718
19 27 3975075.76
19 28 7780959.203
19 29 8764542.881
19 30 8362664.126
19 31 911052.3819
19 32 1969502.278
19 33 9499638.197
19 34 4454330.237
19 35 5011872.081
19 36 3396071.092
19 37 7111069.501
19 38 201356.2585
19 39 6383736.629
19 40 7056727.459
19 41 7231645.118
19 42 5911057.595
19 43 5214579.358
19 44 3532277.617
19 45 2892314.1
19 46 2164298.086
19 47 6919130.054
19 48 6743977.414
19 49 6068454.051
19 50 5321381.383
19 51 4671464.059
19 52 4494414.55
19 53 6693872.882
19 54 937022.3309
19 55 9064885.373
19 56 6315820.169
19 57 9491642.021
19 58 4441813.833
19 59 3334233.113
19 60 7514766.759
19 61 1422355.095
19 62 5474710.852
19 63 1987408.913
19 64 7946861.249
19 65 8437168.96
19 66 9442727.347
19 67 3228154.611
19 68 6957926.19
19 69 5275046.593
19 70 4361294.423
19 71 4048199.974
19 72 1463886.301
19 73 8616131.418
19 74 4131712.538
19 75 7179221.485
19 76 7515317.423
19 77 7351347.895
19 78 4361913.305
19 79 9653136.961
19 80 4451873.532
19 81 10131966.53
19 82 5883395.367
19 83 6964800.638
19 84 5429477.141
19 85 3053422.042
19 86 7106407.473
19 87 6493866.451
19 88 7279662.493
19 89 9582155.687
19 90 8774676.398
19 91 4557255.85
19 92 6765108.295
19 93 9446003.472
19 94 7657272.418
19 95 8298494.959
19 96 4356238.268
19 97 3895485.942
19 98 9512198.122
19 99 3388181.03
20 21 5333960.407
20 22 2902291.082
20 23 8021786.543
20 24 4855108.889
20 25 8516353.013
20 26 4218480.056
20 27 2591881.584
20 28 8630431.526
20 29 9481158.03
20 30 10071626.87
20 31 4072759.48
20 32 4706393.408
20 33 8226321.639
20 34 4293144.228
20 35 7977232.545
20 36 7016110.523
20 37 5264477.969
20 38 3460745.904
20 39 2969989.235
20 40 5659954.043
20 41 4315709.209
20 42 4338919.917
20 43 6412357.074
20 44 2681552.384
20 45 773458.1471
20 46 1781919.547
20 47 8645819.916
20 48 4592009.22
20 49 3670776.766
20 50 4635199.231
20 51 7030594.505
20 52 6691732.931
20 53 8290312.303
20 54 4587011.775
20 55 9105736.497
20 56 8503805.717
20 57 10795292.3
20 58 1779802.884
20 59 1501283.835
20 60 6500400.334
20 61 4088361.742
20 62 7969593.789
20 63 5371481.396
20 64 5399862.152
20 65 7034978.755
20 66 10530048.14
20 67 3881117.042
20 68 3939259.062
20 69 4468196.835
20 70 5034656.735
20 71 1735132.47
20 72 5090225.76
20 73 9503797.934
20 74 7406500.611
20 75 6826328.298
20 76 7301140.103
20 77 8417104.931
20 78 3517281.142
20 79 10918397.37
20 80 6464901.297
20 81 11484525.64
20 82 7326759.543
20 83 7593112.669
20 84 2592338.11
20 85 5129049.287
20 86 6567618.547
20 87 3391536.046
20 88 6728558.544
20 89 9085532.076
20 90 6825845.649
20 91 4443187.778
20 92 7345100.497
20 93 9799323.704
20 94 7749098.69
20 95 9311679.025
20 96 7131092.196
20 97 7438099.578
20 98 8816211.554
20 99 4015952.679
21 22 3260240.74
21 23 4165073.644
21 24 5876310.707
21 25 4975485.57
21 26 2958740.483
21 27 2854606.83
21 28 4396280.251
21 29 4925504.397
21 30 6608239.939
21 31 5940907.755
21 32 5488031.708
21 33 3099569.472
21 34 2068907.732
21 35 7208296.437
21 36 8298647.781
21 37 1393422.191
21 38 6289313.131
21 39 4597239.653
21 40 740302.3672
21 41 3497369.304
21 42 1107572.215
21 43 3652099.318
21 44 3067765.63
21 45 5460619.85
21 46 4851027.578
21 47 5581506.337
21 48 1870970.964
21 49 2404562.324
21 50 1131518.018
21 51 5624563.917
21 52 5224039.287
21 53 5158127.805
21 54 7096902.246
21 55 4016179.97
21 56 6191743.056
21 57 6682150.272
21 58 3643469.23
21 59 4001827.002
21 60 1182224.199
21 61 5429544.412
21 62 6358317.498
21 63 6593376.109
21 64 2985686.133
21 65 2017470.978
21 66 6209115.087
21 67 3335313.226
21 68 3667879.31
21 69 1147992.183
21 70 2826531.729
21 71 3599080.269
21 72 7042905.73
21 73 5127195.933
21 74 7489649.377
21 75 1759270.858
21 76 2255397.997
21 77 4512473.346
21 78 2112260.599
21 79 6742963.256
21 80 4861999.33
21 81 7335266.868
21 82 4380912.307
21 83 3400951.369
21 84 3366216.725
21 85 4682652.718
21 86 1395525.929
21 87 3789072.959
21 88 1517834.304
21 89 3765578.088
21 90 2639105.81
21 91 2020331.333
21 92 3186795.719
21 93 4870894.198
21 94 2894228.124
21 95 5116230.953
21 96 6357458.083
21 97 8258341.396
21 98 3482458.364
21 99 3217895.072
22 23 5129954.091
22 24 3139261.611
22 25 5614636.846
22 26 4013834.16
22 27 992331.277
22 28 5763331.923
22 29 6648588.214
22 30 7182418.657
22 31 2879952.54
22 32 2809638.762
22 33 6359054.362
22 34 1533676.358
22 35 5646988.478
22 36 5668386.158
22 37 3917738.15
22 38 3056726.792
22 39 4203768.287
22 40 3862302.651
22 41 4434315.518
22 42 2712684.461
22 43 3515826.487
22 44 469731.6761
22 45 2646656.537
22 46 1703038.478
22 47 5772352.782
22 48 3620631.483
22 49 3094699.879
22 50 2218574.586
22 51 4413389.479
22 52 4030001.803
22 53 5405134.82
22 54 3967889.892
22 55 6472097.094
22 56 5739681.19
22 57 7897234.512
22 58 2131712.928
22 59 1435297.741
22 60 4400617.149
22 61 2481089.317
22 62 5352421.165
22 63 3852883.384
22 64 4899548.004
22 65 5259584.545
22 66 7648422.726
22 67 1049948.932
22 68 4266902.272
22 69 2132237.107
22 70 2132705.43
22 71 1723979.92
22 72 4064983.986
22 73 6640573.67
22 74 5414419.286
22 75 4312579.641
22 76 4733677.254
22 77 5523418.824
22 78 1161853.489
22 79 8022934.584
22 80 3747973.503
22 81 8585789.14
22 82 4438130.26
22 83 4748282.53
22 84 2862445.779
22 85 2636733.942
22 86 4148745.456
22 87 3937133.36
22 88 4322687.794
22 89 6708986.083
22 90 5574450.987
22 91 1676971.273
22 92 4504931.599
22 93 7066257.212
22 94 5063828.854
22 95 6429825.14
22 96 4739853.876
22 97 5839949.081
22 98 6551381.059
22 99 1151875.253
23 24 5489559.983
23 25 852459.7806
23 26 7077464.01
23 27 5574465.605
23 28 783372.307
23 29 1772719.452
23 30 2443183.988
23 31 6162179.072
23 32 5178186.051
23 33 5266722.475
23 34 3789660.937
23 35 4639711.609
23 36 7011033.492
23 37 5526063.081
23 38 6998593.304
23 39 8433177.745
23 40 4698860.942
23 41 7623743.138
23 42 5042694.492
23 43 1806646.211
23 44 5353391.517
23 45 7754857.11
23 46 6677376.986
23 47 1644445.459
23 48 6022490.595
23 49 6371007.935
23 50 3880947.881
23 51 3249612.725
23 52 3072717.589
23 53 1295068.138
23 54 7199533.073
23 55 2720872.214
23 56 2679594.491
23 57 2780829.604
23 58 6831440.501
23 59 6526656.677
23 60 4038528.303
23 61 5602528.691
23 62 3398049.641
23 63 5950169.663
23 64 7125625.321
23 65 5027808.466
23 66 2527436.371
23 67 4261871.988
23 68 7739779.711
23 69 4081005.753
23 70 3009708.174
23 71 6557557.17
23 72 6750333.761
23 73 1600367.428
23 74 5521620.201
23 75 2753569.205
23 76 2501706.878
23 77 397895.8372
23 78 4683317.152
23 79 2897854.454
23 80 2876225.414
23 81 3471093.421
23 82 1299482.666
23 83 817194.6562
23 84 7028702.203
23 85 4007946.941
23 86 3110087.244
23 87 7749465.989
23 88 3135556.047
23 89 3912809.486
23 90 6245356.403
23 91 3645672.303
23 92 987810.4922
23 93 2645086.407
23 94 1927615.873
23 95 1316910.929
23 96 4152673.013
23 97 6619162.628
23 98 4211316.069
23 99 4099999.322
24 25 5505830.086
24 26 7153094.17
24 27 4117834.203
24 28 6270936.676
24 29 7261716.175
24 30 6601405.287
24 31 942604.4404
24 32 391240.9824
24 33 8789264.039
24 34 3808402.383
24 35 3252344.771
24 36 2531891.328
24 37 6866216.578
24 38 1912943.223
24 39 7126865.412
24 40 6589988.236
24 41 7567453.979
24 42 5678607.809
24 43 3745701.552
24 44 3594448.381
24 45 4167531.516
24 46 3085944.406
24 47 5180625.54
24 48 6697080.01
24 49 6232710.199
24 50 4748446.285
24 51 2862871.643
24 52 2723212.905
24 53 4994095.177
24 54 1721725.964
24 55 7798463.469
24 56 4505961.933
24 57 7800010.814
24 58 5029677.613
24 59 3980554.992
24 60 6816427.426
24 61 773797.1205
24 62 3648638.304
24 63 728679.1566
24 64 8008002.354
24 65 7854656.349
24 66 7807734.955
24 67 2565643.861
24 68 7379896.165
24 69 4771904.55
24 70 3288707.827
24 71 4595137.079
24 72 1294398.129
24 73 7062187.177
24 74 2551747.937
24 75 6200633.906
24 76 6446643.737
24 77 5786664.315
24 78 4102416.002
24 79 7968056.859
24 80 2736184.014
24 81 8419462.013
24 82 4266216.667
24 83 5581211.106
24 84 5913701.861
24 85 1511691.432
24 86 6220341.254
24 87 7008100.189
24 88 6383425.941
24 89 8513915.668
24 90 8448378.133
24 91 3859022.782
24 92 5415032.907
24 93 8046198.269
24 94 6446413.14
24 95 6715270.778
24 96 2540278.674
24 97 2729454.346
24 98 8534202.738
24 99 2664624.342
25 26 7856517.135
25 27 6160608.566
25 28 1232864.324
25 29 2033104.528
25 30 1664379.037
25 31 6267143.195
25 32 5235988.194
25 33 6089893.799
25 34 4391581.612
25 35 4148692.425
25 36 6736350.466
25 37 6348990.489
25 38 7160329.037
25 39 9133496.002
25 40 5532333.824
25 41 8403566.916
25 42 5807569.012
25 43 2116014.848
25 44 5887671.863
25 45 8186527.693
25 46 7065256.456
25 47 858262.4423
25 48 6818467.886
25 49 7118887.351
25 50 4601899.678
25 51 2951134.814
25 52 2880416.329
25 53 641654.2952
25 54 7227260.745
25 55 3353177.728
25 56 2007841.747
25 57 2356037.359
25 58 7441715.038
25 59 7039989.698
25 60 4889798.578
25 61 5733617.148
25 62 2873954.759
25 63 5877164.251
25 64 7949476.58
25 65 5879146.769
25 66 2301918.817
25 67 4668691.194
25 68 8501207.458
25 69 4798596.488
25 70 3485894.47
25 71 7139403.548
25 72 6713257.319
25 73 1694528.282
25 74 5146486.077
25 75 3605643.881
25 76 3348745.579
25 77 672049.4191
25 78 5305146.689
25 79 2508392.922
25 80 2779353.693
25 81 3024875.497
25 82 1278514.76
25 83 1669571.863
25 84 7713009.897
25 85 4102114.782
25 86 3959763.649
25 87 8482819.702
25 88 3987584.663
25 89 4632194.133
25 90 7097563.508
25 91 4255545.043
25 92 1828779.61
25 93 3061038.13
25 94 2751008.362
25 95 1294362.457
25 96 3805883.714
25 97 6276266.299
25 98 4972128.306
25 99 4519000.008
26 27 3045759.164
26 28 7352198.865
26 29 7870089.328
26 30 9511404.014
26 31 6817881.023
26 32 6819150.477
26 33 4693467.067
26 34 3938304.358
26 35 9371145.968
26 36 9681382.426
26 37 1840228.337
26 38 6733655.664
26 39 2014164.989
26 40 2673699.738
26 41 547072.8781
26 42 2057842.159
26 43 6237207.077
26 44 3563140.598
26 45 4742787.755
26 46 4812639.26
26 47 8382266.902
26 48 1106711.176
26 49 929211.5236
26 50 3328282.159
26 51 7910972.034
26 52 7497094.395
26 53 7958577.939
26 54 7798304.956
26 55 6806610.731
26 56 8818642.087
26 57 9640839.209
26 58 2594945.583
26 59 3627719.34
26 60 3659505.677
26 61 6478905.702
26 62 8770956.673
26 63 7865062.973
26 64 1186229.27
26 65 3580822.2
26 66 9164037.185
26 67 4774764.11
26 68 753994.6157
26 69 3152444.207
26 70 5022388.492
26 71 2915087.722
26 72 8014473.861
26 73 8083951.49
26 74 9336415.299
26 75 4678342.997
26 76 5155911.956
26 77 7440034.811
26 78 3203241.263
26 79 9701340.687
26 80 7149678.316
26 81 10293357.8
26 82 7090680.262
26 83 6340783.101
26 84 1636123.436
26 85 6451153.144
26 86 4291666.893
26 87 1116939.571
26 88 4375646.144
26 89 6206849.942
26 90 2868470.523
26 91 4007577.121
26 92 6116671.729
26 93 7722194.07
26 94 5826882.695
26 95 8073887.613
26 96 8463244.833
26 97 9843345.374
26 98 5772763.353
26 99 4758784.753
27 28 6125768.918
27 29 6935844.635
27 30 7784770.12
27 31 3783119.86
27 32 3796675.985
27 33 5901239.263
27 34 1784864.684
27 35 6600044.714
27 36 6640475.257
27 37 3192464.487
27 38 3804513.839
27 39 3269171.289
27 40 3323090.569
27 41 3449637.737
27 42 2039313.311
27 43 4137323.589
27 44 525180.1597
27 45 2614209.611
27 46 2067849.409
27 47 6427884.32
27 48 2769485.937
27 49 2140896.837
27 50 2046836.574
27 51 5300816.112
27 52 4903869.482
27 53 6036424.563
27 54 4809200.435
27 55 6514293.146
27 56 6526935.138
27 57 8353540.858
27 58 1296155.442
27 59 1156779.477
27 60 4036758.784
27 61 3433294.481
27 62 6227914.363
27 63 4823744.469
27 64 3990841.517
27 65 4742950.826
27 66 8039104.226
27 67 1934166.313
27 68 3274847.526
27 69 1887120.037
27 70 2724233.24
27 71 983101.4042
27 72 4978990.61
27 73 6988533.062
27 74 6403354.24
27 75 4241784.978
27 76 4711983.036
27 77 5972338.753
27 78 931621.8237
27 79 8463980.674
27 80 4597736.545
27 81 9043425.195
27 82 5072771.991
27 83 5070328.138
27 84 1887573.151
27 85 3594623.723
27 86 3998612.121
27 87 2950014.893
27 88 4163855.272
27 89 6544042.11
27 90 4862863.73
27 91 1929919.186
27 92 4820146.219
27 93 7212987.042
27 94 5159584.338
27 95 6827749.254
27 96 5688817.141
27 97 6828140.08
27 98 6311705.969
27 99 1984140.464
28 29 990917.0802
28 30 2408241.594
28 31 6933043.78
28 32 5956601.853
28 33 5000214.048
28 34 4350753.371
28 35 5321092.016
28 36 7772230.891
28 37 5694944.635
28 38 7757097.541
28 39 8835586.655
28 40 4836332.533
28 41 7892953.873
28 42 5367856.971
28 43 2566528.294
28 44 5949787.989
28 45 8405142.229
28 46 7356180.223
28 47 2087328.275
28 48 6266653.219
28 49 6712815.908
28 50 4301797.827
28 51 3994750.07
28 52 3839554.533
28 53 1845000.364
28 54 7978768.111
28 55 2121561.424
28 56 3236601.917
28 57 2301496.229
28 58 7349675.522
28 59 7129603.377
28 60 4054420.181
28 61 6370137.258
28 62 4057168.207
28 63 6733366.432
28 64 7276310.011
28 65 4939847.037
28 66 1915069.716
28 67 4947960.886
28 68 8046139.384
28 69 4502702.183
28 70 3677723.77
28 71 7104626.063
28 72 7533427.802
28 73 877964.6603
28 74 6252899.938
28 75 2786228.052
28 76 2417383.851
28 77 591843.3637
28 78 5210928.956
28 79 2382195.252
28 80 3654552.976
28 81 2975022.462
28 82 2070471.138
28 83 1065170.424
28 84 7461372.47
28 85 4784876.547
28 86 3173909.802
28 87 8105666.438
28 88 3155914.119
28 89 3422417.868
28 90 6209225.56
28 91 4202290.247
28 92 1314358.381
28 93 1893070.071
28 94 1737402.425
28 95 727807.1737
28 96 4888795.747
28 97 7362593.571
28 98 3791258.177
28 99 4781759.557
29 30 2634442.34
29 31 7920913.352
29 32 6947345.876
29 33 4910803.153
29 34 5188013.803
29 35 6181669.735
29 36 8720882.001
29 37 6123137.59
29 38 8737477.871
29 39 9477485.684
29 40 5251870.174
29 41 8398776.506
29 42 5968905.487
29 43 3552263.361
29 44 6801838.262
29 45 9295243.466
29 46 8274167.302
29 47 2818347.275
29 48 6766489.525
29 49 7310225.106
29 50 5017705.351
29 51 4932621.383
29 52 4802159.145
29 53 2674755.874
29 54 8969611.514
29 55 1690154.128
29 56 4004835.367
29 57 1910164.879
29 58 8119505.135
29 59 7980892.005
29 60 4362465.437
29 61 7356458.527
29 62 4906472.644
29 63 7719558.807
29 64 7656283.068
29 65 5087274.07
29 66 1328667.007
29 67 5879903.291
29 68 8591159.777
29 69 5214984.385
29 70 4604619.902
29 71 7903806.539
29 72 8522795.49
29 73 439761.2951
29 74 7166138.626
29 75 3194675.427
29 76 2735174.216
29 77 1516069.716
29 78 6008344.445
29 79 1915446.455
29 80 4632091.201
29 81 2482033.496
29 82 3044393.413
29 83 1901171.019
29 84 8144990.115
29 85 5775355.379
29 86 3585480.632
29 87 8703914.216
29 88 3521348.083
29 89 3067802.57
29 90 6386225.074
29 91 5037976.315
29 92 2143701.662
29 93 1068940.938
29 94 2046098.941
29 95 813931.2844
29 96 5812583.642
29 97 8288266.727
29 98 3529280.967
29 99 5711219.131
30 31 7453557.985
30 32 6395734.361
30 33 7388595.224
30 34 6031258.456
30 35 4440554.331
30 36 7319310.944
30 37 7966445.097
30 38 8396916.239
30 39 10794760.09
30 40 7132106.391
30 41 10058243.53
30 42 7466790.079
30 43 3669176.396
30 44 7484818.849
30 45 9692528.804
30 46 8542230.61
30 47 1462544.527
30 48 8463529.717
30 49 8782075.077
30 50 6266276.884
30 51 3777171.296
30 52 3878764.5
30 53 1782624.463
30 54 8287272.839
30 55 4299804.778
30 56 2235977.434
30 57 1502478.975
30 58 9073552.297
30 59 8616561.681
30 60 6420962.055
30 61 6966583.082
30 62 3267689.04
30 63 6832282.924
30 64 9564825.161
30 65 7342379.641
30 66 1925502.866
30 67 6193962.073
30 68 10162200.55
30 69 6462942.991
30 70 5077664.207
30 71 8757623.785
30 72 7693588.175
30 73 2195760.092
30 74 5611220.154
30 75 5136051.903
30 76 4808096.008
30 77 2111106.369
30 78 6948215.859
30 79 1684397.14
30 80 3916245.272
30 81 1934649.896
30 82 2745163.16
30 83 3228939.514
30 84 9371579.481
30 85 5355472.105
30 86 5510670.276
30 87 10147186.1
30 88 5514970.723
30 89 5673956.308
30 90 8601707.687
30 91 5898857.387
30 92 3426205.864
30 93 3659301.337
30 94 4141796.738
30 95 1888354.252
30 96 4438611.736
30 97 6745347.307
30 98 6102802.795
30 99 6055796.17
31 32 1058695.338
31 33 8966044.227
31 34 3900481.589
31 35 4184536.508
31 36 2999611.623
31 37 6774703.803
31 38 975148.4801
31 39 6552367.566
31 40 6616906.163
31 41 7185870.464
31 42 5568287.427
31 43 4369239.477
31 44 3285236.753
31 45 3347280.235
31 46 2361759.797
31 47 6012572.649
31 48 6499910.024
31 49 5923342.24
31 50 4814683.694
31 51 3762917.959
31 52 3583493.41
31 53 5793955.468
31 54 1171214.159
31 55 8303886.92
31 56 5406826.454
31 57 8595628.29
31 58 4500993.014
31 59 3402787.085
31 60 6975741.629
31 61 577930.0271
31 62 4578428.936
31 63 1301324.016
31 64 7765779.317
31 65 7954778.887
31 66 8560848.274
31 67 2629306.784
31 68 6955482.63
31 69 4798552.317
31 70 3636877.911
31 71 4076954.384
31 72 1196641.238
31 73 7756425.309
31 74 3404066.906
31 75 6521003.749
31 76 6823434.731
31 77 6486153.885
31 78 3979892.875
31 79 8758733.924
31 80 3546045.63
31 81 9231669.138
31 82 5000635.759
31 83 6155182.695
31 84 5445595.719
31 85 2168297.836
31 86 6485260.107
31 87 6537107.204
31 88 6655520.159
31 89 8899103.04
31 90 8411273.165
31 91 3983431.561
31 92 5965939.71
31 93 8638048.319
31 94 6911846.184
31 95 7429690.438
31 96 3482567.902
31 97 3369022.376
31 98 8865403.486
31 99 2771012.129
32 33 8398189.991
32 34 3420984.813
32 35 3299477.091
32 36 2885914.593
32 37 6490379.043
32 38 2019900.235
32 39 6864915.724
32 40 6203452.64
32 41 7243856.703
32 42 5307091.433
32 43 3412639.756
32 44 3271626.686
32 45 4050571.355
32 46 2925025.007
32 47 4957485.103
32 48 6336617.621
32 49 5895260.051
32 50 4361150.368
32 51 2713825.451
32 52 2524918.345
32 53 4747321.685
32 54 2022784.611
32 55 7440959.983
32 56 4355285.05
32 57 7552269.527
32 58 4760354.214
32 59 3738606.98
32 60 6425193.064
32 61 659273.2101
32 62 3555510.685
32 63 1107840.585
32 64 7653251.272
32 65 7464175.209
32 66 7535317.581
32 67 2185829.315
32 68 7068155.516
32 69 4387403.353
32 70 2901838.079
32 71 4325197.437
32 72 1664661.355
32 73 6761452.211
32 74 2730312.923
32 75 5815302.101
32 76 6067078.11
32 77 5486782.21
32 78 3737755.237
32 79 7717270.494
32 80 2493242.144
32 81 8182985.305
32 82 3980190.791
32 83 5237614.996
32 84 5619594.857
32 85 1173621.818
32 86 5831407.833
32 87 6711030.477
32 88 5994944.379
32 89 8136796.18
32 90 8065546.691
32 91 3469773.058
32 92 5065158.589
32 93 7710422.665
32 94 6079840.498
32 95 6423048.586
32 96 2516493.074
32 97 3031545.251
32 98 8151141.283
32 99 2279943.055
33 34 5067152.173
33 35 9470836.38
33 36 11077824.93
33 37 3027024.135
33 38 9373570.29
33 39 6701412.348
33 40 2586639.135
33 41 5053664.682
33 42 3908105.707
33 43 5776178.013
33 44 6158878.771
33 45 8459522.979
33 46 7936480.843
33 47 6911162.587
33 48 3799245.793
33 49 4721973.668
33 50 4178292.06
33 51 7877440.984
33 52 7531813.514
33 53 6548054.902
33 54 10133607.05
33 55 3276214.767
33 56 7879372.174
33 57 6801791.938
33 58 6456230.666
33 59 7017086.551
33 60 1990519.819
33 61 8429586.853
33 62 8384943.083
33 63 9480015.499
33 64 3851896.2
33 65 1193267.472
33 66 6176768.177
33 67 6336854.919
33 68 5415184.056
33 69 4233771.72
33 70 5533338.386
33 71 6517296.353
33 72 10016511.77
33 73 5302385.586
33 74 10016452.03
33 75 2786784.568
33 76 2819801.694
33 77 5437513.066
33 78 5210952.302
33 79 6778595.129
33 80 7193448.506
33 81 7295124.861
33 82 6134946.668
33 83 4493391.857
33 84 5875566.051
33 85 7441604.933
33 86 2630655.918
33 87 5800584.244
33 88 2491683.716
33 89 2044676.532
33 90 2018860.962
33 91 4982991.914
33 92 4429441.043
33 93 4209384.867
33 94 3340559.844
33 95 5522873.037
33 96 8735161.151
33 97 10928324.09
33 98 1505858.775
33 99 6198918.454
34 35 5463739.585
34 36 6253155.271
34 37 3141475.169
34 38 4341684.931
34 39 4819307.426
34 40 2783051.461
34 41 4456330.988
34 42 2039822.908
34 43 2437371.752
34 44 1615857.452
34 45 4144623.852
34 46 3234944.213
34 47 4714548.729
34 48 3161793.372
34 49 3049200.87
34 50 940169.1156
34 51 3973940.684
34 52 3559864.508
34 53 4309890.049
34 54 5066690.874
34 55 4938667.428
34 56 4955829.065
34 57 6568743.664
34 58 3051596.626
34 59 2793179.099
34 60 3076652.298
34 61 3373222.591
34 62 4835607.318
34 63 4527634.32
34 64 4497180.234
34 65 4065256.954
34 66 6261016.416
34 67 1274658.384
34 68 4431537.59
34 69 982901.7211
34 70 1094547.299
34 71 2767923.334
34 72 4979656.48
34 73 5219035.132
34 74 5567611.889
34 75 2801185.867
34 76 3206767.28
34 77 4187520.274
34 78 918121.7064
34 79 6679835.391
34 80 3211393.783
34 81 7258680.262
34 82 3361287.91
34 83 3303384.404
34 84 3382848.419
34 85 2688111.109
34 86 2674007.625
34 87 4280714.579
34 88 2848656.823
34 89 5211251.422
34 90 4657081.198
34 91 150132.5043
34 92 3054386.91
34 93 5548818.109
34 94 3532802.983
34 95 5047059.105
34 96 4566463.84
34 97 6253608.628
34 98 5088952.027
34 99 1149803.513
35 36 2936532.109
35 37 8508556.931
35 38 5130371.859
35 39 9850724.298
35 40 7938377.589
35 41 9867858.518
35 42 7493452.939
35 43 3704647.807
35 44 6105326.549
35 45 7344524.945
35 46 6198319.142
35 47 3410598.223
35 48 8621980.118
35 49 8455570.626
35 50 6259646.467
35 51 1605456.915
35 52 1988806.694
35 53 3507149.535
35 54 4557103.101
35 55 7358860.817
35 56 2262180.104
35 57 5905113.949
35 58 7767131.966
35 59 6864210.123
35 60 7746265.205
35 61 3951861.803
35 62 1276207.719
35 63 3065306.352
35 64 9952031.316
35 65 8859509.79
35 66 6164773.957
35 67 4673772.286
35 68 9784657.549
35 69 6380311.488
35 70 4438453.333
35 71 7344156.33
35 72 3853526.626
35 73 5826858.448
35 74 1213396.054
35 75 6686447.219
35 76 6692231.195
35 77 4729769.638
35 78 6176508.294
35 79 6089075.332
35 80 2349309.445
35 81 6373031.141
35 82 3436798.215
35 83 5187573.145
35 84 8487015.169
35 85 3010290.019
35 86 6891448.792
35 87 9529515.866
35 88 7006300.937
35 89 8482308.615
35 90 9813194.503
35 91 5421504.652
35 92 5160277.849
35 93 7200215.045
35 94 6351701.493
35 95 5418203.123
35 96 913099.8278
35 97 2315931.995
35 98 8702005.157
35 99 4652011.312
36 37 9361888.271
36 38 3585603.266
36 39 9547976.803
36 40 9027996.326
36 41 10087739.48
36 42 8187075.225
36 43 5545740.905
36 44 6119299.523
36 45 6261957.289
36 46 5355440.051
36 47 6132170.34
36 48 9222530.714
36 49 8762941.405
36 50 7187751.656
36 51 3790164.133
36 52 3939513.489
36 53 6116049.862
36 54 2548223.723
36 55 9612540.471
36 56 5089015.363
36 57 8740649.307
36 58 7480132.547
36 59 6393194.626
36 60 9149447.072
36 61 3217770.894
36 62 4054357.262
36 63 1816736.421
36 64 10537802.68
36 65 10226028.85
36 66 8926864.973
36 67 5058307.598
36 68 9887350.131
36 69 7232766.557
36 70 5554878.76
36 71 7050516.937
36 72 1934332.925
36 73 8424330.805
36 74 1725149.276
36 75 8369166.297
36 76 8529224.215
36 77 7207397.389
36 78 6623322.349
36 79 8922960.695
36 80 4171671.011
36 81 9252416.989
36 82 5712094.305
36 83 7343497.754
36 84 8400194.333
36 85 3643358.028
36 86 8456161.455
36 87 9495600.907
36 88 8606838.479
36 89 10530151.3
36 90 10910166.54
36 91 6283293.083
36 92 7236339.303
36 93 9655971.673
36 94 8383890.635
36 95 8029900.261
36 96 2941369.989
36 97 713205.4307
36 98 10633514.99
36 99 5137397.782
37 38 6953000.683
37 39 3761830.374
37 40 871284.2428
37 41 2324397.774
37 42 1206869.929
37 43 5025704.797
37 44 3583623.546
37 45 5581826.061
37 46 5253262.691
37 47 6971705.057
37 48 792790.3187
37 49 1695360.356
37 50 2258091.04
37 51 6946143.206
37 52 6538873.329
37 53 6548867.132
37 54 7884198.761
37 55 4979210.815
37 56 7579773.311
37 57 7947399.843
37 58 3484683.02
37 59 4196279.069
37 60 1827727.639
37 61 6319737.441
37 62 7713134.149
37 63 7594493.55
37 64 1600486.791
37 65 1846312.319
37 66 7437105.217
37 67 4305742.37
37 68 2593988.492
37 69 2164228.169
37 70 4075992.861
37 71 3608520.37
37 72 7936621.444
37 73 6370132.805
37 74 8700577.22
37 75 2936911.448
37 76 3388667.524
37 77 5859947.201
37 78 2795840.701
37 79 7993795.896
37 80 6177286.971
37 81 8580707.709
37 82 5772927.716
37 83 4741860.082
37 84 2848759.171
37 85 5829555.933
37 86 2543581.162
37 87 2873096.968
37 88 2602104.078
37 89 4377256.441
37 90 1671076.495
37 91 3143061.827
37 92 4540358.798
37 93 5907190.953
37 94 4079210.219
37 95 6401072.066
37 96 7636244.477
37 97 9390943.684
37 98 3960243.682
37 99 4225074.368
38 39 6183511.366
38 40 6915331.7
38 41 7041733.581
38 42 5755759.509
38 43 5192856.564
38 44 3370690.47
38 45 2694085.212
38 46 1967569.104
38 47 6947741.161
38 48 6573999.309
38 49 5888283.809
38 50 5195971.714
38 51 4732476.842
38 52 4539812.51
38 53 6712021.652
38 54 1138336.478
38 55 9001061.441
38 56 6374980.258
38 57 9503382.304
38 58 4247431.385
38 59 3141296.725
38 60 7391880.12
38 61 1433262.435
38 62 5553565.245
38 63 2132653.846
38 64 7768571.644
38 65 8301898.405
38 66 9440738.691
38 67 3132855.831
38 68 6765163.985
38 69 5143853.599
38 70 4293640.519
38 71 3856405.227
38 72 1651545.601
38 73 8598650.44
38 74 4278032.99
38 75 7085307.302
38 76 7430468.674
38 77 7338442.217
38 78 4216907.444
38 79 9662987.999
38 80 4481476.895
38 81 10148848.61
38 82 5885000.013
38 83 6922728.759
38 84 5236668.881
38 85 3064073.63
38 86 7002951.461
38 87 6298628.791
38 88 7176702.874
38 89 9492611.182
38 90 8618937.704
38 91 4448668.74
38 92 6718782.11
38 93 9400813.287
38 94 7589321.175
38 95 8287258.815
38 96 4452269.967
38 97 4073853.233
38 98 9412668.201
38 99 3296081.82
39 40 4512659.896
39 41 1773509.385
39 42 3513894.015
39 43 7256580.494
39 44 3747276.191
39 45 3684250.263
39 46 4235860.036
39 47 9525298.827
39 48 2971294.111
39 49 2196393.318
39 50 4553145.463
39 51 8569105.943
39 52 8170317.982
39 53 9114595.496
39 54 7318025.384
39 55 8596267.71
39 56 9745303.563
39 57 11134970.75
39 58 2106868.183
39 59 3156768.197
39 60 5507619.275
39 61 6370829.748
39 62 9493149.373
39 63 7771555.89
39 64 3069630.279
39 65 5569441.553
39 66 10719092.99
39 67 5201560.764
39 68 1356396.54
39 69 4352618.686
39 70 5883238.702
39 71 2541322.383
39 72 7700752.609
39 73 9634274.392
39 74 9565759.377
39 75 6354884.045
39 76 6852418.598
39 77 8819914.062
39 78 3913925.877
39 79 11217304.35
39 80 7858567.876
39 81 11810505.22
39 82 8176744.045
39 83 7780047.585
39 84 1436663.753
39 85 6840436.915
39 86 5991677.387
39 87 900828.4397
39 88 6105311.536
39 89 8128617.214
39 90 4870735.986
39 91 4936092.468
39 92 7537851.296
39 93 9467497.409
39 94 7476452.023
39 95 9563022.403
39 96 8942907.324
39 97 9849413.385
39 98 7721697.634
39 99 5252758.619
40 41 3178206.646
40 42 1324704.946
40 43 4348878.186
40 44 3613603.811
40 45 5873323.861
40 46 5374789.873
40 47 6186376.688
40 48 1575773.608
40 49 2346630.276
40 50 1843307.424
40 51 6349645.482
40 52 5951841.083
40 53 5766639.718
40 54 7763073.159
40 55 4133315.533
40 56 6857429.667
40 57 7079813.183
40 58 3905439.665
40 59 4430813.599
40 60 996642.8683
40 61 6118923.014
40 62 7065835.956
40 63 7310503.836
40 64 2440714.037
40 65 1420126.418
40 66 6566424.098
40 67 4035415.101
40 68 3421590.331
40 69 1824639.988
40 70 3566740.656
40 71 3939114.619
40 72 7737137.539
40 73 5500916.016
40 74 8229887.127
40 75 2067893.692
40 76 2517419.587
40 77 5021818.249
40 78 2700455.643
40 79 7124552.535
40 80 5590142.675
40 81 7710822.165
40 82 5035485.198
40 83 3903301.563
40 84 3442036.966
40 85 5419214.803
40 86 1674521.326
40 87 3646795.622
40 88 1730843.694
40 89 3629967.555
40 90 1898899.144
40 91 2744958.228
40 92 3711069.297
40 93 5050366.738
40 94 3208261.539
40 95 5538036.002
40 96 7092526.485
40 97 8995664.173
40 98 3259894.441
40 99 3926160.941
41 42 2603843.593
41 43 6775656.29
41 44 3973608.235
41 45 4902950.055
41 46 5093133.475
41 47 8927929.811
41 48 1632899.911
41 49 1413359.663
41 50 3870001.786
41 51 8423904.237
41 52 8010497.395
41 53 8504374.419
41 54 8128628.294
41 55 7303430.222
41 56 9355171.506
41 57 10178929.34
41 58 2822996.722
41 59 3905985.214
41 60 4152044.705
41 61 6874267.498
41 62 9291817.81
41 63 8271352.289
41 64 1299909.514
41 65 3984893.282
41 66 9697120.506
41 67 5243333.019
41 68 421089.618
41 69 3691875.088
41 70 5545131.733
41 71 3188261.24
41 72 8380168.795
41 73 8618598.147
41 74 9800236.954
41 75 5204737.586
41 76 5677525.699
41 77 7985538.003
41 78 3691754.375
41 79 10237617.84
41 80 7665687.694
41 81 10829107.83
41 82 7633612.078
41 83 6884881.666
41 84 1826159.056
41 85 6926445.153
41 86 4815929.745
41 87 964954.9812
41 88 4894339.036
41 89 6653762.78
41 90 3140657.508
41 91 4530837.602
41 92 6661675.981
41 93 8227898.27
41 94 6353772.246
41 95 8613581.595
41 96 8957785.762
41 97 10274120.1
41 98 6203472.873
41 99 5236770.235
42 43 4199588.569
42 44 2392961.156
42 45 4552103.597
42 46 4106581.813
42 47 6324443.338
42 48 1131311.233
42 49 1346097.537
42 50 1287832.943
42 51 5973311.375
42 52 5560137.541
42 53 5900735.841
42 54 6677828.622
42 55 5122377.718
42 56 6784178.813
42 57 7668402.512
42 58 2597281.11
42 59 3116930.846
42 60 2191829.2
42 61 5117556.57
42 62 6796042.333
42 63 6407286.868
42 64 2459244.278
42 65 2728682.628
42 66 7226595.396
42 67 3129679.343
42 68 2697139.995
42 69 1130360.493
42 70 3066558.501
42 71 2614736.756
42 72 6732654.388
42 73 6141091.918
42 74 7599529.008
42 75 2848360.084
42 76 3348158.192
42 77 5413589.064
42 78 1591182.149
42 79 7740956.245
42 80 5203674.567
42 81 8334759.214
42 82 5037601.698
42 83 4331423.47
42 84 2258671.88
42 85 4707339.53
42 86 2497245.495
42 87 2741006.974
42 88 2624542.49
42 89 4836276.342
42 90 2863619.045
42 91 2072216.356
42 92 4098845.478
42 93 5966986.88
42 94 3962725.197
42 95 6094887.924
42 96 6601452.779
42 97 8242393.072
42 98 4516147.679
42 99 3061638.096
43 44 3817508.46
43 45 6070619.907
43 46 4951773.244
43 47 2290837.339
43 48 5307757.882
43 49 5402925.085
43 50 2913129.387
43 51 2103389.588
43 52 1758649.332
43 53 1901603.775
43 54 5434038.377
43 55 4101146.388
43 56 2584595.562
43 57 4450420.575
43 58 5432481.205
43 59 4948531.025
43 60 4053862.041
43 61 3804220.645
43 62 2722634.915
43 63 4270147.551
43 64 6574494.448
43 65 5164341.189
43 66 4293952.119
43 67 2552946.227
43 68 6801454.842
43 69 3084818.112
43 70 1414723.632
43 71 5100609.534
43 72 5029346.494
43 73 3407000.787
43 74 4278028.135
43 75 2989403.402
43 76 3044423.578
43 77 2158628.769
43 78 3349045.155
43 79 4591512.119
43 80 1433279.727
43 81 5129861.15
43 82 935522.0355
43 83 1845845.676
43 84 5820202.212
43 85 2239549.724
43 86 3186978.125
43 87 6695611.154
43 88 3302247.681
43 89 4989580.67
43 90 6174500.05
43 91 2322373.921
43 92 1704713.612
43 93 4300511.678
43 94 2838554.834
43 95 3108531.085
43 96 2963378.113
43 97 5271294.955
43 98 5124435.586
43 99 2404802.929
44 45 2548625.754
44 46 1784532.955
44 47 6097300.942
44 48 3227034.973
44 49 2650804.811
44 50 2116190.359
44 51 4843275.739
44 52 4453314.097
44 53 5717945.433
44 54 4338199.997
44 55 6508842.711
44 56 6125673.254
44 57 8132470.209
44 58 1698508.672
44 59 1180269.579
44 60 4236858.433
44 61 2917379.503
44 62 5777864.738
44 63 4302646.45
44 64 4480542.785
44 65 5028302.447
44 66 7852482.315
44 67 1466057.079
44 68 3799644.051
44 69 1993043.926
44 70 2407655.646
44 71 1312038.928
44 72 4478437.738
44 73 6822501.581
44 74 5884109.589
44 75 4286181.694
44 76 4733136.79
44 77 5750213.119
44 78 970764.45
44 79 8251208.576
44 80 4159741.506
44 81 8822577.432
44 82 4749922.268
44 83 4911702.284
44 84 2394333.119
44 85 3095634.759
44 86 4083674.456
44 87 3467443.58
44 88 4254728.429
44 89 6648344.453
44 90 5252025.647
44 91 1765955.53
44 92 4663898.81
44 93 7154048.926
44 94 5120776.01
44 95 6634867.381
44 96 5196306.912
44 97 6303036.114
44 98 6454939.884
44 99 1540290.541
45 46 1183039.872
45 47 8246717.079
45 48 4972344.834
45 49 4091086.576
45 50 4633377.964
45 51 6490558.518
45 52 6173297.053
45 53 7911127.454
45 54 3816200.745
45 55 9057429.658
45 56 8015836.588
45 57 10503909.43
45 58 2172808.335
45 59 1459332.093
45 60 6642095.469
45 61 3413126.778
45 62 7419357.215
45 63 4648604.251
45 64 5904072.005
45 65 7280020.669
45 66 10279982.92
45 67 3517890.324
45 68 4549703.138
45 69 4487758.458
45 70 4745207.887
45 71 1973952.441
45 72 4331655.031
45 73 9282938.842
45 74 6716605.641
45 75 6822834.786
45 76 7277426.302
45 77 8144533.109
45 78 3481890.348
45 79 10635907.24
45 80 5973581.721
45 81 11189214.35
45 82 6959840.348
45 83 7394829.159
45 84 3108729.805
45 85 4585790.1
45 86 6599979.721
45 87 4017266.711
45 88 6767709.576
45 89 9154315.891
45 90 7200080.723
45 91 4293232.099
45 92 7151586.562
45 93 9693373.761
45 94 7667573.702
45 95 9062730.303
45 96 6521991.834
45 97 6700814.832
45 98 8925808.768
45 99 3669873.517
46 47 7090188.424
46 48 4772246.369
46 49 4007974.268
46 50 3882631.517
46 51 5308267.639
46 52 4990328.549
46 53 6764194.298
46 54 3090488.977
46 55 8170613.325
46 56 6834751.313
46 57 9399778.253
46 58 2283508.502
46 59 1187974.071
46 60 6021390.366
46 61 2314596.89
46 62 6238570.97
46 63 3640282.509
46 64 5891512.297
46 65 6794109.096
46 66 9204494.256
46 67 2415640.969
46 68 4804786.375
46 69 3771252.896
46 70 3678523.361
46 71 1905681.16
46 72 3472415.615
46 73 8233202.537
46 74 5633698.345
46 75 6012543.981
46 76 6436639.336
46 77 7060980.941
46 78 2752184.36
46 79 9537187.806
46 80 4793163.11
46 81 10081135.16
46 82 5821974.476
46 83 6375275.049
46 84 3277362.415
46 85 3403117.083
46 86 5837188.314
46 87 4331996.257
46 88 6010209.662
46 89 8401502.036
46 90 6920600.411
46 91 3376263.233
46 92 6138338.382
46 93 8743198.199
46 94 6758393.012
46 95 7992382.084
46 96 5360261.572
46 97 5724191.171
46 98 8226819.146
46 99 2577814.793
47 48 7381695.665
47 49 7596765.834
47 50 5070285.374
47 51 2422677.728
47 52 2462871.39
47 53 424643.6884
47 54 6883681.506
47 55 4208868.852
47 56 1187161.18
47 57 2653763.361
47 58 7723258.339
47 59 7207496.528
47 60 5616315.122
47 61 5515426.652
47 62 2140355.171
47 63 5460325.599
47 64 8567181.149
47 65 6641012.33
47 66 2794822.896
47 67 4764714.749
47 68 8992730.144
47 69 5258697.886
47 70 3704071.761
47 71 7388396.641
47 72 6316097.441
47 73 2435594.894
47 74 4481439.603
47 75 4347176.951
47 76 4135052.904
47 77 1528931.54
47 78 5631027.421
47 79 2830429.937
47 80 2467311.398
47 81 3244653.704
47 82 1356189.737
47 83 2437113.818
47 84 8091291.821
47 85 3897516.867
47 86 4680590.27
47 87 8928616.202
47 88 4726250.963
47 89 5489764.923
47 90 7829021.5
47 91 4591813.886
47 92 2554227.218
47 93 3872140.723
47 94 3571553.11
47 95 2025930.139
47 96 3193376.033
47 97 5622735.202
47 98 5824129.592
47 99 4632990.471
48 49 940561.2776
48 50 2408319.771
48 51 7104620.842
48 52 6691444.582
48 53 6957058.109
48 54 7565085.82
48 55 5707908.816
48 56 7890542.827
48 57 8548492.719
48 58 2823392.418
48 59 3651304.701
48 60 2569048.467
48 61 6089734.902
48 62 7924653.212
48 63 7423691.689
48 64 1338798.587
48 65 2629804.926
48 66 8064264.435
48 67 4187232.36
48 68 1847724.875
48 69 2259588.434
48 70 4197839.979
48 71 3007750.633
48 72 7685247.088
48 73 6986108.321
48 74 8703588.168
48 75 3573231.899
48 76 4049390.909
48 77 6376807.277
48 78 2601044.439
48 79 8605791.634
48 80 6334948.954
48 81 9196975.478
48 82 6122250.572
48 83 5269135.542
48 84 2096386.701
48 85 5806119.836
48 86 3185664.796
48 87 2087127.798
48 88 3268950.087
48 89 5160502.072
48 90 2235202.832
48 91 3200632.607
48 92 5050973.43
48 93 6618326.407
48 94 4722124.023
48 95 6985301.415
48 96 7727641.206
48 97 9311456.404
48 98 4750548.12
48 99 4136174.13
49 50 2527532.04
49 51 7011967.485
49 52 6598794.304
49 53 7175776.04
49 54 6930215.161
49 55 6400297.316
49 56 7972910.182
49 57 9013770.731
49 58 1921725.259
49 59 2843703.057
49 60 3332433.393
49 61 5568075.767
49 62 7884187.407
49 63 6947578.712
49 64 1884632.526
49 65 3540755.913
49 66 8572246.744
49 67 3846305.89
49 68 1399052.683
49 69 2338099.174
49 70 4141271.061
49 71 2158754.02
49 72 7119540.834
49 73 7486803.453
49 74 8407768.581
49 75 4163758.174
49 76 4659693.903
49 77 6746663.628
49 78 2281004.265
49 79 9086945.602
49 80 6255248.871
49 81 9680756.395
49 82 6280952.031
49 83 5672694.168
49 84 1157574.645
49 85 5524501.708
49 86 3797010.141
49 87 1395145.774
49 88 3909076.724
49 89 5976570.991
49 90 3159195.966
49 91 3129127.58
49 92 5437773.642
49 93 7272401.243
49 94 5293275.758
49 95 7440097.882
49 96 7546046.553
49 97 8916924.206
49 98 5596693.87
49 99 3832568.61
50 51 4714239.062
50 52 4303200.023
50 53 4648745.706
50 54 5974435.2
50 55 4472251.892
50 56 5497462.414
50 57 6593185.472
50 58 3118675.553
50 59 3192069.874
50 60 2197083.142
50 61 4299150.797
50 62 5518700.739
50 63 5467764.96
50 64 3711184.74
50 65 3140147.123
50 66 6205255.853
50 67 2203848.869
50 68 3922446.256
50 69 201179.6679
50 70 1821653.633
50 71 2951231.572
50 72 5911538.634
50 73 5127382.587
50 74 6448348.036
50 75 2195524.697
50 76 2665972.079
50 77 4266804.288
50 78 1153296.197
50 79 6682407.67
50 80 3943626.439
50 81 7273823.696
50 82 3764097.038
50 83 3239023.03
50 84 3160946.012
50 85 3596965.018
50 86 1969496.108
50 87 3880952.244
50 88 2139532.005
50 89 4532656.217
50 90 3723971.152
50 91 906143.1705
50 92 2993323.117
50 93 5200176.739
50 94 3141612.533
50 95 5026414.141
50 96 5381235.207
50 97 7172048.021
50 98 4344188.676
50 99 2087184.883
51 52 414142.8355
51 53 2343388.569
51 54 4517644.247
51 55 5923508.968
51 56 1644527.361
51 57 5076208.901
51 58 6540047.622
51 59 5755397.697
51 60 6140827.067
51 61 3341434.235
51 62 944132.9217
51 63 3055457.309
51 64 8423133.659
51 65 7254052.89
51 66 5187895.31
51 67 3377270.383
51 68 8374328.496
51 69 4847855.185
51 70 2907094.474
51 71 6137356.696
51 72 3916465.189
51 73 4634847.036
51 74 2279087.181
51 75 5090971.844
51 76 5117896.098
51 77 3422124.487
51 78 4757913.635
51 79 5253107.604
51 80 770619.52
51 81 5653583.638
51 82 1966620.055
51 83 3688443.937
51 84 7163748.974
51 85 1905667.308
51 86 5288384.517
51 87 8164820.868
51 88 5405483.451
51 89 6971701.116
51 90 8216377.493
51 91 3914168.695
51 92 3630989.76
51 93 5885868.233
51 94 4821304.64
51 95 4242464.134
51 96 910227.5231
51 97 3369878.27
51 98 7159706.817
51 99 3316675.908
52 53 2312606.268
52 54 4420876.982
52 55 5694767.61
52 56 1867435.448
52 57 5102310.132
52 58 6151510.611
52 59 5389567.287
52 60 5766756.115
52 61 3122732.51
52 62 1324766.338
52 63 3011183.776
52 64 8011009.841
52 65 6880530.068
52 66 5162143.956
52 67 2987835.606
52 68 7962720.686
52 69 4435368.276
52 70 2493682.443
52 71 5752933.728
52 72 3860589.861
52 73 4532646.386
52 74 2536867.891
52 75 4745708.262
52 76 4797495.78
52 77 3286186.877
52 78 4347418.567
52 79 5274586.613
52 80 362156.0817
52 81 5706971.638
52 82 1773265.111
52 83 3436537.8
52 84 6761020.498
52 85 1596233.632
52 86 4928219.531
52 87 7756985.319
52 88 5050465.788
52 89 6695010.085
52 90 7824452.713
52 91 3500100.384
52 92 3357228.39
52 93 5717752.61
52 94 4538769.759
52 95 4152766.265
52 96 1204728.815
52 97 3579966.8
52 98 6861116.162
52 99 2920591.894
53 54 6710038.315
53 55 3949828.315
53 56 1400195.671
53 57 2806362.649
53 58 7330361.886
53 59 6840162.824
53 60 5210255.983
53 61 5279099.473
53 62 2232802.532
53 63 5323406.59
53 64 8143728.308
53 65 6244931.225
53 66 2852394.59
53 67 4411584.985
53 68 8571098.035
53 69 4837919.484
53 70 3316112.837
53 71 7001957.076
53 72 6169888.876
53 73 2331098.559
53 74 4511246.119
53 75 3947754.423
53 76 3754500.592
53 77 1258337.406
53 78 5227498.233
53 79 2973976.723
53 80 2258506.939
53 81 3438108.885
53 82 968208.8156
53 83 2058210.123
53 84 7681830.145
53 85 3649012.509
53 86 4274497.6
53 87 8511015.535
53 88 4325077.439
53 89 5192742.389
53 90 7422324.931
53 91 4184774.912
53 92 2158321.053
53 93 3698806.124
53 94 3215964.778
53 95 1926789.066
53 96 3179009.863
53 97 5644007.842
53 98 5504233.364
53 99 4274367.63
54 55 9432127.754
54 56 6141616.849
54 57 9514246.721
54 58 5357447.686
54 59 4246808.195
54 60 8143101.018
54 61 1733464.72
54 62 5216086.244
54 63 1514122.167
54 64 8798236.589
54 65 9113106.357
54 66 9529178.84
54 67 3798179.294
54 68 7865750.466
54 69 5951380.48
54 70 4794143.086
54 71 4955670.009
54 72 716550.1739
54 73 8778758.719
54 74 3540459.065
54 75 7688098.107
54 76 7983276.691
54 77 7503369.903
54 78 5099614.103
54 79 9683588.792
54 80 4454441.542
54 81 10127058.92
54 82 5986789.081
54 83 7251218.331
54 84 6338650.754
54 85 3196221.195
54 86 7656001.77
54 87 7410984.406
54 88 7826058.637
54 89 10059404.58
54 90 9533994.575
54 91 5152188.672
54 92 7072241.037
54 93 9728509.517
54 94 8051306.972
54 95 8434951.949
54 96 4033795.943
54 97 3115497.229
54 98 10032904.27
54 99 3941569.539
55 56 5348812.089
55 57 3537118.487
55 58 7551667.974
55 59 7644358.423
55 60 3151491.798
55 61 7725964.849
55 62 6118265.805
55 63 8361683.013
55 64 6397051.957
55 65 3635876.679
55 66 2904572.453
55 67 5924053.994
55 68 7554824.329
55 69 4645911.767
55 70 4707732.569
55 71 7418572.556
55 72 9092246.14
55 73 2115936.477
55 74 8202478.02
55 75 2305350.919
55 76 1812916.663
55 77 2693552.519
55 78 5595947.918
55 79 3505957.158
55 80 5441420.56
55 81 4019103.431
55 82 3958506.172
55 83 2269795.06
55 84 7378873.471
55 85 6289125.727
55 86 2627732.015
55 87 7757298.485
55 88 2498368.472
55 89 1378378.174
55 90 4924967.794
55 91 4795296.013
55 92 2397241.377
55 93 969125.1305
55 94 1421214.448
55 95 2417555.41
55 96 6833443.829
55 97 9273901.938
55 98 1845939.179
55 99 5752897.133
56 57 3659002.98
56 58 7811760.157
56 59 7146515.705
56 60 6415067.967
56 61 4974468.72
56 62 1034682.45
56 63 4654932.594
56 64 9145956.925
56 65 7488167.757
56 66 3902633.826
56 67 4691437.913
56 68 9368836.259
56 69 5667320.418
56 70 3869175.249
56 71 7437708.415
56 72 5516508.167
56 73 3622034.347
56 74 3392743.693
56 75 5196596.345
56 76 5063587.645
56 77 2655499.434
56 78 5837748.514
56 79 3842337.662
56 80 2042757.472
56 81 4164980.626
56 82 1826470.704
56 83 3393571.44
56 84 8312208.886
56 85 3459673.454
56 86 5489009.883
56 87 9236534.398
56 88 5562253.044
56 89 6589117.666
56 90 8608603.338
56 91 4857542.694
56 92 3451248.847
56 93 5055252.053
56 94 4573900.322
56 95 3212560.167
56 96 2207167.438
56 97 4533238.191
56 98 6889156.528
56 99 4591799.111
57 58 9603401.926
57 59 9303308.28
57 60 6231410.87
57 61 8072728.567
57 62 4691289.055
57 63 8109530.805
57 64 9507914.845
57 65 6994076.819
57 66 648252.1871
57 67 6990607.295
57 68 10341501.58
57 69 6794348.468
57 70 5766825.44
57 71 9336478.014
57 72 8962402.271
57 73 1585695.937
57 74 7051696.475
57 75 5012117.988
57 76 4585203.285
57 77 2383177.979
57 78 7455998.75
57 79 184058.639
57 80 5064851.973
57 81 690273.5273
57 82 3633202.916
57 83 3355610.979
57 84 9754128.529
57 85 6439950.703
57 86 5405391.754
57 87 10406979.62
57 88 5361990.616
57 89 4886155.608
57 90 8291730.448
57 91 6423838.638
57 92 3599955.893
57 93 2685271.208
57 94 3884444.625
57 95 1573806.613
57 96 5820032.553
57 97 8192142.477
57 98 5379615.646
57 99 6835083.809
58 59 1111255.54
58 60 4783745.009
58 61 4281256.029
58 62 7475886.199
58 63 5687611.3
58 64 3738783.682
58 65 5263498.51
58 66 9264577.941
58 67 3163749.648
58 68 2522018.517
58 69 2929329.966
58 70 4020120.222
58 71 435167.5019
58 72 5674573.526
58 73 8200669.754
58 74 7459037.586
58 75 5247370.484
58 76 5739176.098
58 77 7228606.587
58 78 2148150.423
58 79 9707978.44
58 80 5857818.913
58 81 10291947.25
58 82 6367761.395
58 83 6286700.466
58 84 997916.5329
58 85 4760170.22
58 86 4951332.328
58 87 2053559.295
58 88 5102351.274
58 89 7408873.552
58 90 5058494.608
58 91 3191009.941
58 92 6036513.415
58 93 8313506.896
58 94 6256057.443
58 95 8061670.708
58 96 6863894.888
58 97 7756922.948
58 98 7108386.563
58 99 3237453.921
59 60 5183619.311
59 61 3218189.666
59 62 6699456.384
59 63 4615398.752
59 64 4721319.604
59 65 5844434.369
59 66 9030769.302
59 67 2462449.917
59 68 3623876.297
59 69 3039193.281
59 70 3554117.63
59 71 717852.4478
59 72 4568536.212
59 73 8002653.063
59 74 6462893.165
59 75 5386977.341
59 76 5850552.21
59 77 6922756.473
59 78 2049269.224
59 79 9424272.71
59 80 5130053.257
59 81 9993068.195
59 82 5872884.242
59 83 6091881.457
59 84 2095379.067
59 85 3895895.794
59 86 5152177.336
59 87 3164604.894
59 88 5318369.802
59 89 7700581.849
59 90 5845268.18
59 91 2943291.365
59 92 5843955.021
59 93 8315295.325
59 94 6271834.445
59 95 7812719.038
59 96 5978062.062
59 97 6695935.119
59 98 7467082.172
59 99 2580137.13
60 61 6440924.279
60 62 6759415.897
60 63 7515096.053
60 64 3297745.277
60 65 1113783.537
60 66 5688690.536
60 67 4346721.951
60 68 4410543.98
60 69 2268384.165
60 70 3594806.773
60 71 4765681.288
60 72 8032699.309
60 73 4645723.663
60 74 8180543.283
60 75 1287395.833
60 76 1649472.214
60 77 4319869.958
60 78 3272161.319
60 79 6262318.954
60 80 5413578.669
60 81 6840447.894
60 82 4595661.732
60 83 3222082.755
60 84 4402182.182
60 85 5506104.725
60 86 935817.1318
60 87 4643435.08
60 88 906443.2907
60 89 2655983.976
60 90 2212738.919
60 91 2993220.648
60 92 3068658.996
60 93 4083314.223
60 94 2349924.547
60 95 4726343.378
60 96 6953279.586
60 97 9039260.422
60 98 2324920.229
60 99 4209966.741
61 62 4202704.968
61 63 1408628.278
61 64 7379708.158
61 65 7437027.12
61 66 8020386.55
61 67 2098585.529
61 68 6669653.559
61 69 4295068.558
61 70 3062906.746
61 71 3848211.446
61 72 1620578.345
61 73 7199521.471
61 74 3319348.248
61 75 5954942.4
61 76 6251167.71
61 77 5932315.651
61 78 3526737.555
61 79 8233297.941
61 80 3050374.024
61 81 8716372.519
61 82 4461089.766
61 83 5580927.766
61 84 5185290.569
61 85 1632832.4
61 86 5927672.382
61 87 6280844.217
61 88 6096946.43
61 89 8327191.255
61 90 7938574.848
61 91 3448254.621
61 92 5390074.475
61 93 8064034.271
61 94 6334254.451
61 95 6878419.136
61 96 3175760.339
61 97 3478598.945
61 98 8299818.089
61 99 2230967.088
62 63 3709467.399
62 64 9227116.346
62 65 7863135.951
62 66 4914549.37
62 67 4312136.556
62 68 9258903.664
62 69 5665767.124
62 70 3748726.417
62 71 7076003.535
62 72 4564541.214
62 73 4550700.912
62 74 2361656.712
62 75 5623372.09
62 76 5575048.67
62 77 3465325.666
62 78 5652071.488
62 79 4874317.374
62 80 1639622.609
62 81 5198887.774
62 82 2262598.577
62 83 3997734.579
62 84 8080703.715
62 85 2840974.025
62 86 5866326.283
62 87 9067493.71
62 88 5965037.083
62 89 7280397.492
62 90 8896811.483
62 91 4763463.447
62 92 3997598.348
62 93 5929483.967
62 94 5178140.692
62 95 4142143.062
62 96 1204230.494
62 97 3503618.848
62 98 7528424.676
62 99 4245142.967
63 64 8732156.75
63 65 8562960.488
63 66 8169771.656
63 67 3292263.617
63 68 8073959.025
63 69 5495221.745
63 70 3957837.387
63 71 5255284.811
63 72 862207.3701
63 73 7489939.303
63 74 2145560.138
63 75 6856164.198
63 76 7079532.6
63 77 6219860.854
63 78 4830479.821
63 79 8283157.955
63 80 3104765.818
63 81 8702412.462
63 82 4684613.515
63 83 6115988.353
63 84 6593594.001
63 85 2098336.488
63 86 6893787.54
63 87 7689120.696
63 88 7054061.621
63 89 9135210.925
63 90 9173321.52
63 91 4573859.82
63 92 5966178.895
63 93 8552436.184
63 94 7038424.406
63 95 7125933.5
63 96 2521078.128
63 97 2087143.056
63 98 9177519.528
63 99 3387781.077
64 65 2876172.956
64 66 8979615.759
64 67 5518327.304
64 68 1713267.628
64 69 3575941.37
64 70 5519824.177
64 71 4023675.497
64 72 8958380.038
64 73 7924733.705
64 74 10042220.08
64 75 4499213.283
64 76 4926471.94
64 77 7456743.19
64 78 3927230.379
64 79 9546677.716
64 80 7652634.086
64 81 10129058.02
64 82 7351357.278
64 83 6338175.691
64 84 2810095.96
64 85 7144502.546
64 86 4107170.65
64 87 2219544.771
64 88 4146032.198
64 89 5594078.224
64 90 1874920.516
64 91 4531363.576
64 92 6139278.149
64 93 7351388.772
64 94 5625456.025
64 95 7974895.335
64 96 9060696.284
64 97 10641196.59
64 98 5110547.74
64 99 5471420.919
65 66 6409512.501
65 67 5338965.019
65 68 4321000.001
65 69 3165318.043
65 70 4678728.538
65 71 5330402.716
65 72 9044740.309
65 73 5423147.879
65 74 9288488
65 75 2298678.114
65 76 2540115.587
65 77 5274325.216
65 78 4100332.834
65 79 7002227.074
65 80 6527317.74
65 81 7559548.738
65 82 5678321.038
65 83 4213383.371
65 84 4690509.836
65 85 6584769.67
65 86 2003399.177
65 87 4670611.632
65 88 1926675.1
65 89 2719657.774
65 90 1300208.529
65 91 4000257.922
65 92 4087494.11
65 93 4604841.043
65 94 3202459.507
65 95 5563398.121
65 96 8066675.448
65 97 10133875.37
65 98 2235709.693
65 99 5213780.61
66 67 6788871.706
66 68 9876697.451
66 69 6405569.888
66 70 5535793.948
66 71 9018775.568
66 72 9010659.741
66 73 1085555.839
66 74 7270177.63
66 75 4501778.079
66 76 4054142.956
66 77 2145111.287
66 78 7125781.662
66 79 601831.4086
66 80 5079386.856
66 81 1153374.153
66 82 3560345.447
66 83 2978354.996
66 84 9359575.619
66 85 6393015.488
66 86 4894546.708
66 87 9967388.38
66 88 4838363.457
66 89 4244349.387
66 90 7709343.705
66 91 6113170.572
66 92 3228312.413
66 93 2038063.346
66 94 3358378.879
66 95 1218756.633
66 96 5987043.849
66 97 8412520.288
66 98 4742442.874
66 99 6627363.876
67 68 5128947.937
67 69 2211896.652
67 70 1275485.713
67 71 2766931.641
67 72 3707749.82
67 73 5823517.158
67 74 4561696.709
67 75 3952621.554
67 76 4302431.265
67 77 4645427.756
67 78 1593349.695
67 79 7125617.716
67 80 2699590.685
67 81 7674295.212
67 82 3451521.793
67 83 3989825.237
67 84 3816507.479
67 85 1686098.972
67 86 3881112.985
67 87 4856448.032
67 88 4053774.654
67 89 6360184.301
67 90 5883498.598
67 91 1354145.951
67 92 3760299.208
67 93 6411210.998
67 94 4503441.346
67 95 5577312.641
67 96 3761118.039
67 97 5124229.426
67 98 6284118.862
67 99 171952.5632
68 69 3735127.527
68 70 5525913.346
68 71 2910511.315
68 72 8145086.169
68 73 8793995.197
68 74 9666704.126
68 75 5405571.906
68 76 5888230.248
68 77 8109596.511
68 78 3618401.672
68 79 10406708.88
68 80 7624338.151
68 81 10999717.02
68 82 7679654
68 83 7021218.995
68 84 1528497.234
68 85 6814986.789
68 86 5022096.226
68 87 556413.6368
68 88 5111744.224
68 89 6959608.304
68 90 3532710.633
68 91 4517930.828
68 92 6791769.062
68 93 8465762.461
68 94 6552122.347
68 95 8770765.026
68 96 8872195.149
68 97 10099323.78
68 98 6522428.188
68 99 5135883.4
69 70 1944141.763
69 71 2772988.782
69 72 5912665.674
69 73 5327235.311
69 74 6536841.288
69 75 2358131.472
69 76 2835839.029
69 77 4467298.733
69 78 1022533.817
69 79 6883451.322
69 80 4077584.418
69 81 7474917.229
69 82 3946335.072
69 83 3440090.613
69 84 2959789.66
69 85 3667733.38
69 86 2113091.242
69 87 3684956.057
69 88 2280048.217
69 89 4668243.912
69 90 3679825.747
69 91 979023.9507
69 92 3194469.079
69 93 5385458.386
69 94 3327299.257
69 95 5227447.54
69 96 5495294.338
69 97 7236221.643
69 98 4462398.659
69 99 2107507.549
70 71 3685899.784
70 72 4557669.562
70 73 4554682.246
70 74 4663153.932
70 75 2914668.337
70 76 3189316.895
70 77 3399605.254
70 78 1970329.051
70 79 5894870.108
70 80 2138244.875
70 81 6454698.624
70 82 2350068.345
70 83 2715001.755
70 84 4447682.322
70 85 1911866.648
70 86 2935972.822
70 87 5370615.538
70 88 3096893.612
70 89 5265423.74
70 90 5464960.977
70 91 1014813.129
70 92 2487463.088
70 93 5150289.354
70 94 3296290.664
70 95 4319819.065
70 96 3560376.032
70 97 5458443.872
70 98 5255001.029
70 99 1106622.251
71 72 5255438.183
71 73 7964908.255
71 74 7025212.655
71 75 5124057.902
71 76 5607252.729
71 77 6955426.973
71 78 1896628.981
71 79 9446484.526
71 80 5466035.481
71 81 10026312.18
71 82 6035802.339
71 83 6046908.313
71 84 1382998.027
71 85 4340326.687
71 86 4850641.383
71 87 2463930.349
71 88 5008593.443
71 89 7354338.596
71 90 5228902.847
71 91 2912677.155
71 92 5796566.83
71 93 8148194.156
71 94 6090199.268
71 95 7808720.885
71 96 6443032.02
71 97 7322848.911
71 98 7081156.555
71 99 2850263.062
72 73 8307126.47
72 74 2823953.528
72 75 7472301.624
72 76 7730894.061
72 77 7033434.188
72 78 5141497.784
72 79 9135090.312
72 80 3934660.669
72 81 9559631.65
72 82 5502007.936
72 83 6869607.12
72 84 6630298.198
72 85 2803664.056
72 86 7475957.816
72 87 7718832.746
72 88 7641686.54
72 89 9801344.85
72 90 9558955.077
72 91 5047040.698
72 92 6706660.077
72 93 9327791.165
72 94 7740374.133
72 95 7949800.081
72 96 3369602.25
72 97 2443107.697
72 98 9811498.399
72 99 3831109.46
73 74 6840862.628
73 75 3433254.829
73 76 3000108.379
73 77 1275530.481
73 78 6069014.828
73 79 1623668.764
73 80 4387953.619
73 81 2211887.207
73 82 2805886.881
73 83 1918212.62
73 84 8278076.327
73 85 5595830.218
73 86 3826629.263
73 87 8881936.906
73 88 3778804.388
73 89 3494228.97
73 90 6717759.686
73 91 5070002.845
73 92 2168455.831
73 93 1496761.996
73 94 2299712.466
73 95 409806.6984
73 96 5499039.235
73 97 7970653.68
73 98 3945476.539
73 99 5657838.191
74 75 7240949.785
74 76 7322388.618
74 77 5670964.695
74 78 6145196.438
74 79 7234953.752
74 80 2844821.873
74 81 7545833.195
74 82 4245470.682
74 83 5960956.226
74 84 8273254.432
74 85 2898466.694
74 86 7391580.231
74 87 9351550.714
74 88 7525171.66
74 89 9231124.035
74 90 10128017.87
74 91 5557817.749
74 92 5891434.151
74 93 8145938.875
74 94 7075325.828
74 95 6437932.226
74 96 1370024.515
74 97 1142540.006
74 98 9395936.535
74 99 4584994.149
75 76 500607.3069
75 77 3032726.13
75 78 3341539.535
75 79 5056923.593
75 80 4409459.526
75 81 5643899.47
75 82 3400130.014
75 83 1936496.765
75 84 5092505.097
75 85 4771495.899
75 86 393392.0282
75 87 5547137.26
75 88 382011.3026
75 89 2413649.804
75 90 3491962.688
75 91 2672682.297
75 92 1793215.916
75 93 3119103.308
75 94 1149038.031
75 95 3476500.462
75 96 5949618.328
75 97 8179263.811
75 98 2344900.125
75 99 3791091.795
76 77 2734646.144
76 78 3801614.14
76 79 4620551.533
76 80 4477703.291
76 81 5202646.669
76 82 3318354.865
76 83 1698179.224
76 84 5593105.492
76 85 4982616.738
76 86 866900.4713
76 87 6040130.201
76 88 786582.2724
76 89 2076131.383
76 90 3794364.413
76 91 3071036.172
76 92 1612390.996
76 93 2618890.057
76 94 701022.1827
76 95 3078074.923
76 96 6000306.987
76 97 8300064.581
76 98 2105830.125
76 99 4136291.83
77 78 5080456.977
77 79 2501526.298
77 80 3122724.373
77 81 3073451.436
77 82 1535822.761
77 83 1118673.516
77 84 7418815.744
77 85 4322827.152
77 86 3402780.572
77 87 8128665.484
77 88 3413480.998
77 89 3960833.911
77 90 6514282.186
77 91 4043449.904
77 92 1325956.658
77 93 2477541.047
77 94 2107462.633
77 95 950274.25
77 96 4310011.393
77 97 6785482.059
77 98 4300874.931
77 99 4484971.022
78 79 7561917.59
78 80 4013580.358
78 81 8144872.39
78 82 4276632.359
78 83 4151395.6
78 84 2477760.268
78 85 3251730.771
78 86 3122697.138
78 87 3417604.569
78 88 3292349.105
78 89 5684680.64
78 90 4434811.267
78 91 1049794.588
78 92 3901010.471
78 93 6283196.696
78 94 4231819.27
78 95 5918643.096
78 96 5266076.843
78 97 6713990.403
78 98 5484877.953
78 99 1560335.585
79 80 5232200.128
79 81 593820.9971
79 82 3786817.691
79 83 3443411.444
79 84 9842806.107
79 85 6600479.758
79 86 5450297.383
79 87 10481219.67
79 88 5401310.006
79 89 4841409.346
79 90 8301468.479
79 91 6534085.271
79 92 3690003.536
79 93 2628574.827
79 94 3921246.532
79 95 1656018.437
79 96 6000938.48
79 97 8375544.122
79 98 5342170.019
79 99 6968797.507
80 81 5690480.932
80 82 1587891.997
80 83 3173603.565
80 84 6442839.833
80 85 1451195.334
80 86 4582808.168
80 87 7428074.235
80 88 4707957.65
80 89 6403563.044
80 90 7464004.037
80 91 3147891.655
80 92 3077066.804
80 93 5512843.819
80 94 4247054.231
80 95 4021288.16
80 96 1543927.452
80 97 3853893.451
80 98 6553850.394
80 99 2620623.867
81 82 4296813.397
81 83 4034866.197
81 84 10434524.03
81 85 7084917.55
81 86 6037159.184
81 87 11075040.39
81 88 5985265.175
81 89 5325822.31
81 90 8859651.233
81 91 7113640.813
81 92 4280794.735
81 93 3105032.648
81 94 4504789.39
81 95 2248101.672
81 96 6358266.634
81 97 8679820.363
81 98 5838108.464
81 99 7519711.477
82 83 1750776.146
82 84 6741458.316
82 85 2832671.188
82 86 3675423.291
82 87 7595855.94
82 88 3757230.54
82 89 5045597.401
82 90 6783575.559
82 91 3240897.309
82 92 1735587.083
82 93 3944487.523
82 94 2920943.369
82 95 2449795.938
82 96 2875713.119
82 97 5330093.143
82 98 5272817.632
82 99 3311318.902
83 84 6399659.541
83 85 4070092.156
83 86 2295709.924
83 87 7062214.194
83 88 2318502.409
83 89 3294973.981
83 90 5428179.02
83 91 3153968.775
83 92 250390.5971
83 93 2483144.545
83 94 1186218.488
83 95 1787482.821
83 96 4597468.552
83 97 7015990.631
83 98 3531291.095
83 99 3819892.19
84 85 5482170.879
84 86 4751596.208
84 87 1095557.525
84 88 4882309.192
84 89 7058064.229
84 90 4292447.823
84 91 3500564.746
84 92 6154255.708
84 93 8209913.374
84 94 6181622.674
84 95 8186793.881
84 96 7575356.502
84 97 8642016.167
84 98 6701816.47
84 99 3854507.257
85 86 4830174.529
85 87 6535388.733
85 88 4985770.726
85 89 7036912.419
85 90 7314212.354
85 91 2693327.215
85 92 3903458.615
85 93 6538836.979
85 94 4947055.444
85 95 5263720.277
85 96 2103914.416
85 97 3576830.044
85 98 7083059.178
85 99 1692470.823
86 87 5174543.046
86 88 174722.9014
86 89 2565469.332
86 90 3148434.534
86 91 2557597.153
86 92 2135021.936
86 93 3475836.857
86 94 1539382.468
86 95 3867831.362
86 96 6126731.662
86 97 8297803.74
86 98 2414944.569
86 99 3726352.682
87 88 5279220.352
87 89 7247536.72
87 90 3982285.249
87 91 4381429.127
87 92 6825471.221
87 93 8644987.519
87 94 6682314.5
87 95 8833189.814
87 96 8616539.401
87 97 9735758.049
87 98 6832820.297
87 99 4880162.549
88 89 2393698.894
88 90 3110109.751
88 91 2731961.404
88 92 2173102.266
88 93 3365799.119
88 94 1480477.163
88 95 3838107.37
88 96 6251400.67
88 97 8440707.426
88 98 2240309.229
88 99 3898470.89
89 90 3918617.933
89 91 5084990.954
89 92 3341243.518
89 93 2220839.73
89 94 2156817.707
89 95 3787690.965
89 96 7876867.85
89 97 10256402.57
89 98 538859.788
89 99 6196556.61
90 91 4629947.541
90 92 5280484.041
90 93 5893937.414
90 94 4474542.44
90 95 6847774.57
90 96 8978469.56
90 97 10891042.06
90 98 3399966.18
90 99 5785925.957
91 92 2904854.47
91 93 5400482.053
91 94 3387419.381
91 95 4899765.588
91 96 4529535.237
91 97 6266834.098
91 98 4971748.356
91 99 1217592.249
92 93 2682063.595
92 94 1192396.882
92 95 2034567.542
92 96 4535624.341
92 97 6929518.184
92 98 3541791.86
92 99 3589735.463
93 94 2058565.303
93 95 1882869.981
93 96 6781680.831
93 97 9254816.543
93 98 2735369.772
93 99 6239408.459
94 95 2381183.972
94 96 5723944.676
94 97 8100431.693
94 98 2351886.535
94 99 4332433.259
95 96 5100184.671
95 97 7569535.422
95 98 4214844.926
95 99 5414609.955
96 97 2475918.468
96 98 8056341.59
96 99 3738953.082
97 98 10393199.11
97 99 5181425.443
98 99 6125606.56
