4950
0 1 7035504.597
0 2 4341552.018
0 3 5249016.448
0 4 4691346.467
0 5 2902006.143
0 6 8202915.018
0 7 7902104.637
0 8 7065178.254
0 9 4184279.833
0 10 7999142.312
0 11 6775926.644
0 12 7752440.329
0 13 2947123.369
0 14 9266335.371
0 15 1201996.006
0 16 10145522.73
0 17 1528367.521
0 18 6181432.227
0 19 6119327.234
0 20 8272737.823
0 21 8083589.275
0 22 4621981.752
0 23 9225045.646
0 24 1715551.074
0 25 3641651.786
0 26 6591589.449
0 27 2960370.173
0 28 4043107.72
0 29 8045890.38
0 30 7735298.411
0 31 4153097.388
0 32 10312390.27
0 33 2635285.558
0 34 9198719.552
0 35 6520209.668
0 36 5604295.616
0 37 2761326.16
0 38 5171413.02
0 39 7983313.53
0 40 5667398.275
0 41 1934562.202
0 42 2737809.123
0 43 4672882.172
0 44 7975992.631
0 45 10297908.69
0 46 3999779.811
0 47 7835948.976
0 48 5930293.558
0 49 4966442.787
0 50 979303.9007
0 51 6368777.311
0 52 5869440.31
0 53 4683386.688
0 54 5397575.191
0 55 6285717.814
0 56 2111391.462
0 57 1033562.09
0 58 7208813.292
0 59 7766010.169
0 60 6172913.984
0 61 1555059.699
0 62 5995174.794
0 63 10500292.8
0 64 10379012.72
0 65 3609023.098
0 66 854399.6103
0 67 7948308.2
0 68 6639251.18
0 69 5725810.097
0 70 9845510.16
0 71 581567.6474
0 72 3960724.313
0 73 6261416.353
0 74 9362977.228
0 75 2126998.147
0 76 2059171.572
0 77 6775267.288
0 78 9977168.896
0 79 10581026.77
0 80 5988891.143
0 81 5772019.645
0 82 8091955.628
0 83 8361897.768
0 84 1156523.814
0 85 7588918.176
0 86 8984808.157
0 87 6186921.019
0 88 6682885.201
0 89 2781722.83
0 90 6750070.643
0 91 5752183.09
0 92 1318576.125
0 93 8936206.14
0 94 5975225.359
0 95 9176048.693
0 96 4994344.742
0 97 1700455.626
0 98 4454567.158
0 99 10612127.47
1 2 3001759.534
1 3 1793245.741
1 4 3643134.458
1 5 5354405.905
1 6 8868225.857
1 7 4254839.213
1 8 7403232.214
1 9 6581276.158
1 10 1048731.054
1 11 5134054.746
1 12 2263783.634
1 13 4659553.2
1 14 5973617.494
1 15 8224093.423
1 16 4318439.438
1 17 6605736.715
1 18 1643524.714
1 19 1466551.82
1 20 1237250.11
1 21 1924635.767
1 22 4423504.759
1 23 2570128.078
1 24 5321101.245
1 25 3628349.681
1 26 5921896.216
1 27 4164015.954
1 28 3913477.684
1 29 8201694.57
1 30 1135329.454
1 31 4964486.583
1 32 5402522.54
1 33 4489378.992
1 34 2811271.91
1 35 1795180.915
1 36 1516331.277
1 37 6734120.673
1 38 2736142.136
1 39 4735962.955
1 40 2728905.85
1 41 5659128.227
1 42 5659810.989
1 43 6058062.918
1 44 5660605.457
1 45 4251948.129
1 46 4712102.235
1 47 7605080.548
1 48 4260603.79
1 49 2369163.64
1 50 6874414.137
1 51 1369809.153
1 52 1487080.087
1 53 4017075.864
1 54 5429506.452
1 55 890075.3512
1 56 5182626.335
1 57 6633068.189
1 58 7620360.48
1 59 8447904.97
1 60 3801281.033
1 61 6197080.619
1 62 2542525.865
1 63 4538120.771
1 64 3549610.125
1 65 7105610.715
1 66 6321728.019
1 67 1017268.051
1 68 3656042.724
1 69 1526553.627
1 70 5092729.025
1 71 7357021.692
1 72 5327288.739
1 73 933940.6331
1 74 4540446.642
1 75 5985072.527
1 76 7436502.696
1 77 4586692.038
1 78 4842763.849
1 79 4399352.061
1 80 1998561.427
1 81 7332262.553
1 82 8599460.85
1 83 5896851.752
1 84 6353016.913
1 85 1155859.381
1 86 2571380.868
1 87 5943144.8
1 88 2921312.96
1 89 4428922.893
1 90 2949892.235
1 91 2430565.007
1 92 5815360.134
1 93 4548093.674
1 94 1061854.007
1 95 6601499.179
1 96 2083488.526
1 97 7525581.389
1 98 3946827.525
1 99 5034755.516
2 3 1366953.926
2 4 1179152.055
2 5 3731042.123
2 6 6876506.15
2 7 4036430.858
2 8 5384124.082
2 9 3774228.735
2 10 4047820.91
2 11 3704535.97
2 12 4575510.176
2 13 1666486.166
2 14 5712381.089
2 15 5468032.833
2 16 5855066.11
2 17 4380536.696
2 18 1845118.741
2 19 1809442.585
2 20 4186909.238
2 21 3745131.013
2 22 3916096.956
2 23 4905224.254
2 24 2728257.876
2 25 2067765.887
2 26 4119358.767
2 27 2055646.758
2 28 1035606.884
2 29 6349380.946
2 30 3462896.733
2 31 2216843.829
2 32 6235854.434
2 33 1709918.512
2 34 4858286.556
2 35 2180010.268
2 36 2015939.369
2 37 3739199.001
2 38 940521.5765
2 39 4295371.571
2 40 1487350.601
2 41 3518391.012
2 42 2660238.024
2 43 3423798.726
2 44 4741447.653
2 45 5981277.845
2 46 3765217.393
2 47 5853200.189
2 48 4641763.719
2 49 658311.5336
2 50 3990357.874
2 51 2052562.325
2 52 1603476.981
2 53 3591922.391
2 54 3165988.883
2 55 2533717.025
2 56 2297313.05
2 57 3751739.986
2 58 5598984.548
2 59 6411292.585
2 60 4469968.167
2 61 3961572.396
2 62 1761407
2 63 6197478.376
2 64 6075045.605
2 65 4173726.231
2 66 3536692.936
2 67 4011910.671
2 68 2796807.181
2 69 2273776.921
2 70 5790189.63
2 71 4772951.983
2 72 2516613.936
2 73 2095838.371
2 74 5257479.114
2 75 2996078.206
2 76 4447420.784
2 77 3380028.12
2 78 5823060.508
2 79 6254005.467
2 80 3026528.372
2 81 4860006.538
2 82 6644410.173
2 83 5102886.988
2 84 3966861.315
2 85 3901931.454
2 86 5420002.736
2 87 3935548.294
2 88 4230011.766
2 89 2371399.206
2 90 2616631.174
2 91 3127412.315
2 92 3034704.125
2 93 4928023.001
2 94 2012419.69
2 95 5954999.55
2 96 1024060.275
2 97 4563822.725
2 98 1318200.128
2 99 6379153.156
3 4 2352485.793
3 5 3834326.206
3 6 8019566.443
3 7 4343884.746
3 8 6519442.324
3 9 5134202.674
3 10 2799448.377
3 11 4550630.444
3 12 3214302.275
3 13 2942558.888
3 14 6121150.419
3 15 6433880.817
3 16 5454764.991
3 17 4914571.311
3 18 1417614.168
3 19 1212733.366
3 20 3028737.292
3 21 3089311.307
3 22 3379631.176
3 23 4096213.759
3 24 3537660.869
3 25 2017504.758
3 26 5142939.96
3 27 2437772.914
3 28 2390220.706
3 29 7435880.974
3 30 2559867.379
3 31 3553416.162
3 32 6171003.343
3 33 2699294.596
3 34 4181868.847
3 35 1844646.077
3 36 672781.5809
3 37 5068338.723
3 38 1600270.249
3 39 4722245.154
3 40 1947660.602
3 41 3974602.919
3 42 3983869.499
3 43 4742332.87
3 44 5405607.535
3 45 5495240.497
3 46 3456595.054
3 47 6894397.301
3 48 3751595.115
3 49 911617.8894
3 50 5086137.598
3 51 1427948.266
3 52 902469.6255
3 53 2988252.471
3 54 4349823.906
3 55 1178840.722
3 56 3401175.242
3 57 4844928.771
3 58 6738171.904
3 59 7565624.89
3 60 3462813.253
3 61 4496751.765
3 62 2006348.502
3 63 5750710.387
3 64 5198475.063
3 65 5537160.373
3 66 4528508.204
3 67 2755367.116
3 68 3300502.965
3 69 946294.2886
3 70 5771570.333
3 71 5587709.052
3 72 3871650.338
3 73 1057254.016
3 74 5207637.114
3 75 4248239.261
3 76 5692602.479
3 77 4105342.016
3 78 5677090.919
3 79 5716451.207
3 80 1774385.501
3 81 6144268.856
3 82 7772032.235
3 83 5725461.713
3 84 4616805.314
3 85 2559631.514
3 86 4073177.078
3 87 5037933.283
3 88 3015519.199
3 89 2727192.057
3 90 2819720.296
3 91 1986337.423
3 92 4022127.601
3 93 5015119.062
3 94 732191.0688
3 95 6540144.524
3 96 343105.9647
3 97 5758454.667
3 98 2584807.573
3 99 6084416.469
4 5 4708595.954
4 6 5714253.129
4 7 3243825.373
4 8 4217535.336
4 9 2941884.083
4 10 4672651.252
4 11 2580273.132
4 12 5523196.574
4 13 1744349.372
4 14 4779617.259
4 15 5693659.051
4 16 5531629.337
4 17 5075908.164
4 18 2105003.81
4 19 2207782.396
4 20 4690671.579
4 21 3791424.244
4 22 5074733.062
4 23 5003208.012
4 24 3316635.846
4 25 3184714.073
4 26 2941616.331
4 27 3023478.841
4 28 650674.7934
4 29 5174023.419
4 30 3761976.227
4 31 1328591.683
4 32 5622671.811
4 33 2283035.257
4 34 4833943.115
4 35 2244262.941
4 36 3024896.941
4 37 3328702.018
4 38 908362.8491
4 39 3400184.5
4 40 1139690.396
4 41 4315929.741
4 42 2367969.642
4 43 2433304.616
4 44 3683115.802
4 45 5727399.372
4 46 4881855.606
4 47 4674118.569
4 48 5820020.951
4 49 1444122.504
4 50 4108142.315
4 51 2384582.271
4 52 2159272.324
4 53 4761552.457
4 54 2011941.762
4 55 3409937.377
4 56 2588759.931
4 57 3890824.031
4 58 4433861.823
4 59 5252265.13
4 60 5637924.002
4 61 4677846.334
4 62 1477579.579
4 63 5900497.517
4 64 6186901.541
4 65 3530316.268
4 66 3838662.204
4 67 4649795.761
4 68 1966192.138
4 69 3298720.118
4 70 5157125.549
4 71 5201770.066
4 72 1704229.505
4 73 2714968.678
4 74 4671759.84
4 75 2892350.962
4 76 4252462.399
4 77 2331580.197
4 78 5289055.173
4 79 6035272.877
4 80 4109740.056
4 81 3797283.677
4 82 5477458.589
4 83 4058914.556
4 84 4592922.113
4 85 4694268.467
4 86 6192482.863
4 87 2759236.335
4 88 5339125.149
4 89 3317960.028
4 90 2087116.566
4 91 4257673.249
4 92 3390339.556
4 93 4251565.929
4 94 2831995.131
4 95 4915506.313
4 96 2039842.879
4 97 4472471.984
4 98 327816.9633
4 99 5945832.682
5 6 9787481.443
5 7 7765715.099
5 8 8410079.02
5 9 5868762.312
5 10 6116826.68
5 11 7270073.719
5 12 5349935.482
5 13 3465632.869
5 14 9435373.61
5 15 3947454.59
5 16 9282534.705
5 17 1616443.002
5 18 5178320.316
5 19 5012262.553
5 20 6514393.629
5 21 6920654.773
5 22 1766623.937
5 23 7869226.066
5 24 2003729.983
5 25 1822295.039
5 26 7458496.162
5 27 1689909.205
5 28 4166765.24
5 29 9430240.694
5 30 6334224.161
5 31 4989533.927
5 32 9885545.089
5 33 2615170.304
5 34 8000580.469
5 35 5599173.889
5 36 3846400.631
5 37 4819193.533
5 38 4659190.416
5 39 8022488.846
5 40 5201653.436
5 41 993335.067
5 42 4121633.043
5 43 6009218.173
5 44 8391698.648
5 45 9329525.033
5 46 1130361.762
5 47 9053355.622
5 48 3071584.489
5 49 4091553.878
5 50 3506122.574
5 51 5245947.048
5 52 4703853.353
5 53 1923410.846
5 54 6300544.401
5 55 4475707.023
5 56 2894791.869
5 57 3359084.119
5 58 8599704.909
5 59 9317464.175
5 60 3381338.611
5 61 1376170.278
5 62 5437143.616
5 63 9583779.909
5 64 8902978.641
5 65 5664887.148
5 66 2814352.278
5 67 6056361.03
5 68 6525757.96
5 69 3837083.545
5 70 9456620.089
5 71 2832201.547
5 72 5027816.401
5 73 4865228.282
5 74 8906828.473
5 75 3795510.232
5 76 4631513.216
5 77 7037254.909
5 78 9429487.829
5 79 9548854.534
5 80 3733515.288
5 81 7415056.198
5 82 9609850.011
5 83 8766657.238
5 84 1754910.754
5 85 5523450.023
5 86 6707655.53
5 87 7155264.367
5 88 4073769.891
5 89 1390750.716
5 90 6312539.03
5 91 3375594.453
5 92 2617795.082
5 93 8624204.9
5 94 4415828.189
5 95 9623269.86
5 96 3751992.632
5 97 4398263.405
5 98 4653305.746
5 99 9893396.182
6 7 5285820.586
6 8 1500226.009
6 9 4044116.965
6 10 9736785.495
6 11 3774967.824
6 12 11030325.77
6 13 6340760.332
6 14 4717536.815
6 15 8495108.869
6 16 7990579.889
6 17 9399124.477
6 18 7244476.156
6 19 7455950.54
6 20 9538688.75
6 21 7948279.725
6 22 10624838.35
6 23 8904832.884
6 24 7860039.503
6 25 8696087.661
6 26 2946720.088
6 27 8297139.741
6 28 5949929.745
6 29 755587.4102
6 30 8426598.268
6 31 4869956.423
6 32 6849517.27
6 33 7201380.188
6 34 8466830.254
6 35 7082854.955
6 36 8679147.175
6 37 5443324.516
6 38 6428173.84
6 39 4822980.651
6 40 6212520.243
6 41 9034712.16
6 42 5733753.536
6 43 3778269.372
6 44 3777205.539
6 45 8363545.293
6 46 10304409.24
6 47 1373797.884
6 48 11501281.89
6 49 7113367.441
6 50 7229436.822
6 51 7504426.019
6 52 7564950.621
6 53 10361878.77
6 54 3710798.873
6 55 8934545.932
6 56 6920972.601
6 57 7179614.754
6 58 1281919.84
6 59 473015.5429
6 60 11346473.79
6 61 9134485.484
6 62 6338399.219
6 63 8324647.167
6 64 9845334.045
6 65 4624416.867
6 66 7561413.053
6 67 9738516.258
6 68 5269004.538
6 69 8955633.721
6 70 6524847.894
6 71 8771977.243
6 72 4768947.848
6 73 8063943.018
6 74 6515364.167
6 75 6217311.092
6 76 6347590.132
6 77 4346932.378
6 78 7028855.847
6 79 8695202.571
6 80 9793783.624
6 81 2439094.663
6 82 282167.4464
6 83 3829430.835
6 84 8848406.71
6 85 10020734.23
6 86 11382896.42
6 87 2983256.567
6 88 11033309.19
6 89 8510047.707
6 90 6005872.077
6 91 9967482.973
6 92 7435297.07
6 93 5971730.334
6 94 8353128.4
6 95 3875074.527
6 96 7731462.745
6 97 6775098.794
6 98 5564095.518
6 99 7826684.649
7 8 4067774.862
7 9 5001752.824
7 10 4862157.832
7 11 1813916.363
7 12 6513091.192
7 13 4966560.744
7 14 1783394.078
7 15 8835716.901
7 16 2923269.234
7 17 8305837.745
7 18 2996748.234
7 19 3239495.707
7 20 4538838.647
7 21 2802741.257
7 22 7699069.54
7 23 3633155.373
7 24 6555831.539
7 25 6038065.368
7 26 2713316.321
7 27 6091133.248
7 28 3891489.486
7 29 4538020.491
7 30 3454157.744
7 31 3919895.718
7 32 2463539.207
7 33 5513237.657
7 34 3182465.074
7 35 2621619.127
7 36 4809114.341
7 37 6049560.627
7 38 3107722.481
7 39 508989.431
7 40 2570400.658
7 41 7506854.01
7 42 5347801.686
7 43 4215967.774
7 44 1565966.075
7 45 3252536.543
7 46 7685880.86
7 47 3913197.622
7 48 8057521.626
7 49 3734785.743
7 50 7231432.743
7 51 3130978.014
7 52 3505380.273
7 53 7318704.726
7 54 3178130.13
7 55 4709059.336
7 56 5820331.201
7 57 7033283.14
7 58 4246758.626
7 59 4968239.166
7 60 7708618.636
7 61 7900786.033
7 62 2379182.747
7 63 3298475.838
7 64 4564775.496
7 65 5859673.453
7 66 7047870.283
7 67 4882800.722
7 68 1278979.668
7 69 5042664.997
7 70 1993161.925
7 71 8428889.654
7 72 4245960.764
7 73 3770695.236
7 74 1618931.268
7 75 5949765.809
7 76 7122693.132
7 77 1383916.315
7 78 2267224.191
7 79 3596516.359
7 80 5863635.293
7 81 4745890.967
7 82 5003808.844
7 83 1699521.045
7 84 7832961.416
7 85 5357740.019
7 86 6478850.104
7 87 3022832.034
7 88 7025732.778
7 89 6405505.309
7 90 1524765.078
7 91 6201796.187
7 92 6619733.364
7 93 1084853.057
7 94 4242866.056
7 95 2347194.565
7 96 4237451.764
7 97 7427668.403
7 98 3451065.773
7 99 3050943.594
8 9 2894289.1
8 10 8296571.268
8 11 2390327.147
8 12 9544799.355
8 13 4945455.755
8 14 3928653.077
8 15 7512588.343
8 16 6917596.391
8 17 8148697.117
8 18 5770321.81
8 19 5976633.451
8 20 8123534.403
8 21 6592279.612
8 22 9167859.198
8 23 7612546.273
8 24 6532786.05
8 25 7238483.96
8 26 1497628.515
8 27 6871669.282
8 28 4476153.388
8 29 1020716.072
8 30 7017944.062
8 31 3438333.912
8 32 5970309.052
8 33 5802270.33
8 34 7204111.069
8 35 5629042.993
8 36 7179553.384
8 37 4359542.156
8 38 4929075.591
8 39 3658286.077
8 40 4725002.077
8 41 7707594.263
8 42 4453175.258
8 43 2446842.001
8 44 2711767.789
8 45 7273210.222
8 46 8870290.609
8 47 817897.4481
8 48 10016764.65
8 49 5613148.02
8 50 6115988.292
8 51 6035222.679
8 52 6076156.007
8 53 8894298.191
8 54 2222830.838
8 55 7443027.047
8 56 5588535.999
8 57 6031622.928
8 58 219393.7615
8 59 1051231.616
8 60 9853279.026
8 61 7854403.294
8 62 4864553.381
8 63 7274311.638
8 64 8616123.662
8 65 3639043.958
8 66 6356419.072
8 67 8295344.996
8 68 3856580.035
8 69 7456058.711
8 70 5586362.783
8 71 7644741.187
8 72 3385607.77
8 73 6582231.129
8 74 5471326.874
8 75 4991747.933
8 76 5375480.093
8 77 2962447.325
8 78 6046923.943
8 79 7613916.577
8 80 8293610.826
8 81 1440708.914
8 82 1260315.524
8 83 2890180.392
8 84 7596778.506
8 85 8551794.839
8 86 9936910.411
8 87 1485056.28
8 88 9533083.389
8 89 7099247.068
8 90 4591721.843
8 91 8468217.315
8 92 6170241.7
8 93 4902372.388
8 94 6860326.715
8 95 3244608.037
8 96 6231397.802
8 97 5795512.956
8 98 4076362.973
8 99 6864279.094
9 10 7614196.344
9 11 3331708.081
9 12 8347988.8
9 13 2592335.496
9 14 5809808.678
9 15 4633069.64
9 16 7829084.755
9 17 5357852.874
9 18 5034579.329
9 19 5148740.028
9 20 7624969.734
9 21 6563047.824
9 22 6954387.654
9 23 7759540.756
9 24 3885206.555
9 25 5090757.762
9 26 2765000.173
9 27 4550999.818
9 28 2743987.539
9 29 3862419.076
9 30 6657017.902
9 31 1616841.82
9 32 7415412.467
9 33 3408214.704
9 34 7502512.586
9 35 5117728.354
9 36 5790087.326
9 37 1468044.975
9 38 3850105.156
9 39 4847918.418
9 40 3990846.976
9 41 5045747.498
9 42 1747439.309
9 43 790317.1829
9 44 4412193.773
9 45 8105974.507
9 46 6536428.784
9 47 3686192.77
9 48 8011976.157
9 49 4286502.783
9 50 3225523.329
9 51 5317621.594
9 52 5094593.352
9 53 6762160.371
9 54 1831537.59
9 55 6275044.382
9 56 2974566.491
9 57 3152754.663
9 58 3028415.996
9 59 3595262.285
9 60 7975082.911
9 61 5105155.111
9 62 4290200.721
9 63 8211564.738
9 64 8919362.584
9 65 889825.7178
9 66 3517603.093
9 67 7590744.792
9 68 4039254.878
9 69 6047107.429
9 70 6955939.872
9 71 4761022.105
9 72 1265620.149
9 73 5649682.461
9 74 6620677.038
9 75 2177331.058
9 76 2523897.059
9 77 3624277.318
9 78 7268794.109
9 79 8441962.82
9 80 6769833.16
9 81 1605414.974
9 82 3916649.92
9 83 4761861.478
9 84 4808251.217
9 85 7605518.116
9 86 9115235.353
9 87 2324651.942
9 88 7927116.503
9 89 4703683.871
9 90 4569053.881
9 91 6808331.077
9 92 3405707.172
9 93 6075596.053
9 94 5716776.297
9 95 5458644.647
9 96 4793613.207
9 97 2931715.611
9 98 2634473.71
9 99 8047361.829
10 11 5969044.177
10 12 1875252.493
10 13 5701238.105
10 14 6477736.149
10 15 9195209.432
10 16 4262411.968
10 17 7467833.482
10 18 2616751.481
10 19 2471826.228
10 20 519684.0035
10 21 2163243.499
10 22 4961034.644
10 23 2266849.73
10 24 6284186.897
10 25 4487526.003
10 26 6802432.92
10 27 5079871.917
10 28 4960693.6
10 29 9047768.26
10 30 1410907.987
10 31 5998445.828
10 32 5566468.418
10 33 5496632.084
10 34 2668776.228
10 35 2674237.832
10 36 2400514.741
10 37 7782369.072
10 38 3764288.794
10 39 5365023.589
10 40 3706838.985
10 41 6524974.851
10 42 6707118.409
10 43 7071647.539
10 44 6358595.694
10 45 4104756.75
10 46 5346258.332
10 47 8438504.447
10 48 4526201.741
10 49 3417817.639
10 50 7883721.469
10 51 2332142.646
10 52 2527260.349
10 53 4571572.601
10 54 6399221.413
10 55 1717646.224
10 56 6200550.777
10 57 7642683.74
10 58 8510994.435
10 59 9331080.048
10 60 4013558.299
10 61 7070033.084
10 62 3482904.426
10 63 4401710.25
10 64 2967017.443
10 65 8151273.177
10 66 7311397.823
10 67 64052.60842
10 68 4473189.597
10 69 2320067.795
10 70 5330449.271
10 71 8291976.762
10 72 6365064.201
10 73 1979029.195
10 74 4815922.611
10 75 7024029.849
10 76 8474358.677
10 77 5404497.996
10 78 4988893.596
10 79 4172528.389
10 80 2470626.706
10 81 8311190.359
10 82 9463033.564
10 83 6552621.199
10 84 7256127.628
10 85 771058.9586
10 86 1649341.352
10 87 6860810.577
10 88 3000894.163
10 89 5323361.595
10 90 3740237.8
10 91 2898469.827
10 92 6808180.868
10 93 4943978.506
10 94 2071825.845
10 95 7188680.687
10 96 3107882.653
10 97 8554098.753
10 98 4981416.976
10 99 5009806.143
11 12 7347028.543
11 13 4006584.457
11 14 2535820.408
11 15 7562600.863
11 16 4737185.597
11 17 7465503.29
11 18 3549504.145
11 19 3777758.355
11 20 5763727.235
11 21 4202311.165
11 22 7619032.678
11 23 5232955.489
11 24 5704093.256
11 25 5756591.002
11 26 927134.1365
11 27 5594305.572
11 28 3107192.595
11 29 3078775.261
11 30 4651930.433
11 31 2622993.344
11 32 4109564.924
11 33 4741452.447
11 34 4840319.348
11 35 3339052.569
11 36 5163794.071
11 37 4553565.427
11 38 2978974.862
11 39 1545929.989
11 40 2615818.96
11 41 6795920.53
11 42 4063383.135
11 43 2544326.305
11 44 1200232.022
11 45 5063939.253
11 46 7456274.356
11 47 2473114.596
11 48 8255239.746
11 49 3707409.971
11 50 5978235.056
11 51 3790527.813
11 52 3936110.11
11 53 7285933.794
11 54 1520185.306
11 55 5303178.408
11 56 4835280.843
11 57 5812281.464
11 58 2592990.549
11 59 3388036.011
11 60 8005703.979
11 61 7094730.912
11 62 2660298.829
11 63 5112056.985
11 64 6266070.136
11 65 4216678.946
11 66 5943623.735
11 67 5972866.933
11 68 1496128.666
11 69 5433909.619
11 70 3660714.516
11 71 7339713.834
11 72 2852332.782
11 73 4387580.965
11 74 3389268.898
11 75 4686527.303
11 76 5659480.357
11 77 574268.6819
11 78 4023636.75
11 79 5407942.741
11 80 6290758.122
11 81 2931995.957
11 82 3498450.268
11 83 1586842.206
11 84 6943677.3
11 85 6289913.578
11 86 7617497.957
11 87 1209058.398
11 88 7527395.573
11 89 5880865.066
11 90 2231888.666
11 91 6536457.662
11 92 5590905.94
11 93 2820952.521
11 94 4740736.714
11 95 2418166.733
11 96 4321067.07
11 97 6010613.903
11 98 2618402.499
11 99 4829959.967
12 13 6045718.907
12 14 8210560.143
12 15 8945643.266
12 16 6135297.538
12 17 6890734.235
12 18 3799598.026
12 19 3578624.501
12 20 2379292.49
12 21 3978714.623
12 22 3828564.312
12 23 4120159.639
12 24 6110469.924
12 25 4115634.82
12 26 8089582.084
12 27 4817875.175
12 28 5604212.777
12 29 10388611.63
12 30 3175917.396
12 31 6765009.254
12 32 7431414.788
12 33 5582644.858
12 34 4541127.793
12 35 4029394.034
12 36 2561197.401
12 37 8187528.884
12 38 4673004.104
12 39 6997867.754
12 40 4819804.215
12 41 6003964.135
12 42 7110247.61
12 43 7943671.804
12 44 7922016.639
12 45 5966538.437
12 46 4360220.411
12 47 9805064.242
12 48 3017097.774
12 49 4089774.426
12 50 7869623.316
12 51 3557649.505
12 52 3470007.218
12 53 3509427.192
12 54 7464216.734
12 55 2119591.336
12 56 6310626.817
12 57 7638647.086
12 58 9763824.674
12 59 10595542.97
12 60 2482005.373
12 61 6542397.73
12 62 4700524.554
12 63 6263609.23
12 64 4652019.086
12 65 8721477.257
12 66 7209889.653
12 67 1825474.935
12 68 5891613.667
12 69 2314991.194
12 70 7179058.018
12 71 7921873.412
12 72 7085944.18
12 73 2968432.918
12 74 6651399.687
12 75 7276454.713
12 76 8669536.401
12 77 6814251.136
12 78 6855098.576
12 79 6014721.326
12 80 1774379.313
12 81 9316503.161
12 82 10767989.23
12 83 8160634.558
12 84 6814376.42
12 85 1182196.341
12 86 1403387.92
12 87 8064951.923
12 88 1441454.523
12 89 4971036.164
12 90 5201740.946
12 91 2013199.238
12 92 6744047.827
12 93 6732517.692
12 94 2704717.484
12 95 8860275.434
12 96 3554376.669
12 97 8656511.482
12 98 5780849.871
12 99 6883441.448
13 14 6408703.013
13 15 3967031.464
13 16 7238608.815
13 17 3458931.539
13 18 3450552.615
13 19 3450750.386
13 20 5852956.149
13 21 5315890.846
13 22 4372745.86
13 23 6505647.858
13 24 1700792.445
13 25 2498805.566
13 26 4045181.102
13 27 1980551.555
13 28 1097855.389
13 29 5965202.377
13 30 5107842.753
13 31 1531001.648
13 32 7365660.211
13 33 860624.5332
13 34 6409394.057
13 35 3725736.563
13 36 3519391.895
13 37 2142708.11
13 38 2312653.422
13 39 5077603.626
13 40 2763946.636
13 41 2830548.22
13 42 1065707.217
13 43 2572929.716
13 44 5192572.387
13 45 7413018.667
13 46 3987816.728
13 47 5592076.099
13 48 5421563.567
13 49 2321351.616
13 50 2407049.654
13 51 3684790.504
13 52 3265558.929
13 53 4170613.366
13 54 2858099.639
13 55 4118965.808
13 56 855566.5514
13 57 2178792.153
13 58 5136948.115
13 59 5868791.275
13 60 5401335.466
13 61 3091298.824
13 62 3101751.078
13 63 7601064.582
13 64 7686134.177
13 65 2728062.357
13 66 2094329.354
13 67 5662956.769
13 68 3696864.942
13 69 3740972.611
13 70 6899233.861
13 71 3463124.193
13 72 1571826.27
13 73 3761694.391
13 74 6416108.621
13 75 1329610.192
13 76 2781029.422
13 77 3911604.109
13 78 7032277.189
13 79 7709324.529
13 80 4352213.019
13 81 4022343.394
13 82 6154436.714
13 83 5579434.259
13 84 2940483.356
13 85 5501299.619
13 86 7011182.482
13 87 3713209.735
13 88 5435886.909
13 89 2171850.106
13 90 3814534.383
13 91 4323094.431
13 92 1653178.476
13 93 5991225.794
13 94 3642083.345
13 95 6422757.06
13 96 2610656.713
13 97 2906338.192
13 98 1515831.815
13 99 7679016.59
14 15 10089854.73
14 16 3433782.64
14 17 9840028.526
14 18 4779821.736
14 19 5022177.584
14 20 6097425.833
14 21 4330333.432
14 22 9461896.907
14 23 4872567.291
14 24 8072564.026
14 25 7754370.63
14 26 3082515.242
14 27 7747646.448
14 28 5398137.889
14 29 3981125.728
14 30 5072675.881
14 31 5129515.584
14 32 2135795.617
14 33 7056655.645
14 34 4361835.873
14 35 4399956.682
14 36 6592467.748
14 37 7084916.053
14 38 4811323.621
14 39 1421103.855
14 40 4293101.44
14 41 9095466.469
14 42 6581340.656
14 43 5037272.348
14 44 1399426.04
14 45 3820145.238
14 46 9423667.719
14 47 3431786.193
14 48 9840863.362
14 49 5475221.585
14 50 8498374.201
14 51 4907963.878
14 52 5288675.538
14 53 9086265.784
14 54 4043335.434
14 55 6477914.814
14 56 7259189.378
14 57 8324813.651
14 58 4036586.65
14 59 4540923.608
14 60 9490670.275
14 61 9449314.481
14 62 4136790.488
14 63 3721871.31
14 64 5542193.299
14 65 6699625.756
14 66 8422910.034
14 67 6506230.032
14 68 2918612.354
14 69 6825109.381
14 70 1852749.041
14 71 9820336.485
14 72 5381590.743
14 73 5545159.606
14 74 2005443.345
14 75 7203507.705
14 76 8192326.991
14 77 2498607.129
14 78 2384331.61
14 79 4125436.967
14 80 7642292.414
14 81 5053089.339
14 82 4455901.67
14 83 1081055.12
14 84 9339650.513
14 85 7038048.944
14 86 8039933.584
14 87 3512295.043
14 88 8792764.333
14 89 8055798.856
14 90 3302134.878
14 91 7984242.109
14 92 8039869.596
14 93 1609781.097
14 94 6023127.234
14 95 905045.7076
14 96 6001749.825
14 97 8546192.544
14 98 4920962.328
14 99 3143979.039
15 16 11205517.78
15 17 2389572.184
15 18 7313141.218
15 19 7264767.531
15 20 9461171.794
15 21 9212122.286
15 22 5705827.161
15 23 10369853.75
15 24 2911584.872
15 25 4839784.832
15 26 7256678.692
15 27 4162075.877
15 28 5058914.785
15 29 8441962.331
15 30 8895819.315
15 31 4967588.803
15 32 11278243.45
15 33 3781352.851
15 34 10322450.45
15 35 7635028.373
15 36 6802970.593
15 37 3168049.624
15 38 6255093.423
15 39 8869589.19
15 40 6727915.036
15 41 3038715.166
15 42 3513107.257
15 43 5251948.333
15 44 8751942.71
15 45 11375869.17
15 46 5072698.544
15 47 8314769.655
15 48 7015326.217
15 49 6107020.708
15 50 1604571.845
15 51 7512419.38
15 52 7025099.428
15 53 5804218.01
15 54 6105227.363
15 55 7483666.477
15 56 3183803.168
15 57 1806583.552
15 58 7629337.331
15 59 8088492.709
15 60 7291977.745
15 61 2571954.249
15 62 7063144.783
15 63 11567198.4
15 64 11532371.29
15 65 3891232.31
15 66 1932173.598
15 67 9144910.902
15 68 7598157.685
15 69 6927085.783
15 70 10808152.8
15 71 1118702.9
15 72 4710302.743
15 73 7434339.121
15 74 10347571.81
15 75 2895581.862
15 76 2150694.952
15 77 7631984.284
15 78 10974489.21
15 79 11667974.24
15 80 7185750.479
15 81 6129705.242
15 82 8421433.192
15 83 9131858.393
15 84 2211612.031
15 85 8790645.954
15 86 10185500.81
15 87 6830544.467
15 88 7849395.054
15 89 3977884.29
15 90 7777041.86
15 91 6940795.201
15 92 2438180.124
15 93 9893622.734
15 94 7162672.552
15 95 9914460.215
15 96 6170278.415
15 97 1724194.84
15 98 5428361.881
15 99 11639352.15
16 17 10207572.78
16 18 4122804.278
16 19 4272670.138
16 20 3756637.762
16 21 2429754.426
16 22 8666060.289
16 23 2046832.975
16 24 8582321.15
16 25 7460386.266
16 26 5629335.707
16 27 7765758.021
16 28 6151276.792
16 29 7235587.731
16 30 3183152.318
16 31 6548968.375
16 32 1574940.378
16 33 7549781.102
16 34 1594174.757
16 35 3718814.606
16 36 5592481.761
16 37 8718307.51
16 38 4976878.164
16 39 3266968.828
16 40 4480597.714
16 41 9305314.293
16 42 7869441.164
16 43 7059372.322
16 44 4234454.028
16 45 386631.6492
16 46 8861427.327
16 47 6631917.447
16 48 8577584.715
16 49 5303350.416
16 50 9634362.376
16 51 4036649.221
16 52 4579376.916
16 53 8257349.276
16 54 6041702.673
16 55 5141744.191
16 56 8039935.834
16 57 9412360.171
16 58 7078982.145
16 59 7733787.439
16 60 8108531.334
16 61 9785238.987
16 62 4150398.55
16 63 382482.2554
16 64 2233787.414
16 65 8652424.477
16 66 9308096.117
16 67 4315083.784
16 68 3809572.732
16 69 5715901.086
16 70 1620627.535
16 71 10610071.86
16 72 6915121.446
16 73 4467224.368
16 74 1476600.406
16 75 8420317.937
16 76 9732561.991
16 77 4279999.993
16 78 1086911.661
16 79 704773.3152
16 80 6313850.594
16 81 7669146.882
16 82 7714425.99
16 83 4163295.118
16 84 9817402.557
16 85 5005615.914
16 86 5473319.229
16 87 5946054.776
16 88 7172460.386
16 89 8078829.22
16 90 3448500.799
16 91 6740996.289
16 92 8826964.806
16 93 2024105.844
16 94 4964121.129
16 95 4337284.847
16 96 5536366.786
16 97 9985381.147
16 98 5822620.727
16 99 749315.8164
17 18 6099539.345
17 19 5980498.873
17 20 7817548.985
17 21 7958508.986
17 22 3379478.794
17 23 9009851.799
17 24 1768250.148
17 25 2983688.628
17 26 7452989.829
17 27 2479692.433
17 28 4443833.155
17 29 9158094.853
17 30 7474435.717
17 31 4923109.701
17 32 10602484.6
17 33 2794078.204
17 34 9070032.742
17 35 6491244.855
17 36 5096252.696
17 37 4052402.65
17 38 5307602.897
17 39 8475325.144
17 40 5847725.211
17 41 946610.3133
17 42 3695608.811
17 43 5703350.457
17 44 8650104.15
17 45 10305382.4
17 46 2743441.609
17 47 8874355.029
17 48 4677211.879
17 49 4904223.499
17 50 2392011.635
17 51 6228856.768
17 52 5691485.987
17 53 3534248.511
17 54 6247167.264
17 55 5767160.428
17 56 2645094.114
17 57 2337939.803
17 58 8313969.457
17 59 8944627.12
17 60 4997751.944
17 61 422703.28
17 62 6139390.165
17 63 10537429.92
17 64 10107616.04
17 65 4926726.699
17 66 1863603.538
17 67 7410664.288
17 68 7027870.753
17 69 5148196.726
17 70 10149852.66
17 71 1276610.404
17 72 4835258.988
17 73 5971544.905
17 74 9627378.771
17 75 3181835.844
17 76 3537806.966
17 77 7352685.236
17 78 10201911.5
17 79 10556916.4
17 80 5202228.372
17 81 6962614.807
17 82 9260072.372
17 83 9036590.795
17 84 552114.5511
17 85 6942508.152
17 86 8215844.37
17 87 7086830.996
17 88 5665633.051
17 89 2188251.454
17 90 6977664.231
17 91 4885580.397
17 92 1978726.049
17 93 9268063.791
17 94 5588123.083
17 95 9881413.087
17 96 4740060.124
17 97 3210618.604
17 98 4919116.526
17 99 10754706.16
18 19 245262.6042
18 20 2590446.905
18 21 1902173.796
18 22 4792185.623
18 23 3063430.448
18 24 4536319.202
18 25 3358875.934
18 26 4298597.819
18 27 3644209.764
18 28 2510999.841
18 29 6592014.49
18 30 1679147.983
18 31 3430477.532
18 32 4756637.476
18 33 3546235.038
18 34 3018290.911
18 35 428191.7368
18 36 1813388.723
18 37 5369951.271
18 38 1217354.196
18 39 3416220.114
18 40 1091247.968
18 41 5187310.465
18 42 4337515.947
18 43 4461998.478
18 44 4215979.487
18 45 4206288.398
18 46 4870628.683
18 47 6005726.933
18 48 5063279.111
18 49 1218976.919
18 50 5824802.007
18 51 285474.5971
18 52 522485.302
18 53 4396730.057
18 54 3790378.779
18 55 1776483.755
18 56 4139359.085
18 57 5587849.139
18 58 5988260.311
18 59 6817882.053
18 60 4712765.519
18 61 5676838.468
18 62 906192.9659
18 63 4442605.359
18 64 4238907.427
18 65 5632464.027
18 66 5381640.965
18 67 2602149.867
18 68 2122404.542
18 69 2046642.91
18 70 4354246.155
18 71 6597559.441
18 72 3808974.602
18 73 840473.6362
18 74 3790774.933
18 75 4762931.231
18 76 6197626.588
18 77 3026803.161
18 78 4270944.01
18 79 4458954.735
18 80 2877639.92
18 81 5698339.2
18 82 6978734.387
18 83 4499353.324
18 84 5733190.263
18 85 2782800.813
18 86 4210034.896
18 87 4303631.326
18 88 4071386.135
18 89 3956411.726
18 90 1504221.972
18 91 3205542.052
18 92 4878829.273
18 93 3603547.407
18 94 1257192.804
18 95 5275081.006
18 96 1427548.177
18 97 6353433.382
18 98 2427540.937
18 99 4715748.366
19 20 2488802.2
19 21 1984015.545
19 22 4573902.479
19 23 3106228.478
19 24 4454164.665
19 25 3190099.788
19 26 4512267.271
19 27 3511983.252
19 28 2561187.232
19 29 6810008.486
19 30 1657335.073
19 31 3536270.057
19 32 4959693.613
19 33 3486466.783
19 34 3101167.978
19 35 644098.7078
19 36 1573308.454
19 37 5420901.047
19 38 1302060.774
19 39 3661085.429
19 40 1267325.352
19 41 5059304.37
19 42 4373205.794
19 43 4600529.671
19 44 4459336.816
19 45 4338174.576
19 46 4669175.398
19 47 6227532.226
19 48 4823185.541
19 49 1158572.822
19 50 5799795.625
19 51 250856.4982
19 52 311425.7437
19 53 4176028.683
19 54 3965299.125
19 55 1536368.131
19 56 4105202.554
19 57 5561092.121
19 58 6195076.423
19 59 7025780.08
19 60 4469295.785
19 61 5558137.196
19 62 1122150.098
19 63 4582605.465
19 64 4268887.635
19 65 5718677.22
19 66 5332734.704
19 67 2452447.29
19 68 2362206.932
19 69 1803204.277
19 70 4564416.295
19 71 6520131.791
19 72 3908941.91
19 73 610788.8243
19 74 3999355.247
19 75 4773623.355
19 76 6216907.374
19 77 3260920.647
19 78 4464400.146
19 79 4579379.517
19 80 2632482.496
19 81 5865894.084
19 82 7191861.686
19 83 4744084.533
19 84 5629814.252
19 85 2587164.36
19 86 4037877.707
19 87 4504205.834
19 88 3826812.899
19 89 3820272.42
19 90 1749484.14
19 91 2962311.596
19 92 4826898.188
19 93 3828461.723
19 94 1011942.93
19 95 5520337.87
19 96 1263889.231
19 97 6357069.769
19 98 2523114.759
19 99 4884133.01
20 21 1767460.315
20 22 5426524.858
20 23 1748856.31
20 24 6558224.153
20 25 4834294.633
20 26 6625910.022
20 27 5392087.624
20 28 5039374.649
20 29 8834642.783
20 30 1114369.665
20 31 6018537.329
20 32 5091606.453
20 33 5720179.991
20 34 2162582.03
20 35 2563510.794
20 36 2722017.425
20 37 7890149.813
20 38 3789338.669
20 39 5046488.109
20 40 3656863.939
20 41 6871522.097
20 42 6827381.058
20 43 7043088.752
20 44 6066518.218
20 45 3590324.688
20 46 5787461.149
20 47 8218392.096
20 48 5034439.769
20 49 3537130.009
20 50 8102350.808
20 51 2307520.222
20 52 2605597.256
20 53 5031604.142
20 54 6311366.422
20 55 2052424.123
20 56 6406756.236
20 57 7860992.072
20 58 8334853.812
20 59 9145961.921
20 60 4525321.194
20 61 7412843.241
20 62 3397866.71
20 63 3887397.809
20 64 2475322.348
20 65 8207468.371
20 66 7556808.56
20 67 579391.8274
20 68 4271843.191
20 69 2683319.725
20 70 4873798.963
20 71 8591447.7
20 72 6394458.228
20 73 2091268.205
20 74 4372773.097
20 75 7182188.057
20 76 8633952.425
20 77 5192263.115
20 78 4513213.671
20 79 3653631.114
20 80 2933050.71
20 81 8226084.872
20 82 9261832.143
20 83 6237672.813
20 84 7579326.55
20 85 1289862.897
20 86 1946134.086
20 87 6716063.325
20 88 3518177.175
20 89 5650541.562
20 90 3534724.473
20 91 3367108.149
20 92 7049929.212
20 93 4536302.789
20 94 2298537.659
20 95 6838419.587
20 96 3310304.586
20 97 8737512.132
20 98 5009463.631
20 99 4505239.312
21 22 6236921.279
21 23 1212039.15
21 24 6433408.981
21 25 5106774.003
21 26 5108240.007
21 27 5483380.751
21 28 4309540.521
21 29 7222493.845
21 30 814889.8966
21 31 5041658.327
21 32 3490647.312
21 33 5448408.811
21 34 1117943.783
21 35 1590281.409
21 36 3168787.135
21 37 7120122.404
21 38 3012211.579
21 39 3311672.5
21 40 2651978.298
21 41 7031392.102
21 42 6135380.72
21 43 5884859.489
21 44 4355241.782
21 45 2420841.638
21 46 6444678.126
21 47 6598597.214
21 48 6177554.795
21 49 3119448.245
21 50 7709332.427
21 51 1733583.454
21 52 2267084.191
21 53 5828139.622
21 54 5013909.417
21 55 2716160.263
21 56 6033517.845
21 57 7474306.052
21 58 6795185.192
21 59 7581931.806
21 60 5724927.715
21 61 7536639.178
21 62 2318221.084
21 63 2689545.137
21 64 2395616.048
21 65 7266081.045
21 66 7281538.762
21 67 2197695.719
21 68 2768420.084
21 69 3286332.339
21 70 3207460.261
21 71 8497178.508
21 72 5429438.675
21 73 2061824.033
21 74 2673184.265
21 75 6604945.49
21 76 8016524.727
21 77 3629894.75
21 78 2924659.89
21 79 2628242.573
21 80 3901084.855
21 81 6891959.207
21 82 7667658.558
21 83 4500380.844
21 84 7613635.058
21 85 2798022.352
21 86 3712297.135
21 87 5267284.892
21 88 4835599.988
21 89 5786984.219
21 90 2070757.435
21 91 4322726.1
21 92 6779792.556
21 93 2781034.754
21 94 2545327.702
21 95 5075730.906
21 96 3221590.827
21 97 8200186.772
21 98 4117085.281
21 99 3124852.289
22 23 6990979.613
22 24 3390357.729
22 25 1929516.415
22 26 8005898.34
22 27 2404590.563
22 28 4699529.058
22 29 10167032.95
22 30 5525727.761
22 31 5759000.694
22 32 9522663.648
22 33 3547533.644
22 34 7223511.424
22 35 5215666.677
22 36 3082704.903
22 37 6151536.596
22 38 4701599.368
22 39 8047266.651
22 40 5184862.45
22 41 2687796.024
22 42 5270371.379
22 43 6915699.387
22 44 8620729.297
22 45 8642344.984
22 46 636371.7336
22 47 9711162.938
22 48 1310301.294
22 49 3999228.617
22 50 5106575.238
22 51 4762075.163
22 52 4270850.056
22 53 408859.7051
22 54 6957966.333
22 55 3548265.352
22 56 4086725.509
22 57 4926233.815
22 58 9374140.475
22 59 10152275.91
22 60 1627968.433
22 61 3135054.011
22 62 5325360.055
22 63 8919942.635
22 64 7896829.485
22 65 6933880.72
22 66 4393484.215
22 67 4897252.746
22 68 6574546.667
22 69 2950952.198
22 70 9136305.47
22 71 4594414.971
22 72 5906078.471
22 73 4225959.774
22 74 8570362.62
22 75 5104078.606
22 76 6172362.861
22 77 7268364.202
22 78 9009624.225
22 79 8811174.196
22 80 2493644.452
22 81 8381999.533
22 82 10415491.27
22 83 8968420.329
22 84 3498982.883
22 85 4264333.812
22 86 5227942.351
22 87 7779636.135
22 88 2441160.54
22 89 2290044.101
22 90 6176454.435
22 91 2062566.616
22 92 4081304.441
22 93 8394242.607
22 94 3715782.75
22 95 9808863.571
22 96 3461779.981
22 97 5996995.644
22 98 5134454.693
22 99 9344691.139
23 24 7551000.596
23 25 6087185.141
23 26 6156115.352
23 27 6530905.001
23 28 5514658.941
23 29 8162537.676
23 30 1539576.72
23 31 6250627.575
23 32 3497714.824
23 33 6592691.214
23 34 520092.0901
23 35 2788283.366
23 36 4031038.931
23 37 8331849.245
23 38 4212941.97
23 39 4122944.933
23 40 3863909.117
23 41 8070803.777
23 42 7343012.874
23 43 7068088.868
23 44 5192041.493
23 45 1847660.679
23 46 7278478.791
23 47 7536527.049
23 48 6728470.96
23 49 4262906.173
23 50 8888062.706
23 51 2857685.736
23 52 3360065.718
23 53 6585504.042
23 54 6168165.124
23 55 3456462.684
23 56 7201830.116
23 57 8651255.337
23 58 7806924.222
23 59 8566261.557
23 60 6232800.482
23 61 8591026.608
23 62 3530173.645
23 63 2144505.988
23 64 1185284.913
23 65 8473390.194
23 66 8437680.638
23 67 2324334.992
23 68 3875610.627
23 69 4084501.044
23 70 3364781.452
23 71 9618033.879
23 72 6638296.178
23 73 3038968.549
23 74 2944556.383
23 75 7804265.703
23 76 9222085.563
23 77 4672940.377
23 78 2927960.074
23 79 1906607.912
23 80 4532770.012
23 81 8018678.166
23 82 8622695.487
23 83 5267066.217
23 84 8695644.832
23 85 3031768.836
23 86 3434458.666
23 87 6355523.592
23 88 5247984.939
23 89 6823287.344
23 90 3221520.289
23 91 4970664.634
23 92 7932496.225
23 93 3263159.221
23 94 3455501.168
23 95 5709792.556
23 96 4281332.634
23 97 9398965.383
23 98 5329031.586
23 99 2794176.606
24 25 2004389.042
24 26 5731333.736
24 27 1293398.563
24 28 2679091.129
24 29 7551932.5
24 30 6045468.764
24 31 3200781.958
24 32 8886457.956
24 33 1050142.331
24 34 7551298.752
24 35 4898568.284
24 36 3891588.849
24 37 2825854.592
24 38 3621389.677
24 39 6712608.893
24 40 4148844.017
24 41 1175944.662
24 42 2140785.736
24 43 4095296.972
24 44 6884956.988
24 45 8708751.397
24 46 2848020.499
24 47 7222348.671
24 48 4637889.328
24 49 3317656.248
24 50 1796177.114
24 51 4704921.24
24 52 4190979.74
24 53 3335062.307
24 54 4532832.888
24 55 4572084.993
24 56 944250.3283
24 57 1584617.689
24 58 6711549.588
24 59 7394476.937
24 60 4780787.643
24 61 1390880.043
24 62 4457271.064
24 63 8925716.77
24 64 8693528.259
24 65 3663054.182
24 66 1104588.207
24 67 6233629.626
24 68 5276855.967
24 69 4020566.851
24 70 8428529.53
24 71 2067039.007
24 72 3159872.367
24 73 4560269.289
24 74 7917068.468
24 75 1793178.29
24 76 2790813.094
24 77 5584435.953
24 78 8506762.752
24 79 8978467.697
24 80 4336863.919
24 81 5455906.71
24 82 7697238.709
24 83 7271057.251
24 84 1277149.943
24 85 5886072.306
24 86 7303247.768
24 87 5382899.723
24 88 5141415.665
24 89 1195148.48
24 90 5269316.062
24 91 4140268.121
24 92 697203.2843
24 93 7536901.341
24 94 4261669.357
24 95 8117670.425
24 96 3292431.239
24 97 2655513.948
24 98 3151648.183
24 99 9093546.641
25 26 6094969.218
25 27 715318.1309
25 28 2774274.4
25 29 8238762.886
25 30 4547813.937
25 31 3833268.318
25 32 8085284.14
25 33 1737599.62
25 34 6195625.685
25 35 3781688.903
25 36 2114524.049
25 37 4450539.107
25 38 2943087.274
25 39 6333515.607
25 40 3469320.507
25 41 2038565.789
25 42 3474497.892
25 43 5002168.76
25 44 6809147.581
25 45 7510363.015
25 46 1700061.835
25 47 7788513.103
25 48 2923908.541
25 49 2313487.445
25 50 3789757.411
25 51 3423745.351
25 52 2881559.057
25 53 1681535.403
25 54 5030664.184
25 55 2783471.916
25 56 2393857.551
25 57 3567615.792
25 58 7444632.849
25 59 8223658.926
25 60 2936432.737
25 61 2582652.048
25 62 3673950.738
25 63 7762971.914
25 64 7153886.65
25 65 5165262.207
25 66 3108753.945
25 67 4431126.684
25 68 4836433.465
25 69 2167632.791
25 70 7663394.923
25 71 3852469.335
25 72 3994677
25 73 3060654.374
25 74 7108812.643
25 75 3429254.934
25 76 4695834.439
25 77 5447539.235
25 78 7619341.299
25 79 7733884.173
25 80 2347603.384
25 81 6472672.076
25 82 8486041.513
25 83 7170392.334
25 84 2780352.701
25 85 3993413.98
25 86 5348783.995
25 87 5856990.195
25 88 3157022.887
25 89 863738.3867
25 90 4550513.799
25 91 2135888.469
25 92 2665660.82
25 93 6849172.198
25 94 2635021.334
25 95 8021838.987
25 96 1931471.637
25 97 4620027.313
25 98 3219378.416
25 99 8072385.67
26 27 5829256.94
26 28 3334151.71
26 29 2304561.233
26 30 5520570.582
26 31 2532197.492
26 32 4889354.382
26 33 4857448.619
26 34 5767037.438
26 35 4139577.874
26 36 5788008.554
26 37 4133028.961
26 38 3542701.306
26 39 2382835.884
26 40 3280013.712
26 41 6875681.675
26 42 3856025.646
26 43 2029294.839
26 44 1688206.749
26 45 5964905.619
26 46 7775874.869
26 47 1751889.323
26 48 8753249.36
26 49 4253844.177
26 50 5720566.617
26 51 4557720.005
26 52 4631478.971
26 53 7700664.576
26 54 1207339.971
26 55 6004225.019
26 56 4811022.401
26 57 5583691.642
26 58 1709666.214
26 59 2529376.605
26 60 8548050.58
26 61 7111028.403
26 62 3392841.799
26 63 6000085.279
26 64 7193203.851
26 65 3649592.31
26 66 5796156.588
26 67 6802132.175
26 68 2360398.207
26 69 6063316.756
26 70 4459749.684
26 71 7169172.721
26 72 2642026.594
26 73 5121482.24
26 74 4242772.084
26 75 4465229.021
26 76 5236567.235
26 77 1484265.263
26 78 4861609.487
26 79 6308761.088
26 80 6912638.956
26 81 2062554.95
26 82 2680139.482
26 83 2012724.318
26 84 6912295.527
26 85 7074047.084
26 86 8445029.354
26 87 440361.5716
26 88 8155121.968
26 89 6091118.584
26 90 3094600.571
26 91 7118895.424
26 92 5506877.887
26 93 3668499.89
26 94 5426742
26 95 2695880.5
26 96 4876845.608
26 97 5619867.491
26 98 2875662.229
26 99 5676827.874
27 28 2505183.942
27 29 7885232.615
27 30 4996971.731
27 31 3433983.564
27 32 8265245.904
27 33 1143086.388
27 34 6592585.11
27 35 4048277.447
27 36 2680233.189
27 37 3798662.877
27 38 2992824.994
27 39 6336905.493
27 40 3538879.748
27 41 1548107.872
27 42 2871635.938
27 43 4546762.99
27 44 6705441.535
27 45 7847582.84
27 46 2010185.365
27 47 7471474.097
27 48 3532505.071
27 49 2481633.391
27 50 3074565.396
27 51 3758377.018
27 52 3217918.866
27 53 2241388.434
27 54 4703946.147
27 55 3362517.04
27 56 1725561.387
27 57 2852331.982
27 58 7070647.169
27 59 7824239.8
27 60 3598604.346
27 61 2060149.593
27 62 3793147.112
27 63 8086646.162
27 64 7635452.294
27 65 4548611.008
27 66 2396362.637
27 67 5026221.431
27 68 4842295.085
27 69 2778016.217
27 70 7826680.516
27 71 3213665.572
27 72 3538897.708
27 73 3493700.017
27 74 7285342.293
27 75 2762270.331
27 76 3990341.945
27 77 5349129.881
27 78 7830700.052
27 79 8091350.415
27 80 3045050.327
27 81 6002340.258
27 82 8101052.381
27 83 7079096.828
27 84 2189268.577
27 85 4634322.476
27 86 6025659.877
27 87 5551176.163
27 88 3869854.371
27 89 318398.3392
27 90 4661940.703
27 91 2849314.096
27 92 1950368.74
27 93 6976208.243
27 94 3125950.217
27 95 7935613.781
27 96 2262289.887
27 97 3906360.512
27 98 2985491.278
27 99 8339825.322
28 29 5469031.028
28 30 4190141.293
28 31 1185153.518
28 32 6272765.107
28 33 1659983.019
28 34 5381656.535
28 35 2727535.23
28 36 3048270.504
28 37 2860862.716
28 38 1305645.67
28 39 4033652.568
28 40 1695010.967
28 41 3710026.49
28 42 1831370.331
28 43 2397245.587
28 44 4253276.084
28 45 6334766.15
28 46 4443345.78
28 47 5014366.602
28 48 5556082.062
28 49 1561142.31
28 50 3483312.665
28 51 2772117.012
28 52 2439891.535
28 53 4418483.011
28 54 2259207.816
28 55 3537375.992
28 56 1938358.024
28 57 3261286.252
28 58 4685617.36
28 59 5479648.591
28 60 5429373.949
28 61 4051187.195
28 62 2036951.588
28 63 6516501.669
28 64 6699768.496
28 65 3194132.806
28 66 3191378.051
28 67 4930728.622
28 68 2615215.618
28 69 3308451.252
28 70 5807518.527
28 71 4551307.849
28 72 1482460.986
28 73 2981811.832
28 74 5320079.146
28 75 2303742.411
28 76 3707452.686
28 77 2922722.616
28 78 5934737.835
28 79 6636408.41
28 80 4057868.564
28 81 3848063.629
28 82 5730619.874
28 83 4635049.386
28 84 3952974.973
28 85 4885270.783
28 86 6401628.383
28 87 3083021.318
28 88 5250383.379
28 89 2781206.117
28 90 2718579.974
28 91 4139922.975
28 92 2739948.353
28 93 4902238.529
28 94 2989834.002
28 95 5489400.352
28 96 2049929.8
28 97 3897057.921
28 98 489553.3003
28 99 6582535.839
29 30 7720856.068
29 31 4454009.326
29 32 6108348.266
29 33 6821265.581
29 34 7720240.481
29 35 6409583.592
29 36 8086498.245
29 37 5314656.428
29 38 5836665.223
29 39 4071108.662
29 40 5584365.537
29 41 8727075.232
29 42 5464070.619
29 43 3461583.119
29 44 3022338.386
29 45 7608223.918
29 46 9880095.912
29 47 626131.822
29 48 10990033.11
29 49 6538335.231
29 50 7087350.569
29 51 6845305.751
29 52 6935270.627
29 53 9886383.625
29 54 3209840.307
29 55 8308302.591
29 56 6607723.633
29 57 7013318.737
29 58 844125.409
29 59 608003.0863
29 60 10810407.18
29 61 8868603.742
29 62 5688402.516
29 63 7570585.59
29 64 9094057.234
29 65 4551367.376
29 66 7354128.2
29 67 9051628.96
29 68 4574621.9
29 69 8362336.08
29 70 5776866.715
29 71 8623297.099
29 72 4406323.729
29 73 7420241.308
29 74 5760705.899
29 75 5991934.572
29 76 6293818.499
29 77 3645011.667
29 78 6277961.311
29 79 7940152.062
29 80 9208689.579
29 81 2312737.318
29 82 479526.1072
29 83 3075647.842
29 84 8605999.943
29 85 9356774.013
29 86 10696272.28
29 87 2414892.947
29 88 10450886.68
29 89 8115934.191
29 90 5309129.948
29 91 9402725.295
29 92 7180656.007
29 93 5216263.111
29 94 7731263.864
29 95 3156979.305
29 96 7160345.063
29 97 6718546.168
29 98 5054067.904
29 99 7078179.341
30 31 5073931.093
30 32 4304769.966
30 33 5114717.868
30 34 1699098.068
30 35 1540000.183
30 36 2507515.698
30 37 7048703.613
30 38 2893151.594
30 39 3958737.335
30 40 2666238.723
30 41 6533893.997
30 42 6015493.155
30 43 6036389.209
30 44 4964678.496
30 45 3123790.925
30 46 5776390.027
30 47 7104213.908
30 48 5395544.078
30 49 2806863.725
30 50 7451112.305
30 51 1425330.507
30 52 1871993.95
30 53 5117395.547
30 54 5255802.886
30 55 1978462.69
30 56 5753211.014
30 57 7211664.07
30 58 7228188.974
30 59 8036539.77
30 60 4932430.473
30 61 7056506.548
30 62 2374839.654
30 63 3407410.212
30 64 2648813.746
30 65 7291424.502
30 66 6966360.993
30 67 1435666.067
30 68 3162752.936
30 69 2584820.98
30 70 4021003.409
30 71 8110558.097
30 72 5457745.89
30 73 1503282.823
30 74 3482886.476
30 75 6429180.807
30 76 7869753.382
30 77 4079715.364
30 78 3737217.614
30 79 3285549.621
30 80 3131837.059
30 81 7166336.374
30 82 8149330.835
30 83 5148224.421
30 84 7169123.059
30 85 1993729.252
30 86 3029508.118
30 87 5623440.321
30 88 4026748.856
30 89 5286827.228
30 90 2426388.103
30 91 3561306.671
30 92 6458571.079
30 93 3560424.744
30 94 1918493.161
30 95 5777774.75
30 96 2759046.517
30 97 8014177.698
30 98 4088391.484
30 99 3900584.109
31 32 6382917.728
31 33 2374556.785
31 34 6036361.524
31 35 3541569.844
31 36 4219035.607
31 37 2169496.806
31 38 2235462.377
31 39 3910359.441
31 40 2414997.04
31 41 4353311.117
31 42 1454528.083
31 43 1213893.885
31 44 3822929.576
31 45 6787895.177
31 46 5436743.534
31 47 4063909.194
31 48 6690214.363
31 49 2683644.142
31 50 3370353.735
31 51 3711547.787
31 52 3477752.828
31 53 5508494.676
31 54 1332341.076
31 55 4674670.859
31 56 2279297.437
31 57 3195448.109
31 58 3636664.389
31 59 4396981.895
31 60 6589020.27
31 61 4578831.706
31 62 2732354.4
31 63 6928185.506
31 64 7426237.267
31 65 2226575.662
31 66 3324231.333
31 67 5974533.187
31 68 2758554.479
31 69 4483232.85
31 70 5912097.239
31 71 4718435.564
31 72 387807.0717
31 73 4032857.597
31 74 5495419.655
31 75 2074916.601
31 76 3210655.231
31 77 2665543.032
31 78 6139803.101
31 79 7112337.372
31 80 5242263.089
31 81 2675620.58
31 82 4668707.801
31 83 4208809.096
31 84 4385155.986
31 85 5993525.083
31 86 7500796.589
31 87 2185030.765
31 88 6434947.821
31 89 3662012.048
31 90 3146227.532
31 91 5323165.464
31 92 2993854.252
31 93 4999138.136
31 94 4109787.274
31 95 5026801.603
31 96 3217617.474
31 97 3507779.664
31 98 1017659.061
31 99 6867678.913
32 33 7836332.607
32 34 2992164.837
32 35 4328456.816
32 36 6455940.082
32 37 8510068.164
32 38 5299107.77
32 39 2569651.941
32 40 4755836.924
32 41 9754223.886
32 42 7805009.01
32 43 6625228.055
32 44 3275416.225
32 45 1934802.108
32 46 9626907.374
32 47 5543240.591
32 48 9615431.94
32 49 5796070.054
32 50 9675943.919
32 51 4761566.12
32 52 5268700.176
32 53 9120100.908
32 54 5583933.326
32 55 6127917.527
32 56 8211091.307
32 57 9472521.693
32 58 6100358.488
32 59 6656506.516
32 60 9184413.923
32 61 10187504.9
32 62 4476431.977
32 63 1747002.304
32 64 3808442.561
32 65 8287722.468
32 66 9458658.525
32 67 5611685.057
32 68 3680696.169
32 69 6629143.561
32 70 471125.6854
32 71 10823860.26
32 72 6709000.348
32 73 5312414.452
32 74 979923.5991
32 75 8401745.736
32 76 9585988.002
32 77 3799873.419
32 78 578440.9391
32 79 2172448.431
32 80 7333446.513
32 81 6945758.678
32 82 6585170.938
32 83 3084694.349
32 84 10158193.38
32 85 6262325.992
32 86 6920119.376
32 87 5274180.457
32 88 8322235.647
32 89 8583644.239
32 90 3624938.183
32 91 7737333.243
32 92 9012664.248
32 93 1386303.1
32 94 5826490.114
32 95 3018530.711
32 96 6169338.251
32 97 9890636.317
32 98 5861385.353
32 99 1055140.36
33 34 6563938.189
33 35 3889900.134
33 36 3165838.572
33 37 2720508.329
33 38 2578687.274
33 39 5683212.09
33 40 3101505.146
33 41 2055341.544
33 42 1740797.103
33 43 3432150.408
33 44 5904650.925
33 45 7685826.474
33 46 3137463.387
33 47 6438221.187
33 48 4648978.009
33 49 2331533.482
33 50 2387129.568
33 51 3735269.682
33 52 3243746.578
33 53 3372101.335
33 54 3687952.462
33 55 3822197.178
33 56 729117.929
33 57 2146053.938
33 58 5995170.909
33 59 6729387.609
33 60 4673500.14
33 61 2394868.615
33 62 3413683.375
33 63 7897207.169
33 64 7751774.156
33 65 3429034.023
33 66 1852055.04
33 67 5451112.03
33 68 4234705.212
33 69 3344735.611
33 70 7378584.453
33 71 3064645.964
33 72 2432450.799
33 73 3663388.151
33 74 6867009.627
33 75 1722436.395
33 76 3086939.093
33 77 4581961.775
33 78 7457825.313
33 79 7961848.834
33 80 3830394.363
33 81 4875350.999
33 82 7014532.212
33 83 6288272.885
33 84 2324185.78
33 85 5187530.11
33 86 6663492.167
33 87 4543409.13
33 88 4817969.5
33 89 1313208.935
33 90 4219739.912
33 91 3731101.268
33 92 1343925.688
33 93 6487944.434
33 94 3431009.658
33 95 7140581.491
33 96 2410488.913
33 97 3094877.404
33 98 2144274.345
33 99 8050552.818
34 35 2689199.33
34 36 4198863.163
34 37 8154260.499
34 38 4098005.641
34 39 3661582.821
34 40 3698669.5
34 41 8139887.393
34 42 7195862.672
34 43 6788910.267
34 44 4729480.668
34 45 1455683.904
34 46 7473234.134
34 47 7095079.021
34 48 7042568.564
34 49 4236536.555
34 50 8809613.458
34 51 2850502.565
34 52 3380640.237
34 53 6815417.672
34 54 5856207.355
34 55 3675292.021
34 56 7141135.722
34 57 8575966.743
34 58 7393986.032
34 59 8139664.79
34 60 6560313.149
34 61 8648582.404
34 62 3357605.096
34 63 1749442.811
34 64 1437796.048
34 65 8245771.988
34 66 8393179.532
34 67 2721977.329
34 68 3542043.291
34 69 4283726.029
34 70 2847017.524
34 71 9614778.854
34 72 6422172.445
34 73 3136086.807
34 74 2424825.563
34 75 7684133.384
34 76 9080711.413
34 77 4291092.988
34 78 2418948.497
34 79 1588601.548
34 80 4805972.302
34 81 7674603.802
34 82 8184709.768
34 83 4787679.252
34 84 8729876.948
34 85 3416383.71
34 86 3929082.783
34 87 5989230.432
34 88 5602242.833
34 89 6893789.431
34 90 2934892.481
34 91 5240352.124
34 92 7892717.455
34 93 2753986.74
34 94 3593843.454
34 95 5206737.447
34 96 4330381.798
34 97 9278512.49
34 98 5154757.284
34 99 2342659.874
35 36 2210553.36
35 37 5561942.802
35 38 1424660.722
35 39 3061298.56
35 40 1128121.903
35 41 5586499.841
35 42 4557770.703
35 43 4499031.399
35 44 3911971.073
35 45 3817562.732
35 46 5298705.843
35 47 5810797.362
35 48 5457706.93
35 49 1589656.182
35 50 6121606.087
35 51 509954.3347
35 52 945112.6911
35 53 4818783.205
35 54 3748212.135
35 55 2095530.799
35 56 4452531.254
35 57 5887391.637
35 58 5844701.135
35 59 6668690.951
35 60 5092908.847
35 61 6068674.35
35 62 838220.5076
35 63 4046217.68
35 64 3972927.919
35 65 5764580.775
35 66 5707576.011
35 67 2669796.616
35 68 1863999.793
35 69 2430738.885
35 70 3926929.19
35 71 6951608.967
35 72 3927153.363
35 73 1151521.113
35 74 3363089.732
35 75 5016729.677
35 76 6434473.71
35 77 2792390.475
35 78 3843691.889
35 79 4080698.564
35 80 3242506.201
35 81 5663102.665
35 82 6812197.249
35 83 4176315.028
35 84 6112483.172
35 85 2950985.729
35 86 4308364.495
35 87 4186714.377
35 88 4410235.998
35 89 4362462.669
35 90 1180483.322
35 91 3588509.348
35 92 5209401.914
35 93 3184365.772
35 94 1623741.309
35 95 4930113.316
35 96 1851649.259
35 97 6611774.219
35 98 2572073.716
35 99 4298508.425
36 37 5659887.278
36 38 2251679.324
36 39 5219186.655
36 40 2548129.073
36 41 4149949.614
36 42 4576817.548
36 43 5412196.923
36 44 5964687.962
36 45 5586670.867
36 46 3278257.064
36 47 7537417.272
36 48 3250006.026
36 49 1582314.057
36 50 5538718.917
36 51 1720920.024
36 52 1306538.176
36 53 2675673.77
36 54 5018868.784
36 55 682933.4394
36 56 3888932.422
36 57 5299450.94
36 58 7398562.342
36 59 8227343.802
36 60 2907391.202
36 61 4690839.851
36 62 2553966.904
36 63 5858146.492
36 64 5058297.895
36 65 6165262.609
36 66 4938167.027
36 67 2347710.804
36 68 3851965.518
36 69 276518.3461
36 70 6083054.092
36 71 5891491.706
36 72 4530721.846
36 73 1145407.211
36 74 5516357.624
36 75 4794595.356
36 76 6223057.449
36 77 4695891.999
36 78 5933992.676
36 79 5775164.978
36 80 1127826.454
36 81 6816971.707
36 82 8429373.868
36 83 6269410.516
36 84 4861825.949
36 85 2021810.35
36 86 3506799.67
36 87 5696129.388
36 88 2368831.207
36 89 2930464.139
36 90 3302846.91
36 91 1401716.191
36 92 4440888.161
36 93 5384528.736
36 94 633188.586
36 95 7065500.322
36 96 1001552.733
36 97 6258201.029
36 98 3256746.44
36 99 6263600.354
37 38 4156739.985
37 39 5985150.932
37 40 4468293.877
37 41 3901741.026
37 42 1084576.141
37 43 2106281.927
37 44 5707112.959
37 45 8954481.682
37 46 5650199.98
37 47 5154147.872
37 48 7329985.179
37 49 4365552.835
37 50 1786119.339
37 51 5632913.096
37 52 5284730.841
37 53 6032487.348
37 54 3042449.461
37 55 6247159.643
37 56 2074435.631
37 57 1748934.258
37 58 4487539.065
37 59 5010382.287
37 60 7385432.718
37 61 3856558.895
37 62 4804555.918
37 63 9097307.034
37 64 9515592.217
37 65 874950.7923
37 66 2189245.774
37 67 7748073.098
37 68 4924554.076
37 69 5883581.77
37 70 8041075.561
37 71 3328654.581
37 72 1811590.682
37 73 5813010.328
37 74 7645329.988
37 75 1047794.899
37 76 1108822.974
37 77 4729882.351
37 78 8292447.359
37 79 9277038.269
37 80 6481456.813
37 81 3019558.675
37 82 5338350.278
37 83 6075442.01
37 84 3517760.395
37 85 7627013.448
37 86 9141502.778
37 87 3698240.01
37 88 7525953.639
37 89 3863844.943
37 90 5303619.233
37 91 6425342.854
37 92 2213974.656
37 93 7134001.253
37 94 5748731.235
37 95 6820676.342
37 96 4730623.248
37 97 1487899.894
37 98 3003572.681
37 99 9030901.755
38 39 3390428.624
38 40 546850.6585
38 41 4456106.209
38 42 3137015.08
38 43 3327602.701
38 44 3921012.891
38 45 5127225.03
38 46 4618410.478
38 47 5294270.874
38 48 5276772.52
38 49 728483.3869
38 50 4717442.19
38 51 1489730.763
38 52 1256227.007
38 53 4347670.853
38 54 2793592.545
38 55 2553422.584
38 56 3074087.891
38 57 4486257.323
38 58 5148229.735
38 59 5977916.93
38 60 5031217.054
38 61 4890719.919
38 62 835949.0057
38 63 5329298.556
38 64 5397488.441
38 65 4419990.741
38 66 4340306.26
38 67 3741514.243
38 68 1894122.355
38 69 2528029.504
38 70 4851502.549
38 71 5633654.282
38 72 2606916.538
38 73 1811029.702
38 74 4321821.747
38 75 3592781.24
38 76 5010550.549
38 77 2577165.222
38 78 4895094.376
38 79 5414338.392
38 80 3372024.746
38 81 4650529.854
38 82 6177753.66
38 83 4266821.621
38 84 4878871.996
38 85 3800974.194
38 86 5291559.594
38 87 3444937.586
38 88 4614262.916
38 89 3309587.205
38 90 1676871.698
38 91 3579617.067
38 92 3853124.036
38 93 3987501.503
38 94 1968521.308
38 95 5108732.235
38 96 1344929.184
38 97 5188000.312
38 98 1221064.993
38 99 5472422.804
39 40 2872610.896
39 41 7707857.074
39 42 5360190.532
39 43 4057601.261
39 44 1069120.098
39 45 3616879.415
39 46 8002924.214
39 47 3449221.646
39 48 8459020.69
39 49 4055978.493
39 50 7266603.388
39 51 3570941.85
39 52 3912664.298
39 53 7674513.444
39 54 3017263.619
39 55 5156364.268
39 56 5932866.74
39 57 7078724.007
39 58 3827272.755
39 59 4522119.636
39 60 8125553.731
39 61 8078027.89
39 62 2725707.211
39 63 3631014.593
39 64 5022986.29
39 65 5723811.529
39 66 7132116.248
39 67 5384695.826
39 68 1499098.936
39 69 5460886.657
39 70 2116226.046
39 71 8524162.527
39 72 4207689.749
39 73 4212755.757
39 74 1859984.155
39 75 5974202.832
39 76 7076654.91
39 77 1255675.186
39 78 2484032.195
39 79 3958682.592
39 80 6293113.338
39 81 4442368.609
39 82 4541639.337
39 83 1191209.438
39 84 7986399.675
39 85 5848731.21
39 86 6985240.903
39 87 2735587.122
39 88 7471518.309
39 89 6646962.528
39 90 1916342.419
39 91 6618282.455
39 92 6725051.317
39 93 1286061.372
39 94 4671283.911
39 95 1871886.349
39 96 4590340.824
39 97 7401835.126
39 98 3568916.756
39 99 3296179.061
40 41 5001405.456
40 42 3497287.4
40 43 3386444.172
40 44 3468421.33
40 45 4649115.474
40 46 5130608.659
40 47 5016524.288
40 48 5688942.482
40 49 1186094.853
40 50 5168656.588
40 51 1374857.592
40 52 1352572.028
40 53 4820048.001
40 54 2700765.098
40 55 2724364.519
40 56 3559623.378
40 57 4942325.479
40 58 4944050.45
40 59 5775823.508
40 60 5410472.009
40 61 5431958.353
40 62 342431.6933
40 63 4839789.82
40 64 5047311.702
40 65 4640005.838
40 66 4827734.517
40 67 3693028.424
40 68 1389697.422
40 69 2818122.387
40 70 4306595.051
40 71 6142752.459
40 72 2801371.169
40 73 1862349.852
40 74 3779732.25
40 75 3997048.497
40 76 5382323.422
40 77 2157699.056
40 78 4359277.349
40 79 4946129.617
40 80 3674939.191
40 81 4607173.749
40 82 5952415.356
40 83 3799802.987
40 84 5412388.352
40 85 3854232.37
40 86 5298933.614
40 87 3246155.129
40 88 4912198.346
40 89 3855887.401
40 90 1131553.26
40 91 3927589.979
40 92 4349339.156
40 93 3440687.349
40 94 2147195.259
40 95 4630282.204
40 96 1754028.28
40 97 5587768.726
40 98 1465122.742
40 99 4952993.805
41 42 3308280.626
41 43 5271222.72
41 44 7959655.819
41 45 9392811.85
41 46 2065698.102
41 47 8391976.892
41 48 3996924.373
41 49 4007120.662
41 50 2514972.186
41 51 5306133.905
41 52 4765995.193
41 53 2765886.917
41 54 5684926.25
41 55 4821775.563
41 56 2119579.832
41 57 2374561.402
41 58 7887086.426
41 59 8569653.901
41 60 4254652.629
41 61 547504.2905
41 62 5279044.215
41 63 9629623.755
41 64 9163774.154
41 65 4763289.484
41 66 1830685.087
41 67 6468168.122
41 68 6235711.1
41 69 4204935.047
41 70 9307608.58
41 71 1949161.317
41 72 4330421.22
41 73 5031856.934
41 74 8775841.206
41 75 2908506.942
41 76 3647256.22
41 77 6632355.276
41 78 9337116.249
41 79 9638603.435
41 80 4289066.18
41 81 6625708.893
41 82 8872974.37
41 83 8342919.158
41 84 830405.4113
41 85 6010168.391
41 86 7308226.378
41 87 6538327.662
41 88 4832897.553
41 89 1247721.326
41 90 6132772.852
41 91 3991619.973
41 92 1687990.51
41 93 8438584.738
41 94 4643037.922
41 95 9195688.449
41 96 3810017.656
41 97 3405984
41 98 4197082.592
41 99 9867970.811
42 43 2008034.929
42 44 5259964.594
42 45 8080872.487
42 46 4820571.422
42 47 5183634.862
42 48 6389774.972
42 49 3294268.387
42 50 1917033.583
42 51 4592762.589
42 52 4222618.956
42 53 5110195.008
42 54 2659768.745
42 55 5162666.323
42 56 1229012.125
42 57 1749742.394
42 58 4620059.44
42 59 5271988.135
42 60 6406012.624
42 61 3407069.458
42 62 3838844.045
42 63 8243167.208
42 64 8528294.725
42 65 1691961.987
42 66 1944796.122
42 67 6671793.627
42 68 4141928.213
42 69 4802798.681
42 70 7333902.031
42 71 3313758.149
42 72 1224123.163
42 73 4743547.095
42 74 6896845.335
42 75 623144.2332
42 76 1885203.211
42 77 4119197.071
42 78 7535075.255
42 79 8393784.937
42 80 5416750.507
42 81 3317471.548
42 82 5581045.439
42 83 5643628.153
42 84 3143802.002
42 85 6542792.501
42 86 8057000.216
42 87 3457408.142
42 88 6487607.834
42 89 2991748.356
42 90 4423273.774
42 91 5378786.352
42 92 1717067.766
42 93 6418792.173
42 94 4666769.972
42 95 6447170.276
42 96 3646480.528
42 97 2116021.569
42 98 2057209.387
42 99 8237935.727
43 44 3643311.626
43 45 7343041.118
43 46 6556800.036
43 47 3179078.803
43 48 7885584.42
43 49 3853899.771
43 50 3756103.085
43 51 4747423.223
43 52 4583797.998
43 53 6683170.339
43 54 1041629.362
43 55 5838046.344
43 56 3152130.496
43 57 3644232.988
43 58 2618820.653
43 59 3308598.435
43 60 7796618.676
43 61 5407695.248
43 62 3661796.891
43 63 7441715.92
43 64 8215271.608
43 65 1672358.854
43 66 3929486.4
43 67 7052957.859
43 68 3288605.588
43 69 5679701.992
43 70 6166074.189
43 71 5254447.425
43 72 1009825.767
43 73 5138124.045
43 74 5834767.295
43 75 2564918.574
43 76 3207532.088
43 77 2836227.711
43 78 6482353.883
43 79 7680875.052
43 80 6450303.569
43 81 1472454.433
43 82 3605054.425
43 83 4000464.309
43 84 5151683.49
43 85 7126129.375
43 86 8619020.04
43 87 1592631.543
43 88 7647613.615
43 89 4744677.067
43 90 3855409.527
43 91 6536687.109
43 92 3724629.568
43 93 5287526.793
43 94 5263321.704
43 95 4722751.726
43 96 4411290.601
43 97 3594141.692
43 98 2162856.522
43 99 7264072.962
44 45 4600581.964
44 46 8506051.518
44 47 2407089.065
44 48 9155075.291
44 49 4636589.88
44 50 7172712.574
44 51 4410525.881
44 52 4674891.031
44 53 8268672.458
44 54 2666030.572
44 55 5990033.737
44 56 6027715.214
44 57 7009519.07
44 58 2858404.421
44 59 3500846.257
44 60 8861443.944
44 61 8274081.332
44 62 3411536.723
44 63 4581629.15
44 64 6080520.38
44 65 5301888.775
44 66 7143779.291
44 67 6374056.31
44 68 2112722.719
44 69 6222077.533
44 70 2877870.133
44 71 8539943.384
44 72 4044149.124
44 73 5045768.641
44 74 2770940.98
44 75 5883000.257
44 76 6815820.975
44 77 1362050.802
44 78 3335565.866
44 79 4936776.505
44 80 7072738.686
44 81 3699076.637
44 82 3497467.595
44 83 387476.4975
44 84 8132567.167
44 85 6797019.655
44 86 7993709.528
44 87 2114220.049
44 88 8284165.29
44 89 7001075.027
44 90 2731519.242
44 91 7363735.841
44 92 6788289.892
44 93 2210423.263
44 94 5466301.524
44 95 1236185.867
44 96 5222120.527
44 97 7178026.513
44 98 3764329.176
44 99 4152568.044
45 46 8864242.498
45 47 7002114.135
45 48 8495719.728
45 49 5407212.648
45 50 9816259.823
45 51 4095391.724
45 52 4639135.023
45 53 8233556.893
45 54 6334698.765
45 55 5100122.769
45 56 8199981.015
45 57 9591028.267
45 58 7437629.139
45 59 8101294.776
45 60 8015438.924
45 61 9882683.515
45 62 4312752.692
45 63 297095.787
45 64 1882294.385
45 65 8917750.123
45 66 9467149.545
45 67 4160301.929
45 68 4071652.622
45 69 5692880.15
45 70 2004925.247
45 71 10750202.29
45 72 7159322.713
45 73 4481300.022
45 74 1854872.075
45 75 8619742.459
45 76 9953183.901
45 77 4590975.154
45 78 1468979.74
45 79 344015.0495
45 80 6250209.784
45 81 7994731.109
45 82 8086670.08
45 83 4538849.429
45 84 9929918.846
45 85 4861762.058
45 86 5234408.174
45 87 6271120.683
45 88 7056961.533
45 89 8157546.034
45 90 3659379.998
45 91 6682390.733
45 92 8980006.847
45 93 2392594.285
45 94 4965726.35
45 95 4723417.192
45 96 5599757.098
45 97 10194757.15
45 98 6026561.526
45 99 1004293.115
46 47 9450156.309
46 48 1942828.33
46 49 3951988.553
46 50 4519612.155
46 51 4877695.453
46 52 4359045.981
46 53 853059.537
46 54 6683552.61
46 55 3822870.983
46 56 3609991.748
46 57 4348246.211
46 58 9071585.835
46 59 9831417.332
46 60 2258334.501
46 61 2501033.833
46 62 5307892.032
46 63 9134096.122
46 64 8237635.392
46 65 6456243.058
46 66 3809665.339
46 67 5283369.44
46 68 6511365.18
46 69 3195160.101
46 70 9223336.755
46 71 3959867.807
46 72 5549082.309
46 73 4394471.567
46 74 8660902.298
46 75 4603615.981
46 76 5606443.491
46 77 7145075.351
46 78 9132965.611
46 79 9052773.266
46 80 2884476.037
46 81 8010067.266
46 82 10105450.63
46 83 8865110.733
46 84 2868937.553
46 85 4687005.818
46 86 5747553.828
46 87 7521700.946
46 88 3015583.907
46 89 1832807.196
46 90 6177218.313
46 91 2477779.277
46 92 3527155.396
46 93 8444660.063
46 94 3899622.753
46 95 9714805.946
46 96 3476203.741
46 97 5412954.954
46 98 4902525.944
46 99 9517256.555
47 48 10493479.83
47 49 6005546.828
47 50 6896404.307
47 51 6254495.556
47 52 6363205.52
47 53 9417952.135
47 54 2768033.329
47 55 7736381.943
47 56 6280275.901
47 57 6803052.218
47 58 772458.8555
47 59 1113694.298
47 60 10296452.79
47 61 8566211.737
47 62 5105413.884
47 63 6971338.198
47 64 8471557.821
47 65 4450788.015
47 66 7107676.295
47 67 8443436.863
47 68 3966168.705
47 69 7812326.086
47 70 5197088.005
47 71 8416850.089
47 72 4062476.835
47 73 6838297.151
47 74 5159582.656
47 75 5742355.663
47 76 6183289.36
47 77 3034007.716
47 78 5689959.483
47 79 7335910.226
47 80 8662963.061
47 81 2257971.974
47 82 1092448.593
47 83 2482651.11
47 84 8323686.291
47 85 8760824.244
47 86 10087619.12
47 87 1931633.664
47 88 9905376.804
47 89 7715129.73
47 90 4698382.789
47 91 8870741.889
47 92 6896773.48
47 93 4609530.91
47 94 7163030.244
47 95 2650202.846
47 96 6628536.672
47 97 6601433.913
47 98 4579167.39
47 99 6495772.249
48 49 4548333.514
48 50 6387458.198
48 51 4960071.451
48 52 4552203.154
48 53 1305071.892
48 54 7794082.954
48 55 3487531.964
48 56 5255617.341
48 57 6198976.413
48 58 10229623.14
48 59 11032487.74
48 60 535341.9271
48 61 4443842.036
48 62 5756678.086
48 63 8786001.395
48 64 7487751.538
48 65 8075887.444
48 66 5673470.183
48 67 4463087.965
48 68 7052096.38
48 69 3029350.623
48 70 9270224.384
48 71 5902647.491
48 72 6886758.417
48 73 4346169.572
48 74 8706030.302
48 75 6289366.47
48 76 7428668.962
48 77 7840390.676
48 78 9069982.741
48 79 8617701.082
48 80 2282599.305
48 81 9357822.885
48 82 11275833.14
48 83 9477033.7
48 84 4809265.139
48 85 3765102.621
48 86 4398277.079
48 87 8577088.746
48 88 1585806.259
48 89 3482853.792
48 90 6544659.805
48 91 1883351.246
48 92 5334449.059
48 93 8614577.237
48 94 3842585.37
48 95 10289949.61
48 96 3941094.935
48 97 7273051.839
48 98 5940464.302
48 99 9295237.17
49 50 4644399.437
49 51 1405420.506
49 52 945327.7106
49 53 3636917.971
49 54 3438257.839
49 55 1991029.175
49 56 2947745.896
49 57 4405149.527
49 58 5831581.788
49 59 6657804.954
49 60 4305602.528
49 61 4481898.588
49 62 1361374.046
49 63 5634722.099
49 64 5427454.154
49 65 4752962.854
49 66 4174867.252
49 67 3384758.165
49 68 2575515.794
49 69 1857263.779
49 70 5365131.343
49 71 5378641.384
49 72 3020992.01
49 73 1449391.767
49 74 4816673.046
49 75 3650649.145
49 76 5100942.138
49 77 3300448.916
49 78 5351476.056
49 79 5668330.402
49 80 2681816.821
49 81 5240333.937
49 82 6867821.367
49 83 4976240.98
49 84 4523029.793
49 85 3325102.651
49 86 4840738.513
49 87 4134073.75
49 88 3919987.524
49 89 2799035.095
49 90 2237259.888
49 91 2865531.949
49 92 3669618.563
49 93 4538237.737
49 94 1431198.288
49 95 5812013.66
49 96 623002.0581
49 97 5221719.397
49 98 1691083.175
49 99 5861451.809
50 51 6042338.705
50 52 5582627.505
50 53 5095053.896
50 54 4545895.52
50 55 6203310.474
50 56 1700520.155
50 57 241365.9991
50 58 6253823.855
50 59 6795462.945
50 60 6560470.338
50 61 2295776.455
50 62 5507653.362
50 63 9999799.201
50 64 10062661.68
50 65 2629735.279
50 66 713989.3411
50 67 7838050.292
50 68 5996835.107
50 69 5701312.405
50 70 9205614.85
50 71 1542542.158
50 72 3129028.174
50 73 6032172.325
50 74 8748726.759
50 75 1295460.869
50 76 1154378.309
50 77 6031840.27
50 78 9378130.952
50 79 10114784.82
50 80 6096107.228
50 81 4802882.216
50 82 7122672.446
50 83 7555114.171
50 84 1908961.24
50 85 7558799.829
50 86 9015571.099
50 87 5304235.392
50 88 6936499.385
50 89 2990621.464
50 90 6195010.483
50 91 5922567.258
50 92 1126727.939
50 93 8290807.259
50 94 5817508.113
50 95 8350289.18
50 96 4792331.267
50 97 894240.5824
50 98 3834310.106
50 99 10051914.39
51 52 543886.9452
51 53 4360945.109
51 54 4071813.717
51 55 1587002.163
51 56 4349580.665
51 57 5804039.452
51 58 6252677.397
51 59 7081146.771
51 60 4588143.219
51 61 5806603.318
51 62 1172720.982
51 63 4342432.895
51 64 4023009.4
51 65 5908931.139
51 66 5580277.416
51 67 2318195.609
51 68 2339284.502
51 69 1930820.033
51 70 4375286.976
51 71 6770781.694
51 72 4088809.092
51 73 641861.1499
51 74 3808965.059
51 75 5004300.641
51 76 6444432.532
51 77 3257141.017
51 78 4256951.217
51 79 4333395.735
51 80 2734430.031
51 81 5981172.621
51 82 7237152.522
51 83 4680815.917
51 84 5880071.244
51 85 2516916.617
51 86 3930786.628
51 87 4573361.576
51 88 3900604.885
51 89 4065592.814
51 90 1680932.49
51 91 3085923.86
51 92 5074851.911
51 93 3663611.298
51 94 1119422.273
51 95 5439082.044
51 96 1504367.342
51 97 6590789.245
51 98 2705512.833
51 99 4657330.594
52 53 3874719.328
52 54 4010221.256
52 55 1373319.518
52 56 3883282.267
52 57 5342685.934
52 58 6295327.227
52 59 7127220.173
52 60 4213299.583
52 61 5269567.585
52 62 1281484.161
52 63 4886267.794
52 64 4509688.228
52 65 5625291.257
52 66 5094867.703
52 67 2500507.417
52 68 2565109.098
52 69 1552105.906
52 70 4871000.441
52 71 6258018.619
52 72 3840284.531
52 73 555715.1793
52 74 4306498.515
52 75 4594258.301
52 76 6043473.64
52 77 3438888.931
52 78 4775209.899
52 79 4875601.41
52 80 2398195.994
52 81 5891996.251
52 82 7304985.142
52 83 4971539.895
52 84 5350453.213
52 85 2548219.382
52 86 4035342.459
52 87 4595149.709
52 88 3613770.624
52 89 3523841.915
52 90 1996321.896
52 91 2706446.007
52 92 4587329.496
52 93 4125895.037
52 94 804806.7548
52 95 5761389.443
52 96 960697.3436
52 97 6167039.803
52 98 2460137.479
52 99 5194484.976
53 54 6676857.269
53 55 3140324.994
53 56 3958373.539
53 57 4902235.515
53 58 9102958.464
53 59 9890169.759
53 60 1489850.411
53 61 3251499.15
53 62 4949790.108
53 63 8511091.199
53 64 7499107.445
53 65 6789981.658
53 66 4381533.608
53 67 4507967.959
53 68 6209192.493
53 69 2542105.837
53 70 8736045.248
53 71 4705783.014
53 72 5676100.103
53 73 3819715.599
53 74 8169846.042
53 75 4989521.277
53 76 6125741.872
53 77 6921256.42
53 78 8605140.738
53 79 8402907.897
53 80 2101222.726
53 81 8154040.668
53 82 10146966.11
53 83 8612209.561
53 84 3593157.097
53 85 3885682.856
53 86 4900293.092
53 87 7488186.099
53 88 2166134.157
53 89 2178524.532
53 90 5794672.422
53 91 1675657.958
53 92 4032061.126
53 93 8000041.153
53 94 3308849.507
53 95 9448905.089
53 96 3084612.508
53 97 5976940.533
53 98 4838943.494
53 99 8936643.208
54 55 5345326.828
54 56 3607337.55
54 57 4399074.25
54 58 2435629.537
54 59 3245333.52
54 60 7635879.094
54 61 5908341.873
54 62 2919409.141
54 63 6423501.281
54 64 7291540.273
54 65 2707257.028
54 66 4594190.265
54 67 6387932.138
54 68 2319037.265
54 69 5294608.75
54 70 5124473.461
54 71 5973073.78
54 72 1439125.291
54 73 4547154.55
54 74 4796234.519
54 75 3274986.562
54 76 4150739.301
54 77 1796119.931
54 78 5443130.56
54 79 6674754.477
54 80 6116799.849
54 81 1914935.052
54 82 3481820.477
54 83 3038089.164
54 84 5705628.673
54 85 6547533.267
54 86 7999662.462
54 87 855716.4487
54 88 7349479.474
54 89 4950930.64
54 90 2948712.595
54 91 6269487.916
54 92 4299614.476
54 93 4246844.36
54 94 4759754.519
54 95 3809246.373
54 96 4046758.901
54 97 4512283.675
54 98 1854045.04
54 99 6228257.958
55 56 4539469.647
55 57 5963255.407
55 58 7662348.316
55 59 8494258.576
55 60 3067901.122
55 61 5364598.098
55 62 2643075.834
55 63 5381198.19
55 64 4434979.435
55 65 6707395.568
55 66 5612217.761
55 67 1664783.636
55 68 3898375.886
55 69 639484.6907
55 70 5785452.533
55 71 6574330.753
55 72 5009476.856
55 73 946022.1556
55 74 5222557.889
55 75 5417105.563
55 76 6856125.147
55 77 4794708.564
55 78 5583969.179
55 79 5263234.724
55 80 1206646.565
55 81 7198738.589
55 82 8675840.086
55 83 6266201.132
55 84 5541790.463
55 85 1382535.839
55 86 2894344.017
55 87 5959803.387
55 88 2316695.841
55 89 3609470.252
55 90 3265596.905
55 91 1612662.818
55 92 5112597.038
55 93 5157954.927
55 94 585697.214
55 95 7025644.069
55 96 1518333.86
55 97 6906554.317
55 98 3676824.063
55 99 5840693.604
56 57 1459951.508
56 58 5767517.228
56 59 6454354.465
56 60 5320038.835
56 61 2301197.861
56 62 3890322.073
56 63 8397319.613
56 64 8372338.697
56 65 2849181.567
56 66 1268160.672
56 67 6156505.146
56 68 4548525.403
56 69 4072040.444
56 70 7745852.635
56 71 2613013.542
56 72 2218357.546
56 73 4332410.095
56 74 7256916.138
56 75 1037498.721
56 76 2359133.225
56 77 4760929.11
56 78 7868002.596
56 79 8488424.723
56 80 4555121.337
56 81 4526434.504
56 82 6755527.695
56 83 6415076.314
56 84 2112098.521
56 85 5909649.982
56 86 7390093.411
56 87 4452877.994
56 88 5519567.78
56 89 1796720.846
56 90 4638750.596
56 91 4443740.318
56 92 801591.6355
56 93 6839926.763
56 94 4129994.392
56 95 7253439.876
56 96 3099143.662
56 97 2369278.228
56 98 2370642.091
56 99 8500854.871
57 58 6175677.406
57 59 6739541.909
57 60 6360571.913
57 61 2201253.868
57 62 5280512.889
57 63 9776693.151
57 64 9825081.76
57 65 2613132.217
57 66 544733.9037
57 67 7597089.714
57 68 5792100.025
57 69 5463529.625
57 70 9002620.456
57 71 1613846.226
57 72 2971250.067
57 73 5791120.788
57 74 8540988.268
57 75 1127248.288
57 76 1272822.49
57 77 5849727.698
57 78 9168180.5
57 79 9888070.588
57 80 5865806.074
57 81 4745104.728
57 82 7064315.058
57 83 7393338.136
57 84 1828389.224
57 85 7319941.826
57 86 8778845.545
57 87 5172934.808
57 88 6718785.9
57 89 2779560.282
57 90 5976551.998
57 91 5697750.903
57 92 901966.1928
57 93 8088375.025
57 94 5576246.921
57 95 8195684.303
57 96 4550965.325
57 97 1074771.46
57 98 3622247.012
57 99 9836395.058
58 59 831935.3363
58 60 10068562.26
58 61 8025017.795
58 62 5082370.085
58 63 7432729.396
58 64 8802005.864
58 65 3745021.141
58 66 6511560.239
58 67 8510115.867
58 68 4065923.306
58 69 7675071.929
58 70 5724691.341
58 71 7787148.939
58 72 3572513.774
58 73 6800908.747
58 74 5625871.247
58 75 5148707.056
58 76 5486081.623
58 77 3166338.22
58 78 6193015.747
58 79 7777349.004
58 80 8512270.472
58 81 1518630.204
58 82 1046210.032
58 83 3015892.915
58 84 7761874.76
58 85 8769393.298
58 86 10152147.4
58 87 1704417.784
58 88 9751557.761
58 89 7295199.952
58 90 4801801.657
58 91 8685781.941
58 92 6336566.221
58 93 5059576.642
58 94 7079686.788
58 95 3320977.277
58 96 6449548.01
58 97 5908544.063
58 98 4289632.789
58 99 7008830.314
59 60 10881062.82
59 61 8675532.879
59 62 5911793.123
59 63 8076718.164
59 64 9533004.874
59 65 4205388.313
59 66 7112470.498
59 67 9331185.934
59 68 4874203.549
59 69 8503861.965
59 70 6310392.481
59 71 8337606.084
59 72 4297047.889
59 73 7632060.076
59 74 6264510.923
59 75 5763534.468
59 76 5938262.942
59 77 3962205.707
59 78 6801419.475
59 79 8436882.183
59 80 9339261.006
59 81 1994440.855
59 82 333889.6596
59 83 3594274.722
59 84 8393393.729
59 85 9598051.649
59 86 10974336.14
59 87 2535667.734
59 88 10577600.34
59 89 8037649.209
59 90 5611250.873
59 91 9507882.207
59 92 6977312.408
59 93 5709871.176
59 94 7911523.703
59 95 3738336.239
59 96 7274453.142
59 97 6365495.477
59 98 5097321.397
59 99 7608492.877
60 61 4732496.071
60 62 5451001.866
60 63 8307398.155
60 64 6969434.186
60 65 8097909.376
60 66 5849049.095
60 67 3950887.031
60 68 6750379.965
60 69 2666142.265
60 70 8850715.921
60 71 6189982.488
60 72 6811117.649
60 73 3960543.501
60 74 8288962.388
60 75 6357513.159
60 76 7562179.189
60 77 7568133.565
60 78 8632674.35
60 79 8128586.025
60 80 1864660.102
60 81 9264495.045
60 82 11113585.09
60 83 9172581.384
60 84 5080412.627
60 85 3248308.818
60 86 3865739.063
60 87 8395694.983
60 88 1051491.799
60 89 3596098.717
60 90 6209350.08
60 91 1507403.992
60 92 5476763.137
60 93 8221040.832
60 94 3469342.146
60 95 9972570.198
60 96 3686362.116
60 97 7434520.308
60 98 5784604.832
60 99 8832387.005
61 62 5721437.231
61 63 10114835.84
61 64 9691974.524
61 65 4730506.169
61 66 1683872.157
61 67 7013448.867
61 68 6623831.434
61 69 4749988.52
61 70 9735957.207
61 71 1459568.007
61 72 4511876.379
61 73 5553354.235
61 74 9211659.865
61 75 2930567.999
61 76 3449867.642
61 77 6967252.909
61 78 9783995.275
61 79 10134284.72
61 80 4834116.831
61 81 6704788.493
61 82 8986813.949
61 83 8659856.857
61 84 401088.1214
61 85 6557661.257
61 86 7852530.807
61 87 6753875.985
61 88 5351084.132
61 89 1772780.705
61 90 6562570.765
61 91 4531477.723
61 92 1700054.068
61 93 8856569.506
61 94 5174553.271
61 95 9507467.757
61 96 4319003.746
61 97 3159560.766
61 98 4530390.28
61 99 10333775.95
62 63 4507014.348
62 64 4712239.339
62 65 4958927.766
62 66 5158394.443
62 67 3473678.238
62 68 1299414.862
62 69 2814143.152
62 70 4034231.3
62 71 6464469.482
62 72 3119854.003
62 73 1732887.779
62 74 3497311.99
62 75 4339384.173
62 76 5723985.982
62 77 2157405.396
62 78 4062576.516
62 79 4607574.051
62 80 3668375.171
62 81 4833841.097
62 82 6072958.724
62 83 3722746.569
62 84 5714277.954
62 85 3687517.954
62 86 5098690.527
62 87 3400649.379
62 88 4892436.197
62 89 4111365.598
62 90 877045.7294
62 91 3952204.194
62 92 4676646.581
62 93 3187319.959
62 94 2085567.216
62 95 4533835.926
62 96 1865183.295
62 97 5930200.326
62 98 1801068.133
62 99 4636909.814
63 64 2119754.55
63 65 9034649.513
63 66 9665343.764
63 67 4457178.452
63 68 4191215.214
63 69 5969404.939
63 70 1878364.295
63 71 10959859.2
63 72 7295187.463
63 73 4745627.247
63 74 1812208.754
63 75 8790935.309
63 76 10108652.16
63 77 4659496.322
63 78 1340234.605
63 79 425513.934
63 80 6536676.647
63 81 8043617.634
63 82 8049903.681
63 83 4495222.562
63 84 10154511.25
63 85 5158269.164
63 86 5524227.058
63 87 6321105.946
63 88 7351572.123
63 89 8398109.306
63 90 3820513.154
63 91 6967937.336
63 92 9181777.037
63 93 2373223.31
63 94 5234528.311
63 95 4626908.856
63 96 5846025.302
63 97 10358852.19
63 98 6193935.132
63 99 750956.4686
64 65 9645824.459
64 66 9600748.156
64 67 3030804.339
64 68 4979304.627
64 69 5074119.114
64 70 3820308.499
64 71 10759122.59
64 72 7813588.797
64 73 4146703.911
64 74 3537855.895
64 75 8987831.804
64 76 10407140.88
64 77 5722296.254
64 78 3304128.026
64 79 1722645.412
64 80 5405127.933
64 81 9112043.884
64 82 9563737.385
64 83 6100051.786
64 84 9814022.575
64 85 3722652.724
64 86 3648234.769
64 87 7423543.403
64 88 5939305.754
64 89 7919588.917
64 90 4360018.791
64 91 5840634.282
64 92 9094195.009
64 93 3980136.504
64 94 4522270.633
64 95 6425820.74
64 96 5407588.109
64 97 10582180.72
64 98 6512292.045
64 99 2870167.46
65 66 3063950.816
65 67 8122531.406
65 68 4846344.942
65 69 6406486.927
65 70 7825897.664
65 71 4166266.717
65 72 1839155.916
65 73 6172508.35
65 74 7477202.713
65 75 1869875.989
65 76 1742525.364
65 77 4490037.222
65 78 8126242.627
65 79 9250297.513
65 80 7065493.202
65 81 2238714.783
65 82 4537050.544
65 83 5650544.593
65 84 4392701.569
65 85 8070587.747
65 86 9588589.571
65 87 3209582.31
65 88 8163894.497
65 89 4644827.354
65 90 5327929.796
65 91 7050303.566
65 92 3075997.239
65 93 6938620.717
65 94 6175357.478
65 95 6339527.687
65 96 5194239.935
65 97 2167320.495
65 98 3205423.197
65 99 8896497.47
66 67 7263276.561
66 68 5784894.688
66 69 5084642.444
66 70 8991577.801
66 71 1397710.227
66 72 3155175.047
66 73 5512770.153
66 74 8510416.711
66 75 1365547.156
66 76 1817364.555
66 77 5928914.244
66 78 9126090.634
66 79 9754256.698
66 80 5435601.301
66 81 5122333.54
66 82 7432360.297
66 83 7530440.377
66 84 1330020.513
66 85 6949275.266
66 86 8385532.286
66 87 5401497.359
66 88 6242679.678
66 89 2291411.967
66 90 5902503.97
66 91 5244628.812
66 92 508539.5736
66 93 8082004.106
66 94 5260135.309
66 95 8351027.224
66 96 4253505.809
66 97 1603956.604
66 98 3600199.065
66 99 9766130.605
67 68 4477480.838
67 69 2263505.282
67 70 5372169.181
67 71 8238826.252
67 72 6339921.579
67 73 1950101.779
67 74 4855353.059
67 75 6984619.806
67 76 8434468.663
67 77 5409539.771
67 78 5034401.685
67 79 4230469.817
67 80 2407109.107
67 81 8298909.211
67 82 9465226.567
67 83 6571276.63
67 84 7201106.046
67 85 710474.9748
67 86 1644730.737
67 87 6856416.982
67 88 2939535.898
67 89 5268360.78
67 90 3745848.367
67 91 2834694.778
67 92 6760512.68
67 93 4977376.817
67 94 2029505.422
67 95 7212357.345
67 96 3066202.364
67 97 8511778.78
67 98 4957174.875
67 99 5062030.274
68 69 4109773.487
68 70 3211291.445
68 71 7159932.203
68 72 3114509.456
68 73 2960959.473
68 74 2755805.889
68 75 4728919.587
68 76 5965703.795
68 77 933494.0624
68 78 3393201.917
68 79 4405342.402
68 80 4961554.833
68 81 4143075.368
68 82 4993419.944
68 83 2424996.835
68 84 6553982.984
68 85 4810590.222
68 86 6121932.285
68 87 2498901.369
68 88 6178000.025
68 89 5153866.423
68 90 737179.7741
68 91 5251281.242
68 92 5349175.893
68 93 2298538.292
68 94 3361528.855
68 95 3245005.056
68 96 3135193.382
68 97 6246487.575
68 98 2184702.583
68 99 4109421.737
69 70 6266044.981
69 71 5990638.147
69 72 4790324.539
69 73 1323036.786
69 74 5699838.318
69 75 4999365.904
69 76 6418054.897
69 77 4961576.569
69 78 6098817.914
69 79 5868232.035
69 80 857083.3502
69 81 7088718.82
69 82 8705765.616
69 83 6522690.538
69 84 4940897.062
69 85 1865851.624
69 86 3319072.05
69 87 5972590.831
69 88 2095417.736
69 89 3009081.144
69 90 3545382.583
69 91 1159143.846
69 92 4593162.545
69 93 5587997.255
69 94 813953.7523
69 95 7313205.518
69 96 1268685.323
69 97 6439560.107
69 98 3527126.483
69 99 6400053.656
70 71 10358826.16
70 72 6239002.035
70 73 4944406.03
70 74 566710.19
70 75 7930856.811
70 76 9115840.255
70 77 3336342.794
70 78 538988.4283
70 79 2291244.873
70 80 6992072.819
70 81 6520493.454
70 82 6255748.473
70 83 2719084.457
70 84 9701607.409
70 85 6001645.24
70 86 6746275.359
70 87 4836211.181
70 88 8013385.176
70 89 8145009.951
70 90 3175043.921
70 91 7388162.702
70 92 8547442.585
70 93 915302.9159
70 94 5457713.54
70 95 2756056.537
70 96 5756202.92
70 97 9419764.484
70 98 5393262.832
70 99 1302050.696
71 72 4535005.732
71 73 6620946.447
71 74 9868017.292
71 75 2706190.334
71 76 2558797.655
71 77 7325567.639
71 78 10475695.96
71 79 11026371.77
71 80 6179643.88
71 81 6344477.744
71 82 8664449.197
71 83 8926376.807
71 84 1119331.914
71 85 7840309.269
71 86 9195327.202
71 87 6766092.532
71 88 6780317.383
71 89 2990921.676
71 90 7240629.827
71 91 5909632.479
71 92 1811464.213
71 93 9452814.101
71 94 6303727.85
71 95 9744325.48
71 96 5354200.697
71 97 2168768.132
71 98 4977865.01
71 99 11095064.92
72 73 4394113.738
72 74 5835502.471
72 75 1844201.097
72 76 2877156.023
72 77 2954001.579
72 78 6482035.142
72 79 7485468.97
72 80 5528534.745
72 81 2478016.643
72 82 4584098.638
72 83 4426138.879
72 84 4288942.583
72 85 6341522.071
72 86 7852771.105
72 87 2256668.53
72 88 6704146.969
72 89 3742412.175
72 90 3525555.891
72 91 5587651.317
72 92 2872053.465
72 93 5329072.956
72 94 4451529.316
72 95 5224442.162
72 96 3532061.538
72 97 3194155.087
72 98 1385862.717
72 99 7219403.302
73 74 4377970.247
73 75 5090932.267
73 76 6542684.229
73 77 3867233.879
73 78 4788682.793
73 79 4688032.795
73 80 2100645.767
73 81 6437067.504
73 82 7800569.946
73 83 5320253.608
73 84 5667552.733
73 85 2001525.937
73 86 3480958.385
73 87 5106847.36
73 88 3258766.251
73 89 3784418.455
73 90 2319662.678
73 91 2465163.91
73 92 5004256.277
73 93 4268410.961
73 94 514075.6625
73 95 6080889.468
73 96 1267909.855
73 97 6649367.517
73 98 3015346.567
73 99 5126864.061
74 75 7484542.672
74 76 8705872.926
74 77 3000536.356
74 78 649283.0741
74 79 2181300.353
74 80 6429023.809
74 81 6301952.016
74 82 6239798.029
74 83 2687020.704
74 84 9186877.074
74 85 5471171.954
74 86 6270414.732
74 87 4590710.876
74 88 7459260.735
74 89 7603740.485
74 90 2650203.061
74 91 6823561.347
74 92 8058038.341
74 93 574864.2887
74 94 4891183.575
74 95 2896956.723
74 96 5196881.779
74 97 8996769.136
74 98 4921167.207
74 99 1440833.115
75 76 1451954.197
75 77 4737019.338
75 78 8119140.485
75 79 8927095.585
75 80 5539772.332
75 81 3781122.064
75 82 6080327.316
75 83 6266524.985
75 84 2631455.524
75 85 6798709.809
75 86 8299848.967
75 87 4060003.243
75 88 6539928.726
75 89 2817465.594
75 90 4972013.839
75 91 5452802.47
75 92 1235576.199
75 93 7015563.127
75 94 4958811.876
75 95 7068545.962
75 96 3923120.617
75 97 1595254.609
75 98 2597960.204
75 99 8809745.544
76 77 5821021.221
76 78 9350458.153
76 79 10269240.18
76 80 6913458.468
76 81 3981097.61
76 82 6271053.389
76 83 7184254.657
76 84 3063143.962
76 85 8235607.729
76 86 9729775.071
76 87 4800096.423
76 88 7849404.945
76 89 3966080.483
76 90 6293810.064
76 91 6790594.95
76 92 2094348.929
76 93 8205075.279
76 94 6407173.304
76 95 7927141.476
76 96 5370628.027
76 97 427509.0401
76 98 3938935.582
76 99 10074731.42
77 78 3647063.053
77 79 4934065.397
77 80 5818139.849
77 81 3419647.255
77 82 4069647.062
77 83 1730356.848
77 84 6846723.584
77 85 5741923.648
77 86 7053622.221
77 87 1706433.349
77 88 7047515.008
77 89 5647339.869
77 90 1664500.484
77 91 6083422.355
77 92 5541455.39
77 93 2451369.359
77 94 4242713.175
77 95 2586625.939
77 96 3899462.971
77 97 6147740.106
77 98 2438084.408
77 99 4434836.093
78 79 1752257.764
78 80 6787383.64
78 81 6923656.849
78 82 6757389.309
78 83 3207345.863
78 84 9771651.042
78 85 5687601.972
78 86 6344841.307
78 87 5219550.384
78 88 7759665.165
78 89 8148751.312
78 90 3239102.814
78 91 7195743.225
78 92 8668052.936
78 93 1203109.124
78 94 5302209.164
78 95 3289014.635
78 96 5693683.705
78 97 9638298.236
78 98 5546165.425
78 99 818929.8324
79 80 6391986.794
79 81 8338668.669
79 82 8418928.739
79 83 4868068.303
79 84 10190620.64
79 85 4938360.194
79 86 5210416.696
79 87 6615067.724
79 88 7152292.811
79 89 8398987.676
79 90 3976718.148
79 91 6827164.344
79 92 9264227.999
79 93 2727041.216
79 94 5161689.207
79 95 5030155.509
79 96 5835695.014
79 97 10505918.08
79 98 6337680.882
79 99 1165444.193
80 81 7879793.393
80 82 9546415.033
80 83 7368971.181
80 84 5083079.426
80 85 1805204.087
80 86 3019855.658
80 87 6812318.74
80 88 1242484.86
80 89 3207884.589
80 90 4381528.617
80 91 438297.4077
80 92 4970172.477
80 93 6356431.573
80 94 1621987.029
80 95 8152309.863
80 96 2070328.544
80 97 6889077.206
80 98 4318625.538
80 99 7023847.357
81 82 2320015.076
81 83 3973023.164
81 84 6412559.586
81 85 8438387.951
81 86 9903633.101
81 87 1723633.319
81 88 9090016.344
81 89 6187979.221
81 90 4821284.113
81 91 7984673.583
81 92 5004736.845
81 93 5728424.008
81 94 6616045.768
81 95 4497709.544
81 96 5821893.901
81 97 4406002.701
81 98 3563042.492
81 99 7738092.566
82 83 3555091.91
82 84 8708493.201
82 85 9752743.232
82 86 11109799.48
82 87 2734119.034
82 88 10786971.32
82 89 8319756.209
82 90 5730009.001
82 91 9725903.176
82 92 7289967.765
82 93 5694455.651
82 94 8095419.588
82 95 3623056.882
82 96 7487302.928
82 97 6698214.896
82 98 5335791.246
82 99 7557207.393
83 84 8519578.717
83 85 7021476.326
83 86 8175802.365
83 87 2447734.881
83 88 8570711.735
83 89 7376372.229
83 90 3000604.25
83 91 7670630.386
83 92 7175728.405
83 93 2153206.505
83 94 5754866.794
83 95 856624.2051
83 96 5553233.953
83 97 7550027.814
83 98 4146539.02
83 99 4014711.682
84 85 6773336.194
84 86 8102386.67
84 87 6542594.806
84 88 5661131.319
84 89 1932766.411
84 90 6537349.672
84 91 4801206.805
84 92 1427227.477
84 93 8812101.713
84 94 5314048.072
84 95 9361298.535
84 96 4414327.993
84 97 2764151.041
84 98 4421012.588
84 99 10345200.96
85 86 1518237.544
85 87 7086361.913
85 88 2230266.806
85 89 4850380.76
85 90 4099863.011
85 91 2212337.674
85 92 6455829.607
85 93 5551089.326
85 94 1895825.732
85 95 7703217.738
85 96 2896397.965
85 97 8278669.845
85 98 4981578.816
85 99 5750074.55
86 87 8492132.197
86 88 2838881.254
86 89 6212485.206
86 90 5389493.311
86 91 3335843.36
86 92 7901090.586
86 93 6468163.726
86 94 3413350.134
86 95 8784472.142
86 96 4411824.537
86 97 9758366.933
86 98 6485974.72
86 99 6214759.205
87 88 8052873.132
87 89 5802109.685
87 90 3214572.252
87 91 6994537.235
87 92 5128579.548
87 93 4019353.226
87 94 5376510.255
87 95 3135767.017
87 96 4754227.063
87 97 5185776.102
87 98 2649378.891
87 99 6030111.489
88 89 3951862.693
88 90 5572540.987
88 91 1118946.726
88 92 5817455.435
88 93 7440739.844
88 94 2817863.774
88 95 9339169.864
88 96 3303916.565
88 97 7776212.989
88 98 5536566.766
88 99 7906815.167
89 90 4979737.572
89 91 2976215.238
89 92 1885361.499
89 93 7293923.02
89 94 3401920.684
89 95 8232996.071
89 96 2565512.029
89 97 3848698.396
89 98 3265918.562
89 99 8655752.171
90 91 4702176.722
90 92 5436440.001
90 93 2314352.486
90 94 2761372.005
90 95 3770884.95
90 96 2716083.723
90 97 6538590.172
90 98 2374156.184
90 99 3864524.555
91 92 4796602.069
91 93 6733007.023
91 94 1966517.302
91 95 8467025.091
91 96 2242782.947
91 97 6740243.034
91 98 4440986.749
91 99 7447217.932
92 93 7641373.34
92 94 4754014.544
92 95 8007097.952
92 96 3745430.635
92 97 1963935.593
92 98 3168927.16
92 99 9296389.388
93 94 4774059.352
93 95 2458751.358
93 96 4968475.301
93 97 8506412.272
93 98 4482358.643
93 99 2010797.477
94 95 6532141.585
94 96 1036959.68
94 97 6482380.191
94 98 3105273.823
94 99 5631681.88
95 96 6380073.352
95 97 8304298.612
95 98 5000502.201
95 99 4041639.095
96 97 5446379.829
96 98 2259259.878
96 99 6141419.026
97 98 4168392.488
97 99 10349695.19
98 99 6218978.06
