4950
0 1 8054683.151
0 2 3214893.466
0 3 9049829.528
0 4 9125197.543
0 5 7624892.067
0 6 10615065.9
0 7 11252859.05
0 8 5556463.997
0 9 8100828.384
0 10 5719461.342
0 11 8341287.693
0 12 7732426.672
0 13 6283438.567
0 14 6120963.004
0 15 4575176.169
0 16 3404280.777
0 17 3443535.904
0 18 1499350.247
0 19 3930058.538
0 20 3962207.63
0 21 9813930.993
0 22 7222947.412
0 23 5938675.721
0 24 1588588.601
0 25 3850313.543
0 26 8420355.313
0 27 7167543.25
0 28 1818985.872
0 29 5740311.913
0 30 3393591.528
0 31 4260562.11
0 32 6490706.924
0 33 11471791.55
0 34 8735028.178
0 35 12116931.55
0 36 3962524.266
0 37 5942671.081
0 38 1421969.355
0 39 7207250.56
0 40 7186668.804
0 41 5932234.162
0 42 9517748.472
0 43 4862905.144
0 44 10892099.52
0 45 4582943.049
0 46 8002761.383
0 47 8882092.8
0 48 4145737.003
0 49 6805001.951
0 50 8427039.941
0 51 3052817.7
0 52 4222756.755
0 53 4899085.97
0 54 3434463.586
0 55 586927.486
0 56 3913541.866
0 57 3566563.895
0 58 4469014.527
0 59 5800655.14
0 60 10534136.96
0 61 3963927.644
0 62 4850734.539
0 63 3060719.544
0 64 4250723.398
0 65 8536772.632
0 66 6383466.384
0 67 4259458.088
0 68 8520017.707
0 69 8258520.405
0 70 1461567.143
0 71 4649811.71
0 72 9339064.521
0 73 7499736.67
0 74 8875888.96
0 75 6194681.602
0 76 6841913.212
0 77 4919985.375
0 78 3665658.673
0 79 9216899.109
0 80 2399809.463
0 81 9784071.567
0 82 4411818.994
0 83 3827342.416
0 84 4098403.925
0 85 5799914.212
0 86 7041039.216
0 87 7471871.171
0 88 3204359.08
0 89 6759564.682
0 90 5150666.917
0 91 3575697.833
0 92 8265738.817
0 93 1631163.688
0 94 4099184.121
0 95 9947858.484
0 96 5279273.905
0 97 6908851.573
0 98 2162198.397
0 99 9567175.729
1 2 8232374.124
1 3 12296034.46
1 4 9673324.646
1 5 5319391.928
1 6 5852823.372
1 7 8736136.963
1 8 6072108.028
1 9 10912985.65
1 10 8878752.556
1 11 4577207.669
1 12 525297.0138
1 13 2036733.606
1 14 9132245.627
1 15 8032673.855
1 16 8431841.44
1 17 5272305.948
1 18 8971415.713
1 19 6638922.577
1 20 9556556.623
1 21 6187535.324
1 22 8163901.032
1 23 2121283.95
1 24 6466398.967
1 25 4239005.103
1 26 2421733.096
1 27 1033838.497
1 28 6341370.558
1 29 3627230.634
1 30 4908094.511
1 31 7765846.968
1 32 8308127.963
1 33 8383238.107
1 34 9273523.585
1 35 8000780.632
1 36 7023321.701
1 37 2381035.005
1 38 6633873.566
1 39 10760167.43
1 40 7930417.683
1 41 3936589.085
1 42 12174188.13
1 43 6319863.028
1 44 8803963.133
1 45 7270780.721
1 46 987104.8067
1 47 8550464.504
1 48 8868920.226
1 49 9636610.951
1 50 11173457.05
1 51 7913935.474
1 52 5824742.86
1 53 6086308.819
1 54 7479495.667
1 55 8620546.828
1 56 4501068.787
1 57 4589068.815
1 58 8655851.183
1 59 5091263.348
1 60 5561142.507
1 61 8531550.942
1 62 7814269.14
1 63 5653331.133
1 64 4519140.463
1 65 4376195.621
1 66 9289359.93
1 67 4257581.514
1 68 8830390.985
1 69 9228002.266
1 70 6795150.84
1 71 5310055.162
1 72 4578044.002
1 73 5870264.708
1 74 5236599.233
1 75 1924221.741
1 76 1215053.172
1 77 5946968.368
1 78 7426963.349
1 79 9521923.168
1 80 7172450.058
1 81 6739995.51
1 82 7845685.161
1 83 5125014.055
1 84 3990292.507
1 85 10128492.09
1 86 8034642.3
1 87 10580291.85
1 88 4918427.329
1 89 1358313.513
1 90 2973539.649
1 91 8994968.39
1 92 10920411.96
1 93 6441151.042
1 94 6285577.904
1 95 8321241.216
1 96 8246372.186
1 97 1259873.246
1 98 5942578.226
1 99 9385036.5
2 3 5910152.357
2 4 6046516.417
2 5 5670344.997
2 6 8828435.865
2 7 8664103.188
2 8 3347152.578
2 9 4894479.485
2 10 2518112.584
2 11 6707780.297
2 12 7772174.301
2 13 7050300.307
2 14 2914238.72
2 15 1474937.401
2 16 243126.2182
2 17 3011554.254
2 18 2324167.981
2 19 1788645.466
2 20 1341485.249
2 21 7766694.966
2 22 4265110.531
2 23 6398050.475
2 24 3401327.721
2 25 4386771.468
2 26 7640534.536
2 27 7634655.697
2 28 3935254.165
2 29 4873173.708
2 30 3545634.163
2 31 1266211.732
2 32 3436128.779
2 33 9020825.528
2 34 5686993.358
2 35 9913189.598
2 36 1503192.315
2 37 6798521.539
2 38 3273092.027
2 39 4044986.18
2 40 4287409.671
2 41 4806291.639
2 42 6325565.679
2 43 2631330.466
2 44 8225860.417
2 45 1833707.214
2 46 7797542.489
2 47 6002462.658
2 48 990968.0874
2 49 3591824.446
2 50 5222357.295
2 51 333980.8485
2 52 2577292.159
2 53 2803090.49
2 54 824936.2994
2 55 3496734.034
2 56 3806402.578
2 57 3971957.927
2 58 1254318.167
2 59 4072273.233
2 60 8838389.785
2 61 753021.0882
2 62 1839268.68
2 63 2694869.9
2 64 3713282.756
2 65 6993909.271
2 66 3175110.209
2 67 3993777.343
2 68 5537017.732
2 69 5173848.495
2 70 2636020.996
2 71 3168068.516
2 72 7804335.908
2 73 5325596.146
2 74 7039925.108
2 75 6344387.086
2 76 7159834.098
2 77 2905537.984
2 78 993878.762
2 79 6172750.954
2 80 1318536.531
2 81 7547143.281
2 82 1379201.501
2 83 3108194.532
2 84 5071379.187
2 85 2708819.441
2 86 4100694.801
2 87 4271293.964
2 88 3797135.147
2 89 7223431.79
2 90 5947978.423
2 91 768800.9084
2 92 5054899.089
2 93 3184564.819
2 94 2156138.567
2 95 7264689.765
2 96 2155972.19
2 97 6972503.299
2 98 3946474.699
2 99 6586432.732
3 4 3706289.946
3 5 7445604.068
3 6 9729753.476
3 7 7432793.708
3 8 6250168.399
3 9 1384592.968
3 10 3734187.346
3 11 8635223.799
3 12 11771650.24
3 13 11866633.37
3 14 3367061.251
3 15 4930720.812
3 16 5690284.457
3 17 8129472.758
3 18 7816336.658
3 19 6347037.747
3 20 5155101.701
3 21 8409426.164
3 22 4243429.153
3 23 11079008.39
3 24 9262708.274
3 25 9595244.955
3 26 10649426.67
3 27 12093236.25
3 28 9795831.336
3 29 8716959.255
3 30 8794212.719
3 31 5300187.423
3 32 3989573.962
3 33 8135354.047
3 34 3834902.069
3 35 9508262.345
3 36 6013021.349
3 37 11724400.94
3 38 9151918.28
3 39 1869653.23
3 40 4488878.365
3 41 8366359.173
3 42 858873.6908
3 43 6179602.941
3 44 6864232.902
3 45 5465143.944
3 46 11513251.61
3 47 4844205.6
3 48 4929316.045
3 49 2729613.366
3 50 1157283.459
3 51 6158939.821
3 52 6938753.276
3 53 6389915.225
3 54 6065702.851
3 55 9211454.613
3 56 8791458.625
3 57 9223108.798
3 58 4704350.041
3 59 7207890.379
3 60 9931850.629
3 61 5167425.043
3 62 4914429.11
3 63 8014271.726
3 64 8410427.153
3 65 8979821.255
3 66 3143237.212
3 67 8787019.437
3 68 4196260.399
3 69 3515148.014
3 70 8511144.766
3 71 7258716.585
3 72 9527391.713
3 73 6823495.857
3 74 8433452.937
3 75 10763096.12
3 76 11562991.12
3 77 6518163.841
3 78 5926096.986
3 79 3990763.858
3 80 7115063.749
3 81 7791975.543
3 82 5151397.981
3 83 7967309.686
3 84 10374774.38
3 85 3251338.895
3 86 4333569.537
3 87 1791369.006
3 88 9199127.162
3 89 11750515.7
3 90 10976096.02
3 91 5476143.264
3 92 1407204.191
3 93 9032025.287
3 94 6562873.624
3 95 6229482.826
3 96 4385828.735
3 97 11164167.76
3 98 9742997.165
3 99 4540105.344
4 5 4393722.355
4 6 6125680.831
4 7 3768655.336
4 8 4296365.328
4 9 2709721.254
4 10 3633093.434
4 11 5426716.502
4 12 9157299.125
4 13 9778275.152
4 14 3312567.177
4 15 4584885.334
4 16 5931895.306
4 17 6860526.471
4 18 8364763.931
4 19 5372706.891
4 20 6107802.823
4 21 4825243.1
4 22 1979868.385
4 23 8971345.615
4 24 8689264.211
4 25 8111789.248
4 26 7648000.857
4 27 9730318.782
4 28 9164637.938
4 29 6442400.29
4 30 7487306.366
4 31 4871994.034
4 32 2635321.03
4 33 4447280.547
4 34 439270.7739
4 35 5806076.771
4 36 5222582.317
4 37 9735564.362
4 38 8647554.495
4 39 3556103.133
4 40 2104930.107
4 41 6006762.11
4 42 3114070.669
4 43 4673171.627
4 44 3199356.711
4 45 4574063.521
4 46 8768172.85
4 47 1248515.688
4 48 5372214.224
4 49 2859211.822
4 50 2702990.486
4 51 6118975.635
4 52 5541628.481
4 53 4781866.579
4 54 5690771.89
4 55 9495746.493
4 56 7266568.511
4 57 7839561.934
4 58 4904830.156
4 59 4949586.232
4 60 6356548.016
4 61 5387975.003
4 62 4277165.667
4 63 6940989.115
4 64 6757658.371
4 65 5747763.549
4 66 3104891.216
4 67 7117919.432
4 68 851649.5416
4 69 872747.435
4 70 8069334.27
4 71 5558521.817
4 72 6145395.194
4 73 3809917.827
4 74 5056610.93
4 75 8511882.562
4 76 9213536.509
4 77 4855757.636
4 78 5461100.598
4 79 285476.82
4 80 6756795.017
4 81 4167956.022
4 82 4725796.137
4 83 6545445.339
4 84 8870704.083
4 85 4519635.692
4 86 2169439.279
4 87 3021412.66
4 88 7963424.267
4 89 9465043.134
4 90 9150096.811
4 91 6076362.099
4 92 2534706.583
4 93 8446856.828
4 94 5374127.679
4 95 2523536.821
4 96 3890999.509
4 97 8723010.638
4 98 8959653.034
4 99 860033.8354
5 6 3158094.688
5 7 4039617.797
5 8 2323294.173
5 9 6089730.614
5 10 4773976.539
5 11 1229426.571
5 12 4814440.601
5 13 5750447.932
5 14 4842884.09
5 15 4583113.878
5 16 5737073.96
5 17 4304574.555
5 18 7616599.11
5 19 3979899.407
5 20 6615634.925
5 21 2190715.376
5 22 3211065.9
5 23 4983209.837
5 24 6500354.566
5 25 4926752.514
5 26 3269778.536
5 27 5503535.485
5 28 6803346.158
5 29 2622238.866
5 30 4678638.459
5 31 4546570.124
5 32 3718605.537
5 33 4031163.916
5 34 4017805.007
5 35 4497257.906
5 36 4180985.866
5 37 5795869.002
5 38 6553189.544
5 39 6273044.352
5 40 2966207.035
5 41 2185043.315
5 42 7150278.66
5 43 3046835.144
5 44 3888767.685
5 45 3904089.44
5 46 4388675.538
5 47 3234551.241
5 48 5713169.393
5 49 5092338.623
5 50 6288338.221
5 51 5496036.984
5 52 3433015.449
5 53 2903993.673
5 54 4887264.643
5 55 8166103.452
5 56 4232672.316
5 57 4840108.937
5 58 5281075.659
5 59 1825266.767
5 60 3178454.689
5 61 5473395.556
5 62 4193931.883
5 63 4621218.234
5 64 3706157.809
5 65 1575553.011
5 66 4888962.784
5 67 3933494.41
5 68 3571338.14
5 69 4069206.618
5 70 6201479.42
5 71 2975852.73
5 72 2277523.644
5 73 622656.5566
5 74 1372155.746
5 75 4432578.752
5 76 5016164.766
5 77 2829931.552
5 78 4683297.661
5 79 4222094.214
5 80 5446265.545
5 81 2222926.076
5 82 4516150.786
5 83 3897114.15
5 84 5525751.291
5 85 6204093.423
5 86 3146180.182
5 87 5934498.041
5 88 5121657.685
5 89 5301236.467
5 90 5417845.181
5 91 6215532.903
5 92 6039123.929
5 93 6301335.426
5 94 3678441.942
5 95 3175403.23
5 96 4348180.052
5 97 4485338.666
5 98 6455748.672
5 99 4065692.631
6 7 3382236.034
6 8 5481333.057
6 9 8498328.649
6 10 7733554.507
6 11 2276752.466
6 12 5512224.328
6 13 7193748.337
6 14 7722460.307
6 15 7704678.494
6 16 8893291.513
6 17 7190732.814
6 18 10733734.91
6 19 7125070.074
6 20 9747232.849
6 21 1322149.042
6 22 5811518.147
6 23 6618429.054
6 24 9341710.887
6 25 7416194.492
6 26 3471317.652
6 27 6530175.499
6 28 9558679.66
6 29 5038657.308
6 30 7415939.736
6 31 7691931.837
6 32 6542778.803
6 33 2797465.268
6 34 5912323.057
6 35 2148188.68
6 36 7337652.132
6 37 7382947.453
6 38 9424251.369
6 39 8943562.003
6 40 5595974.308
6 41 4740359.238
6 42 9226220.106
6 43 6203229.029
6 44 3701073.216
6 45 7052244.572
6 46 4904897.094
6 47 4905579.344
6 48 8839751.848
6 49 7812265.197
6 50 8613813.062
6 51 8651714.528
6 52 6522511.483
6 53 6053005.975
6 54 8043209.206
6 55 11177300.1
6 56 6909407.471
6 57 7457163.493
6 58 8391284.379
6 59 4882741.276
6 60 327003.3393
6 61 8613919.924
6 62 7305524.233
6 63 7557286.331
6 64 6451085.301
6 65 2124746.06
6 66 7710178.601
6 67 6566672.382
6 68 5533790.25
6 69 6221655.082
6 70 9160838.256
6 71 6007784.003
6 72 1430416.004
6 73 3561227.509
6 74 1791910.433
6 75 6008873.8
6 76 6210231.365
6 77 5971037.968
6 78 7840990.819
6 79 5862068.645
6 80 8550446.785
6 81 1958142.638
6 82 7652991.302
6 83 6794962.97
6 84 7819933.312
6 85 9148183.214
6 86 5822341.017
6 87 8514891.783
6 88 7793120.176
6 89 6529935.517
6 90 7344271.625
6 91 9364519.553
6 92 8389029.095
6 93 9170232.184
6 94 6809323.006
6 95 3761576.038
6 96 7396681.58
6 97 5672958.269
6 98 9172955.4
6 99 5422787.067
7 8 5701128.625
7 9 6471709.132
7 10 6736048.49
7 11 4225824.715
7 12 8302572.269
7 13 9620039.151
7 14 6548595.128
7 15 7248602.636
7 16 8635484.71
7 17 8177017.814
7 18 10909983.28
7 19 7341581.948
7 20 9164956.838
7 21 2561517.315
7 22 4573947.589
7 23 8900596.435
7 24 10340252.61
7 25 8953248.638
7 26 6333828.88
7 27 9189645.993
7 28 10701188.61
7 29 6656806.622
7 30 8634715.362
7 31 7398808.25
7 32 5472336.138
7 33 750370.301
7 34 3781748.342
7 35 2158101.279
7 36 7385186.644
7 37 9715570.871
7 38 10364472.15
7 39 7238909.167
7 40 4470101.855
7 41 6224127.76
7 42 6749572.723
7 43 6391589.463
7 44 569852.9064
7 45 6861854.8
7 46 7749090.376
7 47 2927794.039
7 48 8296804.522
7 49 6330417.629
7 50 6470936.752
7 51 8608928.282
7 52 7071656.717
7 53 6357181.805
7 54 8042542.863
7 55 11740665.13
7 56 8224339.849
7 57 8839234.717
7 58 7801597.673
7 59 5688842.933
7 60 3701371.701
7 61 8187932.198
7 62 6849409.904
7 63 8432214.58
7 64 7685600.865
7 65 4373248.476
7 66 6423120.053
7 67 7944261.45
7 68 3601952.224
7 69 4289830.198
7 70 9921849.107
7 71 6764553.418
7 72 4229510.362
7 73 3890039.304
7 74 3520868.599
7 75 8313971.013
7 76 8763239.357
7 77 6346647.793
7 78 7804324.501
7 79 3485606.569
7 80 8896409.624
7 81 2010211.491
7 82 7296581.653
7 83 7777416.132
7 84 9565212.666
7 85 7948639.726
7 86 4692808.812
7 87 6720967.297
7 88 9096720.984
7 89 9073036.145
7 90 9419934.48
7 91 8958392.795
7 92 6301992.908
7 93 10121568.71
7 94 7153731.564
7 95 1438157.6
7 96 6689916.409
7 97 8208450.392
7 98 10383221.72
7 99 2910764.651
8 9 4876086.893
8 10 2864422.165
8 11 3402237.413
8 12 5551218.461
8 13 5682933.543
8 14 3076501.58
8 15 2341909.481
8 16 3416009.396
8 17 2636823.584
8 18 5360053.844
8 19 1703269.674
8 20 4331505.867
8 21 4443755.077
8 22 2384067.819
8 23 4879929.282
8 24 4692540.877
8 25 3815678.307
8 26 4748966.526
8 27 5845358.473
8 28 5101188.092
8 29 2467400.243
8 30 3223899.945
8 31 2250677.995
8 32 2269653.55
8 33 5921480.87
8 34 3857229.954
8 35 6660380.765
8 36 1863952.152
8 37 5583456.09
8 38 4698102.836
8 39 4692949.13
8 40 2208069.027
8 41 2137201.741
8 42 6212496.941
8 43 738700.7773
8 44 5362732.055
8 45 1607864.602
8 46 5352452.381
8 47 3613236.972
8 48 3443901.82
8 49 3565278.104
8 50 5155162.033
8 51 3179556.231
8 52 1391194.978
8 53 657415.1944
8 54 2571021.7
8 55 6057525.768
8 56 2971629.25
8 57 3553555.266
8 58 3048510.239
8 59 1005041.011
8 60 5495829.43
8 61 3180632.303
8 62 1990328.258
8 63 2806809.849
8 64 2461982.507
8 65 3709755.942
8 66 3220599.924
8 67 2825751.553
8 68 3493211.344
8 69 3584174.505
8 70 4226168.057
8 71 1266178.378
8 72 4502447.674
8 73 2014102.692
8 74 3693839.844
8 75 4523012.527
8 76 5314777.056
8 77 651717.1164
8 78 2362044.809
8 79 4268642.183
8 80 3238455.761
8 81 4293303.263
8 82 2240594.617
8 83 2283715.989
8 84 4575408.282
8 85 4226173.71
8 86 2209616.371
8 87 4511345.867
8 88 3705039.829
8 89 5510594.444
8 90 4920340.267
8 91 3905344.015
8 92 4905567.641
8 93 4463596.202
8 94 1462227.767
8 95 4438212.283
8 96 2289064.086
8 97 4916076.623
8 98 4830845.054
8 99 4429499.818
9 10 2511920.107
9 11 7291329.034
9 12 10388435.84
9 13 10516258.9
9 14 2115310.066
9 15 3740214.04
9 16 4696875.394
9 17 6856317.087
9 18 6991870.019
9 19 5086980.531
9 20 4385516.51
9 21 7176518.973
9 22 2879377.812
9 23 9723899.176
9 24 8145374.609
9 25 8306227.893
9 26 9274595.892
9 27 10721358.19
9 28 8672599.351
9 29 7340816.942
9 30 7523980.828
9 31 4109950.902
9 32 2609914.615
9 33 7132626.52
9 34 2717414.415
9 35 8460785.945
9 36 4776272.942
9 37 10383712.36
9 38 8049333.617
9 39 1076407.457
9 40 3124725.853
9 41 6985542.246
9 42 1460215.923
9 43 4840657.924
9 44 5903810.177
9 45 4191162.472
9 46 10128687.46
9 47 3694310.777
9 48 3960739.72
9 49 1426612.677
9 50 330040.6514
9 51 5102653.408
9 52 5627224.742
9 53 5044197.691
9 54 4919709.823
9 55 8328802.135
9 56 7488299.142
9 57 7945647.628
9 58 3644644.61
9 59 5826742.108
9 60 8682769.933
9 61 4141645.365
9 62 3661933.663
9 63 6772606.296
9 64 7086461.637
9 65 7637510.643
9 66 1866221.773
9 67 7464809.966
9 68 3010496.163
9 69 2296132.967
9 70 7412808.459
9 71 5916168.212
9 72 8212003.929
9 73 5469395.22
9 74 7124659.14
9 75 9395310.257
9 76 10190817.53
9 77 5169171.503
9 78 4753982.285
9 79 2989108.441
9 80 6006114.81
9 81 6590057.501
9 82 3954511.358
9 83 6668601.676
9 84 9089480.101
9 85 2469931.476
9 86 2959707.257
9 87 639206.0397
9 88 7945755.872
9 89 10383073.69
9 90 9650581.429
9 91 4590824.662
9 92 217808.9687
9 93 7908360.491
9 94 5273417.813
9 95 5164024.048
9 96 3130445.755
9 97 9786217.123
9 98 8584837.1
9 99 3569462.446
10 11 5989959.814
10 12 8364788.268
10 13 8223617.343
10 14 407401.4072
10 15 1229526.266
10 16 2362720.966
10 17 4397301.069
10 18 4785675.731
10 19 2613684.012
10 20 2495051.403
10 21 6490400.663
10 22 2164966.838
10 23 7455940.913
10 24 5643486.52
10 25 5867739.211
10 26 7596841.866
10 27 8546318.973
10 28 6167868.34
10 29 5251675.992
10 30 5060906.037
10 31 1598416.051
10 32 1274560.07
10 33 7226054.373
10 34 3323346.665
10 35 8333669.241
10 36 2280493.394
10 37 8056397.788
10 38 5553499.767
10 39 1947529.837
10 40 2297596.978
10 41 4974165.97
10 42 3972123.807
10 43 2571844.962
10 44 6230496.51
10 45 1742179.23
10 46 8202235.173
10 47 3858845.698
10 48 1742896.552
10 49 1109939.588
10 50 2840045.402
10 51 2670080.235
10 52 3245153.345
10 53 2801248.353
10 54 2418519.087
10 55 6014678.274
10 56 5076079.388
10 57 5491255.443
10 58 1295105.079
10 59 3868780.317
10 60 7832477.788
10 61 1798936.152
10 62 1182578.774
10 63 4282325.809
10 64 4725340.561
10 65 6328479.338
10 66 670901.0615
10 67 5096452.378
10 68 3273159.799
10 69 2776080.181
10 70 4921209.293
10 71 3634533.165
10 72 7050572.116
10 73 4231899.947
10 74 6066415.94
10 75 7201135.07
10 76 8022450.576
10 77 2939092.211
10 78 2244246.708
10 79 3799430.675
10 80 3516607.547
10 81 6081902.732
10 82 1442623.443
10 83 4250601.434
10 84 6644757.171
10 85 1430340.646
10 86 2064019.072
10 87 1953482.88
10 88 5465432.36
10 89 8178384.027
10 90 7281723.887
10 91 2446470.032
10 92 2637584.284
10 93 5404806.952
10 94 2844693.783
10 95 5297890.946
10 96 662862.598
10 97 7678879.529
10 98 6073418.147
10 99 4280754.389
11 12 4114235.738
11 13 5413749.498
11 14 6068982.924
11 15 5725110.005
11 16 6798245.287
11 17 4914003.66
11 18 8506386.086
11 19 4954069.699
11 20 7733443.759
11 21 1805195.581
11 22 4419192.108
11 23 4724919.183
11 24 7068736.088
11 25 5202472.548
11 26 2282855.153
11 27 4966202.346
11 28 7297391.69
11 29 2802927.537
11 30 5150320.586
11 31 5652860.069
11 32 4948025.148
11 33 3994223.143
11 34 5085094.647
11 35 4057371.338
11 36 5204674.358
11 37 5532913.066
11 38 7149075.094
11 39 7500511.835
11 40 4175912.973
11 41 2474599.885
11 42 8302230.174
11 43 4081973.361
11 44 4240618.644
11 45 5009648.34
11 46 3597465.328
11 47 4206414.537
11 48 6842028.855
11 49 6320520.362
11 50 7478696.058
11 51 6502580.467
11 52 4296140.814
11 53 3904865.497
11 54 5899599.787
11 55 8905824.856
11 56 4650193.589
11 57 5212963.156
11 58 6429784.787
11 59 2665856.392
11 60 2199045.881
11 61 6582860.492
11 62 5348994.955
11 63 5282032.853
11 64 4180240.622
11 65 347566.6632
11 66 6117976.007
11 67 4312270.195
11 68 4644026.964
11 69 5202480.798
11 70 6885492.497
11 71 3759030.957
11 72 1100380.183
11 73 1831579.854
11 74 724423.1618
11 75 4124579.713
11 76 4537867.438
11 77 3806723.148
11 78 5713901.655
11 79 5224098.953
11 80 6320269.559
11 81 2216763.185
11 82 5638557.71
11 83 4518741.062
11 84 5671418.486
11 85 7418612.7
11 86 4363874.098
11 87 7155275.973
11 88 5540141.681
11 89 4848718.767
11 90 5333017.823
11 91 7302351.467
11 92 7231857.663
11 93 6894976.455
11 94 4617749.613
11 95 3753501.717
11 96 5540820.665
11 97 3982826.453
11 98 6917277.961
11 99 4976235.794
12 13 1980620.329
12 14 8614650.413
12 15 7533708.381
12 16 7967268.768
12 17 4838900.312
12 18 8592526.766
12 19 6153673.666
12 20 9089670.95
12 21 5767333.572
12 22 7639024.654
12 23 1862842.998
12 24 6148748.103
12 25 3889722.936
12 26 2044355.92
12 27 1071946.442
12 28 6059858.671
12 29 3113530.253
12 30 4512404.64
12 31 7272763.651
12 32 7784169.022
12 33 7974813.233
12 34 8755676.604
12 35 7654485.708
12 36 6536333.068
12 37 2292145.499
12 38 6310678.018
12 39 10241103.8
12 40 7405772.806
12 41 3414729.408
12 42 11648929.43
12 43 5810466.835
12 44 8351690.687
12 45 6768344.093
12 46 615332.7101
12 47 8041599.562
12 48 8387285.531
12 49 9114931.866
12 50 10648472.81
12 51 7457199.026
12 52 5335250.474
12 53 5576404.452
12 54 7008898.134
12 55 8305512.165
12 56 4082018.962
12 57 4218235.908
12 58 8163922.258
12 59 4568055.108
12 60 5232125.555
12 61 8051420.807
12 62 7308420.24
12 63 5228898.261
12 64 4063362.967
12 65 3931237.192
12 66 8769780.956
12 67 3820627.622
12 68 8313128.31
12 69 8705688.208
12 70 6433916.21
12 71 4811108.17
12 72 4191893.464
12 73 5358030.411
12 74 4789440.852
12 75 1542363.423
12 76 1000133.215
12 77 5436875.801
12 78 6949040.613
12 79 9008628.006
12 80 6742184.128
12 81 6298685.669
12 82 7349375.31
12 83 4670435.116
12 84 3722076.256
12 85 9624031.347
12 86 7509476.086
12 87 10057915
12 88 4559926.624
12 89 1247538.096
12 90 2753569.736
12 91 8531513.041
12 92 10395399.3
12 93 6107693.574
12 94 5796628.606
12 95 7844765.869
12 96 7735218.058
12 97 833626.5092
12 98 5653741.31
12 99 8879592.428
13 14 8541540.216
13 15 7192681.415
13 16 7274952.282
13 17 4051743.576
13 18 7366200.988
13 19 5713238.016
13 20 8390654.752
13 21 7197957.417
13 22 8016403.455
13 23 808738.8155
13 24 4711123.101
13 25 2700158.099
13 26 3786813.53
13 27 1006104.885
13 28 4497391.864
13 29 3335875.741
13 30 3514452.931
13 31 6870841.056
13 32 7936685.65
13 33 9405581.404
13 34 9348924.694
13 35 9288720.04
13 36 6096568.19
13 37 357381.7104
13 38 4890456.433
13 39 10168109.76
13 40 7809689.194
13 41 3775035.454
13 42 11887387.52
13 43 5689053.335
13 44 9572251.54
13 45 6499850.647
13 46 2539383.174
13 47 8802638.058
13 48 7834069.582
13 49 9139281.569
13 50 10809518.91
13 51 6717496.084
13 52 4985270.629
13 53 5476725.369
13 54 6395958.856
13 55 6823624.244
13 56 3265110.514
13 57 3108180.462
13 58 7722025.353
13 59 4850349.922
13 60 6945340.379
13 61 7492530.921
13 62 7067060.601
13 63 4356703.926
13 64 3511942.592
13 65 5330632.536
13 66 8741054.459
13 67 3155736.961
13 68 8929093.502
13 69 9182655.74
13 70 5169907.386
13 71 4609506.701
13 72 5790581.376
13 73 6168816.302
13 74 6135952.323
13 75 1318546.302
13 76 1026333.542
13 77 5348883.351
13 78 6403909.914
13 79 9680844.819
13 80 5840254.962
13 81 7621660.747
13 82 6982170.43
13 83 4051247.236
13 84 2200266.486
13 85 9302115.342
13 86 7856422.621
13 87 10086848.64
13 88 3362327.201
13 89 735026.1898
13 90 1157888.927
13 91 7816586.429
13 92 10563998.33
13 93 4733124.534
13 94 5413239.984
13 95 8922547.409
13 96 7562366.172
13 97 1526139.06
13 98 4124330.852
13 99 9666128.403
14 15 1633174.319
14 16 2751228.958
14 17 4764302.069
14 18 5163204.983
14 19 2984685.839
14 20 2795325.942
14 21 6455483.985
14 22 2016318.377
14 23 7766001.522
14 24 6048839.153
14 25 6228207.728
14 26 7765631.44
14 27 8833684.788
14 28 6572448.269
14 29 5507429.312
14 30 5430182.669
14 31 2000374.069
14 32 1182364.339
14 33 7068321.883
14 34 3028851.577
14 35 8218069.927
14 36 2663673.967
14 37 8383856.006
14 38 5959836.477
14 39 1635688.514
14 40 2183526.371
14 41 5208052.015
14 42 3574629.564
14 43 2861973.698
14 44 6029089.884
14 45 2098246.324
14 46 8428890.687
14 47 3640268.318
14 48 2101076.81
14 49 703444.5198
14 50 2441923.475
14 51 3074057.376
14 52 3580101.199
14 53 3084949.339
14 54 2824823.243
14 55 6408961.714
14 56 5426298.256
14 57 5857393.931
14 58 1676824.442
14 59 4079446.437
14 60 7837560.459
14 61 2185063.913
14 62 1552993.736
14 63 4663565.868
14 64 5057690.886
14 65 6411872.673
14 66 263815.054
14 67 5431976.74
14 68 3021207.847
14 69 2473118.724
14 70 5328042.562
14 71 3937189.94
14 72 7109585.934
14 73 4275659.917
14 74 6097275.011
14 75 7490923.991
14 76 8307203.021
14 77 3219915.89
14 78 2647741.226
14 79 3495507.557
14 80 3923767.459
14 81 6011368.441
14 82 1843492.764
14 83 4601509.546
14 84 7008071.834
14 85 1444427.565
14 86 1947241.09
14 87 1577303.191
14 88 5842371.44
14 89 8472753.94
14 90 7620594.967
14 91 2799323.826
14 92 2235041.497
14 93 5809811.092
14 94 3196235.96
14 95 5113144.954
14 96 1021605.674
14 97 7947526.802
14 98 6474118.21
14 99 3999397.06
15 16 1400246.896
15 17 3249193.49
15 18 3798615.326
15 19 1484474.499
15 20 2044571.901
15 21 6557873.302
15 22 2793383.762
15 23 6452456.434
15 24 4416151.433
15 25 4728450.855
15 26 7021887.02
15 27 7602272.491
15 28 4939288.801
15 29 4447257.885
15 30 3901405.638
15 31 370763.8582
15 32 1963015.753
15 33 7643024.079
15 34 4217488.614
15 35 8609060.591
15 36 1112882.685
15 37 6999124.915
15 38 4329247.891
15 39 3093524.151
15 40 2826171.224
15 41 4248678.547
15 42 5200343.795
15 43 1786463.071
15 44 6792831.805
15 45 780565.8024
15 46 7442806.403
15 47 4535526.494
15 48 1135477.03
15 49 2336335.889
15 50 4068838.107
15 51 1536446.945
15 52 2231253.527
15 53 2016645.992
15 54 1196446.861
15 55 4917351.765
15 56 3972384.93
15 57 4338149.227
15 58 706690.0099
15 59 3267859.607
15 60 7753153.377
15 61 948379.1265
15 62 410217.045
15 63 3094104.325
15 64 3682153.684
15 65 6041309.733
15 66 1893294.904
15 67 4037926.464
15 68 4062081.463
15 69 3712476.309
15 70 3700147.972
15 71 2722843.078
15 72 6821937.943
15 73 4145434.092
15 74 5946687.353
15 75 6260216.777
15 76 7089764.465
15 77 2152808.58
15 78 1014770.561
15 79 4703263.666
15 80 2300709.014
15 81 6265363.373
15 82 221823.9622
15 83 3154731.444
15 84 5494361.445
15 85 2115977.162
15 86 2632398.057
15 87 3168651.672
15 88 4283542.058
15 89 7216149.591
15 90 6195922.666
15 91 1724964.115
15 92 3867022.575
15 93 4176831.305
15 94 1784308.578
15 95 5833418.127
15 96 704185.222
15 97 6797368.545
15 98 4844627.473
15 99 5111606.588
16 17 3230269.06
16 18 2434459.215
16 19 1923857.786
16 20 1126743.816
16 21 7809499.296
16 22 4190676.154
16 23 6615720.092
16 24 3639009.146
16 25 4618249.302
16 26 7791321.669
16 27 7847673.376
16 28 4172494.721
16 29 5039839.24
16 30 3775216.689
16 31 1248999.717
16 32 3342231.172
16 33 9010186.857
16 34 5582046.039
16 35 9930311.066
16 36 1608009.524
16 37 7026397.374
16 38 3508627.717
16 39 3828493.326
16 40 4226394.981
16 41 4956139.744
16 42 6120291.415
16 43 2716275.641
16 44 8187012.572
16 45 1857669.474
16 46 7980726.106
16 47 5934864.002
16 48 762234.8962
16 49 3417279.416
16 50 5023549.222
16 51 570056.4391
16 52 2731224.733
16 53 2900546.309
16 54 974959.2359
16 55 3660903.124
16 56 4024606.652
16 57 4203605.047
16 58 1076228.199
16 59 4181889.747
16 60 8911832.134
16 61 566784.4053
16 62 1788073.067
16 63 2922480.458
16 64 3914612.382
16 65 7090642.211
16 66 3009244.801
16 67 4203334.394
16 68 5449057.656
16 69 5060340.625
16 70 2872972.497
16 71 3318963.048
16 72 7897111.206
16 73 5370431.52
16 74 7108817.155
16 75 6550946.711
16 76 7369104.052
16 77 3009926.61
16 78 1104073.08
16 79 6067215.493
16 80 1561574.677
16 81 7569274.827
16 82 1339585.379
16 83 3311862.875
16 84 5307968.761
16 85 2476822.942
16 86 4031814.959
16 87 4069578.588
16 88 4034004.767
16 89 7437818.155
16 90 6177392.515
16 91 565054.9155
16 92 4861592.726
16 93 3423802.447
16 94 2296396.393
16 95 7226633.377
16 96 2052280.933
16 97 7172221.342
16 98 4187902.149
16 99 6495022.168
17 18 3885136.982
17 19 1784061.919
17 20 4352735.603
17 21 6465141.692
17 22 4889605.27
17 23 3386498.127
17 24 2195780.017
17 25 1479310.033
17 26 5089997.818
17 27 4627340.548
17 28 2524378.635
17 29 2321868.537
17 30 667910.6707
17 31 2898802.111
17 32 4477831.982
17 33 8287662.796
17 34 6425640.032
17 35 8791105.327
17 36 2137224.215
17 37 3817776.961
17 38 2253253.726
17 39 6327578.846
17 40 4756420.984
17 41 2488842.401
17 42 8299324.82
17 43 2193351.128
17 44 7897302.111
17 45 2667511.368
17 46 4946220.975
17 47 6249254.12
17 48 3785930.779
17 49 5431228.108
17 50 7174198.249
17 51 2681920.535
17 52 1321685.351
17 53 2080544.861
17 54 2347018.359
17 55 4019216.24
17 56 794861.5606
17 57 1093968.895
17 58 3705684.346
17 59 2505995.317
17 60 7098883.338
17 61 3445184.661
17 62 3215332.301
17 63 415686.9833
17 64 850719.3769
17 65 5097959.94
17 66 4998267.883
17 67 1018494.679
17 68 6091904.245
17 69 6082942.263
17 70 1982017.955
17 71 1422103.661
17 72 5896842.569
17 73 4297960.099
17 74 5480603.752
17 75 3359300.053
17 76 4162238.429
17 77 2018060.285
17 78 2372010.227
17 79 6861585.037
17 80 1903336.77
17 81 6518136.657
17 82 3029170.745
17 83 407461.649
17 84 2248801.018
17 85 5314232.922
17 86 4702040.606
17 87 6341535.895
17 88 1115695.185
17 89 4214162.655
17 90 2983731.787
17 91 3780288.011
17 92 6947181.761
17 93 2000007.533
17 94 1589392.581
17 95 7007167.032
17 96 3743806.934
17 97 4018043.697
17 98 2215341.712
17 99 7057477.408
18 19 3657341.546
18 20 2661444.777
18 21 9787504.519
18 22 6583671.396
18 23 6905421.528
18 24 2734202.868
18 25 4743041.317
18 26 8970915.582
18 27 8168952.148
18 28 3128912.8
18 29 6176803.723
18 30 4084632.594
18 31 3563219.229
18 32 5760281.907
18 33 11220908.6
18 34 8009778.219
18 35 12020044.8
18 36 3540624.723
18 37 7046116.133
18 38 2548903.856
18 39 6024568.364
18 40 6596060.454
18 41 6264736.381
18 42 8356562.042
18 43 4622626.834
18 44 10493687.58
18 45 4051013.025
18 46 8775900.159
18 47 8313861.573
18 48 3072898.754
18 49 5803583.935
18 50 7308763.978
18 51 2312193.231
18 52 4213095.244
18 53 4728379.869
18 54 2867623.028
18 55 1434972.093
18 56 4549937.21
18 57 4382351.497
18 58 3490619.041
18 59 5852250.633
18 60 10697919.76
18 61 2989288.598
18 62 4152275.822
18 63 3469526.7
18 64 4735403.325
18 65 8748810.384
18 66 5415238.146
18 67 4859558.848
18 68 7860238.482
18 69 7492640.781
18 70 2197919.179
18 71 4751716.182
18 72 9567340.215
18 73 7373162.153
18 74 8949019.238
18 75 7056407.013
18 76 7783275.765
18 77 4790404.798
18 78 3105669.666
18 79 8495424.329
18 80 2186137.777
18 81 9651434.371
18 82 3690370.942
18 83 4190920.761
18 84 5171138.236
18 85 4581763.926
18 86 6416060.09
18 87 6353170.583
18 88 4059739.689
18 89 7750573.565
18 90 6209203.942
18 91 2404350.773
18 92 7174299.388
18 93 2656453.575
18 94 3938725.16
18 95 9533508.668
18 96 4477591.944
18 97 7758907.443
18 98 3382441.458
18 99 8910179.754
19 20 2996460.945
19 21 6135476.553
19 22 3403381.151
19 23 4982105.578
19 24 3316716.915
19 25 3258531.033
19 26 5869314.318
19 27 6153636.588
19 28 3798651.052
19 29 3142041.56
19 30 2447271.979
19 31 1158466.141
19 32 2827217.789
19 33 7601762.361
19 34 4954637.954
19 35 8363633.956
19 36 387861.4824
19 37 5515557.387
19 38 3276682.394
19 39 4544774.724
19 40 3326711.692
19 41 3034836.267
19 42 6537547.875
19 43 968294.5626
19 44 6966736.274
19 45 899589.6716
19 46 6117736.493
19 47 4982479.095
19 48 2235837.432
19 49 3660373.564
19 50 5408133.979
19 51 1553148.891
19 52 826586.7171
19 53 1076626.695
19 54 963997.557
19 55 4400955.979
19 56 2488807.943
19 57 2877986.293
19 58 2029725.511
19 59 2297367.451
19 60 7113974.771
19 61 1903893.509
19 62 1432764.861
19 63 1690137.37
19 64 2208342.828
19 65 5229042.265
19 66 3223254.112
19 67 2557501.508
19 68 4683670.277
19 69 4540143.278
19 70 2715982.18
19 71 1402106.375
19 72 6044194.807
19 73 3715820.792
19 74 5333387.984
19 75 4819279.174
19 76 5648951.36
19 77 1154290.163
19 78 826458.0185
19 79 5421388.072
19 80 1555038.334
19 81 5996352.07
19 82 1270256.573
19 83 1670285.491
19 84 4032544.474
19 85 3588889.434
19 86 3214645.583
19 87 4560981.034
19 88 2859041.279
19 89 5760277.142
19 90 4711665.297
19 91 2476166.793
19 92 5186330.034
19 93 3074184.52
19 94 373983.144
19 95 6019344.239
19 96 1963129.281
19 97 5388742.079
19 98 3621541.251
19 99 5711785.949
20 21 8601029.579
20 22 4603613.755
20 23 7739148.995
20 24 4534352.369
20 25 5720296.83
20 26 8857142.841
20 27 8973588.795
20 28 5055303.858
20 29 6135236.34
20 30 4882520.842
20 31 2081004.819
20 32 3706538.51
20 33 9607125.751
20 34 5814258.189
20 35 10623905.31
20 36 2646006.995
20 37 8136292.917
20 38 4383002.5
20 39 3381536.712
20 40 4694904.69
20 41 6026714.499
20 42 5711909.326
20 43 3684436.243
20 44 8678793.698
20 45 2723798.701
20 46 9093061.459
20 47 6333645.788
20 48 909680.0841
20 49 3334302.27
20 50 4692797.316
20 51 1673319.469
20 52 3818820.363
20 53 3890851.455
20 54 2083107.773
20 55 4068106.249
20 56 5147527.724
20 57 5305486.184
20 58 1385148.288
20 59 5180565.737
20 60 9790907.402
20 61 1152110.684
20 62 2449471.011
20 63 4034225.573
20 64 5040620.068
20 65 8040486.025
20 66 3012700.249
20 67 5329908.212
20 68 5765796.979
20 69 5262603.818
20 70 3774788.989
20 71 4398493.61
20 72 8833386.192
20 73 6189432.276
20 74 7983464.094
20 75 7677649.315
20 76 8495790.416
20 77 4012277.752
20 78 2171299.694
20 79 6286427.043
20 80 2603131.973
20 81 8294534.622
20 82 2099760.265
20 83 4438422.832
20 84 6390434.4
20 85 1933809.123
20 86 4474204.369
20 87 3747628.652
20 88 5116956.973
20 89 8563184.677
20 90 7284044.276
20 91 574151.9082
20 92 4578930.924
20 93 4341386.322
20 94 3370064.844
20 95 7731328.31
20 96 2483332.209
20 97 8297174.495
20 98 5129703.58
20 99 6775414.308
21 22 4513479.075
21 23 6524543.601
21 24 8657047.908
21 25 6932034.872
21 26 3776347.865
21 27 6690563.908
21 28 8933737.521
21 29 4535853.612
21 30 6789689.753
21 31 6580973.474
21 32 5273171.618
21 33 2216887.58
21 34 4598175.695
21 35 2330007.382
21 36 6305228.584
21 37 7329173.1
21 38 8718302.677
21 39 7635162.686
21 40 4304508.494
21 41 4158716.824
21 42 7915582.393
21 43 5181264.86
21 44 2717398.382
21 45 5952800.783
21 46 5201628.51
21 47 3594856.972
21 48 7691366.398
21 49 6514235.818
21 50 7291847.235
21 51 7618676.218
21 52 5621687.252
21 53 5060343.857
21 54 7011443.374
21 55 10356608.43
21 56 6314265.804
21 57 6902686.896
21 58 7227479.573
21 59 4013279.205
21 60 1531765.119
21 61 7487556.914
21 62 6151574.727
21 63 6796637.537
21 64 5810173.239
21 65 1870975.878
21 66 6429981.763
21 67 5991782.195
21 68 4214325.924
21 69 4899848.746
21 70 8385250.009
21 71 5164128.965
21 72 1675492.8
21 73 2441117.634
21 74 1085966.372
21 75 5921095.693
21 76 6291055.844
21 77 4997566.595
21 78 6796052.462
21 79 4567151.463
21 80 7627198.5
21 81 697269.7236
21 82 6526956.79
21 83 6058776.242
21 84 7443306.006
21 85 7891142.642
21 86 4534441.604
21 87 7199939.33
21 88 7210092.667
21 89 6606798.363
21 90 7137177.307
21 91 8252191.515
21 92 7066881.801
21 93 8465149.16
21 94 5850409.792
21 95 2556732.979
21 96 6195772.747
21 97 5735732.481
21 98 8570956.038
21 99 4153299.022
22 23 7208313.11
22 24 6717054.786
22 25 6176966.289
22 26 6409366.93
22 27 8082184.236
22 28 7187913.336
22 29 4710502.326
22 30 5524409.725
22 31 3025144.856
22 32 899124.2666
22 33 5063447.14
22 34 1553788.088
22 35 6202135.921
22 36 3278145.952
22 37 7939040.789
22 38 6680040.447
22 39 3142180.454
22 40 245535.5475
22 41 4306660.065
22 42 4019242.696
22 43 2697875.176
22 44 4076932.812
22 45 2641542.841
22 46 7331349.092
22 47 1747487.42
22 48 3758412.72
22 49 2001184.431
22 50 3087944.15
22 51 4285310.143
22 52 3568527.706
22 53 2817417.64
22 54 3801830.658
22 55 7625328.859
22 56 5329077.186
22 57 5888120.466
22 58 3264165.712
22 59 3173512.839
22 60 5956998.989
22 61 3691547.508
22 62 2431875.368
22 63 4961739.411
22 64 4835704.547
22 65 4766263.455
22 66 1943347.385
22 67 5204556.583
22 68 1297073.113
22 69 1203694.394
22 70 6111991.662
22 71 3624215.849
22 72 5371700.565
22 73 2591988.405
22 74 4301395.59
22 75 6800925.215
22 76 7554287.212
22 77 2899952.851
22 78 3564831.015
22 79 2018095.615
22 80 4832321.71
22 81 4024729.963
22 82 2893612.165
22 83 4585540.311
22 84 6946372.093
22 85 3456140.694
22 86 189667.639
22 87 2750802.232
22 88 5997515.797
22 89 7779103.785
22 90 7299174.54
22 91 4442321.413
22 92 2836419.498
22 93 6475239.579
22 94 3394503.497
22 95 3136222.653
22 96 2160023.196
22 97 7104048.569
22 98 6979914.361
22 99 2346127.66
23 24 4350105.163
23 25 2164116.144
23 26 3320908.388
23 27 1268555.374
23 28 4221078.814
23 29 2529367.381
23 30 2912489.985
23 31 6140334.439
23 32 7138093.366
23 33 8717563.588
23 34 8541494.002
23 35 8675252.787
23 36 5368402.082
23 37 815955.1398
23 38 4519878.871
23 39 9396562.181
23 40 7001153.651
23 41 2971224.289
23 42 11088237.27
23 43 4907345.98
23 44 8831476.408
23 45 5743358.212
23 46 2291446.108
23 47 8003638.69
23 48 7141884.33
23 49 8354239.783
23 50 10014822.58
23 51 6068193.325
23 52 4230479.789
23 53 4691282.677
23 54 5709644.051
23 55 6501726.986
23 56 2591649.249
23 57 2544636.036
23 58 7004258.948
23 59 4041615.768
23 60 6389030.035
23 61 6799912.107
23 62 6309345.488
23 63 3724280.256
23 64 2773772.272
23 65 4672120.43
23 66 7960814.763
23 67 2435461.528
23 68 8122595.653
23 69 8373921.619
23 70 4713495.909
23 71 3829166.546
23 72 5195849.335
23 73 5382720.862
23 74 5449342.288
23 75 610583.5453
23 76 906254.1643
23 77 4561409.34
23 78 5701101.88
23 79 8875809.603
23 80 5235865.11
23 81 6914496.998
23 82 6245638.949
23 83 3339437.218
23 84 1871386.518
23 85 8567051.23
23 86 7048847.342
23 87 9303219.428
23 88 2847358.158
23 89 848493.2396
23 90 897424.5635
23 91 7166784.22
23 92 9768412.394
23 93 4333739.479
23 94 4668473.454
23 95 8158533.549
23 96 6796666.32
23 97 1134517.897
23 98 3821360.484
23 99 8867534.882
24 25 2279421.164
24 26 6924034.118
24 27 5581748.764
24 28 534671.6813
24 29 4348151.728
24 30 1944426.671
24 31 4052084.913
24 32 6123723.364
24 33 10474080.52
24 34 8269874.227
24 35 10984640.26
24 36 3500703.328
24 37 4375709.671
24 38 185458.8518
24 39 7393536.792
24 40 6629499.648
24 41 4603438.586
24 42 9602623.908
24 43 4099182.811
24 44 10036995.51
24 45 4152663.752
24 46 6433644.91
24 47 8240872.532
24 48 4389712.466
24 49 6752229.859
24 50 8475158.208
24 51 3118919.615
24 52 3301474.641
24 53 4063097.103
24 54 3226241.012
24 55 2156826.031
24 56 2467462.025
24 57 2032285.099
24 58 4559053.119
24 59 4696535.815
24 60 9231448.629
24 61 4113005.225
24 62 4573206.539
24 63 1908085.743
24 64 2891270.967
24 65 7228617.366
24 66 6309437.987
24 67 2819036.007
24 68 7988147.499
24 69 7855285.858
24 70 766906.2594
24 71 3579131.814
24 72 8008566.155
24 73 6478514.609
24 74 7659740.96
24 75 4614230.304
24 76 5253382.979
24 77 4042102.479
24 78 3403306.587
24 79 8733811.34
24 80 2148029.403
24 81 8712706.12
24 82 4210356.085
24 83 2603240.785
24 84 2516710.234
24 85 6106389.986
24 86 6527820.748
24 87 7552449.873
24 88 1664946.897
24 89 5172472.029
24 90 3569740.494
24 91 4018489.412
24 92 8279750.659
24 93 243426.6118
24 94 3344615.033
24 95 9125643.279
24 96 5078979.061
24 97 5328197.854
24 98 651810.7223
24 99 9003224.054
25 26 4702009.494
25 27 3431050.837
25 28 2286739.917
25 29 2401717.249
25 30 847997.4011
25 31 4377691.213
25 32 5862316.019
25 33 8951266.59
25 34 7672741.456
25 35 9244635.698
25 36 3616208.8
25 37 2423199.415
25 38 2432464.383
25 39 7803279.237
25 40 6016524.708
25 41 2777820.776
25 42 9739616.995
25 43 3536714.7
25 44 8749040.224
25 45 4130160.654
25 46 4154899.482
25 47 7370923.379
25 48 5224802.35
25 49 6885125.216
25 50 8620380.773
25 51 4052791.52
25 52 2692490.309
25 53 3377121.968
25 54 3791989.715
25 55 4428905.779
25 56 848047.6169
25 57 414860.1144
25 58 5173819.076
25 59 3346964.241
25 60 7262999.888
25 61 4887395.333
25 62 4685174.667
25 63 1702648.154
25 64 1360874.552
25 65 5295879.512
25 66 6456944.703
25 67 1029436.489
25 68 7305898.801
25 69 7380564.561
25 70 2556963.897
25 71 2554798.912
25 72 6019407.817
25 73 5092760.841
25 74 5868872.489
25 75 2348167.284
25 76 3041704.377
25 77 3282077.053
25 78 3837560.273
25 79 8081752.427
25 80 3145900.181
25 81 7125044.827
25 82 4508480.077
25 83 1641227.77
25 84 784631.1466
25 85 6787650.619
25 86 5994851.908
25 87 7805007.976
25 88 683455.7558
25 89 3011480.347
25 90 1566416.708
25 91 5146688.66
25 92 8388866.997
25 93 2220818.085
25 94 3034438.658
25 95 7923519.468
25 96 5210550.592
25 97 3061686.603
25 98 1872695.747
25 99 8212282.859
26 27 3061942.275
26 28 6987577.342
26 29 2810823.859
26 30 5026796.77
26 31 6843448.119
26 32 6761133.426
26 33 5963080.035
26 34 7282578.419
26 35 5610776.79
26 36 6211150.105
26 37 4017074.718
26 38 7053522.918
26 39 9321910.025
26 40 6164620.657
26 41 2835216.439
26 42 10400938.2
26 43 5237286.541
26 44 6431529.198
26 45 6244546.324
26 46 1446177.878
26 47 6452880.574
26 48 8038942.536
26 49 8146794.274
26 50 9496137.54
26 51 7366771.881
26 52 5063336.707
26 53 5011108.784
26 54 6820489.692
26 55 9007232.845
26 56 4508868.949
26 57 4893013.567
26 58 7713455.666
26 59 3764233.269
26 60 3197829.15
26 61 7729626.218
26 62 6711549.038
26 63 5505317.321
26 64 4239619.828
26 65 2025026.175
26 66 7869334.391
26 67 4167518.577
26 68 6836602.11
26 69 7335355.382
26 70 6991320.431
26 71 4473225.868
26 72 2156862.089
26 73 3881891.452
26 74 2875430.97
26 75 2740791.282
26 76 2774444.682
26 77 4878861.122
26 78 6695018.599
26 79 7461513.511
26 80 6881510.64
26 81 4354440.958
26 82 6878298.514
26 83 4783932.619
26 84 4864188.154
26 85 8975022.384
26 86 6316091.24
26 87 9047809.706
26 88 5260132.161
26 89 3090614.276
26 90 4151818.655
26 91 8345466.171
26 92 9243828.043
26 93 6815058.097
26 94 5495745.22
26 95 6021540.444
26 96 7037987.294
26 97 2264293.336
26 98 6574232.012
26 99 7244612.673
27 28 5413722.803
27 29 3387016.462
27 30 4177029.715
27 31 7306167.789
27 32 8114153.308
27 33 8907094.736
27 34 9313119.12
27 35 8661714.768
27 36 6541492.778
27 37 1356087.708
27 38 5755621.972
27 39 10469359.9
27 40 7860398.152
27 41 3775677.165
27 42 12043140.61
27 43 5975892.704
27 44 9197763.382
27 45 6868120.89
27 46 1679801.603
27 47 8675981.479
27 48 8347474.741
27 49 9387930.12
27 50 10999518.65
27 51 7307199.858
27 52 5371030.616
27 53 5749632.776
27 54 6924889.161
27 55 7721862.642
27 56 3834304.004
27 57 3813171.981
27 58 8183199.715
27 59 4921999.969
27 60 6259724.217
27 61 8006082.676
27 62 7428183.752
27 63 4978015.723
27 64 3959239.268
27 65 4826222.615
27 66 9013036.872
27 67 3646420.06
27 68 8879098.057
27 69 9205730.802
27 70 5974210.927
27 71 4915532.709
27 72 5173388.629
27 73 5993272.44
27 74 5669761.786
27 75 1345874.401
27 76 530705.1663
27 77 5613931.339
27 78 6901545.687
27 79 9605663.647
27 80 6494649.977
27 81 7179434.543
27 82 7402199.597
27 83 4546779.366
27 84 3071176.723
27 85 9717243.13
27 86 7936268.942
27 87 10338353.67
27 88 4113729.803
27 89 420072.1504
27 90 2024774.077
27 91 8403211.508
27 92 10749194.96
27 93 5578886.462
27 94 5822197.146
27 95 8625553.42
27 96 7895135.826
27 97 1018539.94
27 98 5025714.069
27 99 9530598.613
28 29 4528265.595
28 30 2148978.416
28 31 4573552.764
28 32 6618159.34
28 33 10806526.92
28 34 8741696.677
28 35 11263744.41
28 36 4001913.194
28 37 4150451.177
28 38 672321.0736
28 39 7926874.397
28 40 7091746.964
28 41 4822804.909
28 42 10130666.13
28 43 4540302.886
28 44 10416088.61
28 45 4651260.327
28 46 6389941.948
28 47 8679475.39
28 48 4924034.689
28 49 7275602.466
28 50 9002229.154
28 51 3653590.334
28 52 3716399.059
28 53 4487340.84
28 54 3752894.64
28 55 2332074.254
28 56 2649272.222
28 57 2127747.205
28 58 5092687.497
28 59 5025857.848
28 60 9432440.39
28 61 4647657.732
28 62 5085794.603
28 63 2294676.597
28 64 3126610.621
28 65 7436162.859
28 66 6832307.194
28 67 2993426.531
28 68 8449285.937
28 69 8338162.84
28 70 1299543.69
28 71 3939870.571
28 72 8198378.224
28 73 6821387.071
28 74 7913904.674
28 75 4548545.735
28 76 5126949.693
28 77 4455639.43
28 78 3925109.465
28 79 9201216.73
28 80 2680774.698
28 81 9024440.425
28 82 4731472.777
28 83 2926346.164
28 84 2351377.866
28 85 6640901.764
28 86 6998334.602
28 87 8082092.741
28 88 1773946.307
28 89 5015440.448
28 90 3388959.811
28 91 4545455.925
28 92 8805059.38
28 93 764841.2572
28 94 3799597.761
28 95 9516997.84
28 96 5596038.306
28 97 5256520.908
28 98 414845.0674
28 99 9455030.637
29 30 2404284.376
29 31 4209794.64
29 32 4731423.567
29 33 6597327.586
29 34 6013323.957
29 35 6843528.978
29 36 3509035.286
29 37 3305945.285
29 38 4449126.91
29 39 7138325.583
29 40 4495231.6
29 41 454747.7277
29 42 8656152.369
29 43 2699955.444
29 44 6508275.96
29 45 3673096
29 46 2996156.561
29 47 5485403.405
29 48 5367213.539
29 49 6028238.116
29 50 7615465.183
29 51 4585738.569
29 52 2316800.877
29 53 2465307.669
29 54 4064899.039
29 55 6322359.819
29 56 1885142.547
29 57 2418506.259
29 58 5100795.691
29 59 1538801.225
29 60 4904804.339
29 61 5041351.006
29 62 4203089.674
29 63 2731479.362
29 64 1489919.374
29 65 2913913.264
29 66 5669965.411
29 67 1536312.503
29 68 5593324.939
29 69 5858847.914
29 70 4283594.158
29 71 1747555.323
29 72 3670305.796
29 73 2920471.176
29 74 3467984.784
29 75 2090511.363
29 76 2856538.705
29 77 2325620.502
29 78 3964328.039
29 79 6346822.733
29 80 4070861.716
29 81 4763989.759
29 82 4273123.659
29 83 1986466.962
29 84 2924216.133
29 85 6519521.864
29 86 4558998.021
29 87 6976344.014
29 88 2757142.052
29 89 3070034.965
29 90 2821108.847
29 91 5601705.078
29 92 7364559.803
29 93 4198311.865
29 94 2770765.929
29 95 5755413.88
29 96 4622115.019
29 97 2449070.103
29 98 4137266.53
29 99 6349553.19
30 31 3545828.105
30 32 5137772.448
30 33 8700711.198
30 34 7050586.588
30 35 9119370.194
30 36 2792700.069
30 37 3253811.119
30 38 2051315.94
30 39 6986677.233
30 40 5382492.034
30 41 2676442.565
30 42 8967235.086
30 43 2837033.635
30 44 8383799.512
30 45 3334416.99
30 46 4695579.595
30 47 6832117.261
30 48 4376812.387
30 49 6098679.779
30 50 7842032.355
30 51 3211814.032
30 52 1968216.431
30 53 2707293.35
30 54 2944358.795
30 55 3980447.552
30 56 525190.9166
30 57 439795.2054
30 58 4330016.55
30 59 2947542.229
30 60 7297044.501
30 61 4039424.497
30 62 3879787.842
30 63 855237.493
30 64 979520.9965
30 65 5296520.81
30 66 5665177.827
30 67 876502.3623
30 68 6705812.079
30 69 6722496.522
30 70 1977174.354
30 71 1967812.459
30 72 6069308.025
30 73 4744718.191
30 74 5765243.576
30 75 2984782.396
30 76 3746512.231
30 77 2631976.184
30 78 2993759.696
30 79 7478676.192
30 80 2329446.934
30 81 6901484.138
30 82 3680384.829
30 83 942912.0202
30 84 1593654.723
30 85 5946165.048
30 86 5338132.514
30 87 7007215.056
30 88 481621.06
30 89 3757819.948
30 90 2402367.587
30 91 4308456.901
30 92 7615092.42
30 93 1803899.605
30 94 2256696.861
30 95 7516167.084
30 96 4409185.542
30 97 3679395.968
30 98 1781570.254
30 99 7653368.129
31 32 2237441.922
31 33 7763487.93
31 34 4492286.036
31 35 8683602.8
31 36 774497.2416
31 37 6669670.517
31 38 3968220.449
31 39 3459192.63
31 40 3032864.234
31 41 4040288.699
31 42 5570148.85
31 43 1618588.191
31 44 6959696.376
31 45 643914.6401
31 46 7204568.056
31 47 4750650.575
31 48 1204960.824
31 49 2702808.703
31 50 4438349.553
31 51 1260388.096
31 52 1943535.351
31 53 1836450.264
31 54 845143.9524
31 55 4624398.118
31 56 3634663.87
31 57 3983818.152
31 58 892055.3474
31 59 3118364.361
31 60 7724845.205
31 61 930078.8792
31 62 597190.9542
31 63 2731081.518
31 64 3366652.728
31 65 5959497.964
31 66 2259116.308
31 67 3715267.996
31 68 4311494.158
31 69 4002210.535
31 70 3342192.158
31 71 2467850.746
31 72 6752979.036
31 73 4148143.433
31 74 5917577.366
31 75 5968252.825
31 76 6798243.732
31 77 1965782.261
31 78 648780.63
31 79 4977056.662
31 80 1949489.094
31 81 6325191.14
31 82 158639.6049
31 83 2823303.068
31 84 5139456.574
31 85 2431725.188
31 86 2854627.309
31 87 3539411.203
31 88 3920997.873
31 89 6915209.703
31 90 5859062.921
31 91 1673685.778
31 92 4235162.066
31 93 3812058.03
31 94 1485857.298
31 95 5998511.737
31 96 1038162.508
31 97 6522650.209
31 98 4475022.485
31 99 5363322.742
32 33 5952504.003
32 34 2256582.516
32 35 7063490.724
32 36 2625644.998
32 37 7820547.482
32 38 6067963.217
32 39 2569676.17
32 40 1023473.793
32 41 4376787.482
32 42 3950728.217
32 43 2327632.674
32 44 4975905.129
32 45 1972450.481
32 46 7540508.134
32 47 2631381.861
32 48 2871071.136
32 49 1388401.979
32 50 2885566.864
32 51 3489423.246
32 52 3175795.856
32 53 2505340.763
32 54 3056795.68
32 55 6861827.676
32 56 5021647.327
32 57 5534100.857
32 58 2379238.748
32 59 3218420.937
32 60 6662338.306
32 61 2823964.371
32 62 1641921.884
32 63 4481193.863
32 64 4574990.824
32 65 5293962.366
32 66 1178728.995
32 67 4953507.042
32 68 2107640.644
32 69 1767972.752
32 70 5471634.094
32 71 3372727.668
32 72 5966622.105
32 73 3131740.995
32 74 4936522.618
32 75 6792464.774
32 76 7583485.87
32 77 2618736.378
32 78 2829137.946
32 79 2742050.852
32 80 4132180.234
32 81 4833459.092
32 82 2093013.87
32 83 4226988.661
32 84 6645284.827
32 85 2622608.032
32 86 789459.993
32 87 2294082.804
32 88 5592810.56
32 89 7780126.334
32 90 7117932.537
32 91 3561869.375
32 92 2635941.732
32 93 5880304.157
32 94 2904654.542
32 95 4034920.39
32 96 1291541.836
32 97 7176302.604
32 98 6448748.518
32 99 3152876.226
33 34 4422141.053
33 35 1409887.027
33 36 7680949.404
33 37 9526840.939
33 38 10511235.99
33 39 7857501.785
33 40 4933293.09
33 41 6183911.541
33 42 7469171.481
33 43 6637690.832
33 44 1288870.221
33 45 7196459.199
33 46 7400424.955
33 47 3509824.317
33 48 8722404.544
33 49 6902039.138
33 50 7148317.001
33 51 8940892.364
33 52 7256704.002
33 53 6577983.586
33 54 8358499.347
33 55 11978759.99
33 56 8262949.975
33 57 8871237.747
33 58 8229914.22
33 59 5781821.127
33 60 3123598.875
33 61 8589823.126
33 62 7237044.753
33 63 8570856.244
33 64 7733430.516
33 65 4086553.496
33 66 6961527.859
33 67 7964403.597
33 68 4200105.29
33 69 4905882.756
33 70 10102921.77
33 71 6898381.356
33 72 3815418.026
33 73 3997165.596
33 74 3270430.988
33 75 8118632.33
33 76 8507042.592
33 77 6552017.666
33 78 8124017.986
33 79 4162144.324
33 80 9153060.916
33 81 1833799.582
33 82 7672150.675
33 83 7882411.525
33 84 9521401.478
33 85 8490039.297
33 86 5164001.578
33 87 7348851.076
33 88 9149648.277
33 89 8822275.64
33 90 9294351.68
33 91 9365295.64
33 92 6970223.52
33 93 10263610.39
33 94 7383693.223
33 95 1993046.519
33 96 7123838.653
33 97 7951552.432
33 98 10470631.99
33 99 3597704.107
34 35 5743415.534
34 36 4815090.021
34 37 9303060.186
34 38 8231057.385
34 39 3461330.628
34 40 1669228.006
34 41 5579893.245
34 42 3319135.296
34 43 4240516.04
34 44 3220138.183
34 45 4169798.037
34 46 8376917.943
34 47 1010196.688
34 48 5049784.517
34 49 2644550.512
34 50 2763660.235
34 51 5745996.815
34 52 5107764.383
34 53 4346152.007
34 54 5301574.578
34 55 9116034.198
34 56 6827671.721
34 57 7401438.803
34 58 4573495.555
34 59 4515185.12
34 60 6128404.443
34 61 5046677.064
34 62 3895544.857
34 63 6510684.242
34 64 6318425.564
34 65 5412599.172
34 66 2840656.694
34 67 6678653.018
34 68 446518.2718
34 69 559126.6866
34 70 7657910.624
34 71 5119716.04
34 72 5847303.231
34 73 3422825.218
34 74 4752045.188
34 75 8086812.816
34 76 8794632.495
34 77 4418745.044
34 78 5069369.506
34 79 485803.7098
34 80 6357631.818
34 81 3963734.011
34 82 4349248.774
34 83 6108445.533
34 84 8431446.314
34 85 4306914.757
34 86 1743391.875
34 87 2939778.428
34 88 7527171.773
34 89 9043347.858
34 90 8713379.092
34 91 5752712.624
34 92 2566386.65
34 93 8027846.351
34 94 4947388.749
34 95 2446679.446
34 96 3532245.533
34 97 8308300.095
34 98 8532241.378
34 99 978780.8338
35 36 8497104.737
35 37 9458696.904
35 38 11043618.51
35 39 9131161.935
35 40 6041565.244
35 41 6479378.399
35 42 8860103.394
35 43 7397418.234
35 44 2695655.531
35 45 8080204.537
35 46 7049575.572
35 47 4785626.26
35 48 9722208.605
35 49 8121545.481
35 50 8495291.876
35 51 9795733.55
35 52 7905237.25
35 53 7299608.592
35 54 9195798.146
35 55 12651742
35 56 8641837.86
35 57 9226908.852
35 58 9238761.549
35 59 6321882.813
35 60 2448116.781
35 61 9555609.157
35 62 8198881.534
35 63 9116797.356
35 64 8139851.762
35 65 4028990.316
35 66 8137223.19
35 67 8316907.415
35 68 5480096.828
35 69 6196564.242
35 70 10698533.95
35 71 7471458.722
35 72 3499887.316
35 73 4650339.59
35 74 3375768.392
35 75 8064900.181
35 76 8323253.676
35 77 7249942.599
35 78 8970408.039
35 79 5520707.54
35 80 9885552.824
35 81 2370543.053
35 82 8609840.04
35 83 8384239.562
35 84 9728789.681
35 85 9657778.595
35 86 6277476.163
35 87 8636482.659
35 88 9537626.846
35 89 8643239.522
35 90 9352289.379
35 91 10331006.55
35 92 8307354.958
35 93 10790834.27
35 94 8101820.228
35 95 3297375.437
35 96 8154126.241
35 97 7778569.029
35 98 10900447.67
35 99 4969083.975
36 37 5895365.809
36 38 3442371.238
36 39 4194437.6
36 40 3228098.998
36 41 3381631.477
36 42 6232604.47
36 43 1134424.864
36 44 6987749.445
36 45 653227.4033
36 46 6492449.251
36 47 4919653.126
36 48 1859367.578
36 49 3351691.843
36 50 5100587.472
36 51 1315798.072
36 52 1202604.513
36 53 1299899.49
36 54 707091.3546
36 55 4398834.81
36 56 2862189.812
36 57 3228024.124
36 58 1641884.326
36 59 2574472.878
36 60 7341010.304
36 61 1532439.088
36 62 1115602.624
36 63 2001834.902
36 64 2594701.144
36 65 5491075.971
36 66 2910105.281
36 67 2941183.286
36 68 4572303.787
36 69 4373169.218
36 70 2849247.347
36 71 1762525.09
36 72 6301153.281
36 73 3868509.801
36 74 5546885.044
36 75 5207010.996
36 76 6036721.349
36 77 1403977.831
36 78 509457.1784
36 79 5290229.693
36 80 1562904.583
36 81 6126564.089
36 82 894415.0711
36 83 2048954.293
36 84 4384255.249
36 85 3206222.409
36 86 3092745.664
36 87 4233676.672
36 88 3186401.581
36 89 6147973.519
36 90 5086513.973
36 91 2144590.866
36 92 4884771.216
36 93 3257317.738
36 94 741617.7496
36 95 6032342.354
36 96 1646037.935
36 97 5774357.232
36 98 3856819.376
36 99 5613887.927
37 38 4556253.785
37 39 10003501.48
37 40 7738410.356
37 41 3754759.234
37 42 11769337.17
37 43 5545461.977
37 44 9647372.451
37 45 6323298.022
37 46 2828276.938
37 47 8790607.814
37 48 7603646.824
37 49 8994899.363
37 50 10681582.5
37 51 6464901.293
37 52 4811610.678
37 53 5339517.306
37 54 6164756.809
37 55 6479136.056
37 56 3042441.934
37 57 2836037.43
37 58 7509324.85
37 59 4790345.258
37 60 7143668.533
37 61 7262961.621
37 62 6890585.319
37 63 4103998.791
37 64 3331729.936
37 65 5470616.656
37 66 8589723.414
37 67 2964867.594
37 68 8889464.721
37 69 9116518.305
37 70 4852899.945
37 71 4467757.745
37 72 5968304.896
37 73 6186014.561
37 74 6257183.847
37 75 1408405.847
37 76 1307754.499
37 77 5215405.697
37 78 6183294.113
37 79 9648018.019
37 80 5569098.836
37 81 7727444.834
37 82 6785810.578
37 83 3846412.358
37 84 1875035.758
37 85 9100994.114
37 86 7774721.215
37 87 9939306.79
37 88 3070719.199
37 89 1047786.293
37 90 858292.1173
37 91 7562200.813
37 92 10438186.74
37 93 4404742.198
37 94 5228346.662
37 95 8971250.737
37 96 7393819.695
37 97 1755816.585
37 98 3781593.914
37 99 9654786.22
38 39 7282285.066
38 40 6598801.662
38 41 4690965.141
38 42 9504675.624
38 43 4086668.279
38 44 10052541.15
38 45 4095518.046
38 46 6587209.449
38 47 8224530.813
38 48 4263392.213
38 49 6663219.066
38 50 8379306.557
38 51 2998625.796
38 52 3307686.495
38 53 4061171.99
38 54 3135022.759
38 55 1996796.837
38 56 2576363.082
38 57 2168326.481
38 58 4447649.438
38 59 4741314.809
38 60 9319440.788
38 61 3993499.762
38 62 4500429.665
38 63 1940581.809
38 64 2979842.687
38 65 7316013.023
38 66 6221434.511
38 67 2927815.03
38 68 7957181.308
38 69 7808154.233
38 70 640838.8627
38 71 3612867.218
38 72 8101091.803
38 73 6514148.85
38 74 7730330.549
38 75 4773726.136
38 76 5421899.134
38 77 4046517.448
38 78 3320023.839
38 79 8697975.077
38 80 2044000.467
38 81 8759800.355
38 82 4126799.261
38 83 2659568.141
38 84 2693960.858
38 85 5981224.853
38 86 6491230.905
38 87 7451713.191
38 88 1801932.651
38 89 5345231.446
38 90 3746775.036
38 91 3874041.754
38 92 8187035.466
38 93 254178.2516
38 94 3325118.829
38 95 9135454.887
38 96 5000062.902
38 97 5487891.211
38 98 835500.3231
38 99 8977990.297
39 40 3370614.042
39 41 6829540.442
39 42 2332242.439
39 43 4496419.643
39 44 6680116.958
39 45 3687636.959
39 46 10041225.32
39 47 4352339.898
39 48 3070138.264
39 49 1182525.126
39 50 1344228.736
39 51 4289843.727
39 52 5192599.862
39 53 4720333.435
39 54 4204280.639
39 55 7394960.115
39 56 7019923.354
39 57 7420674.199
39 58 2834801.725
39 59 5689857.311
39 60 9096614.836
39 61 3299550.616
39 62 3123654.216
39 63 6187416.874
39 64 6672763.328
39 65 7847638.142
39 66 1472447.38
39 67 7043974.355
39 68 3658875.838
39 69 2952498.131
39 70 6641502.98
39 71 5569389.818
39 72 8493193.562
39 73 5672466.382
39 74 7435637.79
39 75 9126447.987
39 76 9942883.671
39 77 4855520.809
39 78 4073160.402
39 79 3817210.587
39 80 5246221.439
39 81 7104794.556
39 82 3315324.372
39 83 6194670.676
39 84 8576344.6
39 85 1447737.016
39 86 3159025.77
39 87 538422.6977
39 88 7376454.713
39 89 10107855.97
39 90 9228775.935
39 91 3646668.071
39 92 1291683.723
39 93 7163348.335
39 94 4789871.937
39 95 5865418.484
39 96 2610386.839
39 97 9581124.12
39 98 7878482.537
39 99 4395475.149
40 41 4086143.325
40 42 4258765.922
40 43 2573399.838
40 44 3988525.65
40 45 2605783.126
40 46 7093174.073
40 47 1718064.425
40 48 3832477.698
40 49 2218338.455
40 50 3333248.488
40 51 4288492.026
40 52 3439048.375
40 53 2677052.242
40 54 3783395.848
40 55 7602893.591
40 56 5169635.354
40 57 5737323.796
40 58 3336957.218
40 59 2961441.998
40 60 5735743.683
40 61 3744583.008
40 62 2448166.053
40 63 4846302.328
40 64 4668220.571
40 65 4523114.335
40 66 2131526.123
40 67 5033669.93
40 68 1358663.203
40 69 1381378.717
40 70 6042044.66
40 71 3461725.869
40 72 5133843.313
40 73 2347662.066
40 74 4067168.31
40 75 6585590.683
40 76 7333302.952
40 77 2751349.282
40 78 3544124.028
40 79 2112742.756
40 80 4789436.705
40 81 3832935.989
40 82 2909112.885
40 83 4440876.015
40 84 6781249.305
40 85 3627798.484
40 86 236392.8318
40 87 2988537.985
40 88 5858494.531
40 89 7561420.45
40 90 7110024.883
40 91 4505680.645
40 92 3081824.288
40 93 6388812.827
40 94 3292383.105
40 95 3037061.954
40 96 2225577.912
40 97 6878501.247
40 98 6872450.639
40 99 2387711.396
41 42 8278219.431
41 43 2469451.857
41 44 6065143.898
41 45 3468350.055
41 46 3228565.323
41 47 5035902.594
41 48 5223461.599
41 49 5700215.336
41 50 7252984.942
41 51 4536488.632
41 52 2229077.382
41 53 2235674.925
41 54 3985442.725
41 55 6507846.555
41 56 2176216.504
41 57 2748795.103
41 58 4923475.389
41 59 1158898.836
41 60 4628638.988
41 61 4907505.901
41 62 3974266.611
41 63 2881351.434
41 64 1712226.423
41 65 2625377.195
41 66 5357417.343
41 67 1841657.34
41 68 5156427.307
41 69 5440310.934
41 70 4470667.106
41 71 1638317.142
41 72 3413142.864
41 73 2466566.356
41 74 3107375.934
41 75 2508791.813
41 76 3247634.561
41 77 2097650.64
41 78 3860996.347
41 79 5905931.158
41 80 4114902.647
41 81 4353205.075
41 82 4088639.926
41 83 2115124.358
41 84 3343455.916
41 85 6282655.312
41 86 4160855.527
41 87 6643746.291
41 88 3068365.322
41 89 3477053.356
41 90 3275152.043
41 91 5510917.713
41 92 7000861.249
41 93 4437519.011
41 94 2661047.691
41 95 5304265.366
41 96 4362325.967
41 97 2807596.276
41 98 4443506.823
41 99 5900074.909
42 43 6243859.932
42 44 6185652.858
42 45 5639481.982
42 46 11350372.56
42 47 4321137.89
42 48 5372061.97
42 49 2880913.484
42 50 1132725.927
42 51 6545393.993
42 52 7052035.774
42 53 6438022.977
42 54 6377926.25
42 55 9721390.02
42 56 8914439.255
42 57 9385281.679
42 58 5083462.743
42 59 7123355.609
42 60 9446607.396
42 61 5572973.039
42 62 5117335.509
42 63 8225633.159
42 64 8497093.51
42 65 8641238.8
42 66 3323171.606
42 67 8876166.341
42 68 3723001.204
42 69 3102374.347
42 70 8867117.145
42 71 7310239.517
42 72 9134623.636
42 73 6529311.922
42 74 8036624.505
42 75 10732221
42 76 11512691.04
42 77 6557822.628
42 78 6213889.664
42 79 3390034.348
42 80 7460812.219
42 81 7271919.762
42 82 5414724.958
42 83 8099184.17
42 84 10523898.06
42 85 3778639.186
42 86 4140671.269
42 87 2057185.821
42 88 9394474.888
42 89 11718810.56
42 90 11054788.42
42 91 5972747.109
42 92 1352162.258
42 93 9366183.664
42 94 6712353.296
42 95 5619337.56
42 96 4586614.569
42 97 11085775.57
42 98 10044968.25
42 99 3904061.772
43 44 6031004.406
43 45 1007382.03
43 46 5683467.048
43 47 4142044.305
43 48 2823285.721
43 49 3450782.279
43 50 5142630.674
43 51 2449219.309
43 52 871677.4302
43 53 235022.5746
43 54 1840430.55
43 55 5350358.871
43 56 2694320.42
43 57 3218349.189
43 58 2476493.829
43 59 1499909.184
43 60 6207821.932
43 61 2534379.554
43 62 1506790.797
43 63 2274452.663
43 64 2253951.323
43 65 4375829.695
43 66 3053469.386
43 67 2633074.098
43 68 3922218.152
43 69 3889591.33
43 70 3576527.797
43 71 1079567.105
43 72 5180925.589
43 73 2752718.987
43 74 4412510.639
43 75 4631503.355
43 76 5451186.474
43 77 374652.6941
43 78 1639452.881
43 79 4685166.412
43 80 2515370.587
43 81 5029179.029
43 82 1642310.964
43 83 1908772.345
43 84 4318706.9
43 85 3821362.278
43 86 2509746.596
43 87 4397798.077
43 88 3305169.286
43 89 5611611.533
43 90 4812176.149
43 91 3226736.112
43 92 4902356.206
43 93 3863006.933
43 94 771038.8711
43 95 5091667.648
43 96 1928204.379
43 97 5109845.241
43 98 4305041.943
43 99 4916067.669
44 45 6442811.576
44 46 7818496.624
44 47 2393455.061
44 48 7820996.466
44 49 5788716.592
44 50 5901330.581
44 51 8185322.257
44 52 6747312.27
44 53 6013485.598
44 54 7630248.43
44 55 11366970.88
44 56 7994595.179
44 57 8611307.374
44 58 7325472.076
44 59 5438705.084
44 60 4008374.57
44 61 7725301.55
44 62 6398939.601
44 63 8132311.335
44 64 7452204.733
44 65 4428150.761
44 66 5895317.465
44 67 7729111.494
44 68 3056135.269
44 69 3735071.798
44 70 9588599.817
44 71 6476885.979
44 72 4389021.611
44 73 3656986.08
44 74 3567708.729
44 75 8257317.187
44 76 8752161.631
44 77 6013306.021
44 78 7390586.627
44 79 2916635.476
44 80 8517894.159
44 81 2080116.945
44 82 6851478.916
44 83 7503568.949
44 84 9388739.014
44 85 7417180.316
44 86 4205215.117
44 87 6159914.48
44 88 8852997.574
44 89 9056202.245
44 90 9304672.814
44 91 8491307.502
44 92 5733183.666
44 93 9813458.604
44 94 6799284.965
44 95 961227.5824
44 96 6213922.532
44 97 8200759.163
44 98 10111216.35
44 99 2341088.213
45 46 6667127.426
45 47 4312342.906
45 48 1838506.434
45 49 2764991.959
45 50 4511083.062
45 51 1747627.421
45 52 1514612.553
45 53 1236369.15
45 54 1191067.121
45 55 4998276.834
45 56 3333936.592
45 57 3759774.133
45 58 1470252.609
45 59 2497823.208
45 60 7082532.374
45 61 1573822.622
45 62 567404.1793
45 63 2589726.602
45 64 2991885.755
45 65 5317462.853
45 66 2330783.285
45 67 3359653.476
45 68 3938238.761
45 69 3721846.114
45 70 3501506.755
45 71 1963520.556
45 72 6109636.805
45 73 3515468.94
45 74 5275569.266
45 75 5523085.531
45 76 6350854.095
45 77 1372267.035
45 78 950430.1767
45 79 4647133.456
45 80 2190980.524
45 81 5715593.242
45 82 640012.1327
45 83 2508457.03
45 84 4909830.632
45 85 2859025.071
45 86 2458530.833
45 87 3675418.656
45 88 3755199.223
45 89 6488740.441
45 90 5541582.832
45 91 2312391.737
45 92 4287860.892
45 93 3909243.555
45 94 1102539.744
45 95 5482916.597
45 96 1081395.561
45 97 6042412.995
45 98 4496979.394
45 99 4984314.512
46 47 7623146.943
46 48 8351683.178
46 49 8895291.621
46 50 10377490.76
46 51 7492529.731
46 52 5291601.535
46 53 5448476.802
46 54 7010875.269
46 55 8583099.169
46 56 4228439.176
46 57 4446265.661
46 58 8096080.209
46 59 4351612.497
46 60 4621873.856
46 61 8021581.228
46 62 7190090.604
46 63 5350532.831
46 64 4130396.55
46 65 3390375.858
46 66 8569166.771
46 67 3934834.329
46 68 7931668.8
46 69 8359384.756
46 70 6655573.782
46 71 4738073.907
46 72 3601984.247
46 73 4958308.079
46 74 4250837.053
46 75 1846250.519
46 76 1520855.267
46 77 5309019.504
46 78 6930705.007
46 79 8606782.723
46 80 6840453.799
46 81 5753138.772
46 82 7269253.971
46 83 4732060.201
46 84 4090425.809
46 85 9504247.715
46 86 7212134.041
46 87 9829267.515
46 88 4802232.073
46 89 1806052.299
46 90 3187494.313
46 91 8545656.44
46 92 10123866.28
46 93 6371674.044
46 94 5751127.681
46 95 7346945.193
46 96 7589926.928
46 97 1161777.167
46 98 5978021.714
46 99 8448506.746
47 48 5501571.442
47 49 3403508.195
47 50 3761635.129
47 51 6006518.871
47 52 4969573.909
47 53 4195314.052
47 54 5496434.327
47 55 9310043.262
47 56 6543369.853
47 57 7143062.897
47 58 5008449.748
47 59 4073631.613
47 60 5126343.657
47 61 5439020.874
47 62 4163956.865
47 63 6396673.4
47 64 6011329.708
47 65 4520413.541
47 66 3502071.887
47 67 6349592.309
47 68 694643.0853
47 69 1411362.487
47 70 7692378.715
47 71 4865021.845
47 72 4898308.232
47 73 2688450.449
47 74 3811944.813
47 75 7508767.829
47 76 8169834.702
47 77 4238471.396
47 78 5256475.649
47 79 1020975.684
47 80 6482298.482
47 81 2954386.952
47 82 4625487.584
47 83 5895179.258
47 84 8099717.016
47 85 5023955.103
47 86 1903134.458
47 87 3851744.39
47 88 7313726.149
47 89 8436188.199
47 90 8267170.146
47 91 6188585.64
47 92 3555441.334
47 93 8003938.208
47 94 4899413.053
47 95 1517082.347
47 96 3907192.786
47 97 7660099.224
47 98 8429582.234
47 99 864179.0026
48 49 2730685.265
48 50 4285077.19
48 51 1277847.833
48 52 3060550.556
48 53 3039155.397
48 54 1438914.048
48 55 4370950.515
48 56 4568970.791
48 57 4813445.081
48 58 495528.5937
48 59 4323172.902
48 60 8886176.173
48 61 341979.2944
48 62 1539796.173
48 63 3522795
48 64 4388610.896
48 65 7153155.605
48 66 2347626.394
48 67 4708017.093
48 68 4963504.493
48 69 4509648.469
48 70 3625442.886
48 71 3619767.538
48 72 7940971.2
48 73 5280885.81
48 74 7079127.088
48 75 7026332.87
48 76 7853214.977
48 77 3166503.011
48 78 1446700.223
48 79 5530197.533
48 80 2278626.821
48 81 7388116.003
48 82 1203643.697
48 83 3804076.493
48 84 5943498.045
48 85 1717954.112
48 86 3618481.57
48 87 3328353.552
48 88 4676611.632
48 89 7945371.774
48 90 6765801.235
48 91 704158.4323
48 92 4132053.229
48 93 4170474.786
48 94 2600556.991
48 95 6868050.909
48 96 1607366.827
48 97 7615082.978
48 98 4924681.837
48 99 5992713.298
49 50 1749109.832
49 51 3765531.323
49 52 4214195.823
49 53 3663169.722
49 54 3528196.445
49 55 7078089.103
49 56 6072027.195
49 57 6521641.741
49 58 2341683.771
49 59 4550108.164
49 60 7954080.542
49 61 2850846.292
49 62 2236518.02
49 63 5346307.094
49 64 5682250.505
49 65 6667438.942
49 66 444134.2075
49 67 6059402.362
49 68 2733163.187
49 69 2089626.769
49 70 6031147.301
49 71 4530228.173
49 72 7320473.976
49 73 4494426.914
49 74 6270327.755
49 75 8051582.778
49 76 8858798.98
49 77 3792947.479
49 78 3350655.031
49 79 3077326.582
49 80 4626429.229
49 81 6012524.961
49 82 2545522.021
49 83 5250101.782
49 84 7667581.683
49 85 1664014.643
49 86 1997840.562
49 87 950616.1289
49 88 6519206.506
49 89 9037668.909
49 90 8248023.932
49 91 3412839.161
49 92 1535230.868
49 93 6513119.361
49 94 3850933.423
49 95 4915423.963
49 96 1705713.443
49 97 8476930.945
49 98 7174877.542
49 99 3622076.28
50 51 5432017.625
50 52 5937581.92
50 53 5342940.05
50 54 5249365.567
50 55 8651090.767
50 56 7799585.641
50 57 8262234.355
50 58 3973370.211
50 59 6094246.508
50 60 8807731.176
50 61 4469410.988
50 62 3985596.363
50 63 7095131.207
50 64 7392026.319
50 65 7823536.602
50 66 2190732.171
50 67 7770727.947
50 68 3092559.361
50 69 2392425.665
50 70 7742829.792
50 71 6215498.049
50 72 8377313.184
50 73 5666213.773
50 74 7285052.511
50 75 9677607.951
50 76 10468830.96
50 77 5466178.932
50 78 5082882.551
50 79 2987291.126
50 80 6336130.869
50 81 6688996.898
50 82 4282657.309
50 83 6981429.937
50 84 9404110.395
50 85 2768550.447
50 86 3182180.261
50 87 957595.8724
50 88 8266244.389
50 89 10665340.71
50 90 9954467.865
50 91 4909904.381
50 92 253650.2585
50 93 8238048.626
50 94 5589332.28
50 95 5199422.945
50 96 3454549.909
50 97 10057410.29
50 98 8913357.751
50 99 3560260.595
51 52 2310255.018
51 53 2603281.848
51 54 608839.9496
51 55 3381015.873
51 56 3476734.873
51 57 3637977.179
51 58 1462711.569
51 59 3850268.16
51 60 8651194.286
51 61 994874.0367
51 62 1856270.521
51 63 2361525.359
51 64 3395254.995
51 65 6780879.094
51 66 3337462.411
51 67 3669384.816
51 68 5571608.085
51 69 5247088.566
51 70 2358331.754
51 71 2901485.386
51 72 7595030.501
51 73 5179843.241
51 74 6860380.151
51 75 6021239.852
51 76 6834733.157
51 77 2696149.607
51 78 825467.3388
51 79 6231383.4
51 80 1002763.146
51 81 7425948.182
51 82 1397639.036
51 83 2788935.429
51 84 4738515.16
51 85 2989222.884
51 86 4113894.278
51 87 4488240.693
51 88 3464398.725
51 89 6895238.177
51 90 5614128.673
51 91 1099531.829
51 92 5255187.336
51 93 2896376.102
51 94 1909055.427
51 95 7224590.48
51 96 2238516.773
51 97 6654147.551
51 98 3646895.494
51 99 6623378.186
52 53 774660.9528
52 54 1757927.847
52 55 4747942.585
52 56 1862435.827
52 57 2358338.915
52 58 2831554.077
52 59 1639799.813
52 60 6484999.586
52 61 2730043.153
52 62 2081791.658
52 63 1427151.34
52 64 1480190.205
52 65 4547990.514
52 66 3795691.433
52 67 1852309.312
52 68 4781376.589
52 69 4761264.434
52 70 2851212.725
52 71 591438.6958
52 72 5367105.777
52 73 3276980.369
52 74 4742162.258
52 75 4029488.18
52 76 4859262.267
52 77 740815.2312
52 78 1647628.232
52 79 5548068.884
52 80 2028090.551
52 81 5562768.783
52 82 2032494.908
52 83 1052373.506
52 84 3476995.936
52 85 4346669.155
52 86 3380724.147
52 87 5147953.895
52 88 2434042.522
52 89 4985517.696
52 90 4040497.526
52 91 3289950.195
52 92 5703089.861
52 93 3072446.064
52 94 461463.2023
52 95 5827774.477
52 96 2582403.564
52 97 4579410.311
52 98 3460176.241
52 99 5761647.121
53 54 1997080.827
53 55 5400782.88
53 56 2530537.386
53 57 3073663.919
53 58 2702618.061
53 59 1289935.713
53 60 6048170.615
53 61 2743866.793
53 62 1741702.685
53 63 2201425.771
53 64 2069979.241
53 65 4191779.313
53 66 3271586.034
53 67 2448269.714
53 68 4012069.701
53 69 4017201.302
53 70 3575828.703
53 71 872651.0585
53 72 5001282.662
53 73 2649274.754
53 74 4261097.58
53 75 4406151.443
53 76 5224076.398
53 77 139708.2628
53 78 1809274.034
53 79 4781095.259
53 80 2588712.357
53 81 4936572.317
53 82 1867212.955
53 83 1768306.428
53 84 4155465.29
53 85 4056380.427
53 86 2631654.22
53 87 4611936.753
53 88 3181879.917
53 89 5387874.925
53 90 4617222.188
53 91 3421490.935
53 92 5100760.821
53 93 3830787.137
53 94 807006.9912
53 95 5083638.841
53 96 2160627.406
53 97 4878435.646
53 98 4234748.548
53 99 4987535.097
54 55 3823498.286
54 56 3131108.843
54 57 3382675.582
54 58 1411581.944
54 59 3253858.611
54 60 8043947.505
54 61 1098362.906
54 62 1420414.477
54 63 2093557.282
54 64 2972463.216
54 65 6180960.64
54 66 3086580.223
54 67 3279711.661
54 68 5097416.147
54 69 4824767.466
54 70 2504104.001
54 71 2347265.848
54 72 6993715.575
54 73 4573583.35
54 74 6252019.115
54 75 5613679.839
54 76 6437075.65
54 77 2093046.423
54 78 240693.7972
54 79 5784252.626
54 80 1105216.296
54 81 6825451.223
54 82 1002803.088
54 83 2378148.009
54 84 4521811.807
54 85 3030326.477
54 86 3623640.503
54 87 4331941.071
54 88 3264478.44
54 89 6519572.526
54 90 5327774.786
54 91 1537537.343
54 92 5053610.764
54 93 2988698.694
54 94 1331371.47
54 95 6671122.087
54 96 1883155.409
54 97 6221140.88
54 98 3678344.078
54 99 6147863.785
55 56 4500116.067
55 57 4151003.329
55 58 4736995.114
55 59 6344799.124
55 60 11101056.89
55 61 4227570.102
55 62 5220636.413
55 63 3630807.303
55 64 4832470.988
55 65 9106267.842
55 66 6668518.633
55 67 4845669.142
55 68 8920706.119
55 69 8624926.064
55 70 2039636.836
55 71 5195325.025
55 72 9910931.153
55 73 8021681.386
55 74 9430620.482
55 75 6769996.27
55 76 7406504.122
55 77 5429624.695
55 78 4060922.311
55 79 9600333.889
55 80 2849553.655
55 81 10309990.51
55 82 4769960.573
55 83 4398454.973
55 84 4650692.53
55 85 5963764.95
55 86 7446843.904
55 87 7693501.503
55 88 3787864.212
55 89 7316635.859
55 90 5700372.296
55 91 3748820.137
55 92 8502600.922
55 93 2213447.638
55 94 4595608.943
55 95 10417344.45
55 96 5619382.931
55 97 7484109.89
55 98 2700088.748
55 99 9971342.659
56 57 616795.8898
56 58 4467091.01
56 59 2561323.991
56 60 6785042.713
56 61 4227420.545
56 62 3896283.8
56 63 1153165.899
56 64 543646.3274
56 65 4787171.165
56 66 5648889.88
56 67 351656.628
56 68 6463974.489
56 69 6532635.117
56 70 2484836.634
56 71 1708251.346
56 72 5554016.711
56 73 4340912.189
56 74 5277882.308
56 75 2580501.252
56 76 3374427.339
56 77 2434260.13
56 78 3141551.578
56 79 7239676.375
56 80 2674190.403
56 81 6451750.37
56 82 3755963.806
56 83 825479.8807
56 84 1625215.674
56 85 6063367.335
56 86 5146846.555
56 87 7000097.356
56 88 895833.1102
56 89 3420271.791
56 90 2224417.315
56 91 4575145.602
56 92 7565479.96
56 93 2329087.182
56 94 2231624.295
56 95 7147320.821
56 96 4414958.817
56 97 3254146.938
56 98 2267290.864
56 99 7379836.496
57 58 4769780.623
57 59 3177786.562
57 60 7320363.48
57 61 4476708.061
57 62 4309198.562
57 63 1290650.25
57 64 1160101.862
57 65 5332418.773
57 66 6090076.849
57 67 911521.1665
57 68 7045969.679
57 69 7089819.535
57 70 2216494.445
57 71 2287530.904
57 72 6081918.827
57 73 4957197.711
57 74 5856170.707
57 75 2677573.297
57 76 3405255.525
57 77 2988281.724
57 78 3433540.854
57 79 7820879.98
57 80 2733712.371
57 81 7055970.478
57 82 4117384.613
57 83 1309581.246
57 84 1156270.525
57 85 6385934.366
57 86 5703587.265
57 87 7434693.147
57 88 367345.1201
57 89 3393100.13
57 90 1980207.305
57 91 4731852.334
57 92 8033430.634
57 93 1938766.238
57 94 2673050.959
57 95 7763592.654
57 96 4837311.288
57 97 3385448.137
57 98 1726438.592
57 99 7974737.983
58 59 3967166.003
58 60 8445904.42
58 61 509452.3349
58 62 1087653.085
58 63 3488585.81
58 64 4232274.65
58 65 6747024.637
58 66 1933596.843
58 67 4571483.782
58 68 4476681.027
58 69 4038253.757
58 70 3806933.273
58 71 3359872.618
58 72 7525788.545
58 73 4830098.581
58 74 6640983.504
58 75 6848781.55
58 76 7678545.739
58 77 2836141.475
58 78 1336331.722
58 79 5055725.478
58 80 2412734.896
58 81 6911030.954
58 82 835820.739
58 83 3671140.693
58 84 5917653.567
58 85 1620628.614
58 86 3123252.639
58 87 3026566.126
58 88 4669299.717
58 89 7788840.922
58 90 6686176.803
58 91 1184003.21
58 92 3802146.638
58 93 4329749.044
58 94 2371675.125
58 95 6372568.795
58 96 1111899.044
58 97 7410758.909
58 98 5054156.649
58 99 5509952.747
59 60 4847396.83
59 61 4032494.364
59 62 2947845.735
59 63 2803293.614
59 64 2017726.653
59 65 2932822.453
59 66 4217637.221
59 67 2317622.261
59 68 4107787.432
59 69 4332305.941
59 70 4376677.212
59 71 1150898.498
59 72 3749508.885
59 73 1799508.276
59 74 3104545.049
59 75 3628165.291
59 76 4392143.175
59 77 1172907.561
59 78 3082309.854
59 79 4873908.982
59 80 3667853.906
59 81 4018572.966
59 82 3137062.114
59 83 2100606.948
59 84 4044575.656
59 85 5219674.688
59 86 3020465.22
59 87 5490681.753
59 88 3414481.005
59 89 4608836.035
59 90 4207902.259
59 91 4709178.776
59 92 5842217.064
59 93 4491111.066
59 94 1953444.817
59 95 4586077.185
59 96 3283845.533
59 97 3964414.524
59 98 4697403.072
59 99 4930983.879
60 61 8650978.97
60 62 7358426.513
60 63 7473523.661
60 64 6340689.503
60 65 2003452.961
60 66 7835591.219
60 67 6439099.433
60 68 5740071.092
60 69 6418332.967
60 70 9075951.982
60 71 5955842.945
60 72 1244401.625
60 73 3625278.183
60 74 1807599.307
60 75 5781247.925
60 76 5953038.193
60 77 5960170.211
60 78 7847273.105
60 79 6097236.488
60 80 8512100.958
60 81 2200877.646
60 82 7692436.882
60 83 6707906.947
60 84 7641299.834
60 85 9253912.059
60 86 5958316.932
60 87 8678752.103
60 88 7661922.647
60 89 6272130.699
60 90 7132996.634
60 91 9393887.033
60 92 8579437.037
60 93 9065865.587
60 94 6789169.402
60 95 4031925.995
60 96 7472248.154
60 97 5421116.667
60 98 9041981.925
60 99 5672798.017
61 62 1357708.311
61 63 3186217.869
61 64 4047448.987
61 65 6888860.211
61 66 2442637.829
61 67 4366122.785
61 68 4930677.42
61 69 4518270.768
61 70 3353174.223
61 71 3294930.31
61 72 7683015.919
61 73 5062742.738
61 74 6843424.914
61 75 6685838.701
61 76 7512415.732
61 77 2867705.828
61 78 1106416.853
61 79 5530752.409
61 80 1981477.43
61 81 7208401.7
61 82 961787.6975
61 83 3462227.011
61 84 5609850.528
61 85 2000871.806
61 86 3540495.27
61 87 3518324.285
61 88 4345271.722
61 89 7603714.768
61 90 6426038.632
61 91 776585.4403
61 92 4302988.979
61 93 3888966.32
61 94 2271576.24
61 95 6767655.928
61 96 1533947.135
61 97 7276922.947
61 98 4631884.735
61 99 5971466.072
62 63 3111386.832
62 64 3559263.082
62 65 5669324.498
62 66 1795798.515
62 67 3926675.85
62 68 3715415.524
62 69 3408498.808
62 70 3884916.516
62 71 2516450.063
62 72 6443096.01
62 73 3744785.706
62 74 5553338.934
62 75 6082603.759
62 76 6909316.646
62 77 1881087.079
62 78 1200458.06
62 79 4380159.874
62 80 2512356.073
62 81 5855417.657
62 82 461911.3038
62 83 3071017.809
62 84 5462301.436
62 85 2316493.602
62 86 2263899.21
62 87 3128382.737
62 88 4289400.732
62 89 7051000.348
62 90 6107296.541
62 91 2134170.731
62 92 3769173.357
62 93 4330926.438
62 94 1666881.926
62 95 5438596.744
62 96 531860.6029
62 97 6592342.739
62 98 4959769.861
62 99 4767141.971
63 64 1266361.73
63 65 5476265.699
63 66 4906906.572
63 67 1416229.896
63 68 6196670.443
63 69 6139949.052
63 70 1603552.346
63 71 1672767.71
63 72 6280123.948
63 73 4573923.365
63 74 5830632.96
63 75 3733630.509
63 76 4525338.176
63 77 2163194.77
63 78 2154766.619
63 79 6958826.253
63 80 1521209.341
63 81 6821587.937
63 82 2872280.595
63 83 767763.0493
63 84 2429684.488
63 85 5107950.534
63 86 4772463.054
63 87 6235393.694
63 88 1189946.066
63 89 4561609.783
63 90 3255409.425
63 91 3460095.408
63 92 6875082.973
63 93 1692925.807
63 94 1580256.435
63 95 7226402.394
63 96 3643240.631
63 97 4403753.121
63 98 2033639.727
63 99 7185644.966
64 65 4337563.142
64 66 5269237.509
64 67 379126.0679
64 68 5947561.441
64 69 6039012.722
64 70 2793713.954
64 71 1214526.23
64 72 5121359.026
64 73 3799894.005
64 74 4787493.671
64 75 2641236.339
64 76 3465702.756
64 77 1961845.926
64 78 2942372.15
64 79 6723425.162
64 80 2712441.504
64 81 5928055.034
64 82 3473443.44
64 83 607082.5299
64 84 2113430.912
64 85 5794828.663
64 86 4656107.585
64 87 6621110.97
64 88 1416230.974
64 89 3559567.364
64 90 2565777.993
64 91 4476777.304
64 92 7153522.155
64 93 2726795.793
64 94 1901300.581
64 95 6603683.622
64 96 4062592.247
64 97 3259268.755
64 98 2760915.934
64 99 6851564.186
65 66 6462922.234
65 67 4443225.969
65 68 4973223.28
65 69 5540201.982
65 70 7077127.26
65 71 3997095.029
65 72 819151.4497
65 73 2179145.584
65 74 860461.2529
65 75 4064913.709
65 76 4420495.315
65 77 4088792.539
65 78 6000526.455
65 79 5540113.59
65 80 6564227.841
65 81 2367450.407
65 82 5949545.116
65 83 4709457.032
65 84 5724865.566
65 85 7756212.185
65 86 4711408.592
65 87 7502838.64
65 88 5668984.302
65 89 4735942.57
65 90 5324400.656
65 91 7601073.723
65 92 7577028.685
65 93 7062420.921
65 94 4885835.207
65 95 3997040.029
65 96 5871782.183
65 97 3865039.351
65 98 7049012.095
65 99 5276295.61
66 67 5645130.781
66 68 2863207.817
66 69 2281994.339
66 70 5590239.25
66 71 4132264.939
66 72 7143625.19
66 73 4308007.371
66 74 6115195.797
66 75 7672782.119
66 76 8485189.098
66 77 3404240.071
66 78 2907222.046
66 79 3298833.777
66 80 4186459.163
66 81 5963653.008
66 82 2101678.903
66 83 4825343.446
66 84 7238334.412
66 85 1528552.403
66 86 1898055.126
66 87 1352271.018
66 88 6082260.575
66 89 8656893.03
66 90 7834359.408
66 91 3041809.291
66 92 1979143.187
66 93 6070095.939
66 94 3422696.332
66 95 4992457.223
66 96 1264225.72
66 97 8115342.996
66 98 6730746.866
66 99 3816731.294
67 68 6302926.237
67 69 6407226.431
67 70 2823801.916
67 71 1588924.925
67 72 5206360.925
67 73 4072138.968
67 74 4948091.565
67 75 2352478.289
67 76 3166141.481
67 77 2338831.031
67 78 3265808.372
67 79 7078551.862
67 80 2921799.932
67 81 6146541.34
67 82 3826657.564
67 83 904170.4275
67 84 1755298.337
67 85 6146384.782
67 86 5026042.665
67 87 6997222.621
67 88 1227894.389
67 89 3239902.424
67 90 2189228.635
67 91 4761303.667
67 92 7532406.465
67 93 2680186.77
67 94 2263487.02
67 95 6896868.582
67 96 4433590.545
67 97 3001358.6
67 98 2606535.322
67 99 7194659.044
68 69 718549.035
68 70 7397777.57
68 71 4759246.343
68 72 5421640.507
68 73 2976625.056
68 74 4324728.475
68 75 7660733.051
68 76 8362031.641
68 77 4076231.384
68 78 4860981.178
68 79 775872.9331
68 80 6128665.523
68 81 3598198.613
68 82 4175582.761
68 83 5762907.276
68 84 8057866.045
68 85 4372219.81
68 86 1480025.049
68 87 3157111.89
68 88 7184799.359
68 89 8613399.748
68 90 8312881.345
68 91 5660674.609
68 92 2878944.69
68 93 7747475.949
68 94 4649688.789
68 95 2207203.998
68 96 3399177.842
68 97 7872389.466
68 98 8226012.652
68 99 1051865.033
69 70 7222328.857
69 71 4827882.722
69 72 6038142.235
69 73 3453502.554
69 74 4940554.125
69 75 7946800.123
69 76 8681310.39
69 77 4102271.498
69 78 4596763.636
69 79 1023918.94
69 80 5897079.349
69 81 4298810.501
69 82 3855095.963
69 83 5785440.989
69 84 8150018.532
69 85 3750219.482
69 86 1386377.79
69 87 2443966.428
69 88 7193728.529
69 89 8917144.752
69 90 8491393.772
69 91 5213478.698
69 92 2171586.326
69 93 7612298.054
69 94 4563711.778
69 95 2915318.08
69 96 3018258.396
69 97 8213369.288
69 98 8145724.584
69 99 1537467.864
70 71 3228279.747
70 72 7878185.06
70 73 6111867.244
70 74 7430835.023
70 75 4892232.15
70 76 5598212.78
70 77 3576833.544
70 78 2695760.546
70 79 8129309.774
70 80 1406728.338
70 81 8383308.631
70 82 3500825.097
70 83 2368053.544
70 84 2979361.073
70 85 5342888.198
70 86 5924245.121
70 87 6813235.784
70 88 1876879.578
70 89 5556598.484
70 90 4012390.768
70 91 3253723.185
70 92 7552258.667
70 93 567489.2821
70 94 2806276.739
70 95 8659095.829
70 96 4377401.438
70 97 5601570.091
70 98 1361091.957
70 99 8427755.32
71 72 4815695.32
71 73 2901284.831
71 74 4241994.006
71 75 3569672.749
71 76 4394546.013
71 77 753997.9225
71 78 2228241.172
71 79 5534531.116
71 80 2567686.063
71 81 5157540.537
71 82 2539041.266
71 83 1039461.244
71 84 3322169.413
71 85 4822489.577
71 86 3443502.856
71 87 5477358.08
71 88 2449387.495
71 89 4544190.26
71 90 3746028.71
71 91 3875637.84
71 92 5973411.245
71 93 3365692.909
71 94 1028441.679
71 95 5585082.704
71 96 2980304.01
71 97 4078908.77
71 98 3637440.084
71 99 5690317.127
72 73 2835791.179
72 74 1097999.715
72 75 4585573.086
72 76 4824013.928
72 77 4900765.264
72 78 6810555.206
72 79 5915124.3
72 80 7383054.562
72 81 2323513.951
72 82 6737702.737
72 83 5512525.066
72 84 6399525.28
72 85 8480865.039
72 86 5336619.959
72 87 8122186.415
72 88 6426051.522
72 89 5143952.222
72 90 5914113.143
72 91 8402534.211
72 92 8136009.962
72 93 7848149.7
72 94 5702912.619
72 95 4131162.436
72 96 6621289.071
72 97 4278684.667
72 98 7805529.624
72 99 5584540.752
73 74 1836656.545
73 75 4859600.006
73 76 5492123.62
73 77 2601476.944
73 78 4356237.845
73 79 3651857.891
73 80 5235971.434
73 81 2290421.092
73 82 4100955.291
73 83 3895060.162
73 84 5744441.271
73 85 5661008.848
73 86 2532506.943
73 87 5323703.108
73 88 5207882.702
73 89 5765365.109
73 90 5741568.36
73 91 5821531.263
73 92 5417231.008
73 93 6266802.462
73 94 3452079.507
73 95 2847389.513
73 96 3847560.886
73 97 4975894.89
73 98 6496493.429
73 99 3538175.187
74 75 4848813.328
74 76 5250874.15
74 77 4179521.959
74 78 6051073.872
74 79 4831355.144
74 80 6768426.482
74 81 1511480.702
74 82 5884851.108
74 83 5077953.738
74 84 6364442.243
74 85 7494274.025
74 86 4276708.466
74 87 7051320.711
74 88 6172671.777
74 89 5563488.302
74 90 6051890.162
74 91 7587390.12
74 92 7044974.964
74 93 7476300.523
74 94 5019616.96
74 95 3160705.018
74 96 5680616.092
74 97 4695292.688
74 98 7542636.905
74 99 4522046.402
75 76 829993.2165
75 77 4271037.744
75 78 5579646.133
75 79 8404216.227
75 80 5254341.494
75 81 6321802.046
75 82 6061733.652
75 83 3239538.701
75 84 2246226.554
75 85 8374251.93
75 86 6648597.168
75 87 9002195.723
75 88 3017614.875
75 89 987785.7133
75 90 1414230.363
75 91 7110910.953
75 92 9428390.267
75 93 4567727.042
75 94 4482912.036
75 95 7604049.63
75 96 6549427.831
75 97 714175.3846
75 98 4138146.815
75 99 8370878.622
76 77 5087944.021
76 78 6406544.763
76 79 9092382.84
76 80 6046026.254
76 81 6754628.02
76 82 6891597.965
76 83 4060273.004
76 84 2776400.959
76 85 9203397.34
76 86 7407585.937
76 87 9809133.763
76 88 3724173.188
76 89 320000.4078
76 90 1772251.939
76 91 7927445.03
76 92 10218494.61
76 93 5232116.714
76 94 5312896.3
76 95 8156335.425
76 96 7372697.263
76 97 555696.9413
76 98 4727607.507
76 99 9026671.23
77 78 1913008.838
77 79 4847832.841
77 80 2635812.915
77 81 4891621.58
77 82 2000397.254
77 83 1689709.12
77 84 4057423.033
77 85 4195999.825
77 86 2715894.246
77 87 4742366.464
77 88 3109521.314
77 89 5253573.983
77 90 4499801.679
77 91 3536378.641
77 92 5223067.04
77 93 3812491.635
77 94 853345.2332
77 95 5089907.412
77 96 2299701.574
77 97 4740084.56
77 98 4192952.052
77 99 5040221.358
78 79 5551385.275
78 80 1312176.66
78 81 6600534.131
78 82 807133.8011
78 83 2361686.179
78 84 4582448.596
78 85 2953587.441
78 86 3385929.985
78 87 4176601.015
78 88 3339695.009
78 89 6500431.324
78 90 5354969.385
78 91 1650775.297
78 92 4881788.076
78 93 3163341.025
78 94 1200441.162
78 95 6431272.615
78 96 1681656.099
78 97 6171502.239
78 98 3831602.411
78 99 5910958.674
79 80 6836560.418
79 81 3903928.286
79 82 4834435.585
79 83 6535783.672
79 84 8833571.118
79 85 4741113.542
79 86 2206748.889
79 87 3284904.454
79 88 7957152.573
79 89 9349328.807
79 90 9081129.204
79 91 6233592.344
79 92 2816568.835
79 93 8492264.738
79 94 5403201.106
79 95 2239949.18
79 96 4017849.772
79 97 8594531.098
79 98 8985057.426
79 99 582000.936
80 81 7524857.744
80 82 2107573.416
80 83 2120455.067
80 84 3791262.537
80 85 3982273.084
80 86 4648679.56
80 87 5407753.718
80 88 2520607.604
80 89 6077088.446
80 90 4711988.475
80 91 2037375.168
80 92 6145752.726
80 93 1917165.635
80 94 1783892.186
80 95 7567799.906
80 96 2987625.865
80 97 5920253.776
80 98 2650420.011
80 99 7173163.75
81 82 6256466.739
81 83 6110958.652
81 84 7688187.47
81 85 7455057.209
81 86 4067881.413
81 87 6650818.552
81 88 7342728.541
81 89 7065325.824
81 90 7469118.656
81 91 7981656.479
81 92 6470396.403
81 93 8509314.46
81 94 5741160.656
81 95 1859463.536
81 96 5844991.835
81 97 6199541.541
81 98 8678543.607
81 99 3471923.791
82 83 2940139.174
82 84 5273533.361
82 85 2321475.828
82 86 2725799.567
82 87 3386911.701
82 88 4061732.114
82 89 7013989.699
82 90 5980026.654
82 91 1726932.27
82 92 4078487.222
82 93 3970212.901
82 94 1580444.506
82 95 5890616.934
82 96 880380.1279
82 97 6606589.995
82 98 4631018.115
82 99 5227104.919
83 84 2425857.024
83 85 5254840.65
83 86 4399950.723
83 87 6176018.778
83 88 1422536.409
83 89 4142251.335
83 90 3042403.844
83 91 3872946.123
83 92 6748904.342
83 93 2406608.659
83 94 1406197.139
83 95 6619302.77
83 96 3589512.802
83 97 3865212.797
83 98 2607972.283
83 99 6712896.313
84 85 7536004.399
84 86 6765542.186
84 87 8585226.304
84 88 1274331.699
84 89 2667533.868
84 90 1053033.914
84 91 5820011.123
84 92 9172983.178
84 93 2532865.821
84 94 3816649.296
84 95 8589037.64
84 96 5989177.133
84 97 2937462.685
84 98 1956412.356
84 99 8947416.628
85 86 3391569.637
85 87 1839127.991
85 88 6289853.694
85 89 9331998.159
85 90 8287004.687
85 91 2224981.519
85 92 2671210.847
85 93 5885431.298
85 94 3899973.333
85 95 6519866.505
85 96 1937128.885
85 97 8901397.541
85 98 6632597.718
85 99 5285140.069
86 87 2791877.989
86 88 5810685.444
86 89 7628836.062
86 90 7128177.538
86 91 4296843.156
86 92 2929236.456
86 93 6286062.953
86 94 3204854.636
86 95 3257476.144
86 96 2014084.722
86 97 6962958.898
86 98 6790287.555
86 99 2526331.554
87 88 7417028.525
87 89 9988277.972
87 90 9186440.43
87 91 3952963.532
87 92 832844.7282
87 93 7317283.239
87 94 4771901.564
87 95 5359234.319
87 96 2598065.709
87 97 9425320.386
87 98 8006978.75
87 99 3864491.621
88 89 3694351.187
88 90 2213056.85
88 91 4546076.145
88 92 8042605.625
88 93 1574614.439
88 94 2697216.586
88 95 7990318.074
88 96 4820872.479
88 97 3728865.04
88 98 1380181.545
88 99 8134539.482
89 90 1629503.245
89 91 7992155.118
89 92 10416064.2
89 93 5165743.246
89 94 5433546.907
89 95 8450516.113
89 96 7524316.185
89 97 871541.892
89 98 4623812.874
89 99 9295116.371
90 91 6710121.596
90 92 9714532.227
90 93 3582228.043
90 94 4440551.24
90 95 8573018.505
90 96 6619009.781
90 97 2027637.082
90 98 3002044.22
90 99 9128934.477
91 92 4771141.077
91 93 3817198.116
91 94 2849871.597
91 95 7535130.283
91 96 2283018.718
91 97 7735221.495
91 98 4599289.655
91 99 6693004.797
92 93 8041611.336
92 94 5360425.021
92 95 5010010.561
92 96 3239581.809
92 97 9805740.252
92 98 8709109.087
92 99 3394617.892
93 94 3106138.242
93 95 8899151.392
93 96 4837663.908
93 97 5281691.634
93 98 794867.8846
93 99 8763874.928
94 95 5861764.706
94 96 2183335.981
94 97 5039132.271
94 98 3585563.362
94 99 5659112.902
95 96 5260684.109
95 97 7613691.327
95 98 9222452.844
95 99 1719288.043
96 97 7037915.283
96 98 5479853.611
96 99 4443311.587
97 98 4847348.486
97 99 8513707.803
98 99 9218927.315
