4950
0 1 7877635.822
0 2 5344529.45
0 3 9486506.47
0 4 2619837.718
0 5 1504726.249
0 6 7683217.883
0 7 7288630.261
0 8 4492539.668
0 9 5132803.031
0 10 4059687.568
0 11 4025833.149
0 12 3506126.489
0 13 7304067.294
0 14 7812367.312
0 15 3854703.907
0 16 4562577.512
0 17 8640586.119
0 18 7361924.923
0 19 4758966.997
0 20 1215672.36
0 21 2646051.364
0 22 863253.5751
0 23 1595725.731
0 24 6154102.787
0 25 2128127.614
0 26 6346461.517
0 27 6395454.917
0 28 1670101.387
0 29 6908198.309
0 30 6968896.067
0 31 5011819.487
0 32 7254099.885
0 33 3987964.816
0 34 3017956.448
0 35 2644679.103
0 36 6726831.198
0 37 8196954.182
0 38 4882008.521
0 39 1343561.818
0 40 6907446.555
0 41 1085445.602
0 42 7638914.68
0 43 530981.5104
0 44 1456932.5
0 45 3333859.199
0 46 5486556.902
0 47 7604317.026
0 48 7244543.835
0 49 5203803.036
0 50 826192.4436
0 51 7312545.716
0 52 6682669.344
0 53 3845560.539
0 54 4144995.777
0 55 5136767.511
0 56 7409501.776
0 57 6687004.326
0 58 6410627.943
0 59 7006417.53
0 60 8186115.961
0 61 4401428.733
0 62 4567595.412
0 63 8135998.158
0 64 9315975.241
0 65 5021565.148
0 66 7671477.107
0 67 1201440.728
0 68 2584479.133
0 69 8862197.594
0 70 3689281.88
0 71 6475901.463
0 72 7029092.943
0 73 5138340.408
0 74 2988838.826
0 75 5871464.218
0 76 1557725.562
0 77 3134709.282
0 78 6818130.964
0 79 7124255.963
0 80 4409392.493
0 81 602451.6418
0 82 6194723.678
0 83 6937040.066
0 84 5382688.51
0 85 3925538.713
0 86 5747173.976
0 87 10015139.21
0 88 2551155.14
0 89 3136278.277
0 90 3362007.244
0 91 9949477.807
0 92 7252716.702
0 93 7994464.374
0 94 2092115.928
0 95 1370564.962
0 96 4762081.324
0 97 4522909.342
0 98 2435747.66
0 99 8066055.496
1 2 4199318.028
1 3 5201817.129
1 4 5841116.131
1 5 8585324.554
1 6 2198212.046
1 7 2795087.416
1 8 3396466.659
1 9 8444776.717
1 10 5065537.314
1 11 7281011.2
1 12 7458426.395
1 13 4794162.064
1 14 1303310.259
1 15 5217106.724
1 16 3839177.666
1 17 3491918.52
1 18 6645415.207
1 19 3609447.285
1 20 8749148.514
1 21 5341222.799
1 22 7426119.605
1 23 7426691.231
1 24 1735516.365
1 25 6385830.044
1 26 6527653.852
1 27 1994870.409
1 28 8922141.804
1 29 7358796.782
1 30 5782674.286
1 31 9887480.657
1 32 1212349.09
1 33 3932298.841
1 34 7717596.667
1 35 8164318.122
1 36 3830638.672
1 37 3718061.283
1 38 5755137.942
1 39 9141378.101
1 40 3593434.909
1 41 7553315.015
1 42 3624083.398
1 43 8180618.719
1 44 9273685.622
1 45 5352954.93
1 46 3762915.19
1 47 1769480.125
1 48 1219998.239
1 49 7614758.97
1 50 7320975.555
1 51 2767524.318
1 52 3448896.537
1 53 4661359.24
1 54 4660281.807
1 55 4840376.574
1 56 4885809.752
1 57 1261761.69
1 58 3760322.175
1 59 7359334.403
1 60 6147906.02
1 61 4628620.859
1 62 3310279.066
1 63 411409.2712
1 64 3095345.76
1 65 5916551.811
1 66 297413.7107
1 67 6745817.784
1 68 7459672.32
1 69 4635312.586
1 70 7286317.584
1 71 4182042.072
1 72 848685.1632
1 73 9094796.859
1 74 7177791.386
1 75 2555558.767
1 76 7235391.163
1 77 8778568.28
1 78 1188908.444
1 79 3805564.023
1 80 4860767.821
1 81 8071514.054
1 82 5149994.909
1 83 7911203.718
1 84 4444755.154
1 85 9243035.792
1 86 10093979.1
1 87 5670464.977
1 88 5330670.92
1 89 6727506.75
1 90 4517209.53
1 91 5379365.421
1 92 666193.5845
1 93 3662329.674
1 94 6350511.388
1 95 7845809.28
1 96 9095924.719
1 97 4222085.573
1 98 8497180.609
1 99 5020838.809
2 3 4162688.24
2 4 2730027.476
2 5 5383540.4
2 6 2795991.566
2 7 5685833.288
2 8 2878552.077
2 9 4256510.446
2 10 1332018.808
2 11 3199392.923
2 12 6886986.968
2 13 2089514.317
2 14 3365313.935
2 15 5099766.784
2 16 1249465.454
2 17 3373880.674
2 18 3102378.971
2 19 4062840.804
2 20 5739258.585
2 21 2903172.51
2 22 5348928.704
2 23 4203794.025
2 24 2912733.821
2 25 5015858.364
2 26 2566666.092
2 27 2208060.727
2 28 5715032.21
2 29 3452970.034
2 30 2306621.322
2 31 5782182.63
2 32 4462915.942
2 33 3146789.562
2 34 3904789.397
2 35 4480568.937
2 36 6063114.515
2 37 2877190.638
2 38 1559733.888
2 39 6271907.575
2 40 1590593.535
2 41 4551013.169
2 42 2317941.068
2 43 5823149.84
2 44 6411653.057
2 45 2016851.867
2 46 5040198.112
2 47 5179747.007
2 48 4459153.567
2 49 3415492.065
2 50 5196597.067
2 51 2216262.741
2 52 1406337.793
2 53 4410458.378
2 54 4730982.732
2 55 641249.3845
2 56 2211211.07
2 57 3671154.785
2 58 1080381.798
2 59 3486496.63
2 60 3327466.33
2 61 4940598.312
2 62 2696309.754
2 63 4601325.029
2 64 4215731.535
2 65 1717306.876
2 66 4182501.368
2 67 4175904.164
2 68 6371119.527
2 69 3522532.43
2 70 3282712.343
2 71 6159153.315
2 72 3595201.55
2 73 4926208.519
2 74 3397248.1
2 75 4165108.267
2 76 4078948.759
2 77 7619308.153
2 78 3837272.324
2 79 1783527.69
2 80 5193896.38
2 81 5239861.417
2 82 1381762.44
2 83 3925697.665
2 84 274063.2237
2 85 5282796.866
2 86 5919856.432
2 87 4705495.44
2 88 3478917.057
2 89 2942146.454
2 90 3023633.29
2 91 4617296.145
2 92 3580462.051
2 93 6738845.2
2 94 4939473.858
2 95 6025352.333
2 96 4968973.691
2 97 931367.7852
2 98 7062518.359
2 99 2829925.701
3 4 6866958.636
3 5 9345390.54
3 6 3110439.358
3 7 7866572.88
3 8 6415103.898
3 9 6851210.926
3 10 5427868.114
3 11 6507862.783
3 12 10851175.64
3 13 2235050.241
3 14 3916389.017
3 15 8823387.455
3 16 5202360.169
3 17 1709955.558
3 18 3404818.382
3 19 7415396.745
3 20 9761991.425
3 21 7052132.695
3 22 9510662.495
3 23 8224470.314
3 24 5328360.841
3 25 9092127.873
3 26 4144089.506
3 27 4330894.496
3 28 9657203.982
3 29 4463697.109
3 30 3044338.252
3 31 8608507.022
3 32 6241833.068
3 33 6872120.595
3 34 7547797.558
3 35 8191984.68
3 36 8715211.94
3 37 1641123.968
3 38 4871805.077
3 39 10321352.3
3 40 2720181.121
3 41 8626550.183
3 42 2070531.32
3 43 9975599.489
3 44 10458940.52
3 45 6153766.637
3 46 8133053.824
3 47 6927947.903
3 48 6245375.733
3 49 5968718.746
3 50 9358760.067
3 51 2848602.176
3 52 2990358.937
3 53 8117106.594
3 54 8346655.495
3 55 4368275.492
3 56 2152679.175
3 57 5725933.862
3 58 3151740.529
3 59 4389662.588
3 60 2217965.555
3 61 8478626.774
3 62 6220976.264
3 63 5530307.388
3 64 2434121.055
3 65 4832852.817
3 66 5419515.109
3 67 8332880.493
3 68 10437916.28
3 69 687350.1516
3 70 6745461.933
3 71 8974225.383
3 72 5293998.97
3 73 7569131.536
3 74 7142039.127
3 75 6924770.584
3 76 8131134.95
3 77 11724641.06
3 78 5814585.849
3 79 2445796.742
3 80 8748162.56
3 81 9332879.814
3 82 3442093.598
3 83 5022171.7
3 84 4104181.851
3 85 8539871.02
3 86 8381765.973
3 87 563226.159
3 88 7570961.492
3 89 6747302.317
3 90 6984226.72
3 91 477359.0532
3 92 5026799.301
3 93 8824989.805
3 94 9020489.178
3 95 10180756.95
3 96 7818941.164
3 97 5056582.161
3 98 11196187.24
3 99 1514182.491
4 5 2804809.562
4 6 5221601.933
4 7 6096236.199
4 8 2794893.832
4 9 3779365.907
4 10 1443137.444
4 11 2363477.843
4 12 4816622.301
4 13 4694389.236
4 14 5497151.504
4 15 3745500.349
4 16 2116161.163
4 17 6063755.236
4 18 4959710.288
4 19 3653472.972
4 20 3078490.398
4 21 868728.7904
4 22 2733579.369
4 23 1610786.708
4 24 4129583.513
4 25 2825533.851
4 26 4006797.276
4 27 4078852.311
4 28 3145739.131
4 29 4718068.21
4 30 4452299.855
4 31 4578025.777
4 32 5526790.283
4 33 2529563.393
4 34 2114835.885
4 35 2397450.245
4 36 5945293.987
4 37 5597295.961
4 38 2427787.674
4 39 3579018.598
4 40 4306289.87
4 41 1859282.556
4 42 5037858.497
4 43 3111610.345
4 44 3719063.99
4 45 714434.0073
4 46 4664432.326
4 47 6062979.806
4 48 5518837.605
4 49 3412766.437
4 50 2576654.234
4 51 4780559.451
4 52 4092689.351
4 53 3270418.634
4 54 3666790.309
4 55 2530083.98
4 56 4802657.312
4 57 4813531.536
4 58 3803394.302
4 59 4802999.231
4 60 5655836.189
4 61 3952932.198
4 62 2762847.991
4 63 6169261.013
4 64 6805294.618
4 65 2608342.73
4 66 5694965.407
4 67 1486916.204
4 68 4094787.75
4 69 6243010.574
4 70 2136813.6
4 71 5849666.787
4 72 5025910.884
4 73 4149190.718
4 74 1634145.934
4 75 4463797.124
4 76 1439872.656
4 77 5188926.623
4 78 4972272.434
4 79 4513014.798
4 80 4117117.022
4 81 2523132.662
4 82 3621561.928
4 83 4903844.566
4 84 2762914.81
4 85 3679694.539
4 86 5065085.255
4 87 7397185.893
4 88 1566076.313
4 89 1337607.081
4 90 1880902.031
4 91 7329640.921
4 92 5178336.328
4 93 7023003.239
4 94 2742104.839
4 95 3451477.225
4 96 3945788.132
4 97 1958772.691
4 98 4560501.921
4 99 5456435.394
5 6 8010733.3
5 7 8405498.504
5 8 5326691.552
5 9 4004737.719
5 10 4053693.405
5 11 3189891.305
5 12 5008874.082
5 13 7111756.782
5 14 8301078.2
5 15 5196562.588
5 16 4920883.594
5 17 8757373.422
5 18 6780621.52
5 19 5847444.128
5 20 541118.2172
5 21 3258618.518
5 22 2358010.379
5 23 1199351.234
5 24 6853437.947
5 25 3535456.666
5 26 5743897.621
5 27 6880537.371
5 28 340952.4547
5 29 6146980.009
5 30 6555122.703
5 31 3585617.877
5 32 8136250.629
5 33 4901889.094
5 34 2040052.731
5 35 1463947.366
5 36 7971947.751
5 37 8247556.928
5 38 4502584.6
5 39 1105320.37
5 40 6971239.895
5 41 1055095.684
5 42 7691579.404
5 43 1851230.626
5 44 1219539.178
5 45 3443226.044
5 46 6693344.628
5 47 8581134.284
5 48 8127401.383
5 49 4289223.358
5 50 2294211.143
5 51 7536439.541
5 52 6787180.558
5 53 5062992.819
5 54 5405495.436
5 55 5011333.42
5 56 7200569.584
5 57 7483166.86
5 58 6459157.965
5 59 6251490.893
5 60 7758602.834
5 61 5680809.865
5 62 5352857.75
5 63 8890681.154
5 64 9563098.473
5 65 4584276.568
5 66 8416510.195
5 67 2009532.43
5 68 4086177.853
5 69 8776732.101
5 70 2861400.837
5 71 7761001.687
5 72 7751663.143
5 73 3864847.588
5 74 2269166.742
5 75 6877214.862
5 76 1366123.333
5 77 4507098.896
5 78 7631446.075
5 79 7138700.552
5 80 5729286.32
5 81 908935.4682
5 82 5920115.906
5 83 6060391.887
5 84 5344816.902
5 85 2512690.593
5 86 4352271.67
5 87 9837701.814
5 88 3484428.003
5 89 2610430.846
5 90 4217567.908
5 91 9820789.969
5 92 7930438.777
5 93 9198031.321
5 94 3485019.983
5 95 2843781.046
5 96 3455043.951
5 97 4729721.143
5 98 3816948.465
5 99 7855906.124
6 7 4759564.552
6 8 3726187.662
6 9 6920225.865
6 10 4025218.025
6 11 5981103.521
6 12 8240875.41
6 13 2678893.409
6 14 909487.541
6 15 6068426.446
6 16 3130545.669
6 17 1449243.346
6 18 4583316.593
6 19 4530014.029
6 20 8299338.152
6 21 5041436.674
6 22 7460681.872
6 23 6811519.031
6 24 2313436.735
6 25 6723440.998
6 26 4644554.74
6 27 1446442.616
6 28 8350129.326
6 29 5405940.968
6 30 3752053.506
6 31 8532347.952
6 32 3142200.953
6 33 4260414.428
6 34 6688728.333
6 35 7244115.85
6 36 5613094.056
6 37 1536932.026
6 38 4269492.152
6 39 8785712.056
6 40 1591714.422
6 41 7077104.461
6 42 1439675.401
6 43 8093762.787
6 44 8925180.109
6 45 4568475.878
6 46 5118416.011
6 47 3847678.029
6 48 3145182.933
6 49 6026686.943
6 50 7325857.623
6 51 682628.5234
6 52 1560373.801
6 53 5387928.708
6 54 5544228.152
6 55 3379544.948
6 56 2755666.802
6 57 2621549.479
6 58 1944033.64
6 59 5389717.234
6 60 3973035.036
6 61 5625293.961
6 62 3552185.702
6 63 2577888.223
6 64 1665662.477
6 65 4375876.009
6 66 2370179.571
6 67 6482559.312
6 68 7995554.316
6 69 2490115.723
6 70 6077673.246
6 71 5885880.737
6 72 2183774.752
6 73 7622852.745
6 74 6170533.011
6 75 3874990.564
6 76 6655514.202
6 77 9330496.083
6 78 2705115.402
6 79 1723715.446
6 80 5891522.644
6 81 7712367.741
6 82 3294396.541
6 83 5986309.505
6 84 2958626.782
6 85 8076866.192
6 86 8596155.795
6 87 3626123.41
6 88 5333601.418
6 89 5710434.708
6 90 4589837.326
6 91 3368309.183
6 92 1923785.701
6 93 5733805.36
6 94 6665255.688
6 95 8032107.931
6 96 7710649.188
6 97 3282189.185
6 98 8903731.966
6 99 2828674.814
7 8 3325426.964
7 9 9519738.334
7 10 5972429.405
7 11 8159717.738
7 12 5671544.873
7 13 7001452.466
7 14 3977778.62
7 15 3679036.911
7 16 4745349.207
7 17 6173716.707
7 18 8647128.07
7 19 2558183.137
7 20 8394696.539
7 21 5316732.889
7 22 6599842.13
7 23 7425833.926
7 24 2843501.561
7 25 5320085.547
7 26 8249341.598
7 27 3820095.704
7 28 8707996.475
7 29 9133666.055
7 30 7781128.406
7 31 10633873.63
7 32 1632420.861
7 33 3583411.432
7 34 8205222.626
7 35 8467425.025
7 36 1158162.997
7 37 6282868.022
7 38 7047871.352
7 39 8632113.891
7 40 5773368.47
7 41 7361124.242
7 42 6048043.163
7 43 7421220.028
7 44 8744217.166
7 45 5905561.621
7 46 1877029.592
7 47 1061306.76
7 48 1627886.043
7 49 8839779.771
7 50 6546509.593
7 51 5153550.998
7 52 5547392.7
7 53 3460560.273
7 54 3224579.325
7 55 6251755.12
7 56 7114442.374
7 57 2204853.956
7 58 5734004.736
7 59 9161877.939
7 60 8430995.354
7 61 3029972.397
7 62 3402586.03
7 63 2614424.406
7 64 5886388.956
7 65 7253599.873
7 66 2522479.983
7 67 6397537.856
7 68 5985539.509
7 69 7247948.629
7 70 8048622.999
7 71 1572875.741
7 72 2579360.624
7 73 10052704.14
7 74 7699667.303
7 75 1649994.957
7 76 7214961.634
7 77 7163348.616
7 78 2083699.603
7 79 6048087.805
7 80 3144931.306
7 81 7670161.37
7 82 6962683.741
7 83 9610542.704
7 84 5959871.5
7 85 9775108.122
7 86 11030327.72
7 87 8368873.287
7 88 4927314.665
7 89 7319697.113
7 90 4267701.016
7 91 8094296.445
7 92 2840039.379
7 93 1055632.549
7 94 5321084.251
7 95 6775074.978
7 96 9934026.785
7 97 5237312.204
7 98 7084027.356
7 99 7412204.007
8 9 6236769.243
8 10 2738314.786
8 11 4853224.477
8 12 4519673.203
8 13 4765153.949
8 14 3550294.288
8 15 2408619.854
8 16 1671953.38
8 17 5036825.35
8 18 5977414.654
8 19 1188691.031
8 20 5426570.107
8 21 2087002.466
8 22 4033369.252
8 23 4238773.181
8 24 1708826.356
8 25 3072554.553
8 26 5345229.817
8 27 2280654.043
8 28 5653246.982
8 29 6221409.723
8 30 5182437.199
8 31 7308532.588
8 32 2809926.904
8 33 558159.7813
8 34 4889552.613
8 35 5188421.533
8 36 3360406.048
8 37 4812652.342
8 38 3930015.607
8 39 5780825.654
8 40 3746967.756
8 41 4273558.653
8 42 4344648.861
8 43 4784312.727
8 44 5909831.816
8 45 2584395.422
8 46 2204428.112
8 47 3283766.116
8 48 2801013.665
8 49 5615542.83
8 50 3925610.553
8 51 3644472.658
8 52 3470263.185
8 53 1703856.393
8 54 1942582.817
8 55 3288667.243
8 56 4891808.053
8 57 2195273.409
8 58 3441090.037
8 59 6270958.609
8 60 6133932.753
8 61 2108824.632
8 62 196347.8223
8 63 3643682.812
8 64 5373072.858
8 65 4147811.425
8 66 3180915.51
8 67 3395844.305
8 68 4287116.67
8 69 5727773.788
8 70 4728362.79
8 71 3376571.089
8 72 2548899.598
8 73 6742558.536
8 74 4377886.829
8 75 1678519.528
8 76 4033051.401
8 77 5626093.966
8 78 2330363.91
8 79 4045122.091
8 80 2373716.845
8 81 4726791.882
8 82 4260284.853
8 83 6619050.854
8 84 3126707.796
8 85 6462459.453
8 86 7712996.407
8 87 6977366.189
8 88 1941385.154
8 89 3994270.58
8 90 1134203.079
8 91 6794154.287
8 92 2795136.837
8 93 4297706.006
8 94 3025395.637
8 95 4487206.852
8 96 6611936.75
8 97 2141124.177
8 98 5244058.397
8 99 5404625.854
9 10 3553722.537
9 11 1421619.37
9 12 8316160.067
9 13 4827550.441
9 14 7596274.002
9 15 7522799.775
9 16 4815511.915
9 17 6987437.914
9 18 3570908.75
9 19 7289663.751
9 20 4545846.409
9 21 4642154.476
9 22 5761627.234
9 23 3571212.061
9 24 7004939.857
9 25 6399492.377
9 26 2707121.424
9 27 6449986.814
9 28 4158529.355
9 29 2613742.123
9 30 3814743.702
9 31 1757298.099
9 32 8565492.008
9 33 6145034.62
9 34 2118980.416
9 35 2553019.444
9 36 9572594.565
9 37 6383604.39
9 38 2697234.784
9 39 5092588.326
9 40 5396359.281
9 41 4064251.575
9 42 5931463.582
9 43 5631664.637
9 44 5190078.272
9 45 3684718.231
9 46 8332911.409
9 47 9231506.505
9 48 8560046.272
9 49 915502.3693
9 50 5627608.39
9 51 6260730.315
9 52 5366782.31
9 53 7040447.207
9 54 7436458.357
9 55 3617444.011
9 56 4854419.945
9 57 7774276.65
9 58 4979051.504
9 59 2716743.72
9 60 4770577.712
9 61 7719618.707
9 62 6132230.357
9 63 8841341.53
9 64 8027273.799
9 65 2557568.341
9 66 8407412.995
9 67 4644423.601
9 68 7468505.376
9 69 6487240.666
9 70 1654396.716
9 71 9530322.81
9 72 7788021.39
9 73 728153.4822
9 74 2300456.315
9 75 7877076.114
9 76 3676313.76
9 77 8256197.767
9 78 7944440.335
9 79 5393440.026
9 80 7892747.805
9 81 4614627.994
9 82 3734918.344
9 83 2292663.012
9 84 4029704.536
9 85 1947434.187
9 86 1676019.287
9 87 7208157.319
9 88 5341574.129
9 89 2451263.762
9 90 5580408.381
9 91 7308453.523
9 92 7810231.509
9 93 10524363.53
9 94 6320197.961
9 95 6447080.316
9 96 991518.1279
9 97 4342838.151
9 98 7559801.644
9 99 5387296.174
10 11 2249495.853
10 12 5988796.322
10 13 3251949.441
10 14 4460338.936
10 15 4504115.153
10 16 1275158.762
10 17 4705025.992
10 18 3690457.284
10 19 3869292.029
10 20 4407732.001
10 21 1839678.691
10 22 4150213.518
10 23 2871791.999
10 24 3498633.102
10 25 4027542.618
10 26 2839399.153
10 27 3121210.866
10 28 4386560.028
10 29 3657900.736
10 30 3085726.011
10 31 4839681.041
10 32 5041556.605
10 33 2762623.664
10 34 2697419.818
10 35 3223956.2
10 36 6098719.874
10 37 4207041.554
10 38 1267916.139
10 39 4943316.724
10 40 2922479.905
10 41 3225237.974
10 42 3648384.888
10 43 4554652.337
10 44 5082879.757
10 45 739214.0433
10 46 4914728.787
10 47 5688672.944
10 48 5035520.439
10 49 2880987.066
10 50 3994320.128
10 51 3501995.219
10 52 2733504.8
10 53 3883476.202
10 54 4256962.377
10 55 1092762.648
10 56 3361150.971
10 57 4259346.449
10 58 2411550.731
10 59 3725715.099
10 60 4264594.447
10 61 4512888.645
10 62 2612085.647
10 63 5439891.844
10 64 5522283.017
10 65 1486179.9
10 66 4982343.209
10 67 2924877.244
10 68 5363108.118
10 69 4811332.767
10 70 2223366.989
10 71 6103195.368
10 72 4332858.35
10 73 4125941.352
10 74 2165134.589
10 75 4337225.207
10 76 2748282.199
10 77 6538707.262
10 78 4429002.5
10 79 3106225.616
10 80 4733910.997
10 81 3920587.942
10 82 2210348.481
10 83 3974989.521
10 84 1328088.589
10 85 4183609.166
10 86 5121496.091
10 87 5955477.316
10 88 2536348.633
10 89 1703728.405
10 90 2362074.527
10 91 5892706.83
10 92 4405699.462
10 93 6987765.999
10 94 3945998.491
10 95 4854755.609
10 96 4069570.146
10 97 843489.9865
10 98 5938667.693
10 99 4013835.07
11 12 7003937.067
11 13 4313998.313
11 14 6557561.831
11 15 6108965.403
11 16 3524250.233
11 17 6304089.164
11 18 3625074.23
11 19 5881213.691
11 20 3707293.391
11 21 3222774.914
11 22 4545913.208
11 23 2430881.828
11 24 5747443.189
11 25 5051795.965
11 26 2595932.963
11 27 5303335.931
11 28 3433157.522
11 29 2959063.827
11 30 3529998.426
11 31 2606915.732
11 32 7290290.802
11 33 4735647.992
11 34 1156549.544
11 35 1792417.845
11 36 8170102.214
11 37 5723305.198
11 38 1752295.54
11 39 4288659.435
11 40 4577260.791
11 41 2941549.056
11 42 5211266.869
11 43 4550017.645
11 44 4408021.747
11 45 2279427.304
11 46 6921535.031
11 47 7930012.145
11 48 7284172.823
11 49 1181415.443
11 50 4401509.732
11 51 5363212.634
11 52 4485405.397
11 53 5619303.132
11 54 6015215.714
11 55 2602180.173
11 56 4375343.412
11 57 6508842.271
11 58 4101094.003
11 59 3063026.653
11 60 4683035.015
11 61 6298133.384
11 62 4759511.009
11 63 7664587.219
11 64 7275284.246
11 65 1716459.64
11 66 7213879.393
11 67 3352014.814
11 68 6188670.059
11 69 6029623.945
11 70 338990.1938
11 71 8118353.288
11 72 6572104.415
11 73 1893291.289
11 74 1038628.609
11 75 6511278.713
11 76 2482770.271
11 77 7079063.519
11 78 6678490.425
11 79 4645486.157
11 80 6472438.502
11 81 3586600.345
11 82 3108437.664
11 83 2919290.185
11 84 3022500.68
11 85 2117822.412
11 86 2879549.108
11 87 6945105.606
11 88 3928765.411
11 89 1055019.186
11 90 4160909.62
11 91 6983248.967
11 92 6628425.915
11 93 9149921.822
11 94 4970681.545
11 95 5259591.512
11 96 1821371.632
11 97 3080678.745
11 98 6393678.843
11 99 4994135.774
12 13 8967190.524
12 14 7971015.372
12 15 2244624.866
12 16 5694459.046
12 17 9550149.914
12 18 9677963.977
12 19 3861875.415
12 20 4649578.644
12 21 4155558.655
12 22 2678814.251
12 23 4813512.104
12 24 6060808.137
12 25 1991434.271
12 26 8782998.635
12 27 6794530.736
12 28 5141032.126
12 29 9528774.862
12 30 9050669.475
12 31 8471944.068
12 32 6424277.286
12 33 4007797.233
12 34 6241696.1
12 35 6028650.887
12 36 4691332.409
12 37 9291366.153
12 38 7183291.86
12 39 4506769.749
12 40 8134728.162
12 41 4383496.713
12 42 8792588.219
12 43 3214931.458
12 44 4548577.833
12 45 5325920.648
12 46 3876553.861
12 47 6422460.09
12 48 6414120.704
12 49 8150418.328
12 50 2777895.975
12 51 8150971.834
12 52 7862029.212
12 53 2869184.248
12 54 2801541.757
12 55 7003861.97
12 56 9091229.619
12 57 6213322.264
12 58 7742530.42
12 59 9611132.082
12 60 10183032.19
12 61 2838923.2
12 62 4701179.62
12 63 7551208.088
12 64 9873383.691
12 65 7382019.979
12 66 7178018.784
12 67 3671736.504
12 68 923326.0947
12 69 10167241.91
12 70 6702684.421
12 71 4304368.705
12 72 6700668.833
12 73 8464180.266
12 74 6020214.054
12 75 4922974.332
12 76 4671439.952
12 77 1527840.284
12 78 6269882.289
12 79 8419115.893
12 80 2629330.751
12 81 4107825.495
12 82 8136932.794
12 83 9717760.265
12 84 7053937.983
12 85 7388264.759
12 86 9173723.651
12 87 11413913.04
12 88 3457144.421
12 89 5961492.033
12 90 3884976.764
12 91 11255545.59
12 92 7009081.056
12 93 5962752.232
12 94 2074890.254
12 95 2196731.796
12 96 8128607.461
12 97 5958841.95
12 98 1699719.018
12 99 9683677.556
13 14 3569894.598
13 15 7105195.052
13 16 3281991.324
13 17 2211507.984
13 18 1915228.45
13 19 5897375.597
13 20 7533483.695
13 21 4977646.132
13 22 7389482.584
13 23 5999159.649
13 24 4181580.552
13 25 7105322.518
13 26 2202752.224
13 27 3181421.752
13 28 7422551.488
13 29 2822974.881
13 30 1140705.113
13 31 6566930.522
13 32 5507479.521
13 33 5126866.901
13 34 5323894.131
13 35 5964898.415
13 36 7620013.048
13 37 1608306.492
13 38 2640853.293
13 39 8096329.61
13 40 1234708.854
13 41 6412126.059
13 42 1295711.248
13 43 7804517.957
13 44 8233287.757
13 45 3989192.128
13 46 6778745.496
13 47 6252121.207
13 48 5507388.021
13 49 3916200.915
13 50 7234765.611
13 51 2035216.184
13 52 1454948.886
13 53 6402556
13 54 6691834.478
13 55 2167300.714
13 56 126781.7884
13 57 4805137.626
13 58 1340072.622
13 59 2788744.723
13 60 1433840.456
13 61 6873115.617
13 62 4570412.111
13 63 5195941.016
13 64 3290244.088
13 65 2614288.546
13 66 4906357.011
13 67 6176419.967
13 68 8460585.124
13 69 1715650.024
13 70 4534223.79
13 71 7794658.904
13 72 4518657.545
13 73 5555663.281
13 74 4909022.469
13 75 5711265.272
13 76 5912361.482
13 77 9703890.032
13 78 4942209.791
13 79 989831.7721
13 80 7136321.48
13 81 7121985.448
13 82 1214237.508
13 83 3417589.951
13 84 1964860.268
13 85 6388294.781
13 86 6447062.737
13 87 2730465.073
13 88 5568354.523
13 89 4512253.352
13 90 5089063.572
13 91 2711656.644
13 92 4355747.099
13 93 8042042.063
13 94 7028822.95
13 95 8081618.017
13 96 5753803.398
13 97 3020584.221
13 98 9137304.249
13 99 762149.4446
14 15 5745305.847
14 16 3384147.787
14 17 2208980.978
14 18 5460680.223
14 19 4145481.31
14 20 8540107.169
14 21 5176176.531
14 22 7492303.401
14 23 7107628.446
14 24 1910278.89
14 25 6620501.597
14 26 5453981.826
14 27 1425626.647
14 28 8642019.786
14 29 6245587.471
14 30 4615507.683
14 31 9147366.488
14 32 2345373.986
14 33 4107308.859
14 34 7157536.778
14 35 7672227.034
14 36 4911787.418
14 37 2415005.599
14 38 4906977.753
14 39 8991069.267
14 40 2424091.548
14 41 7317749.822
14 42 2348703.843
14 43 8182025.46
14 44 9128556.512
14 45 4902572.558
14 46 4577824.395
14 47 3012888.547
14 48 2349899.336
14 49 6723661.205
14 50 7368346.466
14 51 1538160.263
14 52 2333674.646
14 53 5102840.979
14 54 5198744.32
14 55 3990964.709
14 56 3651978.563
14 57 1967001.88
14 58 2691128.764
14 59 6235601.128
14 60 4881803.811
14 61 5236051.177
14 62 3404512.722
14 63 1671942.777
14 64 2002643.656
14 65 5038724.509
14 66 1503763.938
14 67 6626725.786
14 68 7825129.079
14 69 3335758.99
14 70 6616526.269
14 71 5218692.253
14 72 1470894.006
14 73 8281020.389
14 74 6625155.009
14 75 3314847.028
14 76 6935027.699
14 77 9164047.066
14 78 2008773.554
14 79 2595925.43
14 80 5493148.862
14 81 7910413.354
14 82 4082526.93
14 83 6817109.651
14 84 3572020.65
14 85 8612626.326
14 86 9268692.936
14 87 4401167.632
14 88 5346340.266
14 89 6163966.118
14 90 4554609.855
14 91 4120131.484
14 92 1163216.747
14 93 4912021.699
14 94 6570976.522
14 95 8006515.527
14 96 8334066.053
14 97 3649588.678
14 98 8794350.786
14 99 3737646.354
15 16 3851979.195
15 17 7424945.083
15 18 8108274.746
15 19 1617600.324
15 20 5049733.904
15 21 2894312.212
15 22 3062174.927
15 23 4491624.235
15 24 3836821.581
15 25 1741746.15
15 26 7333210.39
15 27 4629737.314
15 28 5448332.384
15 29 8162007.429
15 30 7381154.105
15 31 8137807.108
15 32 4211771.273
15 33 1979671.651
15 34 5682349.523
15 35 5709074.851
15 36 2921417.548
15 37 7219707.558
15 38 5770780.02
15 39 5170101.424
15 40 6143644.61
15 41 4248021.196
15 42 6752860.111
15 43 3873973.62
15 44 5265193.194
15 45 3998518.575
15 46 1802560.212
15 47 4286294.827
15 48 4201541.453
15 49 7126985.277
15 50 3045398.718
15 51 6043101.37
15 52 5866907.697
15 53 707904.1267
15 54 557152.5126
15 55 5363553.454
15 56 7231804.328
15 57 3969112.155
15 58 5808230.072
15 59 8229182.122
15 60 8423335.799
15 61 654319.0568
15 62 2602416.195
15 63 5322136.619
15 64 7675930.724
15 65 5987484.549
15 66 4939060.204
15 67 3278553.928
15 68 2335047.135
15 69 8136038.602
15 70 5873095.87
15 71 2634754.345
15 72 4456171.276
15 73 7853188.292
15 74 5296688.845
15 75 2698149.163
15 76 4292684.8
15 77 3597971.036
15 78 4028206.057
15 79 6439314.312
15 80 565048.6892
15 81 4344117.28
15 82 6447184.218
15 83 8461448.158
15 84 5312008.159
15 85 7120983.32
15 86 8718189.26
15 87 9385793.237
15 88 2181237.871
15 89 5073061.661
15 90 2147493.979
15 91 9202246.718
15 92 4765303.399
15 93 4219151.41
15 94 1767096.474
15 95 3122245.31
15 96 7604597.564
15 97 4221353.006
15 98 3427858.507
15 99 7776063.763
16 17 4118338.705
16 18 4320093.822
16 19 2859918.297
16 20 5181106.95
16 21 1940772.93
16 22 4408553.462
16 23 3725006.71
16 24 2227473.389
16 25 3889786.987
16 26 3674605.955
16 27 1974478.258
16 28 5261787.561
16 29 4553133.127
16 30 3548889.389
16 31 6107465.587
16 32 3766397.888
16 33 1898656.192
16 34 3878419.752
16 35 4337817.06
16 36 4971978.88
16 37 3734753.512
16 38 2313203.415
16 39 5657690.043
16 40 2489419.843
16 41 3956955.965
16 42 3194724.139
16 43 4990715.768
16 44 5796911.453
16 45 1531763.273
16 46 3870209.447
16 47 4417433.466
16 48 3760363.384
16 49 4098061.118
16 50 4265085.053
16 51 2757162.635
16 52 2229930.93
16 53 3161099.348
16 54 3482875.897
16 55 1616973.227
16 56 3407402.271
16 57 2985080.189
16 58 2058274.55
16 59 4600977.161
16 60 4571708.672
16 61 3696677.733
16 62 1504346.214
16 63 4200533.094
16 64 4753440.372
16 65 2524893.069
16 66 3735944.653
16 67 3361201.171
16 68 5237273.956
16 69 4529591.761
16 70 3484997.91
16 71 5025309.9
16 72 3077710.774
16 73 5399822.646
16 74 3338614.239
16 75 3135613.326
16 76 3555919.904
16 77 6523387.867
16 78 3154558.897
16 79 2756577.305
16 80 3947721.535
16 81 4582575.69
16 82 2617230.351
16 83 4964741.29
16 84 1476029.214
16 85 5410864.441
16 86 6396199.282
16 87 5760715.313
16 88 2373678.531
16 89 2889337.151
16 90 1810123.874
16 91 5630888.901
16 92 3173975.932
16 93 5777144.537
16 94 3818182.359
16 95 5035066.804
16 96 5343300.743
16 97 493918.657
16 98 6008683.029
16 99 3989518.925
17 18 4031252.317
17 19 5928635.372
17 20 9108427.998
17 21 6055603.08
17 22 8526879.571
17 23 7576278.718
17 24 3746809.377
17 25 7923666.647
17 26 4412426.855
17 27 2809211.854
17 28 9088438.023
17 29 5010394.056
17 30 3342667.236
17 31 8701436.448
17 32 4544271.196
17 33 5543011.352
17 34 7189336.05
17 35 7798193.695
17 36 7056574.989
17 37 606525.8971
17 38 4554671.253
17 39 9633359.253
17 40 1789038.84
17 41 7909939.937
17 42 1095075.219
17 43 9090782.129
17 44 9773368.37
17 45 5362195.113
17 46 6559005.019
17 47 5221830.803
17 48 4548184.841
17 49 6071943.885
17 50 8383078.048
17 51 1403539.38
17 52 1974555.013
17 53 6730612.756
17 54 6916528.619
17 55 3801793.98
17 56 2222769.474
17 57 4066222.539
17 58 2300828.388
17 59 4966750.447
17 60 3115583.355
17 61 7016831.076
17 62 4851258.813
17 63 3823809.235
17 64 1085052.261
17 65 4594538.21
17 66 3710797.11
17 67 7446181.631
17 68 9235647.484
17 69 1183571.749
17 70 6471244.23
17 71 7334006.256
17 72 3613909.381
17 73 7713954.138
17 74 6712208.173
17 75 5321337.424
17 76 7446957.311
17 77 10557171.97
17 78 4143080.941
17 79 1663471.89
17 80 7285187.087
17 81 8586692.412
17 82 3259928.738
17 83 5605472.02
17 84 3428300.194
17 85 8418810.736
17 86 8630792.4
17 87 2195277.976
17 88 6459558.71
17 89 6271008.601
17 90 5777402.851
17 91 1924774.904
17 92 3335151.369
17 93 7120552.343
17 94 7859135.092
17 95 9146843.335
17 96 7879528.107
17 97 4119020.503
17 98 10085939.07
17 99 1954859.98
18 19 7163899.444
18 20 7276364.097
18 21 5523587.41
18 22 7663331.573
18 23 5848073.818
18 24 5805110.008
18 25 7707597.265
18 26 1036767.22
18 27 4877685.261
18 28 7043547.372
18 29 1058889.038
18 30 872667.4381
18 31 5308499.24
18 32 7248536.149
18 33 6207372.674
18 34 4775810.721
18 35 5417283.76
18 36 9128925.074
18 37 3454330.818
18 38 2532094.884
18 39 7860113.679
18 40 3053201.575
18 41 6333391.273
18 42 3208730.267
18 43 7890861.598
18 44 7986346.133
18 45 4364081.66
18 46 8140642.008
18 47 7993227.821
18 48 7247151.157
18 49 2768026.968
18 50 7506836.382
18 51 3922878.776
18 52 3205254.679
18 53 7442400.867
18 54 7785017.855
18 55 2745009.954
18 56 1858627.806
18 57 6500354.249
18 58 2940927.222
18 59 986824.4223
18 60 1217442.669
18 61 8010100.584
18 62 5797391.957
18 63 7053095.177
18 64 5114294.83
18 65 2360770.795
18 66 6731204.613
18 67 6394427.816
18 68 9027827.002
18 69 3195449.53
18 70 3934778.762
18 71 9246314.361
18 72 6280731.152
18 73 4259851.519
18 74 4520232.497
18 75 7214636.736
18 76 5827422.64
18 77 10148405.57
18 78 6651369.491
18 79 2865060.102
18 80 8255886.277
18 81 7034972.59
18 82 1725193.018
18 83 1626814.304
18 84 2850739.843
18 85 5416131.184
18 86 5007648.346
18 87 3690079.966
18 88 6226686.278
18 89 4253655.802
18 90 5970069.649
18 91 3831589.199
18 92 6156440.644
18 93 9701324.074
18 94 7625253.241
18 95 8390875.211
18 96 4561456.682
18 97 3898406.89
18 98 9513264.347
18 99 2116679.219
19 20 5842288.317
19 21 2823811.26
19 22 4120542.556
19 23 4885576.402
19 24 2247786.61
19 25 2911627.648
19 26 6530903.752
19 27 3119935.848
19 28 6149995.104
19 29 7404865.794
19 30 6362787.472
19 31 8231280.088
19 32 2666485.618
19 33 1145619.43
19 34 5764559.333
19 35 5969450.625
19 36 2296044.207
19 37 5783726.17
19 38 5092066.136
19 39 6099469.212
19 40 4819038.431
19 41 4804417.071
19 42 5359256.545
19 43 4933135.523
19 44 6215726.565
19 45 3604983.736
19 46 1048042.313
19 47 2877680.401
19 48 2656269.824
19 49 6721842.719
19 50 4050609.335
19 51 4582495.729
19 52 4545429.546
19 53 1069935.915
19 54 1061964.436
19 55 4475886.272
19 56 6023354.789
19 57 2355105.478
19 58 4560740.7
19 59 7455841.415
19 60 7287404.372
19 61 1097232.95
19 62 1366584.655
19 63 3736991.953
19 64 6101527.457
19 65 5311254.805
19 66 3336760.337
19 67 3839367.702
19 68 3864108.01
19 69 6731857.363
19 70 5719838.858
19 71 2244010.777
19 72 2838827.623
19 73 7749225.087
19 74 5285759.708
19 75 1163674.837
19 76 4674403.947
19 77 5172724.978
19 78 2421824.27
19 79 5119975.628
19 80 1361816.398
19 81 5118469.191
19 82 5444355.613
19 83 7792942.483
19 84 4313660.174
19 85 7316620.814
19 86 8695672.078
19 87 7972412.012
19 88 2373548.461
19 89 4947942.025
19 90 1775079.661
19 91 7765599.597
19 92 3147747.821
19 93 3396206.189
19 94 2894936.419
19 95 4398531.901
19 96 7580823.849
19 97 3323620.744
19 98 4924435.588
19 99 6505168.7
20 21 3409295.985
20 22 2073316.573
20 23 1541599.625
20 24 7013635.384
20 25 3337120.927
20 26 6239902.012
20 27 7114797.276
20 28 503004.1186
20 29 6666339.416
20 30 7020894.666
20 31 4077448.88
20 32 8230726.826
20 33 4966512.836
20 34 2565365.91
20 35 2003215.078
20 36 7891190.33
20 37 8614492.705
20 38 4950516.705
20 39 583884.4113
20 40 7329838.309
20 41 1224240.54
20 42 8056057.191
20 43 1439349.885
20 44 711457.2829
20 45 3755417.56
20 46 6631519.858
20 47 8636489.416
20 48 8221559.636
20 49 4820365.384
20 50 2041615.67
20 51 7853582.209
20 52 7134066.984
20 53 4989367.774
20 54 5309529.673
20 55 5405821.225
20 56 7626336.717
20 57 7609710.085
20 58 6819243.25
20 59 6770310.694
20 60 8230504.112
20 61 5574723.551
20 62 5471705.07
20 63 9037771.629
20 64 9880134.119
20 65 5044658.705
20 66 8565864.017
20 67 2035382.982
20 68 3727721.376
20 69 9179001.179
20 70 3375009.572
20 71 7655770.577
20 72 7907155.44
20 73 4397575.697
20 74 2756289.067
20 75 6914452.38
20 76 1661530.295
20 77 4040156.161
20 78 7751863.746
20 79 7510836.613
20 80 5598215.21
20 81 724737.6439
20 82 6354799.491
20 83 6591589.621
20 84 5720144.485
20 85 3017848.836
20 86 4854943.262
20 87 10263491.15
20 88 3522805.129
20 89 3064896.529
20 90 4297932.215
20 91 10235563.56
20 92 8103047.3
20 93 9142837.254
20 94 3297060.204
20 95 2456827.407
20 96 3983970.175
20 97 5033095.134
20 98 3359818.098
20 99 8284102.045
21 22 2476136.653
21 23 2151773.013
21 24 3605904.392
21 25 2187864.639
21 26 4633359.112
21 27 3754595.463
21 28 3591193.919
21 29 5403756.208
21 30 4921395.969
21 31 5424218.313
21 32 4887541.184
21 33 1733470.297
21 34 2948448.394
21 35 3153034.996
21 36 5104132.697
21 37 5651811.776
21 38 3033427.725
21 39 3825165.298
21 40 4379735.588
21 41 2215082.92
21 42 5102115.88
21 43 3054627.818
21 44 3961048.422
21 45 1177286.97
21 46 3816204.52
21 47 5368095.535
21 48 4878908.678
21 49 4235917.688
21 50 2329647.053
21 51 4697467.637
21 52 4134708.908
21 53 2402105.811
21 54 2798496.361
21 55 2892431.589
21 56 5095410.975
21 57 4224562.741
21 58 3908446.227
21 59 5481393.242
21 60 6086120.681
21 61 3084331.32
21 62 2098207.063
21 63 5636784.529
21 64 6683239.955
21 65 3236942.011
21 66 5163418.969
21 67 1451485.465
21 68 3526953.785
21 69 6396362.717
21 70 3004423.862
21 71 4994574.578
21 72 4501516.048
21 73 5017621.105
21 74 2490839.718
21 75 3710511.166
21 76 1946286.101
21 77 4731045.242
21 78 4373329.251
21 79 4624802.108
21 80 3250944.21
21 81 2746035.234
21 82 4028268.649
21 83 5643006.898
21 84 3014149.035
21 85 4493185.446
21 86 5928774.963
21 87 7600944.135
21 88 740255.003
21 89 2206035.285
21 90 1052954.311
21 91 7497684.724
21 92 4693775.488
21 93 6213215.325
21 94 2106364.69
21 95 3129116.937
21 96 4809042.042
21 97 1995770.31
21 98 4160558.321
21 99 5728156.696
22 23 2195252.763
22 24 5735613.517
22 25 1320434.719
22 26 6678535.33
22 27 6103391.208
22 28 2533353.352
22 29 7315116.953
22 30 7184943.673
22 31 5796908.756
22 32 6705537.448
22 33 3494108.596
22 34 3648859.818
22 35 3370414.081
22 36 5968083.782
22 37 8127940.659
22 38 5137442.606
22 39 2113437.447
22 40 6854103.355
22 41 1728088.164
22 42 7577828.558
22 43 822159.2199
22 44 2204286.471
22 45 3411616.19
22 46 4760440.121
22 47 6995307.788
22 48 6695671.134
22 49 5724736.782
22 50 157037.4551
22 51 7157544.941
22 52 6610621.076
22 53 3139297.617
22 54 3402574.446
22 55 5242827.769
22 56 7502362.15
22 57 6198788.142
22 58 6377632.935
22 59 7408339.492
22 60 8389397.796
22 61 3642586.125
22 62 4138414.387
22 63 7653469.281
22 64 9118217.191
22 65 5302561.862
22 66 7200206.743
22 67 1269194.736
22 68 1767743.978
22 69 8862093.123
22 70 4220774.585
22 71 5696203.994
22 72 6580417.389
22 73 5840182.743
22 74 3515844.388
22 75 5266034.905
22 76 2087040.159
22 77 2538169.684
22 78 6317348.557
22 79 7094958.115
22 80 3624563.161
22 81 1449110.606
22 82 6350972.452
22 83 7405680.745
22 84 5430011.887
22 85 4711876.127
22 86 6509466.147
22 87 10054387.63
22 88 2146089.139
22 89 3564910.54
22 90 2944612.951
22 91 9961497.261
22 92 6827782.836
22 93 7252171.57
22 94 1299692.449
22 95 730030.9421
22 96 5485686.57
22 97 4463124.349
22 98 1866248.751
22 99 8148491.416
23 24 5701722.178
23 25 3021417.607
23 26 4819115.052
23 27 5689600.326
23 28 1539374.878
23 29 5336099.321
23 30 5529709.069
23 31 3712378.282
23 32 7035228.904
23 33 3860862.404
23 34 1454392.728
23 35 1244802.444
23 36 7100079.542
23 37 7076413.854
23 38 3443628.92
23 39 2097234.697
23 40 5794075.293
23 41 510679.0915
23 42 6518562.17
23 43 2119175.462
23 44 2234521.982
23 45 2244807.882
23 46 5805637.311
23 47 7518788.748
23 48 7026722.571
23 49 3608100.694
23 50 2066927.458
23 51 6341327.609
23 52 5603170.73
23 53 4226331.441
23 54 4599319.626
23 55 3864744.958
23 56 6094017.521
23 57 6355583.498
23 58 5282753.692
23 59 5436115.075
23 60 6745768.129
23 61 4886305.862
23 62 4245106.785
23 63 7742940.115
23 64 8368459.598
23 65 3554547.718
23 66 7268183.658
23 67 1231817.978
23 68 3932862.509
23 69 7638143.648
23 70 2093819.064
23 71 6932133.06
23 72 6600594.235
23 73 3654189.156
23 74 1395986.942
23 75 5846720.115
23 76 211173.103
23 77 4689020.513
23 78 6508568.895
23 79 5971195.986
23 80 4979757.015
23 81 1187651.404
23 82 4830044.862
23 83 5345728.223
23 84 4179409.28
23 85 2655077.062
23 86 4375456.366
23 87 8729623.991
23 88 2520727.404
23 89 1594454.617
23 90 3170062.699
23 91 8697313.369
23 92 6767496.273
23 93 8276582.967
23 94 2951932.495
23 95 2876200.15
23 96 3315507.595
23 97 3531009.384
23 98 3995012.008
23 99 6752614.604
24 25 4768491.843
24 26 5448060.798
24 27 1026125.718
24 28 7189507.831
24 29 6326166.756
24 30 4938025.505
24 31 8334928.458
24 32 1565399.436
24 33 2262998.272
24 34 6071786.998
24 35 6484339.832
24 36 3458873.983
24 37 3688958.308
24 38 4384315.965
24 39 7408548.896
24 40 2969638.259
24 41 5818848.311
24 42 3348167.548
24 43 6472547.778
24 44 7541408.388
24 45 3686193.314
24 46 2813876.706
24 47 2268024.669
24 48 1560606.566
24 49 6236530.527
24 50 5623840.964
24 51 2487521.415
24 52 2728117.659
24 53 3193141.797
24 54 3293062.649
24 55 3519983.128
24 56 4298286.801
24 57 770587.1858
24 58 2893183.658
24 59 6348497.488
24 60 5615259.818
24 61 3344013.285
24 62 1597862.73
24 63 2041526.608
24 64 3854074.646
24 65 4573604.741
24 66 1566778.331
24 67 5013055.811
24 68 5933930.713
24 69 4662332.723
24 70 5712277.017
24 71 3673712.833
24 72 898924.2562
24 73 7612190.987
24 74 5533842.824
24 75 1598833.377
24 76 5507994.43
24 77 7270897.197
24 78 940462.8663
24 79 3256995.724
24 80 3605816.784
24 81 6337151.787
24 82 4132495.937
24 83 6825268.252
24 84 3184315.759
24 85 7622531.249
24 86 8611132.328
24 87 5870705.506
24 88 3615631.376
24 89 5095159.267
24 90 2802272.463
24 91 5636914.606
24 92 1098648.238
24 93 3896563.317
24 94 4724901.919
24 95 6195484.86
24 96 7568128.184
24 97 2670892.261
24 98 6925762.94
24 99 4649852.883
25 26 6798426.796
25 27 5301342.62
25 28 3760843.647
25 29 7537874.32
25 30 7107285.801
25 31 6733794.68
25 32 5559362.862
25 33 2514477.028
25 34 4379128.038
25 35 4266092.456
25 36 4651574.566
25 37 7596707.606
25 38 5200182.682
25 39 3430115.831
25 40 6376539.529
25 41 2677956.429
25 42 7070040.632
25 43 2134693.664
25 44 3523818.878
25 45 3345866.867
25 46 3462170.327
25 47 5782802.995
25 48 5549255.65
25 49 6181466.714
25 50 1308610.826
25 51 6523129.985
25 52 6112604.724
25 53 1875520.941
25 54 2101534.489
25 55 5070426.834
25 56 7226598.1
25 57 5131211.103
25 58 5945395.889
25 59 7620660.147
25 60 8263099.089
25 61 2330192.142
25 62 3216587.125
25 63 6573211.924
25 64 8387719.414
25 65 5396305.774
25 66 6138681.55
25 67 1801062.748
25 68 1355262.846
25 69 8418227.211
25 70 4762636.677
25 71 4375904.394
25 72 5556062.351
25 73 6607873.436
25 74 4099815.795
25 75 4074389.44
25 76 2848154.269
25 77 2638473.916
25 78 5232341.802
25 79 6646331.886
25 80 2304337.161
25 81 2650895.96
25 82 6207161.919
25 83 7728142.081
25 84 5158279.633
25 85 5672134.592
25 86 7385493.531
25 87 9650401.04
25 88 1536979.787
25 89 4000654.193
25 90 2146832.435
25 91 9518546.709
25 92 5829554.51
25 93 5940262.777
25 94 83456.00371
25 95 1487022.621
25 96 6302849.743
25 97 4085345.007
25 98 2181529.249
25 99 7841833.136
26 27 4621435.444
26 28 6007744.025
26 29 886745.2673
26 30 1116143.599
26 31 4464418.073
26 32 6968156.415
26 33 5503082.057
26 34 3742741.908
26 35 4386470.474
26 36 8615245.006
26 37 3807187.496
26 38 1600151.79
26 39 6823694.03
26 40 3052843.477
26 41 5308318.74
26 42 3428773.031
26 43 6876552.258
26 44 6949740.314
26 45 3457996.535
26 46 7544552.293
26 47 7700345.151
26 48 6965362.39
26 49 1834454.844
26 50 6522804.85
26 51 3961977.5
26 52 3120414.283
26 53 6693221.98
26 54 7054099.865
26 55 2058395.326
26 56 2206045.78
26 57 6188339.014
26 58 2775291.514
26 59 927047.0127
26 60 2119189.564
26 61 7296136.604
26 62 5178808.726
26 63 6939002.428
26 64 5486270.03
26 65 1402548.803
26 66 6568339.739
26 67 5409860.107
26 68 8097618.157
26 69 3797863.466
26 70 2901085.05
26 71 8691631.073
26 72 6045168.299
26 73 3426344.12
26 74 3483977.794
26 75 6727671.308
26 76 4804316.456
26 77 9183223.694
26 78 6349621.983
26 79 2956459.5
26 80 7530158.11
26 81 6006657.453
26 82 1378730.95
26 83 1388025.423
26 84 2293433.289
26 85 4460076.495
26 86 4270815.442
26 87 4509348.303
26 88 5356275.559
26 89 3225711.335
26 90 5185854.307
26 91 4602135.731
26 92 5971926.05
26 93 9303392.029
26 94 6715341.354
26 95 7408010.512
26 96 3678692.52
26 97 3208312.589
26 98 8537167.338
26 99 2691201.891
27 28 7221395.751
27 29 5480789.982
27 30 4005270.358
27 31 7909884.427
27 32 2371733.403
27 33 2819075.876
27 34 5809080.85
27 35 6297729.614
27 36 4484043.885
27 37 2689961.669
27 38 3760951.325
27 39 7565894.138
27 40 1956528.003
27 41 5892808.614
27 42 2325640.535
27 43 6775176.999
27 44 7703503.127
27 45 3503697.547
27 46 3803290.515
27 47 3115704.315
27 48 2370136.039
27 49 5622085.382
27 50 5975082.564
27 51 1482292.627
27 52 1727406.671
27 53 3944619.395
27 54 4112538.724
27 55 2848240.796
27 56 3294948.539
27 57 1630550.503
27 58 1937752.671
27 59 5492868.937
27 60 4612078.103
27 61 4207766.72
27 62 2109132.969
27 63 2394072.813
27 64 3095301.875
27 65 3924976.328
27 66 1976752.881
27 67 5205941.916
27 68 6557778.562
27 69 3657179.029
27 70 5325796.04
27 71 4698710.479
27 72 1423896.272
27 73 7102547.159
27 74 5271573.067
27 75 2617899.418
27 76 5514449.842
27 77 7894703.958
27 78 1776174.73
27 79 2238392.414
27 80 4476018.476
27 81 6485304.978
27 82 3262462.845
27 83 6009274.747
27 84 2459206.626
27 85 7303443.869
27 86 8101116.76
27 87 4880176.959
27 88 3959739.755
27 89 4813522.796
27 90 3187628.868
27 91 4659251.708
27 92 1374087.549
27 93 4862740.537
27 94 5245951.91
27 95 6644259.959
27 96 7112134.091
27 97 2286152.375
27 98 7482848.583
27 99 3626069.535
28 29 6380216.136
28 30 6842963.042
28 31 3593657.712
28 32 8463169.614
28 33 5221041.908
28 34 2276776.503
28 35 1663433.217
28 36 8251802.889
28 37 8575319.772
28 38 4803717.632
28 39 945054.4289
28 40 7301336.331
28 41 1379856.434
28 42 8020105.292
28 43 1937661.492
28 44 1032972.436
28 45 3782110.629
28 46 6978978.843
28 47 8900401.932
28 48 8454260.545
28 49 4501326.206
28 50 2487014.468
28 51 7873183.195
28 52 7119651.558
28 53 5342975.414
28 54 5677810.586
28 55 5333550.894
28 56 7509588.201
28 57 7815104.871
28 58 6789166.152
28 59 6485493.552
28 60 8041188.874
28 61 5949603.507
28 62 5682672.369
28 63 9225690.552
28 64 9899491.781
28 65 4878104.76
28 66 8751701.522
28 67 2311145.721
28 68 4218165.754
28 69 9094105.256
28 70 3111846.923
28 71 8031718.234
28 72 8087427.97
28 73 3962486.94
28 74 2551827.834
28 75 7191585.997
28 76 1707033.6
28 77 4540981.656
28 78 7962514.313
28 79 7465626.922
28 80 5988240.356
28 81 1109963.288
28 82 6226094.223
28 83 6269113.074
28 84 5672000.084
28 85 2546900.777
28 86 4377491.056
28 87 10145465.45
28 88 3795286.918
28 89 2913294.682
28 90 4539273.368
28 91 10133165.45
28 92 8268000.317
28 93 9487197.887
28 94 3715184.73
28 95 2952556.003
28 96 3541205.935
28 97 5068685.035
28 98 3862159.061
28 99 8163467.204
29 30 1683640.699
29 31 4313486.605
29 32 7837386.039
29 33 6363001.17
29 34 4107833.264
29 35 4721124.167
29 36 9500875.677
29 37 4417585.462
29 38 2392727.512
29 39 7247432.088
29 40 3823829.413
29 41 5840545.626
29 42 4107413.118
29 43 7438716.278
29 44 7365994.853
29 45 4227578.043
29 46 8423172.83
29 47 8572496.815
29 48 7834826.071
29 49 1917633.147
29 50 7161805.411
29 51 4727376.567
29 52 3922576.167
29 53 7534679.992
29 54 7901403.231
29 55 2939603.75
29 56 2793365.687
29 57 7061481.755
29 58 3598493.177
29 59 106709.7027
29 60 2267616.232
29 61 8148631.362
29 62 6057383.015
29 63 7770065.242
29 64 6095246.668
29 65 2178528.556
29 66 7411791.562
29 67 6055899.182
29 68 8809005.267
29 69 4237836.808
29 70 3292841.512
29 71 9574297.701
29 72 6904300.436
29 73 3268737.134
29 74 3951196.5
29 75 7614392.214
29 76 5350849.893
29 77 9843376.369
29 78 7221434.443
29 79 3688621.154
29 80 8378231.245
29 81 6515914.375
29 82 2219417.337
29 83 595349.21
29 84 3179931.272
29 85 4524872.008
29 86 3967858.293
29 87 4741798.859
29 88 6137114.097
29 89 3775007.609
29 90 6018196.333
29 91 4889261.3
29 92 6819333.949
29 93 10188086.96
29 94 7454445.344
29 95 8044407.062
29 96 3601784.101
29 97 4081296.458
29 98 9181222.741
29 99 3143332.373
30 31 5570851.235
30 32 6375927.863
30 33 5447093.715
30 34 4630902.921
30 35 5281773.816
30 36 8282941.621
30 37 2743740.588
30 38 2091386.054
30 39 7599567.064
30 40 2196387.401
30 41 5988881.802
30 42 2424624.641
30 43 7490062.747
30 44 7731566.099
30 45 3802098.624
30 46 7321519.637
30 47 7120697.239
30 48 6374559.026
30 49 2925130.355
30 50 7027927.096
30 51 3081719.979
30 52 2337180.137
30 53 6701308.853
30 54 7030857.946
30 55 2048506.525
30 56 1119923.661
30 57 5628958.429
30 58 2068277.941
30 59 1653296.844
30 60 1218256.982
30 61 7245108.575
30 62 4997715.888
30 63 6191426.958
30 64 4425253.856
30 65 1977195.169
30 66 5863363.134
30 67 5926451.421
30 68 8447753.207
30 69 2681726.903
30 70 3799484.056
30 71 8411124.085
30 72 5408310.453
30 73 4537436.565
30 74 4291150.841
30 75 6366072.76
30 76 5479441.009
30 77 9618509.596
30 78 5779438.941
30 79 2028340.197
30 80 7496601.302
30 81 6701183.843
30 82 934078.6023
30 83 2277572.319
30 84 2073789.221
30 85 5508208.658
30 86 5386540.811
30 87 3437586.784
30 88 5594442.32
30 89 3956260.311
30 90 5264134.187
30 91 3509095.058
30 92 5286262.94
30 93 8834587.506
30 94 7026415.966
30 95 7903681.488
30 96 4776055.155
30 97 3160426.998
30 98 9006508.314
30 99 1575404.03
31 32 9863258.366
31 33 7101324.241
31 34 2478871.621
31 35 2467886.602
31 36 10523021.1
31 37 8101269.33
31 38 4262858.053
31 39 4512566.209
31 40 7057468.881
31 41 4095280.823
31 42 7630480.35
31 43 5424165.98
31 44 4570478.613
31 45 4738626.537
31 46 9239301.067
31 47 10481184.23
31 48 9856740.043
31 49 2653622.355
31 50 5694049.201
31 51 7891854.417
31 52 7000764.507
31 53 7776247.319
31 54 8167127.462
31 55 5163676.147
31 56 6598852.925
31 57 9089934.633
31 58 6611880.334
31 59 4411861.627
31 60 6516557.803
31 61 8457147.001
31 62 7240178.636
31 63 10269829.88
31 64 9724159.47
31 65 4165099.339
31 66 9817169.045
31 67 4938961.43
31 68 7564637.865
31 69 8239042.021
31 70 2624172.431
31 71 10418407.21
31 72 9171624.908
31 73 1048648
31 74 2946197.331
31 75 8986261.492
31 76 3889684.098
31 77 8091273.03
31 78 9258757.708
31 79 7080504.726
31 80 8586457.655
31 81 4417800.718
31 82 5441508.244
31 83 3907666.277
31 84 5585498.945
31 85 1086535.919
31 86 801242.9652
31 87 8962886
31 88 6020434
31 89 3314542.596
31 90 6458624.835
31 91 9065530.083
31 92 9233780.831
31 93 11587569.92
31 94 6664081.948
31 95 6382072.193
31 96 824991.6893
31 97 5678745.086
31 98 7398673
31 99 7141761.88
32 33 3271425.453
32 34 7547970.684
32 35 7917539.438
32 36 2621361.54
32 37 4674375.274
32 38 5949257.453
32 39 8566004.608
32 40 4272883.776
32 41 7083449.576
32 42 4474144.357
32 43 7496690.527
32 44 8691875.283
32 45 5162626.163
32 46 2621034.878
32 47 745997.2473
32 48 10249.48583
32 49 7801843.649
32 50 6617715.773
32 51 3579749.688
32 52 4071046.922
32 53 3735897.164
32 54 3664646.12
32 55 5078994.959
32 56 5613898.614
32 57 795366.6692
32 58 4307684.059
32 59 7853471.773
32 60 6920601.527
32 61 3587393.38
32 62 2790210.473
32 63 1157625.997
32 64 4270721.344
32 65 6137350.436
32 66 920729.2357
32 67 6196298.197
32 68 6518421.113
32 69 5632229.854
32 70 7239236.154
32 71 2969692.999
32 72 993066.0952
32 73 9164495.401
32 74 7015245.316
32 75 1516938.453
32 76 6832075.429
32 77 7808144.785
32 78 626714.0882
32 79 4530569.933
32 80 3797479.413
32 81 7524826.503
32 82 5624504.09
32 83 8352550.765
32 84 4731765.433
32 85 9113068.961
32 86 10161901.49
32 87 6739519.281
32 88 4719022.124
32 89 6589620.666
32 90 3932856.001
32 91 6463045.443
32 92 1218499.043
32 93 2593081.656
32 94 5535763.02
32 95 7044059.761
32 96 9107842.291
32 97 4225058.036
32 98 7587968.521
32 99 5858395.43
33 34 4644397.421
33 35 4884531.145
33 36 3438941.016
33 37 5290519.336
33 38 4010033.283
33 39 5294655.555
33 40 4174755.079
33 41 3846970.558
33 42 4804103.461
33 43 4257850.785
33 44 5420859.559
33 45 2460386.836
33 46 2188261.304
33 47 3679457.441
33 48 3262035.606
33 49 5589875.21
33 50 3391146.685
33 51 4143181.068
33 52 3898543.099
33 53 1275695.314
33 54 1584273.995
33 55 3473111.272
33 56 5253546.963
33 57 2709252.524
33 58 3829232.962
33 59 6420422.439
33 60 6457698.56
33 61 1802803.593
33 62 710817.0081
33 63 4163558.104
33 64 5914327.673
33 65 4230118.194
33 66 3707092.161
33 67 2931223.955
33 68 3739471.124
33 69 6185413.787
33 70 4575525.88
33 71 3385786.955
33 72 3087726.314
33 73 6604525.194
33 74 4155269.14
33 75 1985988.863
33 76 3651307.135
33 77 5077434.602
33 78 2834329.257
33 79 4468111.554
33 80 2050102.907
33 81 4256128.219
33 82 4514561.453
33 83 6722023.653
33 84 3373467.949
33 85 6206437.198
33 86 7553907.133
33 87 7435304.377
33 88 1447837.715
33 89 3807395.437
33 90 690838.1816
33 91 7263985.376
33 92 3342778.197
33 93 4493673.031
33 94 2467252.879
33 95 3932756.735
33 96 6440592.788
33 97 2311639.412
33 98 4687324.244
33 99 5796792.636
34 35 650871.9454
34 36 8051583.668
34 37 6632064.442
34 38 2686574.139
34 39 3143214.4
34 40 5415682.925
34 41 1945353.956
34 42 6096026.153
34 43 3524001.821
34 44 3259569.048
34 45 2388209.244
34 46 6764652.566
34 47 8124525.975
34 48 7540676.488
34 49 2258214.147
34 50 3518245.45
34 51 6120669.784
34 52 5281859.766
34 53 5300039.54
34 54 5692107.642
34 55 3392585.646
34 56 5397516.893
34 57 6800132.161
34 58 4914306.365
34 59 4212611.37
34 60 5807963.824
34 61 5981974.28
34 62 4839436.496
34 63 8076620.494
34 64 8102665.777
34 65 2715137.784
34 66 7609324.716
34 67 2585888.288
34 68 5374829.715
34 69 7031499.752
34 70 841869.777
34 71 7940867.391
34 72 6946089.928
34 73 2229914.371
34 74 539805.6851
34 75 6566071.099
34 76 1573000.872
34 77 6137287.305
34 78 6965220.195
34 79 5528048.576
34 80 6117039.133
34 81 2519662.544
34 82 4109863.843
34 83 4028338.614
34 84 3787362.588
34 85 1573649.771
34 86 3037825.829
34 87 8007702.432
34 88 3544918.434
34 89 995643.01
34 90 3989626.679
34 91 8025048.047
34 92 7052316.455
34 93 9137772.336
34 94 4303618.586
34 95 4328712.702
34 96 1932374.125
34 97 3523071.974
34 98 5441142.415
34 99 6036052.505
35 36 8228916.022
35 37 7248475.365
35 38 3324705.921
35 39 2566251.615
35 40 6017157.58
35 41 1645929.502
35 42 6707504.262
35 43 3116144.273
35 44 2674131.543
35 45 2811808.101
35 46 6933923.499
35 47 8460430.044
35 48 7909763.655
35 49 2838010.48
35 50 3256659.081
35 51 6695028.493
35 52 5872246.502
35 53 5399199.49
35 54 5781843.39
35 55 3996479.797
35 56 6040456.892
35 57 7191073.495
35 58 5511451.585
35 59 4826761.125
35 60 6457828.96
35 61 6071131.709
35 62 5160254.564
35 63 8510855.334
35 64 8692368.295
35 65 3360873.424
35 66 8039344.208
35 67 2474212.758
35 68 5132683.271
35 69 7669050.964
35 70 1489103.245
35 71 8086709.358
35 72 7371745.449
35 73 2494157.593
35 74 1086746.135
35 75 6848320.517
35 76 1427020.991
35 77 5777766.723
35 78 7352669.311
35 79 6140768.852
35 80 6180697.207
35 81 2088776.114
35 82 4751663.394
35 83 4606723.906
35 84 4380560.474
35 85 1414704.488
35 86 3145273.041
35 87 8655088.696
35 88 3655502.199
35 89 1538448.052
35 90 4205664.756
35 91 8669320.457
35 92 7498157.841
35 93 9363804.768
35 94 4196733.906
35 95 4002528.177
35 96 2120235.404
35 97 4022989.416
35 98 5078682.106
35 99 6681436.595
36 37 7094179.746
36 38 7274356.187
36 39 8060492.991
36 40 6423399.344
36 41 6959092.44
36 42 6795011.381
36 43 6785985.831
36 44 8161763.396
36 45 5891046.421
36 46 1295659.506
36 47 2186747.352
36 48 2614359.046
36 49 8974556.774
36 50 5938431.074
36 51 5916154.277
36 52 6174593.886
36 53 2909220.992
36 54 2582901.144
36 55 6565721.434
36 56 7739622.848
36 57 2991547.406
36 58 6301705.815
36 59 9540962.462
36 60 9052395.758
36 61 2327393.707
36 62 3493692.401
36 63 3704476.402
36 64 6879616.907
36 65 7489754.925
36 66 3541767.603
36 67 5974976.514
36 68 5115009.251
36 69 8069564.574
36 70 8014458.536
36 71 422773.638
36 72 3450665.639
36 73 10043277.47
36 74 7578954.488
36 75 1918101.153
36 76 6890006.635
36 77 6210123.384
36 78 2915750.138
36 79 6713672.23
36 80 2356885.869
36 81 7170899.991
36 82 7409942.173
36 83 9933317.535
36 84 6331917.629
36 85 9594349.387
36 86 10991658.87
36 87 9238596.151
36 88 4583333.823
36 89 7243983.492
36 90 4064443.521
36 91 8980257.893
36 92 3748926.151
36 93 1304316.003
36 94 4668424.906
36 95 6037307.855
36 96 9876846.09
36 97 5461447.618
36 98 6204983.639
36 99 8108617.201
37 38 3978644.992
37 39 9149070.301
37 40 1291016.566
37 41 7428066.535
37 42 559629.7535
37 43 8660312.986
37 44 9288796.997
37 45 4887999.203
37 46 6491943.18
37 47 5384231.123
37 48 4677041.659
37 49 5468185.872
37 50 7980876.832
37 51 1207771.026
37 52 1518616.46
37 53 6516428.793
37 54 6731468.939
37 55 3258593.445
37 56 1625122.148
37 57 4113252.328
37 58 1797020.166
37 59 4376755.137
37 60 2605447.208
37 61 6854383.951
37 62 4620883.481
37 63 4082078.69
37 64 1682086.051
37 65 4009607.625
37 66 3903495.936
37 67 7011227.429
37 68 8927106.03
37 69 975964.4334
37 70 5899514.064
37 71 7343822.565
37 72 3703513.859
37 73 7110504.747
37 74 6164753.123
37 75 5286620.073
37 76 6955274.101
37 77 10235157
37 78 4211410.816
37 79 1111422.709
37 80 7123940.955
37 81 8114672.369
37 82 2660616.699
37 83 5012928.96
37 84 2903397.895
37 85 7834636.241
37 86 8025007.749
37 87 2191384.393
37 88 6102829.164
37 89 5729817.191
37 90 5460798.102
37 91 1984732.988
37 92 3456288.023
37 93 7267291.781
37 94 7528826.32
37 95 8767768.349
37 96 7280222.137
37 97 3679311.373
37 98 9738782.471
37 99 1428286.329
38 39 5525062.473
38 40 2827055.381
38 41 3897979.828
38 42 3460725.511
38 43 5405568.124
38 44 5658897.107
38 45 1857861.764
38 46 6129671.365
38 47 6644111.178
38 48 5944634.259
38 49 1863940.768
38 50 4980641.572
38 51 3633028.117
38 52 2746324.351
38 53 5150928.915
38 54 5522890.476
38 55 920237.6466
38 56 2719126.671
38 57 5153904.309
38 58 2359039.49
38 59 2463269.504
38 60 3309603.261
38 61 5776344.603
38 62 3783633.854
38 63 6154898.034
38 64 5523586.063
38 65 220094.0509
38 66 5728802.377
38 67 3870172.526
38 68 6506397.29
38 69 4345101.221
38 70 1922355.053
38 71 7306532.75
38 72 5124557.339
38 73 3374084.8
38 74 2270883.84
38 75 5448456.055
38 76 3388661.26
38 77 7616313.342
38 78 5323038.286
38 79 2894084.398
38 80 5999932.78
38 81 4610680.949
38 82 1429764.776
38 83 2712880.95
38 84 1335222.26
38 85 3870026.104
38 86 4363967.22
38 87 5346899.634
38 88 3758474.571
38 89 1892155.586
38 90 3629985.896
38 91 5349099.117
38 92 5128530.363
38 93 8085749.961
38 94 5117210.177
38 95 5863275.715
38 96 3441616.832
38 97 1819461.064
38 98 6982568.13
38 99 3366508.165
39 40 7861240.579
39 41 1723519.93
39 42 8589842.627
39 43 1340121.297
39 44 140085.259
39 45 4271801.429
39 46 6827374.011
39 47 8935396.091
39 48 8556591.231
39 49 5394505.364
39 50 2125309.655
39 51 8359372.14
39 52 7659079.529
39 53 5187675.826
39 54 5481380.057
39 55 5958743.35
39 56 8190838.106
39 57 7974712.998
39 58 7352240.381
39 59 7351592.285
39 60 8810461.208
39 61 5733309.995
39 62 5841355.26
39 63 9415499.871
39 64 10383118.97
39 65 5622703.211
39 66 8946737.88
39 67 2395590.506
39 68 3600988.029
39 69 9731816.084
39 70 3957262.307
39 71 7800538.714
39 72 8295053.764
39 73 4907535.656
39 74 3339945.527
39 75 7204165.792
39 76 2197115.317
39 77 3724535.848
39 78 8111176.166
39 79 8049469.963
39 80 5729877.078
39 81 1080713.908
39 82 6923691.451
39 83 7165698.475
39 84 6263159.387
39 85 3482188.777
39 86 5303288.677
39 87 10826792.44
39 88 3847751.212
39 89 3643345.146
39 90 4646642.16
39 91 10793871.85
39 92 8504147.508
39 93 9333251.362
39 94 3403106.694
39 95 2323708.27
39 96 4485843.402
39 97 5537758.902
39 98 3073766.264
39 99 8849258.935
40 41 6139314.023
40 42 731785.1594
40 43 7373578.716
40 44 8001066.314
40 45 3597329.42
40 46 5642847.497
40 47 5017707.345
40 48 4272759.723
40 49 4490055.722
40 50 6705566.07
40 51 909142.1951
40 52 276813.3131
40 53 5435741.362
40 54 5689432.083
40 55 2023117.656
40 56 1343256.424
40 57 3573482.851
40 58 512185.0755
40 59 3812103.293
40 60 2657919.459
40 61 5844198.504
40 62 3550786.891
40 63 4000329.424
40 64 2699530.404
40 65 2897273.563
40 66 3689204.938
40 67 5724077.447
40 68 7719646.65
40 69 2042054.878
40 70 4721216.72
40 71 6616114.41
40 72 3284728.798
40 73 6111221.881
40 74 4930478.234
40 75 4527961.176
40 76 5669359.595
40 77 9012128.21
40 78 3708814.366
40 79 301007.6464
40 80 6112094.458
40 81 6824292.815
40 82 1710161.653
40 83 4399755.799
40 84 1640337.136
40 85 6694647.256
40 86 7067566.546
40 87 3281597.377
40 88 4862753.819
40 89 4485963.505
40 90 4264058.625
40 91 3142058.871
40 92 3128502.318
40 93 6810946.458
40 94 6305854.675
40 95 7504375.223
40 96 6232505.592
40 97 2395317.164
40 98 8496065.316
40 99 1699932.554
41 42 6868632.601
41 43 1608581.056
41 44 1863569.659
41 45 2548295.344
41 46 5672880.222
41 47 7526100.446
41 48 7074553.538
41 49 4118627.45
41 50 1611088.279
41 51 6639236.927
41 52 5935766.162
41 53 4056229.651
41 54 4412088.377
41 55 4258407.993
41 56 6510881.701
41 57 6436858.477
41 58 5631050.003
41 59 5940014.425
41 60 7206755.366
41 61 4693287.084
41 62 4303205.604
41 63 7851793.425
41 64 8664465.983
41 65 4020020.57
41 66 7378293.207
41 67 985203.4
41 68 3486989.059
41 69 8026408.385
41 70 2604483.316
41 71 6764354.926
41 72 6715599.171
41 73 4113457.962
41 74 1906095.071
41 75 5823779.87
41 76 509520.951
41 77 4191949.361
41 78 6583570.057
41 79 6330946.633
41 80 4761849.837
41 81 713583.5011
41 82 5261381.188
41 83 5855773.115
41 84 4549408.339
41 85 3017551.36
41 86 4790334.134
41 87 9140261.75
41 88 2435132.657
41 89 2083447.044
41 90 3162487.028
41 91 9096681.685
41 92 6902330.615
41 93 8169770.887
41 94 2615359.805
41 95 2386491.82
41 96 3757762.021
41 97 3817398.844
41 98 3495879.289
41 99 7170003.644
42 43 8103888.338
42 44 8729593.041
42 45 4328392.387
42 46 6116875.614
42 47 5204442.766
42 48 4475665.033
42 49 5016874.168
42 50 7430062.628
42 51 895385.0444
42 52 967739.9456
42 53 6046596.924
42 54 6277840.999
42 55 2712618.344
42 56 1352039.514
42 57 3849859.936
42 58 1237618.396
42 59 4077726.628
42 60 2533373.357
42 61 6414061.33
42 62 4150453.907
42 63 4011808.534
42 64 2095962.484
42 65 3504885.375
42 66 3773662.117
42 67 6454535.211
42 68 8406426.718
42 69 1383181.18
42 70 5376266.239
42 71 7021634.712
42 72 3484559.561
42 73 6655292.371
42 74 5622267.206
42 75 4943490.551
42 76 6396462.693
42 77 9708098.251
42 78 3964406.335
42 79 568483.2404
42 80 6683439.597
42 81 7555042.665
42 82 2196566.428
42 83 4699911.777
42 84 2349389.369
42 85 7327184.316
42 86 7587492.645
42 87 2633112.916
42 88 5567000.917
42 89 5183886.051
42 90 4942257.768
42 91 2462958.336
42 92 3271227.285
42 93 7058976.974
42 94 7000933.872
42 95 8222521.349
42 96 6806848.68
42 97 3123852.867
42 98 9202944.208
42 99 1398185.865
43 44 1414338.148
43 45 3822626.797
43 46 5582452.137
43 47 7804033.474
43 48 7486916.684
43 49 5726100.725
43 50 883031.2774
43 51 7747292.749
43 52 7142985.659
43 53 3960689.695
43 54 4224144.966
43 55 5637992.048
43 56 7911546.545
43 57 6967101.419
43 58 6881603.281
43 59 7537054.465
43 60 8706509.177
43 61 4462123.09
43 62 4876010.702
43 63 8421245.604
43 64 9737867.109
43 65 5547721.506
43 66 7962874.805
43 67 1649588.829
43 68 2295804.291
43 69 9344912.911
43 70 4212681.805
43 71 6508701.822
43 72 7332582.608
43 73 5608027.574
43 74 3514509.191
43 75 6072375.055
43 76 2087928.039
43 77 2673493.589
43 78 7090809.71
43 79 7597397.286
43 80 4437887.005
43 81 1027964.796
43 82 6706727.191
43 83 7463903.805
43 84 5871856.442
43 85 4342344.592
43 86 6176739.177
43 87 10508055.18
43 88 2857658.926
43 89 3667234.432
43 90 3670322.728
43 91 10436018.63
43 92 7569575.203
43 93 8072320.414
43 94 2118526.081
43 95 1018848.034
43 96 5221327.94
43 97 4981258.258
43 98 1976976.059
43 99 8566666.165
44 45 4411858.674
44 46 6933746.307
44 47 9056395.05
44 48 8682433.224
44 49 5507023.471
44 50 2223609.5
44 51 8499384.945
44 52 7799070.379
44 53 5295782.313
44 54 5584908.271
44 55 6097036.234
44 56 8327485.437
44 57 8104265.057
44 58 7491999.272
44 59 7470384.243
44 60 8941661.448
44 61 5834370.245
44 62 5972029.451
44 63 9546221.102
44 64 10523062.85
44 65 5755005.941
44 66 9077871.628
44 67 2528395.509
44 68 3649147.029
44 69 9870243.456
44 70 4077907.735
44 71 7897697.574
44 72 8427037.993
44 73 4990109.304
44 74 3466760.33
44 75 7324455.502
44 76 2336252.827
44 77 3722484.602
44 78 8240046.61
44 79 8188986.127
44 80 5826305.865
44 81 1218222.544
44 82 7059314.761
44 83 7277823.584
44 84 6402352.928
44 85 3551370.702
44 86 5364273.553
44 87 10963726.3
44 88 3974760.089
44 89 3775343.939
44 90 4775640.378
44 91 10931623.93
44 92 8637437.82
44 93 9437556.452
44 94 3499170.799
44 95 2377174.568
44 96 4565908.437
44 97 5677794.913
44 98 3082834.012
44 99 8985791.319
45 46 4648500.43
45 47 5753516.846
45 48 5155469.844
45 49 3160121.227
45 50 3255581.784
45 51 4099707.314
45 52 3388628.807
45 53 3432835.481
45 54 3822301.077
45 55 1831901.136
45 56 4099221.622
45 57 4411936.344
45 58 3092452.49
45 59 4304572.386
45 60 4992156.043
45 61 4095284.195
45 62 2504613.913
45 63 5702576.062
45 64 6126888.675
45 65 2059879.12
45 66 5232456.016
45 67 2187322.318
45 68 4664705.709
45 69 5528632.567
45 70 2144008.479
45 71 5846002.253
45 72 4566442.494
45 73 4161617.63
45 74 1853065.489
45 75 4255680.484
45 76 2097035.292
45 77 5816425.61
45 78 4577148.531
45 79 3800292.17
45 80 4293191.272
45 81 3227162.688
45 82 2943137.153
45 83 4479668.082
45 84 2049594.811
45 85 3950449.001
45 86 5128694.314
45 87 6685439.541
45 88 1909851.895
45 89 1431540.74
45 90 1923512.498
45 91 6615817.09
45 92 4686762.893
45 93 6881262.019
45 94 3263181.892
45 95 4118304.472
45 96 4028533.804
45 97 1286578.626
45 98 5208244.571
45 99 4750716.228
46 47 2546161.574
46 48 2611300.435
46 49 7769884.989
46 50 4717784.359
46 51 5285005.79
46 52 5376741.295
46 53 1642945.878
46 54 1360665.266
46 55 5486284.277
46 56 6902958.69
46 57 2626350.813
46 58 5439269.516
46 59 8471117.632
46 60 8192066.082
46 61 1153092.813
46 62 2365863.354
46 63 3776833.837
46 64 6579157.738
46 65 6348260.581
46 66 3467511.006
46 67 4690463.555
46 68 4120712.11
46 69 7460468.939
46 70 6753039.345
46 71 1197526.29
46 72 3137363.493
46 73 8782751.213
46 74 6298522.962
46 75 1262980.286
46 76 5595387.856
46 77 5332842.936
46 78 2625050.463
46 79 5942369.197
46 80 1279647.614
46 81 5908432.98
46 82 6415921.846
46 83 8823363.192
46 84 5298960.534
46 85 8302474.796
46 86 9721760.295
46 87 8679553.638
46 88 3287860.819
46 89 5974520.615
46 90 2785040.224
46 91 8449743.582
46 92 3460187.621
46 93 2511337.031
46 94 3468706.723
46 95 4903340.027
46 96 8604603.22
46 97 4344984.333
46 98 5218364.253
46 99 7342405.358
47 48 746826.0224
47 49 8487114.316
47 50 6921002.886
47 51 4311986.116
47 52 4816969.65
47 53 3913533.257
47 54 3768203.991
47 55 5787593.007
47 56 6357962.704
47 57 1512301.42
47 58 5052597.969
47 59 8590152.545
47 60 7662988.253
47 61 3636194.118
47 62 3300300.694
47 63 1557344.905
47 64 4863496.462
47 65 6836794.292
47 66 1517270.975
47 67 6604134.024
47 68 6621051.121
47 69 6332842.435
47 70 7861433.799
47 71 2582389.351
47 72 1734400.591
47 73 9814232.37
47 74 7598234.682
47 75 1733473.348
47 76 7311699.81
47 77 7866621.828
47 78 1351062.7
47 79 5273607.153
47 80 3808226.553
47 81 7919939.788
47 82 6362769.16
47 83 9082642.079
47 84 5450555.664
47 85 9696241.059
47 86 10808096.9
47 87 7413274.905
47 88 5114282.475
47 89 7185033.306
47 90 4364465.704
47 91 7128996.787
47 92 1934842.872
47 93 1900195.869
47 94 5769411.212
47 95 7267505.326
47 96 9740206.722
47 97 4889521.814
47 98 7710833.818
47 99 6593282.798
48 49 7796945.038
48 50 6607905.648
48 51 3581166.544
48 52 4070458.196
48 53 3725673.091
48 54 3654402.963
48 55 5074877.678
48 56 5613933.954
48 57 790839.3003
48 58 4306342.148
48 59 7851045.49
48 60 6920911.256
48 61 3577208.555
48 62 2781672.416
48 63 1167130.739
48 64 4276764.952
48 65 6132900.928
48 66 927997.6189
48 67 6187091.733
48 68 6508171.91
48 69 5635253.503
48 70 7232745.315
48 71 2962072.34
48 72 993875.3016
48 73 9158649.577
48 74 7008038.18
48 75 1506689.382
48 76 6823521.888
48 77 7797904.869
48 78 622500.4543
48 79 4530807.585
48 80 3787357.935
48 81 7515565.747
48 82 5622201.899
48 83 8349626.118
48 84 4728113.15
48 85 9105917.873
48 86 10155988.25
48 87 6743449.31
48 88 4709659.339
48 89 6582608.044
48 90 3923708.825
48 91 6467220.008
48 92 1221415.191
48 93 2590584.371
48 94 5525681.442
48 95 7033976.007
48 96 9101605.015
48 97 4219409.66
48 98 7577728.54
48 99 5859522.531
49 50 5579307.128
49 51 5362109.008
49 52 4469172.372
49 53 6588388.248
49 54 6979885.61
49 55 2774382.578
49 56 3945903.492
49 57 7007037.547
49 58 4082981.988
49 59 2024342.302
49 60 3937323.279
49 61 7254636.079
49 62 5492876.127
49 63 8016088.571
49 64 7112494.468
49 65 1698764.639
49 66 7592240.205
49 67 4518542.054
49 68 7350769.33
49 69 5585931.058
49 70 1515053.641
49 71 8964499.119
49 72 6988025.529
49 73 1642531.754
49 74 2219633.612
49 75 7213321.877
49 76 3664034.836
49 77 8259396.989
49 78 7176692.62
49 79 4480916.439
49 80 7448459.222
49 81 4751067.204
49 82 2820339.117
49 83 1771280.923
49 84 3175306.887
49 85 2648111.968
49 86 2577714.277
49 87 6343391.54
49 88 4966689.814
49 89 2190691.173
49 90 5083569.524
49 91 6430850.838
49 92 6991550.524
49 93 9863204.101
49 94 6099282.153
49 95 6440117.831
49 96 1851155.458
49 97 3610526.854
49 98 7574763.548
49 99 4491034.544
50 51 7016419.276
50 52 6463128.781
50 53 3087474.927
50 54 3364198.332
50 55 5087000.17
50 56 7347438.511
50 57 6099008.632
50 58 6227704.781
50 59 7254788.473
50 60 8232486.32
50 61 3611097.971
50 62 4026006.786
50 63 7553746.166
50 64 8981726.335
50 65 5146067.05
50 66 7098237.565
50 67 1113085.289
50 68 1876026.674
50 69 8711240.946
50 70 4077816.825
50 71 5675271.642
50 72 6474201.565
50 73 5717529.143
50 74 3373759.218
50 75 5189427.058
50 76 1951382.36
50 77 2687758.486
50 78 6219949.413
50 79 6945132.182
50 80 3604597.103
50 81 1387529.949
50 82 6194429.8
50 83 7255612.601
50 84 5275983.931
50 85 4610622.857
50 86 6399531.863
50 87 9901895.3
50 88 2022848.846
50 89 3415229.201
50 90 2827165.363
50 91 9810257.792
50 92 6717972.183
50 93 7216810.56
50 94 1278337.518
50 95 885232.1856
50 96 5367649.027
50 97 4313385.697
50 98 2019474.834
50 99 7994017.69
51 52 894081.4525
51 53 5344182.689
51 54 5544735.877
51 55 2764092.407
51 56 2121789.821
51 57 2957907.051
51 58 1282623.258
51 59 4712857.231
51 60 3383607.38
51 61 5659114.982
51 62 3456498.484
51 63 3165241.987
51 64 2027258.132
51 65 3728074.713
51 66 2898806.074
51 67 6112455.338
51 68 7832427.022
51 69 2176301.972
51 70 5477113.574
51 71 6153466.33
51 72 2589440.954
51 73 6968206.637
51 74 5613013.973
51 75 4086342.366
51 76 6196735.303
51 77 9155036.76
51 78 3070167.546
51 79 1057862.963
51 80 5928480.988
51 81 7296878.446
51 82 2613321.061
51 83 5306067.413
51 84 2348820.41
51 85 7470682.95
51 86 7935781.035
51 87 3398695.884
51 88 5069930.831
51 89 5156715.943
51 90 4376373.502
51 91 3183506.846
51 92 2381146.67
51 93 6163606.299
51 94 6459321.42
51 95 7764116.332
51 96 7068315.984
51 97 2821868.8
51 98 8689248.154
51 99 2282235.81
52 53 5159006.22
52 54 5412764.238
52 55 1898099.265
52 56 1570395.219
52 57 3354531.063
52 58 389031.7146
52 59 3917923.809
52 60 2887741.21
52 61 5568184.024
52 62 3274065.569
52 63 3858836.3
52 64 2821084.785
52 65 2835951.931
52 66 3526292.355
52 67 5494373.51
52 68 7453520.838
52 69 2309501.403
52 70 4611929.844
52 71 6360571.758
52 72 3089492.649
52 73 6074177.389
52 74 4786086.228
52 75 4273193.293
52 76 5472556.026
52 77 8749434.472
52 78 3494739.066
52 79 575733.9459
52 80 5835973.821
52 81 6614673.265
52 82 1750259.289
52 83 4487897.878
52 84 1494513.182
52 85 6598371.244
52 86 7041991.67
52 87 3552522.493
52 88 4603441.374
52 89 4335830.119
52 90 3994782.542
52 91 3406985.385
52 92 2952220.337
52 93 6589757.623
52 94 6042529.63
52 95 7254865.874
52 96 6176776.942
52 97 2161742.128
52 98 8238571.754
52 99 1966355.28
53 54 396390.6517
53 55 4698187.365
53 56 6529239.044
53 57 3400972.775
53 58 5101941.627
53 59 7598380.142
53 60 7729148.934
53 61 683735.2508
53 62 1896667.228
53 63 4802549.661
53 64 7009116.627
53 65 5369596.792
53 66 4394310.443
53 67 3071061.435
53 68 2799785.671
53 69 7429761.85
53 70 5406499.874
53 71 2709861.441
53 72 3869040.093
53 73 7416808.476
53 74 4875121.983
53 75 2226971.118
53 76 4018880.345
53 77 4118098.88
53 78 3478312.463
53 79 5731432.494
53 80 860374.9121
53 81 4266862.641
53 82 5767333.585
53 83 7856211.509
53 84 4628756.722
53 85 6794761.116
53 86 8315154.548
53 87 8679674.145
53 88 1755849.685
53 89 4608000.664
53 90 1524993.733
53 91 8497961.176
53 92 4168497.8
53 93 4154035.518
53 94 1868940.126
53 95 3355559.89
53 96 7195943.173
53 97 3546434.334
53 98 3854811.755
53 99 7069914.876
54 55 5044361.345
54 56 6818616.118
54 57 3411982.725
54 58 5377358.813
54 59 7963405.881
54 60 8037275.354
54 61 290061.5906
54 62 2138867.855
54 63 4768602.955
54 64 7139846.449
54 65 5742116.029
54 66 4382796.38
54 67 3427614.761
54 68 2861330.269
54 69 7659776.421
54 70 5802888.928
54 71 2355551.164
54 72 3899679.273
54 73 7812878.064
54 74 5270103.025
54 75 2148591.046
54 76 4393180.071
54 77 4143724.676
54 78 3471373.749
54 79 5987699.043
54 80 477055.1476
54 81 4590625.181
54 82 6097913.363
54 83 8231712.95
54 84 4957085.595
54 85 7180827.791
54 86 8709752.977
54 87 8907780.1
54 88 2147194.286
54 89 5004378.887
54 90 1906827.987
54 91 8716038.829
54 92 4209516.7
54 93 3852802.481
54 94 2108440.654
54 95 3550994.427
54 96 7590720.219
54 97 3886623.174
54 98 3944888.966
54 99 7343694.845
55 56 2273554.571
55 57 4284759.893
55 58 1523528.28
55 59 2985247.742
55 60 3193941.111
55 61 5274874.972
55 62 3120715.209
55 63 5241976.716
55 64 4714100.941
55 65 1076763.208
55 66 4821133.041
55 67 4015315.635
55 68 6417340.008
55 69 3773438.672
55 70 2714928.411
55 71 6634703.108
55 72 4227673.703
55 73 4292013.687
55 74 2910418.339
55 75 4692662.316
55 76 3764691.509
55 77 7615725.164
55 78 4452382.136
55 79 2147833.59
55 80 5517064.36
55 81 4964743.49
55 82 1136756.212
55 83 3372132.862
55 84 422055.0935
55 85 4706590.709
55 86 5283526.315
55 87 4885841.778
55 88 3549505.911
55 89 2471534.34
55 90 3229218.349
55 91 4838328.83
55 92 4219518.968
55 93 7300073.71
55 94 4990380.185
55 95 5945852.062
55 96 4346432.24
55 97 1162164.798
55 98 7024112.364
55 99 2929327.724
56 57 4916278.459
56 58 1465048.373
56 59 2754723.693
56 60 1317454.09
56 61 6999821.442
56 62 4697034.461
56 63 5285972.861
56 64 3305782.142
56 65 2684148.956
56 66 5002768.887
56 67 6286018.63
56 68 8581841.707
56 69 1658770.084
56 70 4601816.687
56 71 7916202.891
56 72 4623901.605
56 73 5582141.699
56 74 4989473.302
56 75 5832054.725
56 76 6009875.542
56 77 9822932.661
56 78 5052067.988
56 79 1087793.54
56 80 7263059.147
56 81 7221538.289
56 82 1289452.625
56 83 3388686.549
56 84 2081599.719
56 85 6439979.941
56 86 6463888.576
56 87 2637637.237
56 88 5689621.1
56 89 4597553.554
56 90 5213940.525
56 91 2629975.455
56 92 4456421.186
56 93 8153617.878
56 94 7149925.288
56 95 8196151.181
56 96 5788652.098
56 97 3142515.786
56 98 9254358.05
56 99 659128.2017
57 58 3564818.69
57 59 7080117.016
57 60 6231238.973
57 61 3396978.713
57 62 2138011.241
57 63 1454770.03
57 64 3968319.546
57 65 5342066.867
57 66 1007611.523
57 67 5585405.26
57 68 6198365.679
57 69 5086475.231
57 70 6465964.49
57 71 3271504.456
57 72 511454.9666
57 73 8378150.185
57 74 6264434.435
57 75 1369202.15
57 76 6156479.668
57 77 7518895.872
57 78 170174.5211
57 79 3845007.998
57 80 3638366.431
57 81 6916340.918
57 82 4854718.088
57 83 7570347.038
57 84 3940978.082
57 85 8358948.456
57 86 9376488.801
57 87 6247204.135
57 88 4136072.694
57 89 5832098.368
57 90 3328979.082
57 91 5989107.877
57 92 834368.6034
57 93 3237472.847
57 94 5097790.317
57 95 6597768.371
57 96 8328369.896
57 97 3436892.913
57 98 7235741.096
57 99 5207764.528
58 59 3600084.009
58 60 2758200.063
58 61 5549733.55
58 62 3245317.055
58 63 4171618.438
58 64 3190603.175
58 65 2446976.472
58 66 3818168.854
58 67 5232143.829
58 68 7294846.883
58 69 2488667.566
58 70 4232961.392
58 71 6465078.649
58 72 3341890.824
58 73 5685635.418
58 74 4424716.641
58 75 4387156.739
58 76 5159215.737
58 77 8574640.346
58 78 3713293.852
58 79 717527.3375
58 80 5814783.871
58 81 6318277.77
58 82 1397249.879
58 83 4153473.575
58 84 1131485.233
58 85 6215679.256
58 86 6654526.492
58 87 3707036.955
58 88 4420203.302
58 89 3978187.532
58 90 3859204.886
58 91 3590763.548
58 92 3231477.17
58 93 6783992.301
58 94 5872789.687
58 95 7037158.843
58 96 5787833.126
58 97 1914550.281
58 98 8044738.487
58 99 1968001.828
59 60 2186915.527
59 61 8208972.714
59 62 6105289.002
59 63 7770410.036
59 64 6051801.512
59 65 2250924.513
59 66 7416550.059
59 67 6147905.232
59 68 8895478.713
59 69 4176211.216
59 70 3396326.495
59 71 9618649.138
59 72 6915597.253
59 73 3368122.384
59 74 4052585.04
59 75 7650553.032
59 76 5449336.124
59 77 9935152.9
59 78 7239198.18
59 79 3669373.474
59 80 8440050.258
59 81 6616734.838
59 82 2230439.284
59 83 644366.6762
59 84 3214302.843
59 85 4630236.742
59 86 4057676.962
59 87 4659918.473
59 88 6213406.214
59 89 3872177.707
59 90 6084031.843
59 91 4811667.271
59 92 6825816.015
59 93 10216777.38
59 94 7537253.466
59 95 8137833.658
59 96 3703962.196
59 97 4132436.674
59 98 9274262.011
59 99 3086399.984
60 61 8232677.97
60 62 5941803.3
60 63 6540565.081
60 64 4165619.51
60 65 3191475.894
60 66 6281749.944
60 67 7135136.373
60 68 9611181.745
60 69 2113218.191
60 70 4969414.778
60 71 9222553.333
60 72 5928678.297
60 73 5468342.152
60 74 5490712.106
60 75 7141634.91
60 76 6697275.99
60 77 10803184.01
60 78 6365303.728
60 79 2390393.23
60 80 8491893.9
60 81 7918835.502
60 82 2057939.263
60 83 2810505.458
60 84 3135317.985
60 85 6576523.851
60 86 6225070.747
60 87 2474350.08
60 88 6736904.777
60 89 5167643.528
60 90 6346317.973
60 91 2627231.895
60 92 5749721.777
60 93 9468702.574
60 94 8183367.742
60 95 9104890.92
60 96 5757974.406
60 97 4237079.539
60 98 10200399.9
60 99 1177524.867
61 62 2304429.607
61 63 4712498.973
61 64 7198069.411
61 65 5995982.006
61 66 4344860.007
61 67 3709614.562
61 68 2987520.963
61 69 7792913.589
61 70 6088339.732
61 71 2082337.226
61 72 3895382.913
61 73 8100164.959
61 74 5558816.766
61 75 2084407.507
61 76 4680576.356
61 77 4236531.188
61 78 3442725.278
61 79 6143887.479
61 80 269578.1918
61 81 4858083.53
61 82 6313907.922
61 83 8487610.994
61 84 5172695.718
61 85 7470641.139
61 86 8998746.931
61 87 9038055.111
61 88 2437091.476
61 89 5290365.888
61 90 2174632.624
61 91 8838670.25
61 92 4210938.444
61 93 3610369.378
61 94 2343603.16
61 95 3753713.647
61 96 7879592.286
61 97 4114054.377
61 98 4081607.344
61 99 7511748.523
62 63 3574195.232
62 64 5204111.896
62 65 4000270.032
62 66 3106357.986
62 67 3449002.99
62 68 4450245.325
62 69 5533628.635
62 70 4646391.227
62 71 3526517.077
62 72 2461631.84
62 73 6651700.516
62 74 4321138.358
62 75 1752758.863
62 76 4041875.682
62 77 5788250.653
62 78 2281363.043
62 79 3848864.216
62 80 2569638.075
62 81 4779459.716
62 82 4077919.895
62 83 6462899.886
62 84 2947443.015
62 85 6413078.137
62 86 7627795.121
62 87 6783382.199
62 88 2021177.189
62 89 3926387.945
62 90 1207340.713
62 91 6601527.185
62 92 2693628.689
62 93 4392795.236
62 94 3166493.146
62 95 4612985.308
62 96 6532200.515
62 97 1981948.597
62 98 5393646.096
62 99 5208471.639
63 64 3343703.173
63 65 6318581.889
63 66 474768.3684
63 67 7022153.715
63 68 7600873.386
63 69 4982380.568
63 70 7662751.361
63 71 4077624.702
63 72 1143417.168
63 73 9487026.335
63 74 7536985.125
63 75 2628236.372
63 76 7548595.046
63 77 8907184.171
63 78 1341446.221
63 79 4208474.266
63 80 4932249.982
63 81 8351606.367
63 82 5561390.946
63 83 8322612.033
63 84 4848938.303
63 85 9610332.188
63 86 10486745.51
63 87 5984095.181
63 88 5584937.963
63 89 7089702.279
63 90 4774796.839
63 91 5686426.17
63 92 1036170.996
63 93 3408366.841
63 94 6542220.451
63 95 8045601.35
63 96 9481901.878
63 97 4596684.883
63 98 8654414.749
63 99 5405858.243
64 65 5583344.784
64 66 3363982.913
64 67 8114557.694
64 68 9652987.701
64 69 2113313.197
64 70 7420256.551
64 71 7201898.325
64 72 3466933.739
64 73 8751253.27
64 74 7606613.627
64 75 5316353.945
64 76 8223888.218
64 77 10989540.02
64 78 4002321.043
64 79 2644534.367
64 80 7459709.856
64 81 9317582.188
64 82 4292364.523
64 83 6690380.78
64 84 4315375.701
64 85 9393041.535
64 86 9681192.415
64 87 2775246.396
64 88 6996656.469
64 89 7154990.526
64 90 6255495.35
64 91 2455468.415
64 92 3151187.062
64 93 6746742.914
64 94 8330025.571
64 95 9696005.35
64 96 8899996.448
64 97 4847364.806
64 98 10568483.23
64 99 3023787.409
65 66 5897623.221
65 67 4033697.994
65 68 6695832.523
65 69 4327754.559
65 70 1920454.191
65 71 7524157.047
65 72 5300697.566
65 73 3249215.86
65 74 2330757.225
65 75 5658881.366
65 76 3510616.238
65 77 7792765.754
65 78 5510758.107
65 79 2942619.164
65 80 6219143.959
65 81 4730553.205
65 82 1401085.011
65 83 2492854.834
65 84 1477391.293
65 85 3825109.018
65 86 4231156.688
65 87 5294704.625
65 88 3965217.65
65 89 1979763.269
65 90 3847990.937
65 91 5310049.36
65 92 5296159.426
65 93 8293334.566
65 94 5313177.561
65 95 6030178.401
65 96 3340884.933
65 97 2031700.005
65 98 7153728.003
65 99 3320939.702
66 67 6552539.907
66 68 7193970.785
66 69 4837158.234
66 70 7205709.398
66 71 3889355.535
66 72 669093.5078
66 73 9046020.516
66 74 7069874.245
66 75 2267086.344
66 76 7073905.751
66 77 8508900.376
66 78 915999.0404
66 79 3916619.291
66 80 4574441.311
66 81 7881333.742
66 82 5195190.252
66 83 7955283.61
66 84 4435751.058
66 85 9146777.682
66 86 10046232.26
66 87 5898948.987
66 88 5121053.55
66 89 6624062.127
66 90 4309526.62
66 91 5612829.602
66 92 602692.7231
66 93 3417076.588
66 94 6105397.116
66 95 7605129.111
66 96 9033115.834
66 97 4140029.966
66 98 8237747.932
66 99 5171712.902
67 68 2837253.521
67 69 7698365.045
67 70 3040714.878
67 71 5779223.364
67 72 5899688.98
67 73 4815742.116
67 74 2350446.147
67 75 4886834.169
67 76 1049402.119
67 77 3787528.11
67 78 5724693.693
67 79 5948142.776
67 80 3783445.026
67 81 1331109.083
67 82 5107410.937
67 83 6165171.945
67 84 4231803.223
67 85 3886596.165
67 86 5584461.914
67 87 8868502.504
67 88 1490126.636
67 89 2334181.495
67 90 2264319.1
67 91 8791373.893
67 92 6109080.829
67 93 7191080.745
67 94 1728598.607
67 95 1998190.19
67 96 4503495.183
67 97 3332695.05
67 98 3129260.458
67 99 6938023.551
68 69 9761688.452
68 70 5877821.89
68 71 4763000.265
68 72 6658519.442
68 73 7587022.433
68 74 5184541.824
68 75 5001748.172
68 76 3801844.828
68 77 1339299.32
68 78 6277991.056
68 79 7992515.71
68 80 2842415.933
68 81 3186620.744
68 82 7553910.966
68 83 8963727.264
68 84 6512491.267
68 85 6479463.334
68 86 8275109.938
68 87 10997277.42
68 88 2892236.53
68 89 5161078.261
68 90 3466342.007
68 91 10860502.66
68 92 6951224.214
68 93 6415432.236
68 94 1432204.647
68 95 1280455.741
68 96 7241982.777
68 97 5440550.819
68 98 1098488.208
68 99 9196716.99
69 70 6248192.852
69 71 8319739.367
69 72 4669374.519
69 73 7212801.698
69 74 6604340.164
69 75 6260675.712
69 76 7536445.29
69 77 11052977.18
69 78 5181975.036
69 79 1775548.411
69 80 8062417.679
69 81 8728345.825
69 82 2926669.756
69 83 4819795.865
69 84 3483361.857
69 85 8098746.008
69 86 8067904.242
69 87 1250128.177
69 88 6901329.443
69 89 6195338.492
69 90 6304276.645
69 91 1102419.954
69 92 4413885.786
69 93 8223043.357
69 94 8347270.424
69 95 9525387.93
69 96 7434365.303
69 97 4401067.514
69 98 10531160.7
69 99 1108899.718
70 71 7947289.598
70 72 6555396.479
70 73 2029744.062
70 74 706294.4509
70 75 6398628.593
70 76 2150278.172
70 77 6750956.005
70 78 6634706.573
70 79 4808197.846
70 80 6253885.855
70 81 3247617.603
70 82 3321531.216
70 83 3258235.851
70 84 3128317.325
70 85 2000428.509
70 86 2985336.694
70 87 7194669.893
70 88 3692297.28
70 89 800451.8259
70 90 3976386.411
70 91 7222078.397
70 92 6627975.184
70 93 9024605.799
70 94 4682292.649
70 95 4931382.359
70 96 1886211.38
70 97 3066117.759
70 98 6063905.771
70 99 5231499.324
71 72 3749367.1
71 73 9976756.8
71 74 7482668.751
71 75 2088227.247
71 76 6723601.133
71 77 5827898.013
71 78 3211315.802
71 79 6910411.804
71 80 2071654.202
71 81 6940114.577
71 82 7522223.151
71 83 9988805.356
71 84 6423844.182
71 85 9467551.187
71 86 10911731.77
71 87 9504833.873
71 88 4431333.206
71 89 7166061.988
71 90 3974387.576
71 91 9253612.73
71 92 4056436.686
71 93 1660657.175
71 94 4398546.887
71 95 5727339.473
71 96 9793594.693
71 97 5507905.533
71 98 5846282.158
71 99 8310534.595
72 73 8416387.046
72 74 6406933.908
72 75 1880593.532
72 76 6406914.213
72 77 7985286.186
72 78 538148.254
72 79 3539211.471
72 80 4140091.875
72 81 7226568.582
72 82 4685460.633
72 83 7432901.464
72 84 3856163.832
72 85 8487687.896
72 86 9416743.18
72 87 5804886.584
72 88 4481999.709
72 89 5962956.694
72 90 3668524.367
72 91 5538638.884
72 92 322926.8619
72 93 3575269.28
72 94 5518556.759
72 95 7008849.977
72 96 8392967.373
72 97 3492951.472
72 98 7682987.045
72 99 4866079.719
73 74 2556955.351
73 75 8403920.994
73 76 3793059.297
73 77 8271920.775
73 78 8548197.805
73 79 6114577.091
73 80 8256589.755
73 81 4580066.462
73 82 4459150.74
73 83 2882390.447
73 84 4709254.235
73 85 1508816.497
73 86 1000376.811
73 87 7917566.757
73 88 5681996.915
73 89 2815448.768
73 90 6004575.702
73 91 8023933.923
73 92 8452688.891
73 93 11040172.78
73 94 6531843.322
73 95 6491127.12
73 96 435594.8914
73 97 4941459.05
73 98 7572833.796
73 99 6111371.299
74 75 6056177.667
74 76 1444468.105
74 77 6044804.41
74 78 6429939.259
74 79 5056032.801
74 80 5707367.037
74 81 2565867.782
74 82 3700441.88
74 83 3949750.353
74 84 3293910.368
74 85 2098745.39
74 86 3440581.082
74 87 7617051.216
74 88 3130130.757
74 89 461667.8029
74 90 3514847.756
74 91 7619241.039
74 92 6512514.448
74 93 8643930.167
74 94 4020865.526
74 95 4225253.786
74 96 2321009.567
74 97 2986054.147
74 98 5357611.86
74 99 5637302.611
75 76 5637262.711
75 77 6292308.473
75 78 1383765.394
75 79 4822193.048
75 80 2308370.027
75 81 6195371.599
75 82 5498887.747
75 83 8064684.059
75 84 4436454.113
75 85 8138147.567
75 86 9380548.007
75 87 7464456.618
75 88 3397360.292
75 89 5671746.849
75 90 2676821.671
75 91 7225349.815
75 92 2203434.173
75 93 2650552.106
75 94 4056275.153
75 95 5561409.596
75 96 8284078.938
75 97 3629531.946
75 98 6073593.086
75 99 6222491.204
76 77 4604523.133
76 78 6308641.514
76 79 5853632.567
76 80 4776796.634
76 81 1222144.413
76 82 4756009.575
76 83 5383760.717
76 84 4066102.753
76 85 2841275.561
76 86 4538860.232
76 87 8641796.661
76 88 2309908.407
76 89 1582756.706
76 90 2960471.866
76 91 8602386.334
76 92 6577502.328
76 93 8065489.563
76 94 2776824.376
76 95 2785944.332
76 96 3466524.165
76 97 3379635.027
76 98 3915046.762
76 99 6668972.504
77 78 7593260.168
77 79 9279336.044
77 80 4059045.586
77 81 3697704.028
77 82 8747016.351
77 83 9943367.177
77 84 7743409.728
77 85 7012488.813
77 86 8848959.183
77 87 12281511.94
77 88 4154611.228
77 89 6102841.23
77 90 4780458.275
77 91 12154087.1
77 92 8281047.906
77 93 7487587.197
77 94 2707176.764
77 95 1819583.341
77 96 7890977.713
77 97 6694117.634
77 98 699093.2329
77 99 10449223.07
78 79 3976598.833
78 80 3678264.31
78 81 7055802.531
78 82 5012350.865
78 83 7732574.91
78 84 4106613.234
78 85 8525119.029
78 86 9546484.878
78 87 6330501.463
78 88 4268404.089
78 89 5998599.281
78 90 3464534.101
78 91 6067670.521
78 92 851389.4762
78 93 3105771.838
78 94 5200947.517
78 95 6704160.035
78 96 8497857.054
78 97 3606991.08
78 98 7323064.792
78 99 5330765.763
79 80 6411638.588
79 81 7022489.921
79 82 1665737.576
79 83 4273374.832
79 84 1793886.626
79 85 6762199.557
79 86 7056475.517
79 87 3004787.524
79 88 5126498.784
79 89 4619343.535
79 90 4543208.276
79 91 2877942.872
79 92 3368647.484
79 93 7081594.794
79 94 6574741.335
79 95 7753010.015
79 96 6256073.919
79 97 2631833.926
79 98 8755612.749
79 99 1401820.14
80 81 4888074.872
80 82 6564449.975
80 83 8708569.92
80 84 5423256.653
80 85 7586751.009
80 86 9143456.952
80 87 9307618.713
80 88 2577489.414
80 89 5454127.508
80 90 2381757.945
80 91 9108205.158
80 92 4457364.045
80 93 3655970.8
80 94 2327158.873
80 95 3683242.074
80 96 8025710.626
80 97 4357952.651
80 98 3940621.084
80 99 7777827.144
81 82 5974436.325
81 83 6505796.425
81 84 5247617.67
81 85 3332447.741
81 86 5160405.36
81 87 9848886.441
81 88 2809441.039
81 89 2781422.113
81 90 3594523.084
81 91 9802039.025
81 92 7431071.797
81 93 8419633.361
81 94 2605381.875
81 95 1966148.179
81 96 4194130.851
81 97 4478032.589
81 98 2999518.291
81 99 7880607.393
82 83 2761485.409
82 84 1141244.704
82 85 5198987.61
82 86 5392817.968
82 87 3919774.118
82 88 4684764.405
82 89 3312865.36
82 90 4333004.904
82 91 3919409.912
82 92 4601081.747
82 93 8018292.368
82 94 6127134.448
82 95 7061087.209
82 96 4619827.506
82 97 2226917.82
82 98 8148966.133
82 99 1938111.707
83 84 3651669.113
83 85 4238775.885
83 86 3490452.215
83 87 5276358.734
83 88 6382542.819
83 89 3840844.724
83 90 6332028.92
83 91 5437736.661
83 92 7359458.257
83 93 10662439.33
83 94 7644785.772
83 95 8130339.879
83 96 3252387.579
83 97 4481012.789
83 98 9268673.737
83 99 3730762.104
84 85 5123333.179
84 86 5698812.499
84 87 4636876.537
84 88 3623063.277
84 89 2846705.276
84 90 3212713.494
84 91 4566898.947
84 92 3833181.084
84 93 7012820.497
84 94 5080415.547
84 95 6118209.354
84 96 4767833.267
84 97 1102074.721
84 98 7172770.459
84 99 2720085.984
85 86 1839591.132
85 87 8945667.577
85 88 5042955.824
85 89 2527527.993
85 90 5542546.63
85 91 9010378.357
85 92 8580135.622
85 93 10699620.61
85 94 5604228.839
85 95 5295924.52
85 96 1073651.143
85 97 5024755.334
85 98 6318362.985
85 99 7035165.199
86 87 8696274.207
86 88 6566316.723
86 89 3747942.377
86 90 6937556.97
86 91 8824913.832
86 92 9452629.095
86 93 12009817.53
86 94 7312876.424
86 95 7117053.119
86 96 1119790.82
86 97 5940249.531
86 98 8153626.779
86 99 6959971.213
87 88 8127213.782
87 89 7232463.759
87 90 7545540.935
87 91 325233.5013
87 92 5529734.176
87 93 9312991.963
87 94 9578416.93
87 95 10728408.53
87 96 8186696.386
87 97 5606380.113
87 98 11749362.88
87 99 1982002.184
88 89 2892062.757
88 90 813872.8225
88 91 8003226.667
88 92 4713415.569
88 93 5757308.755
88 94 1460658.153
88 95 2699955.908
88 96 5448290.781
88 97 2548631.574
88 98 3636163.04
88 99 6305698.002
89 90 3191863.327
89 91 7223832.312
89 92 6062856.9
89 93 8279569.262
89 94 3919167.218
89 95 4289677.114
89 96 2633217.241
89 97 2527455.893
89 98 5428093.335
89 99 5250521.241
90 91 7400274.117
90 92 3899754.157
90 93 5160506.573
90 94 2083871.286
90 95 3457439.164
90 96 5819875.333
90 97 2110933.911
90 98 4319156.173
90 99 5799620.479
91 92 5258049.234
91 93 9029183.837
91 94 9447913.546
91 95 10626796.12
91 96 8279780.974
91 97 5502078.843
91 98 11633548.69
91 99 1990581.742
92 93 3811030.703
92 94 5789786.304
92 95 7272867.804
92 96 8445791.751
92 97 3562269.634
92 98 7967639.738
92 99 4663375.945
93 94 5953818.79
93 95 7338732.221
93 96 10905861.62
93 97 6270473.307
93 98 7502688.085
93 99 8434191.418
94 95 1508313.683
94 96 6228581.571
94 97 4009289.227
94 98 2238480.457
94 99 7766232.508
95 96 6122661.503
95 97 5124840.54
95 98 1138454.302
95 99 8838295.315
96 97 4902042.258
96 98 7192234.112
96 99 6341694.575
97 98 6145813.505
97 99 3757450.589
98 99 9888701.604
