4950
0 1 8900622.006
0 2 1778070.483
0 3 9122829.806
0 4 3941909.759
0 5 7705740.631
0 6 4522762.192
0 7 7156528.436
0 8 2749814.822
0 9 2913862.623
0 10 4439076.476
0 11 7500340.429
0 12 2178191.253
0 13 5450380.188
0 14 6044257.133
0 15 2671186.037
0 16 5684147.068
0 17 9876132.635
0 18 7423296.89
0 19 4181082.878
0 20 1794035.481
0 21 3412748.565
0 22 4910910.605
0 23 7795765.782
0 24 3426326.053
0 25 9153635.746
0 26 5293963.335
0 27 7369121.949
0 28 8948006.982
0 29 1307136.405
0 30 7463306.931
0 31 5127693.461
0 32 5753255.979
0 33 5340730.915
0 34 4085459.7
0 35 8193868.686
0 36 616630.6849
0 37 2414104.275
0 38 3421867.797
0 39 5160477.661
0 40 6236236.404
0 41 6052368.348
0 42 1984956.954
0 43 7566360.712
0 44 7152614.513
0 45 7864334.194
0 46 3199952.41
0 47 6549985.828
0 48 1167798.322
0 49 7458959.225
0 50 6195621.007
0 51 3294761.145
0 52 4473997.812
0 53 10884166.43
0 54 7563294.977
0 55 4329341.422
0 56 3167838.044
0 57 6322355.259
0 58 696809.5576
0 59 3725688.24
0 60 5717990.055
0 61 5197750.005
0 62 5094537.78
0 63 8451253.508
0 64 7374871.47
0 65 5476118.072
0 66 4050923.025
0 67 6291307.966
0 68 6460044.368
0 69 4758811.783
0 70 2089137.963
0 71 7923715.203
0 72 6078855.599
0 73 1821150.121
0 74 7047975.035
0 75 3820150.028
0 76 8817016.235
0 77 7058490.011
0 78 8101059.77
0 79 8568622.639
0 80 6895522.097
0 81 7242982.587
0 82 9607356.197
0 83 4057413.544
0 84 9805970.277
0 85 5557459.267
0 86 5571799.472
0 87 9487941.588
0 88 7106222.639
0 89 6422832.115
0 90 7071042.026
0 91 8066690.591
0 92 7945204.579
0 93 5137591.19
0 94 6686592.207
0 95 8234162.093
0 96 5375285.141
0 97 3456574.047
0 98 7045633.136
0 99 6850476.685
1 2 7213251.369
1 3 3544327.058
1 4 5378875.629
1 5 8761878.024
1 6 7695431.343
1 7 1744882.898
1 8 9735657.72
1 9 6377480.688
1 10 4624006.572
1 11 8761766.412
1 12 6722433.086
1 13 4464968.222
1 14 6550100.805
1 15 6780524.039
1 16 8127615.774
1 17 3227718.893
1 18 4456014.962
1 19 7457052.144
1 20 9893260.027
1 21 6184263.271
1 22 7104723.983
1 23 1702306.201
1 24 5642553.379
1 25 367042.6296
1 26 9419413.93
1 27 5192782.026
1 28 1286237.636
1 29 10207444.96
1 30 2167148.545
1 31 6722561.792
1 32 3770585.311
1 33 5808248.703
1 34 7923147.46
1 35 2091064.772
1 36 8541542.251
1 37 8492657.131
1 38 7158132.82
1 39 5645220.7
1 40 4328660.096
1 41 2848586.255
1 42 10457144.03
1 43 4784834.187
1 44 2535286.367
1 45 3611406.338
1 46 6912067.256
1 47 3692422.009
1 48 7743784.512
1 49 6071089.113
1 50 4546715.061
1 51 8907059.42
1 52 5086116.46
1 53 2912910.651
1 54 2629939.524
1 55 4787349.298
1 56 6839708.932
1 57 4768106.065
1 58 8839418.302
1 59 5235455.446
1 60 9329905.315
1 61 5977386.224
1 62 9172127.226
1 63 8843291.857
1 64 5374712.367
1 65 6044432.12
1 66 6047411.665
1 67 3583987.976
1 68 3085951.052
1 69 6411669.311
1 70 8652747.298
1 71 2522430.623
1 72 5894625.535
1 73 8476759.358
1 74 3961004.359
1 75 5951083.843
1 76 1900638.76
1 77 3244331.886
1 78 2044434.748
1 79 1718212.403
1 80 6349115.534
1 81 5798857.003
1 82 2849666.426
1 83 5706279.854
1 84 1073833.558
1 85 7802382.32
1 86 4652391.188
1 87 3087079.105
1 88 2475342.703
1 89 2850281.085
1 90 2040504.253
1 91 1024159.181
1 92 1149653.583
1 93 9598456.254
1 94 5434620.591
1 95 2721316.785
1 96 5034691.522
1 97 7435400.931
1 98 5537803.946
1 99 6227468.589
2 3 7824171.524
2 4 2170893.554
2 5 7591764.331
2 6 4451017.31
2 7 5479167.372
2 8 3871989.295
2 9 1184216.373
2 10 2978873.301
2 11 7413908.837
2 12 693614.0288
2 13 4243950.046
2 14 4609991.69
2 15 1066968.366
2 16 5646477.193
2 17 8488816.002
2 18 5709405.902
2 19 4035761.853
2 20 3304781.415
2 21 2539318.606
2 22 4593274.203
2 23 6037700.304
2 24 1651111.406
2 25 7448337.188
2 26 5733746.816
2 27 5719880.381
2 28 7370779.957
2 29 3058961.348
2 30 5950375.327
2 31 3743947.114
2 32 3975201.849
2 33 4570503.498
2 34 4144113.289
2 35 6419441.973
2 36 1331899.716
2 37 2047225.159
2 38 2156108.892
2 39 4324996.009
2 40 5081331.49
2 41 4380680.386
2 42 3669182.924
2 43 6538911.171
2 44 5378380.96
2 45 6610127.675
2 46 1793324.446
2 47 5263300.655
2 48 851891.542
2 49 5911648.93
2 50 4471800.115
2 51 3902174.679
2 52 3298360.666
2 53 9367412.969
2 54 5785358.527
2 55 2919364.098
2 56 2676234.638
2 57 5286010.233
2 58 2010808.143
2 59 2230473.738
2 60 6056925.981
2 61 4479580.871
2 62 5484792.278
2 63 8257139.084
2 64 6478891.156
2 65 4786407.532
2 66 2431677.983
2 67 4949773.48
2 68 5015804.357
2 69 3289919.608
2 70 1951318.971
2 71 6145755.073
2 72 4525133.604
2 73 2483218.054
2 74 5299474.598
2 75 2922752.288
2 76 7308964.582
2 77 5283499.83
2 78 6327884.638
2 79 7040498.963
2 80 5404606.364
2 81 6448493.641
2 82 8186701.883
2 83 2354341.642
2 84 8158107.976
2 85 5429484.336
2 86 4444557.822
2 87 8105620.489
2 88 5334431.854
2 89 4908592.917
2 90 5478681.993
2 91 6342102.82
2 92 6315185.454
2 93 5665611.998
2 94 5822215.65
2 95 6837180.433
2 96 4349866.344
2 97 2324398.195
2 98 5437853.172
2 99 5341608.5
3 4 6788327.773
3 5 5983775.809
3 6 6160129.738
3 7 3687739.127
3 8 8905234.87
3 9 7472747.812
3 10 4855602.045
3 11 6052579.258
3 12 7160361.17
3 13 3673898.715
3 14 9059946.316
3 15 7878290.725
3 16 6070970.43
3 17 976467.1307
3 18 7489337.391
3 19 6111420.962
3 20 9487768.989
3 21 5754597.779
3 22 5465041.129
3 23 4774265.123
3 24 6704490.595
3 25 3850978.873
3 26 7568058.622
3 27 8179780.552
3 28 2268298.776
3 29 10330790.35
3 30 2314248.165
3 31 8915376.525
3 32 5926299.919
3 33 4265376.419
3 34 6559671.947
3 35 5405489.805
3 36 8987167.722
3 37 9643543.842
3 38 8695830.448
3 39 4287793.894
3 40 2930322.516
3 41 4205486.275
3 42 10128396.67
3 43 2113997.079
3 44 5348994.546
3 45 1271459.71
3 46 8327658.115
3 47 2577478.51
3 48 8002444.165
3 49 9027847.681
3 50 7118173.119
3 51 7821283.538
3 52 4648918.789
3 53 2497748.72
3 54 5695317.496
3 55 4904836.245
3 56 6200497.696
3 57 3012019.652
3 58 8796064.782
3 59 5600422.98
3 60 7311225.191
3 61 4461416.555
3 62 7380165.427
3 63 5839592.996
3 64 2704189.318
3 65 4339598.441
3 66 7751783.889
3 67 2874398.762
3 68 2886939.389
3 69 8466745.361
3 70 9675196.47
3 71 5740702.674
3 72 8441998.713
3 73 8022556.682
3 74 6866418.228
3 75 5369169.931
3 76 1644154.094
3 77 6115209.621
3 78 5320869.288
3 79 1865239.303
3 80 9130320.73
3 81 3145950.309
3 82 1016345.785
3 83 7336599.867
3 84 3211377.652
3 85 5803939.483
3 86 3586516.481
3 87 696892.877
3 88 5238897.067
3 89 3135073.91
3 90 3045699.093
3 91 4094249.789
3 92 2950148.963
3 93 7821508.057
3 94 3167293.083
3 95 1158022.184
3 96 3857325.982
3 97 8997148.18
3 98 8411883.122
3 99 9003878.953
4 5 8246945.864
4 6 5464718.821
4 7 3735742.85
4 8 5816516.256
4 9 1064332.944
4 10 2314865.137
4 11 8111554.623
4 12 2044806.028
4 13 3768470.203
4 14 3107862.426
4 15 1430198.924
4 16 6543823.048
4 17 7259313.311
4 18 3599758.43
4 19 5046338.592
4 20 5427642.861
4 21 3158975.383
4 22 5326757.733
4 23 4006716.362
4 24 644756.1604
4 25 5560769.268
4 26 7074143.482
4 27 3719526.27
4 28 5798628.576
4 29 5195734.036
4 30 4601164.184
4 31 2502316.473
4 32 1835627.864
4 33 4740053.984
4 34 5328557.952
4 35 4308717.52
4 36 3437788.149
4 37 3116129.885
4 38 1915585.601
4 39 4448011.535
4 40 4553354.6
4 41 2739776.318
4 42 5830821.095
4 43 6058669.272
4 44 3276406.91
4 45 5734420.857
4 46 1582617.03
4 47 4463243.599
4 48 2956789.032
4 49 4088595.666
4 50 2362539.903
4 51 5547641.245
4 52 3134568.294
4 53 7861332.779
4 54 3645572.946
4 55 2406911.726
4 56 3690121.726
4 57 4932580.606
4 58 4154369.304
4 59 1877665.626
4 60 7283012.276
4 61 4738343.252
4 62 6802938.94
4 63 8780169.769
4 64 6209946.803
4 65 5029838.023
4 66 1031630.8
4 67 4081875.954
4 68 3915936.154
4 69 1971508.471
4 70 3276631.707
4 71 4004310.975
4 72 2780020.578
4 73 4371765.012
4 74 3143684.041
4 75 3348727.359
4 76 5890508.676
4 77 3117603.09
4 78 4225062.54
4 79 5591453.335
4 80 3714896.733
4 81 6332716.276
4 82 6906237.141
4 83 625465.2854
4 84 6400417.193
4 85 6255718.357
4 86 4073927.53
4 87 6901603.191
4 88 3248423.747
4 89 3656157.68
4 90 3971984.983
4 91 4421835.013
4 92 4660685.753
4 93 7085638.952
4 94 5670360.246
4 95 5672812.896
4 96 4172673.555
4 97 2215986.209
4 98 3523335.82
4 99 3621972.42
5 6 3201905.285
5 7 7761092.718
5 8 5721982.952
5 9 8148993.965
5 10 6088927.216
5 11 225757.8098
5 12 6996702.437
5 13 4948355.134
5 14 11343515.75
5 15 8376163.854
5 16 2021618.019
5 17 6929829.264
5 18 10992493.09
5 19 3586955.483
5 20 6856751.252
5 21 5199023.204
5 22 3009629.696
5 23 9125573.274
5 24 7722089.709
5 25 9127857.111
5 26 2960992.256
5 27 11455301.03
5 28 7761953.746
5 29 8351226.807
5 30 6628014.095
5 31 10727347.93
5 32 8770303.704
5 33 3591933.227
5 34 3620411.337
5 35 9844480.629
5 36 7994951.644
5 37 9583153.592
5 38 9555528.14
5 39 3880077.487
5 40 4609643.755
5 41 7312536.779
5 42 7430243.285
5 43 4044002.636
5 44 9201310.224
5 45 5243659.836
5 46 9129892.707
5 47 5189312.205
5 48 7116738.299
5 49 12083425.21
5 50 10029648.89
5 51 4634930.5
5 52 5178816.389
5 53 8470533.14
5 54 9720444.384
5 55 5939923.261
5 56 4916550.027
5 57 4110624.955
5 58 7052796.479
5 59 6369933.493
5 60 2467788.508
5 61 3546522.189
5 62 2991123.286
5 63 796620.407
5 64 3422843.775
5 65 3285745.563
5 66 9204226.805
5 67 5438743.938
5 68 5972023.482
5 69 10194895.17
5 70 9395850.413
5 71 9956259.642
5 72 10937726.16
5 73 5905241.811
5 74 10328390.65
5 75 4925030.029
5 76 7171305.965
5 77 9757142.192
5 78 9729118.521
5 79 7192824.793
5 80 11854394.18
5 81 2978930.912
5 82 6992847.935
5 83 8850905.166
5 84 8900170.475
5 85 2176359.29
5 86 4627992.448
5 87 6679589.043
5 88 9082218.365
5 89 6355856.848
5 90 7036788.338
5 91 8736900.74
5 92 7692001.113
5 93 3256516.756
5 94 3349219.583
5 95 6180775.192
5 96 4343450.177
5 97 9795528.29
5 98 11445590.69
5 99 11745684.96
6 7 6226939.237
6 8 2973858.066
6 9 5151528.967
6 10 3698883.324
6 11 3006318.357
6 12 3908645.631
6 13 3233825.525
6 14 8554114.562
6 15 5320764.194
6 16 1201066.959
6 17 7107520.203
6 18 8679616.984
6 19 425799.7768
6 20 3915769.573
6 21 2308435.283
6 22 696818.8276
6 23 7461410.417
6 24 4866604.536
6 25 8047625.323
6 26 1777041.832
6 27 9008931.262
6 28 7086543.288
6 29 5278642.418
6 30 5598830.53
6 31 7838561.477
6 32 6436053.036
6 33 1965636.87
6 34 493907.5825
6 35 8124551.361
6 36 4793557.699
6 37 6402261.915
6 38 6506109.857
6 39 2066806.51
6 40 3497502.904
6 41 5412572.81
6 42 4545621.21
6 43 4110545.4
6 44 7263150.521
6 45 4972974.795
6 46 6091585.546
6 47 4109412.975
6 48 3923009.187
6 49 9509339.142
6 50 7563191.062
6 51 1799216.809
6 52 2850674.538
6 53 8501169.437
6 54 7794822.673
6 55 3511604.784
6 56 1830049.248
6 57 3212971.897
6 58 3890266.331
6 59 3681796.124
6 60 1854204.655
6 61 1773837.481
6 62 1510362.181
6 63 3931316.539
6 64 3649927.982
6 65 1828466.36
6 66 6321599.318
6 67 4128645.211
6 68 4609775.265
6 69 7315861.031
6 70 6203034.492
6 71 8099391.487
6 72 8241763.753
6 73 2756331.44
6 74 8061339.612
6 75 2197729.133
6 76 6659158.162
6 77 7638629.543
6 78 8007265.404
6 79 6540575.782
6 80 9176461.076
6 81 3331351.572
6 82 6989585.822
6 83 6018536.711
6 84 8209001.307
6 85 1035083.143
6 86 3050170.202
6 87 6749753.186
6 88 7158365.734
6 89 4868497.562
6 90 5677603.692
6 91 7305785.514
6 92 6546043.924
6 93 1915002.664
6 94 3034484.459
6 95 5744334.821
6 96 2668370.941
6 97 6723108.593
6 98 8905194.795
6 99 9080268.858
7 8 8059447.83
7 9 4690515.062
7 10 2914161.39
7 11 7722324.337
7 12 4978381.217
7 13 3027551.765
7 14 5440007.491
7 15 5100634.592
7 16 6818085.086
7 17 3835337.619
7 18 3825257.833
7 19 5943712.363
7 20 8166911.652
7 21 4515739.204
7 22 5697626.925
7 23 1368658.885
7 24 3936832.306
7 25 2018289.739
7 26 7991331.064
7 27 4499641.666
7 28 2102279.171
7 29 8463166.557
7 30 1439607.416
7 31 5419502.305
7 32 2364931.194
7 33 4463016.156
7 34 6397063.717
7 35 2090260.071
7 36 6804473.757
7 37 6846122.172
7 38 5590730.787
7 39 4251336.449
7 40 3153545.318
7 41 1104168.239
7 42 8722884.361
7 43 4094403.784
7 44 1693349.934
7 45 3134792.235
7 46 5305238.291
7 47 2581382.298
7 48 5998969.151
7 49 5341478.637
7 50 3455675.438
7 51 7289072.003
7 52 3475299.161
7 53 4163745.27
7 54 2117913.87
7 55 3086655.23
7 56 5186912.949
7 57 3650477.442
7 58 7097395.259
7 59 3497167.972
7 60 7962020.111
7 61 4607029.645
7 62 7731819.613
7 63 7981086.913
7 64 4581062.816
7 65 4735855.107
7 66 4512059.603
7 67 2326431.043
7 68 1790129.269
7 69 5032205.64
7 70 6983120.911
7 71 2268036.707
7 72 4803686.599
7 73 6766227.929
7 74 3186710.537
7 75 4320934.071
7 76 2341366.252
7 77 2442735.987
7 78 1977156.533
7 79 2031452.044
7 80 5450676.381
7 81 4939103.247
7 82 3445322.16
7 83 4136669.07
7 84 2689549.13
7 85 6485811.26
7 86 3281940.624
7 87 3540209.284
7 88 1576379.38
7 89 1422634.066
7 90 768216.5247
7 91 1080887.523
7 92 946786.6148
7 93 8141849.805
7 94 4432313.283
7 95 2554415.493
7 96 3648123.492
7 97 5880169.551
7 98 4724168.459
7 99 5324242.402
8 9 5008978.299
8 10 5152577.843
8 11 5498333.064
8 12 3774767.579
8 13 5475462.865
8 14 8479782.697
8 15 4938480.242
8 16 3823152.828
8 17 9805738.655
8 18 9411117.315
8 19 2864293.929
8 20 1216302.028
8 21 3551471.511
8 22 3622946.076
8 23 9045117.82
8 24 5182193.28
8 25 10051754.48
8 26 2891309.852
8 27 9516526.989
8 28 9413479.705
8 29 2815875.083
8 30 7862559.619
8 31 7601386.23
8 32 7387614.27
8 33 4651118.424
8 34 2488721.565
8 35 9594135.13
8 36 3307641.957
8 37 5151094.247
8 38 5946281.197
8 39 4618489.525
8 40 6032247.027
8 41 7031221.309
8 42 1717472.285
8 43 6962674.566
8 44 8593754.649
8 45 7655802.189
8 46 5633735.572
8 47 6551395.893
8 48 3026313.379
8 49 9769970.702
8 50 8177795.575
8 51 1176985.481
8 52 4673284.3
8 53 11084069.03
8 54 9084165.642
8 55 4974793.167
8 56 2904433.166
8 57 5893279.691
8 58 2091927.502
8 59 4688239.853
8 60 3380671.522
8 61 4458372.934
8 62 2773443.992
8 63 6515761.552
8 64 6565605.939
8 65 4627786.199
8 66 6290057.529
8 67 6437152.22
8 68 6801371.508
8 69 7160173.941
8 70 4835843.53
8 71 9433271.428
8 72 8387365.732
8 73 1445100.262
8 74 8912744.976
8 75 3805807.932
8 76 9102187.399
8 77 8722814.229
8 78 9485320.492
8 79 8922368.313
8 80 9275400.163
8 81 6281406.478
8 82 9629454.458
8 83 6157197.111
8 84 10451264.02
8 85 3844226.844
8 86 5431896.919
8 87 9428790.952
8 88 8515834.828
8 89 6929825.59
8 90 7714508.781
8 91 9106865.379
8 92 8633265.488
8 93 2658396.511
8 94 5910901.328
8 95 8295076.955
8 96 5098943.495
8 97 6046173.903
8 98 9270532.258
8 99 9210449.434
9 10 2696517.795
9 11 7991260.021
9 12 1315400.338
9 13 4136354.711
9 14 3531464.427
9 15 416209.1143
9 16 6306404.447
9 17 8030936.836
9 18 4528010.14
9 19 4725765.122
9 20 4488797.116
9 21 2950015.373
9 22 5149759.847
9 23 5059110.487
9 24 780818.9689
9 25 6577375.994
9 26 6615573.102
9 27 4539086.667
9 28 6701868.206
9 29 4144966.117
9 30 5399886.01
9 31 2724636.077
9 32 2899710.721
9 33 4824421.454
9 34 4927031.886
9 35 5373001.717
9 36 2385989.597
9 37 2197085.113
9 38 1428659.42
9 39 4546348.857
9 40 4970426.334
9 41 3636477.159
9 42 4845482.019
9 43 6481507.231
9 44 4339854.905
9 45 6335837.568
9 46 999313.8807
9 47 5007777.943
9 48 2024498.428
9 49 4761492.766
9 50 3292386.811
9 51 4910408.1
9 52 3316537.201
9 53 8748924.422
9 54 4708197.089
9 55 2715398.787
9 56 3321617.756
9 57 5274984.163
9 58 3194866.518
9 59 2031389.479
9 60 6886219.581
9 61 4779133.429
9 62 6353456.499
9 63 8752060.641
9 64 6535405.267
9 65 5085883.115
9 66 1287643.905
9 67 4649538.325
9 68 4589258.61
9 69 2225852.238
9 70 2297753.161
9 71 5066360.276
9 72 3381696.819
9 73 3585891.033
9 74 4134396.757
9 75 3248566.377
9 76 6731854.265
9 77 4167633.675
9 78 5289009.172
9 79 6443152.839
9 80 4283599.317
9 81 6587153.3
9 82 7697083.481
9 83 1170419.562
9 84 7376340.215
9 85 6049734.973
9 86 4401152.31
9 87 7659950.396
9 88 4309970.581
9 89 4394826.478
9 90 4830834.736
9 91 5444790.116
9 92 5588457.833
9 93 6584938.026
9 94 5931229.44
9 95 6403097.438
9 96 4408693.848
9 97 1699703.85
9 98 4267770.028
9 99 4212323.79
10 11 5976808.666
10 12 2338398.848
10 13 1465927.794
10 14 5308580.012
10 15 3080009.215
10 16 4592055.435
10 17 5511084.233
10 18 5012063.184
10 19 3334692.9
10 20 5272261.646
10 21 1638555.497
10 22 3357168.869
10 23 3929988.382
10 24 1986828.506
10 25 4923433.048
10 26 5459024.519
10 27 5403418.874
10 28 4519677.773
10 29 5722473.649
10 30 3024411.306
10 31 4800938.562
10 32 2759046.939
10 33 2506301.581
10 34 3737317.339
10 35 4533922.955
10 36 4203881.992
10 37 4810454.238
10 38 4052419.552
10 39 2214109.351
10 40 2283053.861
10 41 1883092.005
10 42 5847052.879
10 43 3797610.958
10 44 3604550.221
10 45 3668790.533
10 46 3642654.154
10 47 2326300.536
10 48 3274700.145
10 49 5997871.483
10 50 3961939.672
10 51 4446559.823
10 52 917013.6985
10 53 6447172.735
10 54 4129901.471
10 55 192196.8156
10 56 2322418.509
10 57 2627778.979
10 58 4270992.483
10 59 748399.7268
10 60 5546085.792
10 61 2542649.64
10 62 5186031.033
10 63 6559271.615
10 64 3904423.355
10 65 2809168.199
10 66 3343665.408
10 67 1987036.542
10 68 2043186.929
10 69 4275434.757
10 70 4824223.031
10 71 4451436.43
10 72 4862488.496
10 73 3854494.963
10 74 4377624.101
10 75 1540808.298
10 76 4379942.5
10 77 3940364.944
10 78 4419662.141
10 79 4129546.437
10 80 5770558.956
10 81 4017855.769
10 82 5214451.068
10 83 2939877.407
10 84 5436745.678
10 85 4273594.674
10 86 1761701.707
10 87 5127247.543
10 88 3507468.743
10 89 1984106.756
10 90 2669495.945
10 91 3954291.491
10 92 3574848.738
10 93 5551685.916
10 94 3355498.843
10 95 3859100.311
10 96 1866609.2
10 97 4345898.404
10 98 5364150.884
10 99 5660116.203
11 12 6826065.797
11 13 4871712.866
11 14 11212590.68
11 15 8211648.365
11 16 1817567.166
11 17 7006099.065
11 18 10904675.37
11 19 3397632.579
11 20 6635830.309
11 21 5042637.315
11 22 2843995.774
11 23 9083500.452
11 24 7578430.09
11 25 9128333.674
11 26 2735918.549
11 27 11356830.72
11 28 7784318.403
11 29 8134500.519
11 30 6617630.075
11 31 10585203.5
11 32 8675127.385
11 33 3491427.539
11 34 3416301.955
11 35 9800727.132
11 36 7796614.235
11 37 9397516.834
11 38 9393003.548
11 39 3776128.372
11 40 4568780.078
11 41 7244484.084
11 42 7207506.748
11 43 4077355.82
11 44 9138799.321
11 45 5272538.57
11 46 8968419.904
11 47 5159984.74
11 48 6926266.622
11 49 11974353.51
11 50 9926716.046
11 51 4414976.802
11 52 5063318.848
11 53 8545225.082
11 54 9660593.703
11 55 5823914.46
11 56 4741150.581
11 57 4074379.409
11 58 6844423.663
11 59 6236391.705
11 60 2243541.384
11 61 3435219.716
11 62 2765400.553
11 63 1022208.973
11 64 3452602.975
11 65 3184726.708
11 66 9060735.392
11 67 5396617.491
11 68 5932197.547
11 69 10053178.96
11 70 9206127.028
11 71 9902423.221
11 72 10815546.74
11 73 5696314.351
11 74 10242968.71
11 75 4779092.878
11 76 7201367.891
11 77 9682284.741
11 78 9684847.298
11 79 7213222.308
11 80 11735182.97
11 81 3003326.328
11 82 7057069.239
11 83 8711938.831
11 84 8927166.626
11 85 1988462.765
11 86 4555486.789
11 87 6746680.112
11 88 9020386.39
11 89 6310767.531
11 90 7006096.324
11 91 8710407.34
11 92 7680722.979
11 93 3031894.28
11 94 3333465.042
11 95 6208241.86
11 96 4259095.739
11 97 9630026.117
11 98 11338699.78
11 99 11627545.05
12 13 3558197.603
12 14 4845001.925
12 15 1416137.359
12 16 5088982.102
12 17 7845846.444
12 18 5644186.871
12 19 3485652.976
12 20 3425224.307
12 21 1871868.863
12 22 3987927.609
12 23 5654582.332
12 24 1421362.454
12 25 6976794.042
12 26 5311223.716
12 27 5744089.492
12 28 6799090.862
12 29 3485077.966
12 30 5344910.548
12 31 4036955.717
12 32 3720935.401
12 33 3890718.403
12 34 3647773.05
12 35 6094802.931
12 36 1871279.017
12 37 2724414.063
12 38 2598975.256
12 39 3640427.598
12 40 4393236.255
12 41 3874214.022
12 42 3884156.434
12 43 5846113.442
12 44 5057589.893
12 45 5936628.442
12 46 2189800.981
12 47 4591693.532
12 48 1030333.455
12 49 6035381.781
12 50 4407330.483
12 51 3599096.16
12 52 2606988.783
12 53 8768961.519
12 54 5501436.139
12 55 2262047.737
12 56 2091323.201
12 57 4592714.256
12 58 2200385.693
12 59 1595653.545
12 60 5596704.013
12 61 3806230.873
12 62 5051788.667
12 63 7641935.272
12 64 5786244.46
12 65 4114267.401
12 66 2591148.379
12 67 4287624.169
12 68 4381585.516
12 69 3541231.187
12 70 2643364.115
12 71 5860601.815
12 72 4668202.637
12 73 2331821.581
12 74 5170231.143
12 75 2244007.367
12 76 6704174.189
12 77 5057247.791
12 78 5996391.159
12 79 6443914.346
12 80 5582254.978
12 81 5760458.44
12 82 7552607.392
12 83 2402210.185
12 84 7632908.797
12 85 4853412.737
12 86 3753386.708
12 87 7460777.024
12 88 5000543.279
12 89 4300707.959
12 90 4912771.631
12 91 5896107.787
12 92 5775395.076
12 93 5273611.262
12 94 5131417.416
12 95 6193911.054
12 96 3656273.534
12 97 2815382.892
12 98 5511733.793
12 99 5506256.806
13 14 6681210.01
13 15 4504068.364
13 16 3797936.044
13 17 4464578.72
13 18 6051733.018
13 19 2994637.253
13 20 5897060.067
13 21 2095533.327
13 22 2673454.235
13 23 4327243.327
13 24 3449046.859
13 25 4815060.606
13 26 4978748.756
13 27 6543935.281
13 28 3956467.198
13 29 6659412.858
13 30 2417929.421
13 31 6231527.8
13 32 3857184.326
13 33 1450279.764
13 34 3463085.865
13 35 5024103.718
13 36 5337343.787
13 37 6186607.651
13 38 5513146.793
13 39 1224271.482
13 40 842810.8702
13 41 2380993.859
13 42 6524633.09
13 43 2345560.861
13 44 4283382.831
13 45 2414358.413
13 46 5099493.429
13 47 1118889.494
13 48 4340856.338
13 49 7221897.731
13 50 5146024.635
13 51 4523621.142
13 52 977677.0437
13 53 5632024.064
13 54 4811270.866
13 55 1421503.274
13 56 2614607.174
13 57 1164224.263
13 58 5129130.856
13 59 2113186.119
13 60 4935059.636
13 61 1582595.79
13 62 4724332.739
13 63 5317548.039
13 64 2441709.963
13 65 1739564.536
13 66 4799850.983
13 67 962356.5386
13 68 1385423.455
13 69 5712117.345
13 70 6164068.955
13 71 5073701.252
13 72 6189568.903
13 73 4422256.689
13 74 5384384.492
13 75 1731841.009
13 76 3627092.253
13 77 4810598.733
13 78 4906369.953
13 79 3449957.713
13 80 7067596.561
13 81 2582432.601
13 82 4232558.394
13 83 4390859.273
13 84 5037485.77
13 85 3465180.769
13 86 331449.0886
13 87 4076759.172
13 88 4167216.952
13 89 1637621.032
13 90 2444246.659
13 91 4096249.558
13 92 3316881.56
13 93 5143925.379
13 94 1925913.425
13 95 2863700.755
13 96 631680.7349
13 97 5804633.551
13 98 6574944.445
13 99 6951114.525
14 15 3543121.978
14 16 9649222.152
14 17 9275257.973
14 18 2452156.922
14 19 8132099.935
14 20 7798777.209
14 21 6257406.054
14 22 8434524.199
14 23 4849894.407
14 24 3687554.032
14 25 6560091.782
14 26 10110387.68
14 27 1899629.419
14 28 7453638.644
14 29 7014992.841
14 30 6745698.542
14 31 924592.2363
14 32 3135592.111
14 33 7800712.558
14 34 8386980.999
14 35 4658486.129
14 36 5430640.594
14 37 3992093.301
14 38 2626967.284
14 39 7507343.775
14 40 7379773.631
14 41 4893530.734
14 42 8023015.411
14 43 8817249.604
14 44 4019092.423
14 45 8235259.975
14 46 2864453.627
14 47 7134612.999
14 48 5453532.099
14 49 1528989.103
14 50 2014625.543
14 51 8441845.389
14 52 6188594.754
14 53 9426935.423
14 54 3974548.819
14 55 5434666.518
14 56 6750991.508
14 57 7818728.499
14 58 6514987.194
14 59 4976644.316
14 60 10349870.9
14 61 7814868.55
14 62 9843469.747
14 63 11855048.93
14 64 9073981.723
14 65 8097839.123
14 66 2260580.346
14 67 6747022.928
14 68 6421250.16
14 69 1320085.689
14 70 4338507.646
14 71 4197425.082
14 72 655476.0224
14 73 7087620.918
14 74 2669521.78
14 75 6456585.335
14 76 7776895.273
14 77 3317706.553
14 78 4648769.345
14 79 7468225.336
14 80 885410.3476
14 81 9260026.529
14 82 8884428.655
14 83 2535592.622
14 84 7613967.731
14 85 9363063.454
14 86 7006425.917
14 87 8976384.459
14 88 4090118.15
14 89 6060388.525
14 90 6015388.93
14 91 5541695.101
14 92 6339369.946
14 93 10096147.52
14 94 8606756.078
14 95 7902288.431
14 96 7167123.761
14 97 2646196.445
14 98 1425220.078
14 99 880240.6728
15 16 6494614.109
15 17 8443827.185
15 18 4754402.793
15 19 4896638.606
15 20 4326488.923
15 21 3190807.135
15 22 5367868.45
15 23 5436884.809
15 24 1196488.84
15 25 6975170.618
15 26 6714437.8
15 27 4707155.87
15 28 7117130.146
15 29 3854732.943
15 30 5815124.637
15 31 2682995.151
15 32 3251594.239
15 33 5123837.44
15 34 5063636.297
15 35 5726796.067
15 36 2106557.614
15 37 1781709.131
15 38 1185837.884
15 39 4851781.729
15 40 5342355.919
15 41 4050856.8
15 42 4637785.475
15 43 6849262.138
15 44 4700132.042
15 45 6732703.674
15 46 773903.7833
15 47 5399803.143
15 48 1914181.292
15 49 4857747.409
15 50 3532610.809
15 51 4938677.042
15 52 3655514.562
15 53 9164913.659
15 54 5049718.165
15 55 3087313.825
15 56 3496206.471
15 57 5631420.97
15 58 3028227.837
15 59 2391429.713
15 60 7009555.543
15 61 5067203.289
15 62 6457904.903
15 63 8999525.133
15 64 6883365.379
15 65 5375624.109
15 66 1391471.782
15 67 5045744.79
15 68 4997159.421
15 69 2223036.352
15 70 1883930.155
15 71 5405539.167
15 72 3470017.303
15 73 3546808.919
15 74 4402980.914
15 75 3516615.17
15 76 7147933.445
15 77 4487628.492
15 78 5646119.297
15 79 6859348.022
15 80 4340561.645
15 81 6919023.242
15 82 8111229.472
15 83 1395482.47
15 84 7784476.807
15 85 6250801.662
15 86 4759467.186
15 87 8072055.289
15 88 4675631.992
15 89 4807873.868
15 90 5246968.451
15 91 5839844.025
15 92 6001878.955
15 93 6665413.414
15 94 6267222.16
15 95 6813742.715
15 96 4748073.39
15 97 1420086.96
15 98 4402851.627
15 99 4279651.06
16 17 7045550.742
16 18 9603456.551
16 19 1610721.116
16 20 4899871.332
16 21 3396332.638
16 22 1238071.106
16 23 8124555.688
16 24 5969306.559
16 25 8490701.551
16 26 1518181.145
16 27 9983854.768
16 28 7354015.852
16 29 6354764.468
16 30 5968895.013
16 31 8965163.822
16 32 7350392.511
16 33 2355176.725
16 34 1599041.092
16 35 8817459.109
16 36 5980659.086
16 37 7603302.652
16 38 7680386.947
16 39 2576950.016
16 40 3801299.468
16 41 6136424.778
16 42 5498596.553
16 43 3957014.329
16 44 8031317.363
16 45 5010222.779
16 46 7261864.496
16 47 4438809.594
16 48 5122869.002
16 49 10532402.35
16 50 8537467.781
16 51 2681013.091
16 52 3686964.071
16 53 8524005.008
16 54 8563968.156
16 55 4416929.194
16 56 2998817.577
16 57 3393744.25
16 58 5032352.185
16 59 4704665.977
16 60 1248013.454
16 61 2215700.228
16 62 1377542.254
16 63 2778514.942
16 64 3387558.367
16 65 2091467.813
16 66 7441420.732
16 67 4559350.778
16 68 5084185.005
16 69 8437781.705
16 70 7402592.431
16 71 8845041.431
16 72 9303332.313
16 73 3885650.517
16 74 8963851.694
16 75 3203898.273
16 76 6852482.308
16 77 8480865.827
16 78 8699617.336
16 79 6786031.63
16 80 10234966.36
16 81 2977550.053
16 82 6993811.925
16 83 7119244.884
16 84 8503638.973
16 85 332783.2714
16 86 3536879.706
16 87 6719429.16
16 88 7919665.736
16 89 5405323.534
16 90 6184909.856
16 91 7874955.86
16 92 6987902.973
16 93 1796895.396
16 94 2926213.971
16 95 5880194.588
16 96 3171053.091
16 97 7904124.376
16 98 9913802.16
16 99 10134076.42
17 18 7495350.993
17 19 7041729.654
17 20 10340256.7
17 21 6560071.351
17 22 6414725.594
17 23 4701743.835
17 24 7252032.908
17 25 3472162.423
17 26 8539833.917
17 27 8212794.063
17 28 1973227.492
17 29 11111819.74
17 30 2659295.858
17 31 9225515.291
17 32 6181007.457
17 33 5189163.364
17 34 7495817.064
17 35 5253986.799
17 36 9699608.405
17 37 10223474.92
17 38 9174656.618
17 39 5190114.716
17 40 3784976.477
17 41 4564081.895
17 42 10975186
17 43 3089182.222
17 44 5387128.555
17 45 2152395.32
17 46 8829534.215
17 47 3346197.494
17 48 8735173.1
17 49 9081300.238
17 50 7283798.827
17 51 8741067.557
17 52 5422080.036
17 53 1541120.073
17 54 5656609.532
17 55 5585225.938
17 56 7046796.354
17 57 3926171.328
17 58 9589280.247
17 59 6259081.934
17 60 8286775.85
17 61 5386105.495
17 62 8349238.384
17 63 6748926.721
17 64 3680423.156
17 65 5281269.301
17 66 8173496.643
17 67 3584824.91
17 68 3475230.531
17 69 8809169.316
17 70 10282932.85
17 71 5640263.449
17 72 8637354.244
17 73 8868227.258
17 74 6913089.546
17 75 6189157.792
17 76 1506679.937
17 77 6158227.958
17 78 5185690.805
17 79 1810968.422
17 80 9252902.117
17 81 4121053.238
17 82 397020.3894
17 83 7767965.494
17 84 2628820.692
17 85 6776192.403
17 86 4420925.68
17 87 388521.1322
17 88 5288545.84
17 89 3636111.881
17 90 3332467.584
17 91 3980143.739
17 92 2957690.749
17 93 8791107.602
17 94 4135407.508
17 95 1652069.358
17 96 4721370.082
17 97 9474571.287
17 98 8492114.431
17 99 9126961.802
18 19 8291784.901
18 20 9006992.262
18 21 6432934.509
18 22 8369231.231
18 23 2804896.106
18 24 4229067.858
18 25 4384199.884
18 26 10404393.01
18 27 737858.6687
18 28 5551632.807
18 29 8593467.674
18 30 5261506.813
18 31 3045067.201
18 32 2253099.06
18 33 7417910.665
18 34 8650541.236
18 35 2397816.902
18 36 6858928.998
18 37 5875264.614
18 38 4345715.949
18 39 7139679.91
18 40 6543621.956
18 41 3763639.468
18 42 9372868.652
18 43 7776081.777
18 44 2140795.705
18 45 6932295.159
18 46 4364929.714
18 47 6117837.858
18 48 6532762.881
18 49 1615370.283
18 50 1240180.259
18 51 9067858.352
18 52 5918152.403
18 53 7366943.22
18 54 1845819.724
18 55 5190169.423
18 56 7064672.35
18 57 7039185.831
18 58 7718971.89
18 59 5032452.829
18 60 10533776.21
18 61 7493076.639
18 62 10129649.01
18 63 11363660.99
18 64 8174601.699
18 65 7724001.232
18 66 3406685.559
18 67 5766161.253
18 68 5307856.122
18 69 3042770.866
18 70 6173223.644
18 71 1942360.558
18 72 1879523.074
18 73 7966058.663
18 74 674059.5156
18 75 6482672.957
18 76 5999328.886
18 77 1383243.187
18 78 2422847.999
18 79 5708867.314
18 80 1970569.801
18 81 8462182.013
18 82 7098514.43
18 83 3366970.994
18 84 5466536.798
18 85 9283290.308
18 86 6378329.494
18 87 7254688.651
18 88 2252941.521
18 89 4901666.967
18 90 4551701.995
18 91 3534320.965
18 92 4563132.262
18 93 10461747.66
18 94 7863154.445
18 95 6374616.901
18 96 6649055.166
18 97 4505625.561
18 98 1136198.077
18 99 1861124.256
19 20 3708666.973
19 21 1894760.13
19 22 786040.58
19 23 7149909.68
19 24 4444916.189
19 25 7804202.919
19 26 2124634.543
19 27 8608762.832
19 28 6906598.702
19 29 5000983.966
19 30 5394679.42
19 31 7413533.508
19 32 6054101.043
19 33 1853781.662
19 34 471849.1435
19 35 7801981.036
19 36 4422778.704
19 37 6000771.932
19 38 6082190.626
19 39 1896213.652
19 40 3349209.783
19 41 5091028.811
19 42 4350275.621
19 43 4112978.486
19 44 6920447.679
19 45 4892934.432
19 46 5667003.83
19 47 3938645.273
19 48 3529784.145
19 49 9098802.549
19 50 7164478.033
19 51 1722954.95
19 52 2516717.365
19 53 8397853.317
19 54 7450456.671
19 55 3145034.598
19 56 1404387.501
19 57 3118482.056
19 58 3569377.084
19 59 3279005.914
19 60 2251463.761
19 61 1656706.813
19 62 1851369.419
19 63 4298251.684
19 64 3701401.343
19 65 1781517.201
19 66 5897325.544
19 67 3920983.761
19 68 4379726.846
19 69 6891240.24
19 70 5809061
19 71 7761177.439
19 72 7824796.045
19 73 2457538.886
19 74 7679651.065
19 75 1811577.696
19 76 6507481.803
19 77 7273797.472
19 78 7685177.035
19 79 6371766.849
19 80 8759662.541
19 81 3423449.319
19 82 6901367.474
19 83 5596535.751
19 84 8014124.729
19 85 1410596.975
19 86 2845340.046
19 87 6675398.09
19 88 6817997.808
19 89 4613779.929
19 90 5425849.993
19 91 7024506.144
19 92 6310395.374
19 93 2225080.208
19 94 3051295.215
19 95 5620401.205
19 96 2470201.088
19 97 6300714.802
19 98 8497857.751
19 99 8664294.527
20 21 3825691.069
20 22 4494432.215
20 23 9008068.757
20 24 4833570.146
20 25 10184469.1
20 26 4092051.261
20 27 9022419.487
20 28 9726558.648
20 29 1601390.647
20 30 8183236.664
20 31 6890361.999
20 32 7145968.571
20 33 5331280.186
20 34 3422671.287
20 35 9491232.606
20 36 2405809.677
20 37 4187771.098
20 38 5191153.529
20 39 5239146.392
20 40 6562003.623
20 41 7087582.97
20 42 649330.4858
20 43 7665422.005
20 44 8461178.873
20 45 8218648.004
20 46 4936589.663
20 47 7010899.383
20 48 2474576.993
20 49 9176652.023
20 50 7767321.892
20 51 2224069.254
20 52 4991652.638
20 53 11521780.68
20 54 8918189.062
20 55 5116520.065
20 56 3293465.741
20 57 6508226.245
20 58 1298504.403
20 59 4678717.407
20 60 4573926.055
20 61 5151008.146
20 62 3957048.881
20 63 7644240.196
20 64 7337599.363
20 65 5368689.194
20 66 5716959.184
20 67 6835366.078
20 68 7126914.659
20 69 6496205.348
20 70 3848578.636
20 71 9276065.548
20 72 7789737.63
20 73 1474804.202
20 74 8571220.934
20 75 4165804.212
20 76 9486677.719
20 77 8482419.257
20 78 9389078.472
20 79 9276463.47
20 80 8635116.39
20 81 7103531.613
20 82 10125806.48
20 83 5659100.425
20 84 10698006.63
20 85 4874299.91
20 86 5919331.073
20 87 9955209.274
20 88 8397414.625
20 89 7188524.475
20 90 7929507.503
20 91 9166403.019
20 92 8842433.855
20 93 3868623.812
20 94 6658229.064
20 95 8760527.226
20 96 5630586.003
20 97 5242371.254
20 98 8728950.37
20 99 8583211.442
21 22 2206112.018
21 23 5568522.433
21 24 2573389.175
21 25 6500791.447
21 26 3977137.243
21 27 6724396.712
21 28 5913989.152
21 29 4580056.564
21 30 4365327.807
21 31 5570589.92
21 32 4218699.357
21 33 2038660.756
21 34 2220094.144
21 35 6166496.053
21 36 3390406.188
21 37 4586388.467
21 38 4361936.869
21 39 1808963.872
21 40 2837584.11
21 41 3517532.059
21 42 4443093.794
21 43 4159699.478
21 44 5216878.497
21 45 4485767.673
21 46 3934530.877
21 47 3214297.46
21 48 2377988.092
21 49 7204166.325
21 50 5283717.874
21 51 2808512.747
21 52 1165973.13
21 53 7699027.201
21 54 5734883.452
21 55 1450924.571
21 56 684242.5248
21 57 2910810.045
21 58 3041890.027
21 59 1400800.76
21 60 4143845.715
21 61 1940724.766
21 62 3702630.107
21 63 5809331.017
21 64 4010675.164
21 65 2247146.88
21 66 4045867.113
21 67 3014442.588
21 68 3305347.072
21 69 5042232.554
21 70 4477006.24
21 71 6065723.338
21 72 5933822.26
21 73 2356091.23
21 74 5838251.748
21 75 410839.6755
21 76 5661010.423
21 77 5486507.955
21 78 6053020.381
21 79 5453156.713
21 80 6868377.264
21 81 3937045.431
21 82 6324986.028
21 83 3724368.167
21 84 6919025.113
21 85 3121017.864
21 86 2173566.11
21 87 6172289.493
21 88 5124793.205
21 89 3394323.702
21 90 4167687.45
21 91 5574276.313
21 92 5086821.832
21 93 4028868.583
21 94 3333705.983
21 95 4952356.26
21 96 1962564.664
21 97 4610170.086
21 98 6604880.595
21 99 6771891.241
22 23 6971647.754
22 24 4766422.923
22 25 7461584.671
22 26 2314695.776
22 27 8745841.015
22 28 6444916.623
22 29 5774671.685
22 30 4980969.903
22 31 7771157.178
22 32 6116187.642
22 33 1312936.931
22 34 1141607.663
22 35 7652330.909
22 36 5110857.59
22 37 6606362.188
22 38 6549014.149
22 39 1460969.492
22 40 2847462.719
22 41 4952058.124
22 42 5135345.808
22 43 3414287.746
22 44 6834805.178
22 45 4285084.859
22 46 6124589.404
22 47 3471317.745
22 48 4175778.508
22 49 9296682.688
22 50 7299405.94
22 51 2459811.435
22 52 2457665.528
22 53 7817542.144
22 54 7367942.384
22 55 3180502.899
22 56 1918533.68
22 57 2534940.046
22 58 4321026.114
22 59 3474652.248
22 60 2267216.977
22 61 1131622.782
22 62 2069765.184
22 63 3664551.674
22 64 2962273.121
22 65 1143331.109
22 66 6245462.014
22 67 3522440.072
22 68 4022981.625
22 69 7241153.131
22 70 6439064.004
22 71 7658154.754
22 72 8076047.137
22 73 3227826.242
22 74 7732463.596
22 75 1978705.584
22 76 5999698.235
22 77 7262025.287
22 78 7534535.592
22 79 5892202.525
22 80 9006188.676
22 81 2659394.228
22 82 6302149.184
22 83 5911611.114
22 84 7576817.2
22 85 931729.5742
22 86 2453880.509
22 87 6058897.777
22 88 6725429.974
22 89 4308774.694
22 90 5109255.172
22 91 6769274.922
22 92 5955693.611
22 93 2502338.523
22 94 2338892.48
22 95 5071782.685
22 96 2072705.208
22 97 6786669.238
22 98 8676778.639
22 99 8904140.647
23 24 4395591.26
23 25 1725747.888
23 26 9236757.936
23 27 3533719.799
23 28 2747687.902
23 29 9093132.989
23 30 2713770.265
23 31 5056842.808
23 32 2234914.623
23 33 5775861.227
23 34 7588280.326
23 35 721687.7665
23 36 7363391.317
23 37 7060817.805
23 38 5644993.13
23 39 5548054.671
23 40 4516127.701
23 41 2065977.551
23 42 9518216.437
23 43 5438511.227
23 44 852897.8244
23 45 4419454.728
23 46 5447437.684
23 47 3949950.299
23 48 6682558.289
23 49 4410281.977
23 50 2853466.855
23 51 8376352.219
23 52 4638078.167
23 53 4603688.07
23 54 959145.0183
23 55 4118559.305
23 56 6252384.077
23 57 5015418.27
23 58 7846673.424
23 59 4364729.539
23 60 9238510.271
23 61 5908859.311
23 62 8971729.791
23 63 9349653.714
23 64 5941095.837
23 65 6057956.555
23 66 4523638.021
23 67 3687316.269
23 68 3153664.949
23 69 4778441.032
23 70 7258712.553
23 71 968222.729
23 72 4194488.062
23 73 7681325.141
23 74 2269456.408
23 75 5437449.674
23 76 3219460.536
23 77 1542623.268
23 78 609664.0297
23 79 2941050.902
23 80 4656439.218
23 81 6305174.521
23 82 4305845.762
23 83 4225209.651
23 84 2764288.241
23 85 7791772.537
23 86 4602537.084
23 87 4478554.057
23 88 818218.5345
23 89 2773447.895
23 90 2122950.336
23 91 729573.8024
23 92 1825432.216
23 93 9369105.955
23 94 5800724.544
23 95 3718462.154
23 96 4956800.201
23 97 5906473.205
23 98 3854333.047
23 99 4533728.225
24 25 5856454.328
24 26 6449484.223
24 27 4363870.26
24 28 5928798.986
24 29 4709586.238
24 30 4619095.193
24 31 3007175.513
24 32 2334709.34
24 33 4276977.377
24 34 4710695.761
24 35 4768427.368
24 36 2968893.047
24 37 2977893.535
24 38 2065630.88
24 39 3989383.357
24 40 4269687.835
24 41 2868654.151
24 42 5262762.844
24 43 5784307.178
24 44 3727310.984
24 45 5583249.289
24 46 1658997.381
24 47 4266263.292
24 48 2379157.619
24 49 4725687.222
24 50 2996288.873
24 51 4903261.806
24 52 2703680.156
24 53 7972076.805
24 54 4139528.217
24 55 2034448.317
24 56 3071597.085
24 57 4604807.146
24 58 3578119.593
24 59 1403736.173
24 60 6670288.748
24 61 4256084.644
24 62 6179436.666
24 63 8282872.666
24 64 5877197.422
24 65 4555870.342
24 66 1482323.67
24 67 3900535.807
24 68 3818428.131
24 69 2475830.189
24 70 3071119.785
24 71 4500018.058
24 72 3400820.259
24 73 3737096.976
24 74 3748925.734
24 75 2799627.551
24 76 5951649.035
24 77 3659164.531
24 78 4676779.205
24 79 5663657.189
24 80 4333953.022
24 81 5960847.852
24 82 6916933.149
24 83 1152135.405
24 84 6626107.391
24 85 5689752.925
24 86 3732232.204
24 87 6882000.927
24 88 3683603.144
24 89 3616074.342
24 90 4053210.57
24 91 4733660.819
24 92 4822781.631
24 93 6454445.256
24 94 5299606.484
24 95 5627255.88
24 96 3780445.018
24 97 2359860.994
24 98 4166276.42
24 99 4244865.235
25 26 9776205.564
25 27 5121895.439
25 28 1582696.613
25 29 10460751.52
25 30 2533316.399
25 31 6782161.386
25 32 3892251.915
25 33 6167717.122
25 34 8269112.921
25 35 1989019.27
25 36 8779255.701
25 37 8665450.988
25 38 7300447.172
25 39 6001334.571
25 40 4692945.294
25 41 3112433.435
25 42 10741097.59
25 43 5145676.062
25 44 2577905.827
25 45 3967836.218
25 46 7071226.763
25 47 4057160.477
25 48 8002346.197
25 49 5997508.294
25 50 4575444.849
25 51 9238496.338
25 52 5415000.255
25 53 3003949.546
25 54 2597301.11
25 55 5090989.926
25 56 7161340.872
25 57 5134241.417
25 58 9112192.677
25 59 5515085.479
25 60 9690678.534
25 61 6335554.191
25 62 9527812.574
25 63 9205384.649
25 64 5737917.945
25 65 6406080.139
25 66 6183303.358
25 67 3942972.187
25 68 3440071.75
25 69 6495322.277
25 70 8837360.94
25 71 2442013.148
25 72 5905698.627
25 73 8777912.553
25 74 3930845.92
25 75 6277326.673
25 76 2214252.687
25 77 3242430.594
25 78 1962063.475
25 79 2054183.021
25 80 6310355.054
25 81 6163381.049
25 82 3105781.116
25 83 5856620.427
25 84 1083017.116
25 85 8164996.962
25 86 5008229.226
25 87 3360582.898
25 88 2533829.747
25 89 3192339.925
25 90 2380347.703
25 91 1141865.397
25 92 1506417.36
25 93 9952948.562
25 94 5801578.325
25 95 3069064.963
25 96 5390254.287
25 97 7571984.009
25 98 5488538.726
25 99 6190925.519
26 27 10699992.31
26 28 8736189.468
26 29 5668841.71
26 30 7291205.496
26 31 9339170.981
26 32 8173429.55
26 33 3618735.232
26 34 1757472.855
26 35 9901487.862
26 36 5720633.785
26 37 7499655.886
26 38 7876694.902
26 39 3775040.512
26 40 5142198.774
26 41 7189583.707
26 42 4603831.81
26 43 5456676.771
26 44 9037255.143
26 45 6471290.484
26 46 7485583.96
26 47 5773348.962
26 48 5043201.517
26 49 11155882.78
26 50 9260691.641
26 51 2000015.647
26 52 4625713.284
26 53 10001423.51
26 54 9568380.296
26 55 5269577.958
26 56 3385828.644
26 57 4786019.798
26 58 4599164.236
26 59 5376689.132
26 60 502450.3129
26 61 3443737.965
26 62 274744.5064
26 63 3753192.008
26 64 4899081.634
26 65 3410045.617
26 66 7852515.485
26 67 5836710.641
26 68 6337119.684
26 69 8831543.664
26 70 7242645.948
26 71 9874949.52
26 72 9850024.151
26 73 3499088.896
26 74 9798426.729
26 75 3933595.801
26 76 8266382.783
26 77 9398430.468
26 78 9784175.471
26 79 8176615.468
26 80 10783436.55
26 81 4494384.288
26 82 8472541.496
26 83 7588302.469
26 84 9875573.492
26 85 1764294.239
26 86 4768168.87
26 87 8205922.972
26 88 8933219.32
26 89 6616305.902
26 90 7420247.566
26 91 9067779.442
26 92 8270380.668
26 93 303284.5763
26 94 4406393.375
26 95 7312706.257
26 96 4386519.033
26 97 8057878.867
26 98 10568459.44
26 99 10693749.24
27 28 6277222.83
27 29 8480627.473
27 30 5926606.572
27 31 2636061.38
27 32 2688322.25
27 33 7865644.26
27 34 8942551.836
27 35 3134843.745
27 36 6782102.025
27 37 5625851.684
27 38 4124017.687
27 39 7580969.453
27 40 7088984.866
27 41 4334137.431
27 42 9344058.227
27 43 8374244.103
27 44 2836123.618
27 45 7575973.89
27 46 4214618.782
27 47 6698525.963
27 48 6563566.407
27 49 878409.9483
27 50 1447256.024
27 51 9261576.176
27 52 6319539.512
27 53 8104265.985
27 54 2575983.431
27 55 5571700.297
27 56 7326910.004
27 57 7576409.468
27 58 7724887.474
27 59 5329865.334
27 60 10859687.65
27 61 7926544.143
27 62 10425792.78
27 63 11860612.94
27 64 8745892.796
27 65 8172322.943
27 66 3318799.656
27 67 6335427.472
27 68 5900497.787
27 69 2753855.152
27 70 5945569.11
27 71 2680175.809
27 72 1442184.017
27 73 8075622.79
27 74 1313514.209
27 75 6815068.193
27 76 6712686.151
27 77 2065739.589
27 78 3160694.662
27 79 6418932.995
27 80 1277380.15
27 81 9013503.849
27 82 7815785.866
27 83 3370945.147
27 84 6204323.415
27 85 9670309.597
27 86 6874148.091
27 87 7964841.751
27 88 2942820.172
27 89 5498890.163
27 90 5206468.136
27 91 4263235.322
27 92 5269989.207
27 93 10738083.25
27 94 8398760.112
27 95 7053989.978
27 96 7121691.679
27 97 4240614.768
27 98 477642.5885
27 99 1180697.955
28 29 10239148.33
28 30 1551643.159
28 31 7499354.94
28 32 4450856.778
28 33 5132314.342
28 34 7378447.631
28 35 3281022.837
28 36 8666001.486
28 37 8885718.184
28 38 7678567.012
28 39 5022697.687
28 40 3597759.585
28 41 3068841.549
28 42 10326589.1
28 43 3723405.813
28 44 3479948.882
28 45 2522266.812
28 46 7378485.2
28 47 2977176.631
28 48 7780387.435
28 49 7151413.996
28 50 5441579.586
28 51 8479924.924
28 52 4755443.038
28 53 2065807.325
28 54 3706567.649
28 55 4649150.46
28 56 6518215.59
28 57 3962141.476
28 58 8787042.537
28 59 5222441.645
28 60 8588662.576
28 61 5318076.258
28 62 8505369.673
28 63 7770256.936
28 64 4339781.586
28 65 5326226.411
28 66 6610141.372
28 67 2998850.045
28 68 2614075.403
28 69 7126763.209
28 70 8998977.843
28 71 3672531.59
28 72 6804463.467
28 73 8266514.183
28 74 4992433.556
28 75 5614911.842
28 76 640496.0114
28 77 4243009.734
28 78 3214024.875
28 79 573926.0694
28 80 7360857.134
28 81 4783503.177
28 82 1584075.298
28 83 6228917.449
28 84 1153501.143
28 85 7041395.809
28 86 4063263.87
28 87 1804601.05
28 88 3390902.595
28 89 2545586.024
28 90 1892280.496
28 91 2019883.257
28 92 1155494.23
28 93 8943223.428
28 94 4515641.248
28 95 1586698.464
28 96 4436398.447
28 97 7970752.688
28 98 6578976.337
28 99 7235996.841
29 30 8742910.23
29 31 6090492.368
29 32 7022340.941
29 33 6394712.288
29 34 4800164.371
29 35 9476790.745
29 36 1759062.835
29 37 3094366.084
29 38 4405037.203
29 39 6246093.909
29 40 7417468.996
29 41 7359040.706
29 42 1312130.06
29 43 8682406.217
29 44 8436077.326
29 45 9064104.128
29 46 4266381.038
29 47 7771232.362
29 48 2467879.448
29 49 8487714.864
29 50 7382902.259
29 51 3733956.696
29 52 5691266.513
29 53 12157637.84
29 54 8834758.765
29 55 5604416.627
29 56 4225177.531
29 57 7459421.627
29 58 1543525.217
29 59 5020232.307
29 60 6141284.155
29 61 6234647.812
29 62 5518086.497
29 63 9127643.25
29 64 8438000.192
29 65 6491731.73
29 66 5189621.193
29 67 7531311.421
29 68 7726766.941
29 69 5786067.956
29 70 2734450.073
29 71 9194678.396
29 72 7131727.08
29 73 2547180.177
29 74 8257693.457
29 75 4975565.059
29 76 10091956.61
29 77 8311149.427
29 78 9386048.511
29 79 9849175.58
29 80 7889902.651
29 81 8263013.214
29 82 10854789.33
29 83 5249723.909
29 84 11108914.89
29 85 6286986.475
29 86 6753621.907
29 87 10723298.62
29 88 8393181.819
29 89 7706060.083
29 90 8367774.665
29 91 9372599.219
29 92 9246786.401
29 93 5456358.876
29 94 7747810.506
29 95 9479170.416
29 96 6525994.954
29 97 4370018.636
29 98 8126197.786
29 99 7858625.117
30 31 6617403.335
30 32 3612512.202
30 33 3672477.569
30 34 5865844.134
30 35 3417997.116
30 36 7216078.76
30 37 7596820.155
30 38 6516083.367
30 39 3533042.238
30 40 2167612.31
30 41 1917040.51
30 42 8788017.335
30 43 2753122.101
30 44 3132952.425
30 45 1708278.877
30 46 6174633.151
30 47 1530085.817
30 48 6299044.168
30 49 6757647.24
30 50 4811467.669
30 51 6939368.331
30 52 3204733.947
30 53 3424631.381
30 54 3545588.881
30 55 3138678.518
30 56 4966574.843
30 57 2600963.187
30 58 7269942.958
30 59 3751603.145
30 60 7181059.293
30 61 3849385.879
30 62 7050491.281
30 63 6759578.198
30 64 3297223.854
30 65 3894838.341
30 66 5517150.183
30 67 1473763.34
30 68 1062481.397
30 69 6181513.736
30 70 7674952.891
30 71 3663613.803
30 72 6128706.992
30 73 6719790
30 74 4616327.445
30 75 4063289.199
30 76 1359478.664
30 77 3878277.894
30 78 3314217.665
30 79 1106353.09
30 80 6830503.84
30 81 3697057.671
30 82 2306086.996
30 83 5109942.703
30 84 2621020.716
30 85 5645909.416
30 86 2551760.3
30 87 2308846.045
30 88 3015750.503
30 89 1044204.821
30 90 733738.9567
30 91 2170395.979
30 92 1064048.921
30 93 7482832.51
30 94 3284335.113
30 95 1156889.273
30 96 2931740.604
30 97 6815780.452
30 98 6131060.62
30 99 6704196.588
31 32 3054572.087
31 33 7241781.834
31 34 7639417.541
31 35 4993865.035
31 36 4512873.539
31 37 3078944.563
31 38 1706597.132
31 39 6949983.64
31 40 6981823.436
31 41 4709900.873
31 42 7103527.731
31 43 8462137.488
31 44 4204267.743
31 45 7992998.336
31 46 1968957.879
31 47 6809094.087
31 48 4577454.371
31 49 2425396.793
31 50 2242306.76
31 51 7615120.757
31 52 5636790.334
31 53 9527655.117
31 54 4275210.311
31 55 4903933.014
31 56 6016309.178
31 57 7390124.899
31 58 5612542.326
31 59 4371200.339
31 60 9601949.993
31 61 7236829.883
31 62 9076118.633
31 63 11276005.29
31 64 8662841.406
31 65 7530278.674
31 66 1525748.396
31 67 6420091.974
31 68 6155452.544
31 69 532860.2398
31 70 3421625.748
31 71 4550886.514
31 72 1195728.091
31 73 6227144.412
31 74 3079264.173
31 75 5806757.926
31 76 7753263.015
31 77 3598662.782
31 78 4963267.676
31 79 7442918.422
31 80 1802946.613
31 81 8810341.227
31 82 8843831.806
31 83 1882990.316
31 84 7796348.332
31 85 8691332.352
31 86 6546555.857
31 87 8903028.497
31 88 4251922.81
31 89 5826122.663
31 90 5905070.719
31 91 5698762.091
31 92 6354168.63
31 93 9309413.319
31 94 8149622.629
31 95 7761423.571
31 96 6666179.509
31 97 1722582.678
31 98 2193746.645
31 99 1781802.766
32 33 5183947.896
32 34 6425562.591
32 35 2475389.491
32 36 5267371.017
32 37 4829087.984
32 38 3414443.544
32 39 4901754.231
32 40 4432039.791
32 41 1772270.348
32 42 7593306.798
32 43 5784618.98
32 44 1452215.465
32 45 5117322.655
32 46 3213297.057
32 47 4093421.33
32 48 4710515.571
32 49 3381086.055
32 50 1305231.41
32 51 6928558.281
32 52 3665748.631
32 53 6493296.272
32 54 1812496.61
32 55 2937908.797
32 56 4870249.878
32 57 4909979.976
32 58 5907276.057
32 59 2828124.633
32 60 8289354.939
32 61 5251452.76
32 62 7898869.955
32 63 9172698.998
32 64 6110587.112
32 65 5490606.635
32 66 2294141.98
32 67 3715599.804
32 68 3333288.317
32 69 2677997.336
32 70 5035757.141
32 71 2172337.624
32 72 2531611.814
32 73 5956714.322
32 74 1625594.771
32 75 4242627.939
32 76 4700746.334
32 77 1339664.711
32 78 2394773.274
32 79 4390361.36
32 80 3308420.055
32 81 6354814.999
32 82 5796141.178
32 83 1991060.548
32 84 4835518.28
32 85 7030503.603
32 86 4187880.232
32 87 5867387.636
32 88 1438366.157
32 89 2953725.692
32 90 2884975.351
32 91 2758572.962
32 92 3301624.319
32 93 8242029.937
32 94 5728686.931
32 95 4768327.95
32 96 4433638.508
32 97 3681525.891
32 98 2731523.253
32 99 3185057.437
33 34 2313614.223
33 35 6474255.728
33 36 5393674.362
33 37 6614483.129
33 38 6252698.831
33 39 293370.5798
33 40 1535703.128
33 41 3819595.62
33 42 5980263.194
33 43 2334854.875
33 44 5722616.47
33 45 3039298.56
33 46 5823658.235
33 47 2158501.724
33 48 4388384.202
33 49 8492808.52
33 50 6437825.221
33 51 3555935.852
33 52 1612315.366
33 53 6548963.731
33 54 6252652.797
33 55 2367890.393
33 56 2178886.377
33 57 1264703.936
33 58 4862166.426
33 59 2878243.151
33 60 3525085.454
33 61 197077.0665
33 62 3379527.639
33 63 4055541.917
33 64 2043578.134
33 65 306701.335
33 66 5738523.625
33 67 2224781.889
33 68 2739095.516
33 69 6709968.773
33 70 6514139.334
33 71 6520691.794
33 72 7367806.825
33 73 3914304.718
33 74 6759481.23
33 75 1647786.647
33 76 4694209.021
33 77 6221222.064
33 78 6356540.556
33 79 4580993.386
33 80 8276810.986
33 81 1910265.222
33 82 5048210.076
33 83 5359448.635
33 84 6263988.008
33 85 2023131.085
33 86 1181847.574
33 87 4821807.65
33 88 5607854.795
33 89 3050966.466
33 90 3836404.486
33 91 5520681.995
33 92 4661385.055
33 93 3814334.86
33 94 1353232.453
33 95 3781215.768
33 96 819189.218
33 97 6521999.062
33 98 7854047.522
33 99 8166126.647
34 35 8232777.427
34 36 4387738.072
34 37 6046675.924
34 38 6243329.448
34 39 2366243.819
34 40 3818430.027
34 41 5525335.215
34 42 4051785.502
34 43 4539267.729
34 44 7336338.108
34 45 5349963.718
34 46 5837471.618
34 47 4410050.867
34 48 3558054.661
34 49 9404161.707
34 50 7503320.274
34 51 1319427.826
34 52 2950276.068
34 53 8861745.554
34 54 7864346.954
34 55 3545909.169
34 56 1639242.236
34 57 3577375.129
34 58 3438091.861
34 59 3620337.561
34 60 1963629.896
34 61 2116869.805
34 62 1483250.34
34 63 4369190.13
34 64 4102350.042
34 65 2221118.598
34 66 6136423.136
34 67 4392239.19
34 68 4848469.318
34 69 7123960.7
34 70 5831379.003
34 71 8180133.599
34 72 8107690.703
34 73 2295019.996
34 74 8049194.529
34 75 2198794.987
34 76 6978070.051
34 77 7666691.122
34 78 8116387.546
34 79 6843385.831
34 80 9042144.72
34 81 3799596.293
34 82 7361482.706
34 83 5856301.751
34 84 8485574.232
34 85 1489497.773
34 86 3317032.709
34 87 7131807.939
34 88 7236013.759
34 89 5077489.991
34 90 5889735.625
34 91 7477929.239
34 92 6777372.867
34 93 1818127.551
34 94 3468933.36
34 95 6087343.788
34 96 2942050.211
34 97 6446538.432
34 98 8813488.913
34 99 8950394.79
35 36 7728183.423
35 37 7262837.986
35 38 5791530.523
35 39 6240638.024
35 40 5234836.977
35 41 2712199.4
35 42 9977414.574
35 43 6153496.085
35 44 1041256.7
35 45 5117779.077
35 46 5642919.127
35 47 4671390.965
35 48 7112268.209
35 49 4009219.39
35 50 2751584.254
35 51 8973313.631
35 52 5285406.539
35 53 4984889.178
35 54 726852.8657
35 55 4725092.724
35 56 6850390.761
35 57 5734984.572
35 58 8295169.19
35 59 4906362.941
35 60 9917074.145
35 61 6602715.761
35 62 9634402.927
35 63 10071317.7
35 64 6660753.984
35 65 6759614.24
35 66 4680114.684
35 67 4405757.006
35 68 3873266.759
35 69 4785133.891
35 70 7488304.301
35 71 464202.3522
35 72 4012751.652
35 73 8205696.666
35 74 1991533.835
35 75 6061443.269
35 76 3808505.176
35 77 1399258.686
35 78 117860.8685
35 79 3548525.622
35 80 4341209.272
35 81 7026459.296
35 82 4862829.705
35 83 4431409.977
35 84 3072035.585
35 85 8484781.131
35 86 5305928.349
35 87 5060843.767
35 88 1094602.427
35 89 3489959.871
35 90 2843454.43
35 91 1311936.932
35 92 2479976.732
35 93 10025543.27
35 94 6522001.706
35 95 4385134.455
35 96 5655150.134
35 97 6032957.421
35 98 3512841.854
35 99 4224287.354
36 37 1845513.186
36 38 2806574.754
36 39 5187668.879
36 40 6150869.388
36 41 5703443.666
36 42 2593560.74
36 43 7540615.018
36 44 6688607.17
36 45 7744901.843
36 46 2594422.422
36 47 6410130.872
36 48 1012733.185
36 49 6853198.701
36 50 5639167.964
36 51 3737011.631
36 52 4362257.887
36 53 10640231.44
36 54 7079809.803
36 55 4116317.445
36 56 3268058.854
36 57 6285373.442
36 58 1215925.447
36 59 3465480.362
36 60 6121796.249
36 61 5267329.412
36 62 5506090.981
36 63 8719995.614
36 64 7398946.481
36 65 5559147.689
36 66 3468709.902
36 67 6125235.986
36 68 6245598.519
36 69 4150103.717
36 70 1544475.566
36 71 7439395.757
36 72 5476130.316
36 73 2221933.143
36 74 6505738.062
36 75 3800884.837
36 76 8575249.603
36 77 6552226.928
36 78 7639227.173
36 79 8315133.997
36 80 6284732.189
36 81 7303896.903
36 82 9413525.675
36 83 3501446.337
36 84 9477707.276
36 85 5825287.911
36 86 5492343.416
36 87 9313140.657
36 88 6649011.344
36 89 6171875.177
36 90 6776845.453
36 91 7674002.4
36 92 7627981.254
36 93 5585546.308
36 94 6718006.773
36 95 8049179.63
36 96 5334018.136
36 97 2840225.137
36 98 6449860.989
36 99 6241315.177
37 38 1532040.676
37 39 6364725.739
37 40 7029417.286
37 41 5816909.067
37 42 4247318.14
37 43 8517155.191
37 44 6272753.875
37 45 8478405.633
37 46 1620193.73
37 47 7136656.594
37 48 2489056.619
37 49 5504169.206
37 50 4764312.102
37 51 5542749.204
37 52 5279622.862
37 53 10938860.33
37 54 6553423.735
37 55 4794421.279
37 56 4689726.548
37 57 7275404.024
37 58 3060723.462
37 59 4087718.791
37 60 7875686.895
37 61 6526210.481
37 62 7272119.8
37 63 10268870.62
37 64 8494368.99
37 65 6833310.979
37 66 2591828.798
37 67 6793258.355
37 68 6769194.325
37 69 2872006.08
37 70 359916.0148
37 71 6895107.758
37 72 4207509.364
37 73 4023766.12
37 74 5681291.406
37 75 4966967.383
37 76 8928131.584
37 77 5931976.068
37 78 7194864.854
37 79 8638308.192
37 80 4876965.411
37 81 8482153.165
37 82 9892416.293
37 83 2839211.326
37 84 9516486.044
37 85 7409101.621
37 86 6416062.051
37 87 9850527.321
37 88 6266576.083
37 89 6588109.788
37 90 7023464.774
37 91 7524011.404
37 92 7760859.793
37 93 7383849.546
37 94 7848216.393
37 95 8589940.603
37 96 6355409.882
37 97 1385348.087
37 98 5222626.642
37 99 4860435.302
38 39 5973843.536
38 40 6335317.422
38 41 4640825.263
38 42 5396984.616
38 43 7849937.881
38 44 4829942.94
38 45 7615912.332
38 46 429612.8193
38 47 6316063.08
38 48 2946296.746
38 49 4082678.522
38 50 3235706.648
38 51 6057150.26
38 52 4730923.373
38 53 9744312.657
38 54 5073089.877
38 55 4094798.713
38 56 4682043.925
38 57 6665426.394
38 58 3922927.981
38 59 3434115.197
38 60 8182861.892
38 61 6207690.863
38 62 7623416.485
38 63 10170457.02
38 64 7934282.6
38 65 6514522.201
38 66 1121365.791
38 67 5943439.236
38 68 5815028.698
38 69 1385482.014
38 70 1829442.004
38 71 5406741.211
38 72 2734787.246
38 73 4612598.793
38 74 4153376.217
38 75 4672713.255
38 76 7796671.819
38 77 4435265.486
38 78 5730250.208
38 79 7495232.047
38 80 3491117.053
38 81 8001359.273
38 82 8820402.509
38 83 1456510.193
38 84 8207690.354
38 85 7435541.57
38 86 5791648.421
38 87 8817179.387
38 88 4835550.986
38 89 5568020.887
38 90 5878312.19
38 91 6161185.395
38 92 6530020.088
38 93 7816996.674
38 94 7342878.629
38 95 7586315.198
38 96 5819984.988
38 97 301318.9066
38 98 3741154.619
38 99 3455564.894
39 40 1453464.829
39 41 3568603.282
39 42 5886273.389
39 43 2442013.567
39 44 5469558.694
39 45 3038413.639
39 46 5545199.973
39 47 2047417.68
39 48 4178005.556
39 49 8203527.469
39 50 6150969.851
39 51 3557245.713
39 52 1318998.923
39 53 6511728.07
39 54 6000888.553
39 55 2074665.602
39 56 2020926.218
39 57 1278057.395
39 58 4706759.817
39 59 2588945.327
39 60 3713574.642
39 61 363530.7519
39 62 3526933.387
39 63 4348815.512
39 64 2215808.724
39 65 595320.0475
39 66 5448262.107
39 67 2066265.49
39 68 2562122.253
39 69 6418328.152
39 70 6273030.601
39 71 6274827.36
39 72 7075013.852
39 73 3799932.863
39 74 6483309.539
39 75 1407192.906
39 76 4611940.673
39 77 5954363.688
39 78 6122804.547
39 79 4481386.918
39 80 7984657.822
39 81 2128748.541
39 82 5028118.67
39 83 5067934.791
39 84 6142338.751
39 85 2244217.267
39 86 993137.2955
39 87 4815974.37
39 88 5355966.194
39 89 2851808.096
39 90 3649258.528
39 91 5317551.439
39 92 4495850.499
39 93 3954731.932
39 94 1530853.038
39 95 3728069.925
39 96 611755.2893
39 97 6245149.822
39 98 7565532.431
39 99 7874184.787
40 41 2783782.781
40 42 7200681.611
40 43 1514625.69
40 44 4625852.012
40 45 1658976.844
40 46 5925455.244
40 47 637542.9649
40 48 5147304.627
40 49 7812927.894
40 50 5736679.826
40 51 5000207.057
40 52 1792819.073
40 53 5064776.956
40 54 5134342.412
40 55 2255694.458
40 56 3271292.057
40 57 504953.6985
40 58 5877752.607
40 59 2953202.181
40 60 5016213.794
40 61 1724192.713
40 62 4908600.494
40 63 4868320.245
40 64 1694641.674
40 65 1734004.586
40 66 5583963.561
40 67 829159.6041
40 68 1363425.084
40 69 6470387.564
40 70 7005702.814
40 71 5355557.389
40 72 6857875.307
40 73 5093932.597
40 74 5869785.231
40 75 2444333.839
40 76 3163008.683
40 77 5235640.427
40 78 5119504.85
40 79 3045290.565
40 80 7708782.732
40 81 1924776.864
40 82 3597230.769
40 83 5169801.723
40 84 4733519.434
40 85 3478497.349
40 86 664799.816
40 87 3403348.143
40 88 4504881.282
40 89 1747494.491
40 90 2446451.145
40 91 4155097.26
40 92 3195273.02
40 93 5345767.109
40 94 1323319.061
40 95 2276999.477
40 96 936582.7944
40 97 6628950.212
40 98 7163289.91
40 99 7588939.785
41 42 7634447.545
41 43 4044651.108
41 44 1903274.69
41 45 3345856.946
41 46 4322382.913
41 47 2364393.675
41 48 4895297.184
41 49 5098134.159
41 50 3052139.392
41 51 6320642.915
41 52 2575495.891
41 53 5125872.179
41 54 2433099.91
41 55 2067368.302
41 56 4199378.179
41 57 3283217.889
41 58 5999885.893
41 59 2409539.285
41 60 7212337.98
41 61 3932126.895
41 62 6922270.962
41 63 7633123.718
41 64 4414902.143
41 65 4115842.766
41 66 3612252.013
41 67 2004203.512
41 68 1574244.185
41 69 4266294.667
41 70 5934227.375
41 71 2708723.495
41 72 4301419.695
41 73 5706189.954
41 74 3089590.014
41 75 3372504.124
41 76 3156247.482
41 77 2455986.271
41 78 2595063.103
41 79 2854417.319
41 80 5073547.527
41 81 4698789.084
41 82 4197453.702
41 83 3211461.948
41 84 3778210.15
41 85 5804778.587
41 86 2689910.984
41 87 4222479.82
41 88 1788262.348
41 89 1184316.355
41 90 1239576.419
41 91 2083306.168
41 92 1954280.584
41 93 7313773.629
41 94 4106259.493
41 95 3052145.985
41 96 3008552.828
41 97 4937642.822
41 98 4451530.684
41 99 4949153.734
42 43 8314181.569
42 44 8941325.367
42 45 8858451.287
42 46 5184789.931
42 47 7640707.528
42 48 2883634.107
42 49 9443898.941
42 50 8137849.604
42 51 2817691.868
42 52 5607726.96
42 53 12142120.01
42 54 9384082.283
42 55 5697623.573
42 56 3929822.966
42 57 7153773.115
42 58 1686236.996
42 59 5226326.375
42 60 5096133.107
42 61 5800229.506
42 62 4490880.607
42 63 8221907.883
42 64 7986704.844
42 65 6017876.215
42 66 6025510.771
42 67 7456909.365
42 68 7735475.901
42 69 6742907.096
42 70 3893258.109
42 71 9743636.964
42 72 8063597.897
42 73 2107213.795
42 74 8967939.062
42 75 4792821.829
42 76 10100562.24
42 77 8921918.335
42 78 9877964.39
42 79 9885242.322
42 80 8878283.559
42 81 7750898.677
42 82 10756130.19
42 83 6007665.886
42 84 11281946.63
42 85 5487902.871
42 86 6554874.226
42 87 10589490.38
42 88 8882857.844
42 89 7783904.406
42 90 8512890.217
42 91 9705529.702
42 92 9421745.813
42 93 4361511.133
42 94 7307530.553
42 95 9388206.695
42 96 6271124.987
42 97 5413162.863
42 98 9027372.897
42 99 8834426.091
43 44 5732180.991
43 45 1201334.268
43 46 7439735.221
43 47 1691625.072
43 48 6528584.31
43 49 9142002.988
43 50 7084477.818
43 51 5835930.939
43 52 3242731.892
43 53 4584078.586
43 54 6199684.893
43 55 3766134.151
43 56 4459573.559
43 57 1257189.486
43 58 7140483.19
43 59 4457927.257
43 60 5197600.653
43 61 2519016.059
43 62 5273224.994
43 63 4061259.798
43 64 626122.875
43 65 2335341.301
43 66 7087393.237
43 67 2074271.157
43 68 2473751.218
43 69 7957265.3
43 70 8478647.777
43 71 6362273.879
43 72 8270437.57
43 73 6238775.958
43 74 7105646.142
43 75 3749585.186
43 76 3127338.551
43 77 6417496.25
43 78 6045960.541
43 79 3158524.808
43 80 9090592.025
43 81 1079147.877
43 82 3057814.862
43 83 6671286.32
43 84 4856837.581
43 85 3692403.603
43 86 2101120.977
43 87 2771155.936
43 88 5610311.929
43 89 2876525.675
43 90 3326359.79
43 91 4923512.816
43 92 3791266.195
43 93 5713417.654
43 94 1077455.866
43 95 2138436.43
43 96 2207246.695
43 97 8143465.868
43 98 8494525.114
43 99 8968061.275
44 45 4822314.891
44 46 4653646.074
44 47 4127596.69
44 48 6072898.299
44 49 3697189.792
44 50 2011551.741
44 51 8012848.2
44 52 4412507.272
44 53 5410885.252
44 54 533137.5584
44 55 3796736.738
44 56 5897534.414
44 57 5130636.332
44 58 7257872.258
44 59 3914565.739
44 60 9084776.674
44 61 5832957.354
44 62 8766690.78
44 63 9493974.347
44 64 6177971.503
44 65 6019117.456
44 66 3710004.213
44 67 3809435.089
44 68 3307336.886
44 69 3927898.125
44 70 6485662.398
44 71 848872.4685
44 72 3363971.887
44 73 7193255.017
44 74 1527538.489
44 75 5144664.315
44 76 3882843.113
44 77 771983.6396
44 78 950710.7791
44 79 3585978.573
44 80 3880909.425
44 81 6503156.132
44 82 4990287.631
44 83 3433804.46
44 84 3605229.62
44 85 7700476.407
44 86 4588832.047
44 87 5131050.337
44 88 122132.6664
44 89 2900944.574
44 90 2440013.459
44 91 1522610.104
44 92 2435704.895
44 93 9144579.758
44 94 5944988.359
44 95 4235086.566
44 96 4911713.181
44 97 5084462.259
44 98 3105695.321
44 99 3756063.439
45 46 7230708.411
45 47 1347461.468
45 48 6753042.009
45 49 8385851.665
45 50 6380660.076
45 51 6588876.775
45 52 3391824.204
45 53 3536891.309
45 54 5249826.221
45 55 3698966.239
45 56 4929763.886
45 57 1774984.826
45 58 7527639.079
45 59 4403090.779
45 60 6258225.119
45 61 3236363.539
45 62 6265949.533
45 63 5253943.452
45 64 1821083.733
45 65 3144532.747
45 66 6732450.019
45 67 1686990.827
45 68 1839069.688
45 69 7516734.961
45 70 8490781.996
45 71 5371824.71
45 72 7647267.219
45 73 6752142.544
45 74 6275511.926
45 75 4098520.463
45 76 1928831.104
45 77 5551668.455
45 78 5016216.457
45 79 1959103.309
45 80 8407265.757
45 81 2269262.975
45 82 2017065.109
45 83 6313026.886
45 84 3656511.36
45 85 4720154.169
45 86 2315569.27
45 87 1782513.097
45 88 4703049.002
45 89 2176267.654
45 90 2383502.193
45 91 3843552.487
45 92 2679367.03
45 93 6709037.713
45 94 2088995.998
45 95 937280.4514
45 96 2588218.58
45 97 7916312.246
45 98 7748282.038
45 99 8281977.229
46 47 5921813.66
46 48 2613112.605
46 49 4259247.823
46 50 3198864.694
46 51 5691886.277
46 52 4306458.887
46 53 9442311.237
46 54 4934881.209
46 55 3679234.41
46 56 4264891.401
46 57 6248450.071
46 58 3650580.765
46 59 3012053.451
46 60 7783148.022
46 61 5778161.497
46 62 7229905.1
46 63 9742340.881
46 64 7515107.381
46 65 6085050.662
46 66 986579.5903
46 67 5552666.25
46 68 5442364.785
46 69 1561034.913
46 70 1858098.484
46 71 5278265.247
46 72 2882127.281
46 73 4271519.491
46 74 4108255.013
46 75 4243420.031
46 76 7472032.42
46 77 4319280.723
46 78 5574680.019
46 79 7173607.74
46 80 3700203.991
46 81 7577440.94
46 82 8480703.481
46 83 1222275.552
46 84 7950026.803
46 85 7014257.54
46 86 5374336.01
46 87 8467839.309
46 88 4649221.582
46 89 5208832.881
46 90 5553854.377
46 91 5929450.846
46 92 6236763.05
46 93 7433106.495
46 94 6919702.582
46 95 7228189.427
46 96 5396682.432
46 97 706613.8428
46 98 3863659.303
46 99 3652006.585
47 48 5425251.287
47 49 7456037.002
47 50 5394405.767
47 51 5554856.445
47 52 2080197.074
47 53 4534379.688
47 54 4620830.692
47 55 2351805.557
47 56 3721888.576
47 57 1091808.245
47 58 6244544.028
47 59 3056648.392
47 60 5652919.032
47 61 2342021.994
47 62 5537118.226
47 63 5401075.689
47 64 2058540.861
47 65 2368593.331
47 66 5479867.058
47 67 389247.4468
47 68 820303.8103
47 69 6313721.776
47 70 7144738.942
47 71 4820726.511
47 72 6581512.84
47 73 5536378.877
47 74 5444750.254
47 75 2848456.023
47 76 2573274.054
47 77 4777505.428
47 78 4557765.406
47 79 2434063.372
47 80 7398968.891
47 81 2376600.773
47 82 3115422.744
47 83 5060542.062
47 84 4105502.326
47 85 4116006.048
47 86 1120781.396
47 87 2958197.626
47 88 4005592.361
47 89 1227690.31
47 90 1847477.783
47 91 3550516.391
47 92 2562619.664
47 93 5972711.971
47 94 1851105.135
47 95 1751917.754
47 96 1475302.979
47 97 6614923.15
47 98 6807757.327
47 99 7276460.509
48 49 6763539.829
48 50 5292927.323
48 51 3139583.877
48 52 3363684.001
48 53 9721581.728
48 54 6506112.992
48 55 3169801.985
48 56 2291530.03
48 57 5273852.464
48 58 1199584.461
48 59 2557976.864
48 60 5401092.964
48 61 4266455.264
48 62 4806612.758
48 63 7820159.634
48 64 6387509.737
48 65 4561528.907
48 66 3283318.106
48 67 5152579.234
48 68 5302808.254
48 69 4134108.129
48 70 2280091.715
48 71 6866171.517
48 72 5376988.76
48 73 1666803.813
48 74 6100050.357
48 75 2788330.44
48 76 7654297.503
48 77 6038291.302
48 78 7015444.86
48 79 7403723.354
48 80 6254470.789
48 81 6297926.057
48 82 8459109.729
48 83 3193630.26
48 84 8641059.242
48 85 4940379.017
48 86 4486764.25
48 87 8347569.836
48 88 6019114.059
48 89 5257496.283
48 90 5903378.647
48 91 6925524.011
48 92 6779240.966
48 93 4948797.376
48 94 5707650.121
48 95 7088703.233
48 96 4322445.811
48 97 3078649.13
48 98 6287404.595
48 99 6192435.814
49 50 2078365.124
49 51 9615147.355
49 52 6913157.097
49 53 8982304.932
49 54 3453393.29
49 55 6154612.952
49 56 7770076.752
49 57 8290642.647
49 58 7880802.454
49 59 5834574.42
49 60 11347249.94
49 61 8539320.642
49 62 10883548.56
49 63 12522364.61
49 64 9487866.484
49 65 8798373.279
49 66 3481467.17
49 67 7084517.183
49 68 6672013.63
49 69 2706209.365
49 70 5845260.161
49 71 3556666.781
49 72 1387765.982
49 73 8345824.319
49 74 2169652.555
49 75 7335544.123
49 76 7578944.3
49 77 2925206.966
49 78 4037326.62
49 79 7283084.102
49 80 662846.7702
49 81 9735895.863
49 82 8684291.793
49 83 3634126.633
49 84 7080268.484
49 85 10227108.47
49 86 7553338.41
49 87 8828229.738
49 88 3800440.564
49 89 6276315.429
49 90 6031461.885
49 91 5139604.958
49 92 6132894.367
49 93 11173072.38
49 94 9108229.778
49 95 7894363.711
49 96 7777416.737
49 97 4138334.859
49 98 649655.5221
49 99 648796.1014
50 51 7862229.168
50 52 4878807.199
50 53 7413448.365
50 54 2033845.208
50 55 4127911.46
50 56 5895019.18
50 57 6212744.299
50 58 6480380.301
50 59 3886473.436
50 60 9414808.3
50 61 6492990.442
50 62 8986259.258
50 63 10453231.06
50 64 7415758.938
50 65 6744222.092
50 66 2219204.937
50 67 5018555.376
50 68 4623980.203
50 69 2064024.581
50 70 5041223.224
50 71 2310938.829
50 72 1363025.712
50 73 6732749.603
50 74 917822.8799
50 75 5368400.504
50 76 5780441.081
50 77 1357735.725
50 78 2721721.727
50 79 5473418.625
50 80 2026836.414
50 81 7658650.127
50 82 6890652.376
50 83 2138832.317
50 84 5615472.966
50 85 8224655.705
50 86 5477384.227
50 87 6995516.855
50 88 2077892.468
50 89 4236278.839
50 90 4077753.863
50 91 3532439.657
50 92 4336061.147
50 93 9304001.188
50 94 7029922.68
50 95 5965782.12
50 96 5708449.226
50 97 3432722.091
50 98 1429696.43
50 99 1901379.595
51 52 3824056.218
51 53 10064937.85
51 54 8524851.468
51 55 4257808.468
51 56 2124301.447
51 57 4815293.769
51 58 2599394.115
51 59 4118742.702
51 60 2438435.853
51 61 3359891.061
51 62 1811417.094
51 63 5420820.679
51 64 5416038.596
51 65 3503299.67
51 66 6190239.914
51 67 5482103.255
51 68 5889996.336
51 69 7131989.41
51 70 5271226.633
51 71 8861320.022
51 72 8259766.086
51 73 1519600.734
51 74 8516932.048
51 75 2968252.762
51 76 8125734.13
51 77 8235881.384
51 78 8860240.962
51 79 7966424.207
51 80 9178871.633
51 81 5118792.812
51 82 8585323.604
51 83 5984484.924
51 84 9553907.206
51 85 2678774.479
51 86 4436626.208
51 87 8369980.233
51 88 7923921.361
51 89 6064092.606
51 90 6867979.871
51 91 8359468.023
51 92 7778863.025
51 93 1848830.243
51 94 4772883.229
51 95 7276597.842
51 96 4082205.12
51 97 6209731.249
51 98 9068337.464
51 99 9100636.504
52 53 6534985.695
52 54 4944326.198
52 55 761107.577
52 56 1769143.677
52 57 1995837.608
52 58 4167559.692
52 59 1301678.873
52 60 4679211.52
52 61 1633160.419
52 62 4356018.833
52 63 5666740.411
52 64 3229600.627
52 65 1909706.49
52 66 4143549.91
52 67 1854585.557
52 68 2142957.535
52 69 5106023.462
52 70 5235931.838
52 71 5249236.528
52 72 5761905.054
52 73 3521554.784
52 74 5276888.844
52 75 868450.1484
52 76 4495037.494
52 77 4808093.192
52 78 5168678.063
52 79 4288427.83
52 80 6675912.258
52 81 3271109.239
52 82 5174949.23
52 83 3756888.539
52 84 5778164.021
52 85 3365346.972
52 86 1146401.279
52 87 5033621.304
52 88 4307751.589
52 89 2257529.409
52 90 3050898.953
52 91 4552568.215
52 92 3967024.637
52 93 4741150.383
52 94 2614722.873
52 95 3799731.765
52 96 1092877.075
52 97 5012214.898
52 98 6280515.586
52 99 6566911.76
53 54 5542176.22
53 55 6555379.473
53 56 8246624.903
53 57 5289174.928
53 58 10669229.96
53 59 7176218.233
53 60 9770246.579
53 61 6745320.697
53 62 9800212.902
53 63 8285211.769
53 64 5190546.296
53 65 6674779.238
53 66 8674746.234
53 67 4686424.947
53 68 4432531.561
53 69 9171238.417
53 70 11042986.67
53 71 5428246.576
53 72 8772710.368
53 73 10047946.53
53 74 6870739.954
53 75 7358131.608
53 76 2067284.499
53 77 6144621.439
53 78 4947994.922
53 79 2326940.21
53 80 9258955.793
53 81 5637085.597
53 82 1530193.143
53 83 8294618.373
53 84 1932031.208
53 85 8243492.952
53 86 5652339.873
53 87 1814822.609
53 88 5336906.455
53 89 4468647.31
53 90 3919062.739
53 91 3890684.38
53 92 3218136.528
53 93 10243227.14
53 94 5599084.622
53 95 2790160.58
53 96 5989417.811
53 97 10036559.6
53 98 8450231.374
53 99 9136693.069
54 55 4321991.177
54 56 6413806.429
54 57 5639288.9
54 58 7698230.022
54 59 4416706.124
54 60 9617619.278
54 61 6364349.493
54 62 9297571.342
54 63 10002164.82
54 64 6662187.234
54 65 6548359.961
54 66 3965804.42
54 67 4313046.115
54 68 3802068.625
54 69 4058921.864
54 70 6785713.453
54 71 360491.636
54 72 3323221.528
54 73 7674538.081
54 74 1334647.672
54 75 5670624.396
54 76 4167547.347
54 77 676575.0328
54 78 688064.8712
54 79 3883087.804
54 80 3720493.471
54 81 6997365.301
54 82 5260221.161
54 83 3730504.881
54 84 3668385.855
54 85 8233022.878
54 86 5114422.912
54 87 5425895.034
54 88 644932.3428
54 89 3398593.197
54 90 2882374.064
54 91 1688501.492
54 92 2748471.044
54 93 9674055.01
54 94 6449699.901
54 95 4610062.504
54 96 5440489.915
54 97 5311275.41
54 98 2908055.196
54 99 3599539.289
55 56 2134134.004
55 57 2570927.74
55 58 4137938.305
55 59 706917.4972
55 60 5360390.866
55 61 2394099.285
55 62 4996400.761
55 63 6423426.101
55 64 3842777.188
55 65 2667894.912
55 66 3429240.545
55 67 2030461.977
55 68 2133360.01
55 69 4375620.511
55 70 4793903.481
55 71 4643631.87
55 72 5001701.382
55 73 3689460.186
55 74 4559032.332
55 75 1348848.719
55 76 4488609.518
55 77 4129075.359
55 78 4610703.775
55 79 4245022.664
55 80 5914885.147
55 81 3936156.196
55 82 5297320.664
55 83 3032174.011
55 84 5584392.436
55 85 4100329.913
55 86 1697835.932
55 87 5199604.093
55 88 3699656.048
55 89 2105724.489
55 90 2815277.819
55 91 4133087.036
55 92 3726070.958
55 93 5360779.371
55 94 3273707.314
55 95 3933801.649
55 96 1766259.733
55 97 4384945.434
55 98 5523721.61
55 99 5805811.085
56 57 3251772.119
56 58 2686813.879
56 59 2042151.896
56 60 3599490.029
56 61 2030653.5
56 62 3113762.249
56 63 5583074.446
56 64 4220815.483
56 65 2308787.961
56 66 4505470.619
56 67 3566454.096
56 68 3904167.461
56 69 5496699.925
56 70 4530698.57
56 71 6746401.198
56 72 6468692.324
56 73 1822742.292
56 74 6482577.98
56 75 903466.6089
56 76 6231793.005
56 77 6152667.547
56 78 6737015.085
56 79 6038778.979
56 80 7403043.869
56 81 4075495.266
56 82 6834709.862
56 83 4218375.555
56 84 7547303.823
56 85 2762958.568
56 86 2625874.574
56 87 6661775.701
56 88 5806403.099
56 89 4025414.978
56 90 4812415.791
56 91 6250095.579
56 92 5730605.803
56 93 3411470.868
56 94 3530627.253
56 95 5473473.467
56 96 2345149.669
56 97 4905655.537
56 98 7184668.462
56 99 7311618.831
57 58 5915921.985
57 59 3243843.443
57 60 4626536.618
57 61 1461776.138
57 62 4563920.91
57 63 4363424.64
57 64 1277489.097
57 65 1392551.486
57 66 5964022.002
57 67 1331386.47
57 68 1861775.293
57 69 6872665.922
57 70 7229243.355
57 71 5859683.775
57 72 7309938.336
57 73 5058034.243
57 74 6365682.507
57 75 2502258.662
57 76 3480437.937
57 77 5737084.731
57 78 5619967.76
57 79 3396689.154
57 80 8171537.407
57 81 1448484.318
57 82 3784133.764
57 83 5554634.737
57 84 5110329.792
57 85 3079368.271
57 86 874198.4122
57 87 3557445.53
57 88 5009708.57
57 89 2250494.785
57 90 2932608.274
57 91 4639289.277
57 92 3648294.625
57 93 5005267.986
57 94 823972.391
57 95 2537809.269
57 96 951407.2612
57 97 6954660.988
57 98 7641251.014
57 99 8052762.525
58 59 3606463.661
58 60 5026865.447
58 61 4706395.562
58 62 4402359.727
58 63 7807141.706
58 64 6905611.512
58 65 4970638.927
58 66 4418480.959
58 67 6016522.844
58 68 6237449.27
58 69 5207063.574
58 70 2751578.993
58 71 8057896.295
58 72 6493463.491
58 73 1148584.853
58 74 7296373.301
58 75 3434264.309
58 76 8608545.356
58 77 7236930.042
58 78 8196580.197
58 79 8375345.08
58 80 7344583.133
58 81 6743321.738
58 82 9340549.645
58 83 4364434.905
58 84 9699344.274
58 85 4921263.569
58 86 5214659.564
58 87 9200884.234
58 88 7200854.624
58 89 6243153.669
58 90 6937833.804
58 91 8057195.794
58 92 7834454.764
58 93 4440958.99
58 94 6215237.608
58 95 7964678.808
58 96 4982926.572
58 97 3994901.262
58 98 7430479.775
58 99 7290734.294
59 60 5530249.141
59 61 2866191.229
59 62 5102052.684
59 63 6905072.408
59 64 4504807.36
59 65 3161882.976
59 66 2861036.233
59 67 2728129.621
59 68 2788727.609
59 69 3838501.297
59 70 4088120.369
59 71 4759555.15
59 72 4601637.794
59 73 3317610.738
59 74 4442048.509
59 75 1501927.21
59 76 5110313.74
59 77 4119027.818
59 78 4797213.487
59 79 4853034.176
59 80 5531549.724
59 81 4568126.128
59 82 5960533.748
59 83 2488561.426
59 84 6097660.239
59 85 4406330.697
59 86 2370342.142
59 87 5875465.134
59 88 3832578.421
59 89 2707618.908
59 90 3347621.173
59 91 4487923.698
59 92 4232927.396
59 93 5429329.615
59 94 3908945.132
59 95 4607193.192
59 96 2386333.572
59 97 3718602.805
59 98 5224978.923
59 99 5429802.979
60 61 3364685.751
60 62 627153.6197
60 63 3257254.651
60 64 4618028.659
60 65 3286689.798
60 66 8100052.484
60 67 5748834.814
60 68 6263709.873
60 69 9087307.581
60 70 7629808.529
60 71 9914043.938
60 72 10063032.3
60 73 3907391.779
60 74 9914349.754
60 75 4051814.704
60 76 8094977.664
60 77 9482163.168
60 78 9799335.37
60 79 8022708.982
60 80 10997887.73
60 81 4196529.357
60 82 8240098.279
60 83 7817865.541
60 84 9735887.931
60 85 1548243.105
60 86 4699250.809
60 87 7963861.357
60 88 8977349.104
60 89 6565080.968
60 90 7358677.675
60 91 9030821.955
60 92 8184821.99
60 93 789662.277
60 94 4173752.163
60 95 7125758.927
60 96 4322659.927
60 97 8375506.763
60 98 10748533.95
60 99 10904537.74
61 62 3201149.404
61 63 4042723.099
61 64 2205533.577
61 65 309017.489
61 66 5726297.481
61 67 2393593.983
61 68 2900853.646
61 69 6704285.445
61 70 6416685.476
61 71 6638302.403
61 72 7394813.128
61 73 3742346.511
61 74 6838536.807
61 75 1564088.052
61 76 4885325.775
61 77 6314860.63
61 78 6484896.751
61 79 4768824.791
61 80 8308981.219
61 81 2045283.889
61 82 5245172.106
61 83 5353865.203
61 84 6446973.202
61 85 1882917.068
61 86 1334565.28
61 87 5018870.122
61 88 5719431.892
61 89 3201844.049
61 90 3994052.264
61 91 5670153.199
61 92 4829189.11
61 93 3633853.556
61 94 1516993.07
61 95 3975966.989
61 96 959600.7378
61 97 6472804.186
61 98 7903498.1
61 99 8199770.186
62 63 3787515.793
62 64 4727862.074
62 65 3180501.605
62 66 7586506.856
62 67 5591529.357
62 68 6087876.883
62 69 8567116.905
62 70 7020654.842
62 71 9605106.226
62 72 9579631.436
62 73 3287960.663
62 74 9523819.299
62 75 3659441.346
62 76 8043692.401
62 77 9125042.484
62 78 9517168.686
62 79 7948195.276
62 80 10513292.33
62 81 4333324.01
62 82 8272964.064
62 83 7319593.043
62 84 9641731.677
62 85 1588874.366
62 86 4519776.049
62 87 8010724.946
62 88 8663008.815
62 89 6361877.456
62 90 7167505.496
62 91 8809273.526
62 92 8022684.246
62 93 443088.545
62 94 4213837.614
62 95 7096350.171
62 96 4137595.345
62 97 7807970.288
62 98 10295279.16
62 99 10423194.52
63 64 3470851.116
63 65 3757216.342
63 66 9760320.762
63 67 5689915.125
63 68 6209664.045
63 69 10743202.98
63 70 10094053.15
63 71 10216849.08
63 72 11421758.31
63 73 6662168.709
63 74 10693449.11
63 75 5506470.822
63 76 7156557.823
63 77 10088937.07
63 78 9958158.42
63 79 7212230.467
63 80 12326972.87
63 81 3062914.734
63 82 6855934.409
63 83 9393625.003
63 84 8885324.298
63 85 2896559.812
63 86 4988349.46
63 87 6534790.362
63 88 9373101.727
63 89 6607426.905
63 90 7234364.783
63 91 8909684.328
63 92 7818482.236
63 93 4046810.397
63 94 3554637.943
63 95 6184350.135
63 96 4745170.866
63 97 10419297.81
63 98 11878653.32
63 99 12214970.23
64 65 1969181.701
64 66 7241436.358
64 67 2410944.068
64 68 2875925.084
64 69 8147062.151
64 70 8429605.335
64 71 6844732.643
64 72 8551877.988
64 73 5945611.862
64 74 7501088.566
64 75 3601796.058
64 76 3749569.744
64 77 6835879.936
64 78 6550597.896
64 79 3771976.12
64 80 9398530.153
64 81 453409.1205
64 82 3669208.793
64 83 6831715.927
64 84 5477491.827
64 85 3139599.646
64 86 2145386.087
64 87 3375742.405
64 88 6055843.758
64 89 3284092.321
64 90 3818430.402
64 91 5460293.819
64 92 4351336.652
64 93 5164350.004
64 94 690375.4637
64 95 2758001.668
64 96 2141080.453
64 97 8221679.222
64 98 8838393.696
64 99 9278068.498
65 66 6022890.131
65 67 2468788.593
65 68 2992730.047
65 69 6998031.817
65 70 6721598.502
65 71 6813168.978
65 72 7669183.947
65 73 3981651.458
65 74 7065128.437
65 75 1872839.827
65 76 4865645.257
65 77 6523876.154
65 78 6642016.634
65 79 4767801.751
65 80 8579619.192
65 81 1772683.88
65 82 5161279.229
65 83 5647381.882
65 84 6466033.673
65 85 1762138.946
65 86 1455906.572
65 87 4921816.801
65 88 5903794.965
65 89 3318245.69
65 90 4093644.186
65 91 5786684.404
65 92 4901234.549
65 93 3620066.466
65 94 1291654.027
65 95 3930268.312
65 96 1108381.072
65 97 6780367.213
65 98 8159959.439
65 99 8469284.396
66 67 5095782.148
66 68 4901776.731
66 69 996381.7305
66 70 2843312.819
66 71 4304818.452
66 72 2097308.247
66 73 4872156.349
66 74 3124363.283
66 75 4281813.147
66 76 6761906.536
66 77 3340151.92
66 78 4616165.327
66 79 6456564.808
66 80 2996025.922
66 81 7360953.637
66 82 7809382.661
66 83 419753.0312
66 84 7102138.787
66 85 7166175.614
66 86 5104188.865
66 87 7825908.779
66 88 3714447.847
66 89 4617686.597
66 90 4850944.097
66 91 5045533.432
66 92 5456638.666
66 93 7835819.061
66 94 6698421.358
66 95 6620044.508
66 96 5195334.758
66 97 1388842.493
66 98 3012000.767
66 99 2924912.509
67 68 537761.004
67 69 5925334.745
67 70 6811253.578
67 71 4528936.354
67 72 6196375.674
67 73 5361570.927
67 74 5092296.164
67 75 2672785.859
67 76 2666993.794
67 77 4438313.942
67 78 4290377.095
67 79 2487719.741
67 80 7018414.281
67 81 2702201.478
67 82 3324330.73
67 83 4676255.223
67 84 4093584.357
67 85 4230810.563
67 86 1078956.435
67 87 3196654.269
67 88 3687954.628
67 89 919140.7649
67 90 1634956.29
67 91 3341306.135
67 92 2436608.743
67 93 6020733.384
67 94 2136660.02
67 95 1948390.268
67 96 1460278.614
67 97 6242945.773
67 98 6435625.33
67 99 6896276.84
68 69 5677694.4
68 70 6815544.978
68 71 4007429.515
68 72 5848168.164
68 73 5660938.219
68 74 4635876.724
68 75 3000837.636
68 76 2371686.617
68 77 3960740.525
68 78 3758360.621
68 79 2149866.257
68 80 6641081.869
68 81 3196247.242
68 82 3171809.922
68 83 4483114.396
68 84 3663999.724
68 85 4754386.986
68 86 1569107.263
68 87 3094522.686
68 88 3185347.035
68 89 408170.8592
68 90 1101785.964
68 91 2805064.808
68 92 1936374.087
68 93 6512962.553
68 94 2655182.235
68 95 1826789.587
68 96 1950616.34
68 97 6116267.695
68 98 6025698.998
68 99 6517288.213
69 70 3193541.706
69 71 4359300.546
69 72 1349356.823
69 73 5768054.168
69 74 2959353.232
69 75 5275122.016
69 76 7351424.374
69 77 3387135.349
69 78 4743303.11
69 79 7041668.431
69 80 2139280.801
69 81 8288438.946
69 82 8431913.75
69 83 1350655.987
69 84 7484068.51
69 85 8162403.734
69 86 6025163.744
69 87 8478884.519
69 88 3962845.381
69 89 5358995.379
69 90 5479284.297
69 91 5388561.209
69 92 5974729.418
69 93 8807464.57
69 94 7627131.499
69 95 7317022.562
69 96 6139333.132
69 97 1486877.318
69 98 2358280.246
69 99 2091674.494
70 71 7131713.184
70 72 4536026.847
70 73 3752028.429
70 74 5955636.012
70 75 4867858.002
70 76 9016716.17
70 77 6176179.808
70 78 7416682.702
70 79 8731500.261
70 80 5222504.536
70 81 8398516.306
70 82 9959773.322
70 83 3056899.857
70 84 9664298.81
70 85 7219583.992
70 86 6379505.645
70 87 9906374.046
70 88 6473900.556
70 89 6654099.862
70 90 7123957.274
70 91 7697980.933
70 92 7885777.658
70 93 7117434.178
70 94 7773505.694
70 95 8641232.034
70 96 6297776.9
70 97 1712590.328
70 98 5549742.395
70 99 5203365.27
71 72 3553429.07
71 73 8026817.537
71 74 1528899.699
71 75 5990793.759
71 76 4172358.985
71 77 977174.3159
71 78 480677.3408
71 79 3900134.386
71 80 3878414.103
71 81 7193114.916
71 82 5246221.383
71 83 4078922.946
71 84 3524183.172
71 85 8513286.791
71 86 5369882.949
71 87 5430375.724
71 88 944301.4182
71 89 3610136.598
71 90 3035917.401
71 91 1663198.845
71 92 2793227.545
71 93 9985991.177
71 94 6662212.025
71 95 4685859.552
71 96 5704840.843
71 97 5639936.963
71 98 3051283.622
71 99 3761098.461
72 73 6967584.246
72 74 2029419.652
72 75 6099668.436
72 76 7136419.076
72 77 2663614.163
72 78 4000214.16
72 79 6828436.794
72 80 934940.7763
72 81 8756672.729
72 82 8245397.504
72 83 2276986.747
72 84 6958624.346
72 85 9007597.355
72 86 6518299.316
72 87 8343038.142
72 88 3435806.731
72 89 5477867.848
72 90 5396316.819
72 91 4886579.448
72 92 5695310.843
72 93 9854185.886
72 94 8109588.545
72 95 7285549.589
72 96 6701436.302
72 97 2824041.866
72 98 1015566.719
72 99 844331.3044
73 74 7470400.469
73 75 2691076.149
73 76 8015983.074
73 77 7294521.342
73 78 8099072.742
73 79 7809228.83
73 80 7865653.833
73 81 5743958.87
73 82 8651505.93
73 83 4722830.002
73 84 9254402.213
73 85 3782283.459
73 86 4447704.045
73 87 8482718.223
73 88 7119803.778
73 89 5735607.087
73 90 6489993.651
73 91 7789463.029
73 92 7406672.292
73 93 3365673.015
73 94 5258864.251
73 95 7285754.989
73 96 4165821.826
73 97 4743557.814
73 98 7836497.192
73 99 7796808.318
74 75 5868210.726
74 76 5409787.4
74 77 755554.9248
74 78 1988339.273
74 79 5113477.07
74 80 2388304.012
74 81 7788127.187
74 82 6516134.146
74 83 3008780.359
74 84 5003031.714
74 85 8641682.472
74 86 5710060.145
74 87 6658578.977
74 88 1631494.002
74 89 4230188.367
74 90 3899631.409
74 91 2993640.085
74 92 3963242.12
74 93 9864696.155
74 94 7189635.513
74 95 5740858.795
74 96 5985243.087
74 97 4349720.741
74 98 1587347.17
74 99 2266465.923
75 76 5334427.07
75 77 5468912.69
75 78 5946124.917
75 79 5137760.905
75 80 7031075.171
75 81 3535820.785
75 82 5963698.32
75 83 3938293.854
75 84 6645485.693
75 85 2909183.458
75 86 1783032.474
75 87 5802224.992
75 88 5046555.959
75 89 3125965.466
75 90 3918146.173
75 91 5392772.837
75 92 4834952.347
75 93 4015721.099
75 94 2926795.249
75 95 4595520.482
75 96 1556123.641
75 97 4930232.696
75 98 6723106.224
75 99 6930255.406
76 77 4654484.269
76 78 3731634.099
76 79 310386.0496
76 80 7746222.553
76 81 4198071.126
76 82 1111247.439
76 83 6365569.185
76 84 1730971.773
76 85 6547004.289
76 86 3689116.203
76 87 1259093.582
76 88 3783108.859
76 89 2403543.482
76 90 1918709.366
76 91 2509654.62
76 92 1451036.787
76 93 8484505.888
76 94 3972621.963
76 95 994977.6769
76 96 4048576.725
76 97 8093797.459
76 98 6986759.942
76 99 7620285.078
77 78 1364638.114
77 79 4357940.171
77 80 3122310.263
77 81 7140491.386
77 82 5761315.238
77 83 3134077.945
77 84 4300726.918
77 85 8153794.993
77 86 5129156.46
77 87 5903027.478
77 88 877080.5919
77 89 3552725.944
77 90 3169612.797
77 91 2256731.154
77 92 3207687.419
77 93 9484414.391
77 94 6558940.142
77 95 4994378.235
77 96 5426953.337
77 97 4665126.618
77 98 2336834.704
77 99 2998435.022
78 79 3467647.566
78 80 4353258.998
78 81 6914727.913
78 82 4793309.889
78 83 4360294.172
78 84 3043841.325
78 85 8366941.491
78 86 5188449.983
78 87 4986407.282
78 88 996348.3862
78 89 3374131.2
78 90 2732585.338
78 91 1226961.773
78 92 2387836.488
78 93 9908593.867
78 94 6408105.359
78 95 4291882.454
78 96 5537447.046
78 97 5974755.529
78 98 3528286.891
78 99 4235063.071
79 80 7443426.757
79 81 4213938.453
79 82 1417237.076
79 83 6061518.766
79 84 1726946.422
79 85 6474875.76
79 86 3535721.133
79 87 1546036.627
79 88 3484590.974
79 89 2146374.16
79 90 1620018.916
79 91 2241456.689
79 92 1150674.951
79 93 8387113.735
79 94 3941786.657
79 95 1030357.338
79 96 3903636.176
79 97 7791875.396
79 98 6687633.044
79 99 7317390.967
80 81 9619992.956
80 82 8857124.996
80 83 3203294.903
80 84 7386865.606
80 85 9937879.106
80 86 7397956.296
80 87 8979507.728
80 88 3971907.775
80 89 6257720.04
80 90 6097377.554
80 91 5377520.142
80 92 6295260.551
80 93 10785622.28
80 94 8979075.07
80 95 7981910.837
80 96 7595044.953
80 97 3525148.667
80 98 834513.1827
80 99 126457.3854
81 82 4118436.45
81 83 6957618.274
81 84 5924240.01
81 85 2745347.085
81 86 2263853.585
81 87 3822421.21
81 88 6381238.15
81 89 3602214.229
81 90 4183763.889
81 91 5848382.166
81 92 4757300.849
81 93 4765808.59
81 94 662595.844
81 95 3205009.594
81 96 2181839.414
81 97 8283306.635
81 98 9086336.263
81 99 9501245.484
82 83 7406177.09
82 84 2311576.453
82 85 6713738.662
82 86 4214103.971
82 87 324934.7063
82 88 4891912.072
82 89 3305925.103
82 90 2961257.53
82 91 3585188.765
82 92 2561880.992
82 93 8715872.57
82 94 4069065.244
82 95 1375942.793
82 96 4531866.856
82 97 9119692.397
82 98 8095406.75
82 99 8731225.684
83 84 6752725.159
83 85 6837248.042
83 86 4697897.092
83 87 7418094.466
83 88 3427594.377
83 89 4201861.61
83 90 4451015.486
83 91 4715513.6
83 92 5078040.781
83 93 7584623.471
83 94 6295340.139
83 95 6207359.814
83 96 4798074.635
83 97 1743560.896
83 98 3113792.705
83 99 3120129.052
84 85 8189532.992
84 86 5169251.401
84 87 2610972.987
84 88 3547868.593
84 89 3524895.386
84 90 2769150.798
84 91 2097939.013
84 92 1865003.57
84 93 10077997.51
84 94 5668568.455
84 95 2719514.002
84 96 5547174.759
84 97 8488164.705
84 98 6567556.977
84 99 7266707.482
85 86 3204948.278
85 87 6444212.363
85 88 7588604.902
85 89 5073718.179
85 90 5854696.557
85 91 7543423.928
85 92 6661340.285
85 93 2024813.642
85 94 2645078.927
85 95 5579644.746
85 96 2838494.688
85 97 7665192.858
85 98 9606006.121
85 99 9835869.52
86 87 4036075.108
86 88 4471597.536
86 89 1869364.253
86 90 2659542.577
86 91 4338979.753
86 92 3502909.161
86 93 4946512.304
86 94 1604184.224
86 95 2864729.091
86 96 382482.2628
86 97 6080598.727
86 98 6906353.772
86 99 7281651.481
87 88 5028600.665
87 89 3266326.312
87 90 2999778.166
87 91 3767253.091
87 92 2695359.36
87 93 8453227.67
87 94 3799570.652
87 95 1268606.389
87 96 4339929.242
87 97 9117537.487
87 98 8230175.611
87 99 8853277.747
88 89 2779039.439
88 90 2320249.354
88 91 1455881.492
88 92 2333921.397
88 93 9042599.664
88 94 5823696.135
88 95 4121738.056
88 96 4796077.072
88 97 5093957.48
88 98 3203664.204
88 99 3846664.235
89 90 812254.725
89 91 2469729.813
89 92 1714790.442
89 93 6780548.535
89 94 3053045.696
89 95 2019378.657
89 96 2242637.432
89 97 5869179.463
89 98 5631188.407
89 99 6133392.182
90 91 1708698.126
90 92 919135.4347
90 93 7588123.755
90 94 3695161.669
90 95 1889629.784
90 96 3037919.483
90 97 6175746.569
90 98 5402262.613
90 99 5971100.984
91 92 1175967.709
91 93 9220786.754
91 94 5389653.925
91 95 3079817.887
91 96 4710563.28
91 97 6434375.836
91 98 4580207.535
91 99 5254141.979
92 93 8448819.236
92 94 4347259.78
92 95 1905367.743
92 96 3885155.32
92 97 6820937.688
92 98 5537035.836
92 99 6169349.812
93 94 4655725.518
93 95 7538588.39
93 96 4564063.848
93 97 7989062.183
93 98 10593599.35
93 99 10698487.72
94 95 2984070.81
94 96 1523021.415
94 97 7625876.211
94 98 8459110.168
94 99 8861146.357
95 96 3199258.289
95 97 7887357.736
95 98 7272957.872
95 99 7855523.6
96 97 6102859.807
96 98 7133483.26
96 99 7481035.311
97 98 3838516.324
97 99 3500096.693
98 99 725684.7674
