4950
0 1 5583556.253
0 2 3254603.93
0 3 6493626.383
0 4 4831082.092
0 5 738642.9211
0 6 2353336.127
0 7 5636840.188
0 8 4513951.759
0 9 3708628.715
0 10 2132498.271
0 11 5244634.542
0 12 4466642.954
0 13 4159674.962
0 14 1871458.583
0 15 3367197.113
0 16 3527584.734
0 17 3449662.652
0 18 6136222.098
0 19 3420021.735
0 20 5487872.485
0 21 3339973.82
0 22 4347983.796
0 23 5088312.338
0 24 6794740.835
0 25 2252286.77
0 26 7117068.726
0 27 4151283.201
0 28 5728475.478
0 29 3797508.352
0 30 6069293.799
0 31 2090473.492
0 32 6772940.439
0 33 141566.3931
0 34 3958957.861
0 35 1477049.971
0 36 3441364.53
0 37 3503581.68
0 38 5911819.071
0 39 4111976.708
0 40 1504238.749
0 41 3877194.172
0 42 6276329.31
0 43 1139971.931
0 44 5829848.344
0 45 3470027.934
0 46 3664592.398
0 47 2796822.309
0 48 3794674.679
0 49 6049391.808
0 50 4772437.467
0 51 2238758.894
0 52 2260077.661
0 53 5084107.428
0 54 2013902.796
0 55 4437729.184
0 56 2693860.274
0 57 1882353.474
0 58 3184434.269
0 59 4670784.18
0 60 829086.3331
0 61 1441495.397
0 62 4418288.888
0 63 3409117.573
0 64 1877255.861
0 65 1953128.332
0 66 3573608.656
0 67 4421676.053
0 68 1799867.685
0 69 3478305.743
0 70 3335649.453
0 71 3875002.803
0 72 3513171.172
0 73 5339803.977
0 74 6079931.335
0 75 4425988.923
0 76 2365716.362
0 77 1899099.829
0 78 1902219.809
0 79 5167868.227
0 80 6103222.278
0 81 4877404.613
0 82 3318954.543
0 83 971842.8929
0 84 2585223.792
0 85 1601397.438
0 86 6511441.797
0 87 3366805.477
0 88 1411559.733
0 89 2756231.015
0 90 5946152.102
0 91 4932503.88
0 92 4990459.123
0 93 312298.1453
0 94 759080.8044
0 95 4504267.664
0 96 2158360.933
0 97 2654045.259
0 98 1154836.978
0 99 5033889.852
1 2 7325377.19
1 3 5375242.17
1 4 1463768.861
1 5 5088372.478
1 6 7805568.202
1 7 1064369.294
1 8 9369582.268
1 9 7272976.259
1 10 7034255.471
1 11 3994975.407
1 12 1505474.271
1 13 9506026.364
1 14 3767527.319
1 15 3703937.66
1 16 3508188.862
1 17 8086035.515
1 18 5313531.294
1 19 4291567.293
1 20 190989.1601
1 21 2492498.222
1 22 2684605.936
1 23 570701.487
1 24 5476940.935
1 25 3331545.473
1 26 3793267.982
1 27 5036418.756
1 28 10517837.09
1 29 9254766.675
1 30 4034229.801
1 31 3648898.319
1 32 4825990.623
1 33 5514903.731
1 34 1671008.277
1 35 6177855.715
1 36 8960175.48
1 37 9045939.311
1 38 9564071.131
1 39 1547339.902
1 40 4388522.777
1 41 9459468.754
1 42 3501407.129
1 43 4889482.083
1 44 2382503.486
1 45 2402393.846
1 46 4620863.048
1 47 8353407.322
1 48 2250477.326
1 49 3453382.892
1 50 3543437.282
1 51 4785807.202
1 52 4244917.815
1 53 1930034.813
1 54 6297956.446
1 55 6505545.13
1 56 8169052.901
1 57 7245569.986
1 58 8537657.935
1 59 9883127.73
1 60 6409488.897
1 61 5464455.553
1 62 9079422.03
1 63 6897550.651
1 64 5158293.874
1 65 7406555.721
1 66 2204917.593
1 67 3455320.927
1 68 4878302.877
1 69 5550950.032
1 70 3764428.323
1 71 8839570.412
1 72 7029300.765
1 73 6260412.565
1 74 9613036.802
1 75 3897036.825
1 76 6840380.637
1 77 7451188.216
1 78 6746740.019
1 79 8641237.733
1 80 11033782.93
1 81 9437981.598
1 82 7193775.922
1 83 6285833.849
1 84 5064813.868
1 85 5444724.433
1 86 3784016.32
1 87 4186015.589
1 88 5169408.7
1 89 6629927.824
1 90 2934435.857
1 91 8079731.366
1 92 2167466.758
1 93 5675571.735
1 94 4976277.955
1 95 5869528.918
1 96 4917937.802
1 97 7582928.093
1 98 4438506.404
1 99 3047006.586
2 3 9633040.536
2 4 7145057.94
2 5 3932425.128
2 6 2425896.032
2 7 7790836.394
2 8 6584585.399
2 9 6724007.503
2 10 1345175.619
2 11 4917436.775
2 12 6737024.282
2 13 5564930.832
2 14 4503697.763
2 15 3755438.902
2 16 6494162.115
2 17 5961257.694
2 18 9294902.651
2 19 6565920.924
2 20 7168330.028
2 21 4848990.264
2 22 7087123.094
2 23 6997891.354
2 24 9922206.008
2 25 4504952.313
2 26 7137584.738
2 27 7374056.034
2 28 7657215.506
2 29 5004744.098
2 30 5760330.068
2 31 3908988.573
2 32 9799128.155
2 33 3163047.067
2 34 5713592.166
2 35 1779460.665
2 36 4527566.977
2 37 3369939.794
2 38 2670509.237
2 39 5804669.531
2 40 4529929.847
2 41 4262580.325
2 42 6299594.484
2 43 4325730.086
2 44 8396124.721
2 45 4927907.19
2 46 6856009.756
2 47 3103179.293
2 48 5086392.916
2 49 6074731.855
2 50 4772460.213
2 51 2544156.677
2 52 3096813.734
2 53 7574950.501
2 54 5093834.151
2 55 2242621.079
2 56 2614010.862
2 57 4113605.161
2 58 2387530.6
2 59 6221401.359
2 60 3161920.618
2 61 2156499.542
2 62 1803564.07
2 63 707092.4707
2 64 2237896.489
2 65 3946713.234
2 66 5937649.806
2 67 7373708.413
2 68 5025641.193
2 69 6732871.269
2 70 6366550.888
2 71 5965889.85
2 72 668576.4741
2 73 8594097.2
2 74 2828949.296
2 75 7474275.6
2 76 5267130.251
2 77 3562180.669
2 78 1437227.842
2 79 1919663.045
2 80 7813783.801
2 81 7159899.195
2 82 6285582.093
2 83 2397931.272
2 84 2279085.953
2 85 4850388.125
2 86 6409445.153
2 87 6493601.954
2 88 4662360.093
2 89 699690.9644
2 90 6254051.775
2 91 1788823.021
2 92 5780433.844
2 93 2942946.077
2 94 3139995.614
2 95 7758742.645
2 96 5393993.796
2 97 1249323.081
2 98 3680569.057
2 99 5305800.414
3 4 4034173.143
3 5 5761499.337
3 6 8622899.512
3 7 4354517.506
3 8 7495216.885
3 9 4924996.084
3 10 8624576.255
3 11 8719457.523
3 12 4250785.207
3 13 8418750.133
3 14 5221161.246
3 15 7429513.118
3 16 3213292.122
3 17 6411815.01
3 18 392626.1729
3 19 3078051.142
3 20 5504216.176
3 21 6010193.045
3 22 3093082.147
3 23 4983055.267
3 24 315205.2858
3 25 5439720.051
3 26 9131523.147
3 27 2451727.866
3 28 8245557.608
3 29 8505325.334
3 30 9074761.938
3 31 6101849.007
3 32 910535.0211
3 33 6549217.566
3 34 5459760.192
3 35 7891428.221
3 36 8482302.434
3 37 9423014.592
3 38 12296307.48
3 39 5541629.764
3 40 5103519.769
3 41 9312200.482
3 42 8702196.71
3 43 5357917.361
3 44 3072724.568
3 45 6055972.063
3 46 2841951.028
3 47 8763224.536
3 48 6253813.933
3 49 8595279.47
3 50 8140945.79
3 51 7561094.465
3 52 7089388.901
3 53 3470770.649
3 54 5396566.842
3 55 10031023.86
3 56 8886625.735
3 57 6933963.525
3 58 9478860.899
3 59 8432948.841
3 60 6973646.764
3 61 7502320.523
3 62 10909922.34
3 63 9586481.007
3 64 7595552.503
3 65 7202233.515
3 66 4435232.393
3 67 2447551.842
3 68 4707004.992
3 69 3402502.615
3 70 3286900.329
3 71 7289471.069
3 72 9713436.382
3 73 2148122.533
3 74 12437829.67
3 75 2206359.497
3 76 5695919.106
3 77 7515162.162
3 78 8383302.571
3 79 11470718.82
3 80 8855381.656
3 81 7159248.241
3 82 5205053.417
3 83 7462095.571
3 84 8011722.315
3 85 5080985.41
3 86 9002635.293
3 87 3142556.847
3 88 5132889.653
3 89 9018723.502
3 90 8128138.719
3 91 11102982.72
3 92 7089955.385
3 93 6783811.727
3 94 6493747.647
3 95 2613790.008
3 96 4374058.146
3 97 9145458.398
3 98 5978429.317
3 99 7864204.28
4 5 4216202.887
4 6 7164937.472
4 7 851163.6956
4 8 8177846.938
4 9 5945254.351
4 10 6593798.288
4 11 4824810.959
4 12 408774.6116
4 13 8464874.617
4 14 2962421.945
4 15 3938510.026
4 16 2125856.369
4 17 6888826.148
4 18 3928357.756
4 19 2898942.706
4 20 1543898.714
4 21 2467433.265
4 22 1224937.235
4 23 970970.1409
4 24 4174571.783
4 25 2711229.309
4 26 5106598.759
4 27 3586772.488
4 28 9286139.477
4 29 8277128.178
4 30 5080289.736
4 31 3242615.294
4 32 3607053.534
4 33 4794564.104
4 34 1664240.948
4 35 5730239.312
4 36 8033327.034
4 37 8332458.312
4 38 9603911.451
4 39 1679452.313
4 40 3438296.528
4 41 8626599.931
4 42 4672288.89
4 43 3935338.129
4 44 1366859.652
4 45 2449064.843
4 46 3200827.671
4 47 7623297.458
4 48 2508550.723
4 49 4573777.287
4 50 4279467.088
4 51 4646586.378
4 52 4089294.457
4 53 597981.0086
4 54 5151716.168
4 55 6781495.88
4 56 7515662.801
4 57 6283910.239
4 58 7962281.859
4 59 8780738.231
4 60 5620497.782
4 61 5082704.313
4 62 8795625.6
4 63 6842278.562
4 64 4907312.85
4 65 6478547.679
4 66 1267895.412
4 67 1991552.136
4 68 3757263.407
4 69 4163188.198
4 70 2401478.829
4 71 7689467.571
4 72 6977435.967
4 73 4796853.636
4 74 9687900.154
4 75 2433309.72
4 76 5681119.5
4 77 6591101.498
4 78 6306557.436
4 79 8695492.629
4 80 9826467.265
4 81 8183082.217
4 82 5911738.313
4 83 5669394.405
4 84 5020091.066
4 85 4341587.025
4 86 4971528.821
4 87 2802266.993
4 88 4114720.437
4 89 6448962.813
4 90 4097062.348
4 91 8193641.869
4 92 3092696.077
4 93 4992250.291
4 94 4363615.518
4 95 4416932.885
4 96 3719202.261
4 97 7159038.221
4 98 3771450.226
4 99 3916114.406
5 6 3050224.286
5 7 5042643.665
5 8 4585909.737
5 9 3352778.553
5 10 2863306.871
5 11 5273148.256
5 12 3871586.474
5 13 4459315.99
5 14 1320976.711
5 15 3384393.53
5 16 2797282.488
5 17 3404784.371
5 18 5407114.507
5 19 2685194.526
5 20 5010576.09
5 21 3032221.722
5 22 3648153.907
5 23 4565978.957
5 24 6061207.995
5 25 1815285.39
5 26 6987687.238
5 27 3443803.947
5 28 5798577.588
5 29 4172300.877
5 30 6053220.938
5 31 1871732.678
5 32 6034310.568
5 33 788093.693
5 34 3527502.929
5 35 2157168.283
5 36 3872269.543
5 37 4137779.393
5 38 6600735.2
5 39 3689187.052
5 40 799797.8271
5 41 4414612.79
5 42 6174568.854
5 43 403600.3661
5 44 5147345.95
5 45 3165179.886
5 46 2940965.217
5 47 3426519.864
5 48 3510069.96
5 49 5956184.959
5 50 4753118.005
5 51 2509477.722
5 52 2361295.177
5 53 4424892.602
5 54 1718291.517
5 55 4899784.056
5 56 3376869.367
5 57 2168354.165
5 58 3894797.612
5 59 4901228.051
5 60 1419158.682
5 61 1943894.361
5 62 5154580.197
5 63 4018569.845
5 64 2263354.319
5 65 2318494.634
5 66 2984576.583
5 67 3689256.293
5 68 1093282.516
5 69 2834819.448
5 70 2599396.407
5 71 3977041.818
5 72 4131424.742
5 73 4679992.044
5 74 6761237.915
5 75 3687499.217
5 76 2188912.884
5 77 2382379.101
5 78 2623495.157
5 79 5830027.63
5 80 6229578.169
5 81 4852874.534
5 82 3017244.713
5 83 1710216.896
5 84 2921609.56
5 85 1047896.054
5 86 6430208.752
5 87 2629751.754
5 88 767614.3813
5 89 3386185.392
5 90 5790063.056
5 91 5555366.394
5 92 4760766.443
5 93 1022349.107
5 94 957703.596
5 95 3848838.336
5 96 1462971.102
5 97 3390989.487
5 98 906249.555
5 99 4931718.05
6 7 7953782.057
6 8 4193324.011
6 9 4781019.634
6 10 1248385.174
6 11 6562766.469
6 12 6790155.544
6 13 3141172.91
6 14 4204009.141
6 15 4908715.42
6 16 5835920.799
6 17 3731231.259
6 18 8246287.535
6 19 5615870.129
6 20 7690395.593
6 21 5403232.116
6 22 6695238.214
6 23 7345619.942
6 24 8933554.001
6 25 4508578.727
6 26 8688400.86
6 27 6189579.149
6 28 5236443.014
6 29 2586207.161
6 30 7435795.637
6 31 4168253.149
6 32 9000235.028
6 33 2374185.512
6 34 6141478.223
6 35 1807595.329
6 36 2109164.6
6 37 1289794.664
6 38 4544985.883
6 39 6280040.814
6 40 3844855.016
6 41 2001135.2
6 42 7823058.174
6 43 3421662.365
6 44 8182878.778
6 45 5521462.872
6 46 5789207.435
6 47 735259.4745
6 48 5799304.987
6 49 7588853.229
6 50 6236134.666
6 51 3498336.982
6 52 3858058.352
6 53 7435622.362
6 54 3389048.976
6 55 4533448.779
6 56 366063.4103
6 57 2003786.571
6 58 858565.2224
6 59 3796255.176
6 60 1669626.379
6 61 2521020.529
6 62 2558272.78
6 63 3019284.941
6 64 3005963.454
6 65 1764528.478
6 66 5899711.456
6 67 6719993.3
6 68 3961971.536
6 69 5338931.25
6 70 5620465.318
6 71 3596001.813
6 72 3039203.608
6 73 7154482.01
6 74 4763342.354
6 75 6675712.566
6 76 3354120.297
6 77 1348877.851
6 78 1409850.675
6 79 4083938.159
6 80 5388783.797
6 81 4799944.171
6 82 4325440.366
6 83 1519996.365
6 84 3560199.772
6 85 3541956.671
6 86 8002619.491
6 87 5583928.214
6 88 3520060.512
6 89 2480101.594
6 90 7620165.37
6 91 4145970.276
6 92 6845468.67
6 93 2172766.765
6 94 2835902.697
6 95 6339514.909
6 96 4263525.07
6 97 1186047.29
6 98 3406060.5
6 99 6650153.648
7 8 9022373.464
7 9 6759162.098
7 10 7325450.712
7 11 4955129.938
7 12 1171932.959
7 13 9315494.876
7 14 3765514.779
7 15 4378248.833
7 16 2936346.973
7 17 7733666.7
7 18 4320547.305
7 19 3693083.054
7 20 1228169.103
7 21 2981940.802
7 22 1957809.45
7 23 913725.2848
7 24 4439570.514
7 25 3459881.055
7 26 4855277.128
7 27 4301278.443
7 28 10123418.39
7 29 9124247.533
7 30 5065016.086
7 31 3931830.409
7 32 3770648.007
7 33 5592886.82
7 34 2113734.343
7 35 6459656.616
7 36 8875526.836
7 37 9140383.475
7 38 10171546.53
7 39 2062972.099
7 40 4273596.121
7 41 9456859.775
7 42 4556768.43
7 43 4773421.918
7 44 1321930.331
7 45 2930740.976
7 46 3966990.065
7 47 8433304.916
7 48 2894393.442
7 49 4499056.78
7 50 4461048.068
7 51 5258230.663
7 52 4700090.673
7 53 1027367.789
7 54 6002113.222
7 55 7231119.177
7 56 8308487.619
7 57 7127970.165
7 58 8736919.84
7 59 9631557.759
7 60 6437057.913
7 61 5786520.352
7 62 9484476.155
7 63 7438112.211
7 64 5563992.926
7 65 7319161.444
7 66 2064123.66
7 67 2655422.186
7 68 4608351.904
7 69 4950954.646
7 70 3218787.483
7 71 8538346.761
7 72 7572625.995
7 73 5413215.362
7 74 10240867.92
7 75 3091386.148
7 76 6530511.698
7 77 7422577.663
7 78 7036777.737
7 79 9254156.556
7 80 10667723.54
7 81 9016339.853
7 82 6741439.652
7 83 6446664.71
7 84 5597944.387
7 85 5192595.074
7 86 4842570.159
7 87 3603535.899
7 88 4963528.094
7 89 7091331.558
7 90 3986076.154
7 91 8724612.776
7 92 3137745.078
7 93 5782867.583
7 94 5131729.707
7 95 5116745.462
7 96 4567890.305
7 97 7887947.417
7 98 4548906.268
7 99 4011506.914
8 9 2580843.978
8 10 5277478.364
8 11 9758300.948
8 12 7942672.738
8 13 1431668.548
8 14 5784043.909
8 15 7876414.844
8 16 6130664.419
8 17 1289110.282
8 18 7113281.178
8 19 5458872.031
8 20 9333869.31
8 21 7599380.744
8 22 7168736.872
8 23 8805939.825
8 24 7793626.108
8 25 6343162.871
8 26 11569578.21
8 27 5328794.006
8 28 1216803.941
8 29 1920900.242
8 30 10577557.05
8 31 6455109.432
8 32 8221491.661
8 33 4649987.035
8 34 7982396.176
8 35 5350692.155
8 36 2298915.553
8 37 3823993.782
8 38 8651717.381
8 39 8149246.558
8 40 5081158.035
8 41 3073322.729
8 42 10747596.76
8 43 4622153.953
8 44 8606405.296
8 45 7731875.973
8 46 5328668.602
8 47 3644448.015
8 48 8081170.947
8 49 10525581.81
8 50 9277551.565
8 51 6708964.967
8 52 6773993.212
8 53 8136827.205
8 54 3076534.364
8 55 8512856.792
8 56 4113109.945
8 57 2698909.162
8 58 4621594.486
8 59 1050095.727
8 60 3901298.98
8 61 5767921.752
8 62 6533054.833
8 63 7102540.214
8 64 6282562.307
8 65 2754218.692
8 66 7164760.088
8 67 6730408.854
8 68 4493936.537
8 69 4363731.531
8 70 5842140.022
8 71 649810.7767
8 72 7147773.59
8 73 5415979.372
8 74 8880961.031
8 75 6431342.4
8 76 2532340.96
8 77 3071693.615
8 78 5297774.955
8 79 8267696.763
8 80 1667466.951
8 81 691437.2257
8 82 2390003.995
8 83 4635797.707
8 84 6989682.982
8 85 3941804.631
8 86 10995256.92
8 87 5517899.648
8 88 4246231.148
8 89 6481537.914
8 90 10375027.9
8 91 8335860.167
8 92 9341718.605
8 93 4670699.453
8 94 5263973.37
8 95 4893952.829
8 96 4466084.76
8 97 5372510.742
8 98 5476605.918
8 99 9502403.026
9 10 5404968.77
9 11 8534086.228
9 12 5780081.843
9 13 3551760.29
9 14 4144094.563
9 15 6673262.987
9 16 3823431.751
9 17 1527482.716
9 18 4539979.881
9 19 3074746.656
9 20 7272513.783
9 21 5965551.063
9 22 4825175.671
9 23 6702552.865
9 24 5227291.368
9 25 4715728.928
9 26 10021633.19
9 27 2777145.099
9 28 3474057.574
9 29 3738607.471
9 30 9259464.068
9 31 5060265.821
9 32 5640671.402
9 33 3843099.324
9 34 6119718.495
9 35 5060185.555
9 36 3836194.332
9 37 5107395.628
9 38 9230295.549
9 39 6283568.042
9 40 3458049.261
9 41 4723728.53
9 42 9270651.892
9 43 3164120.427
9 44 6172548.718
9 45 6089125.615
9 46 2864391.589
9 47 4592585.564
9 48 6436783.348
9 49 9069720.857
9 50 7981032.194
9 51 5853865.701
9 52 5705122.938
9 53 5801959.224
9 54 1694777.258
9 55 8145945.21
9 56 4903451.75
9 57 2777765.096
9 58 5524776.807
9 59 3510549.968
9 60 3563734.921
9 61 5149939.457
9 62 7337778.928
9 63 7027337.188
9 64 5560296.537
9 65 3027000.962
9 66 5125099.753
9 67 4283096.559
9 68 2688193.275
9 69 1861521.289
9 70 3544047.999
9 71 2379734.047
9 72 7115114.876
9 73 2896083.046
9 74 9431304.009
9 75 3940399.309
9 76 1461946.759
9 77 3437618.715
9 78 5287166.105
9 79 8620022.185
9 80 4064520.018
9 81 2346850.141
9 82 455600.5722
9 83 4351305.782
9 84 6248930.652
9 85 2344201.389
9 86 9549465.395
9 87 3157810.107
9 88 2682134.383
9 89 6361129.801
9 90 8813269.025
9 91 8495111.511
9 92 7699779.681
9 93 3990093.158
9 94 4283646.475
9 95 2315785.591
9 96 2479318.183
9 97 5745096.053
9 98 4206857.256
9 99 8062053.262
10 11 5384302.276
10 12 6197242.292
10 13 4343962.325
10 14 3723001.146
10 15 3834082.914
10 16 5599249.019
10 17 4617008.266
10 18 8268459.029
10 19 5548419.81
10 20 6899941.685
10 21 4557613.375
10 22 6325864.236
10 23 6625693.045
10 24 8924513.869
10 25 3882582.268
10 26 7547837.751
10 27 6277336.537
10 28 6381646.682
10 29 3804534.849
10 30 6256991.921
10 31 3406252.646
10 32 8880719.279
10 33 2076487.169
10 34 5366192.192
10 35 865804.2723
10 36 3330954.805
10 37 2446016.212
10 38 3860215.031
10 39 5487238.788
10 40 3570215.872
10 41 3237955.785
10 42 6684356.96
10 43 3266900.216
10 44 7739871.743
10 45 4662877.256
10 46 5797000.497
10 47 1982192.478
10 48 4899971.998
10 49 6450906.245
10 50 5098360.809
10 51 2426524.836
10 52 2873212.651
10 53 6946437.654
10 54 3807748.404
10 55 3302912.03
10 56 1542845.283
10 57 2768445.944
10 58 1619212.902
10 59 4989267.229
10 60 1862945.999
10 61 1571216.776
10 62 2299888.927
10 63 1827852.693
10 64 1956595.428
10 65 2604905.553
10 66 5334182.419
10 67 6494785.376
10 68 3930647.439
10 69 5555595.08
10 70 5430705.175
10 71 4649095.238
10 72 1870314.587
10 73 7418911.162
10 74 4048546.419
10 75 6533168.355
10 76 3943919.396
10 77 2227730.208
10 78 288969.9993
10 79 3215188.443
10 80 6577795.973
10 81 5835096.629
10 82 4961596.844
10 83 1176385.608
10 84 2401754.048
10 85 3666394.741
10 86 6847077.381
10 87 5491247.194
10 88 3527985.164
10 89 1241974.012
10 90 6523954.191
10 91 3133870.041
10 92 5836338.047
10 93 1841442.836
10 94 2273843.811
10 95 6583788.6
10 96 4284193.751
10 97 565945.7948
10 98 2870849.835
10 99 5550304.355
11 12 4519238.617
11 13 9295805.36
11 14 4431086.014
11 15 1891470.58
11 16 5818312.415
11 17 8652746.238
11 18 8533059.34
11 19 6426094.196
11 20 3804693.452
11 21 2817135.246
11 22 5628240.961
11 23 4057210.164
11 24 8906671.499
11 25 3892494.642
11 26 2220585.405
11 27 7402358.261
11 28 10973109.36
11 29 8849980.817
11 30 873331.0928
11 31 3473875.384
11 32 8409975.32
11 33 5109566.68
11 34 3260629.517
11 35 4779625.359
11 36 8421105.374
11 37 7822280.651
11 38 6376197.582
11 39 3188661.992
11 40 5083278.298
11 41 8550988.201
11 42 1399645.409
11 43 5383651.552
11 44 6142391.827
11 45 2735798.833
11 46 6829285.731
11 47 7281473.891
11 48 2482139.227
11 49 1189395.5
11 50 593730.9468
11 51 3131851.292
11 52 2984697.112
11 53 5422346.85
11 54 6983205.273
11 55 3159096.364
11 56 6899281.395
11 57 7101880.259
11 58 6983604.164
11 59 9860330.709
11 60 5921568.101
11 61 4141088.829
11 62 6671021.731
11 63 4258556.703
11 64 3613923.579
11 65 7121582.834
11 66 4321242.29
11 67 6333432.219
11 68 5868182.763
11 69 7396194.091
11 70 5919864.935
11 71 9119450.413
11 72 4354909.95
11 73 8829151.459
11 74 6352885.673
11 75 6690365.652
11 76 7461439.179
11 77 6940768.936
11 78 5166341.522
11 79 5499121.843
11 80 11338640.26
11 81 10097006.59
11 82 8250990.352
11 83 5330013.99
11 84 3002744.121
11 85 6200726.814
11 86 1492258.668
11 87 6306246.427
11 88 5858713.358
11 89 4377321.822
11 90 1521488.684
11 91 4868867.589
11 92 1828023.42
11 93 5107708.908
11 94 4495743.854
11 95 8157854.402
11 96 6143359.935
11 97 5770495.52
11 98 4370748.614
11 99 948120.8436
12 13 8175903.405
12 14 2595198.448
12 15 3551708.258
12 16 2003091.731
12 17 6654286.315
12 18 4112392.408
12 19 2786530.659
12 20 1536282.963
12 21 2073476.949
12 22 1262055.624
12 23 944397.4997
12 24 4413427.779
12 25 2316196.371
12 26 4951895.078
12 27 3557462.541
12 28 9069994.675
12 29 7969796.406
12 30 4825752.074
12 31 2836437.899
12 32 3890820.562
12 33 4424837.846
12 34 1300445.233
12 35 5332778.653
12 36 7712700.517
12 37 7970179.963
12 38 9196105.985
12 39 1338572.695
12 40 3106978.043
12 41 8286131.485
12 42 4461805.224
12 43 3608511.284
12 44 1751469.809
12 45 2062173.917
12 46 3121119.446
12 47 7262569.962
12 48 2145930.027
12 49 4347325.668
12 50 3960761.937
12 51 4237950.169
12 52 3680790.646
12 53 941332.7989
12 54 4892145.289
12 55 6387413.467
12 56 7143218.729
12 57 5968418.071
12 58 7580626.52
12 59 8511995.003
12 60 5265235.852
12 61 4679825.413
12 62 8391676.583
12 63 6433739.893
12 64 4499419.092
12 65 6155082.085
12 66 893040.2082
12 67 2047333.622
12 68 3482056.021
12 69 4045491.593
12 70 2259435.051
12 71 7436722.489
12 72 6568900.99
12 73 4836783.611
12 74 9280878.583
12 75 2478105.127
12 76 5428209.171
12 77 6252490.436
12 78 5909540.468
12 79 8288275.82
12 80 9599622.577
12 81 7977381.29
12 82 5718065.541
12 83 5288253.506
12 84 4612711.127
12 85 4062714.544
12 86 4763909.079
12 87 2680575.298
12 88 3818145.186
12 89 6040691.606
12 90 3891259.504
12 91 7788565.321
12 92 2839323.288
12 93 4617810.839
12 94 3977695.496
12 95 4392344.424
12 96 3476621.914
12 97 6762004.706
12 98 3389260.866
12 99 3630790.899
13 14 5764676.185
13 15 7468132.071
13 16 6563707.36
13 17 2025269.52
13 18 8027787.456
13 19 5998206.758
13 20 9442372.913
13 21 7464453.07
13 22 7593966.195
13 23 8963076.123
13 24 8728088.633
13 25 6274404.005
13 26 11260731.06
13 27 6087651.147
13 28 2165031.485
13 29 574819.9713
13 30 10148715.31
13 31 6237081.441
13 32 9063764.675
13 33 4276772.25
13 34 7984701.158
13 35 4619173.336
13 36 1043260.267
13 37 2499657.144
13 38 7406821.613
13 39 8147289.628
13 40 5117627.671
13 41 1673326.246
13 42 10411105.35
13 43 4618006.698
13 44 9095657.263
13 45 7596687.911
13 46 5958684.015
13 47 2480266.926
13 48 7932227.445
13 49 10181158.87
13 50 8871227.176
13 51 6169314.353
13 52 6347486.915
13 53 8523796.841
13 54 3358495.198
13 55 7645980.598
13 56 2972258.2
13 57 2300172.796
13 58 3391456.018
13 59 660331.2884
13 60 3394048.738
13 61 5170005.818
13 62 5260351.649
13 63 6154724.472
13 64 5700170.529
13 65 2207407.919
13 66 7330359.743
13 67 7284817.662
13 68 4709361.857
13 69 5091456.25
13 70 6281944.71
13 71 1207031.612
13 72 6179003.012
13 73 6445838.278
13 74 7641327.295
13 75 7052790.762
13 76 2880290.602
13 77 2355600.593
13 78 4429857.577
13 79 7107512.607
13 80 2249630.49
13 81 2121537.503
13 82 3219163.75
13 83 3980199.362
13 84 6372844.348
13 85 4124511.636
13 86 10633989.3
13 87 6031286.304
13 88 4357989.108
13 89 5584828.003
13 90 10100845.23
13 91 7247429.059
13 92 9147348.777
13 93 4225146.587
13 94 4911113.434
13 95 5811495.976
13 96 4794768.406
13 97 4317992.666
13 98 5265210.834
13 99 9175487.562
14 15 2643282.676
14 16 2017776.271
14 17 4543652.696
14 18 4914432.348
14 19 2283867.102
14 20 3690049.491
14 21 1846578.506
14 22 2609267.567
14 23 3248325.463
14 24 5493372.209
14 25 577127.383
14 26 5898562.067
14 27 3239277.263
14 28 6980613.51
14 29 5491493.176
14 30 5123494.794
14 31 1020727.087
14 32 5308461.698
14 33 1832149.502
14 34 2223948.991
14 35 2883013.623
14 36 5192718.268
14 37 5375031.506
14 38 7129389.212
14 39 2388401.764
14 40 713048.8078
14 41 5714446.577
14 42 5130542.46
14 43 1166822.05
14 44 4023611.627
14 45 1975839.879
14 46 2656199.966
14 47 4667799.291
14 48 2327857.467
14 49 4927076.157
14 50 3861166.917
14 51 2357364.763
14 52 1940874.915
14 53 3246703.338
14 54 2747653.892
14 55 4861123.013
14 56 4553486.992
14 57 3484453.435
14 58 5010270.312
14 59 6181498.793
14 60 2675943.879
14 61 2347481.244
14 62 5996667.507
14 63 4382141.194
14 64 2377531.211
14 65 3639446.847
14 66 1702177.99
14 67 2877666.659
14 68 1456014.907
14 69 3010491.962
14 70 1940359.077
14 71 5203279.309
14 72 4511899.654
14 73 4643516.234
14 74 7256250.709
14 75 3020628.782
14 76 3281196.298
14 77 3691446.232
14 78 3444124.68
14 79 6276338.78
14 80 7446344.871
14 81 5972993.513
14 82 3908872.8
14 83 2720829.459
14 84 2813066.389
14 85 1888103.84
14 86 5406823.745
14 87 2182243.244
14 88 1556165.766
14 89 3849338.21
14 90 4689055.557
14 91 5885980.017
14 92 3599978.591
14 93 2032567.69
14 94 1449543.568
14 95 3880340.53
14 96 1712398.425
14 97 4286701.335
14 98 852659.5701
14 99 3917977.737
15 16 4311761.16
15 17 6761680.069
15 18 7187013.23
15 19 4808099.399
15 20 3529341.052
15 21 1485017.488
15 22 4391075.427
15 23 3492457.793
15 24 7657403.016
15 25 2162970.458
15 26 3812737.517
15 27 5790459.036
15 28 9092415.204
15 29 7046928.661
15 30 2702150.521
15 31 1636847.405
15 32 7281322.531
15 33 3234823.734
15 34 2289165.772
15 35 3101782.075
15 36 6635645.453
15 37 6195597.263
15 38 5861006.36
15 39 2317521.004
15 40 3247330.435
15 41 6849558.076
15 42 2952957.199
15 43 3511654.664
15 44 5302046.373
15 45 1489877.563
15 46 5204669.873
15 47 5596744.289
15 48 1485879.758
15 49 2720553.898
15 50 1406935.784
15 51 1414753.266
15 52 1120731.425
15 53 4489718.871
15 54 5098195.701
15 55 2855344.278
15 56 5263874.86
15 57 5238425.051
15 58 5451238.451
15 59 8014019.929
15 60 4076472.87
15 61 2397093.702
15 62 5555714.11
15 63 3243295.727
15 64 1903953.557
15 65 5274327.049
15 66 3030410.101
15 67 4982608.682
15 68 4036419.214
15 69 5652384.216
15 70 4352247.832
15 71 7240627.497
15 72 3370340.6
15 73 7218219.018
15 74 5909267.772
15 75 5272785.736
15 76 5571485.583
15 77 5122818.074
15 78 3577364.456
15 79 4938054.586
15 80 9469679.644
15 81 8206563.051
15 82 6376168.66
15 83 3551597.559
15 84 1495962.228
15 85 4331537.895
15 86 3166652.309
15 87 4693382.901
15 88 3991560.824
15 89 3092250.349
15 90 2711784.984
15 91 4377169.588
15 92 2036130.231
15 93 3250587.756
15 94 2612722.223
15 95 6490547.014
15 96 4335961.19
15 97 4307719.118
15 98 2485332.631
15 99 1744746.38
16 17 4848416.423
16 18 2923707.059
16 19 783439.2511
16 20 3535501.857
16 21 3004511.665
16 22 1040093.773
16 23 2946412.26
16 24 3479271.01
16 25 2236815.74
16 26 6734232.671
16 27 1638504.544
16 28 7203565.443
16 29 6452813.071
16 30 6331034.545
16 31 2894735.14
16 32 3305228.932
16 33 3549350.506
16 34 2720424.34
16 35 4805055.509
16 36 6277116.433
16 37 6848998.436
16 38 9137289.083
16 39 2856891.126
16 40 2033045.356
16 41 6975111.355
16 42 6120698.086
16 43 2414797.153
16 44 2533275.407
16 45 3082535.787
16 46 1134317.115
16 47 6144269.548
16 48 3356317.246
16 49 5963688.887
16 50 5224785.609
16 51 4347831.224
16 52 3880277.015
16 53 2006918.003
16 54 3205212.448
16 55 6823304.272
16 56 6150058.105
16 57 4540527.016
16 58 6686707.43
16 59 6810693.635
16 60 4174816.387
16 61 4341614.252
16 62 7898434.417
16 63 6398747.802
16 64 4395173.052
16 65 4773274.209
16 66 1580461.829
16 67 896112.6448
16 68 1951692.486
16 69 2044827.864
16 70 288526.116
16 71 5684484.338
16 72 6527956.476
16 73 3032814.407
16 74 9268483.014
16 75 1007081.29
16 76 3701424.15
16 77 4976205.483
16 78 5336385.65
16 79 8291420.365
16 80 7758558.469
16 81 6089730.89
16 82 3812129.469
16 83 4488479.616
16 84 4798531.746
16 85 2505679.317
16 86 6421858.053
16 87 679266.9332
16 88 2384314.517
16 89 5854406.665
16 90 5582063.993
16 91 7903363.292
16 92 4451484.096
16 93 3781569.73
16 94 3368845.931
16 95 2458206.41
16 96 1778670.398
16 97 6148104.752
16 98 2813774.898
16 99 5074424.825
17 18 6022552.269
17 19 4191651.577
17 20 8053210.225
17 21 6376821.406
17 22 5887716.024
17 23 7521241.501
17 24 6718840.61
17 25 5111159.124
17 26 10385700.51
17 27 4137220.82
17 28 2444344.83
17 29 2230271.724
17 30 9449842.466
17 31 5273637.34
17 32 7085763.959
17 33 3590547.291
17 34 6722093.687
17 35 4506548.845
17 36 2383633.891
17 37 3778563.4
17 38 8275655.907
17 39 6889170.53
17 40 3834013.342
17 41 3274343.895
17 42 9578240.775
17 43 3394574.594
17 44 7338028.374
17 45 6508450.988
17 46 4084948.821
17 47 3372628.65
17 48 6859671.606
17 49 9360622.926
17 50 8148213.306
17 51 5686185.501
17 52 5684717.176
17 53 6853111.217
17 54 1806805.275
17 55 7696686.773
17 56 3764303.25
17 57 1853074.689
17 58 4357072.478
17 59 2043886.844
17 60 2975607.06
17 61 4808136.345
17 62 6252534.114
17 63 6390375.26
17 64 5297190.52
17 65 2018138.55
17 66 5881843.506
17 67 5471576.311
17 68 3215957.681
17 69 3150641.356
17 70 4559957.925
17 71 885684.0307
17 72 6455320.359
17 73 4420574.648
17 74 8492485.602
17 75 5190146.987
17 76 1264815.027
17 77 2418928.806
17 78 4573619.254
17 79 7772517.668
17 80 2947931.227
17 81 1448206.081
17 82 1207802.731
17 83 3768701.298
17 84 6010691.625
17 85 2676140.8
17 86 9834953.987
17 87 4245724.461
17 88 2992186.381
17 89 5737994.598
17 90 9183339.475
17 91 7748294.277
17 92 8127472.312
17 93 3654280.514
17 94 4170485.877
17 95 3799067.39
17 96 3177689.546
17 97 4835687.598
17 98 4309171.048
17 99 8336191.019
18 19 2730460.75
18 20 5432100.184
18 21 5790453.537
18 22 2909869.797
18 23 4891389.152
18 24 706832.96
18 25 5159558.7
18 26 9034934.921
18 27 2066335.072
18 28 7877838.851
18 29 8112805.654
18 30 8920090.887
18 31 5818432.995
18 32 1192270.891
18 33 6195205.821
18 34 5281599.326
18 35 7545502.411
18 36 8089905.718
18 37 9036140.879
18 38 11961405.35
18 39 5372768.987
18 40 4765537.584
18 41 8920579.489
18 42 8574094.413
18 43 5003854.142
18 44 3080826.656
18 45 5843064.166
18 46 2475649.611
18 47 8378547.57
18 48 6056711.757
18 49 8458304.472
18 50 7949523.742
18 51 7264122.318
18 52 6803727.07
18 53 3388601.031
18 54 5007395.174
18 55 9746778.119
18 56 8506870.072
18 57 6545438.656
18 58 9101357.113
18 59 8046138
18 60 6601283.05
18 61 7173089.258
18 62 10549137.54
18 63 9264197.097
18 64 7282202.991
18 65 6814095.875
18 66 4224151.221
18 67 2213236.004
18 68 4343995.935
18 69 3011063.855
18 70 2974410.091
18 71 6901158.198
18 72 9390024.382
18 73 1801225.194
18 74 12106199.43
18 75 1924402.787
18 76 5303735.711
18 77 7129558.732
18 78 8030459.379
18 79 11143382.48
18 80 8487097.172
18 81 6786427.491
18 82 4815391.69
18 83 7102510.582
18 84 7716957.433
18 85 4705220.098
18 86 8876028.771
18 87 2801424.643
18 88 4765837.181
18 89 8688272.955
18 90 8002804.607
18 91 10786148.28
18 92 6943096.251
18 93 6429272.473
18 94 6158412.383
18 95 2226254.197
18 96 4005714.925
18 97 8785164.939
18 98 5654150.283
18 99 7696084.206
19 20 4318430.713
19 21 3614241.126
19 22 1750448.652
19 23 3729756.861
19 24 3376246.804
19 25 2654899.506
19 26 7462154.986
19 27 983298.8848
19 28 6496140.781
19 29 5939069.978
19 30 6988531.758
19 31 3270740.995
19 32 3384366.128
19 33 3472218.176
19 34 3437868.213
19 35 4815311.477
19 36 5808475.731
19 37 6527150.592
19 38 9233995.016
19 39 3583063.143
19 40 2039787.506
19 41 6558925.598
19 42 6820338.77
19 43 2281664.03
19 44 3147666.922
19 45 3706975.576
19 46 403222.9073
19 47 5837843.408
19 48 4007010.503
19 49 6653730.31
19 50 5833389.296
19 51 4632784.178
19 52 4223226.495
19 53 2727268.096
19 54 2667864.718
19 55 7141670.397
19 56 5903577.438
19 57 4115411.034
19 58 6474374.143
19 59 6195124.74
19 60 3948756.017
19 61 4454953.775
19 62 7838296.419
19 63 6554544.709
19 64 4598394.35
19 65 4366642.488
19 66 2312381.328
19 67 1288137.978
19 68 1656066.375
19 69 1264526.101
19 70 549963.6021
19 71 5050683.319
19 72 6678204.383
19 73 2413669.261
19 74 9381545.366
19 75 1091101.049
19 76 3117934.111
19 77 4620364.555
19 78 5305468.055
19 79 8424068.193
19 80 7062927.47
19 81 5374590.856
19 82 3100584.766
19 83 4390750.517
19 84 5089267.788
19 85 2113004.855
19 86 7119122.868
19 87 121196.4959
19 88 2095991.122
19 89 5966597.388
19 90 6293756.88
19 91 8084789.202
19 92 5157462.813
19 93 3707075.653
19 94 3433426.236
19 95 1744187.522
19 96 1363414.664
19 97 6073933.302
19 98 2951090.799
19 99 5731752.49
20 21 2348397.72
20 22 2751367.022
20 23 593512.3718
20 24 5613342.871
20 25 3236188.723
20 26 3644270.584
20 27 5088375.03
20 28 10489566.05
20 29 9181298.216
20 30 3852288.365
20 31 3526589.553
20 32 4973619.078
20 33 5415554.59
20 34 1548996.251
20 35 6046406.434
20 36 8879524.64
20 37 8937107.084
20 38 9390303.376
20 39 1415478.774
20 40 4325883.557
20 41 9365051.864
20 42 3329263.188
20 43 4824370.369
20 44 2537450.468
20 45 2253370.034
20 46 4657239.861
20 47 8247656.277
20 48 2086254.312
20 49 3276051.791
20 50 3352482.699
20 51 4632122.065
20 52 4095099.119
20 53 2043620.471
20 54 6258915.139
20 55 6323015.047
20 56 8054648.027
20 57 7173253.415
20 58 8414111.375
20 59 9829603.634
20 60 6315500.831
20 61 5329052.285
20 62 8928056.122
20 63 6732349.658
20 64 5012320.589
20 65 7328897.78
20 66 2173857.011
20 67 3529621.803
20 68 4840030.438
20 69 5572458.999
20 70 3784503.902
20 71 8796234.229
20 72 6863667.793
20 73 6335367.736
20 74 9437362.881
20 75 3969837.908
20 76 6802406.4
20 77 7363876.456
20 78 6613061.131
20 79 8467366.831
20 80 10999714.97
20 81 9416089.481
20 82 7181496.794
20 83 6171648.956
20 84 4903039.803
20 85 5400785.288
20 86 3614435.534
20 87 4210332.619
20 88 5118480.68
20 89 6474192.556
20 90 2759843.242
20 91 7903173.566
20 92 1976979.694
20 93 5571148.799
20 94 4866831.814
20 95 5922844.103
20 96 4893944.471
20 97 7445941.469
20 98 4338464.783
20 99 2856655.059
21 22 2936821.488
21 23 2151404.901
21 24 6224416.738
21 25 1270546.027
21 26 4058007.701
21 27 4587120.295
21 28 8804429.726
21 29 7131415.061
21 30 3389560.265
21 31 1258835.537
21 32 5815951.372
21 33 3243067.772
21 34 871433.2808
21 35 3710547.977
21 36 6781314.6
21 37 6672814.546
21 38 7189703.932
21 39 955874.2259
21 40 2558901.398
21 41 7174331.687
21 42 3311861.604
21 43 2982635.652
21 44 3824913.792
21 45 132958.4467
21 46 4017368.736
21 47 6001579.756
21 48 482874.3801
21 49 3119188.86
21 50 2223442.71
21 51 2304836.537
21 52 1756210.198
21 53 3007840.769
21 54 4590042.397
21 55 4314430.709
21 56 5769232.507
21 57 5164380.247
21 58 6094731.15
21 59 7929081.198
21 60 4160715.945
21 61 2986573.575
21 62 6589809.172
21 63 4462061.144
21 64 2665801.626
21 65 5274592.718
21 66 1577103.149
21 67 3577244.996
21 68 3284913.713
21 69 4639446.116
21 70 3103058.697
21 71 7002264.621
21 72 4596089.647
21 73 6012538.896
21 74 7260733.773
21 75 3905636.378
21 76 5118844.08
21 77 5238046.992
21 78 4272009.349
21 79 6272871.551
21 80 9253386.08
21 81 7812767.999
21 82 5748998.086
21 83 3898164.721
21 84 2619941.798
21 85 3734268.362
21 86 3597337.416
21 87 3493832.127
21 88 3400047.968
21 89 4150641.325
21 90 2848702.092
21 91 5749803.346
21 92 1753891.359
21 93 3360869.368
21 94 2639583.372
21 95 5352680.097
21 96 3494943.607
21 97 5099973.227
21 98 2201378.987
21 99 2141776.72
22 23 2162264.877
22 24 3293269.403
22 25 2606865.798
22 26 6209311.793
22 27 2364545.561
22 28 8232918.834
22 29 7468289.737
22 30 6014013.459
22 31 3254419.935
22 32 2892647.531
22 33 4346202.568
22 34 2372153.973
22 35 5491770.062
22 36 7276037.276
22 37 7768532.825
22 38 9672776.766
22 39 2463598.452
22 40 2850603.377
22 41 7947504.474
22 42 5693697.843
22 43 3297214.122
22 44 1523373.285
22 45 2973542.741
22 46 2009311.497
22 47 7058765.511
22 48 3161087.845
22 49 5567158.935
22 50 5048225.735
22 51 4745894.221
22 52 4221382.752
22 53 977347.3011
22 54 4236736.06
22 55 7110720.094
22 56 7024935.712
22 57 5529400.536
22 58 7532315.833
22 59 7849348.671
22 60 5061111.603
22 61 4939692.159
22 62 8605638.08
22 63 6900493.481
22 64 4892134.317
22 65 5752353.72
22 66 1362205.032
22 67 785782.1885
22 68 2933615.543
22 69 2998084.143
22 70 1328156.453
22 71 6724508.178
22 72 7033885.587
22 73 3585824.253
22 74 9784369.953
22 75 1220963.604
22 76 4738732.078
22 77 5928587.611
22 78 6049730.301
22 79 8794087.415
22 80 8792076.164
22 81 7115384.533
22 82 4837880.017
22 83 5275999.184
22 84 5172672.934
22 85 3505835.69
22 86 5996811.448
22 87 1670492.156
22 88 3347784.762
22 89 6415187.746
22 90 5128453.158
22 91 8352804.49
22 92 4045270.925
22 93 4568964.267
22 94 4053233.925
22 95 3192847.851
22 96 2800281.594
22 97 6887200.894
22 98 3460729.113
22 99 4786333.156
23 24 5108657.523
23 25 2844626.763
23 26 4148588.361
23 27 4494909.96
23 28 9950918.031
23 29 8722726.633
23 30 4215176.203
23 31 3221031.319
23 32 4501528.895
23 33 5026524.629
23 34 1284427.99
23 35 5763058.156
23 36 8437480.301
23 37 8570832.252
23 38 9319884.568
23 39 1201029.096
23 40 3848818.64
23 41 8957240.492
23 42 3755898.961
23 43 4351617.375
23 44 2112361.175
23 45 2083072.106
23 46 4065390.308
23 47 7872787.074
23 48 2006865.337
23 49 3675390.199
23 50 3552865.528
23 51 4454296.306
23 52 3901538.841
23 53 1512617.339
23 54 5736855.248
23 55 6338152.379
23 56 7706880.856
23 57 6713392.961
23 58 8096791.354
23 59 9330911.243
23 60 5909735.033
23 61 5063912.666
23 62 8725007.217
23 63 6609976.051
23 64 4794620.278
23 65 6880975.896
23 66 1644111.161
23 67 2943371.779
23 68 4317512.354
23 69 4986584.204
23 70 3199024.223
23 71 8280295.181
23 72 6743566.71
23 73 5747850.961
23 74 9381630.125
23 75 3382360.153
23 76 6278474.877
23 77 6939288.279
23 78 6336963.784
23 79 8399489.74
23 80 10469165.88
23 81 8869194.266
23 82 6623393.13
23 83 5826372.645
23 84 4767990.862
23 85 4887189.021
23 86 4050754.131
23 87 3622785.073
23 88 4617400.882
23 89 6298806.535
23 90 3179894.849
23 91 7857775.812
23 92 2254403.79
23 93 5196661.637
23 94 4509943.229
23 95 5329423.476
23 96 4350442.937
23 97 7181341.195
23 98 3954773.906
23 99 3118787.454
24 25 5694984.661
24 26 9252011.691
24 27 2766260.549
24 28 8529610.802
24 29 8817979.982
24 30 9238585.431
24 31 6358377.466
24 32 791809.6024
24 33 6848449.747
24 34 5646291.769
24 35 8185663.373
24 36 8796687.222
24 37 9737654.198
24 38 12583007.66
24 39 5721393.457
24 40 5394406.917
24 41 9627198.915
24 42 8846820.898
24 43 5657619.193
24 44 3135395.427
24 45 6265416.871
24 46 3149304.609
24 47 9077194.282
24 48 6451921.289
24 49 8746606.341
24 50 8332363.549
24 51 7825145.399
24 52 7346440.209
24 53 3597741.694
24 54 5711706.715
24 55 10285426.91
24 56 9198671.228
24 57 7248998.237
24 58 9789881.446
24 59 8736715.331
24 60 7282427.67
24 61 7786702.445
24 62 11212199.34
24 63 9865823.113
24 64 7870036.265
24 65 7517193.593
24 66 4647364.897
24 67 2685139.161
24 68 5011668.754
24 69 3717543.958
24 70 3565832.211
24 71 7595186.611
24 72 9993453.656
24 73 2422505.679
24 74 12722461.14
24 75 2473126.033
24 76 6010567.842
24 77 7829458.143
24 78 8681424.614
24 79 11752807.81
24 80 9139823.472
24 81 7448518.783
24 82 5512753.472
24 83 7764171.991
24 84 8274067.218
24 85 5391613.085
24 86 9145799.102
24 87 3437349.133
24 88 5439420.173
24 89 9303329.227
24 90 8271443.445
24 91 11378453.34
24 92 7250682.493
24 93 7083267.868
24 94 6782257.701
24 95 2919846.192
24 96 4681462.423
24 97 9447654.006
24 98 6260632.557
24 99 8039215.376
25 26 5321515.506
25 27 3634209.88
25 28 7543960.741
25 29 5976401.436
25 30 4563696.831
25 31 664073.9826
25 32 5433371.776
25 33 2184198.912
25 34 1719825.511
25 35 3019414.586
25 36 5656204.189
25 37 5726292.674
25 38 7067407.471
25 39 1878756.423
25 40 1288444.413
25 41 6129155.4
25 42 4555952.848
25 43 1721080.018
25 44 3898071.101
25 45 1400561.8
25 46 3047495.209
25 47 5028392.635
25 48 1752608.741
25 49 4354003.367
25 50 3314825.952
25 51 2150201.486
25 52 1651886.387
25 53 3085151.736
25 54 3320230.319
25 55 4591355.178
25 56 4867738.73
25 57 3980184.184
25 58 5279140.372
25 59 6711442.683
25 60 3079365.688
25 61 2388533.461
25 62 6100124.278
25 63 4293933.405
25 64 2288794.093
25 65 4116363.996
25 66 1455276.053
25 67 3021244.502
25 68 2028025.605
25 69 3510619.944
25 70 2229694.243
25 71 5754676.879
25 72 4427499.381
25 73 5058859.049
25 74 7177595.034
25 75 3237117.565
25 76 3850900.267
25 77 4131040.14
25 78 3595454.755
25 79 6187226.737
25 80 8002208.08
25 81 6544261.341
25 82 4485362.307
25 83 2993278.606
25 84 2589368.668
25 85 2463786.174
25 86 4833754.263
25 87 2542834.33
25 88 2129682.622
25 89 3822589.41
25 90 4111982.82
25 91 5751632.092
25 92 3024401.631
25 93 2352122.274
25 94 1675294.271
25 95 4327801.633
25 96 2266236.038
25 97 4447901.535
25 98 1110178.174
25 99 3348614.532
26 27 8372053.779
26 28 12784385.42
26 29 10853178.7
26 30 1414634.62
26 31 5116033.503
26 32 8617581.194
26 33 6992873.071
26 34 4024405.759
26 35 6884282.799
26 36 10446725.64
26 37 9965194.582
26 38 8479550.072
26 39 3880142.282
26 40 6607025.853
26 41 10652051.35
26 42 865343.1074
26 43 7002439.64
26 44 6175657.27
26 45 3933007.287
26 46 7851328.825
26 47 9391457.999
26 48 3584856.225
26 49 1099548.398
26 50 2452900.359
26 51 5197347.691
26 52 4925253.116
26 53 5660776.718
26 54 8623974.117
26 55 5308377.657
26 56 9035457.981
26 57 8999402.219
26 58 9160321.363
26 59 11787510.81
26 60 7867225.867
26 61 6200577.053
26 62 8889548.122
26 63 6478386.814
26 64 5690461.218
26 65 9056835.384
26 66 5155868.532
26 67 6989890.43
26 68 7342893.259
26 69 8607278.189
26 70 6915147.377
26 71 10950212.83
26 72 6573336.501
26 73 9734664.463
26 74 8432130.555
26 75 7409410.892
26 76 9141754.673
26 77 8926547.456
26 78 7314576.245
26 79 7634020.756
26 80 13198625.26
26 81 11831069.1
26 82 9806037.826
26 83 7364214.849
26 84 5146670.259
26 85 7779971.826
26 86 732882.6228
26 87 7342107.236
26 88 7441453.971
26 89 6587335.549
26 90 1209610.049
26 91 6999745.225
26 92 2330233.627
26 93 7035617.451
26 94 6358807.791
26 95 9190467.449
26 96 7546102.972
26 97 7960485.558
26 98 6092975.862
26 99 2085256.541
27 28 6247653.639
27 29 6121230.983
27 30 7949443.718
27 31 4240441.696
27 32 2985925.381
27 33 4224991.791
27 34 4358266.39
27 35 5600942.632
27 36 6065625.732
27 37 6971406.358
27 38 10043690.47
27 39 4495394.649
27 40 2906102.62
27 41 6879213.173
27 42 7756647.79
27 43 3048328.919
27 44 3488750.013
27 45 4676221.542
27 46 586854.4151
27 47 6312228.54
27 48 4967982.363
27 49 7596797.282
27 50 6809118.003
27 51 5567658.08
27 52 5179539.86
27 53 3281016.789
27 54 2950106.622
27 55 8078283.564
27 56 6444355.122
27 57 4484661.269
27 58 7042470.443
27 59 6181079.311
27 60 4557374.855
27 61 5311136.8
27 62 8535488.096
27 63 7415300.927
27 64 5499311.055
27 65 4752080.098
27 66 3218899.698
27 67 1654566.417
27 68 2353510.406
27 69 996297.474
27 70 1487181.238
27 71 5022479.206
27 72 7534958.31
27 73 1430654.228
27 74 10201709.97
27 75 1241242.013
27 76 3280569.775
27 77 5063554.9
27 78 6053450.629
27 79 9260910.524
27 80 6841086.154
27 81 5121991.769
27 82 2946172.695
27 83 5102535.489
27 84 6023502.213
27 85 2655922.279
27 86 8057286.967
27 87 1100391.841
27 88 2750168.949
27 89 6805750.739
27 90 7220076.348
27 91 8952440.242
27 92 6088287.49
27 93 4454702.413
27 94 4280299.114
27 95 834887.2445
27 96 1993485.415
27 97 6776723.29
27 98 3846600.626
27 99 6691955.787
28 29 2737939.767
28 30 11793837.87
28 31 7669044.465
28 32 9029399.395
28 33 5863892.461
28 34 9166226.12
28 35 6517822.781
28 36 3192773.764
28 37 4661709.578
28 38 9571841.861
28 39 9333288.667
28 40 6273615.666
28 41 3803507.273
28 42 11963693.46
28 43 5823357.419
28 44 9628939.666
28 45 8936668.804
28 46 6323439.995
28 47 4618641.821
28 48 9286765.999
28 49 11741928.38
28 50 10494042.53
28 51 7914342.714
28 52 7988504.991
28 53 9208127.233
28 54 4251082.435
28 55 9653161.189
28 56 5105894.088
28 57 3896884.97
28 58 5552461.651
28 59 1521984.104
28 60 5099172.05
28 61 6962943.469
28 62 7424939.41
28 63 8209089.908
28 64 7481528.298
28 65 3930616.286
28 66 8316226.117
28 67 7740644.742
28 68 5657794.219
28 69 5328883.346
28 70 6916249.557
28 71 1854587.689
28 72 8245650.851
28 73 6109996.483
28 74 9806269.558
28 75 7410772.408
28 76 3708334.136
28 77 4218331.789
28 78 6425823.379
28 79 9259779.261
28 80 610540.171
28 81 1127701.632
28 82 3396020.493
28 83 5814904.319
28 84 8185468.578
28 85 5120308.868
28 86 12211844.73
28 87 6565918.867
28 88 5433807.944
28 89 7605480.47
28 90 11588553.96
28 91 9375661.065
28 92 10549991.13
28 93 5879622.987
28 94 6479776.741
28 95 5708295.641
28 96 5600598.849
28 97 6422421.378
28 98 6691653.499
28 99 10718579.92
29 30 9709510.95
29 31 5887569.88
29 32 9107131.797
29 33 3905178.153
29 34 7695234.07
29 35 4127885.101
29 36 477308.6794
29 37 1934758.339
29 38 6834418.104
29 39 7855088.667
29 40 4876501.255
29 41 1154372.01
29 42 9997941.83
29 43 4372793.418
29 44 8983939.581
29 45 7262502.159
29 46 5938304.392
29 47 1911100.297
29 48 7590885.034
29 49 9766415.688
29 50 8443267.574
29 51 5718271.361
29 52 5929042.551
29 53 8374792.065
29 54 3271595.779
29 55 7107160.86
29 56 2403653.769
29 57 2009442.659
29 58 2816700.986
29 59 1233620.573
29 60 2998977.6
29 61 4711140.438
29 62 4689853.006
29 63 5604698.413
29 64 5240635.945
29 65 1860850.146
29 66 7106258.827
29 67 7215390.242
29 68 4546222.33
29 69 5128825.457
29 70 6177660.602
29 71 1547140.894
29 72 5625335.478
29 73 6602257.649
29 74 7068569.105
29 75 7014253.535
29 76 2849651.3
29 77 1927274.336
29 78 3904827.715
29 79 6533018.947
29 80 2816788.528
29 81 2609785.96
29 82 3360838.426
29 83 3520402.806
29 84 5898420.359
29 85 3965728.143
29 86 10212773.66
29 87 5960879.511
29 88 4164152.726
29 89 5046508.444
29 90 9707721.837
29 91 6676988.832
29 92 8783713.122
29 93 3829648.424
29 94 4534156.404
29 95 5921333.637
29 96 4674151.606
29 97 3756170.446
29 98 4931215.8
29 99 8769972.413
30 31 4214106.058
30 32 8686775.105
30 33 5936561.458
30 34 3656877.011
30 35 5650540.538
30 36 9284034.453
30 37 8695566.016
30 38 7071987.814
30 39 3552269.406
30 40 5801477.976
30 41 9422973.381
30 42 733563.4844
30 43 6134882.08
30 44 6327464.874
30 45 3287227.996
30 46 7390316.7
30 47 8153813.441
30 48 2981978.799
30 49 634335.6908
30 50 1301770.88
30 51 3994268.626
30 52 3815554.003
30 53 5673893.955
30 54 7749309.694
30 55 3893763.638
30 56 7772595.717
30 57 7937666.026
30 58 7854287.801
30 59 10706177.75
30 60 6766050.679
30 61 5004908.471
30 62 7494482.042
30 63 5089449.478
30 64 4479577.796
30 65 7965962.378
30 66 4778396.245
30 67 6757052.423
30 68 6576392.118
30 69 8026668.166
30 70 6462551.114
30 71 9942588.46
30 72 5180041.97
30 73 9362801.06
30 74 7029531.183
30 75 7141034.565
30 76 8240772.234
30 77 7795357.27
30 78 6039661.941
30 79 6221169.368
30 80 12171157.22
30 81 10897028.73
30 82 8995989.405
30 83 6191413.334
30 84 3875636.891
30 85 6944477.235
30 86 689114.683
30 87 6867478.373
30 88 6601597.707
30 89 5237367.719
30 90 1154638.826
30 91 5587022.321
30 92 1988799.242
30 93 5945930.114
30 94 5314615.618
30 95 8731868.559
30 96 6829787.105
30 97 6638765.835
30 98 5147082.002
30 99 1257492.652
31 32 6095228.49
31 33 1988561.651
31 34 1978671.592
31 35 2542433.612
31 36 5529239.998
31 37 5427680.06
31 38 6433831.229
31 39 2112994.643
31 40 1614211.497
31 41 5915839.291
31 42 4304695.902
31 43 1920885.098
31 44 4490909.817
31 45 1386058.222
31 46 3654407.375
31 47 4750058.696
31 48 1704551.119
31 49 4088024.227
31 50 2924484.033
31 51 1492183.578
31 52 988079.2348
31 53 3667203.872
31 54 3539004.169
31 55 3929443.708
31 56 4533478.754
31 57 3941235.34
31 58 4888793.144
31 59 6722462.555
31 60 2905666.317
31 61 1854906.431
31 62 5558149.79
31 63 3658127.128
31 64 1673341.932
31 65 4036873.443
31 66 2031051.242
31 67 3685281.043
31 68 2402717.095
31 69 4028332.264
31 70 2873145.853
31 71 5840376.14
31 72 3792534.532
31 73 5654310.818
31 74 6538058.59
31 75 3897752.239
31 76 4041126.266
31 77 3984687.779
31 78 3117337.348
31 79 5545834.674
31 80 8091919.664
31 81 6720952.645
31 82 4783701.301
31 83 2653715.359
31 84 1926882.916
31 85 2731765.62
31 86 4563732.529
31 87 3162948.483
31 88 2389000.992
31 89 3217078.031
31 90 3919981.996
31 91 5098433.699
31 92 2913727.347
31 93 2102044.401
31 94 1380754.376
31 95 4898871.598
31 96 2699150.602
31 97 3964549.347
31 98 982816.4827
31 99 3063978.462
32 33 6811086.033
32 34 5166827.975
32 35 8103250.558
32 36 9046239.277
32 37 9885792.337
32 38 12437388.72
32 39 5224341.028
32 40 5312768.962
32 41 9847735.883
32 42 8256932.616
32 43 5634836.059
32 44 2449897.407
32 45 5842590.319
32 46 3243521.032
32 47 9205857.877
32 48 5996006.257
32 49 8170249.593
32 50 7848439
32 51 7583058.008
32 52 7077803.854
32 53 3013000.143
32 54 5910747.639
32 55 9992391.338
32 56 9286189.057
32 57 7428020.605
32 58 9858739.842
32 59 9124501.994
32 60 7332814.838
32 61 7645336.784
32 62 11179955.72
32 63 9687164.992
32 64 7675995.888
32 65 7689880.382
32 66 4250937.159
32 67 2431111.797
32 68 5039456.684
32 69 3979469.841
32 70 3451313.449
32 71 7970348.376
32 72 9817891.521
32 73 2989039.013
32 74 12564531.83
32 75 2348027.339
32 76 6264875.02
32 77 7973107.23
32 78 8624562.671
32 79 11583013.16
32 80 9636854.989
32 81 7927106.364
32 82 5880040.615
32 83 7744054.704
32 84 8022104.628
32 85 5482040.987
32 86 8552268.073
32 87 3419636.956
32 88 5480300.786
32 89 9155647.516
32 90 7680788.221
32 91 11175166.07
32 92 6699722.157
32 93 7045945.601
32 94 6672042.945
32 95 3332197.914
32 96 4741677.356
32 97 9420529.624
32 98 6118564.213
32 99 7516636.115
33 34 3880707.422
33 35 1383598.88
33 36 3540800.521
33 37 3550882.312
33 38 5826171.899
33 39 4031688.905
33 40 1517693.363
33 41 3953137.994
33 42 6150131.362
33 43 1191457.328
33 44 5817557.931
33 45 3372214.443
33 46 3728227.953
33 47 2848107.419
33 48 3692912.392
33 49 5922602.433
33 50 4640842.376
33 51 2097330.736
33 52 2124881.548
33 53 5062681.414
33 54 2148784.058
33 55 4304725.507
33 56 2721594.924
33 57 2008328.723
33 58 3193146.753
33 59 4794740.61
33 60 917648.2746
33 61 1307154.501
33 62 4371149.867
33 63 3296938.012
33 64 1736810.833
33 65 2069364.507
33 66 3532432.056
33 67 4445007.511
33 68 1871484.517
33 69 3573937.096
33 70 3366273.624
33 71 4009925.681
33 72 3403180.403
33 73 5432346.576
33 74 5991053.674
33 75 4463093.341
33 76 2506181.534
33 77 1996128.215
33 78 1835462.554
33 79 5071566.688
33 80 6234862.375
33 81 5017228.326
33 82 3456073.6
33 83 939204.2399
33 84 2444146.584
33 85 1707844.479
33 86 6383348.432
33 87 3414825.07
33 88 1499558.803
33 89 2648266.193
33 90 5825367.293
33 91 4824704.829
33 92 4879024.86
33 93 235220.6494
33 94 634740.1344
33 95 4597623.038
33 96 2235495.189
33 97 2609560.92
33 98 1077093.716
33 99 4908773.568
34 35 4508060.452
34 36 7375700.906
34 37 7390349.966
34 38 8058519.161
34 39 167105.9283
34 40 2906477.78
34 41 7833729.472
34 42 3402042.819
34 43 3387214.359
34 44 3030936.057
34 45 817522.4375
34 46 3828413.661
34 47 6703230.21
34 48 846066.5548
34 49 3250999.419
34 50 2687289.488
34 51 3170319.903
34 52 2617117.165
34 53 2239112.568
34 54 4915307.987
34 55 5143033.77
34 56 6505830.158
34 57 5695594.676
34 58 6867339.159
34 59 8405241.433
34 60 4788007.899
34 61 3798161.313
34 62 7442750.363
34 63 5333466.553
34 64 3512836.073
34 65 5835731.7
34 66 1140970.211
34 67 3101290.885
34 68 3523656.31
34 69 4597242.979
34 70 2891573.422
34 71 7414969.224
34 72 5467514.235
34 73 5744897.772
34 74 8127133.96
34 75 3484983.462
34 76 5457939.068
34 77 5847597.281
34 78 5078252.251
34 79 7140638.885
34 80 9648768.589
34 81 8128132.29
34 82 5962643.886
34 83 4622986.355
34 84 3491372.671
34 85 4045956.311
34 86 3703949.104
34 87 3317740.766
34 88 3736174.327
34 89 5014435.612
34 90 2861814.554
34 91 6611842.342
34 92 1732106.88
34 93 4029400.517
34 94 3320931.03
34 95 5170094.37
34 96 3653030.655
34 97 5917294.979
34 98 2805001.586
34 99 2417385.974
35 36 3677874.052
35 37 3093846.467
35 38 4444253.765
35 39 4631956.012
35 40 2795853.317
35 41 3774133.037
35 42 6019057.474
35 43 2554275.753
35 44 6888346.524
35 45 3819353.973
35 46 5091687.972
35 47 2508298.586
35 48 4069316.333
35 49 5784851.641
35 50 4433552.629
35 51 1690794.498
35 52 2071354.704
35 53 6090099.412
35 54 3387472.454
35 55 3190925.428
35 56 2162183.807
35 57 2681752.995
35 58 2397491.221
35 59 5230744.755
35 60 1541739.563
35 61 734475.3866
35 62 3113891.153
35 63 1969260.352
35 64 1198402.709
35 65 2596628.86
35 66 4472703.016
35 67 5696998.27
35 68 3249375.764
35 69 4954863.817
35 70 4653591.028
35 71 4703176.97
35 72 2062701.828
35 73 6815098.234
35 74 4607620.927
35 75 5761611.609
35 76 3632013.085
35 77 2304909.095
35 78 577179.1767
35 79 3690818.661
35 80 6786900.671
35 81 5838279.763
35 82 4639123.228
35 83 738437.3835
35 84 1785006.056
35 85 3076838.096
35 86 6203690.868
35 87 4748944.71
35 88 2882929.781
35 89 1304400.755
35 90 5812820.632
35 91 3469927.456
35 92 5058543.915
35 93 1164859.64
35 94 1443257.602
35 95 5979968.968
35 96 3616348.717
35 97 1429319.881
35 98 2031043.213
35 99 4842567.476
36 37 1525370.926
36 38 6389290.617
36 39 7533122.937
36 40 4606990.249
36 41 891553.2217
36 42 9588540.438
36 43 4104397.017
36 44 8797756.551
36 45 6911237.059
36 46 5839453.13
36 47 1437027.102
36 48 7233696.91
36 49 9356193.553
36 50 8025847.755
36 51 5289942.515
36 52 5521753.159
36 53 8160946.295
36 54 3151169.36
36 55 6632867.588
36 56 1929153.767
36 57 1752656.06
36 58 2361273.229
36 59 1703522.268
36 60 2625056.361
36 61 4280016.755
36 62 4252454.148
36 63 5127999.15
36 64 4807843.794
36 65 1558476.379
36 66 6838149.367
36 67 7069349.909
36 68 4342663.775
36 69 5084293.062
36 70 6008869.743
36 71 1835913.47
36 72 5148183.933
36 73 6646439.97
36 74 6622061.636
36 75 6894240.754
36 76 2787724.952
36 77 1544991.109
36 78 3437017.935
36 79 6068772.311
36 80 3291396.919
36 81 2975205.859
36 82 3428350.962
36 83 3092996.469
36 84 5455397.022
36 85 3772812.396
36 86 9798096.895
36 87 5820948.571
36 88 3939791.596
36 89 4572787.571
36 90 9311625.393
36 91 6204168.817
36 92 8408691.897
36 93 3447516.051
36 94 4161551.556
36 95 5930617.624
36 96 4504019.241
36 97 3279147.151
36 98 4588818.376
36 99 8366695.827
37 38 4917852.555
37 39 7533073.128
37 40 4936039.88
37 41 921997.8219
37 42 9100017.061
37 43 4471859.309
37 44 9279245.474
37 45 6793185.828
37 46 6642742.313
37 47 711259.9752
37 48 7077577.618
37 49 8865911.875
37 50 7512294.443
37 51 4783196.665
37 52 5147756.453
37 53 8562469.135
37 54 4036513.778
37 55 5592179.455
37 56 931775.1683
37 57 2498794.68
37 58 992476.1314
37 59 3141941.936
37 60 2719232.655
37 61 3810716.126
37 62 2766086.823
37 63 4043162.179
37 64 4291844.59
37 65 2227263.268
37 66 7077139.797
37 67 7709031.891
37 68 4912484.128
37 69 6044290.201
37 70 6610320.715
37 71 3345110.63
37 72 4032022.101
37 73 7761312.512
37 74 5154122.665
37 75 7612482.792
37 76 3832584.058
37 77 1912983.419
37 78 2656164.575
37 79 4680900.207
37 80 4678384.148
37 81 4500129.796
37 82 4666587.782
37 83 2774982.761
37 84 4824866.737
37 85 4414149.662
37 86 9273795.776
37 87 6513002.939
37 88 4471067.867
37 89 3602671.781
37 90 8906207.407
37 91 4896135.355
37 92 8134675.36
37 93 3374178.979
37 94 4070334.177
37 95 6986533.612
37 96 5165106.599
37 97 2169059.235
37 98 4616347.476
37 99 7935144.49
38 39 8121307.943
38 40 7195906.339
38 41 5814519.559
38 42 7747397.525
38 43 6995464.917
38 44 10907683.59
38 45 7243281.652
38 46 9526442.753
38 47 5008724.138
38 48 7325488.804
38 49 7555370.299
38 50 6460486.695
38 51 4965462.768
38 52 5518459.839
38 53 10078979.68
38 54 7665461.992
38 55 3224053.45
38 56 4553022.629
38 57 6498452.92
38 58 4032635.549
38 59 8056472.239
38 60 5721447.472
38 61 4798248.127
38 62 2153430.699
38 63 2775711.961
38 64 4780857.943
38 65 6284107.683
38 66 8454877.08
38 67 10006999.91
38 68 7693484.117
38 69 9385145.396
38 70 9021183.508
38 71 8094148.104
38 72 2641325.342
38 73 11249011.04
38 74 239739.0344
38 75 10126341.56
38 76 7769984.199
38 77 5870865.005
38 78 4035095.897
38 79 922968.4806
38 80 9593185.62
38 81 9294452.9
38 82 8780002.027
38 83 5012028.288
38 84 4584553.126
38 85 7496501.68
38 86 7761095.934
38 87 9160046.681
38 88 7322956.388
38 89 3282986.078
38 90 7880895.713
38 91 1519657.691
38 92 7723164.671
38 93 5601954.272
38 94 5803201.862
38 95 10413018.05
38 96 8060554.628
38 97 3485670.442
38 98 6326924.127
38 99 7048983.491
39 40 3072733.302
39 41 7984774.814
39 42 3273913.465
39 43 3552488.212
39 44 3040840.874
39 45 882179.6873
39 46 3971207.516
39 47 6848199.556
39 48 842489.9084
39 49 3129035.143
39 50 2624158.339
39 51 3260562.639
39 52 2711766.44
39 53 2266276.149
39 54 5082389.381
39 55 5172517.854
39 56 6644868.965
39 57 5856864.831
39 58 6998954.902
39 59 8569892.721
39 60 4941049.114
39 61 3917173.046
39 62 7544112.672
39 63 5409156.713
39 64 3617041.906
39 65 5995119.415
39 66 1276662.135
39 67 3206195.865
39 68 3690562.798
39 69 4751433.285
39 70 3035302.001
39 71 7581306.094
39 72 5542677.159
39 73 5874783.073
39 74 8185506.276
39 75 3597945.543
39 76 5624991.723
39 77 6003067.679
39 78 5199897.338
39 79 7201646.066
39 80 9815551.023
39 81 8295173.806
39 82 6128386.637
39 83 4762928.094
39 84 3567361.194
39 85 4213031.072
39 86 3576581.243
39 87 3463353.401
39 88 3903015.774
39 89 5106455.402
39 90 2727223.128
39 91 6665012.459
39 92 1605296.256
39 93 4176961.189
39 94 3465699.166
39 95 5310827.318
39 96 3818400.2
39 97 6035589.062
39 98 2957351.172
39 99 2323845.472
40 41 5189113.147
40 42 5832003.52
40 43 503797.5081
40 44 4347555.201
40 45 2688533.394
40 46 2353726.285
40 47 4224821.026
40 48 3040586.862
40 49 5625674.572
40 50 4524705.279
40 51 2704228.373
40 52 2394340.163
40 53 3628334.813
40 54 2035161.171
40 55 5202209.617
40 56 4174787.494
40 57 2868678.83
40 58 4684732.544
40 59 5509483.406
40 60 2218462.905
40 61 2416956.435
40 62 5870104.324
40 63 4519589.656
40 64 2596113.635
40 65 3048770.18
40 66 2231865.691
40 67 2929116.663
40 68 789089.3132
40 69 2492710.31
40 70 1861498.172
40 71 4508599.856
40 72 4641926.276
40 73 4245810.634
40 74 7342080.173
40 75 2967435.24
40 76 2570367.727
40 77 3153414.964
40 78 3311865.965
40 79 6384550.477
40 80 6745788.099
40 81 5260768.43
40 82 3206207.48
40 83 2456802.123
40 84 3154172.128
40 85 1175367.236
40 86 6105165.01
40 87 1964141.23
40 88 843588.9986
40 89 3926886.367
40 90 5397863.718
40 91 6053529.084
40 92 4312619.414
40 93 1748951.29
40 94 1393701.126
40 95 3441677.961
40 96 1106546.48
40 97 4116136.377
40 98 948203.4529
40 99 4611337.001
41 42 9787500.221
41 43 4696814.007
41 44 9470449.059
41 45 7300201.727
41 46 6619446.208
41 47 1271027.551
41 48 7604995.593
41 49 9553433.888
41 50 8204758.052
41 51 5454917.88
41 52 5763780.051
41 53 8798651.173
41 54 3937006.313
41 55 6464699.297
41 56 1698783.849
41 57 2444709.516
41 58 1907936.797
41 59 2283143.949
41 60 3050006.583
41 61 4453253.395
41 62 3661282.903
41 63 4921014.546
41 64 4962069.535
41 65 2202464.412
41 66 7398743.697
41 67 7796987.117
41 68 5024380.92
41 69 5909724.023
41 70 6716802.497
41 71 2683119.131
41 72 4918008.272
41 73 7514643.709
41 74 6052186.08
41 75 7649610.865
41 76 3620579.583
41 77 2035700.443
41 78 3410963.387
41 79 5601029.075
41 80 3780449.159
41 81 3763272.756
41 82 4310694.271
41 83 3321488.509
41 84 5549393.885
41 85 4476040.689
41 86 9976720.84
41 87 6561828.708
41 88 4600468.137
41 89 4442678.615
41 90 9557300.696
41 91 5816957.578
41 92 8723457.62
41 93 3815350.65
41 94 4535491.791
41 95 6784420.854
41 96 5223501.554
41 97 3036229.09
41 98 5028995.926
41 99 8594197.536
42 43 6208959.439
42 44 5852231.367
42 45 3193375.704
42 46 7216682.153
42 47 8526407.113
42 48 2855531.242
42 49 234213.7537
42 50 1587781.778
42 51 4332622.892
42 52 4068900.542
42 53 5253341.706
42 54 7832321.491
42 55 4543777.241
42 56 8170186.122
42 57 8158212.93
42 58 8297994.524
42 59 10944251.74
42 60 7017056.713
42 61 5336838.511
42 62 8064213.827
42 63 5650212.297
42 64 4825645.574
42 65 8209749.067
42 66 4542898.826
42 67 6459798.973
42 68 6583855.845
42 69 7923638.819
42 70 6280163.502
42 71 10123637.75
42 72 5749135.198
42 73 9146863.688
42 74 7713769.928
42 75 6863631.644
42 76 8342927.615
42 77 8072221.821
42 78 6449971.36
42 79 6881831.158
42 80 12368584.56
42 81 11025648.43
42 82 9037812.058
42 83 6503223.858
42 84 4282800.254
42 85 6998895.573
42 86 303325.3384
42 87 6699330.825
42 88 6658025.949
42 89 5736923.6
42 90 576180.2694
42 91 6249282.106
42 92 1669962.706
42 93 6186474.16
42 94 5517324.628
42 95 8561263.067
42 96 6805810.203
42 97 7101192.345
42 98 5274054.757
42 99 1245338.087
43 44 4808110.43
43 45 3114500.261
43 46 2539421.799
43 47 3761726.304
43 48 3465407.989
43 49 5996640.749
43 50 4843038.807
43 51 2771987.478
43 52 2554892.787
43 53 4107290.848
43 54 1623362.11
43 55 5214298.465
43 56 3739751.277
43 57 2364885.515
43 58 4271920.149
43 59 5019336.668
43 60 1767251.188
43 61 2299351.524
43 62 5557549.493
43 63 4391020.502
43 64 2575184.908
43 65 2546571.258
43 66 2735417.023
43 67 3302547.294
43 68 709302.1728
43 69 2476027.619
43 70 2207609.098
43 71 4037092.016
43 72 4506464.321
43 73 4305951.229
43 74 7153641.134
43 75 3289277.094
43 76 2140523.829
43 77 2661869.644
43 78 3026612.94
43 79 6216945.39
43 80 6282198.711
43 81 4833691.658
43 82 2867344.132
43 83 2111784.219
43 84 3202436.258
43 85 820217.6615
43 86 6474453.227
43 87 2226944.998
43 88 483967.5505
43 89 3766917.355
43 90 5796460.582
43 91 5929377.842
43 92 4732955.474
43 93 1425900.479
43 94 1280462.243
43 95 3478897.458
43 96 1082220.733
43 97 3793656.277
43 98 1048048.267
43 99 4975081.425
44 45 3812172.35
44 46 3308555.153
44 47 8568561.572
44 48 3874407.605
44 49 5781721.716
44 50 5613226.692
44 51 5942221.227
44 52 5390610.635
44 53 829379.4488
44 54 5737445.404
44 55 8138408.749
44 56 8518873.017
44 57 7052293.286
44 58 9010622.799
44 59 9328444.69
44 60 6565233.92
44 61 6285106.213
44 62 9990689.558
44 63 8135721.289
44 64 6163986.313
44 65 7275726.768
44 66 2459858.732
44 67 1889635.824
44 68 4456132.679
44 69 4311613.669
44 70 2813721.389
44 71 8191386.295
44 72 8270758.089
44 73 4380734.559
44 74 11000265.59
44 75 2253609.244
44 76 6226671.498
44 77 7449486.637
44 78 7457577.756
44 79 10006672.66
44 80 10202741.58
44 81 8503267.109
44 82 6239489.486
44 83 6734558.331
44 84 6334239.358
44 85 5025892.855
44 86 6142527.896
44 87 3092755.053
44 88 4871107.656
44 89 7707101.511
44 90 5278001.862
44 91 9520481.037
44 92 4361547.384
44 93 6033646.752
44 94 5470872.092
44 95 4238373.426
44 96 4310570.572
44 97 8305097.37
44 98 4871716.291
44 99 5215059.173
45 46 4109762.795
45 47 6123971.395
45 48 352062.3064
45 49 3003393.742
45 50 2142360.504
45 51 2385133.992
45 52 1842580.039
45 53 3001297.22
45 54 4720612.161
45 55 4335465.389
45 56 5887515.191
45 57 5296666.964
45 58 6207123.115
45 59 8061911.341
45 60 4289825.988
45 61 3092710.275
45 62 6677029.928
45 63 4526980.38
45 64 2759210.068
45 65 5406102.94
45 66 1620928.534
45 67 3630933.141
45 68 3410696.153
45 69 4747449.008
45 70 3190153.62
45 71 7135065.923
45 72 4660518.749
45 73 6099082.183
45 74 7310432.505
45 75 3968551.783
45 76 5250021.811
45 77 5367636.204
45 78 4378114.398
45 79 6324675.841
45 80 9386116.393
45 81 7943850.395
45 82 5875615.896
45 83 4019162.591
45 84 2685207.301
45 85 3863855.996
45 86 3480679.241
45 87 3586243.211
45 88 3530244.334
45 89 4230771.475
45 90 2724190.451
45 91 5794343.679
45 92 1624138.8
45 93 3487860.768
45 94 2766419.74
45 95 5448017.077
45 96 3616355.399
45 97 5202404.345
45 98 2333069.682
45 99 2035193.076
46 47 5965554.363
46 48 4408519.772
46 49 7051730.746
46 50 6236602.533
46 51 4992539.711
46 52 4597028.42
46 53 2972715.661
46 54 2688917.95
46 55 7503208.797
46 56 6062111.261
46 57 4188799.021
46 58 6646798.927
46 59 6113775.073
46 60 4133701.094
46 61 4768631.506
46 62 8073952.833
46 63 6872492.778
46 64 4937591.781
46 65 4448675.899
46 66 2696781.356
46 67 1418921.747
46 68 1868756.542
46 69 1005792.414
46 70 937175.8031
46 71 4959316.312
46 72 6994059.609
46 73 2014092.296
46 74 9679420.631
46 75 1105199.284
46 76 3091893.078
46 77 4729868.651
46 78 5563277.999
46 79 8730211.142
46 80 6901822.233
46 81 5196737.347
46 82 2944465.282
46 83 4628383.95
46 84 5448798.693
46 85 2250544.773
46 86 7515981.944
46 87 523570.1216
46 88 2291075.114
46 89 6272521.809
46 90 6687332.643
46 91 8407173.988
46 92 5551967.559
46 93 3961156.657
46 94 3740278.761
46 95 1344844.077
46 96 1532203.727
46 97 6310321.34
46 98 3285199.479
46 99 6133327.209
47 48 6416061.247
47 49 8292231.053
47 50 6941638.755
47 51 4194663.732
47 52 4524262.854
47 53 7851234.844
47 54 3400098.928
47 55 5252949.562
47 56 492619.4291
47 57 1881534.583
47 58 993694.5574
47 59 3140456.941
47 60 2008059.703
47 61 3200058.085
47 62 2910336.908
47 63 3725715.089
47 64 3701391.12
47 65 1610428.488
47 66 6369572.564
47 67 7008157.023
47 68 4213237.193
47 69 5403165.584
47 70 5908303.777
47 71 3089281.854
47 72 3736929.863
47 73 7155800.49
47 74 5237075.672
47 75 6920003.615
47 76 3247668.071
47 77 1252241.013
47 78 2142613.89
47 79 4642910.308
47 80 4727775.357
47 81 4286616.499
47 82 4142116.751
47 83 2108005.023
47 84 4279262.13
47 85 3726327.569
47 86 8711950.026
47 87 5820409.105
47 88 3770584.969
47 89 3207195.502
47 90 8307713.559
47 91 4767201.329
47 92 7500810.042
47 93 2677958.342
47 94 3382547.226
47 95 6365980.228
47 96 4474545.989
47 97 1854209.436
47 98 3918251.146
47 99 7341162.049
48 49 2670693.457
48 50 1894153.215
48 51 2560867.998
48 52 2041552.193
48 53 3085167.48
48 54 5072580.934
48 55 4336726.789
48 56 6165211.652
48 57 5632935.847
48 58 6464766.682
48 59 8403089.805
48 60 4609595.237
48 61 3336943.596
48 62 6856381.697
48 63 4647114.58
48 64 2968219.91
48 65 5737290.461
48 66 1839160.035
48 67 3852489.071
48 68 3760736.745
48 69 5073131.011
48 70 3480885.654
48 71 7482685.659
48 72 4778824.096
48 73 6384397.968
48 74 7381758.78
48 75 4208725.021
48 76 5601683.383
48 77 5689003.212
48 78 4618394.22
48 79 6403536.301
48 80 9734219.726
48 81 8295582.251
48 82 6226163.13
48 83 4308331.771
48 84 2817044.705
48 85 4215899.785
48 86 3145878.592
48 87 3885905.692
48 88 3882288.225
48 89 4394860.005
48 90 2377018.551
48 91 5854334.426
48 92 1272147.269
48 93 3799625.692
48 94 3078727.205
48 95 5750816.957
48 96 3961939.282
48 97 5429788.727
48 98 2667016.694
48 99 1724809.293
49 50 1353765.286
49 51 4098534.515
49 52 3837448.667
49 53 5160432.643
49 54 7619841.293
49 55 4344533.391
49 56 7936036.574
49 57 7930872.237
49 58 8064921.69
49 59 10716097.46
49 60 6787162.301
49 61 5103009.763
49 62 7843050.82
49 63 5428788.771
49 64 4591530.636
49 65 7980665.668
49 66 4389890.077
49 67 6327172.792
49 68 6381904.443
49 69 7743398.543
49 70 6116387.413
49 71 9900360.331
49 72 5528990.223
49 73 8993762.691
49 74 7526009.318
49 75 6725609.459
49 76 8128142.181
49 77 7841030.005
49 78 6216106.307
49 79 6684166.966
49 80 12144116.17
49 81 10808389.18
49 82 8831881.968
49 83 6270157.069
49 84 4049256.517
49 85 6789963.878
49 86 479761.1156
49 87 6532592.567
49 88 6448555.224
49 89 5508025.306
49 90 530064.1041
49 91 6052668.733
49 92 1525055.356
49 93 5956979.071
49 94 5290317.528
49 95 8396573.072
49 96 6609417.427
49 97 6869178.268
49 98 5054263.412
49 99 1024468.187
50 51 2750923.775
50 52 2526177.055
50 53 4875200.745
50 54 6453193.135
50 55 3243057.551
50 56 6582620.774
50 57 6645307.608
50 58 6713680.042
50 59 9420322.444
50 60 5481680.78
50 61 3759015.964
50 62 6559974.434
50 63 4151949.227
50 64 3243048.339
50 65 6680303.088
50 66 3732957.426
50 67 5746640.212
50 68 5305970.116
50 69 6812175.121
50 70 5326281.862
50 71 8643717.668
50 72 4260395.431
50 73 8235635.675
50 74 6459057.183
50 75 6100263.652
50 76 6941406.017
50 77 6522316.767
50 78 4862448.392
50 79 5559304.015
50 80 10875554
50 81 9595309.348
50 82 7708089.76
50 83 4934548.722
50 84 2696622.52
50 85 5656185.564
50 86 1774218.549
50 87 5713442.216
50 88 5313460.956
50 89 4181108.331
50 90 1483102.475
50 91 4941214.161
50 92 1397291.073
50 93 4657106.723
50 94 4016228.753
50 95 7566419.971
50 96 5573162.932
50 97 5523013.319
50 98 3847267.214
50 99 591021.2619
51 52 558887.9642
51 53 5113557.866
51 54 4183456.176
51 55 2510752.877
51 56 3851436.975
51 57 4019003.518
51 58 4040195.676
51 59 6744428.227
51 60 2820805.17
51 61 1010962.217
51 62 4296950.653
51 63 2196166.609
51 64 493280.8065
51 65 4014611.407
51 66 3491743.698
51 67 5165075.456
51 68 3433102.7
51 69 5191519.73
51 70 4293998.518
51 71 6062029.424
51 72 2331337.085
51 73 6941111.633
51 74 5060612.482
51 75 5354881.946
51 76 4587617.596
51 77 3813766.774
51 78 2164913.543
51 79 4067065.055
51 80 8248691.808
51 81 7105746.357
51 82 5497937.275
51 83 2198163.357
51 84 456488.3034
51 85 3552013.74
51 86 4524564.604
51 87 4534904.304
51 88 3243046.869
51 89 1845991.843
51 90 4123103.475
51 91 3607212.154
51 92 3411870.955
51 93 2041722.237
51 94 1571594.324
51 95 6144431.709
51 96 3788954.029
51 97 2918577.823
51 98 1763321.672
51 99 3152054.763
52 53 4561482.946
52 54 4076919.218
52 55 2943054.516
52 56 4219638.808
52 57 4122129.09
52 58 4464077.836
52 59 6894160.644
52 60 2955846.154
52 61 1340172.092
52 62 4834626.315
52 63 2752996.909
52 64 927033.3848
52 65 4154135.627
52 66 2946211.523
52 67 4672526.207
52 68 3162995.737
52 69 4881925.272
52 70 3848953.169
52 71 6134754.941
52 72 2888149.987
52 73 6577225.84
52 74 5609741.863
52 75 4884591.173
52 76 4524135.744
52 77 4003670.067
52 78 2597201.278
52 79 4616115.376
52 80 8356733.156
52 81 7123957.409
52 82 5378354.151
52 83 2448995.563
52 84 952536.2406
52 85 3366825.3
52 86 4286780.429
52 87 4119551.977
52 88 3038201.829
52 89 2397442.66
52 90 3798390.994
52 91 4142301.427
52 92 2988969.313
52 93 2131223.113
52 94 1515555.863
52 95 5799626.242
52 96 3499827.057
52 97 3392917.755
52 98 1507357.516
52 99 2845579.949
53 54 5174586.704
53 55 7317633.266
53 56 7777938.348
53 57 6408667.871
53 58 8252930.687
53 59 8798883.926
53 60 5843292.549
53 61 5473681.214
53 62 9184224.499
53 63 7307693.383
53 64 5340540.646
53 65 6619722.545
53 66 1637416.869
53 67 1630365.053
53 68 3828581.924
53 69 3969113.174
53 70 2295289.828
53 71 7682160.865
53 72 7442764.523
53 73 4390328.583
53 74 10171041.48
53 75 2064565.755
53 76 5686834.077
53 77 6766729.504
53 78 6662251.497
53 79 9177467.682
53 80 9765132.906
53 81 8091647.305
53 82 5813904.438
53 83 5966865.813
53 84 5504859.995
53 85 4410333.598
53 86 5551058.227
53 87 2647793.265
53 88 4221169.524
53 89 6884241.239
53 90 4677369.616
53 91 8691323.454
53 92 3687619.281
53 93 5272716.683
53 94 4685600.877
53 95 4092054.016
53 96 3732318.519
53 97 7512285.74
53 98 4086652.972
53 99 4513977.219
54 55 6451197.727
54 56 3592761.235
54 57 1539351.942
54 58 4211473.255
54 59 3630623.737
54 60 1944804.769
54 61 3455315.442
54 62 5888891.336
54 63 5356653.262
54 64 3872144.239
54 65 1809688.074
54 66 4093394.506
54 67 3944583.572
54 68 1419654.194
54 69 2007776.696
54 70 2923767.225
54 71 2545440.035
54 72 5449288.953
54 73 3771645.34
54 74 7856114.381
54 75 3747347.508
54 76 544294.8142
54 77 2149022.639
54 78 3660047.209
54 79 7006685.431
54 80 4743748.283
54 81 3225654.397
54 82 1315004.638
54 83 2699065.51
54 84 4567053.047
54 85 869411.3446
54 86 8097476.901
54 87 2689623.576
54 88 1191581.17
54 89 4691755.555
54 90 7416945.325
54 91 6845340.922
54 92 6343703.342
54 93 2296592.183
54 94 2612475.94
54 95 2969083.87
54 96 1442516.633
54 97 4205789.96
54 98 2613077.22
54 99 6597891.72
55 56 4779552.206
55 57 5869716.338
55 58 4621215.692
55 59 8288487.773
55 60 4724527.232
55 61 2997863.05
55 62 3740503.944
55 63 1549887.049
55 64 2639781.392
55 65 5768813.926
55 66 5780462.469
55 67 7605800.518
55 68 5902365.109
55 69 7673670.091
55 70 6788092.101
55 71 7870139.986
55 72 1574262.356
55 73 9446460.609
55 74 3216209.017
55 75 7827166.504
55 76 6767625.934
55 77 5442293.211
55 78 3229036.125
55 79 2340032.638
55 80 9873556.978
55 81 9022277.178
55 82 7749414.206
55 83 3928073.265
55 84 2054783.389
55 85 5943443.121
55 86 4580027.98
55 87 7042401.712
55 88 5662498.696
55 89 2061227.072
55 90 4657408.181
55 91 1710471.959
55 92 4545668.875
55 93 4158134.831
55 94 3944143.027
55 95 8643324.662
55 96 6266940.812
55 97 3429075.902
55 98 4254624.901
55 99 3833417.022
56 57 2136655.209
56 58 624567.9122
56 59 3632305.271
56 60 1975291.318
56 61 2881126.301
56 62 2488501.586
56 63 3245227.708
56 64 3360081.185
56 65 1878146.416
56 66 6251847.461
56 67 7029359.387
56 68 4255291.85
56 69 5570471.429
56 70 5928423.176
56 71 3542287.259
56 72 3252595.392
56 73 7364393.604
56 74 4778472.664
56 75 6971894.596
56 76 3507929.069
56 77 1475611.517
56 78 1734401.332
56 79 4160673.007
56 80 5220235.013
56 81 4744538.974
56 82 4448818.204
56 83 1883245.879
56 84 3898837.282
56 85 3811568.758
56 86 8346053.406
56 87 5876206.152
56 88 3811601.811
56 89 2745507.191
56 90 7974432.694
56 91 4275645.006
56 92 7207878.863
56 93 2525661.818
56 94 3196952.158
56 95 6558279.205
56 96 4544716.168
56 97 1366489.366
56 98 3762994.233
56 99 7003415.831
57 58 2760975.239
57 59 2789109.872
57 60 1202813.521
57 61 3069045.508
57 62 4561706.658
57 63 4538290.759
57 64 3585107.478
57 65 272369.0447
57 66 5099944.991
57 67 5353388.186
57 68 2596309.542
57 69 3546576.598
57 70 4277822.561
57 71 2049397.518
57 72 4602353.078
57 73 5275374.59
57 74 6707739.54
57 75 5206413.699
57 76 1373552.296
57 77 662011.605
57 78 2720648.221
57 79 5949293.665
57 80 4237190.538
57 81 3157347.332
57 82 2322167.807
57 83 1951810.465
57 84 4291012.808
57 85 2035821.801
57 86 8391550.321
57 87 4117196.427
57 88 2187790.339
57 89 3888325.888
57 90 7826584.694
57 91 5902116.706
57 92 6854178.94
57 93 1994318.595
57 94 2641028.109
57 95 4490998.526
57 96 2779923.73
57 97 3022924.161
57 98 2966139.197
57 99 6916169.705
58 59 4048228.294
58 60 2527210.909
58 61 3131890.011
58 62 1917980.821
58 63 3071495.008
58 64 3562143.352
58 65 2501401.551
58 66 6694597.411
58 67 7573001.474
58 68 4820202.521
58 69 6180761.033
58 70 6474466.193
58 71 4078803.878
58 72 3053340.123
58 73 7982789.74
58 74 4263849.869
58 75 7533120.137
58 76 4132494.364
58 77 2100148.489
58 78 1875554.195
58 79 3722913.183
58 80 5614924.665
58 81 5272276.721
58 82 5070545.246
58 83 2292889.468
58 84 4017696.164
58 85 4398424.546
58 86 8455173.618
58 87 6442070.927
58 88 4378500.825
58 89 2674486.546
58 90 8143118.202
58 91 3911228.04
58 92 7443432.743
58 93 2980216.162
58 94 3605206.137
58 95 7173788.915
58 96 5121907.552
58 97 1231008.709
58 98 4191543.586
58 99 7169477.127
59 60 3940128.827
59 61 5754679.317
59 62 5907079.866
59 63 6805299.034
59 64 6283663.969
59 65 2740323.48
59 66 7688957.687
59 67 7481942.051
59 68 5029974.085
59 69 5193279.244
59 70 6524353.396
59 71 1158803.243
59 72 6831756.656
59 73 6391795.612
59 74 8291690.949
59 75 7217897.997
59 76 3112087.738
59 77 2940357.835
59 78 5065769.337
59 79 7766467.271
59 80 1592533.81
59 81 1684410.217
59 82 3244873.039
59 83 4570899.398
59 84 6966839.936
59 85 4450172.446
59 86 11174328.4
59 87 6239995.171
59 88 4713887.176
59 89 6228217.197
59 90 10615672.71
59 91 7907654.338
59 92 9636085.75
59 93 4763463.674
59 94 5428708.978
59 95 5819888.106
59 96 5071204.068
59 97 4975537.032
59 98 5742306.35
59 99 9703500.566
60 61 1866857.109
60 62 4005017.369
60 63 3482337.04
60 64 2382414.681
60 65 1200123.677
60 66 4373175.33
60 67 5054641.79
60 68 2293479.135
60 69 3757433.941
60 70 3954039.441
60 71 3252001.185
60 72 3563186.018
60 73 5608462.163
60 74 5911354.57
60 75 5006100.977
60 76 2112832.754
60 77 1080097.241
60 78 1724704.161
60 79 5067321.631
60 80 5428222.119
60 81 4341081.375
60 82 3129418.777
60 83 805812.0301
60 84 3088385.533
60 85 1901583.675
60 86 7240913.522
60 87 3915053.141
60 88 1852946.767
60 89 2817539.8
60 90 6712473.726
60 91 4931847.008
60 92 5786842.076
60 93 832305.5384
60 94 1537310.426
60 95 4778579.329
60 96 2602976.968
60 97 2278802.584
60 98 1983800.259
60 99 5782101.324
61 62 3713922.096
61 63 2104393.916
61 64 530219.182
61 65 3040690.662
61 66 3841161.739
61 67 5218139.009
61 68 3007718.059
61 69 4773113.029
61 70 4223153.324
61 71 5118441.43
61 72 2225428.587
61 73 6603593.536
61 74 4935785.007
61 75 5328130.487
61 76 3793266.839
61 77 2816672.196
61 78 1285499.192
61 79 3970431.912
61 80 7276189.016
61 81 6199975.15
61 82 4759271.141
61 83 1191291.365
61 84 1222529.353
61 85 2968596.44
61 86 5533185.07
61 87 4375216.005
61 88 2711055.404
61 89 1516627.524
61 90 5107656.714
61 91 3641370.247
61 92 4329072.017
61 93 1174252.642
61 94 1031097.254
61 95 5778067.538
61 96 3380468.857
61 97 2119136.257
61 98 1528864.628
61 99 4141805.411
62 63 2414277.312
62 64 3930394.753
62 65 4321782.297
62 66 7554361.169
62 67 8793651.381
62 68 6205234.472
62 69 7762224.997
62 70 7730455.641
62 71 5996621.988
62 72 2316236.894
62 73 9612180.165
62 74 2390907.473
62 75 8832134.616
62 76 5901578.395
62 77 3906646.699
62 78 2563526.393
62 79 2056893.018
62 80 7439788.151
62 81 7188448.905
62 82 6882318.871
62 83 3448029.295
62 84 4070401.507
62 85 5892113.402
62 86 8157832.412
62 87 7784331.835
62 88 5788780.805
62 89 2469498.045
62 90 8043030.379
62 91 2456167.125
62 92 7583465.399
62 93 4135957.099
62 94 4555087.511
62 95 8783389.062
62 96 6549293.239
62 97 1764545.913
62 98 5144926.222
62 99 7101798.186
63 64 2012987.275
63 65 4400854.606
63 66 5680509.132
63 67 7256299.371
63 68 5100263.003
63 69 6852756.019
63 70 6300313.553
63 71 6470708.989
63 72 135170.9808
63 73 8696293.399
63 74 2884160.88
63 75 7397262.138
63 76 5590908.54
63 77 4040900.614
63 78 1819777.918
63 79 1896618.035
63 80 8396476.61
63 81 7649741.194
63 82 6602728.397
63 83 2680766.761
63 84 1842234.736
63 85 5004484.061
63 86 5747540.434
63 87 6472123.964
63 88 4777234.581
63 89 666277.7148
63 90 5634723.715
63 91 1538574.397
63 92 5234008.675
63 93 3100506.048
63 94 3135001.867
63 95 7866814.851
63 96 5473101.002
63 97 1885182.752
63 98 3610066.603
63 99 4702907.219
64 65 3564996.409
64 66 3704198.959
64 67 5245763.601
64 68 3267821.707
64 69 5041401.178
64 70 4309560.766
64 71 5633702.619
64 72 2145073.144
64 73 6837034.202
64 74 4896182.258
64 75 5397848.188
64 76 4242943.861
64 77 3346495.459
64 78 1687349.287
64 79 3909583.55
64 80 7801290.026
64 81 6701494.44
64 82 5185216.231
64 83 1721358.837
64 84 713503.8672
64 85 3309996.882
64 86 5016155.236
64 87 4508774.315
64 88 3023500.453
64 89 1543906.473
64 90 4614482.762
64 91 3508551.502
64 92 3881795.776
64 93 1643675.689
64 94 1305948.733
64 95 6023754.822
64 96 3635294.615
64 97 2467597.53
64 98 1652894.87
64 99 3644194.075
65 66 5279695.746
65 67 5595785.596
65 68 2823691.453
65 69 3817347.522
65 70 4514339.602
65 71 2106574.713
65 72 4458661.533
65 73 5547431.254
65 74 6496381.816
65 75 5457702.36
65 76 1640139.35
65 77 415959.9334
65 78 2581431.342
65 79 5757126.762
65 80 4236338.768
65 81 3256533.873
65 82 2571858.925
65 83 1884577.802
65 84 4262002.559
65 85 2273931.816
65 86 8436705.429
65 87 4365317.904
65 88 2405005.15
65 89 3760393.151
65 90 7893915.712
65 91 5732002.422
65 92 6943040.283
65 93 2024394.281
65 94 2703748.529
65 95 4763353.877
65 96 3022921.903
65 97 2822310.219
65 98 3073313.59
65 99 6971691.817
66 67 2014851.699
66 68 2673821.151
66 69 3507706.003
66 70 1762980.397
66 71 6636269.368
66 72 5815382.462
66 73 4604366.563
66 74 8552341.49
66 75 2371640.603
66 76 4635557.274
66 77 5366821.231
66 78 5047846.453
66 79 7558808.423
66 80 8829331.517
66 81 7242565.168
66 82 5015069.861
66 83 4401715.267
66 84 3896483.499
66 85 3243228.746
66 86 4844655.26
66 87 2193657.636
66 88 2977230.744
66 89 5247551.652
66 90 4001850.265
66 91 7087521.956
66 92 2873023.737
66 93 3726996.777
66 94 3096081.027
66 95 4034608.877
66 96 2720445.34
66 97 5899932.555
66 98 2503561.418
66 99 3527387.252
67 68 2796902.78
67 69 2422696.285
67 70 1101289.075
67 71 6335347.471
67 72 7386904.599
67 73 2805966.017
67 74 10133467.58
67 75 442216.654
67 76 4404641.784
67 77 5820871.976
67 78 6231090.336
67 79 9151981.46
67 80 8316589.32
67 81 6614471.716
67 82 4354895.227
67 83 5384033.918
67 84 5609011.654
67 85 3322271.43
67 86 6763111.153
67 87 1255247.568
67 88 3238016.269
67 89 6726059.638
67 90 5898016.522
67 91 8747924.128
67 92 4802573.444
67 93 4677447.483
67 94 4257975.901
67 95 2461721.396
67 96 2573546.722
67 97 7044128.202
67 98 3694361.901
67 99 5517851.416
68 69 1773909.255
68 70 1700860.665
68 71 3963121.459
68 72 5215494.639
68 73 3596700.439
68 74 7854496.88
68 75 2716639.177
68 76 1962507.528
68 77 3026924.071
68 78 3701741.345
68 79 6922242.994
68 80 6160272.354
68 81 4605975.007
68 82 2466103.233
68 83 2760013.692
68 84 3873587.877
68 85 584858.7649
68 86 6861664.034
68 87 1622014.817
68 88 444085.8084
68 89 4474700.643
68 90 6133475.732
68 91 6638565.13
68 92 5029885.929
68 93 2101471.302
68 94 1984564.648
68 95 2770402.237
68 96 372934.9719
68 97 4441572.151
68 98 1673527.749
68 99 5373975.317
69 70 1787956.78
69 71 4034503.208
69 72 6964476.13
69 73 1864438.973
69 74 9556560.494
69 75 2081979.434
69 76 2296572.529
69 77 4150928.58
69 78 5355315.678
69 79 8645147.135
69 80 5912357.573
69 81 4201290.472
69 82 1973860.024
69 83 4382818.096
69 84 5637226.316
69 85 1890391.187
69 86 8217054.832
69 87 1365669.125
69 88 2077356.488
69 89 6215498.751
69 90 7418640.213
69 91 8388430.11
69 92 6282064.548
69 93 3790183.989
69 94 3756095.517
69 95 1028555.42
69 96 1406761.239
69 97 6023039.913
69 98 3428329.585
69 99 6781163.128
70 71 5396851.243
70 72 6427730.312
70 73 2909496.202
70 74 9158143.925
70 75 1108782.058
70 76 3416267.288
70 77 4727669.817
70 78 5173358.917
70 79 8187100.289
70 80 7470497.68
70 81 5803253.667
70 82 3525977.6
70 83 4303201.443
70 84 4748344.964
70 85 2242033.29
70 86 6579733.405
70 87 433073.1491
70 88 2139632.777
70 89 5739530.846
70 90 5750159.431
70 91 7816233.748
70 92 4614902.807
70 93 3600382.803
70 94 3229219.895
70 95 2281138.933
70 96 1505604.659
70 97 5973580.874
70 98 2695512.887
70 99 5205092.487
71 72 6518882.623
71 73 5274238.383
71 74 8320477.207
71 75 6064115.551
71 76 2009050.565
71 77 2432896.238
71 78 4660833.944
71 79 7679063.943
71 80 2252538.581
71 81 1204409.914
71 82 2090599.806
71 83 3986643.054
71 84 6340359.009
71 85 3395528.394
71 86 10368339.17
71 87 5099399.942
71 88 3684675.216
71 89 5844609.981
71 90 9759497.771
71 91 7727338.813
71 92 8737652.445
71 93 4025502.608
71 94 4627973.926
71 95 4675719.34
71 96 3970458.965
71 97 4766348.532
71 98 4859156.587
71 99 8878306.402
72 73 8810584.006
72 74 2751298.317
72 75 7525680.52
72 76 5674376.964
72 77 4092793.217
72 78 1881707.94
72 79 1765201.652
72 80 8423840.192
72 81 7702099.06
72 82 6688053.321
72 83 2764948.734
72 84 1976162.036
72 85 5111022.794
72 86 5841722.809
72 87 6596512.711
72 88 4887977.707
72 89 759109.8245
72 90 5742448.181
72 91 1423996.519
72 92 5355500.316
72 93 3203406.863
72 94 3255018.398
72 95 7980223.415
72 96 5588187.197
72 97 1887344.602
72 98 3735968.409
72 99 4815004.907
73 74 11419430.58
73 75 2365606.297
73 76 3930638.766
73 77 5911839.191
73 78 7219752.105
73 79 10503595.8
73 80 6720451.495
73 81 5037946.847
73 82 3242205.555
73 83 6246956.121
73 84 7394534.422
73 85 3754770.476
73 86 9448846.818
73 87 2531045.659
73 88 3932991.716
73 89 8066057.017
73 90 8601664.673
73 91 10234203.18
73 92 7476902.678
73 93 5651195.106
73 94 5576750.637
73 95 836028.2333
73 96 3223765.988
73 97 7881019.738
73 98 5194008.319
73 99 8105699.133
74 75 10261231.81
74 76 7970104.651
74 77 6084054.334
74 78 4214543.723
74 79 993652.0516
74 80 9830304.63
74 81 9521615.141
74 82 8982045.399
74 83 5191498.962
74 84 4668495.019
74 85 7669879.208
74 86 7718191.879
74 87 9305647.523
74 88 7489711.728
74 89 3419187.701
74 90 7864333.676
74 91 1537307.962
74 92 7741292.652
74 93 5769057.795
74 94 5948431.628
74 95 10583655.93
74 96 8222942.119
74 97 3689721.882
74 98 6462659.957
74 99 7049120.928
75 76 4177554.832
75 77 5708417.955
75 78 6278245.209
75 79 9287424.031
75 80 7993996.179
75 81 6283127.615
75 82 4044231.729
75 83 5396653.265
75 84 5805363
75 85 3199789.928
75 86 7166912.331
75 87 1099628.193
75 88 3160512.994
75 89 6843789.083
75 90 6305596.062
75 91 8906399.684
75 92 5200618.873
75 93 4697929.416
75 94 4337856.089
75 95 2030952.47
75 96 2447607.807
75 97 7072504.962
75 98 3799436.612
75 99 5894982.932
76 77 2032414.667
76 78 3831563.436
76 79 7159107.634
76 80 4199483.658
76 81 2694022.932
76 82 1018482.777
76 83 2910171.051
76 84 4949538.898
76 85 1412257.351
76 86 8604545.639
76 87 3151777.255
76 88 1727771.663
76 89 4924961.429
76 90 7936545.293
76 91 7043244.661
76 92 6871373.943
76 93 2619193.991
76 94 3029243.401
76 95 3171896.18
76 96 1963188.988
76 97 4285724.916
76 98 3094173.095
76 99 7104636.159
77 78 2228008.796
77 79 5353641.509
77 80 4483289.45
77 81 3609358.206
77 82 2982131.266
77 83 1630556.861
77 84 4026503.146
77 85 2508719.529
77 86 8289394.39
77 87 4610059.313
77 88 2592027.212
77 89 3411729.543
77 90 7780698.259
77 91 5342704.309
77 92 6865627.564
77 93 1905556.663
77 94 2617016.78
77 95 5116921.826
77 96 3261404.597
77 97 2416769.232
77 98 3050708.423
77 99 6842938.508
78 79 3346700.342
78 80 6646956.764
78 81 5833386.889
78 82 4849816.586
78 83 977090.7652
78 84 2169715.623
78 85 3465052.426
78 86 6619314.404
78 87 5245268.079
78 88 3309061.599
78 89 1183849.798
78 90 6276051.865
78 91 3213290.007
78 92 5569143.611
78 93 1602121.345
78 94 1996501.366
78 95 6383833.684
78 96 4060270.047
78 97 852496.9847
78 98 2591512.828
78 99 5302608.68
79 80 9337736.882
79 81 8883338.958
79 82 8176711.91
79 83 4315578.941
79 84 3675619.525
79 85 6766754.451
79 86 6909528.134
79 87 8345421.355
79 88 6570618.775
79 89 2457991.188
79 90 6993376.523
79 91 634328.2962
79 92 6807353.652
79 93 4855655.787
79 94 4991703.66
79 95 9669143.131
79 96 7292947.886
79 97 2937195.064
79 98 5492427.513
79 99 6145825.703
80 81 1720106.726
80 82 3963560.418
80 83 6106070.307
80 84 8496096.844
80 85 5609267.294
80 86 12610033.57
80 87 7129301.414
80 88 5912678.475
80 89 7814786.241
80 90 12010111.36
80 91 9493484.304
80 92 10990129.41
80 93 6231468.854
80 94 6860605.709
80 95 6313301.74
80 96 6123893.527
80 97 6567447.409
80 98 7110101.934
80 99 11123512.26
81 82 2277854.275
81 83 5109018.829
81 84 7413971.461
81 85 4091351.534
81 86 11282932.64
81 87 5446468.438
81 88 4417181.05
81 89 7015140.147
81 90 10627506.94
81 91 8926724.28
81 92 9565395.792
81 93 5065630.107
81 94 5608508.169
81 95 4598783.041
81 96 4522161.803
81 97 5967784.877
81 98 5757377.128
81 99 9783995.701
82 83 3923105.316
82 84 5881757.001
82 85 2051937.407
82 86 9311366.123
82 87 3169947.76
82 88 2394742.639
82 89 5936490.943
82 90 8596430.746
82 91 8060887.106
82 92 7495905.125
82 93 3591393.809
82 94 3926569.644
82 95 2593690.878
82 96 2311131.136
82 97 5294411.747
82 98 3894949.32
82 99 7816806.861
83 84 2395946.532
83 85 2492598.966
83 86 6707931.609
83 87 4338462.966
83 88 2352534.05
83 89 2014969.933
83 90 6247325.17
83 91 4148066.61
83 92 5402789.19
83 93 708998.6538
83 94 1318250.653
83 95 5411330.008
83 96 3110164.3
83 97 1683483.417
83 98 1898992.661
83 99 5291346.815
84 85 3968619.281
84 86 4449600.221
84 87 4991306.767
84 88 3667360.854
84 89 1601578.297
84 90 4132468.383
84 91 3191039.352
84 92 3532085.701
84 93 2356980.112
84 94 1969431.067
84 95 6595590.559
84 96 4232600.474
84 97 2838603.927
84 98 2209650.358
84 99 3160192.895
85 86 7268890.279
85 87 2101381.703
85 88 342879.6088
85 89 4355690.033
85 90 6571244.705
85 91 6532226.767
85 92 5487966.518
85 93 1913471.751
85 94 2005195.035
85 95 2918946.606
85 96 752887.7439
85 97 4142350.511
85 98 1863796.242
85 99 5771676.332
86 87 6998067.117
86 88 6927348.773
86 89 5866451.412
86 90 874552.6736
86 91 6275465.384
86 92 1972082.393
86 93 6412340.398
86 94 5752480.827
86 95 8860700.072
86 96 7088660.841
86 97 7249313.668
86 98 5527172.828
86 99 1499927.25
87 88 2064892.792
87 89 5888826.656
87 90 6173071.543
87 91 8000314.168
87 92 5036675.278
87 93 3649968.887
87 94 3357342.051
87 95 1865374.05
87 96 1348681.793
87 97 6020590.859
87 98 2865020.416
87 99 5610662.529
88 89 4138185.921
88 90 6233134.618
88 91 6311781.101
88 92 5153932.259
88 93 1721029.404
88 94 1718385.691
88 95 3098672.132
88 96 760760.9798
88 97 4027731.018
88 98 1531837.011
88 99 5429750.199
89 90 5654177.652
89 91 2176539.109
89 92 5125831.612
89 93 2445808.19
89 94 2533754.195
89 95 7234083.322
89 96 4846752.635
89 97 1444096.028
89 98 3044417.356
89 99 4693704.421
90 91 6367180.485
90 92 1137660.634
90 93 5880224.191
90 94 5190638.319
90 95 8030526.122
90 96 6338941.39
90 97 6970679.326
90 98 4900341.828
90 99 973658.44
91 92 6207506.965
91 93 4621678.254
91 94 4672406.922
91 95 9404114.301
91 96 7011355.717
91 97 2963371.214
91 98 5135481.041
91 99 5529456.223
92 93 4961181.841
92 94 4249893.202
92 95 6895836.388
92 96 5221649.11
92 97 6328383.843
92 98 3894301.216
92 99 879905.9114
93 94 721476.9392
93 95 4815796.817
93 96 2463342.327
93 97 2374604.437
93 98 1242384.423
93 99 4950398.973
94 95 4753860.916
94 96 2356349.521
94 97 2837190.087
94 98 599300.0086
94 99 4275169.134
95 96 2397845.001
95 97 7048494.018
95 98 4388716.565
95 99 7475407.447
96 97 4787686.351
96 98 2025981.636
96 99 5611634.989
97 98 3435022.165
97 99 5998757.446
98 99 4029933.777
