4950
0 1 4875384.069
0 2 3743721.743
0 3 5569363.962
0 4 7690086.926
0 5 5086056.763
0 6 2596370.998
0 7 6714442.817
0 8 7560959.641
0 9 1996862.851
0 10 9144124.305
0 11 4635099.014
0 12 7904460.953
0 13 8616061.886
0 14 4535740.943
0 15 5541265.935
0 16 6775433.212
0 17 9692348.267
0 18 4690747.352
0 19 6957923.04
0 20 8134394.381
0 21 4895447.619
0 22 6249677.519
0 23 7343378.368
0 24 9346720.707
0 25 4707438.906
0 26 8703477.538
0 27 3419833.792
0 28 5412618.806
0 29 2069807.123
0 30 5913370.988
0 31 6342575.413
0 32 3422461.928
0 33 3969917.412
0 34 5239192.439
0 35 6352265.361
0 36 5048476.788
0 37 6924718.219
0 38 6892064.759
0 39 3488678.451
0 40 9890328.811
0 41 4761448.01
0 42 2556923.39
0 43 9025294.121
0 44 1813870.029
0 45 1082131.807
0 46 4216171.775
0 47 4489202.102
0 48 5449598.369
0 49 3924749.792
0 50 5821623.797
0 51 8065950.985
0 52 1954150.654
0 53 6965613.967
0 54 1795478.575
0 55 9152864.757
0 56 7465130.69
0 57 2780573.882
0 58 9190086.489
0 59 5562023.364
0 60 4587583.643
0 61 4945253.163
0 62 7574703.25
0 63 3223578.364
0 64 1446669.666
0 65 4577395.929
0 66 7203228.425
0 67 5379867.06
0 68 8282878.839
0 69 8224225.443
0 70 3749385.795
0 71 1743276.831
0 72 5296442.47
0 73 1791171.666
0 74 4964369.451
0 75 2838690.723
0 76 6216909.53
0 77 4448097.942
0 78 1158533.444
0 79 8118199.168
0 80 6947864.194
0 81 6762874.195
0 82 10424836.68
0 83 7998722.201
0 84 5401038.166
0 85 5275097.85
0 86 1545892.045
0 87 4005603.8
0 88 4557821.175
0 89 6753981.183
0 90 9525879.725
0 91 3406539.301
0 92 5140883.272
0 93 6942233.936
0 94 3677965.934
0 95 7694589.473
0 96 5450558.695
0 97 4923360.821
0 98 4730211.285
0 99 2669786.237
1 2 6553869.99
1 3 5233875.15
1 4 3773738.4
1 5 2251337.928
1 6 4666640.574
1 7 3212509.074
1 8 4714503.549
1 9 4531250.32
1 10 4653299.299
1 11 5688230.265
1 12 5430115.996
1 13 4016195.572
1 14 3514717.494
1 15 4318566.832
1 16 3160428.47
1 17 5409550.525
1 18 6309588.97
1 19 4662350.758
1 20 3268058.313
1 21 5763999.07
1 22 2665429.357
1 23 2666799.578
1 24 4672066.1
1 25 4734228.738
1 26 3828101.135
1 27 2436075.494
1 28 3451253.846
1 29 4538878.534
1 30 3838565.027
1 31 2551574.584
1 32 1498120.776
1 33 938954.0145
1 34 1518594.851
1 35 4266119.917
1 36 2354143.476
1 37 3704691.648
1 38 2647734.783
1 39 5544049.136
1 40 6108784.725
1 41 6361627.461
1 42 5477788.105
1 43 4576763.072
1 44 5276698.208
1 45 3833654.438
1 46 1275100.277
1 47 3759392.104
1 48 4620240.328
1 49 2700300.765
1 50 2191853.141
1 51 3707077.186
1 52 4710493.241
1 53 3575606.147
1 54 3169792.585
1 55 4610601.77
1 56 4559635.624
1 57 3366003.386
1 58 5126788.869
1 59 2831648.229
1 60 1503033.956
1 61 4185592.337
1 62 4084196.569
1 63 5793733.954
1 64 5137185.221
1 65 4140114.947
1 66 2367384.671
1 67 2200842.17
1 68 4827456.955
1 69 4026794.681
1 70 1153310.843
1 71 3764042.666
1 72 5415168.096
1 73 3213247.788
1 74 6920002.807
1 75 2754474.133
1 76 1670166.09
1 77 6045569.631
1 78 4984493.139
1 79 3715108.435
1 80 2211204.814
1 81 4645635.082
1 82 6205246.852
1 83 4415048.729
1 84 3577221.775
1 85 4061414.905
1 86 4791407.737
1 87 1661118.709
1 88 2394881.147
1 89 2750954.326
1 90 5071608.468
1 91 3707266.849
1 92 1031610.867
1 93 2067440.608
1 94 5741960.226
1 95 4414677.046
1 96 1520970.941
1 97 1873153.608
1 98 2078864.177
1 99 2580841.656
2 3 3516838.488
2 4 7597167.276
2 5 7827034.186
2 6 6306281.447
2 7 9367991.583
2 8 6608349.991
2 9 2245917.152
2 10 11205886.78
2 11 8356353.903
2 12 6560087.29
2 13 10557760.78
2 14 3853694.022
2 15 8908527.103
2 16 9377587.382
2 17 11953414.15
2 18 8434335.026
2 19 5781495.781
2 20 9546039.92
2 21 8609667.682
2 22 8825143.524
2 23 8152076.672
2 24 11176707.02
2 25 8288347.402
2 26 9945684.674
2 27 4140882.632
2 28 8538292.422
2 29 2202816.654
2 30 5044115.952
2 31 6569557.115
2 32 5203514.882
2 33 5969846.031
2 34 7615092.608
2 35 9537077.773
2 36 7839661.136
2 37 9723987.292
2 38 9135388.786
2 39 1094660.355
2 40 9238596.672
2 41 1528737.666
2 42 1278852.124
2 43 11130623.56
2 44 5536384.627
2 45 3791557.454
2 46 6603040.4
2 47 3609255.724
2 48 3876638.862
2 49 6998330.412
2 50 6157771.412
2 51 8333572.607
2 52 2128529.592
2 53 6641663.066
2 54 4735575.405
2 55 11157993.9
2 56 6588919.482
2 57 3188779.446
2 58 8933817.597
2 59 5389724.378
2 60 5404732.559
2 61 3680660.922
2 62 7141312.577
2 63 763199.1211
2 64 5173593.191
2 65 8039963.909
2 66 8344972.847
2 67 8029534.861
2 68 7636284.165
2 69 10536448.65
2 70 5801930.609
2 71 3128843.304
2 72 3029369.119
2 73 4799653.977
2 74 8689741.83
2 75 3814664.427
2 76 7131302.381
2 77 8191405.689
2 78 4896049.093
2 79 8426860.532
2 80 7923580.919
2 81 5525387.086
2 82 12744499.86
2 83 7531930.557
2 84 8571047.914
2 85 4132581.308
2 86 2357235.578
2 87 4970280.338
2 88 7447939.704
2 89 7006534.016
2 90 11625072.84
2 91 2968064.492
2 92 7303116.486
2 93 8314575.035
2 94 975324.9986
2 95 10512734.08
2 96 7760024.66
2 97 5422416.706
2 98 7464618.288
2 99 5567859.11
3 4 4568480.198
3 5 7256521.25
3 6 7494339.294
3 7 8444170.237
3 8 3220404.931
3 9 3606643.368
3 10 9454792.58
3 11 9369910.747
3 12 3059774.312
3 13 8754777.71
3 14 1741718.092
3 15 8998613.827
3 16 8394303.322
3 17 10336125.77
3 18 9711594.189
3 19 2369144.071
3 20 7384663.788
3 21 9564313.37
3 22 7892863.679
3 23 5690964.733
3 24 9212446.656
3 25 8860488.097
3 26 7600457.245
3 27 3227760.825
3 28 8318035.41
3 29 3536614.865
3 30 1968882.007
3 31 3953047.108
3 32 4542885.059
3 33 5163678.049
3 34 6695080.992
3 35 9268599.423
3 36 7323929.752
3 37 8924945.922
3 38 7803356.143
3 39 2651765.165
3 40 5833077.612
3 41 2198806.351
3 42 3576619.88
3 43 9428478.991
3 44 7224118.1
3 45 4877426.124
3 46 5956652.752
3 47 1539292.837
3 48 673562.8446
3 49 6995002.193
3 50 3746122.451
3 51 5452113.063
3 52 3701495.818
3 53 3598382.969
3 54 5368072.674
3 55 9357203.713
3 56 3235645.514
3 57 3042386.894
3 58 5699444.566
3 59 2798179.406
3 60 3734494.69
3 61 1052190.861
3 62 3961127.146
3 63 3173223.207
3 64 6878886.302
3 65 8407683.003
3 66 6124062.445
3 67 7317207.843
3 68 4305310.437
3 69 9100597.74
3 70 5113521.663
3 71 3945000.547
3 72 503827.9199
3 73 5461105.799
3 74 10153898.48
3 75 3453643.082
3 76 4954385.462
3 77 9433184.453
3 78 6583756.958
3 79 5562278.208
3 80 5635885.995
3 81 2111823.552
3 82 11129334.65
3 83 4294541.099
3 84 8407085.61
3 85 1238097.072
3 86 4127226.788
3 87 3678590.106
3 88 7126834.028
3 89 4314453.602
3 90 9874007.197
3 91 2300802.03
3 92 6239375.781
3 93 6296010.198
3 94 2633774.846
3 95 9647727.097
3 96 6740003.419
3 97 3442399.314
3 98 6962424.733
3 99 5792398.838
4 5 5866320.414
4 6 8265832.937
4 7 6185800.091
4 8 1800773.29
4 9 6421124.562
4 10 5869015.728
4 11 9457466.169
4 12 2566204.915
4 13 5200350.434
4 14 3761647.769
4 15 7983115.595
4 16 6064522.759
4 17 6813652.347
4 18 10063235.82
4 19 2436225.464
4 20 3572725.015
4 21 9537424.1
4 22 5774185.123
4 23 1864574.152
4 24 5389046.847
4 25 8503631.549
4 26 3499084.108
4 27 4285145.161
4 28 7066056
4 29 6385229.778
4 30 2633030.799
4 31 1370530.289
4 32 4577316.222
4 33 4523185.311
4 34 5027965.942
4 35 7713779.023
4 36 5985544.857
4 37 6725408.644
4 38 5127106.093
4 39 6518235.659
4 40 2348834.129
4 41 6633701.142
4 42 7031436.704
4 43 5908860.78
4 44 8646260.886
4 45 6626338.91
4 46 5047739.031
4 47 3992002.729
4 48 3951324.204
4 49 6473536.531
4 50 1887715.531
4 51 953495.1617
4 52 6601254.486
4 53 977233.8874
4 54 6377528.257
4 55 5720690.238
4 56 1671879.992
4 57 5123680.387
4 58 1500243.493
4 59 2268905.923
4 60 3159081.24
4 61 3959639.793
4 62 744514.6951
4 63 6982489.006
4 64 8421816.618
4 65 7905047.749
4 66 2570292.255
4 67 5704092.593
4 68 1203742.314
4 69 5985959.468
4 70 4672239.394
4 71 6059374.139
4 72 5023270.617
4 73 6452069.461
4 74 10662802
4 75 4869708.546
4 76 2177886.869
4 77 9794354.952
4 78 8200731.804
4 79 1070879.906
4 80 2177049.19
4 81 2635381.183
4 82 7532077.789
4 83 781561.2842
4 84 7206030.23
4 85 3526502.481
4 86 6896953.233
4 87 3719545.627
4 88 6130464.007
4 89 1035501.03
4 90 6238047.039
4 91 4850095.511
4 92 4570624.52
4 93 3032426.127
4 94 6622188.589
4 95 7209861.965
4 96 4904758.932
4 97 2772431.778
4 98 5781703.387
4 99 6105700.544
5 6 3680970.962
5 7 1629546.495
5 8 6956662.256
5 9 5599535.902
5 10 4230830.452
5 11 3929595.954
5 12 7680217.725
5 13 3837795.649
5 14 5515754.469
5 15 2116800.458
5 16 1690607.713
5 17 4653259.807
5 18 4640446.839
5 19 6909781.919
5 20 4041061.095
5 21 3927150.612
5 22 1182435.415
5 23 4374035.396
5 24 4602136.109
5 25 2818699.12
5 26 4701115.687
5 27 4118842.155
5 28 1209723.54
5 29 5634451.315
5 30 6052314.779
5 31 4757544.582
5 32 2789847.971
5 33 2096334.969
5 34 845463.3523
5 35 2036977.684
5 36 126038.5107
5 37 1904376.728
5 38 2030616.787
5 39 6967134.577
5 40 8132328.404
5 41 8000479.721
5 42 6597718.584
5 43 4089009.738
5 44 4670004.36
5 45 4312034.434
5 46 1312670.611
5 47 5724260.168
5 48 6694733.258
5 49 1302537.467
5 50 4435753.273
5 51 5589248.012
5 52 5743287.332
5 53 5795165.237
5 54 3345443.042
5 55 4279762.263
5 56 6800445.918
5 57 4793527.076
5 58 7077817.112
5 59 5065601.723
5 60 3649986.121
5 61 6208618.501
5 62 6268949.095
5 63 7076846.094
5 64 4691140.105
5 65 2215176.717
5 66 3796635.386
5 67 339747.8131
5 68 6990658.557
5 69 3202789.378
5 70 2175569.305
5 71 4717641.828
5 72 7355079.446
5 73 3324883.472
5 74 5279384.807
5 75 4160986.931
5 76 3688471.273
5 77 4416062.64
5 78 4668331.093
5 79 5564863.373
5 80 3908938.152
5 81 6884710.152
5 82 5357867.245
5 83 6566689.952
5 84 1344184.993
5 85 6163509.344
5 86 5656456.965
5 87 3580757.033
5 88 590918.5838
5 89 4890573.401
5 90 4570427.581
5 91 5359795.585
5 92 1299354.915
5 93 3296183.044
5 94 7185234.429
5 95 2694556.073
5 96 1014317.261
5 97 4077695.366
5 98 367540.1985
5 99 2434347.596
6 7 5139116.72
6 8 8684097.192
6 9 4294111.692
6 10 7896988.243
6 11 2050328.626
6 12 9211715.167
6 13 7518309.647
6 14 6058348.831
6 15 3263075.118
6 16 5246565.728
6 17 8233503.973
6 18 2231895.428
6 19 8280396.013
6 20 7537907.009
6 21 2304252.858
6 22 4820036.663
6 23 7329549.351
6 24 8282558.959
6 25 2208372.231
6 26 8182393.16
6 27 4555681.218
6 28 3458522.075
6 29 4362529.702
6 30 7228502.055
6 31 6914320.7
6 32 3719997.383
6 33 3782729.047
6 34 4223176.831
6 35 4228385.331
6 36 3589432.661
6 37 5172549.863
6 38 5710009.786
6 39 5895745.756
6 40 10607453.74
6 41 7164525.541
6 42 5068063.762
6 43 7749325.937
6 44 1158946.963
6 45 2701061.914
6 46 3503246.417
6 47 6119951.929
6 48 7190125.332
6 49 2388868.984
6 50 6424153.53
6 51 8348982.599
6 52 4324598.744
6 53 7790952.965
6 54 2157054.509
6 55 7954212.66
6 56 8555452.563
6 57 4452338.431
6 58 9709505.921
6 59 6549475.147
6 60 5182552.086
6 61 6643838.21
6 62 8384145.827
6 63 5721236.674
6 64 1372927.977
6 65 2255286.312
6 66 6950541.365
6 67 4020554.601
6 68 9142304.071
6 69 6828822.36
6 70 3609490.028
6 71 3624774.54
6 72 7341480.069
6 73 2063577.22
6 74 2663485.194
6 75 4126208.108
6 76 6315869.792
6 77 1960690.514
6 78 1545724.412
6 79 8366050.054
6 80 6866827.304
6 81 8143460.942
6 82 8874212.892
6 83 8777537.728
6 84 3390968.928
6 85 6849337.279
6 86 3988180.025
6 87 4706430.724
6 88 3091880.231
6 89 7235458.356
6 90 8218272.498
6 91 5193541.523
6 92 4379424.051
6 93 6541286.561
6 94 6104856.774
6 95 5856548.573
6 96 4456725.959
6 97 5639893.093
6 98 3422269.006
6 99 2160319.534
7 8 7581318.585
7 9 7164627.172
7 10 2833086.657
7 11 4895003.606
7 12 8357176.577
7 13 2625133.866
7 14 6716641.103
7 15 2592875.809
7 16 157385.6296
7 17 3094790.693
7 18 5636172.765
7 19 7705736.886
7 20 3431723.719
7 21 4808700.663
7 22 558410.2701
7 23 4419979.204
7 24 3355818.369
7 25 3737200.756
7 26 4050146.75
7 27 5475089.312
7 28 1822395.275
7 29 7194786.885
7 30 6990219.446
7 31 5347934.073
7 32 4208435.983
7 33 3450985.762
7 34 1792139.937
7 35 1802049.861
7 36 1667743.259
7 37 540719.4594
7 38 1151722.013
7 39 8461042.43
7 40 8250743.244
7 41 9424026.819
7 42 8162901.783
7 43 2672030.752
7 44 6199775.11
7 45 5933310.547
7 46 2765137.688
7 47 6953234.514
7 48 7832667.053
7 49 2858601.237
7 50 5163983.468
7 51 5668485.045
7 52 7316370.795
7 53 6367360.69
7 54 4972783.032
7 55 2924137.645
7 56 7421590.563
7 57 6257624.569
7 58 7143180.862
7 59 5963494.611
7 60 4715472.634
7 61 7394080.321
7 62 6732629.346
7 63 8610167.344
7 64 6255380.95
7 65 3228751.995
7 66 3723857.969
7 67 1359521.7
7 68 7380470.165
7 69 1715035.052
7 70 3589995.243
7 71 6290576.541
7 72 8609177.626
7 73 4953719.906
7 74 6262063.857
7 75 5616061.361
7 76 4128517.262
7 77 5461999.268
7 78 6255382.232
7 79 5612144.19
7 80 4024661.95
7 81 7730557.153
7 82 3759741.348
7 83 6950227.992
7 84 1947942.921
7 85 7272550.329
7 86 7253955.338
7 87 4808535.781
7 88 2170621.771
7 89 5347551.559
7 90 3110280.468
7 91 6753493.566
7 92 2210793.549
7 93 3207656.563
7 94 8674671.076
7 95 1204745.094
7 96 1709421.216
7 97 5063992.933
7 98 1991077.832
7 99 4062914.278
8 9 5939103.344
8 10 7608007.585
8 11 10166356.47
8 12 799260.1637
8 13 6924481.594
8 14 3096267.438
8 15 9031577
8 16 7478296.774
8 17 8550384.227
8 18 10693252.12
8 19 851502.5521
8 20 5321930.356
8 21 10289234.09
8 22 7109573.449
8 23 3552727.715
8 24 7163082.691
8 25 9341349.204
8 26 5292921.31
8 27 4226574.956
8 28 8162784.535
8 29 5886893.278
8 30 1685363.719
8 31 2237960.432
8 32 5003575.73
8 33 5219959.201
8 34 6167616.739
8 35 8932875.815
8 36 7063857.986
8 37 8119539.66
8 38 6615082.088
8 39 5601722.838
8 40 2631896.869
8 41 5410899.53
8 42 6320557.244
8 43 7635535.965
8 44 8831786.477
8 45 6581325.694
8 46 5904158.127
8 47 3232023.912
8 48 2736814.359
8 49 7283841.164
8 50 2522723.281
8 51 2746338.999
8 52 6097367.314
8 53 1217436.281
8 54 6602315.131
8 55 7467405.381
8 56 159728.022
8 57 4795229.117
8 58 2530914.808
8 59 2134965.547
8 60 3567668.188
8 61 2970995.722
8 62 1056388.544
8 63 6111303.715
8 64 8551959.089
8 65 8773430.163
8 66 4213463.587
8 67 6864395.4
8 68 1098871.494
8 69 7621617.159
8 70 5305845.435
8 71 5825431.613
8 72 3718973.238
8 73 6689474.865
8 74 11250069.92
8 75 4770225.911
8 76 3455597.825
8 77 10413959.11
8 78 8293049.118
8 79 2863174.555
8 80 3756061.444
8 81 1108635.255
8 82 9287037.901
8 83 1205190.308
8 84 8290692.395
8 85 2525345.682
8 86 6464311.027
8 87 3983525.907
8 88 7094333.6
8 89 2266873.502
8 90 7989683.983
8 91 4291088.028
8 92 5677318.498
8 93 4607142.796
8 94 5653133.996
8 95 8687498.376
8 96 6097284.454
8 97 3091223.995
8 98 6792191.569
8 99 6578490.908
9 10 9159183.09
9 11 6323496.11
9 12 6165315.69
9 13 8540638.76
9 14 2843074.944
9 15 6680755.759
9 16 7182943.849
9 17 9856566.145
9 18 6506337.829
9 19 5241980.43
9 20 7699010.477
9 21 6560773.825
9 22 6630206.881
9 23 6527154.226
9 24 9203185.339
9 25 6129149.801
9 26 8173295.315
9 27 2302957.453
9 28 6292576.203
9 29 73051.32731
9 30 4253943.245
9 31 5177431.918
9 32 3084753.073
9 33 3834792.612
9 34 5441586.773
9 35 7291742.536
9 36 5607120.357
9 37 7501754.614
9 38 7014567.026
9 39 1606723.401
9 40 8435902.212
9 41 2870480.324
9 42 998782.388
9 43 9070308.197
9 44 3757273.599
9 45 1624484.22
9 46 4408376.713
9 47 2722945.617
9 48 3564264.645
9 49 4753672.28
9 50 4687523.413
9 51 6981019.449
9 52 188230.6422
9 53 5568572.11
9 54 2511814.348
9 55 9127978.565
9 56 5867362.474
9 57 1327734.476
9 58 7886559.952
9 59 4163150.209
9 60 3650181.186
9 61 3104115.468
9 62 6152728.432
9 63 1528328.955
9 64 3394410.811
9 65 5839094.674
9 66 6579286.543
9 67 5815225.302
9 68 6795314.586
9 69 8414270.545
9 70 3648273.89
9 71 884812.2534
9 72 3307554.74
9 73 2582177.711
9 74 6852891.948
9 75 1810929.365
9 76 5424566.716
9 77 6244039.699
9 78 3095893.409
9 79 7055299.548
9 80 6216871.484
9 81 5021201
9 82 10637515.21
9 83 6575777.206
9 84 6326366.485
9 85 3489926.715
9 86 536986.4679
9 87 3115292.226
9 88 5205866.586
9 89 5618937.974
9 90 9571260.848
9 91 1648308.89
9 92 5169776.385
9 93 6455724.037
9 94 1821197.744
9 95 8291758.263
9 96 5602674.372
9 97 3822838.608
9 98 5234817.388
9 99 3323543.346
10 11 7714868.658
10 12 8402040.651
10 13 702939.8296
10 14 7888994.162
10 15 5373254.781
10 16 2699576.966
10 17 944641.412
10 18 8455738.976
10 19 8027091.586
10 20 2296461.757
10 21 7614339.938
10 22 3077536.889
10 23 4057045.092
10 24 742526.258
10 25 6561483.018
10 26 2524040.188
10 27 7073704.037
10 28 4654827.306
10 29 9171963.796
10 30 7643894.989
10 31 5649964.178
10 32 6076384.93
10 33 5343339.624
10 34 3906212.444
10 35 4442289.122
10 36 4313295.392
10 37 3026422.358
10 38 2256971.529
10 39 10184494.76
10 40 7322756.658
10 41 10919912.33
10 42 10122065.64
10 43 171913.8048
10 44 8900240.66
10 45 8222978.468
10 46 4933301.551
10 47 8159234.308
10 48 8786296.712
10 49 5533152.588
10 50 5731646.616
10 51 5032231.633
10 52 9333421.053
10 53 6457521.387
10 54 7349305.676
10 55 183305.2268
10 56 7459618.669
10 57 8019098.544
10 58 6243821.282
10 59 6676550.084
10 60 5917551.155
10 61 8476693.271
10 62 6581089.347
10 63 10446536.72
10 64 8910510.576
10 65 6061790.022
10 66 3435241.644
10 67 3895519.865
10 68 7016228.256
10 69 1135001.459
10 70 5545735.69
10 71 8349533.55
10 72 9749322.081
10 73 7353820.901
10 74 9075574.694
10 75 7405647.917
10 76 4511128.092
10 77 8289151.772
10 78 8868899.258
10 79 4931809.629
10 80 3924083.722
10 81 8140439.225
10 82 1694061.937
10 83 6629261.49
10 84 4777594.79
10 85 8216733.384
10 86 9371296.274
10 87 6260771.57
10 88 4821085.072
10 89 5426793.403
10 90 423691.386
10 91 8318754.704
10 92 4039578.795
10 93 3167747.201
10 94 10377118.82
10 95 2779748.551
10 96 3693691.628
10 97 6073184.211
10 98 4532756.958
10 99 6491432.369
11 12 10773646.68
11 13 7506700.737
11 14 7823439.134
11 15 2369685.06
11 16 5039010.898
11 17 7815959.804
11 18 741218.6126
11 19 9876734.651
11 20 7959965.752
11 21 276409.4721
11 22 4790391.955
11 23 8199845.304
11 24 8248350.945
11 25 1160048.448
11 26 8619807.136
11 27 6267491.757
11 28 3083582.888
11 29 6390351.81
11 30 8858099.132
11 31 8178914.299
11 32 5186098.402
11 33 4976669.661
11 34 4714758.64
11 35 3391491.751
11 36 3806265.836
11 37 4711200.418
11 38 5798846.825
11 39 7929332.448
11 40 11796865.61
11 41 9191766.891
11 42 7117317.261
11 43 7549304.627
11 44 2981124.756
11 45 4709838.625
11 46 4413314.041
11 47 7923354.995
11 48 9002135.731
11 49 2991586.495
11 50 7739297.997
11 51 9353979.811
11 52 6363051.972
11 53 9148707.909
11 54 4012709.412
11 55 7815138.623
11 56 10024805.74
11 57 6344386.947
11 58 10805402.06
11 59 8056062.443
11 60 6598705.653
11 61 8454966.519
11 62 9706538.284
11 63 7768530.405
11 64 3297899.126
11 65 1726084.251
11 66 7682148.268
11 67 4229481.163
11 68 10463787.61
11 69 6582051.66
11 70 4867950.561
11 71 5607968.626
11 72 9262309.324
11 73 3921320.158
11 74 1371673.687
11 75 5928007.339
11 76 7341440.754
11 77 606502.2798
11 78 3530394.806
11 79 9347251.71
11 80 7726334.152
11 81 9772012.308
11 82 8324272.268
11 83 10066319.61
11 84 2950228.038
11 85 8605017.988
11 86 6035458.603
11 87 6223002.417
11 88 3463309.754
11 89 8427303.748
11 90 7955299.798
11 91 7084476.004
11 92 5053010.599
11 93 7199866.55
11 94 8141051.395
11 95 5199471.293
11 96 4920178.533
11 97 7075378.542
11 98 3846008.387
11 99 3657653.314
12 13 7720325.684
12 14 3370699.215
12 15 9734974.617
12 16 8256982.731
12 17 9345049.486
12 18 11273895.55
12 19 949722.2262
12 20 6112900.967
12 21 10908427.03
12 22 7877600.814
12 23 4348903.152
12 24 7947878.628
12 25 9989685.878
12 26 6065288.34
12 27 4682641.003
12 28 8881108.39
12 29 6107032.601
12 30 2010073.108
12 31 3009262.871
12 32 5588960.015
12 33 5872852.564
12 34 6906211.244
12 35 9674079.17
12 36 7784210.263
12 37 8894017.508
12 38 7404485.446
12 39 5618589.611
12 40 2871868.215
12 41 5246532.82
12 42 6427814.452
12 43 8431322.889
12 44 9278227.966
12 45 6974524.654
12 46 6585304.701
12 47 3447799.271
12 48 2720067.611
12 49 7939327.256
12 50 3248948.194
12 51 3495049.462
12 52 6309575.266
12 53 2008387.617
12 54 7091925.55
12 55 8260007.795
12 56 954677.5381
12 57 5124153.179
12 58 3052423.008
12 59 2720664.997
12 60 4194750.26
12 61 3081411.673
12 62 1829391.091
12 63 6139715.3
12 64 8981334.181
12 65 9433213.752
12 66 5012476.576
12 67 7602575.784
12 68 1644591.879
12 69 8420575.221
12 70 5941200.788
12 71 6161310.442
12 72 3561668.075
12 73 7181879.272
12 74 11814465.01
12 75 5190302.025
12 76 4238427.613
12 77 10992922.71
12 78 8711525.163
12 79 3610406.978
12 80 4555190.557
12 81 1146349.347
12 82 10078350.68
12 83 1889541.457
12 84 9005739.657
12 85 2675682.309
12 86 6700199.87
12 87 4553986.501
12 88 7789066.049
12 89 3062461.936
12 90 8781434.067
12 91 4539852.253
12 92 6413535.869
12 93 5405506.609
12 94 5638820.172
12 95 9472716.779
12 96 6846003.167
12 97 3719128.558
12 98 7499764.434
12 99 7147726.819
13 14 7197986.739
13 15 5217324.034
13 16 2475033.367
13 17 1629725.599
13 18 8246855.756
13 19 7330614.326
13 20 1639329.832
13 21 7429518.421
13 22 2748148.08
13 23 3371754.503
13 24 764354.3593
13 25 6346729.405
13 26 1965324.788
13 27 6419264.761
13 28 4423270.689
13 29 8550717.456
13 30 6940958.941
13 31 4948423.07
13 32 5466631.121
13 33 4750526.963
13 34 3406489.268
13 35 4362874.589
13 36 3933103.913
13 37 2933590.679
13 38 1808756.179
13 39 9526795.449
13 40 6744482.908
13 41 10240179.59
13 42 9493688.169
13 43 711058.6489
13 44 8478127.005
13 45 7666015.847
13 46 4400854.705
13 47 7469054.887
13 48 8085724.923
13 49 5132865.382
13 50 5029104.786
13 51 4386792.643
13 52 8717434.233
13 53 5765639.321
13 54 6821470.468
13 55 608475.3524
13 56 6774802.667
13 57 7375864.966
13 58 5650513.198
13 59 5974435.309
13 60 5238977.658
13 61 7780331.383
13 62 5904451.039
13 63 9800676.336
13 64 8465006.09
13 65 5812646.071
13 66 2737656.899
13 67 3498068.136
13 68 6360833.581
13 69 1153431.545
13 70 4958895.437
13 71 7746380.971
13 72 9052810.099
13 73 6832154.88
13 74 8876979.373
13 75 6770370.035
13 76 3808786.802
13 77 8062406.26
13 78 8405166.802
13 79 4290253.478
13 80 3224634.96
13 81 7441410.64
13 82 2395523.302
13 83 5966993.106
13 84 4556986.678
13 85 7516680.684
13 86 8771906.625
13 87 5599270.299
13 88 4426445.945
13 89 4730499.596
13 90 1119247.517
13 91 7653238.375
13 92 3479681.533
13 93 2465122.72
13 94 9716626.597
13 95 2874629.434
13 96 3182513.839
13 97 5382074.121
13 98 4108215.195
13 99 5988188.808
14 15 7290849.287
14 16 6671553.648
14 17 8740084.879
14 18 8227862.681
14 19 2427947.204
14 20 5947644.505
14 21 7999288.587
14 22 6162971.082
14 23 4388937.524
14 24 7715774.209
14 25 7227239.645
14 26 6257225.115
14 27 1564033.271
14 28 6588098.295
14 29 2791596.11
14 30 1411778.465
14 31 2732686.888
14 32 2829325.426
14 33 3425058.444
14 34 4957870.581
14 35 7531768.902
14 36 5584365.38
14 37 7191098.455
14 38 6121314.118
14 39 2765054.025
14 40 5617896.849
14 41 3106065.863
14 42 3300338.657
14 43 7848060.971
14 44 5978460.06
14 45 3636594.961
14 46 4218879.027
14 47 274961.4214
14 48 1209211.135
14 49 5303110.541
14 50 2366091.368
14 51 4480100.59
14 52 3003149.22
14 53 2830902.124
14 54 3901314.829
14 55 7805829.042
14 56 3024892.628
14 57 1758490.058
14 58 5156646.789
14 59 1537303.212
14 60 2031763.081
14 61 693491.5695
14 62 3378140.152
14 63 3221090.722
14 64 5663682.605
14 65 6746076.902
14 66 4694987.587
14 67 5575822.527
14 68 3976156.887
14 69 7451241.35
14 70 3382570.276
14 71 2793730.906
14 72 1903136.029
14 73 3994771.625
14 74 8715433.026
14 75 1932659.284
14 76 3476918.24
14 77 7946199.929
14 78 5384346.112
14 79 4574118.173
14 80 4231582.648
14 81 2227306.197
14 82 9538447.722
14 83 3791941.195
14 84 6680582.034
14 85 791028.1401
14 86 3368309.224
14 87 1936874.746
14 88 5398779.101
14 89 3162842.275
14 90 8311953.262
14 91 1194853.557
14 92 4507736.022
14 93 4780104.654
14 94 2884024.61
14 95 7921220.381
14 96 5009108.046
14 97 1815956.095
14 98 5224861.014
14 99 4182855.949
15 16 2745120.529
15 17 5446366.631
15 18 3103641.024
15 19 8927730.821
15 20 5877258.252
15 21 2245864.538
15 22 2604483.874
15 23 6456819.657
15 24 5940160.707
15 25 1266709.649
15 26 6525855.584
15 27 5772868.695
15 28 935762.8046
15 29 6732908.296
15 30 8013520.087
15 31 6856704.825
15 32 4461698.379
15 33 3934607.879
15 34 2958096.5
15 35 1041736.36
15 36 1998031.667
15 37 2352164.749
15 38 3611604.928
15 39 8219318.529
15 40 10242783.91
15 41 9383591.54
15 42 7630719.632
15 43 5205357.771
15 44 4421890.952
15 45 5129422.085
15 46 3168439.016
15 47 7463127.806
15 48 8497858.943
15 49 2018070.7
15 50 6509746.479
15 51 7687167.003
15 52 6782552.524
15 53 7889594.642
15 54 4173270.762
15 55 5482575.286
15 56 8877334.958
15 57 6216997.364
15 58 9179817.292
15 59 7066772.18
15 60 5604299.776
15 61 7978408.362
15 62 8376876.362
15 63 8209057.557
15 64 4604697.476
15 65 1008216.051
15 66 5843274.38
15 67 2306182.553
15 68 9103506.569
15 69 4238253.805
15 70 3930007.065
15 71 5821389.206
15 72 9019750.138
15 73 4109086.905
15 74 3710750.858
15 75 5644945.307
15 76 5805252.406
15 77 2965412.116
15 78 4715748.61
15 79 7657536.149
15 80 5999191.07
15 81 8880693.454
15 82 5962507.543
15 83 8680751.664
15 84 788399.3246
15 85 8004364.965
15 86 6573825.671
15 87 5415800.85
15 88 1951057.066
15 89 7004024.819
15 90 5597457.345
15 91 6888971.898
15 92 3414247.481
15 93 5327180.315
15 94 8441732.996
15 95 2837275.625
15 96 3101838.985
15 97 6060821.094
15 98 2239734.361
15 99 3388868.909
16 17 2993365.025
16 18 5780024.656
16 19 7616506.777
16 20 3277114.906
16 21 4955894.208
16 22 552861.8635
16 23 4288171.477
16 24 3209702.15
16 25 3880264.773
16 26 3893974.393
16 27 5454606.566
16 28 1961344.503
16 29 7211648.912
16 30 6915548.692
16 31 5248042.159
16 32 4202735.63
16 33 3440904.323
16 34 1777640.167
16 35 1959246.39
16 36 1738860.759
16 37 664613.5582
16 38 1003356.033
16 39 8459950.688
16 40 8115021.973
16 41 9408027.007
16 42 8180359.963
16 43 2540502.934
16 44 6297200.019
16 45 5976980.655
16 46 2776339.755
16 47 6911198.894
16 48 7777732.885
16 49 2944507.974
16 50 5075971.708
16 51 5534714.424
16 52 7337051.344
16 53 6262939.134
16 54 5023274.417
16 55 2786090.507
16 56 7318588.991
16 57 6253434.584
16 58 7006160.438
16 59 5887716.491
16 60 4661729.096
16 61 7345663.992
16 62 6619573.086
16 63 8618297.888
16 64 6345480.493
16 65 3365093.362
16 66 3588856.087
16 67 1401660.199
16 68 7261292.596
16 69 1590751.67
16 70 3587435.693
16 71 6312322.918
16 72 8567716.028
16 73 5006953.436
16 74 6407232.75
16 75 5611594.171
16 76 4023317.912
16 77 5603229.658
16 78 6339261.322
16 79 5476870.115
16 80 3898616.285
16 81 7645721.392
16 82 3674555.775
16 83 6831406.265
16 84 2089743.798
16 85 7215309.653
16 86 7283656.011
16 87 4773071.406
16 88 2247732.975
16 89 5237816.78
16 90 2986621.627
16 91 6735801.69
16 92 2174430.465
16 93 3074977.224
16 94 8672402.055
16 95 1257916.988
16 96 1675689.743
16 97 5000295.222
16 98 2045694.034
16 99 4116236.457
17 18 8549253.585
17 19 8959781.091
17 20 3241090.757
17 21 7684810.415
17 22 3470826.244
17 23 4998332.309
17 24 1551019.738
17 25 6688629.253
17 26 3444748.279
17 27 7845006.742
17 28 4850262.315
17 29 9874115.424
17 30 8552181.101
17 31 6571575.76
17 32 6775066.939
17 33 6022016.969
17 34 4478886.564
17 35 4443067.936
17 36 4716213.986
17 37 3125728.295
17 38 2847200.731
17 39 10953400.21
17 40 8234997.925
17 41 11736870.8
17 42 10834258.49
17 43 921974.467
17 44 9290555.865
17 45 8821977.228
17 46 5528461.032
17 47 9007520.369
17 48 9670942.157
17 49 5933075.058
17 50 6632521.291
17 51 5974283.837
17 52 10025664.44
17 53 7395179.682
17 54 7909239.271
17 55 1099423.485
17 56 8401491.744
17 57 8765505.468
17 58 7165467.278
17 59 7572609.57
17 60 6742692.804
17 61 9343965.456
17 62 7525121.405
17 63 11191118.82
17 64 9335107.862
17 65 6244922.858
17 66 4366840.931
17 67 4335166.783
17 68 7959683.477
17 69 1468815.923
17 70 6212999.292
17 71 9023474.646
17 72 10615872.55
17 73 7904356.817
17 74 9148831.275
17 75 8139958.354
17 76 5411946.7
17 77 8409032.341
17 78 9320831.443
17 79 5873031.063
17 80 4852348.297
17 81 9068682.381
17 82 799585.4232
17 83 7573631.299
17 84 4954496.258
17 85 9099250.608
17 86 10034535.01
17 87 7049271.405
17 88 5228962.098
17 89 6359889.533
17 90 618891.7329
17 91 9108201.214
17 92 4690238.795
17 93 4074262.354
17 94 11151461.58
17 95 2650140.817
17 96 4287633.233
17 97 6928320.793
17 98 4988187.384
17 99 7022901.856
18 19 10361845.57
18 20 8678308.399
18 21 876902.0173
18 22 5526541.287
18 23 8863943.257
18 24 8989206.877
18 25 1900259.307
18 26 9338433.053
18 27 6691109.144
18 28 3823585.449
18 29 6576052.066
18 30 9327245.862
18 31 8762175.665
18 32 5691352.718
18 33 5552620.125
18 34 5408712.838
18 35 4116378.324
18 36 4518547.971
18 37 5449618.024
18 38 6533024.005
18 39 8098722.189
18 40 12409043.94
18 41 9372645.614
18 42 7230809.739
18 43 8290031.816
18 44 2921728.583
18 45 4929936.939
18 46 5039912.635
18 47 8307564.66
18 48 9383661.549
18 49 3635293.35
18 50 8307362.175
18 51 9998570.295
18 52 6525042.147
18 53 9710777.627
18 54 4348006.107
18 55 8556305.744
18 56 10555589.33
18 57 6669896.438
18 58 11435969.41
18 59 8567985.432
18 60 7131618.03
18 61 8835977.369
18 62 10280178.47
18 63 7892958.661
18 64 3273458.997
18 65 2454122.134
18 66 8364992.448
18 67 4947171.694
18 68 11039764.74
18 69 7322683.503
18 70 5426762.966
18 71 5856472.353
18 72 9569671.428
18 73 4254448.955
18 74 639310.17
18 75 6306192.199
18 76 7973838.004
18 77 282170.8382
18 78 3541022.86
18 79 9996234.166
18 80 8390207.21
18 81 10243991.05
18 82 9047603.024
18 83 10649945.76
18 84 3690933.72
18 85 9016292.046
18 86 6167851.138
18 87 6721517.119
18 88 4153301.311
18 89 9029300.191
18 90 8694528.32
18 91 7412289.545
18 92 5726788.931
18 93 7890352.235
18 94 8303525.809
18 95 5925150.316
18 96 5619386.35
18 97 7605415.607
18 98 4536687.709
18 99 4126428.594
19 20 5779222.814
19 21 10018945.63
19 22 7203003.889
19 23 3992875.259
19 24 7640696.588
19 25 9123524.682
19 26 5832239.325
19 27 3740367.353
19 28 8097641.476
19 29 5185503.263
19 30 1061937.788
19 31 2424193.878
19 32 4691626.757
19 33 5024805.474
19 34 6166865.692
19 35 8927771.249
19 36 7008131.371
19 37 8235369.951
19 38 6819033.875
19 39 4793689.417
19 40 3472591.179
19 41 4561609.677
19 42 5553289.557
19 43 8038339.513
19 44 8330510.756
19 45 6024805.318
19 46 5762440.522
19 47 2519220.712
19 48 1904856.977
19 49 7084390.767
19 50 2541958.316
19 51 3385432.847
19 52 5390988.91
19 53 1593323.228
19 54 6152531.688
19 55 7898315.847
19 56 880556.9167
19 57 4177350.17
19 58 3362495.796
19 59 1862805.867
19 60 3338804.586
19 61 2191626.854
19 62 1726599.676
19 63 5308701.102
19 64 8032373.566
19 65 8578291.926
19 66 4592985.876
19 67 6858488.727
19 68 1943901.113
19 69 7928686.091
19 70 5077185.978
19 71 5214646.236
19 72 2868417.599
19 73 6243027.064
19 74 10894556.08
19 75 4242216.583
19 76 3657371.253
19 77 10080316.21
19 78 7762093.885
19 79 3502401.278
19 80 4108929.572
19 81 258610.9061
19 82 9719226.773
19 83 1987298.616
19 84 8216915.332
19 85 1763865.425
19 86 5774766.756
19 87 3654408.889
19 88 6976833.385
19 89 2600310.574
19 90 8424061.885
19 91 3606565.108
19 92 5672967.853
19 93 4922533.231
19 94 4834578.77
19 95 8854945.87
19 96 6128076.078
19 97 2871233.541
19 98 6705866.437
19 99 6236247.81
20 21 7938086.494
20 22 3276563.742
20 23 1786657.362
20 24 1863174.924
20 25 6825228.453
20 26 660156.3159
20 27 5443110.721
20 28 4972321.134
20 29 7696469.574
20 30 5492969.341
20 31 3467127.601
20 32 4760044.225
20 33 4165719.895
20 34 3334775.274
20 35 5223380.359
20 36 4161345.36
20 37 3898923.826
20 38 2295218.539
20 39 8475107.597
20 40 5148560.564
20 41 9047075.867
20 42 8591223.285
20 43 2341513.084
20 44 8344354.818
20 45 7101000.722
20 46 4093563.092
20 47 6222594.219
20 48 6711101.151
20 49 5201539.826
20 50 3642646.026
20 51 2747497.567
20 52 7884258.265
20 53 4193998.658
20 54 6391947.386
20 55 2148704.581
20 56 5175796.017
20 57 6437138.754
20 58 4042717.368
20 59 4587277.501
20 60 4141378.571
20 61 6467154.503
20 62 4288118.306
20 63 8808712.347
20 64 8260438.75
20 65 6235205.903
20 66 1261890.115
20 67 3731289.895
20 68 4723582.354
20 69 2578759.665
20 70 4386368.153
20 71 6990329.939
20 72 7726879.121
20 73 6424484.299
20 74 9317582.128
20 75 5888346.244
20 76 2470727.005
20 77 8456831.825
20 78 8144902.368
20 79 2651483.609
20 80 1749036.131
20 81 5909402.053
20 82 3965457.688
20 83 4333470.567
20 84 5120181.429
20 85 6155838.441
20 86 8010533.005
20 87 4607529.065
20 88 4565852.737
20 89 3190983.17
20 90 2668664.184
20 91 6582824.153
20 92 3168724.52
20 93 1243554.218
20 94 8647195.959
20 95 4117636.875
20 96 3106217.238
20 97 4168415.462
20 98 4190929.573
20 99 5681291.809
21 22 4734719.06
21 23 8238334.011
21 24 8164500.704
21 25 1112952.179
21 26 8596882.973
21 27 6439241.417
21 28 3015362.426
21 29 6626966.15
21 30 9008095.963
21 31 8274073.499
21 32 5327671.292
21 33 5083056.628
21 34 4730803.908
21 35 3246108.698
21 36 3802278.84
21 37 4597605.044
21 38 5747477.741
21 39 8167348.113
21 40 11870823.79
21 41 9426456.534
21 42 7366097.11
21 43 7447300.904
21 44 3254624.442
21 45 4942784.625
21 46 4489708.991
21 47 8105938.538
21 48 9184323.797
21 49 3063890.318
21 50 7843723.843
21 51 9407042.14
21 52 6604261.796
21 53 9254598.027
21 54 4219971.175
21 55 7719693.108
21 56 10145918.43
21 57 6547565.686
21 58 10867552.62
21 59 8188408.664
21 60 6723515.567
21 61 8637935.897
21 62 9805464.463
21 63 8014882.883
21 64 3568640.75
21 65 1711989.272
21 66 7703944.803
21 67 4215519.766
21 68 10560709.65
21 69 6479713.491
21 70 4984233.893
21 71 5832465.362
21 72 9466736.173
21 73 4129610.582
21 74 1465168.608
21 75 6116092.875
21 76 7406045.482
21 77 817031.1979
21 78 3797768.868
21 79 9396922.576
21 80 7765618.249
21 81 9919874.427
21 82 8174527.225
21 83 10159185.93
21 84 2876551.39
21 85 8777450.072
21 86 6282377.662
21 87 6364747.129
21 88 3489273.788
21 89 8510799.661
21 90 7843204.01
21 91 7285717.64
21 92 5088759.704
21 93 7214427.015
21 94 8380206.005
21 95 5054224.969
21 96 4929478.233
21 97 7200675.031
21 98 3869152.981
21 99 3821722.689
22 23 4062070.976
22 24 3507065.314
22 25 3633003.244
22 26 3922274.15
22 27 4917000.265
22 28 1723319.743
22 29 6658823.859
22 30 6463955.499
22 31 4871889.104
22 32 3654808.257
22 33 2895273.479
22 34 1234405.758
22 35 2003544.675
22 36 1249113.798
22 37 1042634.639
22 38 1014364.193
22 39 7910330.229
22 40 7901227.852
22 41 8866939.379
22 42 7627553.006
22 43 2929304.11
22 44 5839447.409
22 45 5434697.897
22 46 2223497.675
22 47 6398127.308
22 48 7284962.529
22 49 2471321.466
22 50 4662016.337
22 51 5314884.141
22 52 6784562.177
22 53 5901006.089
22 54 4487361.887
22 55 3140316.211
22 56 6949981.107
22 57 5705016.981
22 58 6803262.813
22 59 5439633.731
22 60 4168125.266
22 61 6842086.329
22 62 6290964.317
22 63 8066069.292
22 64 5869947.289
22 65 3077736.733
22 66 3388396.321
22 67 870228.5708
22 68 6958556.544
22 69 2023549.911
22 70 3037932.109
22 71 5760043.815
22 72 8053660.807
22 73 4473795.309
22 74 6161841.142
22 75 5063250.233
22 76 3670585.859
22 77 5331195.509
22 78 5850494.758
22 79 5266927.119
22 80 3641836.34
22 81 7219726.995
22 82 4179953.846
22 83 6527783.399
22 84 1867120.372
22 85 6726843.628
22 86 6733399.091
22 87 4251514.905
22 88 1762043.673
22 89 4898638.968
22 90 3401749.279
22 91 6195927.976
22 92 1655472.427
22 93 2864939.519
22 94 8123269.301
22 95 1760977.936
22 96 1153950.908
22 97 4525676.429
22 98 1522797.085
22 99 3584219.739
23 24 3647928.091
23 25 7152580.03
23 26 1909718.543
23 27 4224960.806
23 28 5521886.431
23 29 6510883.748
23 30 3757296.62
23 31 1738014.665
23 32 3941171.467
23 33 3585685.266
23 34 3533914.834
23 35 6052273.121
23 36 4499297.308
23 37 4952784.986
23 38 3316983.61
23 39 7060476.152
23 40 3839260.549
23 41 7487559.68
23 42 7327894.038
23 43 4082810.133
23 44 7928262.332
23 45 6264645.033
23 46 3862770.486
23 47 4660522.809
23 48 5020392.09
23 49 5230487.18
23 50 2022944.758
23 51 1252836.539
23 52 6715375.499
23 53 2407796.984
23 54 5753620.068
23 55 3919728.102
23 56 3403247.426
23 57 5207367.507
23 58 2743580.161
23 59 2923827.303
23 60 2879796.583
23 61 4834072.24
23 62 2540090.885
23 63 7447888.748
23 64 7770139.541
23 65 6543672.445
23 66 714262.9988
23 67 4151329.56
23 68 3061132.16
23 69 4121440.989
23 70 3786124.565
23 71 5942753.446
23 72 6065747.27
23 73 5808866.817
23 74 9489639.294
23 75 4754598.963
23 76 1129331.652
23 77 8611394.057
23 78 7598286.921
23 79 1207925.062
23 80 473750.9947
23 81 4126437.186
23 82 5741441.121
23 83 2645394.153
23 84 5668482.37
23 85 4484148.913
23 86 6915818.966
23 87 3438618.485
23 88 4750625.269
23 89 1415322.573
23 90 4443899.459
23 91 5198663.427
23 92 3149575.107
23 93 1213427.155
23 94 7211537.163
23 95 5385488.038
23 96 3363334.665
23 97 2743930.941
23 98 4374129.818
23 99 5241780.32
24 25 7089087.321
24 26 1930939.102
24 27 7036546.456
24 28 5167155.433
24 29 9210124.272
24 30 7343919.251
24 31 5322455.463
24 32 6146285.986
24 33 5448280.987
24 34 4157358.404
24 35 5053457.433
24 36 4697389.835
24 37 3623474.776
24 38 2572743.226
24 39 10130421.71
24 40 6695222.479
24 41 10790839.64
24 42 10142824.63
24 43 894903.5509
24 44 9239062.695
24 45 8382045.083
24 46 5136781.036
24 47 7989508.228
24 48 8539557.821
24 49 5896739.803
24 50 5466702.882
24 51 4508695.898
24 52 9382555.694
24 53 6052865.334
24 54 7554360.039
24 55 564042.3749
24 56 7020007.28
24 57 8008532.203
24 58 5636564.007
24 59 6415528.824
24 60 5808674.369
24 61 8268499.548
24 62 6118691.739
24 63 10424400.94
24 64 9222289.441
24 65 6562666.265
24 66 3099772.468
24 67 4262404.295
24 68 6499182.673
24 69 1754654.568
24 70 5660582.261
24 71 8426483.988
24 72 9536593.471
24 73 7567791.831
24 74 9616930.171
24 75 7416098.025
24 76 4262818.581
24 77 8809123.792
24 78 9158589.357
24 79 4402149.928
24 80 3593578.322
24 81 7772492.78
24 82 2168732.095
24 83 6129123.508
24 84 5298307.132
24 85 7977647.701
24 86 9453856.001
24 87 6206777.137
24 88 5190680.74
24 89 5054108.933
24 90 932128.0505
24 91 8245193.767
24 92 4205851.686
24 93 2935929.923
24 94 10314510.41
24 95 3464272.427
24 96 3930801.771
24 97 5907685.837
24 98 4871022.338
24 99 6732241.421
25 26 7484119.612
25 27 5664918.121
25 28 1923542.584
25 29 6189533.896
25 30 8139915.694
25 31 7270490.421
25 32 4461230.627
25 33 4121812.87
25 34 3631483.705
25 35 2308236.289
25 36 2693372.313
25 37 3570830.365
25 38 4643400.978
25 39 7722178.413
25 40 10824701.73
25 41 8947428.929
25 42 7015779.144
25 43 6396789.569
25 44 3344623.397
25 45 4512515.09
25 46 3470104.09
25 47 7360168.711
25 48 8430262.268
25 49 2058950.308
25 50 6860683.268
25 51 8335585.625
25 52 6201632.374
25 53 8270344.948
25 54 3654194.104
25 55 6659347.735
25 56 9194086.305
25 57 5910692.156
25 58 9805897.533
25 59 7272207.48
25 60 5795084.872
25 61 7890226.694
25 62 8805565.612
25 63 7636566.219
25 64 3581277.74
25 65 608966.0935
25 66 6604944.825
25 67 3103342.797
25 68 9555458.298
25 69 5430313.611
25 70 4049088.63
25 71 5326348.857
25 72 8810796.454
25 73 3572736.814
25 74 2531257.572
25 75 5413601.326
25 76 6352839.347
25 77 1728426.965
25 78 3742431.617
25 79 8321586.724
25 80 6681167.213
25 81 9041568.293
25 82 7222768.469
25 83 9146940.434
25 84 1790783.867
25 85 7987457.925
25 86 5931272.573
25 87 5487478.214
25 88 2403578.653
25 89 7485011.463
25 90 6809175.224
25 91 6630807.691
25 92 4005960.811
25 93 6111196.453
25 94 7941518.171
25 95 4099600.208
25 96 3825445.52
25 97 6270590.586
25 98 2778453.229
25 99 3069108.107
26 27 5890364.453
26 28 5625618.202
26 29 8166513.092
26 30 5664549.672
26 31 3647696.573
26 32 5302925.855
26 33 4745681.226
26 34 3989095.39
26 35 5849080.487
26 36 4821474.571
26 37 4498946.02
26 38 2928701.985
26 39 8863471.224
26 40 4799134.001
26 41 9363058.526
26 42 9038726.643
26 43 2608964.515
26 44 8970920.732
26 45 7657003.52
26 46 4720521.256
26 47 6531209.105
26 48 6929502.883
26 49 5855284.791
26 50 3903808.172
26 51 2591812.604
26 52 8360146.537
26 53 4239746.344
26 54 6980871.541
26 55 2352768.333
26 56 5156054.619
26 57 6887314.571
26 58 3721334.144
26 59 4825270.092
26 60 4560347.554
26 61 6731459.663
26 62 4239007.535
26 63 9220441.075
26 64 8877857.33
26 65 6894842.229
26 66 1603602.381
26 67 4391365.147
26 68 4578633.047
26 69 3035595.71
26 70 4965750.936
26 71 7496683.084
26 72 7971370.899
26 73 7017241.86
26 74 9977711.205
26 75 6364509.02
26 76 2815511.303
26 77 9116955.977
26 78 8754476.726
26 79 2482278.284
26 80 2030841.151
26 81 5986547.191
26 82 4099528.608
26 83 4219081.423
26 84 5773096.499
26 85 6390344.997
26 86 8508465.637
26 87 5061572.021
26 88 5224062.165
26 89 3310987.357
26 90 2835922.973
26 91 6977708.734
26 92 3806177.607
26 93 1762162.1
26 94 9026585.558
26 95 4658921.344
26 96 3761770.911
26 97 4528919.51
26 98 4848206.936
26 99 6295375.653
27 28 5117912.386
27 29 2288891.595
27 30 2681162.409
27 31 2963666.204
27 32 1338032.671
27 33 2039688.293
27 34 3683050.027
27 35 6088098.39
27 36 4171636.72
27 37 5906510.769
27 38 5068387.97
27 39 3111314.457
27 40 6472088.148
27 41 3956764.543
27 42 3150099.733
27 43 7003794.245
27 44 4607557.128
27 45 2382944.138
27 46 2806311.843
27 47 1700962.443
27 48 2765497.927
27 49 3767254.465
27 50 2451208.878
27 51 4742047.438
27 52 2491178.313
27 53 3547126.455
27 54 2413753.991
27 55 7021298.036
27 56 4115063.572
27 57 996952.6716
27 58 5782242.584
27 59 2153605.751
27 60 1347314.596
27 61 2227721.722
27 62 4157106.206
27 63 3387964.223
27 64 4325430.418
27 65 5191194.012
27 66 4290028.192
27 67 4230198.735
27 68 4874132.854
27 69 6458130.21
27 70 1943371.165
27 71 1783051.424
27 72 3259720.665
27 73 2504960.205
27 74 7196082.672
27 75 584716.7812
27 76 3122436.826
27 77 6408995.943
27 78 4068380.502
27 79 4807856.5
27 80 3916216.017
27 81 3592108.732
27 82 8641161.525
27 83 4580329.618
27 84 5199668.491
27 85 2338232.645
27 86 2701281.179
27 87 836318.1393
27 88 3926744.16
27 89 3393031.599
27 90 7494589.049
27 91 1284492.697
27 92 3292261.057
27 93 4201781.801
27 94 3306836.584
27 95 6670304.123
27 96 3782456.435
27 97 1556872.866
27 98 3798347.676
27 99 2619895.009
28 29 6337618.753
28 30 7215892.994
28 31 5967205.028
28 32 3782431.073
28 33 3174833.959
28 34 2038226.054
28 35 1001672.059
28 36 1099150.361
28 37 1734380.692
28 38 2737664.047
28 39 7767074.474
28 40 9314101.339
28 41 8876955.762
28 42 7273313.597
28 43 4492714.303
28 44 4580885.858
28 45 4833115.283
28 46 2384322.006
28 47 6778840.803
28 48 7785154.441
28 49 1544990.126
28 50 5640646.43
28 51 6754201.425
28 52 6414178.614
28 53 7004546.464
28 54 3846111.683
28 55 4746287.215
28 56 8006983.962
28 57 5670801.7
28 58 8247598.877
28 59 6244713.855
28 60 4804238.43
28 61 7280873.81
28 62 7477945.021
28 63 7811334.62
28 64 4695672.792
28 65 1407806.33
28 66 4907748.071
28 67 1373119.156
28 68 8197555.765
28 69 3530744.15
28 70 3205655.626
28 71 5412180.776
28 72 8377489.732
28 73 3798516.038
28 74 4454442.682
28 75 5065259.955
28 76 4889471.141
28 77 3642422.155
28 78 4749592.84
28 79 6723545.999
28 80 5065332.94
28 81 8063987.567
28 82 5446060.157
28 83 7772698.132
28 84 149202.0358
28 85 7271041.747
28 86 6257182.295
28 87 4673749.207
28 88 1191951.89
28 89 6097462.424
28 90 4921037.782
28 91 6300518.651
28 92 2507318.742
28 93 4392178.722
28 94 7988887.92
28 95 2398389.797
28 96 2171721.52
28 97 5246861.79
28 98 1395767.338
28 99 2972936.339
29 30 4201553.622
29 31 5148163.494
29 32 3100159.326
29 33 3853362.06
29 34 5466519.184
29 35 7337346.448
29 36 5643462.595
29 37 7535677.892
29 38 7033680.156
29 39 1541417.088
29 40 8389998.016
29 41 2802492.517
29 42 968904.4791
29 43 9084250.337
29 44 3829933.027
29 45 1688382.399
29 46 4436094.919
29 47 2667044.935
29 48 3499410.814
29 49 4800217.05
29 50 4660761.196
29 51 6952676.291
29 52 216257.7877
29 53 5527743.297
29 54 2566562.449
29 55 9139337.908
29 56 5816411.16
29 57 1306047.228
29 58 7847765.973
29 59 4124708.029
29 60 3636089.308
29 61 3042586.946
29 62 6110025.843
29 63 1477617.254
29 64 3467181.834
29 65 5895589.079
29 66 6570846.446
29 67 5847147.593
29 68 6748934.431
29 69 8434015.845
29 70 3669087.343
29 71 926110.0993
29 72 3235559.012
29 73 2638061.944
29 74 6924127.239
29 75 1808422.001
29 76 5411317.241
29 77 6313392.12
29 78 3168640.174
29 79 7027829.047
29 80 6204651.715
29 81 4963529.235
29 82 10656230.91
29 83 6532615.83
29 84 6372715.625
29 85 3431387.69
29 86 600437.6508
29 87 3106297.192
29 88 5245907.166
29 89 5590250.8
29 90 9584785.012
29 91 1597538.699
29 92 5189332.163
29 93 6452982.552
29 94 1757040.428
29 95 8325495.423
29 96 5625477.28
29 97 3800275.112
29 98 5270293.82
29 99 3370688.549
30 31 2027500.881
30 32 3684960.478
30 33 4082672.912
30 34 5357158.281
30 35 8086682.102
30 36 6142711.668
30 37 7505926.843
30 38 6197372.293
30 39 3996586.134
30 40 4246168.018
30 41 4003044.704
30 42 4656879.697
30 43 7633500.751
30 44 7268646.29
30 45 4967221.078
30 46 4847145.849
30 47 1551757.235
30 48 1324812.729
30 49 6119966.43
30 50 1925949.842
30 51 3490299.094
30 52 4412020.214
30 53 1655804.087
30 54 5094594.557
30 55 7532815.436
30 56 1620085.296
30 57 3135029.822
30 58 3892345.951
30 59 1028623.843
30 60 2412456.94
30 61 1363716.293
30 62 2102197.896
30 63 4491918.217
30 64 6971283.165
30 65 7608914.344
30 66 4244230.67
30 67 6035016.289
30 68 2613767.325
30 69 7406404.515
30 70 4112784.067
30 71 4171183.137
30 72 2399833.997
30 73 5185486.708
30 74 9852090.557
30 75 3180430.04
30 76 3142023.713
30 77 9045333.645
30 78 6701905.973
30 79 3598951.902
30 80 3750342.265
30 81 916955.5703
30 82 9334157.865
30 83 2487823.507
30 84 7328001.031
30 85 913586.0655
30 86 4780057.255
30 87 2652670.684
30 88 6066026.325
30 89 2359236.365
30 90 8056106.377
30 91 2606242.104
30 92 4868477.904
30 93 4478508.703
30 94 4072579.815
30 95 8170046.856
30 96 5346899.276
30 97 1975005.945
30 98 5820189.762
30 99 5206709.933
31 32 3212117.264
31 33 3209560.382
31 34 3949898.687
31 35 6707329.717
31 36 4869320.046
31 37 5885002.566
31 38 4411146.107
31 39 5475435.323
31 40 3694217.894
31 41 5795975.922
31 42 5868823.364
31 43 5649861.677
31 44 7276154.754
31 45 5272367.989
31 46 3800521.853
31 47 2995412.075
31 48 3282945.116
31 49 5218561.353
31 50 521629.8811
31 51 1805971.117
31 52 5362085.647
31 53 1040494.079
31 54 5007063.645
31 55 5531307.698
31 56 2078480.872
31 57 3857063.282
31 58 2863062.401
31 59 1211780.739
31 60 1789066.116
31 61 3117255.83
31 62 1535214.252
31 63 5901412.404
31 64 7051390.114
31 65 6682865
31 66 2226155.36
31 67 4645242.413
31 68 2286851.514
31 69 5505440.804
31 70 3342802.863
31 71 4746568.057
31 72 4333053.2
31 73 5081806.805
31 74 9351683.393
31 75 3544482.766
31 76 1239510.248
31 77 8489647.198
31 78 6831234.972
31 79 1885684.67
31 80 1732164.839
31 81 2506590.269
31 82 7343812.305
31 83 1888165.326
31 84 6099705.554
31 85 2751858.657
31 86 5628558.23
31 87 2353962.293
31 88 4945965.955
31 89 444258.7702
31 90 6056541.702
31 91 3685613.087
31 92 3464850.423
31 93 2508396.802
31 94 5607653.774
31 95 6468572.948
31 96 3868261.79
31 97 1419741.966
31 98 4621421.988
31 99 4754555.474
32 33 767175.4022
32 34 2426549.978
32 35 4750126.861
32 36 2838154.052
32 37 4613342.1
32 38 3939307.64
32 39 4258865.856
32 40 6904428.322
32 41 5227170.903
32 42 4059244.649
32 43 5985941.093
32 44 4081597.328
32 45 2358703.055
32 46 1481322.245
32 47 3004502.26
32 48 4037185.829
32 49 2480581.556
32 50 2711150.434
32 51 4775587.903
32 52 3257464.68
32 53 4071297.306
32 54 1834343.907
32 55 6048758.831
32 56 4867859.308
32 57 2050776.219
32 58 6050103.396
32 59 2876814.845
32 60 1463026.772
32 61 3516914.587
32 62 4664381.94
32 63 4440639.347
32 64 3880647.427
32 65 3947356.539
32 66 3781677.167
32 67 2921078.709
32 68 5422316.092
32 69 5340956.72
32 70 621851.9251
32 71 2280733.605
32 72 4595744.418
32 73 1899580.506
32 74 6246923.111
32 75 1408941.486
32 76 2826130.081
32 77 5411477.489
32 78 3684737.643
32 79 4811908.003
32 80 3531663.491
32 81 4593692.858
32 82 7559290.56
32 83 5059947.843
32 84 3867009.49
32 85 3555351.553
32 86 3307716.438
32 87 1037219.095
32 88 2590626.038
32 89 3561426.746
32 90 6487284.429
32 91 2571733.763
32 92 2100272.269
32 93 3541804.31
32 94 4470270.785
32 95 5388705.391
32 96 2559319.156
32 97 1926073.607
32 98 2462908.594
32 99 1578331.092
33 34 1663353.324
33 35 4107016.634
33 36 2160483.823
33 37 3869407.187
33 38 3180371.49
33 39 5024569.304
33 40 6872018.628
33 41 5974515.246
33 42 4816601.041
33 43 5247352.185
33 44 4344576.183
33 45 2952951.634
33 46 794233.4079
33 47 3629032.786
33 48 4614235.224
33 49 2066797.021
33 50 2762640.927
33 51 4566418.347
33 52 4003702.818
33 53 4172545.007
33 54 2237263.873
33 55 5323319.646
33 56 5073402.032
33 57 2815367.826
33 58 5938649.981
33 59 3163790.885
33 60 1686013.333
33 61 4118522.401
33 62 4731315.828
33 63 5207133.681
33 64 4199352.533
33 65 3560368.42
33 66 3306227.912
33 67 2190985.063
33 68 5489775.518
33 69 4581137.171
33 70 220649.3466
33 71 3007570.317
33 72 5259271.445
33 73 2277749.436
33 74 6144136.833
33 75 2173910.218
33 76 2536536.877
33 77 5280337.777
33 78 4045564.09
33 79 4584814.293
33 80 3138628.376
33 81 4961690.502
33 82 6802912.28
33 83 5097459.185
33 84 3275333.629
33 85 4096263.052
33 86 4027965.295
33 87 1499317.98
33 88 1997080.218
33 89 3487691.439
33 90 5750113.341
33 91 3307428.872
33 92 1336976.05
33 93 2991828.815
33 94 5235181.305
33 95 4638444.017
33 96 1792170.403
33 97 2156426.461
33 98 1800012.342
33 99 1657538.785
34 35 2767901.016
34 36 969003.4115
34 37 2237207.6
34 38 1653074.011
34 39 6685192.635
34 40 7287305.176
34 41 7632631.307
34 42 6434985.716
34 43 3786105.427
34 44 5105491.897
34 45 4343474.016
34 46 1051194.778
34 47 5186441.616
34 48 6101359.896
34 49 1866791.979
34 50 3657404.657
34 51 4744558.302
34 52 5601769.182
34 53 4990148.219
34 54 3445764.553
34 55 3920941.597
34 56 6010017.012
34 57 4477247.163
34 58 6232498.239
34 59 4348339.992
34 60 2997296.506
34 61 5642922.522
34 62 5447716.7
34 63 6853950.336
34 64 5070889.127
34 65 3023283.262
34 66 2973701.023
34 67 696806.5129
34 68 6161982.076
34 69 3012848.271
34 70 1814909.823
34 71 4583368.314
34 72 6838934.888
34 73 3448267.779
34 74 6044760.598
34 75 3835447.111
34 76 2851261.513
34 77 5172178.438
34 78 5001470.112
34 79 4721193.909
34 80 3066859.413
34 81 6158348.05
34 82 5237154.175
34 83 5736194.417
34 84 2178154.267
34 85 5551687.151
34 86 5577912.154
34 87 3032743.695
34 88 1255706.341
34 89 4062480.755
34 90 4286847.272
34 91 4961524.921
34 92 494010.7494
34 93 2485258.955
34 94 6896819.798
34 95 2989031.946
34 96 233961.3469
34 97 3389437.448
34 98 872601.0125
34 99 2587136.389
35 36 1954789.069
35 37 1430917.477
35 38 2929051.521
35 39 8768644.491
35 40 9887743.277
35 41 9874888.194
35 42 8270217.737
35 43 4271606.424
35 44 5380455.78
35 45 5817283.511
35 46 3312937.095
35 47 7731273.774
35 48 8719761.396
35 49 2539524.739
35 50 6425305.625
35 51 7303621.756
35 52 7411625.884
35 53 7747598.565
35 54 4833168.005
35 55 4565383.477
35 56 8774854.754
35 57 6666293.802
35 58 8795800.889
35 59 7093628.87
35 60 5686876.697
35 61 8225260.469
35 62 8183876.899
35 63 8811815.37
35 64 5534370.56
35 65 1994623.036
35 66 5388201.441
35 67 2071961.522
35 68 8878972.16
35 69 3314139.907
35 70 4158056.469
35 71 6412278.727
35 72 9344413.973
35 73 4782229.531
35 74 4707832.256
35 75 6056207.959
35 76 5562349.604
35 77 3992964.039
35 78 5617960.868
35 79 7259593.965
35 80 5620086.527
35 81 8910727.41
35 82 4932796.493
35 83 8449485.515
35 84 969149.9788
35 85 8194278.27
35 86 7247598.125
35 87 5603373.302
35 88 2168118.58
35 89 6790303.32
35 90 4634491.558
35 91 7287210.075
35 92 3261024.233
35 93 4864427.758
35 94 8990426.054
35 95 1808784.56
35 96 2839468.764
35 97 6111679.11
35 98 2307005.191
35 99 3969793.27
36 37 1909314.003
36 38 2128800.559
36 39 6991306.274
36 40 8254682.144
36 41 8036775.869
36 42 6604373.373
36 43 4169285.278
36 44 4591909.146
36 45 4294637.972
36 46 1370057.72
36 47 5789446.796
36 48 6767755.666
36 49 1222821.41
36 50 4541985.551
36 51 5713418.785
36 52 5748140.605
36 53 5906015.5
36 54 3321732.356
36 55 4366063.438
36 56 6907966.033
36 57 4826616.944
36 58 7201475.561
36 59 5160558.288
36 60 3736638.156
36 61 6277647.019
36 62 6383360.425
36 63 7091938.792
36 64 4621090.616
36 65 2090379.763
36 66 3922668.471
36 67 442789.1498
36 68 7106871.516
36 69 3272655.824
36 70 2229015.099
36 71 4723733.433
36 72 7415156.93
36 73 3297788.757
36 74 5157616.056
36 75 4197250.33
36 76 3807666.513
36 77 4295487.47
36 78 4605145.985
36 79 5689448.732
36 80 4033874.544
36 81 6980073.246
36 82 5412255.3
36 83 6683450.598
36 84 1230415.935
36 85 6239993.398
36 86 5652072.429
36 87 3651894.438
36 88 513077.6928
36 89 5006973.65
36 90 4647233.961
36 91 5404048.905
36 92 1416293.233
36 93 3422150.298
36 94 7210138.972
36 95 2697712.826
36 96 1140272.231
36 97 4169072.148
36 98 380012.8359
36 99 2409183.158
37 38 1658110.274
37 39 8844488.856
37 40 8778808.972
37 41 9840101.533
37 42 8500290.832
37 43 2857255.467
37 44 6272707.115
37 45 6202181.852
37 46 3143324.526
37 47 7422289.076
37 48 8321755.094
37 49 3010616.278
37 50 5693431.42
37 51 6199137.605
37 52 7646852.701
37 53 6906225.272
37 54 5225171.193
37 55 3142792.062
37 56 7959815.264
37 57 6652248.748
37 58 7669378.903
37 59 6480979.187
37 60 5206213.285
37 61 7873314.671
37 62 7273315.949
37 63 8970900.004
37 64 6358972.886
37 65 3119685.383
37 66 4253093.2
37 67 1699737.554
37 68 7920679.081
37 69 1892761.785
37 70 3991575.412
37 71 6620870.322
37 72 9075726.212
37 73 5197531.256
37 74 6061922.831
37 75 6012987.144
37 76 4667903.672
37 77 5296976.525
37 78 6383945.598
37 79 6140913.013
37 80 4561979.786
37 81 8256397.211
37 82 3712105.61
37 83 7490504.341
37 84 1831545.841
37 85 7765462.84
37 86 7559705.396
37 87 5269766.948
37 88 2372335.199
37 89 5887899.525
37 90 3245751.9
37 91 7176565.64
37 92 2685953.618
37 93 3739580.501
37 94 9060611.238
37 95 790243.8958
37 96 2186533.431
37 97 5567886.221
37 98 2271271.201
37 99 4312820.973
38 39 8157687.316
38 40 7128215.69
38 41 9008527.743
38 42 7996713.123
38 43 2133604.335
38 44 6673759.428
38 45 5989378.248
38 46 2692704.181
38 47 6376379.867
38 48 7162133.226
38 49 3324110.625
38 50 4302317.318
38 51 4554972.44
38 52 7182082.587
38 53 5397922.348
38 54 5098835.675
38 55 2281661.909
38 56 6455994.344
38 57 5955103.821
38 58 6016720.542
38 59 5171844.222
38 60 4089663.845
38 61 6770160.999
38 62 5714392.45
38 63 8372217.56
38 64 6668941.435
38 65 4080454.013
38 66 2609302.23
38 67 1690925.304
38 68 6329442.697
38 69 1401736.274
38 70 3367758.442
38 71 6177055.093
38 72 8023595.402
38 73 5100994.974
38 74 7169576.169
38 75 5321801.232
38 76 3171984.907
38 77 6332797.066
38 78 6618873.734
38 79 4492952.458
38 80 2950598.443
38 81 6870266.073
38 82 3623107.052
38 83 5901837.144
38 84 2881417.498
38 85 6590764.784
38 86 7187334.284
38 87 4308853.36
38 88 2618175.504
38 89 4353401.762
38 90 2633826.103
38 91 6348091.936
38 92 1844990.091
38 93 2105969.914
38 94 8361279.658
38 95 2084625.183
38 96 1448423.294
38 97 4363538.514
38 98 2301146.589
38 99 4235028.905
39 40 8222276.614
39 41 1276719.795
39 42 1022974.76
39 43 10115108.61
39 44 5295431.167
39 45 3229634.607
39 46 5703074.397
39 47 2526357.678
39 48 2901551.264
39 49 6249330.972
39 50 5063424.82
39 51 7243037.672
39 52 1573689.724
39 53 5569549.324
39 54 4080527.686
39 55 10130237.26
39 56 5571456.266
39 57 2209742.896
39 58 7874774.618
39 59 4298933.663
39 60 4337278.941
39 61 2640778.217
39 62 6082691.867
39 63 523453.5737
39 64 4928458.305
39 65 7410725.6
39 66 7265014.822
39 67 7144753.281
39 68 6604281.217
39 69 9554537.602
39 70 4872548.959
39 71 2406138.809
39 72 2210801.901
39 73 4156886.101
39 74 8425349.443
39 75 2850689.928
39 76 6048045.689
39 77 7839479.676
39 78 4633579.04
39 79 7335499.504
39 80 6838236.575
39 81 4542007.215
39 82 11748331.64
39 83 6480205.928
39 84 7813635.46
39 85 3093199.323
39 86 1947849.917
39 87 3927939.511
39 88 6634167.801
39 89 5912934.525
39 90 10605645.15
39 91 1892497.346
39 92 6343846.188
39 93 7249090.075
39 94 222477.7828
39 95 9628197.545
39 96 6815276.223
39 97 4336284.7
39 98 6612128.382
39 99 4833726.515
40 41 8030636.294
40 42 8901245.136
40 43 7407016.24
40 44 10951126.97
40 45 8850670.41
40 46 7383872.363
40 47 5790378.551
40 48 5368695.207
40 49 8808369.057
40 50 4194569.85
40 51 2586433.906
40 52 8604734.536
40 53 2924971.595
40 54 8680028.242
40 55 7149985.855
40 56 2651358.657
40 57 7205774.821
40 58 1115345.807
40 59 4332628.943
40 60 5461795.25
40 61 5582972.198
40 62 2315696.893
40 63 8726928.877
40 64 10712258.24
40 65 10222108.64
40 66 4526912.757
40 67 7941736.491
40 68 1642062.902
40 69 7723979.372
40 70 7020150.47
40 71 8200009.792
40 72 6335339.002
40 73 8757895.229
40 74 13010460.19
40 75 7051669.525
40 76 4472494.29
40 77 12141028.78
40 78 10479895.16
40 79 2638690.244
40 80 4268477.042
40 81 3731169.076
40 82 8846977.372
40 83 1891761.666
40 84 9457853.465
40 85 5131934.644
40 86 8944493.075
40 87 5999893.562
40 88 8435774.494
40 89 3384328.547
40 90 7620067.6
40 91 6798154.284
40 92 6851674.401
40 93 5045221.729
40 94 8280099.712
40 95 9160936.42
40 96 7142387.419
40 97 5040727.781
40 98 8077044.444
40 99 8447228.363
41 42 2241885.569
41 43 10866372.39
41 44 6570617.709
41 45 4483772.02
41 46 6704460.393
41 47 2831868.841
41 48 2708763.852
41 49 7387383.451
41 50 5465882.195
41 51 7458829.16
41 52 2848460.469
41 53 5656981.114
41 54 5294129.207
41 55 10848468.21
41 56 5417268.644
41 57 3212914.002
41 58 7855672.82
41 59 4584223.093
41 60 5002371.219
41 61 2694665.828
41 62 6085883.515
41 63 1597128.299
41 64 6203476.215
41 65 8610831.607
41 66 7798544.473
41 67 8147661.59
41 68 6485566.181
41 69 10385693.43
41 70 5849020.452
41 71 3621553.276
41 72 1695573.5
41 73 5374743.882
41 74 9702057.105
41 75 3839718.17
41 76 6577705.249
41 77 9112215.669
41 78 5909151.951
41 79 7562201.922
41 80 7337491.118
41 81 4303258.967
41 82 12536260.41
41 83 6444320.161
41 84 8933959.555
41 85 3110492.725
41 86 3223823.584
41 87 4701546.588
41 88 7716716.645
41 89 6207350.563
41 90 11343570.18
41 91 2672897.464
41 92 7249025.6
41 93 7861796.857
41 94 1084000.971
41 95 10612698.99
41 96 7738348.46
41 97 4886595.491
41 98 7656984.495
41 99 5996507.618
42 43 10037182.35
42 44 4370240.971
42 45 2513263.852
42 46 5404962.72
42 47 3111654.558
42 48 3719367.386
42 49 5730697.239
42 50 5407301.694
42 51 7671296.54
42 52 859903.56
42 53 6124336.825
42 54 3458524.434
42 55 10085717.91
42 56 6271068.126
42 57 2154238.949
42 58 8453231.766
42 59 4765041.126
42 60 4481779.264
42 61 3361732.546
42 62 6678435.022
42 63 666941.3003
42 64 4003295.129
42 65 6761517.227
42 66 7436693.395
42 67 6813977.714
42 68 7263301.409
42 69 9397729.05
42 70 4634975.079
42 71 1880643.723
42 72 3173219.339
42 73 3521639.344
42 74 7520847.178
42 75 2726728.896
42 76 6252120.783
42 77 6980371.98
42 78 3714949.923
42 79 7754080.337
42 80 7049116.108
42 81 5311906.031
42 82 11618224.96
42 83 7091903.396
42 84 7302813.578
42 85 3798045.07
42 86 1087586.142
42 87 3984128.804
42 88 6198693.278
42 89 6313036.875
42 90 10536611.35
42 91 2187602.423
42 92 6153352.091
42 93 7348621.655
42 94 1169649.501
42 95 9290341.02
42 96 6592711.411
42 97 4588101.566
42 98 6232711.906
42 99 4300594.488
43 44 8759014.043
43 45 8112697.063
43 46 4819265.528
43 47 8117184.71
43 48 8761640.05
43 49 5390584.211
43 50 5715950.441
43 51 5086307.43
43 52 9243387.716
43 53 6475726.02
43 54 7231431.94
43 55 331697.608
43 56 7485854.804
43 57 7942420.042
43 58 6322053.745
43 59 6658040.19
43 60 5865258.654
43 61 8443208.747
43 62 6614820.214
43 63 10370255.61
43 64 8773478.553
43 65 5900129.98
43 66 3445601.96
43 67 3755148.333
43 68 7065094.158
43 69 967626.0363
43 70 5447368.598
43 71 8254809.203
43 72 9715744.09
43 73 7234349.255
43 74 8909060.611
43 75 7325325.623
43 76 4495028.993
43 77 8124767.703
43 78 8735428.42
43 79 4987914.353
43 80 3930508.55
43 81 8146727.525
43 82 1702368.534
43 83 6673664.35
43 84 4614453.387
43 85 8190837.511
43 86 9274650.694
43 87 6195783.531
43 88 4678516.158
43 89 5438709.436
43 90 503684.909
43 91 8255128.379
43 92 3935192.07
43 93 3155005.328
43 94 10309422.75
43 95 2608507.091
43 96 3576963.283
43 97 6033341.062
43 98 4395743.572
43 99 6368124.178
44 45 2360284.424
44 46 4251211.952
44 47 5987934.503
44 48 7017937.897
44 49 3369209.327
44 50 6763654.42
44 51 8847973.948
44 52 3740291.732
44 53 8059954.338
44 54 2271164.027
44 55 8945099.422
44 56 8716741.186
44 57 4253021.988
44 58 10128145.77
44 59 6727089.89
44 60 5491876.941
44 61 6486220.444
44 62 8667631.503
44 63 5037072.123
44 64 367369.1343
44 65 3413926.062
44 66 7630780.168
44 67 5004727.034
44 68 9412392.195
44 69 7861793.964
44 70 4142138.141
44 71 3280512.516
44 72 6999402.583
44 73 2194546.364
44 74 3154857.747
44 75 4088351.333
44 76 6854081.497
44 77 2698569.08
44 78 662690.7436
44 79 8878960.015
44 80 7483202.159
44 81 8164127.281
44 82 9954116.177
44 83 9078635.222
44 84 4522570
44 85 6757970.736
44 86 3347754.77
44 87 4953293.597
44 88 4080924.256
44 89 7639755.701
44 90 9239058.454
44 91 4961944.372
44 92 5180514.557
44 93 7267382.931
44 94 5488273.116
44 95 6977312.39
44 96 5338312.692
44 97 5912492.792
44 98 4373373.481
44 99 2699244.164
45 46 3296750.296
45 47 3632795.664
45 48 4657660.148
45 49 3291229.669
45 50 4750867.645
45 51 6986058.406
45 52 1689155.68
45 53 5926659.079
45 54 988763.6042
45 55 8219923.722
45 56 6477471.487
45 57 1895129.322
45 58 8126542.165
45 59 4536251.752
45 60 3509012.434
45 61 4126791.986
45 62 6537352.594
45 63 3124284.182
45 64 2031831.082
45 65 4248409.825
45 66 6139328.17
45 67 4576242.951
45 68 7257067.415
45 69 7354660.424
45 70 2734628.524
45 71 938697.1901
45 72 4679770.954
45 73 1035092.286
45 74 5317861.573
45 75 1815051.427
45 76 5137239.107
45 77 4661131.245
45 78 1748476.058
45 79 7037439.228
45 80 5873434.737
45 81 5845426.166
45 82 9574638.158
45 83 6959417.897
45 84 4848428.593
45 85 4408196.652
45 86 1444503.923
45 87 2928134.878
45 88 3838735.407
45 89 5679598.382
45 90 8615878.837
45 91 2602390.134
45 92 4188241.275
45 93 5894869.052
45 94 3445349.287
45 95 6987624.382
45 96 4540989.457
45 97 3855223.071
45 98 3945846.475
45 99 1892714.296
46 47 4420738.725
46 48 5408341.651
46 49 1425826.469
46 50 3400089.618
46 51 4961890.742
46 52 4564815.512
46 53 4805900.172
46 54 2420944.748
46 55 4937819.319
46 56 5753289.244
46 57 3509124.411
46 58 6396843.694
46 59 3900181.404
46 60 2436185.14
46 61 4912367.827
46 62 5335692.03
46 63 5845029.86
46 64 4171252.993
46 65 2883629.861
46 66 3448665.396
46 67 1444897.739
46 68 6085415.518
46 69 4063506.137
46 70 863470.8722
46 71 3542531.214
46 72 6045179.755
46 73 2431550.251
46 74 5654548.042
46 75 2870646.921
46 76 2933932.649
46 77 4778304.829
46 78 4069461.097
46 79 4963261.991
46 80 3392545.187
46 81 5712384.036
46 82 6288311.006
46 83 5677884.406
46 84 2488390.799
46 85 4888574.638
46 86 4530091.445
46 87 2292744.317
46 88 1218905.683
46 89 4021849.964
46 90 5321842.455
46 91 4053055.937
46 92 945038.6349
46 93 3041162.735
46 94 5918461.356
46 95 3925260.817
46 96 1244281.173
46 97 2893070.398
46 98 1005982.617
46 99 1608748.999
47 48 1078785.28
47 49 5464498.125
47 50 2637587.087
47 51 4729830.512
47 52 2873951.135
47 53 3048227.44
47 54 3965629.835
47 55 8077052.313
47 56 3171612.494
47 57 1738262.958
47 58 5365959.69
47 59 1792742.679
47 60 2287558.692
47 61 532069.0693
47 62 3579475.743
47 63 2994939.183
47 64 5664565.97
47 65 6891820.927
47 66 4969900.148
47 67 5794536.211
47 68 4151684.004
47 69 7712269.535
47 70 3574827.398
47 71 2757431.182
47 72 1656567.355
47 73 4059375.957
47 74 8782012.738
47 75 2001511.499
47 76 3751869.298
47 77 8026597.35
47 78 5380298.053
47 79 4825531.015
47 80 4506110.62
47 81 2301762.215
47 82 9806166.567
47 83 3987558.024
47 84 6867808.743
47 85 785995.0474
47 86 3255572.296
47 87 2155942.002
47 88 5587562.93
47 89 3422281.498
47 90 8582337.788
47 91 1093541.962
47 92 4742730.156
47 93 5054019.462
47 94 2636285.776
47 95 8157976.444
47 96 5244270.585
47 97 2087156.302
47 98 5425998.976
47 99 4301642.984
48 49 6512280.943
48 50 3072983.192
48 51 4814986.593
48 52 3687429.793
48 53 2975331.75
48 54 5038802.939
48 55 8687397.548
48 56 2727550.36
48 57 2769175.964
48 58 5147260.59
48 59 2124760.511
48 60 3117212.805
48 61 547822.6506
48 62 3379063.561
48 63 3421236.555
48 64 6685800.324
48 65 7953687.361
48 66 5450522.206
48 67 6738239.25
48 68 3789779.706
48 69 8446938.341
48 70 4581995.283
48 71 3751860.111
48 72 1075027.127
48 73 5132549.546
48 74 9853271.714
48 75 3078825.924
48 76 4282891.298
48 77 9102927.581
48 78 6396599.869
48 79 4923366.221
48 80 4962334.34
48 81 1649001.935
48 82 10463117.3
48 83 3735722.785
48 84 7880235.999
48 85 573553.769
48 86 4099843.507
48 87 3116388.105
48 88 6598168.963
48 89 3650442.208
48 90 9204967.34
48 91 2059361.269
48 92 5636647.333
48 93 5625327.358
48 94 2932818.952
48 95 9033885.401
48 96 6135225.617
48 97 2798720.15
48 98 6413394.952
48 99 5376879.147
49 50 4802598.384
49 51 6366203.697
49 52 4872212.291
49 53 6212870.858
49 54 2303047.249
49 55 5582085.32
49 56 7136058.773
49 57 4204195.797
49 58 7813889.543
49 59 5226709.741
49 60 3747944.146
49 61 5985201.092
49 62 6752709.64
49 63 6276248.924
49 64 3402047.087
49 65 1494367.58
49 66 4752199.166
49 67 1639853.481
49 68 7505127.229
49 69 4494700.44
49 70 2008843.162
49 71 3876378.211
49 72 7004882.888
49 73 2258170.319
49 74 4259193.443
49 75 3627040.478
49 76 4349872.364
49 77 3380950.767
49 78 3396804.881
49 79 6362115.157
49 80 4756895.094
49 81 7012196.169
49 82 6617340.028
49 83 7100140.399
49 84 1572733.078
49 85 6035929.005
49 86 4712262.404
49 87 3477911.791
49 88 712099.4559
49 89 5447372.69
49 90 5869849.142
49 91 4871078.637
49 92 2111552.295
49 93 4296380.577
49 94 6471662.268
49 95 3772166.67
49 96 2096566.175
49 97 4221300.486
49 98 1034691.633
49 99 1430505.212
50 51 2296620.295
50 52 4873372.563
50 53 1411136.489
50 54 4493287.199
50 55 5626219.392
50 56 2367795.346
50 57 3362542.359
50 58 3383393.534
50 59 949042.4591
50 60 1272460.989
50 61 2831421.561
50 62 1973540.592
50 63 5471611.103
50 64 6535269.018
50 65 6281494.072
50 66 2380808.113
50 67 4353659.803
50 68 2733771.574
50 69 5483015.37
50 70 2880639.839
50 71 4234059.116
50 72 4085024.081
50 73 4569119.145
50 74 8889657.42
50 75 3029694.547
50 76 1220951.976
50 77 8032749.104
50 78 6313073.03
50 79 2368221.122
50 80 1897614.274
50 81 2572766.802
50 82 7417990.206
50 83 2355255.447
50 84 5768102.17
50 85 2513769.369
50 86 5129086.846
50 87 1833058.406
50 88 4576805.902
50 89 941822.8388
50 90 6147071.979
50 91 3235660.511
50 92 3164593.589
50 93 2563991.443
50 94 5206346.831
50 95 6318215.096
50 96 3601917.881
50 97 900298.0183
50 98 4270085.485
50 99 4267209.631
51 52 7166177.973
51 53 1863361.89
51 54 6609386.211
51 55 4875405.227
51 56 2622017.743
51 57 5657950.763
51 58 1495025.645
51 59 2944109.624
51 60 3479019.068
51 61 4765759.531
51 62 1693602.285
51 63 7683895.802
51 64 8656019.186
51 65 7728079.289
51 66 1946511.194
51 67 5381302.5
51 68 1990625.538
51 69 5258837.436
51 70 4745611.258
51 71 6522145.805
51 72 5889990.542
51 73 6675131.412
51 74 10616015.2
51 75 5315279.14
51 76 2038263.584
51 77 9739150.21
51 78 8458176.955
51 79 117386.2753
51 80 1690596.143
51 81 3577919.421
51 82 6668875.13
51 83 1628390.314
51 84 6899668.789
51 85 4351490.641
51 86 7425705.711
51 87 4061857.548
51 88 5932936.556
51 89 1362648.111
51 90 5383802.646
51 91 5485407.105
51 92 4332632.429
51 93 2461011.919
51 94 7363876.964
51 95 6608632.276
51 96 4586306.316
51 97 3185205.708
51 98 5563333.214
51 99 6211620.681
52 53 5743896.495
52 54 2609386.644
52 55 9303577.574
52 56 6028021.81
52 57 1515006.916
52 58 8064023.761
52 59 4340957.05
52 60 3838388.917
52 61 3239630.763
52 62 6325861.345
52 63 1436169.043
52 64 3374914.804
52 65 5926832.593
52 66 6766627.635
52 67 5964302.45
52 68 6963482.827
52 69 8580855.938
52 70 3814591.203
52 71 1026379.943
52 72 3383305.854
52 73 2675741.421
52 74 6856355.645
52 75 1996830.175
52 76 5612710.282
52 77 6265905.512
52 78 3077621.162
52 79 7240875.152
52 80 6404908.131
52 81 5167240.187
52 82 10805189.26
52 83 6748335.764
52 84 6444650.488
52 85 3634050.909
52 86 427653.0878
52 87 3302884.086
52 88 5339477.285
52 89 5803903.834
52 90 9744734.686
52 91 1810138.177
52 92 5337092.844
52 93 6641104.346
52 94 1780447.074
52 95 8437060.112
52 96 5765753.821
52 97 4010115.434
52 98 5377647.706
52 99 3441834.203
53 54 5793389.065
53 55 6324077.288
53 56 1058148.539
53 57 4303864.383
53 58 2329394.819
53 59 1416588.044
53 60 2608414.659
53 61 2988232.516
53 62 611070.6602
53 63 6043166.397
53 64 7809249.226
53 65 7689048.838
53 66 3034396.288
53 67 5685655.137
53 68 1354849.99
53 69 6421921.285
53 70 4285243.228
53 71 5282803.747
53 72 4048366.706
53 73 5874605.162
53 74 10288200.03
53 75 4126924.402
53 76 2239634.433
53 77 9435087.555
53 78 7570210.845
53 79 1976633.084
53 80 2563182.76
53 81 1751256.394
53 82 8146082
53 83 1033210.346
53 84 7136127.441
53 85 2551662.71
53 86 6062632.23
53 87 3110951.171
53 88 5969711.778
53 89 1056639.89
53 90 6849092.553
53 91 3960421.822
53 92 4504356.643
53 93 3404585.123
53 94 5666347.081
53 95 7470139.622
53 96 4908343.146
53 97 2156864.338
53 98 5651740.789
53 99 5644143.494
54 55 7357406.764
54 56 6481342.886
54 57 2332778.608
54 58 7863113.194
54 59 4480156.652
54 60 3221134.015
54 61 4491626.879
54 62 6399758.179
54 63 4038808.624
54 64 2049502.299
54 65 3331259.243
54 66 5532830.33
54 67 3621859.442
54 68 7147206.963
54 69 6440439.78
54 70 2018566.261
54 71 1675934.233
54 72 5249628.751
54 73 93753.30357
54 74 4816755.499
54 75 1969220.842
54 76 4650570.684
54 77 4068276.725
54 78 1850906.678
54 79 6646232.487
54 80 5328043.912
54 81 6005771.174
54 82 8649937.407
54 83 6809197.195
54 84 3864030.125
54 85 4692317.981
54 86 2415664.443
54 87 2683784.685
54 88 2856552.389
54 89 5376428.785
54 90 7732542.139
54 91 3074236.664
54 92 3349508.098
54 93 5229062.559
54 94 4301571.412
54 95 6008326.527
54 96 3655614.766
54 97 3642462.997
54 98 2981763.629
54 99 912649.8357
55 56 7319971.002
55 57 7973878.249
55 58 6073852.041
55 59 6573011.942
55 60 5847011.098
55 61 8386107.702
55 62 6436551.105
55 63 10400001.94
55 64 8948019.104
55 65 6151176.63
55 66 3310575.829
55 67 3942395.618
55 68 6861812.502
55 69 1251275.411
55 70 5528550.165
55 71 8325910.986
55 72 9658419.597
55 73 7364250.907
55 74 9178756.935
55 75 7364970.058
55 76 4407219.393
55 77 8385565.872
55 78 8900436.632
55 79 4773836.899
55 80 3801807.664
55 81 8015482.413
55 82 1822015.1
55 83 6477723.047
55 84 4871800.999
55 85 8119167.096
55 86 9349723.114
55 87 6203466.097
55 88 4870659.379
55 89 5298699.181
55 90 525913.0739
55 91 8258813.808
55 92 4032237.226
55 93 3063180.169
55 94 10320935.58
55 95 2928134.046
55 96 3703964.764
55 97 5989983.944
55 98 4572977.935
55 99 6508071.266
56 57 4706314.859
56 58 2481959.915
56 59 2006464.521
56 60 3426828.994
56 61 2933825.646
56 62 928441.8514
56 63 6077643.422
56 64 8440035.979
56 65 8624709.538
56 66 4060288.583
56 67 6706764.919
56 68 1069701.056
56 69 7466036.18
56 70 5161880.312
56 71 5733152.234
56 72 3730356.261
56 73 6567946.405
56 74 11114782.07
56 75 4664200.825
56 76 3295943.315
56 77 10276616.35
56 78 8183199.447
56 79 2739191.072
56 80 3600913.513
56 81 1129979.468
56 82 9140254.033
56 83 1119894.434
56 84 8135229.339
56 85 2484337.625
56 86 6389851.735
56 87 3851740.203
56 88 6941401.842
56 89 2108908.099
56 90 7842732.854
56 91 4219129.403
56 92 5520001.637
56 93 4450830.422
56 94 5628915.202
56 95 8528051.21
56 96 5938834.38
56 97 2951137.799
56 98 6637771.193
56 99 6444158.195
57 58 6602919.256
57 59 2887987.288
57 60 2338376.693
57 61 2233651.153
57 62 4900699.978
57 63 2427837.447
57 64 3926931.355
57 65 5509493.63
57 66 5286770.651
57 67 4953894.752
57 68 5574785.49
57 69 7354450.801
57 70 2667633.643
57 71 1037297.66
57 72 2919219.099
57 73 2425013.551
57 74 7113319.069
57 75 641843.2899
57 76 4113703.496
57 77 6391927.698
57 78 3642077.184
57 79 5730759.943
57 80 4909061.054
57 81 3983825.142
57 82 9557562.218
57 83 5326145.012
57 84 5732399.43
57 85 2517135.297
57 86 1774651.844
57 87 1829890.335
57 88 4504779.167
57 89 4297005.635
57 90 8437611.489
57 91 742493.5243
57 92 4134911.698
57 93 5194796.984
57 94 2419816.357
57 95 7432244.128
57 96 4605562.103
57 97 2495126.538
57 98 4446633.639
57 99 2863026.903
58 59 3723429.646
58 60 4651235.704
58 61 5255534.037
58 62 1792642.272
58 63 8357653.014
58 64 9910378.612
58 65 9199959.443
58 66 3420875.217
58 67 6874516.045
58 68 1439208.582
58 69 6614491.503
58 70 6101804.952
58 71 7552343.008
58 72 6185910.715
58 73 7935901.05
58 74 12046587.82
58 75 6366952.962
58 76 3464086.173
58 77 11172357.44
58 78 9693120.597
58 79 1536452.745
58 80 3185560.486
58 81 3609664.606
58 82 7799387.748
58 83 1411732.328
58 84 8392737.575
58 85 4805882.278
58 86 8372063.406
58 87 5216436.378
58 88 7406857.404
58 89 2488768.868
58 90 6554184.457
58 91 6288592.26
58 92 5811266.213
58 93 3941588.407
58 94 7960322.934
58 95 8045823.076
58 96 6078183.972
58 97 4272188.92
58 98 7041269.033
58 99 7553676.91
59 60 1478783.749
59 61 1911027.216
59 62 2018694.708
59 63 4743476.956
59 64 6459970.168
59 65 6721063.924
59 66 3326155.613
59 67 5032342.196
59 68 2721873.132
59 69 6396128.095
59 70 3223139.571
59 71 3868262.885
59 72 3147533.235
59 73 4565815.667
59 74 9119335.535
59 75 2725951.417
59 76 2165857.631
59 77 8287906.121
59 78 6210704.58
59 79 3037188.617
59 80 2839230.793
59 81 1819591.191
59 82 8360398.926
59 83 2444265.917
59 84 6361702.566
59 85 1569646.87
59 86 4650875.522
59 87 1849922.734
59 88 5115716.126
59 89 1630769.343
59 90 7093016.824
59 91 2581420.09
59 92 3857029.434
59 93 3509938.196
59 94 4421188.477
59 95 7141758.27
59 96 4329534.226
59 97 1008510.599
59 98 4850523.105
59 99 4447217.743
60 61 2689724.686
60 62 3203513.105
60 63 4668472.934
60 64 5262957.374
60 65 5242306.437
60 66 2956952.225
60 67 3654923.438
60 68 3960373.829
60 69 5427160.107
60 70 1746500.609
60 71 3078050.693
60 72 3934574.529
60 73 3297493.955
60 74 7697520.274
60 75 1878887.829
60 76 1775630.711
60 77 6853426.709
60 78 5042214.19
60 79 3533667.274
60 80 2570688.541
60 81 3278508.163
60 82 7542247.322
60 83 3603074.127
60 84 4915645.371
60 85 2559277.111
60 86 4037221.366
60 87 583097.0445
60 88 3654966.024
60 89 2177144.207
60 90 6341216.048
60 91 2445160.613
60 92 2523883.904
60 93 2911827.219
60 94 4514248.374
60 95 5917113.743
60 96 3020233.375
60 97 477186.5249
60 98 3408832.711
60 99 3038485.75
61 62 3464145.875
61 63 3144045.883
61 64 6157456.696
61 65 7418725.217
61 66 5206138.17
61 67 6265887.342
61 68 3963744.872
61 69 8082471.78
61 70 4075227.925
61 71 3231337.546
61 72 1272646.946
61 73 4585378.261
61 74 9306747.996
61 75 2531005.383
61 76 4007206.961
61 77 8555207.294
61 78 5870109.082
61 79 4868382.148
61 80 4727717.521
61 81 1952217.96
61 82 10140193.22
61 83 3851460.102
61 84 7372729.251
61 85 452793.6762
61 86 3641070.492
61 87 2628707.53
61 88 6091125.495
61 89 3519050.121
61 90 8898145.736
61 91 1540652.95
61 92 5188037.798
61 93 5336575.3
61 94 2710167.424
61 95 8598034.853
61 96 5688880.092
61 97 2422053.735
61 98 5918349.271
61 99 4833236.985
62 63 6567516.213
62 64 8418705.013
62 65 8218038.165
62 66 3224863.176
62 67 6138222.36
62 68 760373.8594
62 69 6647293.333
62 70 4853789.217
62 71 5886956.691
62 72 4435128.61
62 73 6480371.714
62 74 10863197.75
62 75 4736096.272
62 76 2625355.048
62 77 10005899.34
62 78 8180511.506
62 79 1810802.338
62 80 2792353.54
62 81 1943545.689
62 82 8252772.894
62 83 425677.6549
62 84 7613042.977
62 85 3015637.409
62 86 6652448.418
62 87 3716242.448
62 88 6476728.928
62 89 1394829.661
62 90 6956633.322
62 91 4531438.615
62 92 4970720.319
62 93 3652976.319
62 94 6167699
62 95 7798117.189
62 96 5348611.438
62 97 2759414.118
62 98 6146922.224
62 99 6232446.231
63 64 4670075.507
63 65 7361901.039
63 66 7617722.621
63 67 7274737.325
63 68 7103804.22
63 69 9773315.083
63 70 5040192.748
63 71 2399903.928
63 72 2726117.782
63 73 4107636.252
63 74 8187080.723
63 75 3051795.734
63 76 6409753.369
63 77 7641040.447
63 78 4381343.389
63 79 7773551.485
63 80 7204651.847
63 81 5058154.449
63 82 11981876.7
63 83 6969340.737
63 84 7848323.371
63 85 3595096.401
63 86 1733146.915
63 87 4220388.886
63 88 6708092.031
63 89 6342287.31
63 90 10865297.57
63 91 2249707.083
63 92 6540059.938
63 93 7573698.026
63 94 574327.7645
63 95 9758976.4
63 96 6997711.842
63 97 4708428.704
63 98 6715711.547
63 99 4847490.627
64 65 3598160.769
64 66 7501421.249
64 67 5020495.747
64 68 9158518.448
64 69 7893115.571
64 70 3990500.016
64 71 2939785.372
64 72 6646764.978
64 73 1981153.734
64 74 3520087.525
64 75 3792453.09
64 76 6681361.42
64 77 3043744.658
64 78 298778.0669
64 79 8691045.33
64 80 7332601.431
64 81 7860886.018
64 82 10015013.72
64 83 8832951.643
64 84 4647855.262
64 85 6438812.826
64 86 2980921.846
64 87 4712817.321
64 88 4108022.111
64 89 7424926.502
64 90 9259337.801
64 91 4627381.32
64 92 5111041.852
64 93 7156145.58
64 94 5121019.571
64 95 7081624.338
64 96 5301514.463
64 97 5671630.934
64 98 4377893.906
64 99 2583118.347
65 66 5996937.291
65 67 2506757.78
65 68 8965606.705
65 69 4938550.184
65 70 3501580.635
65 71 5004691.686
65 72 8382506.515
65 73 3257681.581
65 74 3092216.463
65 75 4980990.915
65 76 5749695.727
65 77 2253468.552
65 78 3715352.95
65 79 7713532.243
65 80 6072335.919
65 81 8504140.563
65 82 6816423.333
65 83 8554922.072
65 84 1292482.051
65 85 7494489.524
65 86 5688381.004
65 87 4961083.63
65 88 1795373.877
65 89 6889452.03
65 90 6328371.906
65 91 6214131.182
65 92 3397533.643
65 93 5504446.535
65 94 7632094.676
65 95 3716331.584
65 96 3218844.92
65 97 5715588.29
65 98 2169544.288
65 99 2646646.387
66 67 3549012.524
66 68 3770725.236
66 69 3422906.998
66 70 3520295.267
66 71 5922758.686
66 72 6465034.866
66 73 5578640.115
66 74 8997211.299
66 75 4773929.263
66 76 1223467.476
66 77 8120543.049
66 78 7351770.129
66 79 1888287.011
66 80 494240.5036
66 81 4705454.85
66 82 5128684.427
66 83 3351852.806
66 84 5055915.52
66 85 4894226.624
66 86 6926565.098
66 87 3464555.971
66 88 4218976.22
66 89 1993107.505
66 90 3836424.17
66 91 5376946.955
66 92 2641883.523
66 93 523777.3005
66 94 7430774.88
66 95 4672665.997
66 96 2782907.103
66 97 2935770.544
66 98 3836785.278
66 99 4931577.717
67 68 6847759.098
67 69 2878433.511
67 70 2299535.915
67 71 4937982.089
67 72 7438008.173
67 73 3606437.515
67 74 5586471.999
67 75 4315533.098
67 76 3531778.859
67 77 4728020.491
67 78 4991938.001
67 79 5351354.96
67 80 3693008.52
67 81 6846051.593
67 82 5049787.475
67 83 6420738.192
67 84 1518373.737
67 85 6196416.927
67 86 5895545.864
67 87 3639862.887
67 88 929486.9964
67 89 4749919.854
67 90 4238951.978
67 91 5490499.319
67 92 1189124.37
67 93 3039362.159
67 94 7360895.118
67 95 2485018.86
67 96 800623.505
67 97 4062347.507
67 98 653408.8236
67 99 2716118.846
68 69 7178943.926
68 70 5613684.582
68 71 6578183.622
68 72 4799922.896
68 73 7228768.06
68 74 11623394.14
68 75 5447821.649
68 76 3318332.532
68 77 10765689.76
68 78 8916562.527
68 79 2097340.522
68 80 3380267.069
68 81 2197264.388
68 82 8659165.336
68 83 430774.9234
68 84 8334536.697
68 85 3511129.839
68 86 7305797.681
68 87 4465544.228
68 88 7215578.067
68 89 2100132.772
68 90 7372539.003
68 91 5156287.053
68 92 5691304.303
68 93 4236167.431
68 94 6670862.334
68 95 8412812.268
68 96 6052887.918
68 97 3511614.827
68 98 6880329.532
68 99 6991865.885
69 70 4766306.818
69 71 7572809.017
69 72 9346815.012
69 73 6435774.977
69 74 7941442.953
69 75 6722345.1
69 76 4285777.396
69 77 7158535.608
69 78 7869994.952
69 79 5173962.073
69 80 3865852.854
69 81 8008290.37
69 82 2227047.36
69 83 6766346.184
69 84 3650444.23
69 85 7873426.562
69 86 8579072.968
69 87 5684388.42
69 88 3785516.186
69 89 5365733.32
69 90 1395958.378
69 91 7733760.059
69 92 3244683.723
69 93 3017396.766
69 94 9756864.102
69 95 1727227.226
69 96 2826166.608
69 97 5661410.916
69 98 3529676.353
69 99 5555125.508
70 71 2811103.009
70 72 5188776.49
70 73 2060369.881
70 74 6010504.518
70 75 2026154.337
70 76 2723479.901
70 77 5152139.156
70 78 3832615.335
70 79 4767144.297
70 80 3343182.237
70 81 5003354.545
70 82 6990782.703
70 83 5227586.259
70 84 3298471.871
70 85 4077133.253
70 86 3827598.17
70 87 1486030.696
70 88 2016444.714
70 89 3637732.118
70 90 5950566.068
70 91 3191728.469
70 92 1522920.968
70 93 3211011.55
70 94 5085337.308
70 95 4767597.51
70 96 1959724.822
70 97 2222839.713
70 98 1857874.236
70 99 1467064.189
71 72 3741101.924
71 73 1754480.42
71 74 6254226.187
71 75 1207160.792
71 76 4819283.839
71 77 5585202.222
71 78 2647693.535
71 79 6585887.315
71 80 5596041.95
71 81 5020325.717
71 82 9799005.192
71 83 6312506.545
71 84 5448428.987
71 85 3541748.635
71 86 1027672.667
71 87 2505882.004
71 88 4321081.145
71 89 5175858.965
71 90 8757416.872
71 91 1692818.36
71 92 4333307.782
71 93 5753063.282
71 94 2627723.337
71 95 7411043.96
71 96 4751953.942
71 97 3337728.081
71 98 4352333.832
71 99 2448269.206
72 73 5341213.808
72 74 9988976.146
72 75 3401783.397
72 76 5273938.412
72 77 9293960.218
72 78 6349166.68
72 79 5998272.881
72 80 5982465.566
72 81 2610471.406
72 82 11412370.35
72 83 4777839.061
72 84 8459240.115
72 85 1581655.017
72 86 3810938.906
72 87 3806267.755
72 88 7186047.879
72 89 4712588.717
72 90 10170728.54
72 91 2184005.135
72 92 6398467.315
72 93 6606860.521
72 94 2172341.416
72 95 9813885.789
72 96 6899971.761
72 97 3690614.519
72 98 7046428.653
72 99 5744725.346
73 74 4723048.232
73 75 2062792.984
73 76 4709394.66
73 77 3974777.629
73 78 1790619.887
73 79 6710848.175
73 80 5380459.754
73 81 6097064.563
73 82 8641601.086
73 83 6888947.956
73 84 3813343.462
73 85 4785762.64
73 86 2471443.886
73 87 2764129.825
73 88 2826472.117
73 89 5448391.784
73 90 7734782.776
73 91 3166691.324
73 92 3365335.456
73 93 5268308.063
73 94 4377585.425
73 95 5978899.105
73 96 3660773.571
73 97 3722134.07
73 98 2962904.777
73 99 890885.3248
74 75 6785233.371
74 76 8587246.085
74 77 878245.6688
74 78 3805957.465
74 79 10615527.69
74 80 9016009.378
74 81 10768943.62
74 82 9630310.315
74 83 11237894.06
74 84 4320008.526
74 85 9505989.979
74 86 6480498.613
74 87 7269768.709
74 88 4789101.334
74 89 9627840.204
74 90 9307663.756
74 91 7853429.796
74 92 6357329.725
74 93 8524868.905
74 94 8623979.592
74 95 6514295.477
74 96 6256454.403
74 97 8168725.7
74 98 5172406.203
74 99 4672129.015
75 76 3638110.297
75 77 6025152.705
75 78 3526886.71
75 79 5378744.18
75 80 4424087.061
75 81 4077451.907
75 82 8930186.198
75 83 5160034.92
75 84 5132358.531
75 85 2723667.312
75 86 2162212.188
75 87 1318327.426
75 88 3889901.628
75 89 3971179.853
75 90 7822492.576
75 91 1244038.518
75 92 3496388.647
75 93 4644955.494
75 94 3061455.666
75 95 6791988.555
75 96 3964798.872
75 97 2131732.638
75 98 3817570.829
75 99 2344872.357
76 77 7711698.556
76 78 6499978.488
76 79 2050651.273
76 80 797171.5041
76 81 3725362.76
76 82 6197039.169
76 83 2890072.732
76 84 5028866.259
76 85 3717487.72
76 86 5800309.963
76 87 2319884.274
76 88 3964330.168
76 89 1230576.43
76 90 4927200.781
76 91 4163883.463
76 92 2393154.175
76 93 1344083.577
76 94 6211298.395
76 95 5234334.633
76 96 2735098.084
76 97 1714027.326
76 98 3609438.29
76 99 4190175.213
77 78 3304565.617
77 79 9738152.839
77 80 8137765.86
77 81 9962103.278
77 82 8925061.55
77 83 10377068.56
77 84 3514066.732
77 85 8734508.051
77 86 5913190.306
77 87 6440965.842
77 88 3916556.705
77 89 8759947.63
77 90 8537375.421
77 91 7134388.573
77 92 5480041.244
77 93 7649976.224
77 94 8045477.798
77 95 5799645.758
77 96 5385706.629
77 97 7326852.367
77 98 4299586.612
77 99 3845277.467
78 79 8496132.9
78 80 7166988.144
78 81 7587553.997
78 82 10013414.59
78 83 8596756.822
78 84 4710673.704
78 85 6156627.721
78 86 2685754.478
78 87 4484696.892
78 88 4093074.345
78 89 7211553.237
78 90 9225402.29
78 91 4337523.229
78 92 5013594.857
78 93 7020975.326
78 94 4827305.634
78 95 7120013.201
78 96 5229510.565
78 97 5441586.137
78 98 4343113.685
78 99 2465122.895
79 80 1658357.568
79 81 3694264.088
79 82 6564042.956
79 83 1740474.365
79 84 6869545.413
79 85 4456321.989
79 86 7496104.402
79 87 4116762.692
79 88 5918159.601
79 89 1441453.116
79 90 5280676.577
79 91 5569460.565
79 92 4316376.274
79 93 2406883.401
79 94 7458141.3
79 95 6539886.843
79 96 4558745.57
79 97 3251248.713
79 98 5546566.023
79 99 6234003.28
80 81 4216776.095
80 82 5618042.647
80 83 2954113.94
80 84 5211240.402
80 85 4408514.763
80 86 6585279.063
80 87 3106268.471
80 88 4278594.872
80 89 1512947.076
80 90 4327480.662
80 91 4957332.562
80 92 2676952.44
80 93 861023.2401
80 94 6998806.061
80 95 5032821.779
80 96 2900900.685
80 97 2501956.032
80 98 3902864.401
80 99 4791043.247
81 82 9834106.268
81 83 2224670.319
81 84 8180381.011
81 85 1533892.26
81 86 5555507.796
81 87 3558348.843
81 88 6930008.466
81 89 2719812.137
81 90 8541393.345
81 91 3393519.503
81 92 5665384.245
81 93 5014485.966
81 94 4580394.047
81 95 8890433.41
81 96 6129298.612
81 97 2820359.753
81 98 6669381.6
81 99 6122525.391
82 83 8282458.387
82 84 5538642.352
82 85 9891963.743
82 86 10806092.97
82 87 7847447.389
82 88 5922201.311
82 89 7119158.479
82 90 1297645.722
82 91 9906001.15
82 92 5468096.416
82 93 4855889.699
82 94 11947119.73
82 95 3125562.509
82 96 5053031.756
82 97 7725963.82
82 98 5702740.428
82 99 7755652.416
83 84 7910207.512
83 85 3400309.273
83 86 7076707.042
83 87 4125516.525
83 88 6798964.387
83 89 1676864.838
83 90 6991835.903
83 91 4951419.984
83 92 5267421.748
83 93 3811649.048
83 94 6560022.118
83 95 7985698.821
83 96 5625071.379
83 97 3166822.657
83 98 6460925.356
83 99 6622044.449
84 85 7369986.834
84 86 6278489.31
84 87 4772654.391
84 88 1282071.824
84 89 6234408.832
84 90 5037710.229
84 91 6370720.206
84 92 2643345.769
84 93 4540663.953
84 94 8035721.362
84 95 2469099.204
84 96 2315650.164
84 97 5361605.196
84 98 1511250.68
84 99 3003192.414
85 86 4025281.923
85 87 2597430.496
85 88 6088969.93
85 89 3136814.165
85 90 8635910.743
85 91 1876986.718
85 92 5082476.877
85 93 5058341.412
85 94 3162721.786
85 95 8472278.211
85 96 5579479.028
85 97 2228158.909
85 98 5890874.517
85 99 4957231.056
86 87 3480457.026
86 88 5221178.031
86 89 6066877.605
86 90 9777667.114
86 91 2174125.089
86 92 5346661.164
86 93 6771083.43
86 94 2143588.077
86 95 8349225.633
86 96 5753988.973
86 97 4248759.112
86 98 5289039.13
86 99 3290813.257
87 88 3492032.441
87 89 2752921.8
87 90 6682890.727
87 91 2059704.913
87 92 2598987.455
87 93 3365741.34
87 94 4117475.476
87 95 6012490.306
87 96 3099541.498
87 97 959364.7908
87 98 3297169.526
87 99 2597874.035
88 89 5125532.937
88 90 5158283.328
88 91 5119142.092
88 92 1602442.182
88 93 3738009.151
88 94 6854828.488
88 95 3152429.106
88 96 1470738.347
88 97 4109910.938
88 98 383397.043
88 99 1946128.454
89 90 5824545.186
89 91 4129477.636
89 92 3591220.498
89 93 2348338.007
89 94 6042526.44
89 95 6431590.691
89 96 3957405.791
89 97 1840212.257
89 98 4784965.009
89 99 5076072.108
90 91 8741239.853
90 92 4438866.1
90 93 3583212.032
90 94 10798735.6
90 95 2904064.806
90 96 4078992.741
90 97 6496072.577
90 98 4883234.142
90 99 6866688.089
91 92 4576450.319
91 93 5356819.256
91 94 2070034.415
91 95 7945244.614
91 96 5065462.325
91 97 2458902.006
91 98 5026218.412
91 99 3569786.305
92 93 2186899.427
92 94 6551485.277
92 95 3415440.804
92 96 501542.978
92 97 2904743.738
92 98 1230720.47
92 99 2553763.325
93 94 7425005.753
93 95 4181771.97
93 96 2285751.011
93 97 2975429.628
93 98 3354729.295
93 99 4574657.643
94 95 9843720.205
94 96 7024863.922
94 97 4497692.956
94 98 6830820.02
94 99 5056204.266
95 96 2913986.31
95 97 6258210.497
95 98 3061321.865
95 99 5096631.394
96 97 3391449.112
96 98 1089948.068
96 99 2806608.455
97 98 3851348.337
97 99 3504259.648
98 99 2072028.039
