4950
0 1 8635458.939
0 2 5320193.259
0 3 3878779.703
0 4 2586349.16
0 5 4744063.614
0 6 5025718.178
0 7 8392249.798
0 8 3980107.407
0 9 3083559.34
0 10 2660899.346
0 11 2831508.613
0 12 4491527.727
0 13 4547230.395
0 14 6144785.468
0 15 2098213.588
0 16 5801786.105
0 17 1961105.145
0 18 5503347.125
0 19 4041135.15
0 20 5107623.352
0 21 915452.0666
0 22 7190662.655
0 23 2424402.749
0 24 6673116.16
0 25 7857016.132
0 26 5158557.108
0 27 2980708.492
0 28 6486736.519
0 29 3056680.668
0 30 2227607.008
0 31 6743073.793
0 32 7589804.962
0 33 7886752.768
0 34 7364106.365
0 35 1164465.94
0 36 1947001.052
0 37 4472817.445
0 38 2132339.803
0 39 3274255.246
0 40 3559701.526
0 41 7182830.064
0 42 2046735.895
0 43 2242436.824
0 44 1625936.6
0 45 8533102.711
0 46 6356529.014
0 47 7295764.382
0 48 4926235.32
0 49 7180710.005
0 50 2019046.197
0 51 5684126.878
0 52 5260639.831
0 53 8144615.978
0 54 10103680.1
0 55 7891286.811
0 56 3847639.088
0 57 5585472.902
0 58 6148550.672
0 59 8550992.734
0 60 7682177.09
0 61 1653652.172
0 62 5751518.485
0 63 6619558.354
0 64 5522011.89
0 65 5671730.614
0 66 6934792.815
0 67 6822667.112
0 68 6150539.729
0 69 7557319.632
0 70 6182710.869
0 71 7634522.864
0 72 670329.4082
0 73 6264854.788
0 74 1985653.459
0 75 8697377.265
0 76 7984317.841
0 77 8478598.19
0 78 4662593.581
0 79 3044675.254
0 80 3132902.93
0 81 7385776.481
0 82 9724647.801
0 83 8533188.51
0 84 2768238.242
0 85 6713177.411
0 86 2179422.977
0 87 7160470.615
0 88 4700424.16
0 89 7443561.811
0 90 3464229.353
0 91 6845684.17
0 92 8599392.133
0 93 4683871.691
0 94 3338694.972
0 95 1020792.453
0 96 5031124.284
0 97 1962412.012
0 98 2106265.657
0 99 400215.4612
1 2 4248554.171
1 3 9336997.91
1 4 9720767.229
1 5 7495836.198
1 6 7151358.097
1 7 1806089.278
1 8 5335776.315
1 9 9019344.911
1 10 7476649.284
1 11 7004382.38
1 12 6354510.916
1 13 4096956.896
1 14 2625570.157
1 15 8561996.021
1 16 3149533.263
1 17 10582024.18
1 18 5183935.146
1 19 9496556.526
1 20 3889219.587
1 21 8611873.299
1 22 4169063.925
1 23 9403732.074
1 24 6154315.898
1 25 2213288.966
1 26 4593106.019
1 27 9542625.218
1 28 2329300.273
1 29 6685680.534
1 30 6438819.511
1 31 2188739.906
1 32 7524847.133
1 33 9836323.51
1 34 7360551.904
1 35 9305232.565
1 36 10352387.62
1 37 4909809.795
1 38 6513557.248
1 39 8976385.042
1 40 7520775.492
1 41 5946352.733
1 42 6618391.658
1 43 6747107.164
1 44 7021594.612
1 45 6494839.405
1 46 7211011.062
1 47 1968318.934
1 48 4841981.271
1 49 4651448.448
1 50 10654486.5
1 51 5187047.635
1 52 3526532.972
1 53 5026148.04
1 54 3578162.106
1 55 1675589.256
1 56 5337066.476
1 57 5775257.926
1 58 3104618.183
1 59 103621.9152
1 60 5984161.415
1 61 9456530.592
1 62 6063413.821
1 63 7083201.992
1 64 4119822.282
1 65 6760405.507
1 66 5386314.87
1 67 8603752.337
1 68 3329923.868
1 69 1128751.481
1 70 3880833.77
1 71 8627965.875
1 72 7985989.427
1 73 8400621.379
1 74 9658625.491
1 75 348655.3462
1 76 2096122.346
1 77 4721215.768
1 78 4086606.704
1 79 5729043.806
1 80 7129687.326
1 81 7839027.039
1 82 3667414.293
1 83 1472169.116
1 84 6381741.076
1 85 1975569.497
1 86 6464437.711
1 87 6543191.834
1 88 8147962.507
1 89 2608156.627
1 90 6505148.016
1 91 6353795.446
1 92 4933886.74
1 93 5595362.849
1 94 5750407.599
1 95 9421944.291
1 96 8127101.211
1 97 9344222.843
1 98 8780033.528
1 99 8366008.714
2 3 7603769.695
2 4 7254192.251
2 5 6660978.753
2 6 6548919.681
2 7 5029453.194
2 8 3996808.694
2 9 6989617.663
2 10 3424129.911
2 11 5067926.249
2 12 2110375.943
2 13 2269018.095
2 14 2992862.487
2 15 6161219.205
2 16 1209415.108
2 17 7082365.374
2 18 5206222.842
2 19 7794525.303
2 20 3294774.676
2 21 5671602.781
2 22 5675757.701
2 23 6961005.493
2 24 6782312.762
2 25 4828940.42
2 26 348826.5377
2 27 7319309.974
2 28 1985336.823
2 29 4869588.758
2 30 3210064.687
2 31 2064062.375
2 32 8264733.099
2 33 9928631.887
2 34 8030070.006
2 35 6305715.411
2 36 7251743.882
2 37 3965299.329
2 38 3568090.594
2 39 7048955.999
2 40 6011897.813
2 41 2869810.419
2 42 3722161.755
2 43 4279080.147
2 44 3787308.687
2 45 8107104.716
2 46 7361109.808
2 47 2377158.532
2 48 595611.0115
2 49 2148777.349
2 50 7223177.336
2 51 1282590.229
2 52 2855962.122
2 53 6915990.104
2 54 7170154.101
2 55 2915120.192
2 56 3844291.808
2 57 5779988.805
2 58 1146867.209
2 59 4145599.578
2 60 7276519.701
2 61 6637520.162
2 62 6127552.031
2 63 7419549.063
2 64 201941.8494
2 65 6625839.788
2 66 2334646.585
2 67 8581757.79
2 68 4009275.494
2 69 3539012.518
2 70 4596495.89
2 71 9019983.762
2 72 4796981.797
2 73 8151197.82
2 74 6926731.471
2 75 4144163.528
2 76 2846602.55
2 77 6924720.739
2 78 1376987.752
2 79 3401851.245
2 80 5393325.027
2 81 8364981.61
2 82 7017348.51
2 83 4947194.632
2 84 2596403.957
2 85 2429729.572
2 86 3321340.005
2 87 7352352.896
2 88 7142595.578
2 89 2222160.998
2 90 2366436.047
2 91 7031641.918
2 92 7135940.205
2 93 4949596.39
2 94 1984400.877
2 95 6293605.905
2 96 7302533.668
2 97 6705083.724
2 98 6344469.309
2 99 4957512.761
3 4 1673284.722
3 5 2238821.825
3 6 2693004.914
3 7 8340124.423
3 8 4061418.336
3 9 796892.9734
3 10 6228187.618
3 11 2556270.776
3 12 7692134.219
3 13 5739081.508
3 14 6756983.975
3 15 1813469.728
3 16 7469523.526
3 17 4635149.04
3 18 4434811.401
3 19 192452.2654
3 20 5481659.48
3 21 2964406.192
3 22 6178308.991
3 23 1613273.301
3 24 4641937.939
3 25 7709181.59
3 26 7607238.312
3 27 1095304.251
3 28 7831777.729
3 29 2807761.623
3 30 4675702.709
3 31 8132984.98
3 32 4830432.269
3 33 4260150.085
3 34 4671800.637
3 35 2986663.123
3 36 3394453.517
3 37 4437973.95
3 38 4192099.064
3 39 627409.9079
3 40 1816800.101
3 41 10153506.88
3 42 4038190.309
3 43 3354889.832
3 44 4314509.587
3 45 6309768.36
3 46 3749362.927
3 47 8745382.028
3 48 7468489.482
3 49 9740598.938
3 50 4445881.305
3 51 8461872.675
3 52 5922705.016
3 53 6598770.663
3 54 9354693.056
3 55 9284782.495
3 56 4112102.312
3 57 4056081.373
3 58 7951683.117
3 59 9285192.505
3 60 5675102.823
3 61 2523757.06
3 62 3966235.582
3 63 4070421.241
3 64 7778308.594
3 65 3438871.861
3 66 9752970.154
3 67 3512880.598
3 68 6073292.146
3 69 8222177.737
3 70 5689311.293
3 71 4394962.958
3 72 3751484.301
3 73 3011244.482
3 74 2310291.288
3 75 9534472.133
3 76 9557790.37
3 77 7075392.695
3 78 6397080.346
3 79 4214932.928
3 80 2293064.696
3 81 4466845.87
3 82 8876437.605
3 83 8614613.79
3 84 5716622.336
3 85 7831648.254
3 86 4523705.565
3 87 4880742.565
3 88 1683327.932
3 89 9217431.609
3 90 6663036.783
3 91 4685250.364
3 92 7098909.897
3 93 3798084.355
3 94 5990467.21
3 95 3322026.595
3 96 1969555.684
3 97 2088244.345
3 98 1773132.569
3 99 4169572.179
4 5 3537321.337
4 6 3963739.539
4 7 9001506.534
4 8 4415888.973
4 9 1107048.415
4 10 5190652.96
4 11 2738162.452
4 12 6893169.218
4 13 5776702.843
4 14 7095491.506
4 15 1164336.272
4 16 7390102.283
4 17 2976707.302
4 18 5324651.983
4 19 1766193.508
4 20 5847466.104
4 21 1768884.654
4 22 7139859.091
4 23 317200.2036
4 24 5919270.018
4 25 8390159.633
4 26 7181410.033
4 27 578266.7423
4 28 7904366.69
4 29 3066289.5
4 30 4075329.903
4 31 8195899.306
4 32 6352604.434
4 33 5932613.979
4 34 6170788.441
4 35 1490293.161
4 36 1721366.359
4 37 4888344.964
4 38 3686124.398
4 39 1307026.373
4 40 2615833.664
4 41 9514052.748
4 42 3532498.83
4 43 3078360.84
4 44 3562359.156
4 45 7701551.376
4 46 5192233.198
4 47 8799678.01
4 48 6994622.104
4 49 9307453.663
4 50 2778382.083
4 51 7898142.276
4 52 6196586.365
4 53 7770229.181
4 54 10302518.22
4 55 9376304.855
4 56 4391333.129
4 57 5106927.439
4 58 7829040.809
4 59 9654376.313
4 60 6980371.658
4 61 975024.076
4 62 5113960.513
4 63 5506062.588
4 64 7446588.33
4 65 4728299.693
4 66 9189553.116
4 67 5149614.033
4 68 6661274.68
4 69 8592373.088
4 70 6425234.456
4 71 6028540.851
4 72 2710710.461
4 73 4626401.036
4 74 684187.7295
4 75 9866704.538
4 76 9576965.608
4 77 8209063.281
4 78 6241673.548
4 79 4104075.974
4 80 2709019.272
4 81 6025912.097
4 82 9851400.918
4 83 9230559.543
4 84 4982184.389
4 85 8000572.864
4 86 3947956.945
4 87 6253895.871
4 88 3149989.298
4 89 9140782.587
4 90 5842474.786
4 91 6010433.654
4 92 8267427.161
4 93 4551472.064
4 94 5406807.982
4 95 1790974.319
4 96 3479764.127
4 97 628980.9388
4 98 950922.2475
4 99 2951073.967
5 6 454186.559
5 7 6296855.572
5 8 2678676.891
5 9 2438377.854
5 10 6375523.694
5 11 2093619.763
5 12 7356503.034
5 13 4480743.143
5 14 5060138.181
5 15 2883684.568
5 16 6199517.198
5 17 6141907.78
5 18 2354630.611
5 19 2327071.093
5 20 3856169.392
5 21 3936914.962
5 22 3991554.856
5 23 3317196.816
5 24 2417180.44
5 25 5664957.758
5 26 6763480.818
5 27 3039282.884
5 28 6362924.319
5 29 2067007.313
5 30 4433582.785
5 31 6659374.021
5 32 2898503.84
5 33 3427995.004
5 34 2691812.968
5 35 4320425.971
5 36 5093126.518
5 37 2850748.394
5 38 3935581.048
5 39 2259702.134
5 40 1184362.091
5 41 9457346.529
5 42 3822627.374
5 43 3070849.82
5 44 4354702.327
5 45 4164542.747
5 46 1683997.628
5 47 7253376.962
5 48 6698731.425
5 49 8787166.971
5 50 6018486.73
5 51 7745515.222
5 52 4360073.303
5 53 4360133.117
5 54 7147957.361
5 55 7731840.443
5 56 2819106.508
5 57 1873244.23
5 58 6703166.939
5 59 7458413.87
5 60 3466880.576
5 61 4031400.913
5 62 1738745.51
5 63 1986437.355
5 64 6800353.413
5 65 1210953.905
5 66 8970311.643
5 67 2172889.333
5 68 4166112.351
5 69 6426126.596
5 70 3668864.308
5 71 2915633.12
5 72 4308219.101
5 73 1637256.52
5 74 3970695.711
5 75 7735019.746
5 76 8073150.971
5 77 4837079.38
5 78 5309186.067
5 79 3424372.3
5 80 1706984.626
5 81 2650622.314
5 82 6663154.046
5 83 6599082.815
5 84 5484920.744
5 85 6256577.39
5 86 4280882.94
5 87 2717123.893
5 88 663547.6485
5 89 7852715.718
5 90 6445312.457
5 91 2484257.2
5 92 4860394.071
5 93 1942565.388
5 94 5514657.657
5 95 4644458.994
5 96 663662.3331
5 97 3636646.612
5 98 3020366.568
5 99 4874515.86
6 7 5900663.424
6 8 2552936.653
6 9 2872151.031
6 10 6501633.612
6 11 2275456.968
6 12 7371924.222
6 13 4325201.954
6 14 4772316.679
6 15 3250480.175
6 16 6013072.136
6 17 6500428.277
6 18 1976582.437
6 19 2780065.163
6 20 3609165.766
6 21 4253871.973
6 22 3556433.6
6 23 3733198.927
6 24 1969374.274
6 25 5270579.955
6 26 6673346.511
6 27 3477681.355
6 28 6123786.817
6 29 2184271.499
6 30 4522105.367
6 31 6416361.128
6 32 2566711.775
6 33 3415126.25
6 34 2346237.745
6 35 4677307.004
6 36 5486191.419
6 37 2648108.174
6 38 4037830.409
6 39 2699598.805
6 40 1498170.446
6 41 9377152.053
6 42 3937822.398
6 43 3208520.685
6 44 4502615.13
6 45 3741987.245
6 46 1333679.855
6 47 7001079.861
6 48 6626414.663
6 49 8653680.812
6 50 6387323.993
6 51 7674007.927
6 52 4121607.788
6 53 3905980.067
6 54 6703282.027
6 55 7461046.468
6 56 2713450.09
6 57 1452200.146
6 58 6516683.133
6 59 7117912.565
6 60 3023930.946
6 61 4414643.878
6 62 1292050.465
6 63 1613810.407
6 64 6678385.363
6 65 766265.3633
6 66 8874160.583
6 67 2095422.852
6 68 3824675.388
6 69 6099000.676
6 70 3294778.227
6 71 2742244.49
6 72 4550687.821
6 73 1612996.738
6 74 4371830.363
6 75 7400626.801
6 76 7817558.321
6 77 4383119.351
6 78 5181369.103
6 79 3426013.777
6 80 1915086.002
6 81 2370397.697
6 82 6216747.548
6 83 6209921.904
6 84 5549973.636
6 85 5990452.753
6 86 4373995.96
6 87 2295069.779
6 88 1084745.967
6 89 7628133.579
6 90 6497016.114
6 91 2047188.58
6 92 4406269.215
6 93 1685682.639
6 94 5526798.103
6 95 4994332.709
6 96 981720.9799
6 97 4031628.206
6 98 3400801.191
6 99 5127729.453
7 8 4620408.175
7 9 8157019.781
7 10 7795558.15
7 11 6273059.686
7 12 7083761.559
7 13 3982229.474
7 14 2351807.746
7 15 7885157.792
7 16 3820163.234
7 17 10348805.52
7 18 3945033.039
7 19 8479353.433
7 20 3293322.425
7 21 8178174.611
7 22 2552412.238
7 23 8691462.796
7 24 4599395.908
7 25 632842.9433
7 26 5372334.719
7 27 8729171.142
7 28 3087911.745
7 29 5943329.506
7 30 6350455.984
7 31 3125913.913
7 32 5871014.331
7 33 8255024.722
7 34 5728488.621
7 35 8857317.13
7 36 9903395.193
7 37 4127208.447
7 38 6282064.101
7 39 8075833.37
7 40 6566534.584
7 41 7273076.417
7 42 6350642.826
7 43 6271705.754
7 44 6868240.52
7 45 4721746.04
7 46 5719592.758
7 47 3242885.54
7 48 5572816.308
7 49 6020892.092
7 50 10376881.69
7 51 6188798.964
7 52 3155757.929
7 53 3254354.559
7 54 2144904.694
7 55 3214753.468
7 56 4686029.061
7 57 4456265.627
7 58 4006862.369
7 59 1846535.754
7 60 4277983.889
7 61 8912287.01
7 62 4690862.534
7 63 5547718.242
7 64 4962775.674
7 65 5387529.883
7 66 6684999.338
7 67 7090542.594
7 68 2342670.996
7 69 1584092.837
7 70 2651925.927
7 71 7013082.848
7 72 7722242.053
7 73 6958831.764
7 74 9062370.691
7 75 2153788.168
7 76 3684350.814
7 77 2922624.612
7 78 4355740.06
7 79 5350331.476
7 80 6303370.217
7 81 6220867.935
7 82 2058400.278
7 83 361344.7902
7 84 6592884.385
7 85 2629815.877
7 86 6331753.125
7 87 4916588.187
7 88 6960400.324
7 89 4031589.533
7 90 6967990.357
7 91 4771500.414
7 92 3132536.324
7 93 4546979.05
7 94 6026315.635
7 95 9032990.696
7 96 6879473.331
7 97 8722785.766
7 98 8103233.584
7 99 8191828.165
8 9 3685945.792
8 10 4453497.34
8 11 1679093.732
8 12 4949223.415
8 13 1806034.754
8 14 2719377.295
8 15 3276810.13
8 16 3541434.475
8 17 5876812.957
8 18 1697115.873
8 19 4233967.266
8 20 1446594.126
8 21 3607261.887
8 22 3223062.681
8 23 4101116.097
8 24 3208840.142
8 25 4028829.066
8 26 4122200.142
8 27 4208264.251
8 28 3796168.822
8 29 1354318.164
8 30 2468402.874
8 31 4097599.326
8 32 4545320.553
8 33 5949874.171
8 34 4300662.031
8 35 4268075.448
8 36 5303937.019
8 37 505178.8591
8 38 2125490.976
8 39 3652554.289
8 40 2263425.921
8 41 6827345.779
8 42 2112580.4
8 43 1743268.337
8 44 2740065.379
8 45 4933201.828
8 46 3481320.858
8 47 4707109.142
8 48 4083580.311
8 49 6111563.058
8 50 5868002.732
8 51 5129653.78
8 52 1862085.171
8 53 4259381.349
8 54 6154589.927
8 55 5232465.037
8 56 194725.3725
8 57 2055819.714
8 58 4042974.241
8 59 5275639.148
8 60 4040422.011
8 61 4294338.255
8 62 2360867.683
8 63 3604538.794
8 64 4129321.088
8 65 2710799.233
8 66 6321327.298
8 67 4609114.705
8 68 2282880.212
8 69 4208726.354
8 70 2209025.82
8 71 5122690.385
8 72 3327133.562
8 73 4160076.152
8 74 4442466.31
8 75 5507883.27
8 76 5525661.503
8 77 4543767.719
8 78 2634101.846
8 79 1173502.172
8 80 1799310.179
8 81 4547114.232
8 82 5758309.48
8 83 4829445.192
8 84 3317678.187
8 85 3771895.677
8 86 2360971.104
8 87 3783274.687
8 88 3210543.986
8 89 5238949.134
8 90 4184350.692
8 91 3440485.435
8 92 4683458.868
8 93 1063499.506
8 94 3133703.904
8 95 4472609.119
8 96 3332680.397
8 97 4104790.156
8 98 3495847.847
8 99 3877819.434
9 10 5448957.233
9 11 2053359.005
9 12 6958434.005
9 13 5249246.906
9 14 6405230.685
9 15 1021330.797
9 16 6948103.984
9 17 3948903.329
9 18 4357770.043
9 19 968462.4045
9 20 5131685.332
9 21 2168600.012
9 22 6158605.396
9 23 934919.9476
9 24 4836746.037
9 25 7533896.412
9 26 6969491.697
9 27 612787.8643
9 28 7371635.213
9 29 2351637.626
9 30 3967533.675
9 31 7670522.107
9 32 5246923.377
9 33 4954352.693
9 34 5063982.339
9 35 2231138.953
9 36 2764509.607
9 37 4115753.545
9 38 3500896.617
9 39 216406.1724
9 40 1618316.023
9 41 9464667.22
9 42 3344493.775
9 43 2710993.468
9 44 3569198.23
9 45 6602341.187
9 46 4085724.249
9 47 8282343.821
9 48 6815824.162
9 49 9109040.069
9 50 3779250.554
9 51 7788208.537
9 52 5534754.175
9 53 6720666.406
9 54 9337448.538
9 55 8839047.947
9 56 3702403.064
9 57 4080715.587
9 58 7416974.087
9 59 8960555.992
9 60 5895040.146
9 61 1800721.862
9 62 4058901.739
9 63 4400148.552
9 64 7170777.045
9 65 3638315.791
9 66 9083532.536
9 67 4083639.1
9 68 5839051.996
9 69 7893561.131
9 70 5532347.417
9 71 4956798.806
9 72 2961264.292
9 73 3549090.374
9 74 1638684.892
9 75 9193734.839
9 76 9084038.834
9 77 7172228.389
9 78 5840470.282
9 79 3647353.993
9 80 1889866.39
9 81 4925307.102
9 82 8874666.362
9 83 8408689.545
9 84 4987214.715
9 85 7411456.956
9 86 3819645.202
9 87 5155274.796
9 88 2046129.113
9 89 8705485.479
9 90 5920926.977
9 91 4918884.955
9 92 7220086.13
9 93 3630122.531
9 94 5298672.319
9 95 2570529.524
9 96 2379033.289
9 97 1363498.454
9 98 977300.7924
9 99 3372734.766
10 11 4288919.437
10 12 1935183.92
10 13 3881335.61
10 14 5451412.539
10 15 4431640.333
10 16 4338540.952
10 17 3944395.412
10 18 6145714.984
10 19 6410851.233
10 20 4889535.44
10 21 3424344.432
10 22 7431127.139
10 23 4982631.395
10 24 7645479.444
10 25 7400428.627
10 26 3146486.65
10 27 5502048.859
10 28 5150235.599
10 29 4321159.66
10 30 2014970.609
10 31 5327074.071
10 32 8887011.545
10 33 9777566.858
10 34 8643556.97
10 35 3824836.608
10 36 4502381.251
10 37 4795299.789
10 38 2469539.767
10 39 5600792.445
10 40 5296377.607
10 41 4628556.851
10 42 2563840.603
10 43 3304918.939
10 44 2029459.619
10 45 9384567.428
10 46 7717627.028
10 47 5752656.427
10 48 2875446.909
10 49 4853338.315
10 50 4139475.907
10 51 3324265.248
10 52 4770559.607
10 53 8595707.815
10 54 9807764.552
10 55 6317456.18
10 56 4261780.503
10 57 6483833.587
10 58 4504475.795
10 59 7378199.882
10 60 8491333.603
10 61 4302065.461
10 62 6758762.854
10 63 7907879.664
10 64 3610583.574
10 65 6947211.102
10 66 4466163.129
10 67 8547768.487
10 68 5963787.326
10 69 6561582.595
10 70 6277560.549
10 71 9243876.774
10 72 2508290.821
10 73 8010853.938
10 74 4633871.656
10 75 7435838.079
10 76 6270721.047
10 77 8794207.508
10 78 3461532.537
10 79 3284995.906
10 80 4683528.802
10 81 8805821.563
10 82 9531322.884
10 83 7825163.404
10 84 1233492.64
10 85 5513041.748
10 86 2149612.402
10 87 8210190.95
10 88 6570448.264
10 89 5641398.442
10 90 1078933.012
10 91 7868451.016
10 92 8965637.665
10 93 5475536.581
10 94 1770788.098
10 95 3659067.758
10 96 6853977.178
10 97 4562211.364
10 98 4522901.008
10 99 2266774.025
11 12 5401719.773
11 13 3202611.372
11 14 4380574.956
11 15 1613232.387
11 16 4919451.148
11 17 4527237.527
11 18 2793383.933
11 19 2743685.94
11 20 3118679.169
11 21 2193927.304
11 22 4581648.042
11 23 2424407.97
11 24 3843359.437
11 25 5668108.664
11 26 5093456.632
11 27 2541345.93
11 28 5319720.96
11 29 329732.3128
11 30 2395343.63
11 31 5619104.411
11 32 4802988.526
11 33 5490265.087
11 34 4570308.153
11 35 2774722.985
11 36 3761021.908
11 37 2151307.751
11 38 1887222.244
11 39 2055843.322
11 40 1036647.037
11 41 7705382.693
11 42 1759351.961
11 43 996150.7655
11 44 2263098.351
11 45 5704907.871
11 46 3577801.561
11 47 6231297.789
11 48 4974711.575
11 49 7213266.055
11 50 4469069.492
11 51 5994863.988
11 52 3495662.884
11 53 5407370.032
11 54 7677265.157
11 55 6786050.824
11 56 1667698.202
11 57 2779027.534
11 58 5398061.313
11 59 6941519.45
11 60 4862639.182
11 61 2702520.901
11 62 2924297.855
11 63 3821177.262
11 64 5237406.244
11 65 2859486.376
11 66 7271758.401
11 67 4265701.319
11 68 3930526.451
11 69 5875851.648
11 70 3742420.202
11 71 4995473.032
11 72 2298095.327
11 73 3724095.331
11 74 2809685.901
11 75 7165191.23
11 76 7035708.248
11 77 5784703.83
11 78 3840946.031
11 79 1666966.204
11 80 396469.8536
11 81 4641547.796
11 82 7249052.066
11 83 6495456.123
11 84 3465983.365
11 85 5359366.047
11 86 2238747.655
11 87 4329836.208
11 88 2307693.05
11 89 6672350.067
11 90 4436307.018
11 91 4014175.567
11 92 5882507.139
11 93 1967016.682
11 94 3597341.629
11 95 3036014.6
11 96 2572821.597
11 97 2461837.907
11 98 1830651.75
11 99 2883120.715
12 13 3673191.386
12 14 4897153.132
12 15 5982538.676
12 16 3288081.768
12 17 5879039.303
12 18 6495675.659
12 19 7882695.594
12 20 4805210.993
12 21 5138677.9
12 22 7371357.243
12 23 6649161.585
12 24 8088976.021
12 25 6824232.119
12 26 1763015.839
12 27 7121894.233
12 28 4089436.155
12 29 5323040.901
12 30 3034724.136
12 31 4173865.028
12 32 9485883.122
12 33 10774701.23
12 34 9241994.912
12 35 5634087.403
12 36 6395348.114
12 37 5121772.326
12 38 3538156.162
12 39 7076956.476
12 40 6436496.58
12 41 2703231.927
12 42 3683446.417
12 43 4428268.833
12 44 3391223.207
12 45 9640112.388
12 46 8425317.258
12 47 4446415.147
12 48 1526769.601
12 49 2977493.487
12 50 6074498.554
12 51 1485712.995
12 52 4495994.36
12 53 8606191.641
12 54 9208712.909
12 55 4942629.792
12 56 4759786.086
12 57 6972857.113
12 58 3249934.477
12 59 6251277.29
12 60 8764867.676
12 61 6076294.156
12 62 7296088.08
12 63 8553606.253
12 64 2235387.037
12 65 7649793.33
12 66 2535021.873
12 67 9467346.764
12 68 5737674.542
12 69 5634976.387
12 70 6223392.842
12 71 10051097.13
12 72 4188884.596
12 73 8969678.721
12 74 6401939.116
12 75 6236991.591
12 76 4787125.968
12 77 8694710.161
12 78 2898059.708
12 79 3945996.545
12 80 5788527.137
12 81 9496043.855
12 82 9020263.646
12 83 7026702.087
12 84 1975821.68
12 85 4525397.343
12 86 3191032.181
12 87 8670889.861
12 88 7692753.976
12 89 4126058.673
12 90 1050798.709
12 91 8331875.384
12 92 8893081.531
12 93 6009205.223
12 94 1845230.438
12 95 5510500.803
12 96 7927649.947
12 97 6276996.647
12 98 6114636.078
12 99 4091406.152
13 14 1641574.881
13 15 4614678.461
13 16 1746741.98
13 17 6502501.835
13 18 2952347.521
13 19 5921443.525
13 20 1132188.012
13 21 4528411.434
13 22 3708430.215
13 23 5461772.155
13 24 4543009.694
13 25 3538032.052
13 26 2456009.096
13 27 5693861.642
13 28 2131311.511
13 29 2931802.252
13 30 2394222.206
13 31 2426876.265
13 32 6010722.077
13 33 7674676.913
13 34 5773679.541
13 35 5220981.593
13 36 6263829.021
13 37 1702404.771
13 38 2418645.571
13 39 5258452.914
13 40 4001430.213
13 41 5137704.151
13 42 2521445.533
13 43 2713874.635
13 44 2950539.024
13 45 5985566.495
13 46 5092244.032
13 47 3036569.223
13 48 2483094.701
13 49 4331701.073
13 50 6565273.211
13 51 3491479.635
13 52 891329.6534
13 53 4936990.302
13 54 5933932.049
13 55 3603887.064
13 56 1687999.717
13 57 3513726.852
13 58 2243977.549
13 59 4015708.891
13 60 5122410.788
13 61 5404404.148
13 62 3860261.186
13 63 5152321.067
13 64 2376168.584
13 65 4360524.751
13 66 4601757.437
13 67 6326437.808
13 68 2118823.398
13 69 3010098.65
13 70 2553161.034
13 71 6751046.147
13 72 3892181.879
13 73 5911454.4
13 74 5630123.901
13 75 4182239.847
13 76 3834807.801
13 77 5049402.969
13 78 897902.053
13 79 1679375.258
13 80 3447697.546
13 81 6098982.176
13 82 5650065.169
13 83 4065592.598
13 84 2652572.266
13 85 2238730.806
13 86 2397040.019
13 87 5119533.745
13 88 5015156.465
13 89 3479689.713
13 90 3209337.615
13 91 4791716.954
13 92 5240977.199
13 93 2690402.533
13 94 2157010.418
13 95 5327217.682
13 96 5137364.528
13 97 5335930.515
13 98 4825825.738
13 99 4296053.638
14 15 5937633.629
14 16 1867262.215
14 17 8105567.794
14 18 2917467.039
14 19 6922975.797
14 20 1276863.215
14 21 6036504.777
14 22 2764603.83
14 23 6778512.026
14 24 4271045.988
14 25 1962378.441
14 26 3303905.14
14 27 6920613.164
14 28 1515133.805
14 29 4063801.745
14 30 4031212.319
14 31 1763012.64
14 32 5768245.406
14 33 7817876.804
14 34 5557791.772
14 35 6728216.771
14 36 7778904.075
14 37 2319761.939
14 38 4013742.163
14 39 6370179.517
14 40 4942042.841
14 41 5657284.266
14 42 4099920.601
14 43 4147963.927
14 44 4573752.35
14 45 5276162.878
14 46 5133821.201
14 47 2285827.866
14 48 3452640.369
14 49 4567009.52
14 50 8154752.199
14 51 4259369.359
14 52 909960.8632
14 53 3981292.613
14 54 4375459.034
14 55 2697058.742
14 56 2712879.116
14 57 3549447.317
14 58 2260450.451
14 59 2561127.508
14 60 4514957.463
14 61 6853181.863
14 62 3884265.645
14 63 5090907.752
14 64 2989340.483
14 65 4535392.481
14 66 5068842.165
14 67 6500916.198
14 68 1173870.768
14 69 1496935.483
14 70 1845314.297
14 71 6720889.714
14 72 5480438.664
14 73 6196473.32
14 74 7045495.4
14 75 2788513.103
14 76 3080561.738
14 77 3946623.142
14 78 2049203.943
14 79 3150993.46
14 80 4518132.118
14 81 5975601.716
14 82 4142228.054
14 83 2424023.765
14 84 4242642.157
14 85 1252387.904
14 86 4025726.227
14 87 4786144.218
14 88 5687367.926
14 89 3011408.123
14 90 4662122.922
14 91 4510073.992
14 92 4161710.982
14 93 3118230.098
14 94 3686301.529
14 95 6866821.396
14 96 5715554.779
14 97 6726517.675
14 98 6155912.828
14 99 5913904.704
15 16 6243134.953
15 17 3258379.471
15 18 4322795.669
15 19 1989256.06
15 20 4697011.725
15 21 1187711.676
15 22 6135359.978
15 23 847921.4277
15 24 5121055.661
15 25 7281266.645
15 26 6110590.529
15 27 1164974.3
15 28 6743844.393
15 29 1942761.316
15 30 3040169.815
15 31 7036387.83
15 32 5781877.451
15 33 5816921.75
15 34 5575015.285
15 35 1439019.75
15 36 2264076.766
15 37 3759949.349
15 38 2607101.372
15 39 1191707.335
15 40 1767099.874
15 41 8534049.623
15 42 2450305.143
15 43 1928601.716
15 44 2593239.846
15 45 6960687.583
15 46 4564541.082
15 47 7641592.915
15 48 5938680.756
15 49 8247631.303
15 50 3137467.514
15 51 6880176.201
15 52 5036298.659
15 53 6864779.885
15 54 9265937.607
15 55 8216240.285
15 56 3241476.922
15 57 4189748.829
15 58 6689622.284
15 59 8494658.804
15 60 6179055.976
15 61 1179506.489
15 62 4253160.134
15 63 4859250.754
15 64 6349705.727
15 65 3983149.882
15 66 8176451.277
15 67 4820818.575
15 68 5542486.797
15 69 7434092.563
15 70 5347299.298
15 71 5665721.683
15 72 1939933.499
15 73 4266826.068
15 74 1216331.13
15 75 8704699.542
15 76 8423028.459
15 77 7276256.917
15 78 5101528.602
15 79 2945911.313
15 80 1660080.207
15 81 5516479.605
15 82 8828212.159
15 83 8103836.796
15 84 4022769.633
15 85 6836468.286
15 86 2900363.632
15 87 5524997.075
15 88 2696200.677
15 89 7997691.889
15 90 4938113.49
15 91 5247053.554
15 92 7354035.49
15 93 3517528.938
15 94 4380854.788
15 95 1768886.091
15 96 3036779.258
15 97 861672.2397
15 98 219167.8968
15 99 2364238.033
16 17 7683652.294
16 18 4426949.624
16 19 7653910.15
16 20 2483784.054
16 21 5977052.756
16 22 4619300.134
16 23 7080803.751
16 24 5938582.325
16 25 3629147.024
16 26 1552634.293
16 27 7360118.617
16 28 822706.3809
16 29 4662963.592
16 30 3578802.693
16 31 992424.1815
16 32 7441376.312
16 33 9294673.914
16 34 7216350.466
16 35 6652707.952
16 36 7661250.894
16 37 3364971.263
16 38 3798883.897
16 39 6970723.308
16 40 5746921.425
16 41 3797320.955
16 42 3935513.517
16 43 4314740.07
16 44 4183927.379
16 45 7108485.651
16 46 6650593.781
16 47 1496224.525
16 48 1763389.714
16 49 2768809.167
16 50 7791128.163
16 51 2420295.678
16 52 1980024.185
16 53 5845101.093
16 54 5960809.052
16 55 2091187.742
16 56 3432569.238
16 57 5039867.207
16 58 503898.5091
16 59 3049247.714
16 60 6314339.354
16 61 6909653.814
16 62 5389895.363
16 63 6665260.063
16 64 1157238.532
16 65 5961956.166
16 66 3212919.075
16 67 7949379.752
16 68 2975538.695
16 69 2347456.758
16 70 3611942.27
16 71 8294099.177
16 72 5201515.442
16 73 7568390.501
16 74 7166747.679
16 75 3097299.133
16 76 2204872.479
16 77 5811921.363
16 78 1161431.754
16 79 3309591.242
16 80 5183665.807
16 81 7592489.869
16 82 5812306.506
16 83 3743298.106
16 84 3298692.97
16 85 1239280.582
16 86 3646785.465
16 87 6488721.409
16 88 6751270.796
16 89 1758375.727
16 90 3355633.211
16 91 6185907.247
16 92 6027886.382
16 93 4340261.67
16 94 2654697.025
16 95 6700830.974
16 96 6860354.574
16 97 6900789.482
16 98 6445940.998
16 99 5481089.909
17 18 7303574.773
17 19 4740303.816
17 20 7059813.105
17 21 2333600.649
17 22 9048814.908
17 23 3030423.83
17 24 8315840.217
17 25 9807339.785
17 26 6876470.546
17 27 3546066.238
17 28 8398941.745
17 29 4805625.098
17 30 4148221.463
17 31 8645150.466
17 32 9040241.112
17 33 8889908.896
17 34 8832645.168
17 35 1823197.367
17 36 1297442.556
17 37 6377873.673
17 38 4092217.516
17 39 4165309.382
17 40 5004936.124
17 41 8561005.962
17 42 4007741.701
17 43 4135833.132
17 44 3560431.802
17 45 10172866.64
17 46 7821193.014
17 47 9179595.095
17 48 6623850.542
17 49 8768325.614
17 50 265254.0179
17 51 7239671.866
17 52 7221538.199
17 53 9932337.452
17 54 12026494.37
17 55 9773785.544
17 56 5758988.456
17 57 7299764.961
17 58 7996827.165
17 59 10496044.47
17 60 9359759.189
17 61 2154799.999
17 62 7416458.754
17 63 8112887.278
17 64 7283231.382
17 65 7217386.642
17 66 8410146.323
17 67 8018290.772
17 68 8090081.554
17 69 9511610.419
17 70 8085787.316
17 71 8881950.48
17 72 2628661.617
17 73 7473766.72
17 74 2325817.112
17 75 10634140.44
17 76 9835127.538
17 77 10297874.01
17 78 6567392.521
17 79 4998612.863
17 80 4744334.486
17 81 8770836.337
17 82 11635084.9
17 83 10493240.48
17 84 4486070.174
17 85 8645524.846
17 86 4117590.016
17 87 8752322.562
17 88 5920678.926
17 89 9265345.329
17 90 4957371.787
17 91 8460560.751
17 92 10403316.55
17 93 6474580.239
17 94 5111035.397
17 95 1511614.047
17 96 6262364.545
17 97 2587506.277
17 98 3134314.294
17 99 2217965.016
18 19 4562451.255
18 20 1946318.213
18 21 4973085.837
18 22 1816559.563
18 23 5036129.231
18 24 1599026.429
18 25 3312502.129
18 26 5407798.367
18 27 4959730.563
18 28 4370627.394
18 29 2499682.208
18 30 4165405.41
18 31 4646738.176
18 32 3059383.805
18 33 4911915.494
18 34 2823894.31
18 35 5568105.463
18 36 6544010.054
18 37 1384069.553
18 38 3807442.49
18 39 4243903.607
18 40 2739640.565
18 41 8074177.744
18 42 3779552.941
18 43 3285097.185
18 44 4411081.523
18 45 3238895.463
18 46 2236187.384
18 47 5198248.642
18 48 5431016.566
18 49 7179218.106
18 50 7256537.107
18 51 6443630.418
18 52 2447493.503
18 53 2641339.187
18 54 4982680.601
18 55 5609469.485
18 56 1885895.964
18 57 632418.01
18 58 4915117.053
18 59 5153835.934
18 60 2345632.728
18 61 5471486.308
18 62 974002.2523
18 63 2238449.994
18 64 5294509.592
18 65 1620791.974
18 66 7524053.516
18 67 3585791.128
18 68 1872669.87
18 69 4152478.798
18 70 1318328.227
18 71 3867970.292
18 72 4883913.171
18 73 3284315.141
18 74 5538967.625
18 75 5441971.436
18 76 5997937.25
18 77 2994674.21
18 78 3848810.676
18 79 2870583.215
18 80 2663093.127
18 81 3171402.297
18 82 4527071.681
18 83 4244567.171
18 84 4988989.618
18 85 4167059.932
18 86 4056151.961
18 87 2180143.897
18 88 3017851.252
18 89 5890370.29
18 90 5815187.552
18 91 1845763.256
18 92 3101984.312
18 93 829149.336
18 94 4740188.991
18 95 5825441.408
18 96 2957883.536
18 97 5183832.487
18 98 4526066.182
18 99 5458967.366
19 20 5648786.337
19 21 3128460.616
19 22 6290773.551
19 23 1735653.303
19 24 4712775.601
19 25 7847688.933
19 26 7798952.916
19 27 1194460.845
19 28 8010054.166
19 29 2991208.523
19 30 4867463.032
19 31 8311384.178
19 32 4842180.049
19 33 4172847.701
19 34 4691199.925
19 35 3123754.225
19 36 3485009.427
19 37 4603285.187
19 38 4384314.083
19 39 811797.3279
19 40 1980932.96
19 41 10345936.5
19 42 4230328.007
19 43 3547236.728
19 44 4503479.394
19 45 6351628.96
19 46 3788718.659
19 47 8923614.958
19 48 7660631.035
19 49 9931946.377
19 50 4544547.631
19 51 8654301.928
19 52 6094030.365
19 53 6680960.417
19 54 9462561.849
19 55 9460914.422
19 56 4288306.021
19 57 4166148.54
19 58 8137061.257
19 59 9445775.463
19 60 5736649.935
19 61 2649947.461
19 62 4062846.26
19 63 4109828.274
19 64 7968714.229
19 65 3514818.282
19 66 9945345.18
19 67 3479780.034
19 68 6223302.321
19 69 8383934.658
19 70 5827554.923
19 71 4361220.807
19 72 3928935.547
19 73 2993370.697
19 74 2421297.715
19 75 9697195.183
19 76 9736917.731
19 77 7162251.465
19 78 6584623.867
19 79 4404173.07
19 80 2474094.042
19 81 4467236.437
19 82 8981650.287
19 83 8757411.35
19 84 5907335.987
19 85 8005434.738
19 86 4715600.124
19 87 4931178.024
19 88 1741190.963
19 89 9400469.03
19 90 6852737.724
19 91 4746608.304
19 92 7180376.688
19 93 3943299.196
19 94 6182792.795
19 95 3456332.847
19 96 2007103.013
19 97 2218173.963
19 98 1938835.165
19 99 4338405.352
20 21 4891963.565
20 22 2588969.888
20 23 5531294.962
20 24 3493501.869
20 25 2749579.129
20 26 3523960.997
20 27 5653961.26
20 28 2514621.261
20 29 2797652.167
20 30 3164266.639
20 31 2807778.394
20 32 4986352.109
20 33 6818982.021
20 34 4755928.898
20 35 5575824.544
20 36 6625093.536
20 37 1048852.366
20 38 3022380.424
20 39 5094088.176
20 40 3668117.377
20 41 6150947.883
20 42 3077268.955
20 43 2985052.803
20 44 3628993.089
20 45 4861550.855
20 46 4167015.82
20 47 3397622.605
20 48 3580778.508
20 49 5233061.068
20 50 7084247.935
20 51 4557361.389
20 52 516397.5215
20 53 3809649.793
20 54 5051548.9
20 55 3881021.256
20 56 1456209.951
20 57 2556083.551
20 58 2976546.657
20 59 3829140.069
20 60 4006475.403
20 61 5659627.355
20 62 2906138.502
20 63 4184332.805
20 64 3368717.548
20 65 3487976.16
20 66 5592350.988
20 67 5477077.854
20 68 1092721.83
20 69 2762185.226
20 70 1427861.698
20 71 5811041.764
20 72 4437311.86
20 73 5116825.874
20 74 5833186.503
20 75 4063720.681
20 76 4217044.079
20 77 3941172.935
20 78 1980949.737
20 79 2062972.73
20 80 3243112.094
20 81 5116893.204
20 82 4717272.175
20 83 3461957.114
20 84 3657783.384
20 85 2405081.03
20 86 3118724.021
20 87 4059685.347
20 88 4463135.509
20 89 4022368.222
20 90 4305167.515
20 91 3742704.147
20 92 4127080.345
20 93 1924836.799
20 94 3231354.596
20 95 5742773.851
20 96 4518385.387
20 97 5505111.779
20 98 4916054.828
20 99 4925107.165
21 22 6732384.905
21 23 1561557.544
21 24 6004146.409
21 25 7608905.296
21 26 5559303.932
21 27 2098908.605
21 28 6588430.679
21 29 2473665.549
21 30 2462860.722
21 31 6863986.11
21 32 6818508.475
21 33 6996079.586
21 34 6600068.014
21 35 693360.4697
21 36 1742600.054
21 37 4112389.968
21 38 2178224.44
21 39 2358817.123
21 40 2760990.976
21 41 7784955.692
21 42 2044679.847
21 43 1907114.391
21 44 1890560.337
21 45 7865536.673
21 46 5587008.384
21 47 7445881.584
21 48 5351933.412
21 49 7654190.825
21 50 2285440.646
21 51 6204563.216
21 52 5129256.422
21 53 7598970.612
21 54 9757641.405
21 55 8037429.479
21 56 3510242.96
21 57 4969487.331
21 58 6373707.939
21 59 8534278.769
21 60 7039874.313
21 61 969934.7852
21 62 5096296.868
21 63 5864443.109
21 64 5870047.984
21 65 4939664.653
21 66 7485870.233
21 67 5964792.354
21 68 5869138.403
21 69 7502806.664
21 70 5805415.625
21 71 6792926.483
21 72 949903.9013
21 73 5407766.545
21 74 1278106.198
21 75 8709650.624
21 76 8181754.053
21 77 7967758.704
21 78 4815992.983
21 79 2887306.001
21 80 2426333.772
21 81 6587532.742
21 82 9351436.09
21 83 8353825.924
21 84 3265290.347
21 85 6758099.685
21 86 2361474.701
21 87 6460001.759
21 88 3836533.857
21 89 7688071.101
21 90 4089583.534
21 91 6158674.542
21 92 8070987.806
21 93 4143938.105
21 94 3745705.064
21 95 866066.8148
21 96 4172490.341
21 97 1143231.178
21 98 1191362.903
21 99 1220736.579
22 23 6852441.765
22 24 2048842.249
22 25 1984394.407
22 26 5955672.611
22 27 6764712.352
22 28 4237094.684
22 29 4274009.45
22 30 5574649.371
22 31 4441532.937
22 32 3356146.486
22 33 5706547.802
22 34 3196791.192
22 35 7349702.549
22 36 8342044.748
22 37 2754939.735
22 38 5310087.786
22 39 6035186.951
22 40 4543989.259
22 41 8416270.986
22 42 5316929.62
22 43 4948290.541
22 44 5933154.11
22 45 2527871.906
22 46 3182720.589
22 47 4855596.285
22 48 6058708.843
22 49 7328448.431
22 50 9017165.657
22 51 6957957.103
22 52 2881027.159
22 53 1242853.094
22 54 3182082.41
22 55 5098381.1
22 56 3375988.921
22 57 2125087.717
22 58 5025047.341
22 59 4172549.067
22 60 1851332.268
22 61 7275786.237
22 62 2273947.883
22 63 2998047.794
22 64 5701632.939
22 65 2938967.402
22 66 7829950.778
22 67 4541768.179
22 68 1666885.489
22 69 3382164.785
22 70 1162748.272
22 71 4474122.98
22 72 6545357.891
22 73 4435268.985
22 74 7351678.068
22 75 4487734.494
22 76 5551502.287
22 77 1363081.17
22 78 4490922.038
22 79 4315847.157
22 80 4475329.943
22 81 3682254.768
22 82 2716136.727
22 83 2903974.341
22 84 6209677.192
22 85 3878907.632
22 86 5495014.711
22 87 2379926.795
22 88 4641108.098
22 89 5648999.943
22 90 6892922.283
22 91 2219555.313
22 92 1539984.396
22 93 2620898.87
22 94 5815692.286
22 95 7593401.012
22 96 4502731.203
22 97 6996900.432
22 98 6340252.119
22 99 7100529.861
23 24 5676362.496
23 25 8081478.067
23 26 6894416.046
23 27 568459.8976
23 28 7590164.465
23 29 2753057.766
23 30 3794525.256
23 31 7882132.934
23 32 6164724.496
23 33 5859757.223
23 34 5976323.944
23 35 1401142.388
23 36 1829599.646
23 37 4575355.982
23 38 3393683.556
23 39 1148927.528
23 40 2346887.196
23 41 9253347.17
23 42 3238986.194
23 43 2767197.549
23 44 3296039.244
23 45 7475106.654
23 46 4987034.284
23 47 8486504.932
23 48 6711645.044
23 49 9024367.89
23 50 2852028.233
23 51 7626121.253
23 52 5879424.461
23 53 7505350.986
23 54 10009415.93
23 55 9062327.375
23 56 4075104.33
23 57 4835882.469
23 58 7522225.544
23 59 9337266.8
23 60 6738617.292
23 61 914550.9528
23 62 4855173.203
23 63 5297401.855
23 64 7152354.458
23 65 4494134.964
23 66 8919530.615
23 67 5017786.323
23 68 6350400.782
23 69 8275372.725
23 70 6122122.087
23 71 5891602.424
23 72 2483817.259
23 73 4484006.539
23 74 707476.9931
23 75 9549504.394
23 76 9265387.774
23 77 7938303.251
23 78 5934394.448
23 79 3790594.647
23 80 2406173.643
23 81 5852178.373
23 82 9561128.754
23 83 8918571.729
23 84 4722394.06
23 85 7684389.429
23 86 3663799
23 87 6027803.454
23 88 2971955.449
23 89 8832906.727
23 90 5598542.525
23 91 5775755.832
23 92 8001140.049
23 93 4255491.401
23 94 5130523.319
23 95 1726900.185
23 96 3307994.572
23 97 489138.6262
23 98 636461.8612
23 99 2770887.895
24 25 4016691.024
24 26 6994717.841
24 27 5444738.976
24 28 5779243.947
24 29 3625017.773
24 30 5637514.777
24 31 6034034.317
24 32 1504462.944
24 33 3682166.946
24 34 1287280.323
24 35 6507159.034
24 36 7382743.502
24 37 2967955.676
24 38 5230839.108
24 39 4667893.145
24 40 3359383.142
24 41 9643920.613
24 42 5177237.317
24 43 4572796.174
24 44 5801811.806
24 45 1862516.756
24 46 1157415.055
24 47 6539456.025
24 48 7025040.051
24 49 8706052.577
24 50 8227356.94
24 51 8030901.947
24 52 3968998.484
24 53 1995187.322
24 54 4946959.833
24 55 6880106.733
24 56 3403435.34
24 57 1161947.113
24 58 6411641.861
24 59 6147025.853
24 60 1062412.166
24 61 6299895.241
24 62 924864.2789
24 63 949317.3479
24 64 6861572.633
24 65 1206374.315
24 66 9085679.502
24 67 2493095.755
24 68 3110711.952
24 69 5259262.918
24 70 2438959.983
24 71 2489539.524
24 72 6111067.781
24 73 2419134.773
24 74 6289187.377
24 75 6456793.93
24 76 7304038.755
24 77 2497905.539
24 78 5436439.372
24 79 4362741.831
24 80 3577813.065
24 81 1716627.848
24 82 4446276.626
24 83 4948180.081
24 84 6526448.552
24 85 5510759.482
24 86 5514132.768
24 87 581959.722
24 88 2973518.73
24 89 7282289.293
24 90 7382572.858
24 91 249334.9518
24 92 2486978.505
24 93 2170044.982
24 94 6316051.231
24 95 6805001.686
24 96 2745883.23
24 97 5940945.385
24 98 5292177.683
24 99 6698197.232
25 26 5161933.583
25 27 8109194.728
25 28 2977453.875
25 29 5338510.28
25 30 5865237.359
25 31 3075583.91
25 32 5333843.183
25 33 7688530.073
25 34 5179841.647
25 35 8283069.71
25 36 9325769.448
25 37 3530473.438
25 38 5764897.596
25 39 7450080.642
25 40 5939395.576
25 41 7246350.278
25 42 5824977.583
25 43 5706043.975
25 44 6362630.154
25 45 4292279.187
25 46 5121908.816
25 47 3309057.909
25 48 5340796.086
25 49 6032293.346
25 50 9827022.72
25 51 6041879.216
25 52 2675091.472
25 53 2827550.605
25 54 2413282
25 55 3393195.368
25 56 4104340.549
25 57 3828513.263
25 58 3888118.398
25 59 2229277.387
25 60 3773356.093
25 61 8323140.373
25 62 4069117.101
25 63 4961554.514
25 64 4786220.733
25 65 4767472.867
25 66 6653044.241
25 67 6501057.337
25 68 1745998.209
25 69 1649018.838
25 70 2020146.114
25 71 6458502.603
25 72 7186738.334
25 73 6352764.147
25 74 8465636.226
25 75 2546242.273
25 76 3865347.915
25 77 2568136.477
25 78 4010062.196
25 79 4812484.801
25 80 5687447.78
25 81 5666567.131
25 82 2196289.347
25 83 946486.7665
25 84 6181525.817
25 85 2530504.613
25 86 5836323.04
25 87 4363623.037
25 88 6328503.271
25 89 4119430.919
25 90 6624433.555
25 91 4199122.876
25 92 2788382.518
25 93 3918257.119
25 94 5641685.766
25 95 8467935.037
25 96 6250120.581
25 97 8123613.178
25 98 7498741.763
25 99 7671861.281
26 27 7273664.777
26 28 2334055.426
26 29 4913927.131
26 30 3111802.635
26 31 2410849.235
26 32 8466640.386
26 33 10069855.56
26 34 8229688.572
26 35 6176946.355
26 36 7100051.77
26 37 4130200.382
26 38 3504637.414
26 39 7039097.362
26 40 6062388.812
26 41 2705707.342
26 42 3660961.176
26 43 4261300.706
26 44 3668828.391
26 45 8363500.599
26 46 7532312.102
26 47 2706924.346
26 48 272548.5947
26 49 2140002.98
26 50 7026245.054
26 51 1036188.968
26 52 3108062.856
26 53 7197862.997
26 54 7511423.689
26 55 3232463.751
26 56 3960251.205
26 57 5966994.516
26 58 1488989.911
26 59 4490011.967
26 60 7523136.145
26 61 6528588.198
26 62 6311975.242
26 63 7603381.513
26 64 485488.1334
26 65 6786609.162
26 66 2207220.076
26 67 8725971.693
26 68 4289134.13
26 69 3887191.309
26 70 4859285.807
26 71 9190762.299
26 72 4662978.954
26 73 8282244.832
26 74 6825529.651
26 75 4483581.902
26 76 3137989.986
26 77 7220777.419
26 78 1559013.576
26 79 3437710.386
26 80 5433133.417
26 81 8551361.091
26 82 7353121.282
26 83 5293653.732
26 84 2403180.529
26 85 2777637.631
26 86 3234069.813
26 87 7568834.857
26 88 7222404.009
26 89 2498286.768
26 90 2075809.376
26 91 7243785.584
26 92 7430065.451
26 93 5105960.179
26 94 1825182.201
26 95 6147354.442
26 96 7396213.138
26 97 6617943.652
26 98 6286907.05
26 99 4786280.265
27 28 7824410.032
27 29 2857045.032
27 30 4203866.101
27 31 8120716.529
27 32 5811560.098
27 33 5355213.194
27 34 5635660.758
27 35 1968534.157
27 36 2299154.304
27 37 4656377.215
27 38 3771436.345
27 39 779855.6958
27 40 2221033.17
27 41 9693432.236
27 42 3614510.015
27 43 3060690.235
27 44 3742071.874
27 45 7199326.44
27 46 4669447.159
27 47 8730142.421
27 48 7103294.363
27 49 9411503.506
27 50 3352561.933
27 51 8044153.75
27 52 6036867.381
27 53 7333367.679
27 54 9941561.076
27 55 9296181.558
27 56 4208278.285
27 57 4692340.507
27 58 7816601.52
27 59 9480907.645
27 60 6501562.376
27 61 1473998.672
27 62 4671584.47
27 63 4986260.45
27 64 7506347.385
27 65 4243905.087
27 66 9340266.54
27 67 4578361.811
27 68 6401475.836
27 69 8414590.726
27 70 6116541.681
27 71 5458478.328
27 72 2994440.362
27 73 4059586.181
27 74 1228345.074
27 75 9706352.734
27 76 9522502.777
27 77 7784927.608
27 78 6230614.47
27 79 4050859.366
27 80 2433077.971
27 81 5474645.776
27 82 9480824.709
27 83 8973841.422
27 84 5173404.956
27 85 7888077.017
27 86 4064943.264
27 87 5753568.051
27 88 2609287.751
27 89 9118022.124
27 90 6073528.802
27 91 5522751.981
27 92 7832829.453
27 93 4219275.802
27 94 5544664.297
27 95 2291391.796
27 96 2932551.55
27 97 1056958.066
27 98 1008749.455
27 99 3317172.924
28 29 5035818.926
28 30 4260083.168
28 31 301582.7022
28 32 7279381.017
28 33 9282468.155
28 34 7066516.952
28 35 7274612.059
28 36 8301563.736
28 37 3518622.993
28 38 4421142.608
28 39 7372787.306
28 40 6055477.004
28 41 4282308.545
28 42 4546463.276
28 43 4832384.651
28 44 4860915.677
28 45 6762752.117
28 46 6604420.793
28 47 913604.9084
28 48 2562859.744
28 49 3113520.186
28 50 8493761.58
28 51 3101034.348
28 52 2003948.454
28 53 5420836.839
28 54 5232227.833
28 55 1472679.521
28 56 3724206.849
28 57 5001315.89
28 58 919685.6305
28 59 2229714.554
28 60 6021286.37
28 61 7495386.264
28 62 5344465.023
28 63 6579335.481
28 64 1893181.332
28 65 5969114.91
28 66 3688212.73
28 67 7952100.06
28 68 2688895.496
28 69 1556752.453
28 70 3360264.593
28 71 8212781.493
28 72 5864278.231
28 73 7616306.864
28 74 7734805.743
28 75 2292049.476
28 76 1729589.898
28 77 5325287.719
28 78 1831995.313
28 79 3800951.653
28 80 5540228.439
28 81 7476855.629
28 82 5120154.237
28 83 2976346.969
28 84 4080317.563
28 85 458097.3622
28 86 4310526.034
28 87 6299753.049
28 88 6955526.206
28 89 1519901.174
28 90 4177073.473
28 91 6020067.035
28 92 5546312.184
28 93 4439114.78
28 94 3441206.639
28 95 7347835.665
28 96 7026291.156
28 97 7450280.163
28 98 6953848.744
28 99 6184579.304
29 30 2366774.163
29 31 5336203.145
29 32 4658154.709
29 33 5492555.264
29 34 4421054.227
29 35 3075896.737
29 36 4074327.46
29 37 1822305.772
29 38 1869057.235
29 39 2338838.132
29 40 1150041.563
29 41 7555695.179
29 42 1759791.358
29 43 1024831.641
29 44 2318932.759
29 45 5480689.61
29 46 3446768.73
29 47 5948813.43
29 48 4809303.215
29 49 7018209.951
29 50 4756916
29 51 5840800.173
29 52 3184913.85
29 53 5127693.894
29 54 7356652.529
29 55 6497757.539
29 56 1352988.262
29 57 2529260.204
29 58 5147768.278
29 59 6623868.773
29 60 4625691.66
29 61 3022686.92
29 62 2700769.139
29 63 3672087.419
29 64 5033166.055
29 65 2703180.963
29 66 7106521.753
29 67 4232369.838
29 68 3600807.5
29 69 5557559.499
29 70 3417321.268
29 71 4925179.244
29 72 2486557.048
29 73 3703650.681
29 74 3136469.268
29 75 6850569.763
29 76 6757334.01
29 77 5494267.76
29 78 3608467.186
29 79 1476694.971
29 80 526091.3362
29 81 4525051.933
29 82 6931464.426
29 83 6166125.892
29 84 3422642.199
29 85 5061819.674
29 86 2213879.938
29 87 4130999.132
29 88 2372145.595
29 89 6409669.988
29 90 4387343.508
29 91 3807439.644
29 92 5597712.622
29 93 1670622.278
29 94 3495372.515
29 95 3326493.046
29 96 2606434.416
29 97 2789696.044
29 98 2160313.533
29 99 3073868.741
30 31 4515466.947
30 32 6873335.922
30 33 7859016.272
30 34 6629649.442
30 35 3109774.661
30 36 4092637.612
30 37 2854546.53
30 38 508862.7645
30 39 4069890.992
30 40 3431103.528
30 41 5499636.08
30 42 649034.6372
30 43 1404399.727
30 44 605148.0494
30 45 7398480.46
30 46 5711139.026
30 47 5070471.174
30 48 2919522.267
30 49 5232215.108
30 50 4234948.431
30 51 3840298.56
30 52 3196535.772
30 53 6688578.981
30 54 8212010.92
30 55 5665941.266
30 56 2281690.441
30 57 4475583.162
30 58 3942697.359
30 59 6351527.047
30 60 6506515.675
30 61 3427519.571
30 62 4745552.928
30 63 5895743.895
30 64 3407887.53
30 65 4937954.583
30 66 5136414.314
30 67 6594277.529
30 68 4255435.038
30 69 5383518.098
30 70 4452885.199
30 71 7260098.501
30 72 1625700.896
30 73 6069531.755
30 74 3717813.376
30 75 6486035.714
30 76 5771095.631
30 77 6929770.662
30 78 2435094.035
30 79 1295601.409
30 80 2789603.331
30 81 6799782.251
30 82 7881339.848
30 83 6452411.27
30 84 1072790.144
30 85 4497328.675
30 86 157293.2025
30 87 6199089.827
30 88 4702559.902
30 89 5249870.533
30 90 2043355.782
30 91 5857910.587
30 92 7086942.761
30 93 3468001.517
30 94 1340798.257
30 95 3130169.665
30 96 4959670.515
30 97 3506218.216
30 98 3202018.807
30 99 1930259.215
31 32 7530884.959
31 33 9558228.137
31 34 7320803.153
31 35 7548303.804
31 36 8571419.361
31 37 3817144.509
31 38 4692255.871
31 39 7672708.064
31 40 6357056.74
31 41 4171983.59
31 42 4820184.438
31 43 5121625.931
31 44 5118401.193
31 45 6969402.298
31 46 6877624.298
31 47 612632.1791
31 48 2655307.559
31 49 2963870.561
31 50 8744882.95
31 51 3096335.209
31 52 2299405.73
31 53 5606156.606
31 54 5260591.159
31 55 1180970.113
31 56 4025757.67
31 57 5278397.271
31 58 931877.7937
31 59 2086431.143
31 60 6244556.465
31 61 7776391.338
31 62 5619841.677
31 63 6846156.065
31 64 1946182.478
31 65 6250700.535
31 66 3579357.212
31 67 8230966.168
31 68 2931527.599
31 69 1553619.53
31 70 3605135.225
31 71 8478383.62
31 72 6126870.403
31 73 7901214.055
31 74 8018918.071
31 75 2112110.191
31 76 1428081.84
31 77 5487946.338
31 78 2080828.23
31 79 4091856.772
31 80 5841234.503
31 81 7737144.443
31 82 5176864.968
31 83 2980949.138
31 84 4288830.752
31 85 568325.0129
31 86 4571148.301
31 87 6547301.477
31 88 7254108.708
31 89 1249237.552
31 90 4330409.86
31 91 6273024.225
31 92 5710126.619
31 93 4732613.826
31 94 3645665.754
31 95 7615587.618
31 96 7322556.689
31 97 7737093.738
31 98 7245711.044
31 99 6434351.886
32 33 2453393.702
32 34 244947.4791
32 35 7218925.648
32 36 7970907.13
32 37 4379953.5
32 38 6426092.668
32 39 5046036.275
32 40 4058231.38
32 41 11131211.73
32 42 6349471.271
32 43 5670288.842
32 44 6951330.431
32 45 1731581.108
32 46 1233491.743
32 47 8026764.133
32 48 8485091.609
32 49 10207830.35
32 50 8914368.16
32 51 9502191.973
32 52 5468584.947
32 53 2799824.251
32 54 5794392.34
32 55 8348983.243
32 56 4738126.965
32 57 2518689.653
32 58 7915735.943
32 59 7526845.768
32 60 1635509.412
32 61 6921384.919
32 62 2189845.984
32 63 986413.604
32 64 8349834.765
32 65 1955982.03
32 66 10577352.99
32 67 1648529.812
32 68 4601703.079
32 69 6691575.703
32 70 3927915.386
32 71 1181937.085
32 72 7097817.921
32 73 1926072.698
32 74 6841408.203
32 75 7841237.738
32 76 8780821.307
32 77 3292487.977
32 78 6907797.601
32 79 5646583.271
32 80 4464849.968
32 81 460137.9087
32 82 5296706.516
32 83 6229925.17
32 84 7828270.001
32 85 7001774.251
32 86 6737479.87
32 87 994804.5093
32 88 3203412.997
32 89 8777789.341
32 90 8723868.983
32 91 1260077.765
32 92 3182974.945
32 93 3481833.035
32 94 7679021.64
32 95 7542382.682
32 96 2879988.467
32 97 6516963.655
32 98 5914278.541
32 99 7679582.044
33 34 2548801.794
33 35 7178407.615
33 36 7653963.91
33 37 5972665.982
33 38 7358213.582
33 39 4739293.067
33 40 4486622.875
33 41 12775561.82
33 42 7240720.218
33 43 6482165.891
33 44 7748778.916
33 45 4084967.995
33 46 2684365.13
33 47 10103406.02
33 48 10032809.44
33 49 12001199.64
33 50 8705132.341
33 51 11079389.78
33 52 7332823.19
33 53 5253022.882
33 54 8241404.389
33 55 10490768.07
33 56 6118413.971
33 57 4281331.091
33 58 9792331.977
33 59 9828253.213
33 60 4085002.135
33 61 6753619.911
33 62 3938402.119
33 63 2761188.252
33 64 10047849.67
33 65 3332729.892
33 66 12261471.93
33 67 1348410.645
33 68 6705794.492
33 69 8922363.574
33 70 6054291.551
33 71 1271459.904
33 72 7564876.712
33 73 1805789.524
33 74 6564362.05
33 75 10137152.91
33 76 10894551.41
33 77 5745220.333
33 78 8553142.046
33 79 6831154.466
33 80 5094687.424
33 81 2048509.822
33 82 7745657.967
33 83 8609265.792
33 84 8912845.024
33 85 9070215.892
33 86 7705435.555
33 87 3344279.556
33 88 3227072.158
33 89 10802267.29
33 90 9873037.771
33 91 3489719.004
33 92 5630668.533
33 93 4984322.868
33 94 8930077.829
33 95 7518791.897
33 96 2926617.972
33 97 6315572.146
33 98 5865975.527
33 99 8091954.592
34 35 7010227.357
34 36 7775642.284
34 37 4138086.833
34 38 6183503.591
34 39 4865818.863
34 40 3841829.71
34 41 10897514.29
34 42 6107684.436
34 43 5431277.24
34 44 6710785.912
34 45 1770567.42
34 46 1013545.748
34 47 7822744.167
34 48 8246245.126
34 49 9981373.5
34 50 8710279.008
34 51 9264962.444
34 52 5241244.19
34 53 2720422.755
34 54 5734282.485
34 55 8153694.656
34 56 4493400.542
34 57 2276759.421
34 58 7692900.011
34 59 7360037.144
34 60 1546262.341
34 61 6720906.278
34 62 1946216.205
34 63 749533.6542
34 64 8116797.291
34 65 1717932.994
34 66 10345185.85
34 67 1620196.875
34 68 4394958.014
34 69 6508781.389
34 70 3721924.695
34 71 1287270.481
34 72 6866605.766
34 73 1829958.741
34 74 6647864.987
34 75 7673382.782
34 76 8582155.194
34 77 3222914.088
34 78 6671091.293
34 79 5401773.403
34 80 4235982.752
34 81 500570.7333
34 82 5233895.565
34 83 6085809.549
34 84 7583460.478
34 85 6795519.294
34 86 6494106.122
34 87 817420.896
34 88 3026522.191
34 89 8568757.878
34 90 8478940.469
34 91 1048592.253
34 92 3128051.028
34 93 3237195.635
34 94 7434365.121
34 95 7331786.338
34 96 2710137.619
34 97 6320233.343
34 98 5711462.623
34 99 7449246.197
35 36 1051016.868
35 37 4772921.787
35 38 2857282.226
35 39 2443405.518
35 40 3182527.074
35 41 8312886.193
35 42 2728292.078
35 43 2591457.121
35 44 2519298.229
35 45 8359908.974
35 46 5998390.154
35 47 8127036.101
35 48 5959941.921
35 49 8247699.241
35 50 1720212.911
35 51 6774337.206
35 52 5820388.505
35 53 8173102.166
35 54 10406189.07
35 55 8719590.613
35 56 4179682.033
35 57 5517429.355
35 58 7040997.535
35 59 9227627.409
35 60 7556830.666
35 61 516896.1437
35 62 5616555.453
35 63 6289692.03
35 64 6505667.14
35 65 5396909.356
35 66 8042293.821
35 67 6238609.455
35 68 6540270.39
35 69 8195917.484
35 70 6453667.178
35 71 7092292.413
35 72 1514577.69
35 73 5688140.111
35 74 839031.5699
35 75 9402578.444
35 76 8856303.628
35 77 8558164.143
35 78 5492856.935
35 79 3580039.775
35 80 2952230.796
35 81 6955462.229
35 82 9992458.117
35 83 9037621.859
35 84 3833911.947
35 85 7449047.823
35 86 3019135.911
35 87 6934213.512
35 88 4123238.258
35 89 8353174.445
35 90 4596089.036
35 91 6646231.232
35 92 8652469.229
35 93 4741304.195
35 94 4353700.161
35 95 340436.9287
35 96 4464858.108
35 97 912006.8874
35 98 1332557.649
35 99 1558897.32
36 37 5807792.963
36 38 3880457.072
36 39 2978300.923
36 40 4024194.926
36 41 9096837.956
36 42 3757973.4
36 43 3641681.13
36 44 3490611.592
36 45 9215542.282
36 46 6775399.154
36 47 9143768.031
36 48 6870724.152
36 49 9127158.612
36 50 1072736.863
36 51 7626849.299
36 52 6871277.055
36 53 9118829.986
36 54 11425744.43
36 55 9737818.844
36 56 5221429.211
36 57 6447197.813
36 58 8035224.284
36 59 10274128.08
36 60 8441938.117
36 61 1084963.22
36 62 6517105.789
36 63 7079529.87
36 64 7453133.313
36 65 6232287.762
36 66 8868713.15
36 67 6846741.894
36 68 7581385.729
36 69 9244870.409
36 70 7476334.424
36 71 7721148.16
36 72 2468166.442
36 73 6313599.735
36 74 1131832.233
36 75 10446068.32
36 76 9860549.571
36 77 9520384.594
36 78 6505215.665
36 79 4629869.169
36 80 3892542.19
36 81 7670705.797
36 82 11004955.13
36 83 10086490.28
36 84 4714948.403
36 85 8486507.341
36 86 4015340.668
36 87 7774674.791
36 88 4793220.537
36 89 9341899.949
36 90 5387220.983
36 91 7503741.045
36 92 9604920.679
36 93 5723378.765
36 94 5276571.788
36 95 962606.599
36 96 5131539.063
36 97 1456480.795
36 98 2091390.307
36 99 2334882.855
37 38 2558377.005
37 39 4067162.943
37 40 2622370.857
37 41 6828334.175
37 42 2562036.649
37 43 2242380.122
37 44 3180334.078
37 45 4605775.965
37 46 3402161.705
37 47 4417653.686
37 48 4124889.51
37 49 6030182.511
37 50 6371381.936
37 51 5158120.837
37 52 1525361.966
37 53 3834953.356
37 54 5650999.115
37 55 4917570.108
37 56 626562.9663
37 57 1861336.958
37 58 3868619.635
37 59 4854321.443
37 60 3713891.742
37 61 4793810.339
37 62 2197079.163
37 63 3482200.044
37 64 4077838.576
37 65 2660555.718
37 66 6299879.909
37 67 4624327.034
37 68 1785790.473
37 69 3788643.733
37 70 1710347.703
37 71 5060573.453
37 72 3815449.287
37 73 4216100.871
37 74 4935981.55
37 75 5098171.506
37 76 5238665.738
37 77 4093069.491
37 78 2588415.099
37 79 1570778.791
37 80 2227191.864
37 81 4431548.982
37 82 5257662.926
37 83 4344426.056
37 84 3618077.063
37 85 3443674.777
37 86 2761856.747
37 87 3549682.93
37 88 3436971.464
37 89 5002089.998
37 90 4431587.892
37 91 3210185.57
37 92 4241951.547
37 93 988460.9076
37 94 3356145.208
37 95 4977658.057
37 96 3514317.262
37 97 4595609.773
37 98 3978493.13
37 99 4358115.179
38 39 3593482.249
38 40 2922565.195
38 41 5965854.413
38 42 157171.9494
38 43 895559.7165
38 44 623668.3104
38 45 7020831.152
38 46 5249102.534
38 47 5269767.486
38 48 3331950.297
38 49 5640613.464
38 50 4147971.45
38 51 4288056.406
38 52 3136105.949
38 53 6382336.086
38 54 8065282.034
38 55 5862352.776
38 56 1951146.995
38 57 4071663.432
38 58 4200677.013
38 59 6430893.663
38 60 6132486.787
38 61 3116922.434
38 62 4325848.35
38 63 5444122.298
38 64 3760590.297
38 65 4480597.088
38 66 5583984.756
38 67 6100854.673
38 68 4095706.22
38 69 5427926.605
38 70 4220965.308
38 71 6779130.525
38 72 1473595.761
38 73 5572564.516
38 74 3386559.514
38 75 6587224.453
38 76 6003667.086
38 77 6651401.576
38 78 2637768.636
38 79 997723.2471
38 80 2282017.878
38 81 6336957.166
38 82 7712207.163
38 83 6411192.234
38 84 1581514.894
38 85 4613870.584
38 86 351781.283
38 87 5783611.458
38 88 4194789.472
38 89 5516360.185
38 90 2552152.83
38 91 5444566.425
38 92 6798533.857
38 93 3070843.73
38 94 1799720.894
38 95 2928793.571
38 96 4454142.773
38 97 3145237.435
38 98 2782342.33
38 99 1909766.71
39 40 1513856.077
39 41 9559183.424
39 42 3438201.824
39 43 2778034.83
39 44 3693965.993
39 45 6419620.072
39 46 3893318.887
39 47 8285159.406
39 48 6892114.571
39 49 9176811.196
39 50 3995359.825
39 51 7874813.627
39 52 5509835.793
39 53 6568100.727
39 54 9216542.626
39 55 8836336.765
39 56 3680293.768
39 57 3943027.073
39 58 7444900.289
39 59 8919632.317
39 60 5723468.114
39 61 2016754.2
39 62 3907166.018
39 63 4209239.7
39 64 7227420.7
39 65 3465618.895
39 66 9168502.771
39 67 3868882.794
39 68 5768898.589
39 69 7853022.958
39 70 5441044.662
39 71 4742869.961
39 72 3126226.618
39 73 3335705.049
39 74 1854000.72
39 75 9157796.59
39 76 9091021.421
39 77 7025114.051
39 78 5875449.273
39 79 3683209.577
39 80 1853663.81
39 81 4719576.804
39 82 8749962.44
39 83 8333776.406
39 84 5102535.819
39 85 7399231.565
39 86 3919578.047
39 87 4973733.202
39 88 1843027.741
39 89 8725798.495
39 90 6044459.429
39 91 4743557.639
39 92 7068173.898
39 93 3536320.868
39 94 5393200.604
39 95 2783188.904
39 96 2173137.094
39 97 1579725.027
39 98 1170775.112
39 99 3554070.694
40 41 8705024.939
40 42 2791865.35
40 43 2028653.36
40 44 3267017.366
40 45 5193843.819
40 46 2828295.074
40 47 6967809.693
40 48 5959325.426
40 49 8160593.885
40 50 4897016.803
40 51 6990457.996
40 52 4117986.164
40 53 5158464.066
40 54 7720632.466
40 55 7495882.85
40 56 2333139.381
40 57 2491138.096
40 58 6240015.878
40 59 7468583.098
40 60 4419994.828
40 61 2943016.111
40 62 2512204.057
40 63 3111963.198
40 64 6172276.655
40 65 2217064.015
40 66 8256447.42
40 67 3308719.619
40 68 4272246.707
40 69 6405384.662
40 70 3927821.017
40 71 4088248.661
40 72 3134214.671
40 73 2755674.629
40 74 2932311.9
40 75 7717740.704
40 76 7784901.689
40 77 5593505.865
40 78 4728888.273
40 79 2626295.276
40 80 648688.4305
40 81 3830700.417
40 82 7260009.457
40 83 6829307.195
40 84 4502361.533
40 85 6033905.298
40 86 3274287.324
40 87 3758201.914
40 88 1276756.546
40 89 7475806.042
40 90 5472799.215
40 91 3480595.702
40 92 5654374.634
40 93 2023060.928
40 94 4624552.685
40 95 3497113.469
40 96 1560019.638
40 97 2582396.646
40 98 1933023.896
40 99 3694999.908
41 42 6121523.831
41 43 6804754.718
41 44 5957952.523
41 45 10901561.38
41 46 10228154.06
41 47 4055847.68
41 48 2759298.778
41 49 1297267.266
41 50 8763907.226
41 51 1716057.076
41 52 5690487.92
41 53 9638574.897
41 54 9377181.072
41 55 4274279.676
41 56 6663702.217
41 57 8649786.079
41 58 3409192.788
41 59 5849205.442
41 60 10094698.04
41 61 8738575.694
41 62 8997240.748
41 63 10289275.17
41 64 2782350.052
41 65 9487815.606
41 66 594096.3569
41 67 11431559.24
41 68 6770214.139
41 69 5689073.645
41 70 7395046.262
41 71 11887136.45
41 72 6837973.866
41 73 10987094.98
41 74 9059270.263
41 75 5699409.364
41 76 3896807.607
41 77 9584842.788
41 78 4242134.486
41 79 6084118.5
41 80 8064420.842
41 81 11234788.11
41 82 9331314.033
41 83 7087203.171
41 84 4531947.982
41 85 4718410.612
41 86 5645589.257
41 87 10210395.44
41 88 9896503.851
41 89 3338441.227
41 90 3719032.779
41 91 9893207.596
41 92 9803558.701
41 93 7808282.747
41 94 4166377.062
41 95 8203416.289
41 96 10082785.8
41 97 8910263.608
41 98 8686087.897
41 99 6783518.951
42 43 763465.0865
42 44 631612.226
42 45 6979452.185
42 46 5164176.562
42 47 5401208.832
42 48 3488973.507
42 49 5797335.565
42 50 4055210.558
42 51 4444868.291
42 52 3213918.313
42 53 6371820.901
42 54 8109017.089
42 55 5992810.035
42 56 1945448.317
42 57 4021259.168
42 58 4342673.782
42 59 6536857.794
42 60 6093526.705
42 61 2975640.252
42 62 4266765.55
42 63 5365591.124
42 64 3914126.453
42 65 4399446.869
42 66 5740869.406
42 67 5991501.161
42 68 4141033.03
42 69 5526810.958
42 70 4241843.06
42 71 6680056.414
42 72 1380551.722
42 73 5459860.085
42 74 3241282.84
42 75 6697949.074
42 76 6140331.547
42 77 6651362.363
42 78 2774082.1
42 79 1026032.172
42 80 2155401.773
42 81 6250785.978
42 82 7749122.627
42 83 6487119.682
42 84 1719980.632
42 85 4730021.314
42 86 492415.902
42 87 5724929.067
42 88 4066447.776
42 89 5658645.593
42 90 2689633.052
42 91 5387325.593
42 92 6794535.23
42 93 3026581.137
42 94 1955182.814
42 95 2811190.059
42 96 4330651.82
42 97 2995572.777
42 98 2626288.1
42 99 1847977.632
43 44 1294167.467
43 45 6408535.092
43 46 4466291.362
43 47 5723241.162
43 48 4115285.476
43 49 6399784.783
43 50 4134348.313
43 51 5107922.566
43 52 3238194.254
43 53 5921004.26
43 54 7891050.995
43 55 6302560.578
43 56 1623689.964
43 57 3437390.569
43 58 4761799.052
43 59 6673321.392
43 60 5535044.995
43 61 2709425.338
43 62 3650326.926
43 63 4683911.254
43 64 4461366.587
43 65 3714376.573
43 66 6398155.369
43 67 5242853.981
43 68 3971023.586
43 69 5628420.081
43 70 3951698.197
43 71 5948108.985
43 72 1602701.495
43 73 4707011.227
43 74 2920277.551
43 75 6863890.823
43 76 6498604.961
43 77 6242297.675
43 78 3173949.879
43 79 1034512.853
43 80 1392438.93
43 81 5547341.213
43 82 7500032.341
43 83 6447005.394
43 84 2477059.212
43 85 4950560.456
43 86 1247218.657
43 87 5100972.591
43 88 3302982.701
43 89 6069112.763
43 90 3447710.411
43 91 4769633.186
43 92 6368010.355
43 93 2482115.526
43 94 2654661.706
43 95 2762164.666
43 96 3568431.558
43 97 2622077.814
43 98 2131583.395
43 99 2173960.8
44 45 7609210.852
44 46 5754967.104
44 47 5675251.361
44 48 3462266.883
44 49 5768045.851
44 50 3639063.693
44 51 4337048.365
44 52 3714056.209
44 53 6999237.559
44 54 8677697.685
44 55 6270686.5
44 56 2569377.101
44 57 4648086.876
44 58 4546024.868
44 59 6935669.08
44 60 6724022.433
44 61 2860166.941
44 62 4888170.752
44 63 5965705.754
44 64 3986908.439
44 65 4997123.531
44 66 5627310.381
44 67 6527553.069
44 68 4708679.633
44 69 5954991.699
44 70 4844207.943
44 71 7241417.369
44 72 1022501.255
44 73 5987153.329
44 74 3160808.283
44 75 7076378.149
44 76 6375754.748
44 77 7272899.246
44 78 3038768.662
44 79 1621231.517
44 80 2656252.069
44 81 6838247.361
44 82 8329221.566
44 83 6985692.505
44 84 1431333.206
44 85 5089924.225
44 86 557158.3837
44 87 6345818.929
44 88 4541686.569
44 89 5851319.053
44 90 2351760.601
44 91 6009421.511
44 92 7418608.433
44 93 3656301.47
44 94 1857797.921
44 95 2528006.294
44 96 4824581.201
44 97 2972250.427
44 98 2733330.591
44 99 1346350.903
45 46 2562958.336
45 47 7375891.156
45 48 8437019.489
45 49 9842916.448
45 50 10079803.37
45 51 9386605.752
45 52 5255572.423
45 53 1469135.113
45 54 4217165.462
45 55 7590841.306
45 56 5123619.454
45 57 2971208.462
45 58 7532540.711
45 59 6517414.352
45 60 893285.0732
45 61 8136460.677
45 62 2781585.157
45 63 2241939.355
45 64 8152164.199
45 65 2984968.795
45 66 10320539.24
45 67 3375909.1
45 68 4132959.949
45 69 5848272.366
45 70 3512198.896
45 71 2844843.967
45 72 7963957.849
45 73 3594695.751
45 74 8109407.12
45 75 6833702.762
45 76 8051441.847
45 77 1844096.017
45 78 6839754.172
45 79 6106069.169
45 80 5439343.95
45 81 2191716.61
45 82 3737024.313
45 83 5080387.838
45 84 8222934.251
45 85 6406543.418
45 86 7284651.016
45 87 1447711.739
45 88 4628964.062
45 89 8173495.51
45 90 9025564.198
45 91 1714193.687
45 92 1670535.82
45 93 3952940.238
45 94 7943083.322
45 95 8661412.934
45 96 4344659.576
45 97 7765631.973
45 98 7124516.005
45 99 8550451.899
46 47 7419536.279
46 48 7523838.191
46 49 9386709.128
46 50 7701102.086
46 51 8559831.183
46 52 4675880.001
46 53 3102167.954
46 54 6091894.452
46 55 7807764.373
46 56 3667772.775
46 57 1611895.161
46 58 7143124.025
46 59 7196284.87
46 60 2014930.309
46 61 5715393.48
46 62 1263337.875
46 63 321178.1777
46 64 7465515.764
46 65 778667.4351
46 66 9693719.721
46 67 1393848.942
46 68 4024938.132
46 69 6260638.137
46 70 3380618.707
46 71 1658984.54
46 72 5868999.466
46 73 1261819.878
46 74 5650463.82
46 75 7500335.795
46 76 8210221.671
46 77 3613839.577
46 78 5986102.792
46 79 4522626.946
46 80 3233974.933
46 81 1088647.307
46 82 5589856.644
46 83 6062428.098
46 84 6696737.243
46 85 6386204.342
46 86 5570379.55
46 87 1165338.244
46 88 2073590.811
46 89 8123520.988
46 90 7615456.631
46 91 1070738.473
46 92 3577111.56
46 93 2437590.583
46 94 6595149.398
46 95 6319094.954
46 96 1781962.119
46 97 5319052.794
46 98 4704172.809
46 99 6449506.589
47 48 2970351.208
47 49 2784371.072
47 50 9287288.253
47 51 3222135.756
47 52 2894975.826
47 53 5976088.209
47 54 5323487.285
47 55 595524.0874
47 56 4637310.781
47 57 5830665.456
47 58 1249175.233
47 59 1865492.655
47 60 6686432.399
47 61 8365805.196
47 62 6168024.995
47 63 7374737.871
47 64 2222262.289
47 65 6811132.908
47 66 3477230.537
47 67 8783801.715
47 68 3428804.858
47 69 1675204.862
47 70 4100936.57
47 71 9002499.307
47 72 6689956.07
47 73 8467618.22
47 74 8612695.154
47 75 1802184.389
47 76 821027.4193
47 77 5814326.541
47 78 2639329.104
47 79 4695939.476
47 80 6453782.08
47 81 8250920.047
47 82 5297299.138
47 83 3036149.498
47 84 4772334.728
47 85 1033548.847
47 86 5133742.925
47 87 7036952.351
47 88 7853612.571
47 89 812346.2061
47 90 4722508.917
47 91 6774211.961
47 92 6037408.57
47 93 5320591.056
47 94 4127041.02
47 95 8185246.838
47 96 7915891.8
47 97 8334702.483
47 98 7850043.859
47 99 6977102.287
48 49 2312879.452
48 50 6777017.499
48 51 1047781.286
48 52 3190269.931
48 53 7301542.722
48 54 7706413.901
48 55 3501068.118
48 56 3914754.932
48 57 5975448.794
48 58 1742297.679
48 59 4739164.42
48 60 7587089.273
48 61 6321846.515
48 62 6317370.589
48 63 7606141.509
48 64 753848.1064
48 65 6770134.602
48 66 2297800.418
48 67 8692674.899
48 68 4395866.726
48 69 4108928.774
48 70 4945304.819
48 71 9180019.782
48 72 4445370.646
48 73 8238421.354
48 74 6622755.764
48 75 4739736.026
48 76 3410412.336
48 77 7341976.555
48 78 1600020.237
48 79 3333598.484
48 80 5323728.153
48 81 8555305.909
48 82 7535698.629
48 83 5505726.833
48 84 2162422.83
48 85 2999093.599
48 86 3047846.044
48 87 7602295.436
48 88 7139248.671
48 89 2770717.329
48 90 1803629.49
48 91 7273490.013
48 92 7548590.025
48 93 5089556.385
48 94 1607213.777
48 95 5921461.814
48 96 7323517.374
48 97 6423381.829
48 98 6110428.546
48 99 4549898.621
49 50 8944095.282
49 51 1530240.735
49 52 4740303.756
49 53 8528316.371
49 54 8106841.613
49 55 2977957.562
49 56 5968234.205
49 57 7782145.03
49 58 2313890.049
49 59 4554886.664
49 60 9068165.713
49 61 8623804.182
49 62 8132495.252
49 63 9416309.282
49 64 1992182.387
49 65 8676081.591
49 66 776170.0866
49 67 10652832.65
49 68 5718990.097
49 69 4440752.402
49 70 6369380.336
49 71 11038778.15
49 72 6735534.144
49 73 10243141.98
49 74 8928409.72
49 75 4402245.567
49 76 2600939.085
49 77 8438562.23
49 78 3478061.862
49 79 5548681.69
49 80 7541653.332
49 81 10349873.96
49 82 8078242.563
49 83 5820516.738
49 84 4417968.266
49 85 3525934.905
49 86 5360605.867
49 87 9257481.921
49 88 9283008.279
49 89 2045169.214
49 90 3811211.101
49 91 8953709.727
49 92 8659727.582
49 93 7018489.35
49 94 3910264.75
49 95 8190164.78
49 96 9434471.074
49 97 8734407.038
49 98 8421524.543
49 99 6793265.126
50 51 7417611.486
50 52 7263892.291
50 53 9876178.095
50 54 12022376.43
50 55 9882299.391
50 56 5757369.47
50 57 7230231.859
50 58 8116146.166
50 59 10569926.03
50 60 9276490.775
50 61 2001544.284
50 62 7335378.055
50 63 7996702.124
50 64 7424591.68
50 65 7113458.761
50 66 8601195.167
50 67 7858565.216
50 68 8101151.835
50 69 9575298.626
50 70 8074761.525
50 71 8726525.209
50 72 2675441.798
50 73 7317617.761
50 74 2144620.408
50 75 10714810.87
50 76 9955004.788
50 77 10250902.51
50 78 6664551.551
50 79 5028858.531
50 80 4667341.295
50 81 8635315.49
50 82 11623979.33
50 83 10529625.71
50 84 4627954.767
50 85 8728981.408
50 86 4195053.628
50 87 8652404.647
50 88 5773496.461
50 89 9393680.047
50 90 5136108.958
50 91 8365954.397
50 92 10351350.33
50 93 6427533.846
50 94 5244738.945
50 95 1433456.734
50 96 6114618.898
50 97 2425908.175
50 98 3000332.956
50 99 2310764.888
51 52 4132230.66
51 53 8197705.734
51 54 8333260.561
51 55 3644825.35
51 56 4961883.653
51 57 7000312.625
51 58 2183648.621
51 59 5083717.715
51 60 8551586.459
51 61 7170433.995
51 62 7344509.052
51 63 8635313.084
51 64 1270613.251
51 65 7809920.11
51 66 1296463.649
51 67 9738401.975
51 68 5291678.151
51 69 4642523.866
51 70 5877434.71
51 71 10217427.79
51 72 5270761.211
51 73 9285837.351
51 74 7482578.013
51 75 5019820.606
51 76 3420964.448
51 77 8200228.265
51 78 2595026.391
51 79 4368303.697
51 80 6351036.587
51 81 9583782.227
51 82 8212276.17
51 83 6069844.094
51 84 2942396.231
51 85 3559079.672
51 86 3980298.062
51 87 8604901.719
51 88 8180598.484
51 89 2759447.61
51 90 2282332.422
51 91 8279973.3
51 92 8412627.224
51 93 6128865.863
51 94 2499509.283
51 95 6699740.827
51 96 8368447.874
51 97 7308454.534
51 98 7041592.607
51 99 5292169.479
52 53 4121510.705
52 54 5055357.02
52 55 3392715.862
52 56 1832415.031
52 57 3064047.884
52 58 2467996.729
52 59 3458397.424
52 60 4420567.274
52 61 5943275.562
52 62 3413439.684
52 63 4685481.591
52 64 2913986.362
52 65 4002889.161
52 66 5124222.419
52 67 5991905.38
52 68 1245640.192
52 69 2400095.323
52 70 1755034.893
52 71 6315321.251
52 72 4593307.043
52 73 5633223.101
52 74 6136798.425
52 75 3672181.285
52 76 3715676.672
52 77 4199130.845
52 78 1610065.21
52 79 2246736.262
52 80 3656480.467
52 81 5612784.775
52 82 4762506.44
52 83 3275110.528
52 84 3539877.356
52 85 1920576.216
52 86 3175995.752
52 87 4527317.383
52 88 4958920.733
52 89 3507531.101
52 90 4091352.543
52 91 4217428.329
52 92 4397108.441
52 93 2436155.969
52 94 3047082.468
52 95 5963131.862
52 96 5023179.414
52 97 5819281.72
52 98 5254089.002
52 99 5044136.182
53 54 3023329.284
53 55 6158771.38
53 56 4431199.236
53 57 2676021.449
53 58 6237150.396
53 59 5049588.861
53 60 1174432.322
53 61 8036249.776
53 62 2661792.062
53 63 2827772.263
53 64 6938656.997
53 65 3168164.046
53 66 9049917.264
53 67 4285836.263
53 68 2908730.364
53 69 4407954.568
53 70 2383832.67
53 71 3981611.78
53 72 7522339.144
53 73 4335110.06
53 74 8069478.003
53 75 5365645.167
53 76 6623955.453
53 77 513717.6337
53 78 5731566.182
53 79 5404395.479
53 80 5228765.888
53 81 3217584.499
53 82 2520843.295
53 83 3613778.526
53 84 7385984.423
53 85 5038483.312
53 86 6596699.928
53 87 2003623.056
53 88 4950543.356
53 89 6782040.796
53 90 8101869.199
53 91 2031957.01
53 92 500633.9749
53 93 3464986.82
53 94 7020086.884
53 95 8442832.478
53 96 4736875.151
53 97 7714897.902
53 98 7055348.002
53 99 8094401.591
54 55 5199469.638
54 56 6267542.79
54 57 5298644.364
54 58 6150595.841
54 59 3656963.381
54 60 4193634.694
54 61 10379162.41
54 62 5411231.745
54 63 5833954.94
54 64 7106675.878
54 65 6030140.705
54 66 8794132.288
54 67 7309117.008
54 68 3969586.254
54 69 3708399.801
54 70 3952868.431
54 71 6972837.098
54 72 9437752.66
54 73 7341878.672
54 74 10478767.95
54 75 3901776.686
54 76 5649579.396
54 77 2513571.073
54 78 6421649.974
54 79 7083674.311
54 80 7612696.847
54 81 6226771.353
54 82 503081.7215
54 83 2290742.306
54 84 8584535.963
54 85 4774185.885
54 86 8170067.107
54 87 5025229.854
54 88 7784763.48
54 89 6081111.667
54 90 9037105.383
54 91 5025108.578
54 92 2611493.951
54 93 5755031.78
54 94 8052944.081
54 95 10623688.57
54 96 7616841.502
54 97 10126330.97
54 98 9475941.264
54 99 9952881.912
55 56 5172746.174
55 57 6239984.467
55 58 1816614.823
55 59 1580975.047
55 60 6946789.168
55 61 8954304.83
55 62 6569852.372
55 63 7743784.179
55 64 2747476.256
55 65 7229561.142
55 66 3720546.635
55 67 9185439.574
55 68 3786340.763
55 69 1754369.062
55 70 4447449.547
55 71 9360748.932
55 72 7285072.351
55 73 8891949.178
55 74 9198679.121
55 75 1428808.723
55 76 472857.1929
55 77 5950985.198
55 78 3234192.668
55 79 5272408.591
55 80 6996962.931
55 81 8596593.592
55 82 5229469.662
55 83 2955521.72
55 84 5357748.737
55 85 1476021.108
55 86 5728786.009
55 87 7354780.157
55 88 8344058.274
55 89 942469.9557
55 90 5276080.669
55 91 7108216.02
55 92 6173021.896
55 93 5791204.787
55 94 4712750.881
55 95 8779691.537
55 96 8391888.328
55 97 8917838.76
55 98 8425951.053
55 99 7572263.055
56 57 2250515.248
56 58 3931546.896
56 59 5273873.149
56 60 4230604.266
56 61 4227645.12
56 62 2554754.553
56 63 3794938.772
56 64 3981476.155
56 65 2895282.797
56 66 6163008.229
56 67 4780430.487
56 68 2360591.012
56 69 4208422.822
56 70 2335104.637
56 71 5305534.428
56 72 3189221.564
56 73 4324177.167
56 74 4388327.613
56 75 5498171.147
56 76 5453059.457
56 77 4705991.003
56 78 2490558.461
56 79 986089.6119
56 80 1829273.425
56 81 4736272.325
56 82 5879416.638
56 83 4883419.731
56 84 3123180.371
56 85 3722501.774
56 86 2177263.428
56 87 3977989.087
56 88 3331283.318
56 89 5146744.37
56 90 3990132.443
56 91 3635201.78
56 92 4849526.872
56 93 1256629.138
56 94 2941163.093
56 95 4373316.603
56 96 3467360.307
56 97 4055897.154
56 98 3460589.752
56 99 3731784.685
57 58 5531555.13
57 59 5749158.136
57 60 2101018.648
57 61 5363398.23
57 62 350384.9493
57 63 1639930.978
57 64 5876604.41
57 65 995227.1837
57 66 8106974.406
57 67 2953437.195
57 68 2487838.785
57 69 4762756.131
57 70 1894499.085
57 71 3256759.97
57 72 5000961.114
57 73 2657899.086
57 74 5393459.91
57 75 6041985.83
57 76 6629997.507
57 77 3102560.813
57 78 4411391.072
57 79 3202194.924
57 80 2565480.577
57 81 2585288.041
57 82 4821872.302
57 83 4771549.265
57 84 5370798.096
57 85 4799398.051
57 86 4352545.146
57 87 1729373.581
57 88 2530521.296
57 89 6521190.452
57 90 6238294.463
57 91 1386697.282
57 92 3168241.609
57 93 1008301.479
57 94 5179531.766
57 95 5797922.975
57 96 2425135.447
57 97 5038884.073
57 98 4379396.563
57 99 5586136.691
58 59 3001426.232
58 60 6754277.693
58 61 7317532.678
58 62 5881188.382
58 63 7152306.76
58 64 1016551.268
58 65 6459696.844
58 66 2817221.611
58 67 8447878.713
58 68 3405371.04
58 69 2461030.175
58 70 4056042.568
58 71 8783085.171
58 72 5568174.824
58 73 8069996.424
58 74 7582850.756
58 75 2997558.574
58 76 1838861.636
58 77 6175653.403
58 78 1588125.397
58 79 3771406.007
58 80 5670249.319
58 81 8075601.895
58 82 6039313.661
58 83 3887162.642
58 84 3549887.943
58 85 1377497.797
58 86 4023174.415
58 87 6956234.604
58 88 7253285.685
58 89 1316026.408
58 90 3473918.336
58 91 6657993.242
58 92 6394449.784
58 93 4842861.141
58 94 2906520.625
58 95 7072836.293
58 96 7363838.014
58 97 7326118.647
58 98 6889302.179
58 99 5813166.74
59 60 5994796.998
59 61 9382660.927
59 62 6040671.28
59 63 7072733.161
59 64 4016498.921
59 65 6736455.814
59 66 5287964.281
59 67 8589632.167
59 68 3294087.001
59 69 1066996.218
59 70 3855520.445
59 71 8624415.643
59 72 7902763.479
59 73 8380265.888
59 74 9586790.786
59 75 317021.4238
59 76 2007002.322
59 77 4753169.55
59 78 3993181.127
59 79 5653195.024
59 80 7071307.065
59 81 7836461.419
59 82 3736392.746
59 83 1520957.127
59 84 6286321.702
59 85 1880972.132
59 86 6378521.913
59 87 6542917.086
59 88 8108975.877
59 89 2510778.432
59 90 6404742.096
59 91 6348953.711
59 92 4967164.567
59 93 5552201.179
59 94 5654126.706
59 95 9342026.982
59 96 8092183.886
59 97 9273718.264
59 98 8712484.768
59 99 8279500.461
60 61 7358362.26
60 62 1943762.019
60 63 1715627.243
60 64 7330201.348
60 65 2257858.154
60 66 9518821.373
60 67 3120504.541
60 68 3350056.38
60 69 5233206.686
60 70 2702476.019
60 71 2814614.229
60 72 7101853.094
60 73 3204717.742
60 74 7350857.138
60 75 6311495.519
60 76 7397083.193
60 77 1680128.119
60 78 5987415.045
60 79 5213518.54
60 80 4616053.994
60 81 2044345.875
60 82 3692036.486
60 83 4638980.268
60 84 7330336.586
60 85 5690238.427
60 86 6393567.273
60 87 861400.2825
60 88 3995824.665
60 89 7470137.866
60 90 8137272.173
60 91 990114.6646
60 92 1600831.183
60 93 3068485.649
60 94 7055769.455
60 95 7850520.897
60 96 3744282.551
60 97 7002134.3
60 98 6352177.039
60 99 7687145.867
61 62 5432217.506
61 63 6015737.422
61 64 6835396.785
61 65 5155432.844
61 66 8448835.686
61 67 5863578.183
61 68 6577218.032
61 69 8337236.156
61 70 6437810.845
61 71 6728344.578
61 72 1902598.902
61 73 5319791.102
61 74 332253.5472
61 75 9571182.306
61 76 9113921.794
61 77 8441130.01
61 78 5748467.603
61 79 3734003.011
61 80 2813558.71
61 81 6635833.394
61 82 9951466.151
61 83 9110179.819
61 84 4229047.777
61 85 7642612.603
61 86 3321125.7
61 87 6697958.974
61 88 3772013.672
61 89 8633276.905
61 90 5031250.96
61 91 6423570.161
61 92 8523397.509
61 93 4655033.299
61 94 4715629.023
61 95 820287.7052
61 96 4113222.636
61 97 438168.8607
61 98 1013874.975
61 99 2037687.479
62 63 1292077.043
62 64 6225325.548
62 65 700589.6048
62 66 8455573.199
62 67 2616789.779
62 68 2802984.791
62 69 5068654.131
62 70 2187467.397
62 71 2906377.977
62 72 5186439.805
62 73 2344474.584
62 74 5441086.356
62 75 6337204.525
62 76 6964329.57
62 77 3119926.661
62 78 4757584.691
62 79 3487064.785
62 80 2672390.055
62 81 2239387.134
62 82 4925002.236
62 83 5015238.757
62 84 5664352.245
62 85 5135705.212
62 86 4617793.07
62 87 1458183.888
62 88 2374710.49
62 89 6864118.532
62 90 6544704.527
62 91 1121419.472
62 92 3161432.391
62 93 1299133.968
62 94 5492979.274
62 95 5907866.259
62 96 2229019.017
62 97 5088976.346
62 98 4433407.895
62 99 5773512.298
63 64 7516509.65
63 65 969569.2886
63 66 9746896.952
63 67 1543779.488
63 68 3957781.29
63 69 6161244.028
63 70 3298934.004
63 71 1634177.23
63 72 6117969.79
63 73 1508490.899
63 74 5956703.425
63 75 7380191.303
63 76 8155748.114
63 77 3341141.875
63 78 6049569.489
63 79 4681809.296
63 80 3489246.342
63 81 949355.1374
63 82 5331114.614
63 83 5895541.497
63 84 6862254.636
63 85 6341534.912
63 86 5758334.017
63 87 857653.6953
63 88 2393750.245
63 89 8094820.947
63 90 7768184.99
63 91 813182.3936
63 92 3294202.695
63 93 2545556.07
63 94 6733953.727
63 95 6607818.375
63 96 2103133.304
63 97 5623056.624
63 98 5003165.816
63 99 6701046.172
64 65 6736685.037
64 66 2230454.933
64 67 8700052.345
64 68 4038140.985
64 69 3449901.207
64 70 4639972.797
64 71 9123615.91
64 72 4997563.022
64 73 8276353.14
64 74 7123587.775
64 75 4003390.099
64 76 2662546.497
64 77 6932455.94
64 78 1497219.501
64 79 3570476.703
64 80 5557892.746
64 81 8459771.437
64 82 6967071.871
64 83 4867209.134
64 84 2797456.811
64 85 2345371.226
64 86 3517703.091
64 87 7428339.86
64 88 7291140.73
64 89 2031475.063
64 90 2547245.016
64 91 7110858.085
64 92 7145647.089
64 93 5064823.683
64 94 2186337.911
64 95 6494778.168
64 96 7445257.739
64 97 6899976.513
64 98 6534283.957
64 99 5159453.934
65 66 8960377.397
65 67 1989102.213
65 68 3482994.651
65 69 5756549.35
65 70 2881224.882
65 71 2413104.54
65 72 5157563.851
65 73 1663644.882
65 74 5124438.365
65 75 7031450.269
65 76 7614661.478
65 77 3655816.783
65 78 5248970.295
65 79 3743996.292
65 80 2538878.237
65 81 1864698.022
65 82 5536914.376
65 83 5713829.616
65 84 5918841.472
65 85 5782231.054
65 86 4798525.884
65 87 1542554.419
65 88 1782641.48
65 89 7488243.529
65 90 6836790.975
65 91 1282207.955
65 92 3666713.094
65 93 1681064.446
65 94 5817772.236
65 95 5706971.145
65 96 1587469.289
65 97 4780985.699
65 98 4142290.26
65 99 5742136.853
66 67 10915165.01
66 68 6187946.97
66 69 5100913.882
66 70 6817453.417
66 71 11352285.24
66 72 6546720.045
66 73 10480160.11
66 74 8763838.941
66 75 5148923.617
66 76 3361541.385
66 77 8992673.317
66 78 3711634.257
66 79 5630263.358
66 80 7621503.554
66 81 10690207.7
66 82 8742853.773
66 83 6503541.805
66 84 4220583.449
66 85 4124619.001
66 86 5276726.771
66 87 9649277.174
66 88 9427760.561
66 89 2779707.96
66 90 3485215.078
66 91 9334804.667
66 92 9211616.174
66 93 7284147.347
66 94 3795629.223
66 95 7954238.39
66 96 9603395.245
66 97 8596447.772
66 98 8337185.071
66 99 6538841.731
67 68 5409162.5
67 69 7653221.817
67 70 4771081.293
67 71 882119.7662
67 72 6438298.255
67 73 557812.3927
67 74 5722218.851
67 75 8894012.965
67 76 9581112.428
67 77 4796987.078
67 78 7205851.763
67 79 5521423.047
67 80 3876392.345
67 81 1191334.95
67 82 6806469.585
67 83 7437341.121
67 84 7634637.5
67 85 7751985.061
67 86 6443278.449
67 87 2286202.009
67 88 2128580.227
67 89 9471891.931
67 90 8586916.464
67 91 2341616.761
67 92 4720239.968
67 93 3636042.457
67 94 7622216.366
67 95 6576461.512
67 96 1792746.593
67 97 5433386.391
67 98 4906184.557
67 99 6989595.291
68 69 2280152.203
68 70 673912.8631
68 71 5578837.5
68 72 5481799.37
68 73 5144186.088
68 74 6721771.047
68 75 3576067.834
68 76 4199515.47
68 77 2957895.653
68 78 2843222.687
68 79 3116968.193
68 80 3970203.134
68 81 4822690.633
68 82 3626144.363
68 83 2572683.458
68 84 4730356.231
68 85 2400573.54
68 86 4206571.635
68 87 3616041.903
68 88 4819640.842
68 89 4176622.603
68 90 5328106.991
68 91 3346378.462
68 92 3159213.165
68 93 2285654.485
68 94 4271394.074
68 95 6730427.922
68 96 4798098.425
68 97 6381067.247
68 98 5760574.76
68 99 5987114.781
69 70 2884706.688
69 71 7748660.067
69 72 6901485.585
69 73 7413118.745
69 74 8535513.552
69 75 1315445.439
69 76 2223918.289
69 77 4197320.172
69 78 3111250.178
69 79 4616374.868
69 80 6004346.812
69 81 6969762.408
69 82 3642242.322
69 83 1428037.201
69 84 5416705.144
69 85 1110013.67
69 86 5398915.249
69 87 5697919.141
69 88 7071583.824
69 89 2479409.052
69 90 5645771.44
69 91 5475291.887
69 92 4419569.433
69 93 4506226.23
69 94 4803448.09
69 95 8320903.2
69 96 7067114.58
69 97 8219227.932
69 98 7652251.061
69 99 7301341.48
70 71 4913426.345
70 72 5523751.818
70 73 4531069.866
70 74 6551820.811
70 75 4150317.575
70 76 4866538.481
70 77 2521557.345
70 78 3359936.268
70 79 3223316.91
70 80 3716354.998
70 81 4152968.306
70 82 3549590.551
70 83 2937935.195
70 84 5052743.369
70 85 3073998.987
70 86 4382237.614
70 87 2942224.504
70 88 4331001.161
70 89 4850530.032
70 90 5730336.079
70 91 2673345.413
70 92 2702559.441
70 93 1904779.927
70 94 4652963.227
70 95 6671480.194
70 96 4276192.927
70 97 6202636.5
70 98 5561399.236
70 99 6060488.867
71 72 7221287.053
71 73 1408932.832
71 74 6594434.216
71 75 8936161.281
71 76 9778323.063
71 77 4474059.962
71 78 7645085.544
71 79 6122118.817
71 80 4616797.012
71 81 792327.0957
71 82 6476201.736
71 83 7369640.334
71 84 8276258.393
71 85 7969967.628
71 86 7113339.597
71 87 2096682.663
71 88 2969923.179
71 89 9727346.741
71 90 9212275.13
71 91 2276744.75
71 92 4361497.857
71 93 4090917.653
71 94 8212587.399
71 95 7428577.914
71 96 2628961.072
71 97 6300620.233
71 98 5760092.581
71 99 7783032.732
72 73 5882558.218
72 74 2221328.197
72 75 8055269.006
72 76 7396507.032
72 77 7844759.382
72 78 4051025.566
72 79 2374353.64
72 80 2636353.955
72 81 6920924.15
72 82 9061785.429
72 83 7864591.902
72 84 2328394.229
72 85 6076060.747
72 86 1556375.834
72 87 6615761.308
72 88 4343842.829
72 89 6873814.947
72 90 3139679.96
72 91 6293709.724
72 92 7970649.882
72 93 4072770.512
72 94 2839205.547
72 95 1505579.952
72 96 4661750.909
72 97 2089627.362
72 98 2017388.695
72 99 587354.5642
73 74 5186062.108
73 75 8678810.527
73 76 9273927.838
73 77 4848704.392
73 78 6779340.251
73 79 5025497.394
73 80 3332462.994
73 81 1505975.527
73 82 6839145.603
73 83 7297022.513
73 84 7117065.616
73 85 7440885.27
73 86 5917279.635
73 87 2344253.801
73 88 1572339.506
73 89 9133075.104
73 90 8074123.67
73 91 2317439.404
73 92 4796659.375
73 93 3230743.892
73 94 7124824.563
73 95 6025353.891
73 96 1235347.221
73 97 4891720.372
73 98 4355588.464
73 99 6432608.691
74 75 9782145.096
74 76 9368900.193
74 77 8486667.831
74 78 6006956.648
74 79 3952828.862
74 80 2876410.47
74 81 6539020.765
74 82 10043025.35
74 83 9269936.844
74 84 4543264.125
74 85 7868580.208
74 86 3606059.273
74 87 6665035.19
74 88 3661415.598
74 89 8898866.526
74 90 5355642.684
74 91 6401389.051
74 92 8560835.823
74 93 4733386.908
74 94 5018429.886
74 95 1116556.515
74 96 3999890.168
74 97 355491.0574
74 98 1015502.038
74 99 2369891.236
75 76 1817351.179
75 77 5066097.594
75 78 4096651.636
75 79 5837574.546
75 80 7306425.312
75 81 8148780.447
75 82 4005167.598
75 83 1820822.438
75 84 6370957.498
75 85 1990237.264
75 86 6519877.355
75 87 6856429.835
75 88 8382857.042
75 89 2371142.093
75 90 6442249.08
75 91 6660172.092
75 92 5279417.196
75 93 5820154.551
75 94 5732980.929
75 95 9507783.321
75 96 8372447.624
75 97 9473560.03
75 98 8921783.02
75 99 8416207.457
76 77 6421216.728
76 78 3366279.037
76 79 5478118.327
76 80 7265199.61
76 81 9019328.821
76 82 5691020.415
76 83 3419622.94
76 84 5377149.772
76 85 1833163.543
76 86 5845253.335
76 87 7787721.508
76 88 8674478.8
76 89 663367.6181
76 90 5209780.001
76 91 7534941.337
76 92 6643414.644
76 93 6138761.783
76 94 4736890.32
76 95 8899023.571
76 96 8735422.017
76 97 9098844.292
76 98 8629249.996
76 99 7651416.471
77 78 5801091.309
77 79 5661582.574
77 80 5628021.316
77 81 3717729.079
77 82 2011922.499
77 83 3275043.581
77 84 7572366.146
77 85 4920256.199
77 86 6846607.909
77 87 2516610.87
77 88 5438052.11
77 89 6625744.208
77 90 8246107.798
77 91 2543205.675
77 92 223082.0293
77 93 3823823.43
77 94 7171905.064
77 95 8819242.236
77 96 5232295.788
77 97 8131388.516
77 98 7471254.241
77 99 8409352.404
78 79 2193342.576
78 80 4134318.188
78 81 6996564.145
78 82 6190387.421
78 83 4368000.462
78 84 2306325.562
78 85 2113021.125
78 86 2494668.513
78 87 6011404.175
78 88 5813087.418
78 89 2899409.301
78 90 2616644.917
78 91 5685415.375
78 92 6001955.62
78 93 3572714.828
78 94 1694728.243
78 95 5546121.263
78 96 5957668.963
78 97 5744071.887
78 98 5301239.397
78 99 4354369.779
79 80 1995670.752
79 81 5607016.034
79 82 6723150.599
79 83 5501208.448
79 84 2181687.352
79 85 3916366.529
79 86 1193604.192
79 87 4930923.595
79 88 3817854.791
79 89 5067832.772
79 90 3093487.378
79 91 4588519.334
79 92 5812418.83
79 93 2194548.949
79 94 2100804.448
79 95 3716475.406
79 96 4021813.538
79 97 3656589.57
79 98 3154133.541
79 99 2870149.048
80 81 4285458.184
80 82 7171207.8
80 83 6542886.592
80 84 3859089.214
80 85 5551424.269
80 86 2633267.247
80 87 4040115.571
80 88 1912973.107
80 89 6927180.975
80 90 4828989.83
80 91 3734354.448
80 92 5713039.939
80 93 1859257.302
80 94 3976004.92
80 95 3237088.727
80 96 2176353.873
80 97 2521570.655
80 98 1865684.591
80 99 3215602.7
81 82 5727235.16
81 83 6577339.517
81 84 7783374.558
81 85 7220334.816
81 86 6658918.39
81 87 1304369.256
81 88 2880290.677
81 89 8986303.147
81 90 8698406.939
81 91 1494477.45
81 92 3617562.202
81 93 3491311.496
81 94 7671634.407
81 95 7284027.677
81 96 2546499.859
81 97 6222840.916
81 98 5637238.332
81 99 7497013.051
82 83 2275479.605
82 84 8302054.969
82 85 4663662.973
82 86 7832338.262
82 87 4522297.644
82 88 7296552.932
82 89 6077871.794
82 90 8796576.43
82 91 4522595.363
82 92 2115011.92
82 93 5311964.469
82 94 7790080.251
82 95 10217273.81
82 96 7124187.681
82 97 9689541.709
82 98 9036450.703
82 99 9586667.946
83 84 6637690.165
83 85 2521872.318
83 86 6442168.971
83 87 5272971.372
83 88 7262400.502
83 89 3806111.489
83 90 6964707.827
83 91 5123525.328
83 92 3482895.472
83 93 4816863.782
83 94 6054475.962
83 95 9202985.412
83 96 7190483.278
83 97 8933975.978
83 98 8322550.437
83 99 8319024.188
84 85 4406385.218
84 86 1230068.207
84 87 7099805.988
84 88 5771800.232
84 89 4788900.312
84 90 970685.8652
84 91 6757006.816
84 92 7746863.749
84 93 4367230.801
84 94 645316.891
84 95 3772795.252
84 96 6024213.562
84 97 4380846.295
84 98 4164663.511
84 99 2388233.799
85 86 4534172.579
85 87 6014169.913
85 88 6868045.402
85 89 1782370.745
85 90 4566481.184
85 91 5746947.174
85 92 5142336.608
85 93 4316910.889
85 94 3776605.406
85 95 7540991.449
85 96 6917120.74
85 97 7572282.8
85 98 7050103.642
85 99 6427579.124
86 87 6073129.285
86 88 4546163.329
86 89 5334237.507
86 90 2200602.704
86 91 5732522.378
86 92 7000739.124
86 93 3346261.11
86 94 1482121.654
86 95 3054231.036
86 96 4804241.726
86 97 3386021.88
86 98 3065815.957
86 99 1902781.595
87 88 3197448.266
87 89 7792550.319
87 90 7961048.067
87 91 342807.7839
87 92 2454243.867
87 93 2736381.257
87 94 6896106.082
87 95 7240946.642
87 96 2926839.023
87 97 6322656.148
87 98 5684843.522
87 99 7203041.653
88 89 8431223.133
88 90 6741375.314
88 91 3005718.506
88 92 5448626.998
88 93 2571773.434
88 94 5867504.211
88 95 4458961.879
88 96 341806.8504
88 97 3351487.612
88 98 2791829.64
88 99 4881794.677
89 90 4573922.675
89 91 7520678.907
89 92 6848822.098
89 93 5942456.435
89 94 4155347.809
89 95 8379295.328
89 96 8516339.463
89 97 8641367.045
89 98 8199003.36
89 99 7099982.679
90 91 7618736.705
90 92 8431993.547
90 93 5245841.912
90 94 1084919.37
90 95 4484981.447
90 96 6991454.866
90 97 5226850.869
90 98 5067047.425
90 99 3065344.073
91 92 2510432.333
91 93 2394030.004
91 94 6554469.965
91 95 6948967.646
91 96 2756873.925
91 97 6055941.695
91 98 5412394.88
91 99 6881063.586
92 93 3929811.367
92 94 7355485.401
92 95 8918504.613
92 96 5231646.176
92 97 8205978.549
92 98 7546125.195
92 99 8538720.904
93 94 4197189.598
93 95 4996736.247
93 96 2600860.296
93 97 4379175.509
93 98 3724734.783
93 99 4651972.795
94 95 4322520.375
94 96 6093645.95
94 97 4826298.51
94 98 4542340.285
94 99 2973273.678
95 96 4800409.284
95 97 1239267.612
95 98 1670372.022
95 99 1419924.589
96 97 3691854.207
96 98 3133586.517
96 99 5205373.247
97 98 660136.2346
97 99 2323117.885
98 99 2400128.536
