4950
0 1 6094658.781
0 2 4177264.65
0 3 7610021.11
0 4 7621125.674
0 5 2330506.047
0 6 4450779.459
0 7 2103166.398
0 8 5192257.118
0 9 1838031.166
0 10 7227312.693
0 11 3428909.173
0 12 6029350.104
0 13 1868585.488
0 14 3472708.585
0 15 2009979.614
0 16 2254640.493
0 17 1302169.224
0 18 6783742.643
0 19 6893380.182
0 20 3831741.057
0 21 6670901.773
0 22 4994236.39
0 23 7803603.633
0 24 5874418.478
0 25 2325251.064
0 26 5737207.42
0 27 5245037.164
0 28 3685868.296
0 29 7209293.295
0 30 1029414.289
0 31 7583038.217
0 32 4522335.241
0 33 3930845.821
0 34 6185898.874
0 35 4788616.514
0 36 1985933.167
0 37 1852126.676
0 38 4831528.937
0 39 3243604.4
0 40 6288964.619
0 41 3334998.375
0 42 5809201.975
0 43 7242577.434
0 44 2348129.41
0 45 6284476.216
0 46 1689398.41
0 47 985678.6906
0 48 4339016.22
0 49 3416019.305
0 50 2131260.596
0 51 6641648.623
0 52 3296209.879
0 53 6765564.744
0 54 2674682.073
0 55 3100898.234
0 56 3143251.641
0 57 3435878.294
0 58 2643102.589
0 59 6825523.304
0 60 1914940.407
0 61 2673995.259
0 62 6262556.551
0 63 7350414.243
0 64 3855416.504
0 65 4257883.721
0 66 3323940.175
0 67 1496716.11
0 68 724550.2489
0 69 1999748.846
0 70 3163971.56
0 71 1580704.059
0 72 5084433.067
0 73 4234237.578
0 74 2509354.325
0 75 3910744.557
0 76 5292088.932
0 77 4297031.569
0 78 4545121.616
0 79 4602811.056
0 80 4972878.41
0 81 542080.0736
0 82 3944086.042
0 83 6786547.796
0 84 2141468.432
0 85 4963020.927
0 86 4307536.204
0 87 902154.8693
0 88 7143716.501
0 89 4451916.6
0 90 4223289.938
0 91 6030347.902
0 92 4508512.195
0 93 3313254.376
0 94 4272546.138
0 95 6014185.258
0 96 5163049.981
0 97 2325064.31
0 98 5126879.799
0 99 4725219.217
1 2 8453471.562
1 3 5929481.414
1 4 3590625.005
1 5 8314022.308
1 6 8558250.476
1 7 6686448.508
1 8 922385.9173
1 9 4296531.904
1 10 8574503.535
1 11 3425869.993
1 12 6514067.1
1 13 4384693.878
1 14 9549288.534
1 15 4800412.743
1 16 7798405.433
1 17 6825345.573
1 18 8816604.028
1 19 930794.9216
1 20 5594965.338
1 21 9755386.124
1 22 2188882.247
1 23 3696599.096
1 24 2354089.925
1 25 8114829.777
1 26 9449773.925
1 27 5240697.394
1 28 4730512.288
1 29 8530175.539
1 30 7123467.851
1 31 5794822.792
1 32 7717640.77
1 33 8648000.276
1 34 8963478.052
1 35 7189223.097
1 36 6180914.092
1 37 7503733.304
1 38 3386201.691
1 39 2941547.913
1 40 1210641.32
1 41 3561718.041
1 42 6080130.047
1 43 9256111.228
1 44 8429292.88
1 45 3085662.665
1 46 4824513.808
1 47 7066454.817
1 48 3788328.002
1 49 9327338.927
1 50 5500492.245
1 51 3932254.429
1 52 7293439.2
1 53 3381473.235
1 54 8481355.455
1 55 4101291.878
1 56 7094316.632
1 57 6013091.445
1 58 8413124.489
1 59 9947753.111
1 60 7134819.302
1 61 7892476.267
1 62 219731.6415
1 63 8356222.927
1 64 5583685.182
1 65 8879877.259
1 66 9222010.74
1 67 5511907.32
1 68 5583221.121
1 69 7679091.499
1 70 7533932.205
1 71 6490926.431
1 72 4524169.76
1 73 8118323.547
1 74 6381878.924
1 75 4891367.413
1 76 4808179.338
1 77 9157580.108
1 78 5743375.058
1 79 1533823.583
1 80 5747386.321
1 81 5819731.39
1 82 3855404.558
1 83 4175437.48
1 84 6753364.309
1 85 2790364.301
1 86 2350541.352
1 87 5584596.886
1 88 4885488.189
1 89 1728097.161
1 90 6362564.66
1 91 5902459.955
1 92 2344712.469
1 93 4844474.512
1 94 4531912.782
1 95 8985001.309
1 96 932542.5712
1 97 8348768.876
1 98 8737070.079
1 99 8653292.795
2 3 6569329.01
2 4 8148743.77
2 5 4836588.442
2 6 307663.1624
2 7 6133019.04
2 8 7575022.935
2 9 5325082.504
2 10 4152398.117
2 11 5027857.153
2 12 4216837.597
2 13 5552149.616
2 14 4844384.879
2 15 6021435.041
2 16 2284989.499
2 17 2902908.188
2 18 3367812.649
2 19 8943686.72
2 20 3107851.815
2 21 2650839.83
2 22 6488325.527
2 23 8312781.588
2 24 9206290.21
2 25 5291919.173
2 26 1586403.302
2 27 4446681.534
2 28 3864389.72
2 29 4159304.783
2 30 3919379.467
2 31 6629068.034
2 32 1352249.612
2 33 632626.0841
2 34 2436540.947
2 35 2220261.798
2 36 2550545.166
2 37 5270737.489
2 38 8545761.672
2 39 6401393.284
2 40 9143567.841
2 41 7025962.768
2 42 4324648.544
2 43 3709409.694
2 44 3766489.824
2 45 6950191.722
2 46 5645485.893
2 47 3786650.689
2 48 8175040.72
2 49 3116299.749
2 50 3082354.846
2 51 6781765.974
2 52 1170970.423
2 53 10297854.41
2 54 5432915.451
2 55 6984473.213
2 56 1376184.526
2 57 2523742.182
2 58 2583975.066
2 59 2772112.447
2 60 2283424.882
2 61 1714454.965
2 62 8536008.157
2 63 4477854.315
2 64 3130607.667
2 65 570178.3055
2 66 3040072.612
2 67 3387114.249
2 68 3947304.247
2 69 2578568.632
2 70 1060344.148
2 71 2650861.972
2 72 4878762.482
2 73 533275.3737
2 74 2158602.557
2 75 7995129.197
2 76 4832590.051
2 77 988323.0024
2 78 3421850.633
2 79 6993192.209
2 80 3774752.709
2 81 4706356.09
2 82 4734459.32
2 83 6781523.476
2 84 2112234.827
2 85 6057230.9
2 86 7576387.587
2 87 5040266.598
2 88 6716861.277
2 89 7289261.529
2 90 2575591.908
2 91 4708327.597
2 92 7818185.717
2 93 3652074.592
2 94 4312528
2 95 2184193.729
2 96 7661430.193
2 97 3381754.46
2 98 1122947.818
2 99 623222.2766
3 4 2931211.043
3 5 9715361.057
3 6 6443410.576
3 7 9440639.289
3 8 5641236.435
3 9 6871392.081
3 10 3839394.706
3 11 4633924.747
3 12 2390730.767
3 13 7179667.581
3 14 10438871.17
3 15 7938884.948
3 16 7660362.084
3 17 7255562.353
3 18 4570033.924
3 19 5653654.126
3 20 4005723.317
3 21 6072003.172
3 22 4128802.864
3 23 2984571.701
3 24 8083304.999
3 25 9873850.522
3 26 6498964.752
3 27 2419895.921
3 28 3925449.589
3 29 3792183.344
3 30 8284856.385
3 31 152330.842
3 32 5236969.514
3 33 7125253.498
3 34 5331074.611
3 35 4359472.395
3 36 6051043.089
3 37 9458609.818
3 38 8535083.609
3 39 6564729.974
3 40 7130741.237
3 41 7687006.945
3 42 2246624.513
3 43 4808002.376
3 44 9104108.796
3 45 2844057.081
3 46 7664188.667
3 47 8145563.798
3 48 8619538.175
3 49 9194517.71
3 50 5567405.517
3 51 2000116.829
3 52 5913613.732
3 53 9233422.094
3 54 10190230.81
3 55 8086069.94
3 56 5836399.545
3 57 4623999.559
3 58 8314134.079
3 59 6228372.944
3 60 7046399.946
3 61 7325486.623
3 62 5824933.346
3 63 3430221.617
3 64 3977091.488
3 65 7139336.914
3 66 9089582.182
3 67 6145301.259
3 68 6891687.345
3 69 7773720.668
3 70 6328941.646
3 71 6648406.323
3 72 2548054.186
3 73 6038552.508
3 74 5742303.791
3 75 9307980.594
3 76 2318448.226
3 77 7556802.674
3 78 3366868.62
3 79 5510616.749
3 80 2925094.074
3 81 7786512.494
3 82 3831924.884
3 83 1761355.595
3 84 6404169.625
3 85 3604570.816
3 86 7124834.238
3 87 7843988.433
3 88 1058162.751
3 89 6287372.486
3 90 4118778.547
3 91 1870412.569
3 92 7304647.689
3 93 4302797.767
3 94 3342275.118
3 95 5525031.362
3 96 5854445.344
3 97 8801297.332
3 98 6025463.921
3 99 6304712.071
4 5 9939299.933
4 6 8122567.322
4 7 8984408.478
4 8 3700588.104
4 9 6266095.945
4 10 6523653.085
4 11 4192341.68
4 12 4629724.439
4 13 6507133.93
4 14 10945216.11
4 15 7180017.826
4 16 8487696.187
4 17 7767704.492
4 18 7092151.138
4 19 3023898.322
4 20 5071617.86
4 21 8434137.852
4 22 2759010.111
4 23 182902.5635
4 24 5937004.3
4 25 9932613.755
4 26 8566330.383
4 27 3776117.702
4 28 4478987.019
4 29 6475260.017
4 30 8530468.293
4 31 2778880.524
4 32 6986344.814
4 33 8575279.761
4 34 7631689.152
4 35 6185603.787
4 36 6701445.613
4 37 9398070.866
4 38 6782006.702
4 39 5392687.002
4 40 4773346.635
4 41 6415209.122
4 42 4270469.69
4 43 7423823.018
4 44 9642491.411
4 45 1344842.236
4 46 7025717.888
4 47 8420111.275
4 48 7048450.118
4 49 10122013.59
4 50 6036950.168
4 51 1399010.309
4 52 7184646.95
4 53 6960242.31
4 54 10289816.53
4 55 6919256.46
4 56 7036941.39
4 57 5710897.098
4 58 9171626.002
4 59 8612541.681
4 60 7794043.254
4 61 8332995.767
4 62 3421584.215
4 63 6169273.189
4 64 5046123.363
4 65 8692888.632
4 66 10011068.9
4 67 6415138.631
4 68 6923969.196
4 69 8497437.957
4 70 7556868.382
4 71 7230054.68
4 72 3269984.743
4 73 7667701.523
4 74 6612697.97
4 75 7993590.293
4 76 3341658.906
4 77 9072786.015
4 78 4748795.057
4 79 3878536.515
4 80 4468926.873
4 81 7592074.427
4 82 3811563.15
4 83 1480422.559
4 84 7212189.231
4 85 2659398.526
4 86 5476182.031
4 87 7510600.339
4 88 1960288.65
4 89 4616280.919
4 90 5589629.193
4 91 3922714.936
4 92 5580975.084
4 93 4817826.84
4 94 3910778.354
4 95 7761051.287
4 96 3906798.16
4 97 9427248.442
4 98 7953655.48
4 99 8083623.424
5 6 5144236.098
5 7 2295516.491
5 8 7435478.736
5 9 4020376.541
5 10 8667537.74
5 11 5750831.752
5 12 7870866.394
5 13 3939101.422
5 14 1324189.014
5 15 3703037.915
5 16 2574515.611
5 17 2499015.207
5 18 8038753.595
5 19 9150787.068
5 20 5758282.128
5 21 7484218.344
5 22 7324447.942
5 23 10122048.21
5 24 7734406.399
5 25 561811.8653
5 26 6373647.28
5 27 7301325.906
5 28 5821692.312
5 29 8660313.156
5 30 1439951.594
5 31 9705647.229
5 32 5716499.645
5 33 4328127.115
5 34 7223175.454
5 35 6262787.003
5 36 3698299.985
5 37 1018008.299
5 38 6469189.975
5 39 5387011.079
5 40 8358280.57
5 41 5156774.331
5 42 7730470.528
5 43 8443479.683
5 44 1135280.678
5 45 8598568.75
5 46 3553256.04
5 47 1572924.418
5 48 5889756.204
5 49 2390644.196
5 50 4151346.82
5 51 8914825.028
5 52 4457185.259
5 53 8435113.553
5 54 596384.7244
5 55 4754518.603
5 56 4396116.515
5 57 5218790.89
5 58 2314790.302
5 59 7596779.743
5 60 2890655.377
5 61 3138400.021
5 62 8494717.442
5 63 8884340.74
5 64 5785590.083
5 65 4629095.121
5 66 2367027.354
5 67 3612275.264
5 68 3015332.078
5 69 2307337.066
5 70 4134447.042
5 71 3105009.126
5 72 7253669.835
5 73 5133910.773
5 74 4104196.418
5 75 5070968.158
5 76 7424116.285
5 77 4450072.258
5 78 6457488.945
5 79 6865419.547
5 80 6908231.85
5 81 2498759.703
5 82 6208419.461
5 83 9045415.198
5 84 3484974.743
5 85 7284937.048
5 86 6309505.227
5 87 2735940.959
5 88 9350671.503
5 89 6616638.325
5 90 5930553.126
5 91 8007702.245
5 92 6473024.328
5 93 5438059.955
5 94 6435008.954
5 95 6991325.802
5 96 7383291.695
5 97 1496954.161
5 98 5952009.431
5 99 5459587.571
6 7 6423962.998
6 8 7690388.391
6 9 5544297.057
6 10 3893160.811
6 11 5137764.58
6 12 4071603.822
6 13 5779908.285
6 14 5140383.603
6 15 6268807.075
6 16 2591485.892
6 17 3186833.946
6 18 3089386.901
6 19 9021600.71
6 20 3125128.337
6 21 2343627.034
6 22 6556444.102
6 23 8283474.638
6 24 9379430.545
6 25 5599147.318
6 26 1293261.029
6 27 4387474.962
6 28 3915948.168
6 29 3902051.459
6 30 4218494.685
6 31 6509138.038
6 32 1206637.807
6 33 902480.3235
6 34 2140579.643
6 35 2083999.972
6 36 2764766.727
6 37 5574096.171
6 38 8754246.715
6 39 6584418.109
6 40 9279792.648
6 41 7240724.923
6 42 4206967.912
6 43 3419073.597
6 44 4072753.977
6 45 6949945.804
6 46 5890738.247
6 47 4084430.04
6 48 8396159.02
6 49 3397033.284
6 50 3257049.676
6 51 6744475.279
6 52 1335687.602
6 53 10483378.01
6 54 5740567.503
6 55 7215318.29
6 56 1541273.957
6 57 2576936.928
6 58 2888069.921
6 59 2466390.404
6 60 2569553.894
6 61 2020800.867
6 62 8633817.227
6 63 4231416.148
6 64 3146030.98
6 65 749709.805
6 66 3323930.903
6 67 3601529.439
6 68 4194310.034
6 69 2884116.829
6 70 1302239.922
6 71 2907457.705
6 72 4856238.23
6 73 459856.4276
6 74 2340668.427
6 75 8244137.889
6 76 4790241.295
6 77 1164627.097
6 78 3377192.087
6 79 7116273.361
6 80 3704755.215
6 81 4975871.087
6 82 4795992.562
6 83 6733126.216
6 84 2358818.291
6 85 6104838.976
6 86 7755208.922
6 87 5305068.2
6 88 6636863.466
6 89 7439894.825
6 90 2533201.422
6 91 4594527.241
6 92 7998162.133
6 93 3729662.459
6 94 4330934.479
6 95 1884258.541
6 96 7784061.062
6 97 3688076.155
6 98 819357.2545
6 99 316015.7984
7 8 5898512.884
7 9 2720309.976
7 10 9327722.961
7 11 4929558.377
7 12 8056110.733
7 13 2481801.218
7 14 3586008.61
7 15 1894837.172
7 16 3956544.39
7 17 3246015.329
7 18 8884294.5
7 19 7589783.576
7 20 5860226.093
7 21 8707100.196
7 22 6231562.693
7 23 9161154.197
7 24 5683912.925
7 25 1821387.561
7 26 7717020.931
7 27 7163535.167
7 28 5580660.683
7 29 9309084.359
7 30 2261023.739
7 31 9395264.782
7 32 6607488.845
7 33 5786238.068
7 34 8261279.16
7 35 6891446.938
7 36 4089093.866
7 37 1281685.216
7 38 4319882.174
7 39 3794180.012
7 40 6489285.969
7 41 3211924.2
7 42 7803292.35
7 43 9340743.324
7 44 3157644.875
7 45 7707169.116
7 46 1966932.552
7 47 2374077.089
7 48 3719242.353
7 49 4490536.529
7 50 4175927.541
7 51 8214130.286
7 52 5358605.068
7 53 6255736.765
7 54 2117642.54
7 55 2720839.84
7 56 5218883.403
7 57 5516105.038
7 58 4059945.614
7 59 8853275.596
7 60 3856387.284
7 61 4485543.243
7 62 6889761.16
7 63 9442247.96
7 64 5881795.425
7 65 6114843.889
7 66 4436307.031
7 67 3532476.943
7 68 2696599.877
7 69 3655579.136
7 70 5178836.727
7 71 3655181.196
7 72 6892915.521
7 73 6259137.331
7 74 4611860.058
7 75 2799846.953
7 76 7138981.648
7 77 6066206.961
7 78 6564659.704
7 79 5409962.612
7 80 6973626.234
7 81 1721528.526
7 82 5633507.538
7 83 8393189.88
7 84 4205474.832
7 85 6378393.657
7 86 4449761.693
7 87 1598701.072
7 88 8847671.234
7 89 4961186.96
7 90 6307887.293
7 91 7989511.155
7 92 4564163.117
7 93 5234372.079
7 94 6115762.034
7 95 8078283.163
7 96 5794859.548
7 97 3385904.901
7 98 7148714.388
7 99 6716177.129
8 9 3415418.756
8 10 7948999.406
8 11 2553330.794
8 12 5910719.568
8 13 3527826.281
8 14 8655788.798
8 15 4003714.571
8 16 6876281.105
8 17 5903291.179
8 18 8122078.602
8 19 1717708.046
8 20 4791031.031
8 21 8980810.089
8 22 1588307.356
8 23 3839814.227
8 24 2443974.687
8 25 7257457.092
8 26 8620374.099
8 27 4615263.586
8 28 3923846.685
8 29 7906422.044
8 30 6219505.176
8 31 5519069.172
8 32 6891420.625
8 33 7750998.15
8 34 8200610.39
8 35 6409039.186
8 36 5268014.138
8 37 6652221.031
8 38 3083389.051
8 39 2109153.146
8 40 1697650.999
8 41 2890461.977
8 42 5479498.244
8 43 8574553.202
8 44 7519662.378
8 45 2870382.031
8 46 3990283.617
8 47 6158832.155
8 48 3360464.717
8 49 8406020.743
8 50 4592794.623
8 51 3699627.728
8 52 6409887.371
8 53 3613496.406
8 54 7625156.781
8 55 3427844.24
8 56 6208811.119
8 57 5169064.01
8 58 7490851.655
8 59 9173086.935
8 60 6213875.173
8 61 6974712.905
8 62 1072137.242
8 63 7765059.77
8 64 4782126.362
8 65 7989199.876
8 66 8300523.816
8 67 4590701.996
8 68 4666828.422
8 69 6756803.471
8 70 6638368.036
8 71 5569974.166
8 72 3911135.39
8 73 7256257.731
8 74 5483169.329
8 75 4368133.223
8 76 4214552.207
8 77 8258547.925
8 78 5005533.166
8 79 611576.4182
8 80 5058664.106
8 81 4937103.412
8 82 3072782.798
8 83 3945651.257
8 84 5839537.174
8 85 2198225.201
8 86 1800224.311
8 87 4717925.04
8 88 4640964.876
8 89 990499.5009
8 90 5569780.318
8 91 5347043.923
8 92 1884056.516
8 93 4002628.932
8 94 3796438.246
8 95 8205756.73
8 96 216247.3605
8 97 7432913.631
8 98 7903518.676
8 99 7797471.71
9 10 7446306.523
9 11 2258493.72
9 12 5830814.139
9 13 322207.9638
9 14 5255831.252
9 15 1080380.631
9 16 3878582.882
9 17 2846166.301
9 18 7218816.714
9 19 5131774.86
9 20 3763717.294
9 21 7489980.875
9 22 3518985.569
9 23 6443518.987
9 24 4100055.406
9 25 3854631.619
9 26 6747819.909
9 27 4750875.279
9 28 3220443.694
9 29 7417738.213
9 30 2861192.842
9 31 6810528.011
9 32 5225181.321
9 33 5258077.875
9 34 6859633.848
9 35 5181351.583
9 36 2779539.05
9 37 3260578.424
9 38 3232891.01
9 39 1405866.215
9 40 4451379.746
9 41 1703661.512
9 42 5505428.409
9 43 7700182.764
9 44 4184945.393
9 45 4987586.221
9 46 797353.3069
9 47 2823697.187
9 48 2851895.189
9 49 5220991.06
9 50 2397686.601
9 51 5515773.035
9 52 4227577.576
9 53 5075941.066
9 54 4222821.151
9 55 1700688.474
9 56 4030071.492
9 57 3670912.471
9 58 4385016.487
9 59 7666620.326
9 60 3338675.955
9 61 4159122.523
9 62 4474923.722
9 63 7458575.216
9 64 3776901.333
9 65 5561909.989
9 66 5123912.656
9 67 1943339.243
9 68 1512402.147
9 69 3680072.103
9 70 4266171.903
9 71 2760075.179
9 72 4354722.54
9 73 5212563.499
9 74 3235285.925
9 75 2863724.651
9 76 4633307.53
9 77 5704924.822
9 78 4389055.148
9 79 2852602.987
9 80 4726314.299
9 81 1523331.444
9 82 3041804.945
9 83 5703924.194
9 84 3235642.287
9 85 3661514.92
9 86 2494130.787
9 87 1314135.569
9 88 6196020.799
9 89 2621928.012
9 90 4415753.444
9 91 5615765.991
9 92 2707974.24
9 93 2951560.974
9 94 3648098.922
9 95 6750966.169
9 96 3364648.227
9 97 4156189.347
9 98 6058288.089
9 99 5761253.934
10 11 5809832.486
10 12 2064639.521
10 13 7760003.969
10 14 8919186.364
10 15 8462306.743
10 16 6137640.647
10 17 6278654.097
10 18 920449.4975
10 19 8639698.03
10 20 3687211.366
10 21 2468044.382
10 22 6399488.129
10 23 6625261.646
10 24 10233044.62
10 25 9024463.886
10 26 3290647.527
10 27 3338498.131
10 28 4371933.934
10 29 48398.75439
10 30 7444974.822
10 31 3970450.251
10 32 2974049.258
10 33 4784063.054
10 34 1945885.283
10 35 2448248.939
10 36 5246556.233
10 37 8826736.663
10 38 10158011.78
10 39 7868475.871
10 40 9638782.284
10 41 8870980.315
10 42 2497494.642
10 43 987033.5855
10 44 7720459.092
10 45 5859512.371
10 46 8095410.081
10 47 7294142.991
10 48 10012265.02
10 49 7258480.684
10 50 5208119.438
10 51 5222696.607
10 52 4210714.905
10 53 11433161.44
10 54 9244744.974
10 55 9075855.108
10 56 4277084.824
10 57 3845833.424
10 58 6617415.327
10 59 2580964.082
10 60 5788372.705
10 61 5614766.478
10 62 8551107.486
10 63 451372.6971
10 64 3676054.877
10 65 4632814.482
10 66 7176863.715
10 67 5834683.78
10 68 6662915.097
10 69 6375168.769
10 70 4552483.727
10 71 5742543.74
10 72 4052344.589
10 73 3689402.75
10 74 4734241.78
10 75 10295778.61
10 76 3766920.936
10 77 5028029.683
10 78 3133087.732
10 79 7554507.868
10 80 2935513.928
10 81 7632314.189
10 82 5011688.675
10 83 5071777.183
10 84 5247541.066
10 85 5788563.436
10 86 8838931.134
10 87 7855572.714
10 88 4588907.925
10 89 8187913.725
10 90 3058977.323
10 91 2725261.467
10 92 9071713.518
10 93 4542671.252
10 94 4232746.374
10 95 2216470.42
10 96 8124316.431
10 97 7345544.67
10 98 3154146.728
10 99 3621161.986
11 12 3927585.264
11 13 2556782.488
11 14 6797828.503
11 15 3310642.399
11 16 4574813.938
11 17 3709663.006
11 18 5815677.888
11 19 3969938.032
11 20 2318047.755
11 21 6510399.078
11 22 1655741.845
11 23 4374762.661
11 24 4502342.72
11 25 5742335.214
11 26 6082100.969
11 27 2697626.26
11 28 1479269.48
11 29 5772885.935
11 30 4355517.568
11 31 4566170.813
11 32 4360394.476
11 33 5232671.341
11 34 5755441.694
11 35 3952577.472
11 36 2841088.168
11 37 5217812.059
11 38 4356233.992
11 39 2100592.892
11 40 4178847.598
11 41 3184213.468
11 42 3540468.548
11 43 6288792.883
11 44 5527106.042
11 45 2858471.975
11 46 3055846.734
11 47 4252601.17
11 48 4261738.793
11 49 6185164.294
11 50 2139215.784
11 51 3288158.4
11 52 3867954.072
11 53 5687959.928
11 54 6098272.986
11 55 3511825.367
11 56 3669574.105
11 57 2626446.955
11 58 5236028.065
11 59 6701448.875
11 60 3880338.884
11 61 4573406.894
11 62 3513796.105
11 63 5719232.231
11 64 2314613.321
11 65 5457281.778
11 66 6075232.913
11 67 2325738.021
11 68 2737182.304
11 69 4515989.256
11 70 4118165.076
11 71 3253203.974
11 72 2174723.339
11 73 4702929.182
11 74 2975750.663
11 75 4755971.904
11 76 2478087.035
11 77 5744880.925
11 78 2692791.735
11 79 1991838.381
11 80 2887107.605
11 81 3420051.373
11 82 866278.5041
11 83 3463714.3
11 84 3411585.5
11 85 1534395.206
11 86 3032010.269
11 87 3378477.644
11 88 3937824.461
11 89 2451362.715
11 90 3102652.661
11 91 3561822.726
11 92 3267805.422
11 93 1472402.256
11 94 1616538.904
11 95 5732835.937
11 96 2655404.742
11 97 5353048.061
11 98 5362935.938
11 99 5244837.943
12 13 6152780.16
12 14 8414785.462
12 15 6897192.246
12 16 5573033.42
12 17 5372667.297
12 18 2474861.701
12 19 6578769.276
12 20 2199414.822
12 21 3823650.39
12 22 4346848.035
12 23 4753267.324
12 24 8238713.439
12 25 8122383.158
12 26 4127105.82
12 27 1299074.378
12 28 2614506.204
12 29 2019351.512
12 30 6499164.775
12 31 2471926.903
12 32 2869769.927
12 33 4796989.334
12 34 3037060.631
12 35 1996586.126
12 36 4188315.096
12 37 7802550.581
12 38 8274023.196
12 39 6026065.423
12 40 7592731.796
12 41 7086815.716
12 42 433942.0589
12 43 2845127.693
12 44 7107018.879
12 45 3831274.416
12 46 6556512.915
12 47 6350343.03
12 48 8187528.218
12 49 7007365.163
12 50 3898699.492
12 51 3264840.666
12 52 3696546.531
12 53 9439452.477
12 54 8400730.563
12 55 7357573.592
12 56 3659484.423
12 57 2656030.758
12 58 6184763.451
12 59 3996776.582
12 60 5036993.716
12 61 5163690.884
12 62 6487700.59
12 63 1854589.564
12 64 2176720.206
12 65 4784173.273
12 66 6907622.819
12 67 4538954.796
12 68 5366369.072
12 69 5735721.501
12 70 4109979.36
12 71 4770985.175
12 72 2000623.82
12 73 3683605.446
12 74 3768280.469
12 75 8600813.541
12 76 1706360.508
12 77 5204628.185
12 78 1491473.434
12 79 5545135.953
12 80 1105522.265
12 81 6335587.989
12 82 3081526.022
12 83 3149897.95
12 84 4406447.28
12 85 3733646.353
12 86 6913633.46
12 87 6488773.039
12 88 2803254.381
12 89 6213264.277
12 90 1959741.68
12 91 708651.172
12 92 7138324.861
12 93 2888254.047
12 94 2311199.659
12 95 3199240.537
12 96 6092138.006
12 97 6769594.142
12 98 3635079.497
12 99 3919882.849
13 14 5204523.295
13 15 762376.2594
13 16 4006107.156
13 17 2977957.693
13 18 7521556.286
13 19 5244683.586
13 20 4079982.75
13 21 7763666.6
13 22 3751238.081
13 23 6682985.813
13 24 4008753.724
13 25 3731686.532
13 26 6998759.148
13 27 5071650.527
13 28 3542646.583
13 29 7731811.588
13 30 2865982.946
13 31 7116876.587
13 32 5501863.899
13 33 5457079.641
13 34 7144722.524
13 35 5481307.616
13 36 3019507.197
13 37 3124472.086
13 38 3048545.64
13 39 1448320.236
13 40 4452036.391
13 41 1517599.279
13 42 5827618.397
13 43 8002400.58
13 44 4191136.186
13 45 5244358.538
13 46 518992.5273
13 47 2845271.542
13 48 2628786.004
13 49 5282276.199
13 50 2679305.607
13 51 5794290.025
13 52 4474069.056
13 53 4935793.255
13 54 4098907.678
13 55 1437225.385
13 56 4279687.772
13 57 3972429.114
13 58 4477893.639
13 59 7938567.669
13 60 3502661.409
13 61 4320920.504
13 62 4571584.732
13 63 7776081.334
13 64 4093561.509
13 65 5766418.234
13 66 5188649.021
13 67 2189993.766
13 68 1664182.528
13 69 3790321.803
13 70 4491818.727
13 71 2950508.699
13 72 4669092.408
13 73 5460748.162
13 74 3491773.428
13 75 2563762.922
13 76 4949826.3
13 77 5891586.275
13 78 4709269.128
13 79 2989759.016
13 80 5048162.17
13 81 1474867.814
13 82 3353236.012
13 83 5986753.169
13 84 3448818.293
13 85 3926401.663
13 86 2442902.553
13 87 1203292.05
13 88 6490693.502
13 89 2677803.219
13 90 4723826.437
13 91 5937041.243
13 92 2640395.445
13 93 3272465.95
13 94 3967991.419
13 95 7030359.345
13 96 3458629.223
13 97 4191950.325
13 98 6315897.462
13 99 6005279.445
14 15 5015514.205
14 16 2847781.097
14 17 3222598.448
14 18 8194139.462
14 19 10362707.04
14 20 6433448.233
14 21 7398995.334
14 22 8418859.615
14 23 11127966.49
14 24 9051664.249
14 25 1768204.023
14 26 6244084.543
14 27 8022887.946
14 28 6648394.25
14 29 8919095.148
14 30 2463073.412
14 31 10445850.7
14 32 5950068.447
14 33 4249182.258
14 34 7280382.391
14 35 6627958.249
14 36 4402335.211
14 37 2328793.233
14 38 7793354.928
14 39 6645480.972
14 40 9646583.484
14 41 6470075.801
14 42 8336346.209
14 43 8552243.075
14 44 1337282.287
14 45 9600448.329
14 46 4846803.653
14 47 2551354.389
14 48 7213664.088
14 49 1831742.322
14 50 4975704.139
14 51 9837773.24
14 52 4784335.522
14 53 9759244.657
14 54 1529419.967
14 55 6076113.039
14 56 4779738.415
14 57 5830309.72
14 58 2302225.683
14 59 7482408.402
14 60 3398759.996
14 61 3318775.564
14 62 9722970.793
14 63 9191042.783
14 64 6462021.981
14 65 4497121.383
14 66 1872191.941
14 67 4532253.727
14 68 4085504.472
14 69 2682053.939
14 70 4399607.608
14 71 3813163.467
14 72 8075980.2
14 73 5247164.418
14 74 4701467.382
14 75 6379020.486
14 76 8208281.436
14 77 4214571.663
14 78 7095209.505
14 79 8071888.604
14 80 7547386.451
14 81 3737212.784
14 82 7152182.27
14 83 9946416.387
14 84 4041053.757
14 85 8317846.938
14 86 7605671.744
14 87 4008812.199
14 88 10183439.3
14 89 7872682.071
14 90 6455926.105
14 91 8649952.112
14 92 7775704.825
14 93 6268535.363
14 94 7268242.014
14 95 7024181.843
14 96 8616759.949
14 97 1646743.227
14 98 5957645.722
14 99 5450959.497
15 16 4260223.718
15 17 3270776.297
15 18 8186719.382
15 19 5698120.18
15 20 4796934.065
15 21 8343627.076
15 22 4421607.957
15 23 7353008.069
15 24 4038324.144
15 25 3399781.511
15 26 7520416.36
15 27 5830616.149
15 28 4292731.9
15 29 8435566.919
15 30 2874853.566
15 31 7874688.304
15 32 6097763.481
15 33 5858631.444
15 34 7758099.259
15 35 6142147
15 36 3550635.473
15 37 2778892.49
15 38 2859779.886
15 39 1900511.113
15 40 4685733.168
15 41 1454562.173
15 42 6578787.8
15 43 8665228.768
15 44 4157652.409
15 45 5943838.535
15 46 383215.3905
15 47 2894320.007
15 48 2338744.756
15 49 5358562.377
15 50 3310852.97
15 51 6522394.501
15 52 5000263.34
15 53 4820995.199
15 54 3756000.038
15 55 1109279.092
15 56 4815404.703
15 57 4643396.692
15 58 4641841.745
15 59 8513296.189
15 60 3851890.292
15 61 4648505.912
15 62 5001206.768
15 63 8493770.072
15 64 4811968.188
15 65 6178663.955
15 66 5274458.541
15 67 2756572.172
15 68 2074686.11
15 69 4009636.147
15 70 4967447.258
15 71 3373648.312
15 72 5431330.3
15 73 5983304.768
15 74 4053102.319
15 75 1975699.236
15 76 5712164.248
15 77 6259381.935
15 78 5442217.562
15 79 3520344.924
15 80 5791755.236
15 81 1493212.522
15 82 4114707.9
15 83 6720098.37
15 84 3910826.714
15 85 4640796.567
15 86 2629288.713
15 87 1131283.011
15 88 7237564.754
15 89 3072712.342
15 90 5411539.056
15 91 6694656.805
15 92 2777960.97
15 93 4010997.391
15 94 4728433.802
15 95 7628079.928
15 96 3902026.611
15 97 4228137.823
15 98 6857868.241
15 99 6513974.205
16 17 1032424.569
16 18 5475157.255
16 19 8478235.396
16 20 3669823.706
16 21 4934751.522
16 22 6225419.227
16 23 8667357.071
16 24 7976720.256
16 25 3009844.123
16 26 3855430.542
16 27 5265708.235
16 28 4033054.067
16 29 6133617.495
16 30 1696794.815
16 31 7678332.054
16 32 3167229.476
16 33 1846864.463
16 34 4648802.392
16 35 3791167.689
16 36 1788778.557
16 37 2998454.483
16 38 7041725.996
16 39 5207092.89
16 40 8213996.53
16 41 5519523.193
16 42 5511846.059
16 43 5872566.75
16 44 1584663.07
16 45 7163054.494
16 46 3923770.474
16 47 1583834.02
16 48 6573943.895
16 49 1635325.269
16 50 2475660.011
16 51 7266470.26
16 52 1947861.933
16 53 8941297.469
16 54 3168168.215
16 55 5336353.102
16 56 1932612.475
16 57 3036813.092
16 58 684373.2
16 59 5056992.917
16 60 699867.5834
16 61 570739.7363
16 62 7932190.719
16 63 6382861.179
16 64 3698694.608
16 65 2171319.312
16 66 1524287.333
16 67 2291820.961
16 68 2367265.006
16 69 303261.031
16 70 1585184.137
16 71 1323976.633
16 72 5412064.438
16 73 2559413.172
16 74 1938281.904
16 75 6158011.389
16 76 5501972.277
16 77 2112044.98
16 78 4295670.883
16 79 6264706.177
16 80 4743499.01
16 81 2790259.549
16 82 4692925.355
16 83 7343164.195
16 84 1290373.551
16 85 5982162.466
16 86 6356706.89
16 87 3154763.169
16 88 7497191.76
16 89 6318916.265
16 90 3617586.501
16 91 5838612.286
16 92 6578713.093
16 93 3675923.088
16 94 4638638.568
16 95 4418646.2
16 96 6900241.879
16 97 1217398.662
16 98 3387754.726
16 99 2903976.029
17 18 5735249.183
17 19 7536288.18
17 20 3270002.402
17 21 5461986.237
17 22 5364249.483
17 23 7949724.918
17 24 6944513.697
17 25 2771927.523
17 26 4479574.789
17 27 4835776.921
17 28 3425972.842
17 29 6266757.27
17 30 1166773.743
17 31 7254250.933
17 32 3415888.5
17 33 2629449.651
17 34 5041285.476
17 35 3837771.825
17 36 1207463.773
17 37 2550700.591
17 38 6019699.578
17 39 4180970.841
17 40 7199730.943
17 41 4493746.254
17 42 5233290.486
17 43 6173460.895
17 44 1891355.329
17 45 6426633.505
17 46 2921328.231
17 47 1015696.107
17 48 5563097.721
17 49 2507462.641
17 50 1754725.137
17 51 6623346.86
17 52 2142342.262
17 53 7911380.237
17 54 3032296.494
17 55 4328418.711
17 56 2027892.803
17 57 2719781.034
17 58 1589644.072
17 59 5607310.246
17 60 620674.8715
17 61 1378977.9
17 62 6967405.314
17 63 6459211.887
17 64 3297774.126
17 65 2957079.493
17 66 2400436.558
17 67 1383933.97
17 68 1335061.12
17 69 857634.8674
17 70 1933680.328
17 71 609555.8698
17 72 4855221.254
17 73 3013945.409
17 74 1610411.352
17 75 5204477.676
17 76 4995797.938
17 77 2998220.463
17 78 3962728.989
17 79 5292795.67
17 80 4414633.427
17 81 1843538.385
17 82 3957856.198
17 83 6726915.354
17 84 1031113.331
17 85 5183255.466
17 86 5326042.648
17 87 2198041.386
17 88 6963027.844
17 89 5308793.76
17 90 3439668.664
17 91 5516709.562
17 92 5547145.153
17 93 3045939.968
17 94 4045859.703
17 95 4846782.269
17 96 5916149.601
17 97 1660008.646
17 98 3902754.581
17 99 3473741.481
18 19 8974105.52
18 20 3550008.391
18 21 1566605.188
18 22 6627757.468
18 23 7209102.636
18 24 10307413.31
18 25 8429448.179
18 26 2380454.594
18 27 3612803.803
18 28 4338554.256
18 29 949641.6886
18 30 6890505.143
18 31 4689587.189
18 32 2330046.727
18 33 3991046.234
18 34 1038680.093
18 35 2044675.323
18 36 4801860.596
18 37 8281606.027
18 38 10100892.1
18 39 7798376.99
18 40 9819700.118
18 41 8739295.34
18 42 2872711.979
18 43 482443.9984
18 44 7043227.388
18 45 6292752.478
18 46 7810047.731
18 47 6741801.958
18 48 9902005.579
18 49 6483733.301
18 50 4880159.93
18 51 5738264.97
18 52 3607154.815
18 53 11499498.37
18 54 8625938.838
18 55 8892134.138
18 56 3707483.295
18 57 3549186.355
18 58 5903047.641
18 59 1695675.268
18 60 5200829.218
18 61 4929719.223
18 62 8815552.571
18 63 1357005.782
18 64 3545862.343
18 65 3810521.666
18 66 6407868.419
18 67 5475202.887
18 68 6278952.855
18 69 5731890.612
18 70 3904768.433
18 71 5242054.05
18 72 4323308.662
18 73 2948414.28
18 74 4275449.924
18 75 10082522.4
18 76 4074872.789
18 77 4190861.315
18 78 3138261.277
18 79 7676057.499
18 80 3070121.447
18 81 7226885.771
18 82 5085991.787
18 83 5615881.269
18 84 4713652.639
18 85 6032616.835
18 86 8836820.576
18 87 7480754.985
18 88 5210068.95
18 89 8251693.757
18 90 2816765.229
18 91 3182469.597
18 92 9076236.5
18 93 4434653.749
18 94 4330473.2
18 95 1314586.179
18 96 8282208.028
18 97 6662243.157
18 98 2309863.429
18 99 2798847.339
19 20 5962736.738
19 21 10029423.27
19 22 2473482.225
19 23 3095211.755
19 24 3122021.087
19 25 8975030.923
19 26 9824997.171
19 27 5361444.419
19 28 5120389.135
19 29 8593530.859
19 30 7917297.582
19 31 5509599.492
19 32 8099141.17
19 33 9190351.968
19 34 9223798.134
19 35 7494714.211
19 36 6797439.77
19 37 8369147.409
19 38 4276275.986
19 39 3816870.935
19 40 1854464.21
19 41 4488267.411
19 42 6149808.699
19 43 9391316.55
19 44 9206539.426
19 45 2868503.103
19 46 5701848.129
19 47 7851164.617
19 48 4703045.891
19 49 10043710.45
19 50 6100983.614
19 51 3672168.963
19 52 7804548.519
19 53 4010875.541
19 54 9342674.995
19 55 5028478.657
19 56 7612144.958
19 57 6447499.004
19 58 9113518.717
19 59 10220724.96
19 60 7798537.158
19 61 8526617.594
19 62 713693.2856
19 63 8379509.331
19 64 5947649.04
19 65 9401598.303
19 66 9936409.299
19 67 6187101.445
19 68 6341616.745
19 69 8380793.423
19 70 8077756.779
19 71 7157658.274
19 72 4652101.821
19 73 8570984.066
19 74 6943758.297
19 75 5816703.142
19 76 4902550.315
19 77 9704374.176
19 78 6004664.904
19 79 2290857.606
19 80 5939004.252
19 81 6652045.956
19 82 4233656.768
19 83 3899920.038
19 84 7370657.019
19 85 2995980.099
19 86 3281320.836
19 87 6435616.182
19 88 4595508.414
19 89 2630065.516
19 90 6699538.241
19 91 5920640.073
19 92 3272334.871
19 93 5293548.125
19 94 4819337.659
19 95 9272249.631
19 96 1796809.383
19 97 9103478.014
19 98 9125016.724
19 99 9088436.21
20 21 4199492.874
20 22 3489892.026
20 23 5240888.832
20 24 6816175.775
20 25 5969995.732
20 26 3865412.243
20 27 1596595.327
20 28 867276.1914
20 29 3657368.184
20 30 4352399.661
20 31 4015940.248
20 32 2136561.06
20 33 3504544.569
20 34 3437763.756
20 35 1634824.33
20 36 2062871.639
20 37 5621720.276
20 38 6550970.55
20 39 4248444.225
20 40 6462746.794
20 41 5203620.609
20 42 1988652.01
20 43 4030453.527
20 44 5099548.108
20 45 3844826.186
20 46 4438780.294
20 47 4206771.438
20 48 6359399.357
20 49 5246272.502
20 50 1700481.636
20 51 3738509.793
20 52 2116159.298
20 53 7995681.217
20 54 6264205.213
20 55 5390376.856
20 56 1979316.757
20 57 656686.1096
20 58 4336602.234
20 59 4391219.846
20 60 3041649.991
20 61 3384740.608
20 62 5641761.957
20 63 3697363.805
20 64 28870.98371
20 65 3635026.81
20 66 5138315.664
20 67 2339617.667
20 68 3167633.109
20 69 3770329.58
20 70 2500366.777
20 71 2660448.924
20 72 1823373.654
20 73 2665490.947
20 74 1738749.721
20 75 6608593.05
20 76 1855098.182
20 77 4005371.469
20 78 714483.6925
20 79 4274653.073
20 80 1155045.363
20 81 4138878.51
20 82 1742129.302
20 83 3772589.751
20 84 2400195.328
20 85 2997605.098
20 86 5302210.652
20 87 4303377.865
20 88 3846121.506
20 89 4768792.196
20 90 785364.2927
20 91 2249532.503
20 92 5543904.843
20 93 885119.2883
20 94 1206373.392
20 95 3422267.501
20 96 4921161.754
20 97 4795839.029
20 98 3162325.759
20 99 3150128.133
21 22 7594177.934
21 23 8564831.151
21 24 10987681.82
21 25 7942746.059
21 26 1161075.963
21 27 4759486.416
21 28 5062706.037
21 29 2502597.858
21 30 6540360.58
21 31 6182977.218
21 32 2266381.812
21 33 3174885.324
21 34 812851.7677
21 35 2571790.195
21 36 4798874.562
21 37 7908587.29
21 38 10582695.16
21 39 8309546.647
21 40 10660198.23
21 41 9127892.62
21 42 4163854.627
21 43 1575007.536
21 44 6399813.355
21 45 7507440.723
21 46 7960425.092
21 47 6402055.14
21 48 10301788.48
21 49 5594555.378
21 50 5093683.992
21 51 7047983.46
21 52 3379311.895
21 53 12151885.89
21 54 8080589.8
21 55 9190591.229
21 56 3546948.736
21 57 3948737.81
21 58 5205405.073
21 59 192396.9027
21 60 4859528.75
21 61 4364011.952
21 62 9783707.362
21 63 2915035.801
21 64 4205978.524
21 65 2904488.165
21 66 5537914.034
21 67 5590545.391
21 68 6304937.043
21 69 5225904.075
21 70 3528399.21
21 71 5091657.371
21 72 5425511.695
21 73 2448065.434
21 74 4290528.661
21 75 10306109.25
21 76 5229152.11
21 77 3196872.466
21 78 4026750.813
21 79 8473689.64
21 80 4115483.119
21 81 7172585.203
21 82 5910331.728
21 83 6955005.025
21 84 4529943.222
21 85 7035920.848
21 86 9427991.005
21 87 7476582.235
21 88 6623761.108
21 89 8953686.91
21 90 3415191.429
21 91 4520578.52
21 92 9672639.156
21 93 5043863.651
21 94 5228936.496
21 95 777586.4387
21 96 9116894.667
21 97 6016228.868
21 98 1562488.784
21 99 2030888.152
22 23 2933274.491
22 24 4009704.291
22 25 7265484.391
22 26 7353870.861
22 27 3061226.485
22 28 2647863.183
22 29 6355840.176
22 30 5961896.985
22 31 4016848.539
22 32 5626450.934
22 33 6763979.917
22 34 6795627.232
22 35 5040671.786
22 36 4472867.971
22 37 6707364.169
22 38 4417496.707
22 39 2674155.67
22 40 3248007.254
22 41 3750450.774
22 42 3913585.297
22 43 7067646.824
22 44 7166429.614
22 45 1564975.48
22 46 4269184.222
22 47 5867696.322
22 48 4550330.705
22 49 7839942.816
22 50 3769468.346
22 51 2291152.491
22 52 5364171.149
22 53 5193209.368
22 54 7628842.903
22 55 4225485.616
22 56 5177083.912
22 57 3979881.986
22 58 6889807.002
22 59 7786257.982
22 60 5528737.09
22 61 6200627.715
22 62 2195025.352
22 63 6197921.438
22 64 3475145.554
22 65 6960937.82
22 66 7729883.048
22 67 3980576.106
22 68 4335888.647
22 69 6171306.546
22 70 5658518.734
22 71 4906147.196
22 72 2347732.852
22 73 6103652.887
22 74 4550937.876
22 75 5368660.577
22 76 2642463.149
22 77 7279043.56
22 78 3570170.932
22 79 1382179.444
22 80 3558924.071
22 81 4901315.083
22 82 1762031.741
22 83 2526494.108
22 84 5037002.21
22 85 614525.9488
22 86 3013922.001
22 87 4788863.83
22 88 3181381.546
22 89 2162504.695
22 90 4233197.785
22 91 3764905.669
22 92 3182473.925
22 93 2837091.423
22 94 2365946.48
22 95 6829213.852
22 96 1786742.072
22 97 7002778.667
22 98 6652191.267
22 99 6617134.28
23 24 6047813.826
23 25 10114654.54
23 26 8713013.232
23 27 3927538.298
23 28 4655873.37
23 29 6576864.398
23 30 8713363.415
23 31 2832502.931
23 32 7142469.933
23 33 8743525.55
23 34 7764514.057
23 35 6336454.201
23 36 6881535.841
23 37 9579443.227
23 38 6917748.807
23 39 5558811.376
23 40 4869130.846
23 41 6574793.832
23 42 4401257.046
23 43 7533840.148
23 44 9824947.603
23 45 1527666.039
23 46 7201403.564
23 47 8603012.974
23 48 7193312.38
23 49 10301449.28
23 50 6218075.344
23 51 1547730.294
23 52 7355063.41
23 53 7056144.788
23 54 10472005.08
23 55 7081331.803
23 56 7208659.739
23 57 5881961.363
23 58 9351375.991
23 59 8742137.092
23 60 7974086.105
23 61 8510068.304
23 62 3521748.172
23 63 6264240.819
23 64 5215213.551
23 65 8858491.602
23 66 10190521.61
23 67 6597743.244
23 68 7106716.13
23 69 8678197.34
23 70 7728878.384
23 71 7411267.752
23 72 3434505.457
23 73 7829366.462
23 74 6789791.268
23 75 8147877.435
23 76 3498142.585
23 77 9239921.515
23 78 4907897.604
23 79 4034022.622
23 80 4620773.097
23 81 7773225.832
23 82 3993193.398
23 83 1610729.442
23 84 7390963.689
23 85 2841543.299
23 86 5622274.571
23 87 7690376.828
23 88 2045231.049
23 89 4765277.91
23 90 5750276.584
23 91 4048091.688
23 92 5722579.125
23 93 4996343.071
23 94 4084715.094
23 95 7897777.894
23 96 4043909.678
23 97 9609181.679
23 98 8105209.389
23 99 8241082.656
24 25 7394186.246
24 26 10461220.05
24 27 6940916.58
24 28 5980488.98
24 29 10192877.91
24 30 6848328.36
24 31 7959619.298
24 32 8780975.638
24 33 9242904.211
24 34 10247997.85
24 35 8447410.684
24 36 6692063.318
24 37 6778120.369
24 38 1463899.134
24 39 2816993.918
24 40 1287827.063
24 41 2586072.696
24 42 7815263.507
24 43 10776104.6
24 44 8162429.047
24 45 5286162.418
24 46 4246383.177
24 47 6840961.198
24 48 2052862.01
24 49 9290164.273
24 50 6124923.478
24 51 6126508.786
24 52 8046035.659
24 53 1200932.695
24 54 7736315.951
24 55 2989730.007
24 56 7839765.288
24 57 7049412.59
24 58 8480201.658
24 59 11177149.63
24 60 7412869.7
24 61 8230161.511
24 62 2541948.009
24 63 10087461.81
24 64 6814032.342
24 65 9525700.379
24 66 9197107.554
24 67 5883098.913
24 68 5609477.651
24 69 7779853.161
24 70 8178979.256
24 71 6804113.153
24 72 6261340.047
24 73 8986749.449
24 74 7047757.362
24 75 3206955.636
24 76 6574659.614
24 77 9718260.653
24 78 7170842.572
24 79 2697312.673
24 80 7301389.252
24 81 5437593.326
24 82 5232021.696
24 83 6373017.884
24 84 7218181.891
24 85 4604062.902
24 86 1638298.159
24 87 5107735.52
24 88 7074400.867
24 89 2055722.224
24 90 7598028.905
24 91 7720351.315
24 92 1404231.931
24 93 5948947.76
24 94 6005358.695
24 95 10211774.27
24 96 2233350.017
24 97 8190570.011
24 98 9742585.798
24 99 9544365.429
25 26 6848086.713
25 27 7475233.533
25 28 5954524.773
25 29 9014894.787
25 30 1623259.12
25 31 9855764.014
25 32 6100039.608
25 33 4808810.488
25 34 7646664.333
25 35 6596883.64
25 36 3934119.557
25 37 620889.3006
25 38 6085556.873
25 39 5173874.418
25 40 8084064.413
25 41 4839085.652
25 42 7955915.801
25 43 8846105.253
25 44 1672792.988
25 45 8600742.026
25 46 3300732.634
25 47 1772543.981
25 48 5495146.095
25 49 2950877.728
25 50 4313067.952
25 51 8966674.025
25 52 4827219.744
25 53 8041402.071
25 54 368190.5591
25 55 4404506.353
25 56 4748006.18
25 57 5467020.9
25 58 2822793.012
25 59 8061640.109
25 60 3237394.231
25 61 3580124.44
25 62 8303086.499
25 63 9221461.764
25 64 5996367.242
25 65 5117332.674
25 66 2925068.182
25 67 3730694.692
25 68 3044524.789
25 69 2725430.237
25 70 4529933.481
25 71 3357968.817
25 72 7374982.972
25 73 5558904.758
25 74 4378789.245
25 75 4619897.507
25 76 7564810.795
25 77 4959148.492
25 78 6679028.554
25 79 6705838.724
25 80 7124944.016
25 81 2368970.69
25 82 6266791.892
25 83 9109975.12
25 84 3792748.018
25 85 7273242.355
25 86 6027944.85
25 87 2541985.824
25 88 9453214.548
25 89 6398637.427
25 90 6206580.61
25 91 8214685.895
25 92 6176903.184
25 93 5573696.5
25 94 6557480.081
25 95 7422740.36
25 96 7190206.271
25 97 2015663.178
25 98 6397531.355
25 99 5912705.832
26 27 4794987.918
26 28 4722403.302
26 29 3314111.902
26 30 5505196.681
26 31 6590524.807
26 32 1732248.46
26 33 2046422.48
26 34 1344788.114
26 35 2396095.635
26 36 3981771.894
26 37 6850390.799
26 38 9924310.043
26 39 7703677.572
26 40 10260423.63
26 41 8428789.328
26 42 4381182.654
26 43 2562735.758
26 44 5274033.448
26 45 7508344.876
26 46 7139711.634
26 47 5372954.665
26 48 9594596.496
26 49 4435009.051
26 50 4393792.114
26 51 7167437.733
26 52 2525700.527
26 53 11593807.77
26 54 6969177.717
26 55 8435901.203
26 56 2719123.369
26 57 3455655.384
26 58 4076213.716
26 59 1238941.244
26 60 3862763.114
26 61 3287961.178
26 62 9503301.42
26 63 3703994.43
26 64 3879339.113
26 65 1759105.42
26 66 4379738.829
26 67 4809045.801
26 68 5450623.248
26 69 4153422.297
26 70 2575805.207
26 71 4180660.128
26 72 5383284.349
26 73 1539028.949
26 74 3513076.323
26 75 9495615.868
26 76 5246012.339
26 77 2036516.802
26 78 3895034.029
26 79 8073579.288
26 80 4106402.871
26 81 6258287.735
26 82 5605964.338
26 83 7112794.469
26 84 3624279.875
26 85 6843183.436
26 86 8858094.33
26 87 6582156.94
26 88 6889744.321
26 89 8471349.505
26 90 3130846.616
26 91 4766553.961
26 92 9102836.49
26 93 4618111.654
26 94 5018129.196
26 95 1076716.172
26 96 8734585.97
26 97 4892509.23
26 98 720617.7983
26 99 1012822.191
27 28 1582893.481
27 29 3295057.242
27 30 5875527.957
27 31 2422966.39
27 32 3222277.464
27 33 4934072.809
27 34 3946744.065
27 35 2409486.838
27 36 3631195.923
27 37 7081759.703
27 38 7011391.444
27 39 4795075.813
27 40 6301524.575
27 41 5880666.576
27 42 874894.8258
27 43 4032828.939
27 44 6687041.241
27 45 2749375.54
27 46 5514019.805
27 47 5734451.178
27 48 6953170.073
27 49 6831739.106
27 50 3162261.17
27 51 2379825.984
27 52 3616708.076
27 53 8141480.527
27 54 7785114.564
27 55 6187713.001
27 56 3510616.266
27 57 2235067.591
27 58 5929968.525
27 59 4946101.432
27 60 4636565.82
27 61 4964519.552
27 62 5224867.431
27 63 3152814.596
27 64 1567745.725
27 65 5007764.134
27 66 6724642.947
27 67 3759768.237
27 68 4538204.037
27 69 5365973.361
27 70 4022794.287
27 71 4228510.403
27 72 717103.5596
27 73 3941863.466
27 74 3334961.014
27 75 7434486.328
27 76 470385.2859
27 77 5407783.754
27 78 1035165.251
27 79 4246391.17
27 80 693292.3811
27 81 5468981.857
27 82 1833863.293
27 83 2349248.868
27 84 3995948.185
27 85 2451510.658
27 86 5637154.773
27 87 5567773.717
27 88 2291825.208
27 89 4920809.466
27 90 1873852.193
27 91 870570.9692
27 92 5858141.816
27 93 1937537.834
27 94 1108767.718
27 95 4042182.316
27 96 4794835.8
27 97 6389100.52
27 98 4177788.116
27 99 4324546.238
28 29 4337268.54
28 30 4383232.935
28 31 3902560.093
28 32 2990478.277
28 33 4193378.914
28 34 4293706.461
28 35 2492993.353
28 36 2270004.451
28 37 5533225.196
28 38 5790636.722
28 39 3496793.743
28 40 5597671.05
28 41 4511248.754
28 42 2286073.504
28 43 4813254.381
28 44 5314672.077
28 45 3184811.389
28 46 3961659.388
28 47 4248846.757
28 48 5642562.829
28 49 5660272.363
28 50 1679539.874
28 51 3233651.477
28 52 2781650.513
28 53 7167199.505
28 54 6277094.734
28 55 4753756.681
28 56 2611361.369
28 57 1341491.641
28 58 4716903.655
28 59 5254684.839
28 60 3351301.399
28 61 3854209.68
28 62 4780949.714
28 63 4317929.753
28 64 858367.0116
28 65 4361495.442
28 66 5549727.462
28 67 2223846.849
28 68 2970606.665
28 69 4072727.438
28 70 3120724.676
28 71 2840873.268
28 72 1434127.004
28 73 3460507.752
28 74 2133977.282
28 75 5993258.899
28 76 1610562.002
28 77 4705430.928
28 78 1238846.294
28 79 3411357.921
28 80 1515176.069
28 81 3889194.811
28 82 887037.8103
28 83 3317003.941
28 84 2746120.054
28 85 2192847.295
28 86 4499957.4
28 87 3985014.526
28 88 3540079.855
28 89 3927147.182
28 90 1647801.936
28 91 2421888.416
28 92 4738506.315
28 93 383787.0833
28 94 619896.3534
28 95 4286078.483
28 96 4055135.727
28 97 5053891.942
28 98 4013796.607
28 99 3969516.396
29 30 7433273.85
29 31 3923034.728
29 32 2971944.729
29 33 4791307.497
29 34 1969673.787
29 35 2433794.824
29 36 5229642.069
29 37 8814062.234
29 38 10122129
29 39 7833511.383
29 40 9595776.541
29 41 8838095.373
29 42 2452430.806
29 43 1031079.025
29 44 7716932.974
29 45 5812132.397
29 46 8069217.187
29 47 7282364.094
29 48 9978345.484
29 49 7263062.666
29 50 5185268.019
29 51 5174559.016
29 52 4204081.52
29 53 11393101.98
29 54 9236710.824
29 55 9045003.514
29 56 4268245.419
29 57 3822858.011
29 58 6617081.563
29 59 2617519.64
29 60 5779477.737
29 61 5612644
29 62 8506297.07
29 63 413278.5214
29 64 3645936.367
29 65 4643024.778
29 66 7180944.788
29 67 5812964.537
29 68 6642002.237
29 69 6369686.293
29 70 4548441.823
29 71 5728408.764
29 72 4008501.393
29 73 3693094.275
29 74 4718513.983
29 75 10265922.9
29 76 3722363.99
29 77 5039648.922
29 78 3098470.114
29 79 7513401.388
29 80 2896657.817
29 81 7612127.51
29 82 4972869.56
29 83 5023483.456
29 84 5235685.185
29 85 5744692.542
29 86 8801381.895
29 87 7833748.244
29 88 4540553.101
29 89 8148382.952
29 90 3034832.802
29 91 2678371.755
29 92 9033902.542
29 93 4510717.006
29 94 4193677.732
29 95 2238906.404
29 96 8082107.111
29 97 7342581.529
29 98 3167847.62
29 99 3632101.278
30 31 8272557.615
30 32 4564487.211
30 33 3535493.59
30 34 6166135.434
30 35 5004514.614
30 36 2310870.237
30 37 1391502.36
30 38 5734288.811
30 39 4266825.019
30 40 7307596.069
30 41 4279099.033
30 42 6335874.899
30 43 7322896.894
30 44 1325973.575
30 45 7186928.424
30 46 2609911.623
30 47 151365.6539
30 48 5207314.636
30 49 2485903.42
30 50 2717619.422
30 51 7482049.709
30 52 3286363.662
30 53 7691265.692
30 54 1912465.826
30 55 3984118.406
30 56 3184807.064
30 57 3843769.613
30 58 1853150.123
30 59 6675743.358
30 60 1700356.519
30 61 2236577.85
30 62 7290378.756
30 63 7625393.233
30 64 4379077.25
30 65 3862660.341
30 66 2404716.757
30 67 2172617.201
30 68 1626011.844
30 69 1394995.551
30 70 3035692.184
30 71 1737425.632
30 72 5814393.734
30 73 4104138.755
30 74 2761121.294
30 75 4626607.565
30 76 5987832.265
30 77 3805187.333
30 78 5059295.506
30 79 5627645.321
30 80 5506687.503
30 81 1410970.364
30 82 4776628.939
30 83 7609442.564
30 84 2197623.342
30 85 5885009.853
30 86 5308514.309
30 87 1752339.875
30 88 7910721.908
30 89 5479513.211
30 90 4586267.933
30 91 6600047.247
30 92 5501885.848
30 93 3999789.365
30 94 4995627.07
30 95 5960029.307
30 96 6192087.337
30 97 1353495.658
30 98 4978281.476
30 99 4520998.313
31 32 5302518.301
31 33 7178659.198
31 34 5435922.996
31 35 4425477.677
31 36 6051987.323
31 37 9433363.945
31 38 8428081.963
31 39 6476673.509
31 40 6997705.702
31 41 7598585.461
31 42 2304504.812
31 43 4935383.687
31 44 9109970.276
31 45 2709201.521
31 46 7604824.469
31 47 8134384.799
31 48 8520437.473
31 49 9222388.396
31 50 5555109.854
31 51 1863193.425
31 52 5951152.921
31 53 9106197.341
31 54 10174953.3
31 55 8003465.332
31 56 5869149.563
31 57 4641619.948
31 58 8335812.064
31 59 6341192.288
31 60 7057573.937
31 61 7352803.303
31 62 5687987.253
31 63 3565184.413
31 64 3987188.115
31 65 7199241.592
31 66 9116872.613
31 67 6125460.8
31 68 6862896.474
31 69 7786149.799
31 70 6365694.05
31 71 6648426.084
31 72 2507795.614
31 73 6099560.621
31 74 5754398.327
31 75 9221606.946
31 76 2292216.057
31 77 7615534.947
31 78 3390777.813
31 79 5399027.236
31 80 2954294.623
31 81 7749559.665
31 82 3775501.074
31 83 1622392.507
31 84 6416054.617
31 85 3501934.097
31 86 7018790.585
31 87 7800217.448
31 88 915489.4217
31 89 6177658.359
31 90 4157591.118
31 91 1922001.774
31 92 7196069.724
31 93 4282227.657
31 94 3311158.237
31 95 5625753.218
31 96 5732831.008
31 97 8811235.17
31 98 6106294.45
31 99 6376493.46
32 33 1955977.265
32 34 1671020.095
32 35 877503.9192
32 36 2578573.629
32 37 5955987.617
32 38 8324332.342
32 39 6063255.992
32 40 8538952.736
32 41 6862489.945
32 42 3000848.569
32 43 2758606.74
32 44 4747851.843
32 45 5860259.506
32 46 5714791.289
32 47 4416566.085
32 48 8036177.967
32 49 4335641.748
32 50 2827963.142
32 51 5596722.845
32 52 1278375.782
32 53 9930239.766
32 54 6300971.075
32 55 6925864.334
32 56 1392259.136
32 57 1738665.525
32 58 3647919.247
32 59 2446003.158
32 60 2871327.38
32 61 2640754.923
32 62 7771207.057
32 63 3243214.713
32 64 2151494.018
32 65 1916035.493
32 66 4247222.839
32 67 3341196.76
32 68 4088100.97
32 69 3413112.932
32 70 1584383.419
32 71 2952307.657
32 72 3741421.795
32 73 820573.239
32 74 2056145.997
32 75 8051580.93
32 76 3644724.033
32 77 2337201.805
32 78 2243973.867
32 79 6349856.33
32 80 2531610.165
32 81 4996315.985
32 82 3874891.319
32 83 5571377.046
32 84 2406859.955
32 85 5125835.605
32 86 7197698.882
32 87 5279196.706
32 88 5445252.377
32 89 6770344.334
32 90 1429220.478
32 91 3388933.884
32 92 7442749.538
32 93 2891485.606
32 94 3307235.061
32 95 1530625.39
32 96 7008623.007
32 97 4371912.668
32 98 1025947.78
32 99 1103223.685
33 34 3038787.283
33 35 2805340.602
33 36 2553159.101
33 37 4841421.72
33 38 8490892.256
33 39 6426066.53
33 40 9267862.007
33 41 6959911.797
33 42 4878805.883
33 43 4320271.529
33 44 3228592.424
33 45 7340982.047
33 46 5492715.972
33 47 3414101.426
33 48 8084935.189
33 49 2494604.346
33 50 3173923.611
33 51 7228546.44
33 52 1411741.513
33 53 10299703.54
33 54 4923316.364
33 55 6870123.967
33 56 1589020.734
33 57 2877914.249
33 58 2031770.669
33 59 3276657.955
33 60 2018107.6
33 61 1300722.139
33 62 8744535.487
33 63 5110430.879
33 64 3529680.698
33 65 329573.873
33 66 2422167.302
33 67 3363218.55
33 68 3807630.82
33 69 2149839.168
33 70 1114595.305
33 71 2507035.086
33 72 5313878.906
33 73 1139597.195
33 74 2267933.844
33 75 7816622.573
33 76 5295520.208
33 77 515068.6399
33 78 3899843.692
33 79 7155575.171
33 80 4280294.407
33 81 4471034.35
33 82 5035463.544
33 83 7243778.851
33 84 2030701.621
33 85 6372663.334
33 86 7605149.674
33 87 4820896.701
33 88 7220492.653
33 89 7388181.365
33 90 3063252.315
33 91 5256948.407
33 92 7842869.65
33 93 3938073.109
33 94 4690790.066
33 95 2777968.837
33 96 7821448.286
33 97 2846451.307
33 98 1711381.131
33 99 1205400.569
34 35 1802943.815
34 36 4249555.301
34 37 7553250.499
34 38 9895450.673
34 39 7607639.674
34 40 9885744.133
34 41 8465337.156
34 42 3363721.82
34 43 1287470.455
34 44 6184183.647
34 45 6694991.722
34 46 7375656.434
34 47 6021698.323
34 48 9638940.4
34 49 5530111.922
34 50 4465438.988
34 51 6242613.407
34 52 2904061.1
34 53 11420768.03
34 54 7816926.424
34 55 8557787.448
34 56 3044039.088
34 57 3245086.751
34 58 5014539.13
34 59 1000937.702
34 60 4466114.204
34 61 4086190.646
34 62 8987743.536
34 63 2362598.699
34 64 3442154.909
34 65 2828680.036
34 66 5460131.036
34 67 5003312.585
34 68 5758767.375
34 69 4923510.733
34 70 3131886.007
34 71 4609545.656
34 72 4613327.412
34 73 2089563.323
34 74 3726370.49
34 75 9702741.229
34 76 4416345.882
34 77 3191235.732
34 78 3225662.953
34 79 7703739.757
34 80 3303570.83
34 81 6665426.358
34 82 5127885.139
34 83 6153949.598
34 84 4055854.91
34 85 6232369.702
34 86 8707586.406
34 87 6950152.659
34 88 5840311.489
34 89 8204983.975
34 90 2652791.943
34 91 3726589.609
34 92 8951446.933
34 93 4299143.692
34 94 4432788.101
34 95 277975.9474
34 96 8341220.187
34 97 5799879.985
34 98 1328477.347
34 99 1833408.712
35 36 2803725.205
35 37 6381933.299
35 38 8131108.139
35 39 5833934.193
35 40 8089236.437
35 41 6732063.844
35 42 2125453.127
35 43 2523286.628
35 44 5371223.283
35 45 5112344.13
35 46 5765372.431
35 47 4853353.356
35 48 7901411.741
35 49 5099270.467
35 50 2836053.138
35 51 4788770.724
35 52 1844419.087
35 53 9623114.141
35 54 6830576.94
35 55 6863218.884
35 56 1871929.04
35 57 1511009.905
35 58 4341656.177
35 59 2764051.135
35 60 3372426.062
35 61 3314102.653
35 62 7222815.021
35 63 2624710.174
35 64 1639393.509
35 65 2787972.303
35 66 5004937.187
35 67 3437510.305
35 68 4250971.288
35 69 4001863.141
35 70 2232439.764
35 71 3294618.476
35 72 2987619.815
35 73 1687055.187
35 74 2287343.89
35 75 8044110.945
35 76 2853437.065
35 77 3208180.858
35 78 1507276.601
35 79 5904280.309
35 80 1717037.666
35 81 5210095.702
35 82 3339416.222
35 83 4748125.741
35 84 2807750.298
35 85 4499383.642
35 86 6917268.194
35 87 5451356.443
35 88 4588177.467
35 89 6402575.767
35 90 849974.4066
35 91 2514502.51
35 92 7160396.893
35 93 2500305.387
35 94 2676628.704
35 95 1797243.004
35 96 6545523.81
35 97 5008535.662
35 98 1769114.005
35 99 1961166.553
36 37 3636508.538
36 38 5995240.214
36 39 3876312.917
36 40 6733342.885
36 41 4477138.328
36 42 4032928.672
36 43 5264331.083
36 44 3065071.917
36 45 5374639.213
36 46 3167996.62
36 47 2162064.351
36 48 5631421.993
36 49 3424070.015
36 50 703548.1848
36 51 5498978.294
36 52 1456073.303
36 53 7761750.485
36 54 4215178.601
36 55 4456557.022
36 56 1266053.182
36 57 1533096.022
36 58 2471378.232
36 59 4965952.514
36 60 1092629.998
36 61 1732344.721
36 62 6295486.45
36 63 5384373.792
36 64 2090561.86
36 65 2833836.108
36 66 3313027.85
36 67 837220.1206
36 68 1510389.37
36 69 1804422.367
36 70 1497818.641
36 71 598183.9316
36 72 3682219.199
36 73 2442839.264
36 74 527871.7719
36 75 5521745.747
36 76 3806148.52
36 77 3039149.034
36 78 2759189.83
36 79 4662102.787
36 80 3210098.391
36 81 2428605.872
36 82 2904274.354
36 83 5586896.122
36 84 573644.1794
36 85 4201125.01
36 86 5055265.708
36 87 2701509.81
36 88 5786657.109
36 89 4844862.915
36 90 2288332.276
36 91 4310823.654
36 92 5294252.438
36 93 1901340.343
36 94 2885713.36
36 95 4099594.996
36 96 5320566.371
36 97 2788453.568
36 98 3308749.173
36 99 2985772.795
37 38 5480895.181
37 39 4562194.598
37 40 7463328.792
37 41 4219183.984
37 42 7609786.936
37 43 8714390.859
37 44 1927949.359
37 45 8073744.881
37 46 2684436.897
37 47 1539805.465
37 48 4894574.983
37 49 3260852.102
37 50 3934245.324
37 51 8470897.702
37 52 4677855.487
37 53 7441512.803
37 54 980781.6397
37 55 3789022.911
37 56 4575055.354
37 57 5161128.812
37 58 2952893.759
37 59 8038859.533
37 60 3089928.715
37 61 3562813.77
37 62 7693608.516
37 63 8997035.655
37 64 5646950.128
37 65 5161949.798
37 66 3216497.672
37 67 3322016.37
37 68 2575866.718
37 69 2698016.109
37 70 4421434.53
37 71 3093016.595
37 72 6936414.131
37 73 5483138.252
37 74 4116163.233
37 75 4054004.136
37 76 7141644.833
37 77 5052367.991
37 78 6335644.425
37 79 6106714.782
37 80 6774100.778
37 81 1807758.742
37 82 5784725.004
37 83 8622720.308
37 84 3580781.381
37 85 6741150.154
37 86 5407145.631
37 87 1946608.661
37 88 8993197.141
37 89 5784746.672
37 90 5924829.738
37 91 7849202.067
37 92 5556099.588
37 93 5157625.009
37 94 6123763.178
37 95 7343589.426
37 96 6581130.789
37 97 2204141.524
37 98 6349065.828
37 99 5881579.728
38 39 2302526.476
38 40 2604220.759
38 41 1532799.012
38 42 7874742.858
38 43 10580910.77
38 44 7012644.062
38 45 5896561.316
38 46 3143784.586
38 47 5750164.849
38 48 607226.5884
38 49 8216146.13
38 50 5530926.866
38 51 6690559.286
38 52 7425212.924
38 53 1969779.295
38 54 6413510.262
38 55 1751205.652
38 56 7223157.797
38 57 6650365.953
38 58 7474557.011
38 59 10766265.84
38 60 6551159.349
38 61 7369412.61
38 62 3601846.535
38 63 10075449.13
38 64 6555045.756
38 65 8794575.168
38 66 8130654.67
38 67 5158810.311
38 68 4712654.956
38 69 6812443.996
38 70 7490117.451
38 71 5989862.69
38 72 6398229.41
38 73 8401844.326
38 74 6421446.897
38 75 1743343.624
38 76 6716484.404
38 77 8934634.988
38 78 7027595.412
38 79 3041112.673
38 80 7243180.978
38 81 4340418.19
38 82 5192509.788
38 83 6931556.184
38 84 6467506.825
38 85 4933346.591
38 86 1411450.647
38 87 3985320.763
38 88 7598174.311
38 89 2256659.122
38 90 7301582.299
38 91 7851988.316
38 92 1236597.157
38 93 5666249.322
38 94 5965903.485
38 95 9820824.965
38 96 2875318.025
38 97 7087724.104
38 98 9220007.324
38 99 8956567.172
39 40 3048432.052
39 41 1122329.728
39 42 5641055.591
39 43 8278465.625
39 44 5590811.601
39 45 4237660.912
39 46 1885482.798
39 47 4229160.103
39 48 2161531.56
39 49 6608875.188
39 50 3327893.775
39 51 4914829.4
39 52 5248807.292
39 53 3899038.929
39 54 5540121.654
39 55 1555920.394
39 56 5043152.759
39 57 4364938.079
39 58 5750289.225
39 59 8495244.022
39 60 4615907.991
39 61 5428549.326
39 62 3132814.893
39 63 7800981.435
39 64 4252548.678
39 65 6710144.727
39 66 6509741.19
39 67 3066478.813
39 68 2854906.365
39 69 5031567.632
39 70 5366727.621
39 71 3997101.058
39 72 4234708.395
39 73 6204651.45
39 74 4245527.312
39 75 2746178.265
39 76 4547580.123
39 77 6901559.236
39 78 4735516.627
39 79 1623549.033
39 80 4970842.114
39 81 2908614.898
39 82 2961220.239
39 83 5135603.763
39 84 4401432.226
39 85 3026035.592
39 86 1179112.188
39 87 2651533.111
39 88 5731717.126
39 89 1229627.359
39 90 5000964.864
39 91 5654869.162
39 92 1418209.043
39 93 3363754.892
39 94 3716206.798
39 95 7542212.372
39 96 2022083.54
39 97 5557618.588
39 98 6990370.019
39 99 6762638.851
40 41 3277847.897
40 42 7160033.528
40 43 10272073.57
40 44 8633246.437
40 45 4289177.592
40 46 4805029.883
40 47 7274579.317
40 48 3124300.305
40 49 9653000.41
40 50 6094372.268
40 51 5136840.083
40 52 7972725.215
40 53 2187155.641
40 54 8441575.296
40 55 3778121.252
40 56 7768159.403
40 57 6804926.717
40 58 8781411.208
40 59 10852242.63
40 60 7590245.385
40 61 8385251.58
40 62 1354789.153
40 63 9445219.047
40 64 6455293.387
40 65 9524840.117
40 66 9552809.223
40 67 5984881.426
40 68 5889153.599
40 69 8055828.261
40 70 8166539.259
40 71 6953948.481
40 72 5592196.998
40 73 8857429.475
40 74 7009981.026
40 75 4289263.759
40 76 5890065.423
40 77 9765675.034
40 78 6700564.765
40 79 2190442.492
40 80 6755912.694
40 81 5926887.875
40 82 4761391.067
40 83 5380961.378
40 84 7292488.307
40 85 3862489.21
40 86 2056445.51
40 87 5638308.609
40 88 6090823.821
40 89 1898116.183
40 90 7245464.092
40 91 7010536.966
40 92 1925129.122
40 93 5648384.753
40 94 5492988.811
40 95 9883736.215
40 96 1544762.533
40 97 8605967.41
40 98 9540823.267
40 99 9406513.985
41 42 6713400.742
41 43 9221563.481
41 44 5584711.67
41 45 5314262.029
41 46 1669354.37
41 47 4280974.922
41 48 1174135.242
41 49 6743464.957
41 50 4045087.205
41 51 6017078.035
41 52 5917273.485
41 53 3431544.894
41 54 5189782.908
41 55 540856.8948
41 56 5717206.456
41 57 5230090.505
41 58 5971870.403
41 59 9308473.84
41 60 5019296.411
41 61 5838101.604
41 62 3775376.618
41 63 8829175.439
41 64 5211248.328
41 65 7264996.79
41 66 6654105.927
41 67 3639918.375
41 68 3180916.63
41 69 5297019.803
41 70 5968052.676
41 71 4457466.802
41 72 5341809.128
41 73 6898841.481
41 74 4917532.741
41 75 1627911.848
41 76 5652103.816
41 77 7402019.301
41 78 5744787.665
41 79 2548664.458
41 80 6012221.966
41 81 2869661.313
41 82 4050315.909
41 83 6241676.774
41 84 4939259.394
41 85 4137291.196
41 86 1245559.584
41 87 2529834.164
41 88 6847635.996
41 89 1900522.316
41 90 5923335.821
41 91 6746004.328
41 92 1352950.865
41 93 4330966.392
41 94 4787369.697
41 95 8375247.317
41 96 2741139.644
41 97 5628726.47
41 98 7731119.896
41 99 7450905.258
42 43 3258957.247
42 44 7015127.408
42 45 3420726.008
42 46 6246457.808
42 47 6189105.35
42 48 7802097.309
42 49 6997217.476
42 50 3681191.801
42 51 2889101.291
42 52 3693846.086
42 53 9015694.643
42 54 8245798.528
42 55 6999529.62
42 56 3633098.174
42 57 2518914.46
42 58 6144521.574
42 59 4342087.05
42 60 4941082.211
42 61 5135948.036
42 62 6054097.756
42 63 2285713.157
42 64 1963098.057
42 65 4894810.904
42 66 6894625.134
42 67 4312761.505
42 68 5128351.275
42 69 5654576.093
42 70 4110090.37
42 71 4625623.668
42 72 1568526.052
42 73 3795072.493
42 74 3648889.114
42 75 8245122.199
42 76 1272489.1
42 77 5311425.586
42 78 1276915.731
42 79 5119974.447
42 80 836562.0719
42 81 6087937.041
42 82 2685192.159
42 83 2791159.61
42 84 4301871.626
42 85 3300159.99
42 86 6506490.35
42 87 6222403.721
42 88 2508811.311
42 89 5795420.396
42 90 1906674.517
42 91 390551.4901
42 92 6729018.426
42 93 2589073.765
42 94 1926554.164
42 95 3504751.583
42 96 5661985.37
42 97 6689751.297
42 98 3842809
42 99 4083719.221
43 44 7429065.297
43 45 6676170.809
43 46 8288024.403
43 47 7175118.642
43 48 10383977.6
43 49 6813908.824
43 50 5357120.492
43 51 6090076.653
43 52 4036535.402
43 53 11969587.9
43 54 9033576.163
43 55 9374356.49
43 56 4146505.644
43 57 4029978.235
43 58 6273419.299
43 59 1656446.236
43 60 5627542.461
43 61 5319157.125
43 62 9250090.338
43 63 1432615.493
43 64 4025962.514
43 65 4115792.4
43 66 6742438.417
43 67 5948296.142
43 68 6747973.57
43 69 6136488.253
43 70 4316270.196
43 71 5692319.417
43 72 4747660.585
43 73 3323853.145
43 74 4736998.828
43 75 10563829.78
43 76 4488779.422
43 77 4477855.396
43 78 3605275.667
43 79 8136628.576
43 80 3516716.914
43 81 7691652.729
43 82 5549903.14
43 83 5955589.328
43 84 5157569.658
43 85 6468040.483
43 86 9312733.038
43 87 7949705.88
43 88 5513019.89
43 89 8720574.378
43 90 3299195.896
43 91 3544786.535
43 92 9551681.665
43 93 4914730.697
43 94 4789125.594
43 95 1559829.845
43 96 8737472.903
43 97 7046179.036
43 98 2613588.897
43 99 3116136.778
44 45 8298853.202
44 46 3916926.482
44 47 1365001.915
44 48 6467722.53
44 49 1335203.532
44 50 3646078.701
44 51 8513779.718
44 52 3530549.994
44 53 8977906.632
44 54 1715919.933
44 55 5262281.528
44 56 3504199.945
44 57 4502707.811
44 58 1198236.503
44 59 6505014.315
44 60 2074120.902
44 61 2113673.42
44 62 8591701.008
44 63 7967498.019
44 64 5128049.951
44 65 3519816.333
44 66 1288548.396
44 67 3228884.208
44 68 2869141.415
44 69 1376055.832
44 70 3168892.853
44 71 2476789.042
44 72 6740435.2
44 73 4105399.183
44 74 3371941.312
44 75 5792974.292
44 76 6871095.363
44 77 3322776.765
44 78 5766686.634
44 79 6921855.313
44 80 6219418.529
44 81 2727917.411
44 82 5838886.845
44 83 8618268.024
44 84 2713987.216
44 85 7032594.739
44 86 6632971.945
44 87 3055455.907
44 88 8847534.113
44 89 6799632.346
44 90 5147408.442
44 91 7323076.484
44 92 6824327.834
44 93 4935868.696
44 94 5934326.941
44 95 5942454.411
44 96 7499797.532
44 97 384780.2737
44 98 4888755.676
44 99 4388735.97
45 46 5763010.562
45 47 7075904.091
45 48 6077722.18
45 49 8798330.98
45 50 4702617.717
45 51 847926.1391
45 52 5936472.251
45 53 6412686.729
45 54 8956175.952
45 55 5790253.947
45 56 5778313.989
45 57 4463397.307
45 58 7846017.426
45 59 7693265.077
45 60 6466906.16
45 61 7028322.995
45 62 2982416.635
45 63 5566841.892
45 64 3821231.171
45 65 7479742.994
45 66 8687303.174
45 67 5070898.968
45 68 5583579.61
45 69 7164771.862
45 70 6294359.574
45 71 5894556.927
45 72 2125498.634
45 73 6490849.641
45 74 5310186.672
45 75 6929210.943
45 76 2281732.351
45 77 7846234.952
45 78 3621309.869
45 79 2868982.726
45 80 3416002.549
45 81 6271140.629
45 82 2475030.189
45 83 1093066.104
45 84 5895259.71
45 85 1335754.068
45 86 4517506.482
45 87 6204641.541
45 88 1802128.83
45 89 3649719.16
45 90 4436465.432
45 91 3139058.592
45 92 4662541.594
45 93 3507190.415
45 94 2650300.131
45 95 6790913.376
45 96 3086616.065
45 97 8086549.943
45 98 6859348.919
45 99 6939683.82
46 47 2614565.319
46 48 2652044.952
46 49 5079829.791
46 50 2931959.302
46 51 6307560.356
46 52 4618521.44
46 53 5087637.076
46 54 3664768.829
46 55 1413577.03
46 56 4433084.844
46 57 4269679.474
46 58 4332143.136
46 59 8130152.724
46 60 3492498.839
46 61 4295470.291
46 62 5017748.033
46 63 8133414.389
46 64 4454539.627
46 65 5811187.703
46 66 4992175.536
46 67 2373599.377
46 68 1698236.571
46 69 3681698.173
46 70 4590045.426
46 71 3000564.228
46 72 5140452.516
46 73 5602139.936
46 74 3669904.707
46 75 2355911.662
46 76 5414197.398
46 77 5900196.711
46 78 5092926.824
46 79 3471204.113
46 80 5451134.599
46 81 1202078.544
46 82 3832771.1
46 83 6497915.248
46 84 3533852.898
46 85 4443704.788
46 86 2758944.762
46 87 861509.8209
46 88 6993323.749
46 89 3101644.112
46 90 5041453.513
46 91 6373812.579
46 92 2931361.837
46 93 3668277.665
46 94 4418092.893
46 95 7245045.874
46 96 3907563.599
46 97 3960577.895
46 98 6475707.783
46 99 6134078.454
47 48 5231655.347
47 49 2466277.402
47 50 2579355.284
47 51 7360438.602
47 52 3138708.677
47 53 7701552.549
47 54 2057433.779
47 55 4002747.877
47 56 3035501.472
47 57 3694670.215
47 58 1786264.528
47 59 6538747.615
47 60 1555592.68
47 61 2113644.418
47 62 7230553.889
47 63 7474089.121
47 64 4233554.411
47 65 3742161.185
47 66 2380584.815
47 67 2044996.479
47 68 1534919.611
47 69 1284805.907
47 70 2892503.303
47 71 1586777.566
47 72 5681172.914
47 73 3963241.992
47 74 2610135.964
47 75 4681242.778
47 76 5851448.656
47 77 3695557.593
47 78 4912751.108
47 79 5563525.345
47 80 5360666.458
47 81 1412512.698
47 82 4656483.789
47 83 7485329.912
47 84 2046680.278
47 85 5779047.736
47 86 5287629.463
47 87 1764922.991
47 88 7779793.017
47 89 5435138.81
47 90 4435738.61
47 91 6455085.66
47 92 5485116.662
47 93 3865184.002
47 94 4862648.21
47 95 5817078.556
47 96 6136272.815
47 97 1349637.143
47 98 4839679.716
47 99 4385431.863
48 49 7693073.724
48 50 5216580.024
48 51 6841092.143
48 52 7078083.423
48 53 2546942.229
48 54 5819260.74
48 55 1238504.079
48 56 6879451.244
48 57 6401871.867
48 58 6978293.306
48 59 10482181.06
48 60 6115119.068
48 61 6928037.097
48 62 4007518.831
48 63 9955998.798
48 64 6366008.184
48 65 8395071.673
48 66 7610432.938
48 67 4795127.424
48 68 4282482.983
48 69 6333742.874
48 70 7115267.483
48 71 5577923.908
48 72 6376234.466
48 73 8061839.684
48 74 6081747.632
48 75 1168252.01
48 76 6691835.699
48 77 8514385.168
48 78 6880502.887
48 79 3210742.91
48 80 7128731.535
48 81 3831245.886
48 82 5119987.667
48 83 7076774.903
48 84 6076581.989
48 85 5019915.172
48 86 1573261.373
48 87 3470026.791
48 88 7721459.663
48 89 2440096.539
48 90 7087971.508
48 91 7809470.719
48 92 1480361.629
48 93 5481328.805
48 94 5877701.569
48 95 9549382.149
48 96 3165591.33
48 97 6558490.884
48 98 8899656.711
48 99 8611999.521
49 50 4107734.987
49 51 8891327.537
49 52 3311258.475
49 53 10167384.73
49 54 2912937.13
49 55 6467645.695
49 56 3364419.409
49 57 4597484.822
49 58 954322.3418
49 59 5670102.547
49 60 2333233.821
49 61 1869632.873
49 62 9472285.097
49 63 7564508.451
49 64 5275009.195
49 65 2710313.352
49 66 111043.7202
49 67 3871820.553
49 68 3767880.049
49 69 1670366.329
49 70 2897401.877
49 71 2935698.546
49 72 7021711.949
49 73 3570841.771
49 74 3542782.552
49 75 7082175.606
49 76 7095323.553
49 77 2398836.65
49 78 5832015.604
49 79 7796457.752
49 80 6269577.5
49 81 3878213.106
49 82 6328047.75
49 83 8961950.643
49 84 2914240.415
49 85 7612646.37
49 86 7711809.211
49 87 4230842.011
49 88 9090417.409
49 89 7776952.544
49 90 5090958.299
49 91 7344372.64
49 92 7918431.111
49 93 5307483.572
49 94 6260608.099
49 95 5265698.236
49 96 8412985.978
49 97 1141594.426
49 98 4201635.561
49 99 3697786.591
50 51 4869956.381
50 52 1921927.073
50 53 7226914.824
50 54 4623935.416
50 55 4098223.435
50 56 1715917.459
50 57 1362425.406
50 58 3153430.588
50 59 5271470.259
50 60 1775824.982
50 61 2434775.425
50 62 5609668.944
50 63 5287857.417
50 64 1724186.779
50 65 3432366.019
50 66 3996778.41
50 67 643674.4715
50 68 1479527.487
50 69 2462318.492
50 70 2074112.243
50 71 1193380.649
50 72 3113380.497
50 73 2879585.246
50 74 924420.2123
50 75 5238744.728
50 76 3273349.99
50 77 3674834.501
50 78 2414016.773
50 79 3991171.101
50 80 2844635.808
50 81 2456205.627
50 82 2227623.195
50 83 4972190.223
50 84 1272370.203
50 85 3506568.491
50 86 4498289.106
50 87 2652381.961
50 88 5219536.374
50 89 4219962.671
50 90 2153256.022
50 91 3914984.737
50 92 4741132.889
50 93 1296674.49
50 94 2298478.894
50 95 4353345.128
50 96 4654277.566
50 97 3402157.215
50 98 3689506.191
50 99 3437064.674
51 52 5853945.261
51 53 7258638.522
51 54 9312581.012
51 55 6470009.225
51 56 5716643.286
51 57 4389114.926
51 58 7950076.864
51 59 7228135.989
51 60 6584360.005
51 61 7067082.446
51 62 3824996.957
51 63 4897012.115
51 64 3711819.13
51 65 7332356.7
51 66 8780990.206
51 67 5319966.077
51 68 5923147.806
51 69 7303346.48
51 70 6237856.257
51 71 6056568.114
51 72 1916374.399
51 73 6292221.254
51 74 5353460.589
51 75 7642654.529
51 76 1954692.446
51 77 7719519.211
51 78 3367294.642
51 79 3650386.369
51 80 3073082.618
51 81 6691407.242
51 82 2706442.789
51 83 246511.3561
51 84 5978302.236
51 85 1896859.008
51 86 5296604.1
51 87 6665636.864
51 88 954202.7578
51 89 4435048.35
51 90 4212134.983
51 91 2556310.561
51 92 5454038.472
51 93 3597644.583
51 94 2631345.219
51 95 6366942.46
51 96 3915432.456
51 97 8270667.116
51 98 6557482.159
51 99 6696549.886
52 53 9147723.606
52 54 5036676.809
52 55 5911293.957
52 56 206366.9725
52 57 1474839.263
52 58 2506322.092
52 59 3538814.418
52 60 1593749.184
52 61 1478045.49
52 62 7380458.085
52 63 4440177.792
52 64 2142525.64
52 65 1597534.211
52 66 3211127.495
52 67 2285528.179
52 68 2938576.841
52 69 2168606.744
52 70 416249.4693
52 71 1715505.846
52 72 3937821.757
52 73 986849.776
52 74 1005714.28
52 75 6974006.76
52 76 3944758.956
52 77 1924477.158
52 78 2586459.003
52 79 5825279.024
52 80 3002318.245
52 81 3793432.523
52 82 3626925.786
52 83 5882273.378
52 84 1155925.838
52 85 4962644.974
52 86 6420206.451
52 87 4098596.045
52 88 5907568.498
52 89 6119188.604
52 90 1794907.163
52 91 4050068.515
52 92 6662978.339
52 93 2531267.037
52 94 3286668.26
52 95 2720848.005
52 96 6493452.139
52 97 3165171.548
52 98 1858974.08
52 99 1533932.163
53 54 8363122.483
53 55 3716017.619
53 56 8942135.642
53 57 8206294.522
53 58 9403367.431
53 59 12340441.09
53 60 8414416.023
53 61 9234835.506
53 62 3539579.204
53 63 11288389.38
53 64 7994410.583
53 65 10591645.67
53 66 10079774.52
53 67 6937752.717
53 68 6584603.951
53 69 8725062.408
53 70 9257474.38
53 71 7825738.858
53 72 7460363.172
53 73 10102422.77
53 74 8143916.584
53 75 3533356.515
53 76 7773066.837
53 77 10762711.57
53 78 8364818.04
53 79 3896628.077
53 80 8500683.529
53 81 6289209.676
53 82 6429539.744
53 83 7504779.803
53 84 8269112.246
53 85 5793118.131
53 86 2735739.869
53 87 5939291.322
53 88 8211135.856
53 89 3250274.648
53 90 8774964.346
53 91 8917974.442
53 92 2490972.198
53 93 7122851.919
53 94 7204154.076
53 95 11377577.07
53 96 3408205.227
53 97 9044449.926
53 98 10877655.82
53 99 10660483.55
54 55 4747031.319
54 56 4969232.821
54 57 5744925.111
54 58 2905568.768
54 59 8192953.48
54 60 3459342.828
54 61 3733367.055
54 62 8670049.822
54 63 9454403.554
54 64 6290983.417
54 65 5222967.324
54 66 2900862.922
54 67 4054408.452
54 68 3389511.69
54 69 2897268.286
54 70 4721178.439
54 71 3629859.825
54 72 7702131.216
54 73 5727429.088
54 74 4642686.748
54 75 4915161.043
54 76 7886060.923
54 77 5037798.165
54 78 6969763.572
54 79 7073989.608
54 80 7418013.825
54 81 2735094.054
54 82 6609896.828
54 83 9453037.951
54 84 4038372.35
54 85 7630462.219
54 86 6385160.038
54 87 2910127.068
54 88 9786701.011
54 89 6764095.039
54 90 6471900.198
54 91 8512360.441
54 92 6531163.168
54 93 5895004.593
54 94 6883736.961
54 95 7586114.338
54 96 7557237.328
54 97 2086180.453
54 98 6547983.266
54 99 6055885.29
55 56 5716793.807
55 57 5352565.325
55 58 5741447.739
55 59 9367011.153
55 60 4887398.534
55 61 5697204.192
55 62 4315383.662
55 63 9058951.33
55 64 5400630.532
55 65 7183751.295
55 66 6383199.162
55 67 3626946.076
55 68 3062626.989
55 69 5095265.684
55 70 5924261.345
55 71 4364717.77
55 72 5685768.481
55 73 6897969.184
55 74 4927533.463
55 75 1246776.009
55 76 5989868.321
55 77 7291309.973
55 78 5971185.283
55 79 3068087.724
55 80 6267264.967
55 81 2596925.998
55 82 4374198.991
55 83 6689568.74
55 84 4876534.654
55 85 4578609.25
55 86 1773262.983
55 87 2238235.326
55 88 7277564.606
55 89 2438863.495
55 90 6078530.512
55 91 7057555.34
55 92 1857591.34
55 93 4537807.493
55 94 5082937.69
55 95 8451282.814
55 96 3280953.189
55 97 5337344.607
55 98 7751860.036
55 99 7442304.991
56 57 1328019.366
56 58 2525544.558
56 59 3709942.624
56 60 1511288.554
56 61 1505470.397
56 62 7182920.984
56 63 4488614.497
56 64 2006492.063
56 65 1789971.096
56 66 3261556.955
56 67 2089926.974
56 68 2760510.652
56 69 2131434.845
56 70 521212.9758
56 71 1565507.264
56 72 3802563.073
56 73 1182514.146
56 74 802031.8437
56 75 6787548.289
56 76 3822742.051
56 77 2103767.659
56 78 2488205.16
56 79 5622919.177
56 80 2915222.83
56 81 3631767.678
56 82 3446650.425
56 83 5751584.953
56 84 1014913.875
56 85 4784410.933
56 86 6214201.401
56 87 3930297.359
56 88 5797222.658
56 89 5913374.035
56 90 1726582.25
56 91 3980683.196
56 92 6457039.017
56 93 2349068.94
56 94 3131368.581
56 95 2871671.028
56 96 6291015.126
56 97 3146939.316
56 98 2042806.382
56 99 1733908.156
57 58 3696202.631
57 59 4136108.665
57 60 2431559.842
57 61 2732452.903
57 62 6078069.508
57 63 3930235.921
57 64 684750.7002
57 65 3029041.999
57 66 4490105.695
57 67 1994298.373
57 68 2828467.11
57 69 3154084.271
57 70 1849127.382
57 71 2115657.777
57 72 2476512.088
57 73 2123866.563
57 74 1131406.758
57 75 6534217.822
57 76 2511146.116
57 77 3385075.053
57 78 1265005.272
57 79 4618032.276
57 80 1717102.555
57 81 3803862.803
57 82 2219055.635
57 83 4427367.542
57 84 1789388.584
57 85 3534063.855
57 86 5479531.116
57 87 4013043.52
57 88 4499831.016
57 89 5032436.134
57 90 793108.3783
57 91 2820379.314
57 92 5724271.74
57 93 1168717.147
57 94 1813097.664
57 95 3178301.272
57 96 5279822.641
57 97 4186265.729
57 98 2736623.806
57 99 2644636.179
58 59 5308408.327
58 60 1379522.695
58 61 1028536.022
58 62 8553102.9
58 63 6889607.083
58 64 4365454.366
58 65 2321627.314
58 66 843402.7583
58 67 2930747.507
58 68 2895517.637
58 69 734087.169
58 70 2109219.136
58 71 1983863.646
58 72 6091572.199
58 73 2954799.698
58 74 2613721.466
58 75 6466687.151
58 76 6176214.99
58 77 2137143.841
58 78 4947272.45
58 79 6879921.657
58 80 5391595.499
58 81 3148870.147
58 82 5374657.951
58 83 8025454.685
58 84 1972396.043
58 85 6658429.48
58 86 6878250.797
58 87 3512895.131
58 88 8171976.57
58 89 6894128.124
58 90 4240972.279
58 91 6479936.967
58 92 7092860.398
58 93 4360286.559
58 94 5321426.272
58 95 4766855.875
58 96 7505513.218
58 97 819674.4775
58 98 3706727.985
58 99 3203435.289
59 60 5001374.718
59 61 4486551.607
59 62 9975952.488
59 63 3030785.097
59 64 4397806.361
59 65 2996505.168
59 66 5616493.105
59 67 5762221.638
59 68 6469795.621
59 69 5350461.675
59 70 3675018.527
59 71 5247874.037
59 72 5614264.743
59 73 2595480.728
59 74 4460562.928
59 75 10477853.11
59 76 5415984.927
59 77 3271398.1
59 78 4218508.996
59 79 8665559.169
59 80 4304479.002
59 81 7330437.394
59 82 6102693.661
59 83 7132894.489
59 84 4685960.14
59 85 7227503.774
59 86 9615613.165
59 87 7637367.549
59 88 6794243.982
59 89 9144074.853
59 90 3607082.016
59 91 4696039.459
59 92 9860321.672
59 93 5234367.155
59 94 5421111.063
59 95 969001.3689
59 96 9309014.074
59 97 6122335.249
59 98 1704561.375
59 99 2157284.33
60 61 820446.5686
60 62 7263578.737
60 63 5995331.859
60 64 3070392.603
60 65 2343977.373
60 66 2222206.821
60 67 1623349.144
60 68 1838504.4
60 69 730555.7084
60 70 1338252.466
60 71 643903.0435
60 72 4746054.844
60 73 2414036.019
60 74 1304299.575
60 75 5801520.701
60 76 4849882.778
60 77 2407845.725
60 78 3696504.762
60 79 5602655.954
60 80 4148626.53
60 81 2453801.109
60 82 3995137.134
60 83 6666691.113
60 84 642686.7996
60 85 5282297.514
60 86 5781202.503
60 87 2802791.756
60 88 6841428.528
60 89 5692241.127
60 90 3078855.555
60 91 5251349.674
60 92 6009502.215
60 93 2988635.895
60 94 3961958.712
60 95 4262374.619
60 96 6245585.253
60 97 1755531.62
60 98 3297794.505
60 99 2859806.814
61 62 8013499.628
61 63 5875262.862
61 64 3413339.375
61 65 1629357.064
61 66 1764157.148
61 67 2401488.283
61 68 2657247.356
61 69 865535.4894
61 70 1082058.783
61 71 1434150.584
61 72 5178091.184
61 73 1998761.122
61 74 1720298.775
61 75 6582225.1
61 76 5238175.216
61 77 1623854.178
61 78 3962383.531
61 79 6365231.878
61 80 4400410.168
61 81 3216029.689
61 82 4584982.531
61 83 7126287.254
61 84 1163679.294
61 85 5905701.158
61 86 6596906.724
61 87 3574077.04
61 88 7230861.307
61 89 6487449.721
61 90 3229479.777
61 91 5478679.208
61 92 6826353.96
61 93 3521142.155
61 94 4438069.164
61 95 3852928.663
61 96 7015938.119
61 97 1733970.436
61 98 2817977.448
61 99 2333244.935
62 63 8322713.64
62 64 5629473.12
62 65 8971072.408
62 66 9366351.075
62 67 5642357.978
62 68 5738366.562
62 69 7819043.79
62 70 7629963.252
62 71 6619995.628
62 72 4507772.845
62 73 8190715.563
62 74 6481580.213
62 75 5111067.75
62 76 4784686.534
62 77 9255642.951
62 78 5763372.123
62 79 1676739.18
62 80 5750095.602
62 81 5998144.752
62 82 3899691.926
62 83 4065972.025
62 84 6868763.013
62 85 2782943.984
62 86 2568242.141
62 87 5769058.8
62 88 4775406.183
62 89 1928787.156
62 90 6402892.134
62 91 5863894.785
62 92 2564300.15
62 93 4910914.602
62 94 4555210.097
62 95 9015981.519
62 96 1112995.28
62 97 8504455.493
62 98 8793278.062
62 99 8721591.618
63 64 3683036.766
63 65 4977593.366
63 66 7479569.764
63 67 5924183.861
63 68 6758689.167
63 69 6608646.923
63 70 4800923.961
63 71 5904480.952
63 72 3854238.128
63 73 3995359.145
63 74 4884646.417
63 75 10289561.8
63 76 3555469.734
63 77 5380546.472
63 78 3088252.162
63 79 7396618.925
63 80 2832409.407
63 81 7733682.998
63 82 4896117.262
63 83 4734393.387
63 84 5430742.53
63 85 5583910.339
63 86 8734300.913
63 87 7940154.834
63 88 4220918.984
63 89 8054460.859
63 90 3137129.79
63 91 2462011.931
63 92 8963027.346
63 93 4522587.149
63 94 4116709.736
63 95 2627293.007
63 96 7946727.096
63 97 7597290.281
63 98 3521562.377
63 99 3972109.537
64 65 3658872.843
64 66 5167065.903
64 67 2362655.68
64 68 3189867.678
64 69 3799110.451
64 70 2527479.791
64 71 2688227.341
64 72 1796416.069
64 73 2686306.71
64 74 1767554.068
64 75 6620022.906
64 76 1826758.819
64 77 4030036.452
64 78 690050.0228
64 79 4267770.654
64 80 1128920.229
64 81 4160557.498
64 82 1729796.874
64 83 3745238.052
64 84 2428974.932
64 85 2980142.295
64 86 5303090.593
64 87 4323518.658
64 88 3817530.917
64 89 4765741.712
64 90 790939.1101
64 91 2222366.02
64 92 5544565.833
64 93 888796.4344
64 94 1184982.348
64 95 3428950.013
64 96 4913238.142
64 97 4824527.771
64 98 3177396.183
64 99 3168934.765
65 66 2646250.371
65 67 3654032.054
65 68 4122343.801
65 69 2474537.263
65 70 1358445.856
65 71 2819057.699
65 72 5424099.72
65 73 1101525.212
65 74 2515127.984
65 75 8139322.497
65 76 5387148.306
65 77 421428.2041
65 78 3979434.388
65 79 7398200.461
65 80 4339495.045
65 81 4797603.534
65 82 5218681.693
65 83 7336955.698
65 84 2327935.258
65 85 6550666.03
65 86 7889097.857
65 87 5146377.142
65 88 7282437.1
65 89 7652042.26
65 90 3134500.077
65 91 5278488.767
65 92 8128023.511
65 93 4125888.127
65 94 4834083.4
65 95 2560297.83
65 96 8065431.538
65 97 3140262.821
65 98 1504194.477
65 99 1013284.082
66 67 3762820.5
66 68 3666178.572
66 69 1561090.234
66 70 2798037.575
66 71 2825275.898
66 72 6912207.97
66 73 3487941.72
66 74 3433078.048
66 75 7010368.576
66 76 6986741.727
66 77 2345602.725
66 78 5726290.634
66 79 7690754.662
66 80 6164531.712
66 81 3791225.377
66 82 6217004.808
66 83 8851985.21
66 84 2803648.155
66 85 7501794.472
66 86 7615755.239
66 87 4145503.971
66 88 8981985.517
66 89 7675239.612
66 90 4988130.572
66 91 7240738.918
66 92 7823330.679
66 93 5196689.16
66 94 6150375.148
66 95 5197140.272
66 96 8308420.536
66 97 1069704.801
66 98 4131841.512
66 99 3626935.204
67 68 836652.1434
67 69 2201865.497
67 70 2331768.526
67 71 979566.7392
67 72 3648065.373
67 73 3271664.854
67 74 1304174.013
67 75 4715676.736
67 76 3834141.173
67 77 3835162.831
67 78 3051383.91
67 79 3979401.725
67 80 3476601.37
67 81 1813572.589
67 82 2622092.325
67 83 5441429.236
67 84 1335117.736
67 85 3807774.309
67 86 4244809.812
67 87 2020913.638
67 88 5739265.968
67 89 4087730.143
67 90 2787282.945
67 91 4535058.098
67 92 4481235.064
67 93 1843234.597
67 94 2829459.674
67 95 4871527.661
67 96 4622751.703
67 97 3033363.189
67 98 4126668.357
67 99 3818568.018
68 69 2178099.683
68 70 2892771.969
68 71 1304912.973
68 72 4361977.028
68 73 3916369.614
68 74 2032561.57
68 75 4049827.957
68 76 4573274.756
68 77 4231903.428
68 78 3876101.925
68 79 4063387.569
68 80 4294065.089
68 81 976920.4489
68 82 3222322.064
68 83 6065454.669
68 84 1836146.65
68 85 4270479.251
68 86 3992153.631
68 87 1201813.492
68 88 6419173.386
68 89 4009101.67
68 90 3621563.456
68 91 5336139.1
68 92 4212333.141
68 93 2602048.474
68 94 3551789.262
68 95 5609927.909
68 96 4660000.264
68 97 2766097.906
68 98 4797413.271
68 99 4442003.674
69 70 1829088.029
69 71 1274483.929
69 72 5473996.485
69 73 2834488.969
69 74 2031768.544
69 75 5889323.574
69 76 5580187.631
69 77 2411152.187
69 78 4418761.256
69 79 6145848.656
69 80 4869935.084
69 81 2528592.244
69 82 4689881.37
69 83 7389580.622
69 84 1370136.007
69 85 5956227.234
69 86 6168888.059
69 87 2894263.816
69 88 7571133.975
69 89 6165932.095
69 90 3776076.495
69 91 5970913.412
69 92 6386889.842
69 93 3705741.341
69 94 4686006.782
69 95 4697567.498
69 96 6772030.942
69 97 1035310.716
69 98 3674512.12
69 99 3195139.51
70 71 1606637.042
70 72 4323682.051
70 73 1080337.745
70 74 1157685.69
70 75 6942479.297
70 76 4341492.155
70 77 1627056.985
70 78 2995496.517
70 79 6044563.523
70 80 3415179.675
70 81 3682630.678
70 82 3942852.099
70 83 6272362.199
70 84 1056776.49
70 85 5282144.813
70 86 6544563.388
70 87 4007059.221
70 88 6311898.407
70 89 6294020.635
70 90 2210520.203
70 91 4466071.594
70 92 6784882.486
70 93 2844737.749
70 94 3649588.282
70 95 2924576.618
70 96 6711136.238
70 97 2796610.237
70 98 1970767.842
70 99 1562994.228
71 72 4263844.984
71 73 2661985.374
71 74 1025060.613
71 75 5345336.443
71 76 4396365.618
71 77 2945068.253
71 78 3353937.907
71 79 4958765.673
71 80 3805593.654
71 81 2083779.44
71 82 3419644.892
71 83 6152569.972
71 84 561918.1872
71 85 4681877.63
71 86 5168501.125
71 87 2401627.041
71 88 6370760.214
71 89 5055855.085
71 90 2848991.933
71 91 4907351.217
71 92 5399884.931
71 93 2464788.326
71 94 3459828.929
71 95 4434333.832
71 96 5602166.135
71 97 2214776.69
71 98 3553206.995
71 99 3168089.163
72 73 4399950.322
72 74 3479477.912
72 75 6928528.454
72 76 318557.4775
72 77 5807287.712
72 78 1498227.758
72 79 3564028.985
72 80 1310306.006
72 81 5241778.363
72 82 1322482.348
72 83 1951848.298
72 84 4122181.59
72 85 1736221.165
72 86 5007180.898
72 87 5295970.036
72 88 2107814.247
72 89 4261105.422
72 90 2326575.404
72 91 1464518.438
72 92 5221180.055
72 93 1817742.341
72 94 818859.3676
72 95 4691324.396
72 96 4094641.625
72 97 6470672.016
72 98 4734927.758
72 99 4829158.655
73 74 1981469.371
73 75 7958002.542
73 76 4338894.099
73 77 1521193.215
73 78 2925701.531
73 79 6686926.413
73 80 3263336.461
73 81 4745547.739
73 82 4342306.638
73 83 6284346.409
73 84 2101181.966
73 85 5647638.03
73 86 7369528.412
73 87 5061206.86
73 88 6201674.192
73 89 7029269.318
73 90 2080087.247
73 91 4179857.499
73 92 7613400.677
73 93 3282214.907
73 94 3871165.619
73 95 1864644.365
73 96 7353986.195
73 97 3722347.416
73 98 892786.82
73 99 558067.8602
74 75 6017978.128
74 76 3563734.652
74 77 2775851.241
74 78 2394745.54
74 79 4887829.806
74 80 2847506.826
74 81 2956474.871
74 82 2882234.419
74 83 5419776.379
74 84 661865.8405
74 85 4214773.839
74 86 5418874.234
74 87 3227530.287
74 88 5559131.691
74 89 5141361.52
74 90 1829267.902
74 91 3951356.592
74 92 5661113.91
74 93 1804280.002
74 94 2722313.088
74 95 3581597.633
74 96 5554041.356
74 97 3059756.809
74 98 2824326.774
74 99 2535158.643
75 76 7233941.375
75 77 8202546.211
75 78 7204032.203
75 79 4115196.029
75 80 7507937.299
75 81 3370227.797
75 82 5619526.536
75 83 7868350.096
75 84 5885729.145
75 85 5765150.501
75 86 2575894.674
75 87 3008876.822
75 88 8475439.789
75 89 3395043.538
75 90 7277730.78
75 91 8304300.243
75 92 2547610.562
75 93 5767007.39
75 94 6329608.61
75 95 9581964.816
75 96 4190001.875
75 97 5941306.913
75 98 8830353.649
75 99 8489611.261
76 77 5779651.501
76 78 1413229.214
76 79 3877498.536
76 80 1140284.949
76 81 5472025.666
76 82 1618219.049
76 83 1949898.829
76 84 4216997.504
76 85 2028474.155
76 86 5325737.51
76 87 5540434.795
76 88 1995814.564
76 89 4578347.108
76 90 2259154.256
76 91 1147599.356
76 92 5539671.64
76 93 1991268.315
76 94 1025750.148
76 95 4509202.613
76 96 4400573.203
76 97 6589531.978
76 98 4617177.074
76 99 4742957.224
77 78 4376406.33
77 79 7661495.548
77 80 4744468.459
77 81 4839111.416
77 82 5549849.863
77 83 7729359.085
77 84 2500127.35
77 85 6886642.891
77 86 8079968.369
77 87 5195920.93
77 88 7687581.554
77 89 7881927.113
77 90 3533977.53
77 91 5694155.855
77 92 8316104.664
77 93 4452696.889
77 94 5196768.131
77 95 2918112.938
77 96 8326597.746
77 97 2953121.301
77 98 1881291.151
77 99 1408582.127
78 79 4541890.259
78 80 453104.3728
78 81 4844284.076
78 82 1949147.866
78 83 3360011.546
78 84 3054173.564
78 85 3009625.6
78 86 5724319.1
78 87 4998744.896
78 88 3326258.396
78 89 5115379.954
78 90 846540.0114
78 91 1557404.487
78 92 5960580.043
78 93 1439400.296
78 94 1212546.788
78 95 3267619.953
78 96 5157968.163
78 97 5451259.666
78 98 3238106.917
78 99 3335995.071
79 80 4634111.88
79 81 4367208.226
79 82 2593287.436
79 83 3890756.478
79 84 5232806.414
79 85 1936269.457
79 86 1649037.127
79 87 4163865.028
79 88 4558396.415
79 89 784706.7618
79 90 5058498.495
79 91 5023668.028
79 92 1804587.81
79 93 3458639.492
79 94 3347714.15
79 95 7696720.604
79 96 668238.7116
79 97 6829188.169
79 98 7354634.015
79 99 7232167.873
80 81 5256246.209
80 82 2076213.868
80 83 3040278.666
80 84 3506484.489
80 85 2968942.528
80 86 5908310.834
80 87 5397502.764
80 88 2943186.643
80 89 5253364.902
80 90 1219839.193
80 91 1104300.769
80 92 6139439.551
80 93 1783003.297
80 94 1297396.519
80 95 3381999.393
80 96 5223977.647
80 97 5902978.054
80 98 3484749.94
80 99 3634551.616
81 82 4031336.663
81 83 6851774.148
81 84 2645399.755
81 85 4937004.995
81 86 3908952.078
81 87 365852.2121
81 88 7254714.934
81 89 4135479.122
81 90 4596799.604
81 91 6283296.099
81 92 4097169.084
81 93 3532881.973
81 94 4446284.615
81 95 6502268.441
81 96 4887960.157
81 97 2759077.742
81 98 5636983.564
81 99 5245550.996
82 83 2843269.483
82 84 3436666.25
82 85 1339407.746
82 86 3838367.564
82 87 4047280.002
82 88 3224333.583
82 89 3179900.892
82 90 2507433.652
82 91 2696022.048
82 92 4067005.139
82 93 1098266.207
82 94 780088.0287
82 95 5136654.801
82 96 3216782.191
82 97 5616590.38
82 98 4899232.089
82 99 4855244.368
83 84 6053134.5
83 85 2111598.521
83 86 5535613.46
83 87 6835880.825
83 88 710051.0521
83 89 4675460.799
83 90 4206549.649
83 91 2442466.257
83 92 5694963.43
83 93 3688305.035
83 94 2704997.745
83 95 6287391.378
83 96 4161398.047
83 97 8367290.745
83 98 6516803.115
83 99 6673790.233
84 85 4748940.423
84 86 5579903.353
84 87 2960393.221
84 88 6210910.474
84 89 5400155.168
84 90 2452636.385
84 91 4609596.221
84 92 5816320.833
84 93 2394828.458
84 94 3349049.025
84 95 3876507.951
84 96 5889825.836
84 97 2398210.262
84 98 2991790.631
84 99 2612559.797
85 86 3522138.762
85 87 4869054.39
85 88 2712943.17
85 89 2696750.852
85 90 3712820.519
85 91 3150942.592
85 92 3707517.849
85 93 2437415.021
85 94 1826859.389
85 95 6276815.517
85 96 2392560.006
85 97 6839935.387
85 98 6150936.613
85 99 6145613.861
86 87 3604317.097
86 88 6195168.319
86 89 869375.352
86 90 6073363.981
86 91 6466886.647
86 92 245062.5139
86 93 4420817.291
86 94 4617600.059
86 95 8655772.112
86 96 1615701.081
86 97 6632548.272
86 98 8141935.744
86 99 7927573.904
87 88 7268609.783
87 89 3881080.552
87 90 4805187.396
87 91 6398862.148
87 92 3784284.672
87 93 3643557.637
87 94 4517062.902
87 95 6794609.488
87 96 4656232.621
87 97 3105187.073
87 98 5950372.552
87 99 5569462.695
88 89 5341892.774
88 90 4157243.276
88 91 2126379.64
88 92 6362299.474
88 93 3922944.869
88 94 2921235.96
88 95 5998809.172
88 96 4856105.866
88 97 8574434.473
88 98 6337897.501
88 99 6545163.905
89 90 5552623.26
89 91 5725612.941
89 92 1020409.382
89 93 3909879.647
89 94 3956112.13
89 95 8176572.65
89 96 845903.0141
89 97 6750081.997
89 98 7750842.573
89 99 7583587.279
90 91 2256188.501
90 92 6316002.956
90 93 1653272.333
90 94 1887286.012
90 95 2638343.08
90 96 5702828.237
90 97 4810242.301
90 98 2446275.854
90 99 2504008.831
91 92 6682990.065
91 93 2755507.943
91 94 1979069.633
91 95 3876305.588
91 96 5536888.016
91 97 7004790.05
91 98 4232856.43
91 99 4473645.089
92 93 4663166.322
92 94 4846816.977
92 95 8900267.399
92 96 1686166.297
92 97 6832340.756
92 98 8386784.296
92 99 8171458.973
93 94 1001804.755
93 95 4266695.802
93 96 4117249.317
93 97 4679222.234
93 98 3900893.758
93 99 3810678.505
94 95 4463268.777
94 96 3952698.21
94 97 5671836.637
94 98 4330243.565
94 99 4348374.11
95 96 8340767.045
95 97 5557808.563
95 98 1066797.549
95 99 1573426.757
96 97 7423913.295
96 98 8016277.615
96 99 7898478.524
97 98 4503981.398
97 99 4004067.761
98 99 506692.6568
