4950
0 1 3347649.781
0 2 576343.7422
0 3 1428423.083
0 4 3268880.396
0 5 3164140.132
0 6 3464972.843
0 7 5453519.229
0 8 1917135.733
0 9 4634227.493
0 10 5837318.636
0 11 5653773.511
0 12 5301708.355
0 13 3815576.018
0 14 4920149.825
0 15 4420938.127
0 16 3827690.134
0 17 5058370.577
0 18 1373377.404
0 19 5760864.891
0 20 2288767.685
0 21 2714519.453
0 22 2874251.01
0 23 1408083.486
0 24 2388998.349
0 25 5190600.275
0 26 4769500.032
0 27 3198813.56
0 28 6402838.096
0 29 6352342.775
0 30 2365764.879
0 31 2993365.038
0 32 6029666.715
0 33 4300373.118
0 34 4610411.386
0 35 6903313.452
0 36 5192461.061
0 37 3335919.606
0 38 3650648.297
0 39 3894825.614
0 40 1805106.683
0 41 3129641.56
0 42 5927447.014
0 43 3598743.266
0 44 6635250.103
0 45 6363284.411
0 46 4691260.998
0 47 5102456.493
0 48 5117170.629
0 49 4331073.856
0 50 1022486.197
0 51 4309076.996
0 52 1572075.383
0 53 6847670.241
0 54 3238890.401
0 55 6196471.006
0 56 6131968.965
0 57 2459766.156
0 58 3875020.559
0 59 4532148.564
0 60 6344025.243
0 61 3950846.744
0 62 4813784.301
0 63 6542972.745
0 64 2125614.546
0 65 2099307.063
0 66 5752790.959
0 67 7113042.553
0 68 2595130.258
0 69 6635334.424
0 70 5208868.685
0 71 5903006.209
0 72 4672196.432
0 73 1910015.425
0 74 7199926.311
0 75 3381780.868
0 76 6732392.939
0 77 4172212.517
0 78 6408900.107
0 79 4541406.281
0 80 5605767.54
0 81 3444245.102
0 82 4386597.059
0 83 3887303.04
0 84 5345993.201
0 85 4941074.804
0 86 2169392.88
0 87 5690898.932
0 88 4180634.879
0 89 2243120.307
0 90 2840096.479
0 91 2172140.211
0 92 5827910.212
0 93 5262679.232
0 94 4115136.065
0 95 3094253.84
0 96 7891582.229
0 97 4686134.062
0 98 4181589.973
0 99 4897856.285
1 2 3265341.686
1 3 4410706.29
1 4 5029121.545
1 5 1320900.554
1 6 4839347.069
1 7 4870114.265
1 8 1962772.625
1 9 4092362.984
1 10 9001200.193
1 11 7607403.324
1 12 5640876.534
1 13 6226339.551
1 14 1608850.159
1 15 7513345.677
1 16 7090780.099
1 17 2175200.641
1 18 3824667.381
1 19 8030395.816
1 20 2080606.242
1 21 2846986.056
1 22 5617012.383
1 23 3451310.603
1 24 5718156.632
1 25 3772528.938
1 26 4411753.649
1 27 4349879.3
1 28 6825755.708
1 29 7850362.561
1 30 2462377.07
1 31 2402408.471
1 32 4595614.249
1 33 7393863.092
1 34 2433813.958
1 35 6712655.494
1 36 7671786.398
1 37 1309708.164
1 38 6972365.982
1 39 2111052.669
1 40 3330396.117
1 41 1337051.152
1 42 8138845.276
1 43 6686058.738
1 44 8932100.558
1 45 5213508.659
1 46 8021536.966
1 47 5965989.754
1 48 5298917.423
1 49 5378267.513
1 50 4221081.919
1 51 3666908.48
1 52 4420252.707
1 53 9132061.515
1 54 6573974.389
1 55 6158443.735
1 56 9223935.412
1 57 5057085.207
1 58 3352707.198
1 59 7543304.091
1 60 5108008.087
1 61 7215549.029
1 62 7950235.478
1 63 6930639.102
1 64 4322138.246
1 65 5379184.898
1 66 4540211.512
1 67 7224389.296
1 68 1011273.466
1 69 9174016.441
1 70 2016325.073
1 71 4931633.786
1 72 1350076.955
1 73 5020680.01
1 74 6578747.276
1 75 3331481.901
1 76 9197047.428
1 77 6481924.408
1 78 5251813.708
1 79 1460423.141
1 80 6953007.86
1 81 4662494.443
1 82 6505792.307
1 83 6268503.586
1 84 5782304.807
1 85 1724166.603
1 86 3151208.726
1 87 8427994.956
1 88 6184356.3
1 89 3225100.095
1 90 5885047.284
1 91 4510882.406
1 92 5391804.715
1 93 8354847.475
1 94 6616801.329
1 95 2941100.513
1 96 10704718.05
1 97 1339902.348
1 98 3452055.139
1 99 5733014.478
2 3 1181280.888
2 4 3843912.98
2 5 3313745.651
2 6 4029363.16
2 7 5898876.62
2 8 2162645.865
2 9 5064460.681
2 10 6201242.815
2 11 6222598.908
2 12 5827904.164
2 13 3422318.691
2 14 4774306.016
2 15 4831586.646
2 16 3825648.846
2 17 4778755.965
2 18 1948956.008
2 19 6310751.87
2 20 2582601.259
2 21 2191026.879
2 22 3402533.799
2 23 835960.6288
2 24 2663020.878
2 25 5528707.676
2 26 5223469.397
2 27 3745942.558
2 28 6945124.489
2 29 6928660.714
2 30 2731475.529
2 31 2528159.193
2 32 6385089.499
2 33 4171102.944
2 34 4231686.845
2 35 7405667.809
2 36 5726017.884
2 37 3477547.615
2 38 3912034.323
2 39 3503759.533
2 40 2324747.246
2 41 2823777.561
2 42 6480891.036
2 43 4024539.036
2 44 7178204.062
2 45 6760668.884
2 46 4780904.777
2 47 5658965.896
2 48 5628623.481
2 49 4889631.913
2 50 1504557.11
2 51 4716956.749
2 52 1251744.952
2 53 7390727.373
2 54 3480270.445
2 55 6704217.787
2 56 6525019.029
2 57 3015147.475
2 58 4279423.321
2 59 4970077.176
2 60 6730509.996
2 61 4272171.412
2 62 4713307.52
2 63 7084117.581
2 64 1622314.389
2 65 2451866.724
2 66 6131284.212
2 67 7640175.583
2 68 2396238.73
2 69 7151508.444
2 70 5004296.67
2 71 6313693.89
2 72 4613821.886
2 73 1768158.002
2 74 7666149.979
2 75 2837505.193
2 76 7257391.498
2 77 3762204.733
2 78 6806123.773
2 79 4570421.985
2 80 6180589.428
2 81 2878025.642
2 82 4954036.824
2 83 3488272.899
2 84 5879575.348
2 85 4936084.804
2 86 2650199.19
2 87 6182561.212
2 88 4753365.584
2 89 2730489.278
2 90 2668292.309
2 91 1703080.274
2 92 6294955.364
2 93 5663481.778
2 94 3751691.286
2 95 2572255.306
2 96 8353580.188
2 97 4598598.59
2 98 4573831.981
2 99 5451089.788
3 4 4336209.556
3 5 4489185.244
3 6 4638925.048
3 7 6855856.853
3 8 3301747.836
3 9 6047449.982
3 10 5599100.279
3 11 6423211.683
3 12 6594470.784
3 13 2420741.31
3 14 5868893.543
3 15 4385829.798
3 16 2721420.355
3 17 5741581.097
3 18 2538578.727
3 19 6352234.189
3 20 3698621.114
3 21 2736099.965
3 22 3437663.371
3 23 1159720.038
3 24 2053995.643
3 25 6617467.697
3 26 6167562.284
3 27 4458033.658
3 28 7641135.016
3 29 7281319.723
3 30 3793516.863
3 31 3234335.762
3 32 7458053.645
3 33 2994140.274
3 34 5052602.103
3 35 8236351.472
3 36 5687027.748
3 37 4654618.118
3 38 3171745.897
3 39 4323797.497
3 40 3162327.697
3 41 3800281.946
3 42 6542944.556
3 43 3658863.314
3 44 7161520.981
3 45 7786650.375
3 46 3751143.807
3 47 6293543.204
3 48 6442658.03
3 49 5522081.126
3 50 1684852.435
3 51 5731622.511
3 52 225203.0186
3 53 7371374.555
3 54 2727411.388
3 55 7522844.41
3 56 5986511.156
3 57 3225177.588
3 58 5299152.051
3 59 4596045.508
3 60 7769875.538
3 61 3635705.308
3 62 3542692.185
3 63 7784278.745
3 64 1104997.914
3 65 2052564.515
3 66 7180110.251
3 67 8392764.829
3 68 3489461.76
3 69 7000102.785
3 70 6047395.817
3 71 7322574.114
3 72 5760608.941
3 73 620079.8331
3 74 8580528.153
3 75 3217326.178
3 76 7144862.26
3 77 2789314.8
3 78 7832277.986
3 79 5745137.484
3 80 6627544.509
3 81 2607411.126
3 82 5168468.786
3 83 2496854.812
3 84 6619170.971
3 85 6101593.854
3 86 3563690.164
3 87 5950628.077
3 88 5040788.734
3 89 3630475.179
3 90 1488012.874
3 91 1018046.991
3 92 7211196.661
3 93 5164732.364
3 94 2698198.377
3 95 3085925.435
3 96 7981774.405
3 97 5731199.196
3 98 5607845.506
3 99 6106733.11
4 5 3950363.933
4 6 531971.0374
4 7 3462188.787
4 8 3114636.16
4 9 2982946.497
4 10 4907630.925
4 11 2602417.653
4 12 2542065.685
4 13 6669646.983
4 14 6521720.874
4 15 3487871.391
4 16 5397017.226
4 17 7187394.943
4 18 1895667.017
4 19 3011075.219
4 20 2951596.331
4 21 5828581.579
4 22 1632855.471
4 23 4676767.074
4 24 3390605.891
4 25 4115143.099
4 26 2860561.898
4 27 885382.3895
4 28 3396610.164
4 29 3106587.121
4 30 2584854.028
4 31 5939686.081
4 32 4650692.698
4 33 6262631.645
4 34 7153558.154
4 35 4229071.133
4 36 2749220.847
4 37 4081889.814
4 38 4039300.144
4 39 6542614.575
4 40 1805827.525
4 41 5608862.502
4 42 3111310.058
4 43 2894589.661
4 44 3908017.229
4 45 4613687.032
4 46 5656957.961
4 47 2013806.685
4 48 2545498.038
4 49 1283572.03
4 50 2653551.568
4 51 2964289.235
4 52 4549923.998
4 53 4105557.178
4 54 3915784.944
4 55 3528654.121
4 56 4922893.047
4 57 1327750.754
4 58 2746234.71
4 59 3322603.16
4 60 4681065.443
4 61 3854198.827
4 62 6587070.474
4 63 3541544.718
4 64 5308876.325
4 65 2957825.125
4 66 4251642.487
4 67 4212463.878
4 68 4878806.692
4 69 4219241.336
4 70 7016926.827
4 71 4121118.867
4 72 5937746.743
4 73 4472757.034
4 74 4807417.826
4 75 6531600.679
4 76 4209800.898
4 77 7050016.572
4 78 4653967.519
4 79 5433515.877
4 80 2336926.316
4 81 6705035.695
4 82 1488486.41
4 83 6752131.714
4 84 2499990.903
4 85 5907737.966
4 86 1879456.887
4 87 3661698.19
4 88 1156274.94
4 89 1804033.625
4 90 5218566.923
4 91 5300647.562
4 92 3578609.45
4 93 4166831.228
4 94 6864911.341
4 95 6188664.049
4 96 5891273.917
4 97 6077251.05
4 98 3015714.148
4 99 1864199.791
5 6 3682976.472
5 7 3578118.913
5 8 1288775.146
5 9 2781221.255
5 10 8321907.78
5 11 6462842.44
5 12 4323868.755
5 13 6637047.492
5 14 2593298.899
5 15 6813168.75
5 16 6983744.646
5 17 3435308.506
5 18 3139729.866
5 19 6957348.716
5 20 1109844.977
5 21 3716446.181
5 22 4816350.115
5 23 3789478.537
5 24 5335420.934
5 25 2605971.332
5 26 3095121.773
5 27 3184630.181
5 28 5506013.633
5 29 6613255.877
5 30 1394486.601
5 31 3413759.348
5 32 3470074.146
5 33 7452140.543
5 34 3751774.084
5 35 5409239.62
5 36 6674616.763
5 37 174959.1108
5 38 6534548.097
5 39 3375384.188
5 40 2453622.367
5 41 2494810.176
5 42 7046836.083
5 43 6010789.944
5 44 7847854.131
5 45 4029288.254
5 46 7785986.674
5 47 4681448.793
5 48 3979377.74
5 49 4133135.962
5 50 3795923.803
5 51 2354056.098
5 52 4563840.309
5 53 8040670.82
5 54 6181009.492
5 55 4842321.068
5 56 8483639.412
5 57 4242466.244
5 58 2031808.839
5 59 6789076.26
5 60 3942535.151
5 61 6679946.357
5 62 7974603.547
5 63 5610172.763
5 64 4720047.607
5 65 4932089.231
5 66 3350088.9
5 67 5907556.092
5 68 1875902.485
5 69 8162490.28
5 70 3125023.795
5 71 3700186.223
5 72 1988198.53
5 73 5044636.07
5 74 5321240.62
5 75 4320466.126
5 76 8159756.475
5 77 6941446.289
5 78 4070441.304
5 79 1551089.016
5 80 5709254.169
5 81 5411628.104
5 82 5438434.659
5 83 6692761.062
5 84 4468169.913
5 85 2018137.473
5 86 2143478.914
5 87 7509924.666
5 88 5099745.873
5 89 2195990.99
5 90 5966162.627
5 91 4871203.744
5 92 4094043.196
5 93 7632491.499
5 94 6998320.492
5 95 3910983.628
5 96 9780149.692
5 97 2129165.238
5 98 2140270.814
5 99 4450311.118
6 7 2930285.505
6 8 2997982.91
6 9 2464588.926
6 10 5420716.382
6 11 2780668.587
6 12 2067002.807
6 13 7014618.52
6 14 6274606.243
6 15 4014131.569
6 16 5871495.031
6 17 7012776.443
6 18 2120042.004
6 19 3306391.221
6 20 2765104.765
6 21 5903119.635
6 22 2157274.373
6 23 4864977.44
6 24 3857807.364
6 25 3615616.216
6 26 2331470.538
6 27 498612.0626
6 28 3011041.326
6 29 3081775.201
6 30 2377458.178
6 31 5960780.452
6 32 4127327.811
6 33 6716210.089
6 34 7058500.989
6 35 3759543.841
6 36 3139976.51
6 37 3800055.301
6 38 4557623.777
6 39 6480556.78
6 40 1812168.926
6 41 5534520.06
6 42 3379184.777
6 43 3426408.485
6 44 4181431.987
6 45 4081798.464
6 46 6168532.61
6 47 1655036.97
6 48 2037733.842
6 49 883273.6818
6 50 2978937.351
6 51 2471223.859
6 52 4844853.973
6 53 4369068.091
6 54 4419459.216
6 55 3050597.519
6 56 5419370.81
6 57 1807692.423
6 58 2288422.421
6 59 3840480.97
6 60 4149853.664
6 61 4383729.674
6 62 7059141.901
6 63 3155302.18
6 64 5559284.064
6 65 3413453.629
6 66 3726170.877
6 67 3796437.628
6 68 4794921.299
6 69 4568436.022
6 70 6791812.463
6 71 3589486.596
6 72 5655521.46
6 73 4830047.019
6 74 4303597.67
6 75 6611243.914
6 76 4533906.388
6 77 7393081.103
6 78 4122039.269
6 79 5114035.579
6 80 2232613.015
6 81 6907158.124
6 82 1826843.734
6 83 7095667.085
6 84 2046001.221
6 85 5585213.88
6 86 1751807.44
6 87 4095935.761
6 88 1472417.271
6 89 1664147.721
6 90 5615272.066
6 91 5569797.937
6 92 3054727.371
6 93 4679065.07
6 94 7229963.356
6 95 6250902.843
6 96 6288685.155
6 97 5809443.057
6 98 2539143.634
6 99 1470240.068
7 8 3938008.009
7 9 854001.8093
7 10 8281124.999
7 11 4785959.687
7 12 1501222.28
7 13 9267063.181
7 14 5716268.6
7 15 6924346.326
7 16 8621207.664
7 17 6808013.8
7 18 4448102.993
7 19 5575511.759
7 20 3491459.279
7 21 7099153.111
7 22 5077191.552
7 23 6645063.167
7 24 6622283.844
7 25 1443652.77
7 26 691880.55
7 27 2736834.017
7 28 2319708.776
7 29 4299275.792
7 30 3218740.303
7 31 6903804.401
7 32 1399151.458
7 33 9381869.274
7 34 7296403.5
7 35 1852248.739
7 36 5698809.399
7 37 3562329.713
7 38 7453639.549
7 39 6953317.006
7 40 3706398.465
7 41 6064138.023
7 42 5554778.012
7 43 6356676.998
7 44 6281636.574
7 45 1158249.38
7 46 9037649.291
7 47 2344924.448
7 48 1188019.739
7 49 2465333.032
7 50 5416507.875
7 51 1262862.525
7 52 7019605.705
7 53 6415573.941
7 54 7275632.072
7 55 1408014.677
7 56 8222268.043
7 57 4665678.922
7 58 1678453.569
7 59 6726229.368
7 60 1246631.878
7 61 7309402.806
7 62 9786501.689
7 63 2371062.669
7 64 7518393.457
7 65 6160472.432
7 66 1002194.623
7 67 2440150.225
7 68 5399262.638
7 69 6897814.106
7 70 6307854.34
7 71 683405.7303
7 72 4960743.614
7 73 7220126.222
7 74 1799008.498
7 75 7763935.408
7 76 6779185.042
7 77 9625637.228
7 78 1196559.105
7 79 4262369.734
7 80 3504034.231
7 81 8581760.243
7 82 4419538.041
7 83 9339764.16
7 84 1686725.026
7 85 4624808.589
7 86 3292167.197
7 87 6726630.043
7 88 4096939.106
7 89 3226556.183
7 90 8106379.981
7 91 7599850.473
7 92 528208.0683
7 93 7541432.676
7 94 9553876.894
7 95 7355980.744
7 96 8714381.365
7 97 5184976.173
7 98 1461964.242
7 99 2226981.427
8 9 3084050.76
8 10 7120786.788
8 11 5714631.806
8 12 4234607.549
8 13 5574371.565
8 14 3540806.562
8 15 5618234.204
8 16 5711420.191
8 17 4084112.236
8 18 1913476.315
8 19 6091529.192
8 20 450897.4664
8 21 3200503.155
8 22 3673601.097
8 23 2786621.713
8 24 4048418.719
8 25 3385653.911
8 26 3310155.65
8 27 2537500.486
8 28 5427796.635
8 29 6072793.11
8 30 759472.1417
8 31 3104203.759
8 32 4252535.513
8 33 6217345.25
8 34 4060662.737
8 35 5622987.434
8 36 5712577.888
8 37 1463734.126
8 38 5255875.784
8 39 3492266.323
8 40 1369029.886
8 41 2542431.624
8 42 6208441.639
8 43 4801038.523
8 44 6995497.965
8 45 4679286.92
8 46 6498170.937
8 47 4347866.7
8 48 3952194.807
8 49 3665197.782
8 50 2508348.788
8 51 2690933.936
8 52 3404669.037
8 53 7198237.224
8 54 4896205.091
8 55 4966335.599
8 56 7313932.745
8 57 3107234.803
8 58 2261448.653
8 59 5623433.929
8 60 4632620.441
8 61 5422019.47
8 62 6727242.004
8 63 5552455.112
8 64 3704866.466
8 65 3650387.989
8 66 4027020.697
8 67 5989873.863
8 68 1800892.656
8 69 7215433.414
8 70 3978784.48
8 71 4261128.089
8 72 3088620.55
8 73 3823230.216
8 74 5736623.695
8 75 3890535.898
8 76 7243703.495
8 77 5903970.375
8 78 4724084.647
8 79 2788322.103
8 80 5200536.043
8 81 4650473.068
8 82 4570978.506
8 83 5637438.695
8 84 4337222.263
8 85 3234099.176
8 86 1249250.454
8 87 6466835.875
8 88 4260603.188
8 89 1334645.228
8 90 4752236.253
8 91 3824704.383
8 92 4393855.846
8 93 6451216.371
8 94 5911909.189
8 95 3492748.823
8 96 8744022.425
8 97 3170877.147
8 98 2517966.591
8 99 4115498.553
9 10 7885290.687
9 11 4739144.656
9 12 1744448.41
9 13 8449773.068
9 14 5061732.736
9 15 6468942.177
9 16 7919563.705
9 17 6101229.98
9 18 3699317.743
9 19 5462812.064
9 20 2637491.929
9 21 6248707.408
9 22 4531791.724
9 23 5800420.465
9 24 5943327.255
9 25 1210580.292
9 26 348532.891
9 27 2157710.781
9 28 2828579.595
9 29 4461537.367
9 30 2368228.617
9 31 6063341.638
9 32 1673171.627
9 33 8645836.702
9 34 6525949.093
9 35 2631314.769
9 36 5473534.219
9 37 2783683.135
9 38 6851518.782
9 39 6151388.038
9 40 2924230.033
9 41 5247948.472
9 42 5474829.419
9 43 5838132.01
9 44 6243152.471
9 45 1774897.204
9 46 8401113.974
9 47 2409979.259
9 48 1370067.883
9 49 2252538.906
9 50 4662939.344
9 51 427887.5688
9 52 6204767.474
9 53 6398058.422
9 54 6640149.124
9 55 2069811.424
9 56 7875578.734
9 57 4068855.895
9 58 825083.1606
9 59 6304122.032
9 60 1794484.208
9 61 6757590.563
9 62 9069984.355
9 63 2913072.605
9 64 6680683.956
9 65 5480058.065
9 66 1286153.239
9 67 3136046.795
9 68 4569587.314
9 69 6783995.238
9 70 5648082.918
9 71 1288388.73
9 72 4319704.652
9 73 6434445.777
9 74 2652934.478
9 75 6916686.999
9 76 6696228.221
9 77 8804770.291
9 78 1819885.788
9 79 3638482.779
9 80 3591804.749
9 81 7729042.018
9 82 4154071.28
9 83 8521210.251
9 84 1923493.238
9 85 4041786.973
9 86 2491542.512
9 87 6478245.442
9 88 3808514.078
9 89 2433379.163
9 90 7333248.333
9 91 6767198.194
9 92 1332587.493
9 93 7143606.815
9 94 8744853.626
9 95 6509467.509
9 96 8576150.502
9 97 4533426.326
9 98 640965.0279
9 99 2226421.521
10 11 4241129.328
10 12 7046662.16
10 13 6588987.897
10 14 10610020.67
10 15 1509217.291
10 16 3907120.345
10 17 10885051.96
10 18 5207312.512
10 19 3463103.286
10 20 7212086.115
10 21 8283689.451
10 22 3535697.443
10 23 6684664.778
10 24 3575362.228
10 25 9020313.63
10 26 7736530.561
10 27 5771995.282
10 28 7350841.053
10 29 5405244.273
10 30 6970212.393
10 31 8707884.313
10 32 9543445.254
10 33 4781873.38
10 34 10429362.76
10 35 8521655.007
10 36 2887022.835
10 37 8486875.071
10 38 2458795.716
10 39 9703777.189
10 40 5875747.998
10 41 8966921.881
10 42 3640331.721
10 43 2320086.453
10 44 3582184.057
10 45 9438158.798
10 46 3064155.553
10 47 6218041.17
10 48 7200660.66
10 49 5834721.186
10 50 4840731.849
10 51 7867599.512
10 52 5776601.581
10 53 3694485.691
10 54 2891905.227
10 55 7937433.996
10 56 516495.3205
10 57 4102911.469
10 58 7618140.041
10 59 1590577.216
10 60 9524896.673
10 61 1963817.292
10 62 4631284.868
10 63 7470512.819
10 64 6610667.167
10 65 3751856.332
10 66 9138581.249
10 67 8190575.262
10 68 8401121.951
10 69 2861008.551
10 70 10973100.39
10 71 8960004.875
10 72 10208780.29
10 73 5148938.96
10 74 9295793.198
10 75 8812583.899
10 76 3126162.054
10 77 6885082.483
10 78 9475125.409
10 79 9871870.612
10 80 5497053.019
10 81 8018828.833
10 82 3927748.936
10 83 6664156.547
10 84 6923119.835
10 85 10333545.05
10 86 6243639.618
10 87 2013870.65
10 88 4212438.023
10 89 6216980.971
10 90 5055071.16
10 91 6443129.211
10 92 8284603.6
10 93 741859.6876
10 94 6486171.568
10 95 8651088.931
10 96 2716999.181
10 97 10281745.73
10 98 7905480.634
10 99 6220795.335
11 12 3315286.563
11 13 8498223.2
11 14 9055124.829
11 15 3434718.596
11 16 6533894.479
11 17 9775418.068
11 18 4328356.579
11 19 856872.8337
11 20 5527140.776
11 21 8325928.157
11 22 2998533.954
11 23 7023022.902
11 24 4825215.001
11 25 5945943.361
11 26 4464484.56
11 27 3278463.156
11 28 3240204.833
11 29 1184681.041
11 30 5146625.915
11 31 8489303.36
11 32 6180003.823
11 33 7509557.071
11 34 9755089.673
11 35 4474783.793
11 36 1369312.685
11 37 6577164.766
11 38 4793072.286
11 39 9137587.694
11 40 4401670.51
11 41 8208133.355
11 42 780748.5132
11 43 3442588.386
11 44 1505382.283
11 45 5857567.156
11 46 6329021.321
11 47 2444567.108
11 48 3598094.424
11 49 2510792.216
11 50 4812067.024
11 51 4921982.287
11 52 6648294.625
11 53 1660059.491
11 54 4917408.994
11 55 4007822.413
11 56 3980819.383
11 57 3230843.331
11 58 4882845.307
11 59 3097496.143
11 60 5984875.214
11 61 4328519.226
11 62 7659189.712
11 63 3340838.199
11 64 7497373.633
11 65 4545274.676
11 66 5773105.625
11 67 4033678.688
11 68 7480220.294
11 69 2132123.002
11 70 9571490.044
11 71 5448584.478
11 72 8429234.489
11 73 6364573.553
11 74 5323670.368
11 75 9015940.856
11 76 1995293.845
11 77 8872869.489
11 78 5884788.202
11 79 7868757.93
11 80 1382467.401
11 81 8973854.696
11 82 1270152.806
11 83 8583567.491
11 84 3144715.123
11 85 8335638.287
11 86 4471823.074
11 87 2282595.566
11 88 1493229.623
11 89 4391975.581
11 90 6884763.209
11 91 7439343.92
11 92 4601361.941
11 93 3611613.867
11 94 8598917.75
11 95 8696695.775
11 96 3952081.052
11 97 8587267.688
11 98 5056665.714
11 99 2564040.49
12 13 9003090.047
12 14 6753337.132
12 15 5788952.511
12 16 7934378.038
12 17 7736907.103
12 18 4058730.608
12 19 4129044.517
12 20 3843375.627
12 21 7414311.577
12 22 4150211.665
12 23 6642484.842
12 24 5922612.884
12 25 2832285.894
12 26 1400191.047
12 27 2138897.877
12 28 1199027.11
12 29 2803852.724
12 30 3477276.141
12 31 7337540.156
12 32 2898570.916
12 33 8783174.053
12 34 8055551.328
12 35 1692541.037
12 36 4328686.824
12 37 4365056.897
12 38 6557258.11
12 39 7603536.814
12 40 3503324.992
12 41 6664801.694
12 42 4091998.913
12 43 5333421.722
12 44 4798751.987
12 45 2542488.482
12 46 8184928.286
12 47 877429.5269
12 48 374384.3627
12 49 1288001.143
12 50 4984315.644
12 51 2096767.651
12 52 6787757.571
12 53 4926310.457
12 54 6454244.681
12 55 986619.1715
12 56 6933330.269
12 57 3864678.523
12 58 2307546.234
12 59 5548769.649
12 60 2670108.051
12 61 6320433.908
12 62 9123241.455
12 63 1318961.572
12 64 7427313.401
12 65 5480171.836
12 66 2503257.563
12 67 1812286.966
12 68 5942147.235
12 69 5442133.553
12 70 7332241.819
12 71 2141077.366
12 72 6025073.128
12 73 6843988.387
12 74 2296976.721
12 75 8113921.492
12 76 5310293.646
12 77 9377532.667
12 78 2570205.276
12 79 5357649.259
12 80 2005044.32
12 81 8669701.711
12 82 3121020.554
12 83 9082031.321
12 84 188244.727
12 85 5773973.403
12 86 3213312.959
12 87 5361425.422
12 88 2839104.786
12 89 3125228.619
12 90 7659081.945
12 91 7466710.015
12 92 1291347.999
12 93 6318911.48
12 94 9240394.533
12 95 7721554.409
12 96 7262665.817
12 97 6230672.98
12 98 2299184.088
12 99 826805.5151
13 14 7423141.155
13 15 5796965.055
13 16 2723936.482
13 17 6931252.628
13 18 4944608.138
13 19 8269968.798
13 20 6002529.824
13 21 3664111.634
13 22 5523210.409
13 23 2849298.857
13 24 3695353.29
13 25 8950549.893
13 26 8580877.459
13 27 6864282.716
13 28 10025360.56
13 29 9466315.933
13 30 6148817.287
13 31 4264854.096
13 32 9807306.782
13 33 2121719.194
13 34 5978566.376
13 35 10653582.46
13 36 7545284.442
13 37 6787468.849
13 38 4246271.64
13 39 5346505.602
13 40 5582131.759
13 41 5224592.065
13 42 8475715.455
13 43 5285857.791
13 44 8981707.385
13 45 10171377.96
13 46 3795991.455
13 47 8661891.278
13 48 8859736.365
13 49 7896300.741
13 50 4035720.774
13 51 8120023.166
13 52 2247769.446
13 53 9180887.381
13 54 3897174.881
13 55 9939148.508
13 56 7069995.81
13 57 5452574.565
13 58 7684189.319
13 59 6095730.395
13 60 10146243.32
13 61 4823057.255
13 62 2620516.628
13 63 10169420.71
13 64 1924528.377
13 65 3954116.963
13 66 9549457.581
13 67 10793154.02
13 68 5217885.192
13 69 8653602.646
13 70 7432743.037
13 71 9715888.915
13 72 7518079.23
13 73 2198988.024
13 74 11000010.32
13 75 3685359.93
13 76 8844487.54
13 77 381008.392
13 78 10216941.32
13 79 7668761.985
13 80 8891771.552
13 81 2146241.703
13 82 7298314.14
13 83 85353.89437
13 84 9021218.888
13 85 7946729.581
13 86 5976692.493
13 87 7547616.308
13 88 7231841.89
13 89 6045869.803
13 90 1648469.734
13 91 1765914.097
13 92 9629878.617
13 93 6398443.911
13 94 407482.3143
13 95 3833228.252
13 96 9249737.833
13 97 7429380.052
13 98 7985418.484
13 99 8484712.631
14 15 9121270.874
14 16 8583101.966
14 17 1222729.476
14 18 5427514.048
14 19 9532787.648
14 20 3585457.932
14 21 3796637.808
14 22 7211670.19
14 23 4813490.536
14 24 7304117.213
14 25 4384537.9
14 26 5406819.017
14 27 5776663.344
14 28 7887592.653
14 29 9186485.442
14 30 3937921.297
14 31 3220133.103
14 32 5058548.764
14 33 8803770.324
14 34 2157660.358
14 35 7554864.09
14 36 9214457.619
14 37 2488611.926
14 38 8562578.963
14 39 2352919.43
14 40 4894211.587
14 41 2198623.182
14 42 9628681.543
14 43 8294466.837
14 44 10428047.29
14 45 5751413.195
14 46 9554815.673
14 47 7212954.704
14 48 6388237.407
14 49 6708932.622
14 50 5821912.015
14 51 4667766.725
14 52 5846929.465
14 53 10623218.33
14 54 8157496.331
14 55 7099385.287
14 56 10830502.17
14 57 6647407.804
14 58 4459574.658
14 59 9147500.241
14 60 5612741.801
14 61 8818482.082
14 62 9371555.902
14 63 7974631.324
14 64 5598419.828
14 65 6976900.798
14 66 5132921.178
14 67 8152757.169
14 68 2382645.089
14 69 10712212.08
14 70 592154.7392
14 71 5593589.022
14 72 759647.5624
14 73 6487987.073
14 74 7246254.821
14 75 4042281.839
14 76 10721984.79
14 77 7630633.062
14 78 5781471.499
14 79 1462685.663
14 80 8280324.522
14 81 5593664.146
14 82 8009304.354
14 83 7453032.068
14 84 6915177.553
14 85 1209696.687
14 86 4666930.527
14 87 10001605.5
14 88 7676352.609
14 89 4732151.417
14 90 7306986.339
14 91 5805116.084
14 92 6242316.865
14 93 9962105.499
14 94 7826792.054
14 95 3734844.346
14 96 12278997.1
14 97 531293.2215
14 98 4458941.705
14 99 6986531.157
15 16 3359539.469
15 17 9436200.481
15 18 3705406.922
15 19 2849658.989
15 20 5703324.421
15 21 6975124.066
15 22 2034154.757
15 23 5395652.983
15 24 2335639.415
15 25 7575530.391
15 26 6345267.862
15 27 4327531.015
15 28 6255190.383
15 29 4612535.642
15 30 5461471.221
15 31 7358484.225
15 32 8138416.84
15 33 4336205.813
15 34 9031030.941
15 35 7356805.333
15 36 2116216.474
15 37 6977888.185
15 38 1585895.154
15 39 8312828.411
15 40 4366551.891
15 41 7539743.385
15 42 3060033.564
15 43 831123.339
15 44 3340984.842
15 45 8081864.266
15 46 2931962.358
15 47 5011098.373
15 48 5899548.99
15 49 4528309.467
15 50 3405414.429
15 51 6422590.574
15 52 4585368.048
15 53 3517863.404
15 54 1899793.295
15 55 6726307.523
15 56 1718980.489
15 57 2597108.251
15 58 6152975.58
15 59 350796.6145
15 60 8157475.931
15 61 1017455.831
15 62 4371452.528
15 63 6385907.258
15 64 5458551.805
15 65 2395939.085
15 66 7739397.822
15 67 7113026.29
15 68 6947695.035
15 69 2882883.668
15 70 9497369.298
15 71 7594447.099
15 72 8706851.778
15 73 4030208.252
15 74 8076941.909
15 75 7548561.35
15 76 3096043.974
15 77 6135685.874
15 78 8120751.992
15 79 8363417.923
15 80 4484669.189
15 81 6929539.71
15 82 2751134.614
15 83 5878845.519
15 84 5685529.226
15 85 8825757.782
15 86 4736911.796
15 87 1774204.345
15 88 2970073.292
15 89 4711874.831
15 90 4164450.524
15 91 5316906.625
15 92 6977024.205
15 93 846185.0825
15 94 5779966.757
15 95 7350685.74
15 96 3596932.491
15 97 8783755.697
15 98 6448097.983
15 99 4976937.803
16 17 8449314.473
16 18 4243547.985
16 19 6112270.455
16 20 6028576.208
16 21 5317672.211
16 22 3865220.431
16 23 3845539.352
16 24 2015177.058
16 25 8740357.841
16 26 7940629.833
16 27 5916088.473
16 28 8746201.882
16 29 7639209.755
16 30 5998865.406
16 31 5870463.5
16 32 9507663.824
16 33 984131.3993
16 34 7704446.826
16 35 9624868.417
16 36 5362630.541
16 37 7156956.184
16 38 1787490.69
16 39 6986219.949
16 40 5060504.693
16 41 6517840.501
16 42 6325149.983
16 43 3095102.877
16 44 6690710.409
16 45 9692018.099
16 46 1136708.107
16 47 7369680.791
16 48 7900296.796
16 49 6677427.532
16 50 3318877.293
16 51 7697813.652
16 52 2776009.986
16 53 6872712.078
16 54 1618851.782
16 55 8920264.306
16 56 4404149.719
16 57 4070330.294
16 58 7303010.538
16 59 3696972.537
16 60 9713047.19
16 61 2342147.781
16 62 1190661.717
16 63 8889636.872
16 64 3335063.564
16 65 2469204.873
16 66 9169756.833
16 67 9585827.922
16 68 6200700.007
16 69 6232823.1
16 70 8768773.79
16 71 9198847.163
16 72 8438375.124
16 73 2101672.937
16 74 10162119.34
16 75 5649220.119
16 76 6452964.869
16 77 2993333.32
16 78 9736579.127
16 79 8360334.951
16 80 7260236.951
16 81 4470222.942
16 82 5501397.887
16 83 2793276.174
16 84 7897007.279
16 85 8745808.595
16 86 5519477.343
16 87 5129032.581
16 88 5552522.701
16 89 5553366.024
16 90 1447388.662
16 91 3122052.123
16 92 8858869.018
16 93 3814136.311
16 94 2584624.194
16 95 5623290.788
16 96 6606570.626
16 97 8423872.857
16 98 7627964.692
16 99 7246842.358
17 18 5837960.536
17 19 10175531.98
17 20 4249642.705
17 21 3278437.301
17 22 7643458.366
17 23 4603882.721
17 24 7425291.741
17 25 5530600.549
17 26 6438551.369
17 27 6524516.787
17 28 8901686.391
17 29 10022699.68
17 30 4635318.936
17 31 2677368.757
17 32 6241980.4
17 33 8533529.115
17 34 1098385.911
17 35 8658333.85
17 36 9784725.018
17 37 3375883.974
17 38 8683378.418
17 39 1589235.834
17 40 5446822.261
17 41 1956431.165
17 42 10290736.69
17 43 8605492.456
17 44 11079327.47
17 45 6925624.693
17 46 9491768.729
17 47 8116100.043
17 48 7382158.621
17 49 7547378.019
17 50 6044335.629
17 51 5689759.801
17 52 5673324.842
17 53 11281612
17 54 8256066.469
17 55 8164292.804
17 56 11155088.29
17 57 7103029.981
17 58 5429588.016
17 59 9506337.663
17 60 6792427.841
17 61 9008519.314
17 62 9109398.637
17 63 8997742.378
17 64 5249594.32
17 65 7157669.007
17 66 6291117.056
17 67 9226954.5
17 68 2488803.477
17 69 11287427.36
17 70 743479.2881
17 71 6738917.959
17 72 1941983.838
17 73 6355326.325
17 74 8399403.352
17 75 3321062.599
17 76 11323180.45
17 77 7087732.405
17 78 6957472.963
17 79 2627299.669
17 80 9123493.908
17 81 4933723.602
17 82 8653999.367
17 83 6948394.868
17 84 7888294.109
17 85 2428376.696
17 86 5308152.043
17 87 10492397.74
17 88 8339447.8
17 89 5385496.104
17 90 7083207.344
17 91 5467147.306
17 92 7336212.28
17 93 10282348.05
17 94 7338690.046
17 95 3103963
17 96 12760234.73
17 97 1705339.978
17 98 5475789.518
17 99 7884501.422
18 19 4514429.51
18 20 2039505.745
18 21 3997614.952
18 22 1805947.3
18 23 2781110.064
18 24 2337307.977
18 25 4501997.172
18 26 3757214.074
18 27 1920428.798
18 28 5106460.073
18 29 4983413.02
18 30 1873374.698
18 31 4180023.091
18 32 5264564.091
18 33 4946529.34
18 34 5597883.48
18 35 5713564.758
18 36 4016150.74
18 37 3309813.955
18 38 3445021.972
18 39 4926545.563
18 40 825450.6133
18 41 4047048.481
18 42 4665721.126
18 43 2887664.603
18 44 5408746.152
18 45 5473868.974
18 46 4842687.846
18 47 3772501.482
18 48 3920849.892
18 49 2998940.878
18 50 968452.5584
18 51 3457138.21
18 52 2737281.486
18 53 5619407.652
18 54 3133912.686
18 55 4997923.352
18 56 5405949.856
18 57 1271726.321
18 58 3059464.288
18 59 3720064.803
18 60 5485241.218
18 61 3546103.091
18 62 5377229.314
18 63 5249080.367
18 64 3439914.328
18 65 1888898.61
18 66 4931348.389
18 67 5854272.26
18 68 3373414.261
18 69 5504038.097
18 70 5828763.284
18 71 4986687.638
18 72 5001787.616
18 73 2803942.164
18 74 6106925.559
18 75 4689561.504
18 76 5569446.292
18 77 5318803.098
18 78 5518964.88
18 79 4680428.074
18 80 4232592.867
18 81 4811684.649
18 82 3074049.118
18 83 5023378.835
18 84 4080753.443
18 85 5135829.878
18 86 1283990.157
18 87 4658264.45
18 88 2840431.637
18 89 1311611.448
18 90 3665225.178
18 91 3450411.398
18 92 4751460.304
18 93 4540602.332
18 94 5188831.81
18 95 4368570.214
18 96 6922471.552
18 97 5079099.041
18 98 3384434.502
18 99 3578227.841
19 20 5958738.292
19 21 8471368.593
19 22 2935253.62
19 23 7073640.998
19 24 4575445.633
19 25 6673391.037
19 26 5208380.456
19 27 3799365.905
19 28 4097041.477
19 29 1953123.416
19 30 5595669.38
19 31 8691106.559
19 32 6960073.305
19 33 7096183.65
19 34 10069325.41
19 35 5331207.668
19 36 749710.4171
19 37 7084657.502
19 38 4332344.579
19 39 9421090.118
19 40 4735290.59
19 41 8513968.047
19 42 212973.1979
19 43 3038246.514
19 44 904642.2166
19 45 6669104.81
19 46 5781390.311
19 47 3252244.552
19 48 4392132.026
19 49 3210779.072
19 50 4836103.954
19 51 5608507.338
19 52 6576338.364
19 53 1110768.272
19 54 4523232.617
19 55 4855241.762
19 56 3165959.499
19 57 3301837.848
19 58 5524497.889
19 59 2499686.896
19 60 6791198.96
19 61 3817556.611
19 62 7189623.992
19 63 4197108.326
19 64 7450185.129
19 65 4366766.782
19 66 6550134.887
19 67 4886865.122
19 68 7803889.699
19 69 1324914.627
19 70 10025855.9
19 71 6246808.717
19 72 8942276.068
19 73 6211562.655
19 74 6177506.829
19 75 9142467.947
19 76 1240069.559
19 77 8636211.218
19 78 6697893.791
19 79 8417518.126
19 80 2236308.164
19 81 8947662.259
19 82 1525117.144
19 83 8355028.473
19 84 3964606.469
19 85 8889682.324
19 86 4880129.71
19 87 1463579.068
19 88 1857635.198
19 89 4808894.91
19 90 6629276.709
19 91 7368267.183
19 92 5419824.393
19 93 2882992.413
19 94 8331782.99
19 95 8849054.641
19 96 3138914.685
19 97 9085899.281
19 98 5726000.877
19 99 3348954.592
20 21 3628429.444
20 22 3709715.156
20 23 3231117.299
20 24 4288575.824
20 25 2949203.014
20 26 2870851.261
20 27 2281934.068
20 28 5040957.599
20 29 5808389.213
20 30 395204.0927
20 31 3500497.328
20 32 3812070.706
20 33 6574990.212
20 34 4329711.046
20 35 5193147.758
20 36 5629258.356
20 37 1275654.709
20 38 5461482.66
20 39 3804124.316
20 40 1347357.78
20 41 2854145.438
20 42 6062810.556
20 43 4901771.438
20 44 6858379.304
20 45 4229862.67
20 46 6769299.173
20 47 4012366.801
20 48 3547977.854
20 49 3362248.404
20 50 2761103.578
20 51 2241349.959
20 52 3812823.031
20 53 7056851.846
20 54 5122817.217
20 55 4545192.837
20 56 7375543.713
20 57 3136066.068
20 58 1813598.197
20 59 5680920.738
20 60 4184858.905
20 61 5585155.692
20 62 7073023.57
20 63 5162301.719
20 64 4145091.1
20 65 3869239.338
20 66 3579803.434
20 67 5578015.473
20 68 2117354.738
20 69 7126783.654
20 70 4067258.393
20 71 3810297.705
20 72 3054473.913
20 73 4198268.807
20 74 5290426.138
20 75 4311299.7
20 76 7138679.975
20 77 6336369.774
20 78 4274730.306
20 79 2660526.941
20 80 4921798.848
20 81 5100827.099
20 82 4433641.966
20 83 6066956.142
20 84 3954761.187
20 85 3125489.806
20 86 1081865.481
20 87 6433582.233
20 88 4107741.653
20 89 1149983.593
20 90 5128348.451
20 91 4259907.205
20 92 3952468.556
20 93 6523168.153
20 94 6334216.453
20 95 3909550.677
20 96 8708757.752
20 97 3167852.848
20 98 2067183.25
20 99 3778500.586
21 22 5585831.836
21 23 1601080.388
21 24 4708329.871
21 25 6312684.336
21 26 6496762.194
21 27 5524644.362
21 28 8597228.299
21 29 8933786.198
21 30 3957858.467
21 31 601897.5005
21 32 7182666.079
21 33 5293727.718
21 34 2403898.085
21 35 8821179.613
21 36 7906491.147
21 37 3814965.705
21 38 5892644.024
21 39 1713604.534
21 40 4091834.358
21 41 1626832.056
21 42 8634645.725
21 43 6185437.638
21 44 9348989.83
21 45 7713674.639
21 46 6414805.366
21 47 7433033.515
21 48 7145374.465
21 49 6696924.775
21 50 3695422.831
21 51 5837282.605
21 52 2604364.823
21 53 9561347.196
21 54 5448241.635
21 55 8166795.537
21 56 8640587.036
21 57 5169675.055
21 58 5424481.075
21 59 7134978.287
21 60 7638796.121
21 61 6324641.894
21 62 5869714.066
21 63 8726242.765
21 64 2010127.373
21 65 4579223.615
21 66 7037615.923
21 67 9186430.136
21 68 1891526.622
21 69 9341129.911
21 70 3770464.27
21 71 7344585.95
21 72 3998306.655
21 73 3297960.064
21 74 8894701.009
21 75 708769.1005
21 76 9443676.319
21 77 3845912.022
21 78 7756368.448
21 79 4294531.09
21 80 8127021.157
21 81 1830558.768
21 82 7068399.61
21 83 3686168.562
21 84 7505230.653
21 85 4480051.948
21 86 4248815.074
21 87 8372265.835
21 88 6837328.653
21 89 4341094.748
21 90 3896340.111
21 91 2229442.859
21 92 7574337.764
21 93 7792364.458
21 94 4071319.522
21 95 381231.3452
21 96 10528516.49
21 97 3872666.347
21 98 5645715.395
21 99 7207641.084
22 23 4144243.768
22 24 1930389.174
22 25 5589992.791
22 26 4450370.112
22 27 2374497.037
22 28 4886955.161
22 29 3946149.044
22 30 3445037.746
22 31 5856615.232
22 32 6203980.53
22 33 4782716.734
22 34 7372822.6
22 35 5820722.211
22 36 2323734.446
22 37 4976899.359
22 38 2409497.863
22 39 6684836.503
22 40 2362859.379
22 41 5831014.086
22 42 3118179.132
22 43 1313490.968
22 44 3783007.595
22 45 6219809.61
22 46 4034717.192
22 47 3518897.324
22 48 4175497.888
22 49 2866057.669
22 50 1908550.812
22 51 4442695.679
22 52 3662794.363
22 53 3995379.605
22 54 2316124.41
22 55 5133124.538
22 56 3668443.378
22 57 573901.2288
22 58 4147166.523
22 59 1974919.462
22 60 6277824.382
22 61 2233278.502
22 62 5052312.398
22 63 5029661.537
22 64 4526480.516
22 65 1578560.681
22 66 5816346.598
22 67 5733003.058
22 68 5173043.849
22 69 3763409.655
22 70 7627541.123
22 71 5723771.426
22 72 6748106.04
22 73 3368349.459
22 74 6432305.37
22 75 6239977.923
22 76 3858266.296
22 77 5901102.424
22 78 6261191.43
22 79 6366865.423
22 80 3437642.696
22 81 6018797.465
22 82 1775141.422
22 83 5608359.646
22 84 4089700.496
22 85 6834289.286
22 86 2710783.934
22 87 2861707.727
22 88 1733449.086
22 89 2681891.978
22 90 3941653.381
22 91 4455692.785
22 92 5210855.618
22 93 2825749.537
22 94 5649890.428
22 95 5966393.055
22 96 5118168.714
22 97 6841539.974
22 98 4451073.333
22 99 3412770.121
23 24 3109839.211
23 25 6169986.783
23 26 5980231.78
23 27 4575469.534
23 28 7769835.355
23 29 7754309.421
23 30 3437851.036
23 31 2076353.177
23 32 7038746.468
23 33 3990618.217
23 34 3893063.545
23 35 8199632.895
23 36 6462764.856
23 37 3938585.902
23 38 4293031.327
23 39 3164804.057
23 40 3144061.077
23 41 2682859.564
23 42 7249907.713
23 43 4620655.765
23 44 7927103.76
23 45 7456297.235
23 46 4901496.461
23 47 6491834.094
23 48 6432513.306
23 49 5723490.204
23 50 2237600.289
23 51 5434331.3
23 52 1069903.562
23 53 8139415.662
23 54 3848898.058
23 55 7503568.691
23 56 7047395.358
23 57 3798822.274
23 58 4997137.821
23 59 5570440.255
23 60 7415020.815
23 61 4724321.174
23 62 4559823.153
23 63 7908032.872
23 64 931646.2474
23 65 3002845.745
23 66 6810549.25
23 67 8453902.954
23 68 2470644.916
23 69 7855605.21
23 70 4947061.411
23 71 7024695.804
23 72 4784700.248
23 73 1758510.391
23 74 8427179.048
23 75 2154945.4
23 76 7975608.801
23 77 3152781.578
23 78 7501396.742
23 79 4861265.651
23 80 7013691.491
23 81 2043433.406
23 82 5752921.918
23 83 2903727.435
23 84 6699235.68
23 85 5173068.334
23 86 3444339.037
23 87 6852070.004
23 88 5564940.372
23 89 3528190.007
23 90 2500752.542
23 91 1086061.717
23 92 7059851.361
23 93 6204515.407
23 94 3218131.138
23 95 1966442.631
23 96 8968668.014
23 97 4728356.081
23 98 5277576.617
23 99 6282541.881
24 25 6824452.236
24 26 5946943.159
24 27 3905220.468
24 28 6762847.406
24 29 5846868.778
24 30 4185654.351
24 31 5139906.387
24 32 7560071.104
24 33 2876990.011
24 34 6890315.965
24 35 7614246.733
24 36 3855744.012
24 37 5510193.036
24 38 1261959.632
24 39 6160169.901
24 40 3161964.67
24 41 5477200.325
24 42 4780639.144
24 43 1653287.384
24 44 5306681.254
24 45 7709109.034
24 46 2505450.43
24 47 5380854.746
24 48 5885133.406
24 49 4673633.222
24 50 1540237.564
24 51 5746359.563
24 52 2250320.199
24 53 5509810.621
24 54 856909.22
24 55 6907811.15
24 56 3942003.667
24 57 2062946.117
24 58 5368544.785
24 59 2563187.326
24 60 7737522.299
24 61 1619845.153
24 62 3201376.032
24 63 6907095.245
24 64 3123380.404
24 65 463277.7579
24 66 7208808.474
24 67 7594135.05
24 68 4981354.96
24 69 5045932.509
24 70 7597431.507
24 71 7213483.947
24 72 7019803.511
24 73 1713063.603
24 74 8147125.33
24 75 5246693.937
24 76 5214732.14
24 77 4063844.746
24 78 7753226.821
24 79 6818340.474
24 80 5367970.519
24 81 4601312.75
24 82 3671120.977
24 83 3780515.977
24 84 5889146.86
24 85 7245262.541
24 86 3618647.962
24 87 3963836.358
24 88 3661509.083
24 89 3639714.517
24 90 2062516.872
24 91 2985715.914
24 92 6847974.579
24 93 3111809.404
24 94 3775325.514
24 95 5076236.725
24 96 5932532.83
24 97 7049950.978
24 98 5693126.177
24 99 5248768.586
25 26 1488788.436
25 27 3250037.601
25 28 3760445
25 29 5617439.215
25 30 2825254.406
25 31 6018904.15
25 32 875681.1268
25 33 9391865.943
25 34 6132870.658
25 35 3201313.469
25 36 6674569.788
25 37 2532178.096
25 38 7826132.959
25 39 5883170.973
25 40 3680452.798
25 41 5063525.19
25 42 6684721.882
25 43 6903482.306
25 44 7450746.874
25 45 1440983.531
25 46 9320311.913
25 47 3582279.525
25 48 2469782.19
25 49 3462993.341
25 50 5426031.349
25 51 1153300.032
25 52 6745563.363
25 53 7603574.065
25 54 7575582.322
25 55 2845250.662
25 56 9034241.057
25 57 5086984.04
25 58 1464128.675
25 59 7431898.923
25 60 1340630.296
25 61 7785792.66
25 62 9853434.796
25 63 3814474.685
25 64 7090491.452
25 65 6365780.986
25 66 771142.3734
25 67 3848591.981
25 68 4480362.344
25 69 7994409.959
25 70 4975579.651
25 71 1209633.816
25 72 3624984.459
25 73 7076924.612
25 74 2868817.424
25 75 6926106.837
25 76 7906612.001
25 77 9285549.474
25 78 1479486.257
25 79 2922160.026
25 80 4768047.907
25 81 7955053.086
25 82 5351719.547
25 83 9015523.46
25 84 3019805.687
25 85 3242163.065
25 86 3221131.99
25 87 7672503.62
25 88 5003026.315
25 89 3190462.051
25 90 8000513.97
25 91 7208690.387
25 92 1934860.887
25 93 8280469.91
25 94 9278061.784
25 95 6516396.608
25 96 9784817.692
25 97 3857100.557
25 98 1145622.821
25 99 3413335.618
26 27 2085808.324
26 28 2481681.826
26 29 4141163.492
26 30 2573021.642
26 31 6332773.877
26 32 1811248.455
26 33 8694038.129
26 34 6845377.819
26 35 2340444.849
26 36 5254880.915
26 37 3106039.225
26 38 6805957.015
26 39 6455937.533
26 40 3015199.796
26 41 5543887.514
26 42 5211103.517
26 43 5744801.009
26 44 5969863.591
26 45 1775508.518
26 46 8377752.53
26 47 2096580.17
26 48 1026049.24
26 49 2010709.074
26 50 4725512.521
26 51 749652.1534
26 52 6333139.761
26 53 6119663.585
26 54 6615023.903
26 55 1747199.315
26 56 7706301.478
26 57 4016130.594
26 58 1088947.916
26 59 6164852.531
26 60 1827490.979
26 61 6683201.171
26 62 9102648.823
26 63 2567970.052
26 64 6844828.847
26 65 5484365.257
26 66 1403058.937
26 67 2812710.692
26 68 4854564.227
26 69 6532491.378
26 70 5992370.521
26 71 1277627.48
26 72 4666262.612
26 73 6528489.634
26 74 2447010.561
26 75 7172821.694
26 76 6435733.493
26 77 8940754.992
26 78 1818180.705
26 79 3986304.75
26 80 3281969.428
26 81 7935910.946
26 82 3945429.561
26 83 8654025.676
26 84 1581234.107
26 85 4390319.468
26 86 2604400.418
26 87 6269753.722
26 88 3606848.034
26 89 2537281.06
26 90 7414550.673
26 91 6922073.246
26 92 1085497.691
26 93 6994829.039
26 94 8865202.304
26 95 6767588.813
26 96 8334217.637
26 97 4879067.514
26 98 964690.3892
26 99 1924558.283
27 28 3204603.693
27 29 3536236.413
27 30 1890910.188
27 31 5550420.862
27 32 3830566.506
27 33 6718217.528
27 34 6592875.441
27 35 3805317.474
27 36 3606332.521
27 37 3301448.776
27 38 4720804.961
27 39 6028574.173
27 40 1448930.448
27 41 5079589.433
27 42 3875558.057
27 43 3680684.155
27 44 4677831.654
27 45 3860978.175
27 46 6300889.047
27 47 1924258.486
27 48 2021188.555
27 49 1172639.098
27 50 2849574.11
27 51 2096750.152
27 52 4653877.665
27 53 4866376.471
27 54 4539130.941
27 55 3088786.597
27 56 5801744.372
27 57 1930990.468
27 58 1861676.856
27 59 4182590.546
27 60 3911322.831
27 61 4603411.422
27 62 7093705.492
27 63 3345310.861
27 64 5319095.972
27 65 3447179.941
27 66 3441849.935
27 67 3935337.906
27 68 4338282.392
27 69 5051302.514
27 70 6295569.948
27 71 3363260.149
27 72 5157069.55
27 73 4708251.068
27 74 4257945.099
27 75 6233370.451
27 76 5022929.428
27 77 7238976.247
27 78 3903374.595
27 79 4618617.821
27 80 2664363.857
27 81 6617514.265
27 82 2306451.525
27 83 6943322.456
27 84 2161731.469
27 85 5090433.299
27 86 1306697.604
27 87 4540261.764
27 88 1954820.703
27 89 1215564.614
27 90 5537122.584
27 91 5347326.195
27 92 2942937.272
27 93 5033229.22
27 94 7102609.819
27 95 5863439.698
27 96 6754848.993
27 97 5310845.105
27 98 2136427.786
27 99 1709096.078
28 29 2348742.139
28 30 4672113.596
28 31 8531832.898
28 32 3590419.869
28 33 9639812.546
28 34 9246550.963
28 35 1246764.96
28 36 4489948.478
28 37 5539486.565
28 38 7238978.675
28 39 8801244.175
28 40 4626476.539
28 41 7863403.55
28 42 4000697.295
28 43 5935057.002
28 44 4578434.99
28 45 3046502.024
28 46 8872434.899
28 47 1384188.703
28 48 1526873.346
28 49 2131817.65
28 50 5989655.766
28 51 3221065.445
28 52 7843060.319
28 53 4660289.125
28 54 7197685.284
28 55 990872.914
28 56 7156540.994
28 57 4709141.72
28 58 3478064.433
28 59 5971144.904
28 60 3207101.411
28 61 6925880.573
28 62 9935704.89
28 63 144949.8069
28 64 8523607.899
28 65 6343557.172
28 66 3251195.562
28 67 860078.1046
28 68 7141171.612
28 69 5323086.496
28 70 8472016.378
28 71 2793649.879
28 72 7147943.602
28 73 7840445.155
28 74 2125290.586
28 75 9299228.294
28 76 5142588.185
28 77 10403558.37
28 78 3058210.857
28 79 6466608.707
28 80 1874266.654
28 81 9807109.12
28 82 3504099.42
28 83 10106257.69
28 84 1092173.463
28 85 6863751.204
28 86 4371281.686
28 87 5488428.462
28 88 3314510.14
28 89 4281098.662
28 90 8611709.796
28 91 8549387.728
28 92 1879689.939
28 93 6657748.368
28 94 10239935
28 95 8909380.407
28 96 7114985.072
28 97 7360395.058
28 98 3432181.217
28 99 1542304.119
29 30 5413953.573
29 31 9026995.525
29 32 5687863.317
29 33 8605744.877
29 34 10128856.04
29 35 3589725.72
29 36 2551530.631
29 37 6702195.651
29 38 5927221.679
29 39 9560921.285
29 40 4871407.35
29 41 8613486.721
29 42 1801160.679
29 43 4568149.96
29 44 2255869.363
29 45 5255671.355
29 46 7488421.934
29 47 2054083.808
29 48 3152253.827
29 49 2480130.889
29 50 5616741.613
29 51 4733466.427
29 52 7503979.548
29 53 2320650.21
29 54 6020543.688
29 55 3255751.141
29 56 5119067.938
29 57 4057138.659
29 58 4800858.657
29 59 4278291.527
29 60 5401531.871
29 61 5483968.258
29 62 8783393.976
29 63 2417547.931
29 64 8319130.793
29 65 5523752.023
29 66 5300536.808
29 67 3044906.862
29 68 7872819.78
29 69 3037171.096
29 70 9735039.105
29 71 4909152.755
29 72 8508567.366
29 73 7293213.811
29 74 4473586.38
29 75 9637662.639
29 76 2833614.333
29 77 9845074.568
29 78 5275757.736
29 79 7892645.529
29 80 906575.0943
29 81 9759923.026
29 82 2176599.14
29 83 9551318.072
29 84 2616135.25
29 85 8342038.669
29 86 4831734.794
29 87 3416419.302
29 88 2243890.143
29 89 4742889.308
29 90 7885506.997
29 91 8284025.431
29 92 4002701.644
29 93 4790839.867
29 94 9595666.567
29 95 9291798.032
29 96 4792063.659
29 97 8689390.52
29 98 4904187.127
29 99 2254578.84
30 31 3860267.911
30 32 3665760.845
30 33 6595575.631
30 34 4724791.552
30 35 4870994.978
30 36 5287680.04
30 37 1544678.186
30 38 5318374.448
30 39 4195211.096
30 40 1100288.637
30 41 3244553.831
30 42 5694914.585
30 43 4674956.624
30 44 6492696.087
30 45 4030123.628
30 46 6685199.93
30 47 3621863.997
30 48 3192752.402
30 49 2967279.577
30 50 2690431.81
30 51 1996517.29
30 52 3926556.212
30 53 6689463.069
30 54 5001096.902
30 55 4209477.924
30 56 7112740.814
30 57 2872172.417
30 58 1559301.701
30 59 5419933.115
30 60 3999086.442
30 61 5404331.577
30 62 7075999.636
30 63 4795741.383
30 64 4331566.449
30 65 3749616.95
30 66 3400746.281
30 67 5230603.539
30 68 2505826.646
30 69 6780388.932
30 70 4433435.183
30 71 3589162.681
30 72 3375814.633
30 73 4255038.796
30 74 5012681.584
30 75 4649568.866
30 76 6785222.701
30 77 6492820.38
30 78 4075521.203
30 79 2932970.745
30 80 4526726.955
30 81 5364694.637
30 82 4071594.882
30 83 6216485.277
30 84 3582804.462
30 85 3404845.31
30 86 749348.1223
30 87 6115477.523
30 88 3740621.126
30 89 802410.1046
30 90 5181266.076
30 91 4430649.859
30 92 3658514.219
30 93 6269435.798
30 94 6465882.738
30 95 4252190.846
30 96 8386297.865
30 97 3502908.984
30 98 1844271.284
30 99 3388223.18
31 32 6878238.122
31 33 5879740.958
31 34 1834039.18
31 35 8671393.716
31 36 8160318.817
31 37 3490726.265
31 38 6353072.762
31 39 1124168.76
31 40 4155933.495
31 41 1101509.601
31 42 8845167.762
31 43 6552669.822
31 44 9580626.987
31 45 7441850.848
31 46 6954371.655
31 47 7427296.728
31 48 7048091.911
31 49 6714130.369
31 50 4007526.429
31 51 5642534.347
31 52 3123519.024
31 53 9792136.593
31 54 5910592.839
31 55 8038887.903
31 56 9045538.526
31 57 5403284.996
31 58 5247008.901
31 59 7497634.965
31 60 7356293.771
31 61 6759704.584
31 62 6456014.086
31 63 8655959.9
31 64 2591568.041
31 65 4971085.405
31 66 6762809.363
31 67 9077528.861
31 68 1538624.262
31 69 9619930.673
31 70 3172992.954
31 71 7098292.472
31 72 3468065.964
31 73 3819243.377
31 74 8686603.191
31 75 929786.777
31 76 9708377.15
31 77 4441478.519
31 78 7483301.49
31 79 3816816.735
31 80 8193387.624
31 81 2376138.577
31 82 7248526.432
31 83 4286004.316
31 84 7441425.372
31 85 3965783.648
31 86 4249449.715
31 87 8684257.144
31 88 6996079.164
31 89 4341835.322
31 90 4463099.402
31 91 2810740.344
31 92 7395720.97
31 93 8187529.293
31 94 4672177.188
31 95 543645.1061
31 96 10876129.65
31 97 3327928.773
31 98 5442047.998
31 99 7197451.376
32 33 10189241.24
32 34 6910546.22
32 35 2773986.672
32 36 7049956.472
32 37 3387595.759
32 38 8508112.215
32 39 6699942.345
32 40 4454282.247
32 41 5904332.626
32 42 6945408.755
32 43 7511185.179
32 44 7678294.46
32 45 709023.302
32 46 10038842.83
32 47 3742605.274
32 48 2584949.462
32 49 3801246.278
32 50 6208283.535
32 51 1813717.784
32 52 7592205.536
32 53 7813805.129
32 54 8282462.105
32 55 2607074.048
32 56 9517475.579
32 57 5733619.635
32 58 2206699.15
32 59 7967284.231
32 60 556951.807
32 61 8427178.782
32 62 10637522.19
32 63 3612046.706
32 64 7956684.711
32 65 7098006.333
32 66 412126.7843
32 67 3483228.232
32 68 5339908.485
32 69 8284204.768
32 70 5641738.093
32 71 797343.3246
32 72 4306798.708
32 73 7901685.17
32 74 2244626.381
32 75 7789837.143
32 76 8170923.555
32 77 10145544.59
32 78 732604.3834
32 79 3614680.735
32 80 4902755.907
32 81 8830711.096
32 82 5749265.57
32 83 9873319.876
32 84 3082732.57
32 85 3871064.796
32 86 3998960.93
32 87 8070618.279
32 88 5414181.35
32 89 3958448.021
32 90 8820437.606
32 91 8071465.652
32 92 1718589.974
32 93 8801595.871
32 94 10129865.75
32 95 7380672.189
32 96 10097338.43
32 97 4543105.988
32 98 1882829.856
32 99 3616918.53
33 34 7696179.885
33 35 10475694.06
33 36 6346580.425
33 37 7621207.745
33 38 2770670.881
33 39 7003361.019
33 40 5738734.162
33 41 6659186.269
33 42 7309042.088
33 43 4075131.182
33 44 7671661.008
33 45 10420370.16
33 46 1774572.833
33 47 8257785.425
33 48 8726022.897
33 49 7546200.46
33 50 3986072.724
33 51 8394380.534
33 52 2973814.29
33 53 7852340.568
33 54 2592210.303
33 55 9765312.715
33 56 5290106.033
33 57 4936647.093
33 58 7984208.62
33 59 4676153.583
33 60 10430109.81
33 61 3319871.095
33 62 576300.0136
33 63 9784034.798
33 64 3288467.443
33 65 3305483.475
33 66 9869305.156
33 67 10470429.08
33 68 6445570.412
33 69 7201403.33
33 70 8926488.128
33 71 9932935.401
33 72 8741657.968
33 73 2409656.84
33 74 10976086.56
33 75 5507428.003
33 76 7425142.919
33 77 2300875.735
33 78 10465479.23
33 79 8739230.19
33 80 8202476.101
33 81 4136785.97
33 82 6456484.251
33 83 2172011.542
33 84 8756681.765
33 85 9093609.038
33 86 6191147.28
33 87 6101076.073
33 88 6491955.259
33 89 6235257.992
33 90 1509231.285
33 91 3069585.349
33 92 9650281.457
33 93 4753322.445
33 94 1869472.588
33 95 5553392.54
33 96 7497221.334
33 97 8701363.834
33 98 8306896.092
33 99 8123931.983
34 35 9142904.115
34 36 9610637.741
34 37 3742459.5
34 38 8126766.06
34 39 732060.476
34 40 5355566.983
34 41 1555600.534
34 42 10203080.75
34 43 8208966.11
34 44 10972325.78
34 45 7564573.711
34 46 8785573.308
34 47 8326961.814
34 48 7720280.349
34 49 7691922.01
34 50 5629831.625
34 51 6100700.174
34 52 4951484.796
34 53 11180030.2
34 54 7688139.936
34 55 8592209.102
34 56 10739282.9
34 57 6866709.927
34 58 5781842.672
34 59 9138776.562
34 60 7445585.92
34 61 8503505.734
34 62 8271867.364
34 63 9354346.5
34 64 4413932.833
34 65 6677511.062
34 66 6903883.067
34 67 9658073.988
34 68 2274869.499
34 69 11101819.21
34 70 1808375.571
34 71 7320403.274
34 72 2753047.111
34 73 5646369.881
34 74 8978542.935
34 75 2307261.691
34 76 11163032.05
34 77 6106777.589
34 78 7600191.384
34 79 3361954.855
34 80 9248522.493
34 81 3918037.04
34 82 8570470.1
34 83 5988642.186
34 84 8190849.485
34 85 3281423.084
34 86 5309123.345
34 87 10233529.8
34 88 8279968.797
34 89 5395223.042
34 90 6295019.065
34 91 4633275.135
34 92 7820230.966
34 93 9871606.158
34 94 6384134.145
34 95 2157460.441
34 96 12472121.84
34 97 2532444.779
34 98 5885803.877
34 99 8092833.846
35 36 5689573.893
35 37 5403089.663
35 38 8219517.052
35 39 8782150.947
35 40 5098713.333
35 41 7878580.553
35 42 5241122.643
35 43 6963319.536
35 44 5825095.03
35 45 2115958.571
35 46 9851685.256
35 47 2349626.989
35 48 1793851.23
35 49 2956652.761
35 50 6654519.057
35 51 3059153.031
35 52 8422759.764
35 53 5905450.995
35 54 8132530.667
35 55 716530.9134
35 56 8351581.739
35 57 5554564.893
35 58 3429189.617
35 59 7091301.265
35 60 2286582.344
35 61 7955297.449
35 62 10814236.66
35 63 1172732.305
35 64 9021744.365
35 65 7172603.385
35 66 2528014.893
35 67 731632.5847
35 68 7194260.154
35 69 6568332.049
35 70 8146979.983
35 71 2037236.526
35 72 6796887.04
35 73 8512024.174
35 74 890887.6337
35 75 9503476.632
35 76 6389207.306
35 77 11025060.84
35 78 2112983.853
35 79 6095493.495
35 80 3097458.833
35 81 10198376.77
35 82 4620368.515
35 83 10731218.65
35 84 1732030.929
35 85 6438640.781
35 86 4757105.516
35 87 6701426.005
35 88 4387380.395
35 89 4675442.364
35 90 9340221.292
35 91 9075426.135
35 92 1324795.758
35 93 7814121.582
35 94 10902354.64
35 95 9100011.316
35 96 8361746.909
35 97 7023937.206
35 98 3270801.429
35 99 2415922.681
36 37 6813408.45
36 38 3582799.163
36 39 8942693.119
36 40 4343653.026
36 41 8056836.028
36 42 962658.7201
36 43 2293166.955
36 44 1474573.357
36 45 6830071.807
36 46 5044132.925
36 47 3461631.44
36 48 4543559.425
36 49 3248839.113
36 50 4230930.755
36 51 5563454.585
36 52 5909528.499
36 53 1684962.018
36 54 3775828.531
36 55 5148795.533
36 56 2666605.705
36 57 2759777.428
36 58 5422364.718
36 59 1768828.982
36 60 6938619.655
36 61 3071155.758
36 62 6441607.934
36 63 4604220.837
36 64 6790079.026
36 65 3672295.649
36 66 6637838.374
36 67 5318179.529
36 68 7365062.226
36 69 1503057.669
36 70 9683367.372
36 71 6380788.074
36 72 8661773.203
36 73 5514824.385
36 74 6499031.999
36 75 8563521.806
36 76 1553313.75
36 77 7908995.266
36 78 6862516.553
36 79 8177250.151
36 80 2621528.536
36 81 8291601.16
36 82 1325900.222
36 83 7630148.406
36 84 4182566.341
36 85 8651851.73
36 86 4548816.578
36 87 1032849.709
36 88 1679578.072
36 89 4486826.111
36 90 5900952.248
36 91 6698301.713
36 92 5610686.904
36 93 2242861.375
36 94 7598265.378
36 95 8286580.233
36 96 3149176.861
36 97 8790276.139
36 98 5656043.701
36 99 3510721.028
37 38 6708408.775
37 39 3397332.722
37 40 2615102.401
37 41 2539431.868
37 42 7170801.036
37 43 6177417.254
37 44 7972448.993
37 45 3964985.289
37 46 7960847.183
37 47 4751735.464
37 48 4014850.961
37 49 4222874.23
37 50 3970772.242
37 51 2359211.292
37 52 4726465.343
37 53 8163863.539
37 54 6355537.904
37 55 4851476.777
37 56 8644957.872
37 57 4403013.584
37 58 2061451.113
37 59 6950585.789
37 60 3872298.817
37 61 6851558.008
37 62 8144986.04
37 63 5640485.29
37 64 4867977.684
37 65 5106342.605
37 66 3286311.481
37 67 5917741.893
37 68 1952774.279
37 69 8298017.424
37 70 3033101.589
37 71 3652341.295
37 72 1857737.478
37 73 5213011.908
37 74 5286375.543
37 75 4404940.644
37 76 8291612.023
37 77 7088772.197
37 78 4005307.391
37 79 1390460.139
37 80 5796797.112
37 81 5530223.931
37 82 5568637.673
37 83 6842313.183
37 84 4513889.15
37 85 1860738.644
37 86 2293893.502
37 87 7657178.829
37 88 5227639.75
37 89 2343237.173
37 90 6133381.792
37 91 5022079.016
37 92 4082885.734
37 93 7795401.17
37 94 7151101.037
37 95 3996726.801
37 96 9925247.508
37 97 2010125.012
37 98 2144068.399
37 99 4522039.406
38 39 7395188.508
38 40 4247254.579
38 41 6732609.164
38 42 4545317.465
38 43 1360324.553
38 44 4904420.193
38 45 8581442.792
38 46 1634558.137
38 47 5894963.135
38 48 6584161.524
38 49 5270765.261
38 50 2765484.479
38 51 6707365.859
38 52 3337363.882
38 53 5087952.413
38 54 444646.7728
38 55 7537983.634
38 56 2891547.39
38 57 2789881.118
38 58 6362115.016
38 59 1915321.277
38 60 8628294.205
38 61 579042.8012
38 62 2868082.37
38 63 7378901.708
38 64 4156197.412
38 65 1607396.116
38 66 8135690.106
38 67 8094569.254
38 68 6243287.13
38 69 4468663.438
38 70 8859318.619
38 71 8083584.48
38 72 8264642.841
38 73 2694036.503
38 74 8841769.74
38 75 6388269.041
38 76 4681132.4
38 77 4574043.938
38 78 8623983.196
38 79 8039763.252
38 80 5628064.971
38 81 5561137.003
38 82 3845182.298
38 83 4326395.766
38 84 6491621.669
38 85 8474559.434
38 86 4688858.151
38 87 3360083.696
38 88 3951106.447
38 89 4694823.356
38 90 2643315.736
38 91 3985608.554
38 92 7611809.782
38 93 2158143.792
38 94 4207224.075
38 95 6251089.488
38 96 5023090.255
38 97 8300566.112
38 98 6681543.801
38 99 5805070.226
39 40 4737370.932
39 41 951193.4961
39 42 9560600.342
39 43 7493083.273
39 44 10321784.97
39 45 7324077.414
39 46 8061616.719
39 47 7816465.341
39 48 7281859.544
39 49 7153664.192
39 50 4916333.024
39 51 5723515.567
39 52 4226390.836
39 53 10530798.51
39 54 6956340.953
39 55 8199741.332
39 56 10018198.55
39 57 6189682.189
39 58 5374251.092
39 59 8426508.086
39 60 7217089.351
39 61 7774512.798
39 62 7579596.286
39 63 8915041.816
39 64 3715532.537
39 65 5952285.213
39 66 6651228.863
39 67 9260810.118
39 68 1692609.387
39 69 10427711.7
39 70 2172345.799
39 71 7040401.971
39 72 2788361.338
39 73 4920426.959
39 74 8682578.258
39 75 1743711.612
39 76 10495991.84
39 77 5498773.415
39 78 7362183.479
39 79 3295502.564
39 80 8692495.827
39 81 3349954.336
39 82 7934432.716
39 83 5362157.293
39 84 7728999.663
39 85 3319605.262
39 86 4729267.142
39 87 9542074.861
39 88 7653607.066
39 89 4818040.699
39 90 5585220.01
39 91 3934758.563
39 92 7469220.575
39 93 9151831.345
39 94 5753757.577
39 95 1515379.69
39 96 11771520.57
39 97 2599390.125
39 98 5511363.422
39 99 7582620.475
40 41 3806574.173
40 42 4858953.393
40 43 3575557.633
40 44 5639916.323
40 45 4692402.237
40 46 5667008.59
40 47 3373009.317
40 48 3312144.293
40 49 2618257.67
40 50 1754240.787
40 51 2655808.571
40 52 3337506.231
40 53 5844533.906
40 54 3950180.011
40 55 4391371.688
40 56 6030105.018
40 57 1789041.536
40 58 2247610.014
40 59 4335610.11
40 60 4695278.124
40 61 4310791.59
40 62 6183298.059
40 63 4764272.268
40 64 3928071.988
40 65 2711096.428
40 66 4130596.505
40 67 5315610.712
40 68 3081391.681
40 69 5846584.601
40 70 5345191.142
40 71 4211897.249
40 72 4395455.529
40 73 3514560.84
40 74 5418200.969
40 75 4800261.776
40 76 5876908.824
40 77 5947570.661
40 78 4737800.002
40 79 4004437.277
40 80 4041760.751
40 81 5180852.049
40 82 3221798.218
40 83 5657246.13
40 84 3555725.038
40 85 4471442.14
40 86 459507.6264
40 87 5107426.328
40 88 2924749.878
40 89 496529.4994
40 90 4409090.402
40 91 3976910.277
40 92 4049191.28
40 93 5180622.859
40 94 5855883.885
40 95 4438734.026
40 96 7384790.612
40 97 4499284.46
40 98 2571628.974
40 99 3156006.068
41 42 8648455.983
41 43 6712167.233
41 44 9416836.423
41 45 6501191.207
41 46 7545229.2
41 47 6866187.898
41 48 6347803.536
41 49 6202552.612
41 50 4134970.345
41 51 4820517.553
41 52 3745475.634
41 53 9624636.75
41 54 6303162.778
41 55 7282240.901
41 56 9255460.644
41 57 5317601.043
41 58 4457396.492
41 59 7630777.678
41 60 6403888.27
41 61 7070388.541
41 62 7232021.848
41 63 7978934.82
41 64 3413789.778
41 65 5224315
41 66 5823408.144
41 67 8339701.452
41 68 741774.1879
41 69 9549726.493
41 70 2267358.356
41 71 6190729.67
41 72 2374295.293
41 73 4417773.462
41 74 7816004.631
41 75 2017241.382
41 76 9608796.951
41 77 5435768.683
41 78 6540940.668
41 79 2719090.09
41 80 7742967.663
41 81 3453878.141
41 82 7016932.08
41 83 5254893.842
41 84 6787421.436
41 85 2865884.877
41 86 3782735.812
41 87 8692721.683
41 88 6729181.091
41 89 3870930.761
41 90 5181494.894
41 91 3624458.477
41 92 6573890.766
41 93 8384230.143
41 94 5628169.15
41 95 1644855.237
41 96 10940404.91
41 97 2245879.013
41 98 4610901.259
41 99 6632418.07
42 43 3249930.397
42 44 802277.4144
42 45 6634471.319
42 46 5991962.82
42 47 3218566.031
42 48 4367988.372
42 49 3228100.155
42 50 5013156.558
42 51 5635801.768
42 52 6767345.64
42 53 994607.9733
42 54 4735400.793
42 55 4786479.148
42 56 3327381.242
42 57 3467717.065
42 58 5568008.146
42 59 2709793.005
42 60 6760243.42
42 61 4030077.822
42 62 7402375.347
42 63 4095830.505
42 64 7639064.278
42 65 4565987.839
42 66 6537010.019
42 67 4775515.571
42 68 7934169.14
42 69 1351696.554
42 70 10127951.73
42 71 6221038.754
42 72 9028380.916
42 73 6410395.358
42 74 6096453.845
42 75 9309124.697
42 76 1226076.919
42 77 8842610.813
42 78 6662130.67
42 79 8493182.977
42 80 2158556.064
42 81 9134949.508
42 82 1637840.332
42 83 8560819.537
42 84 3923021.084
42 85 8964099.58
42 86 4987669.982
42 87 1630849.966
42 88 1955072.985
42 89 4914259.851
42 90 6836187.323
42 91 7559751.7
42 92 5379800.658
42 93 3075443.902
42 94 8539927.993
42 95 9011470.566
42 96 3172143.332
42 97 9176001.305
42 98 5759906.718
42 99 3328776.369
43 44 3698840.915
43 45 7506663.575
43 46 2961198.797
43 47 4618985.432
43 48 5399851.782
43 49 4048185.035
43 50 2579950.218
43 51 5755863.867
43 52 3867840.335
43 53 3896151.825
43 54 1487847.632
43 55 6300349.255
43 56 2550003.768
43 57 1842578.969
43 58 5459408.862
43 59 950078.0193
43 60 7570444.636
43 61 992755.7029
43 62 4218210.828
43 63 6072555.393
43 64 4751573.869
43 65 1621591.592
43 66 7120647.106
43 67 6794235.632
43 68 6116877.017
43 69 3395146.528
43 70 8667299.31
43 71 7012715.63
43 72 7888761.636
43 73 3365360.875
43 74 7630057.019
43 75 6775545.522
43 76 3570305.347
43 77 5642508.114
43 78 7547271.137
43 79 7558830.805
43 80 4278693.038
43 81 6241958.731
43 82 2494400.232
43 83 5370002.568
43 84 5250831.893
43 85 8018361.032
43 86 3963452.449
43 87 2310687.968
43 88 2624982.068
43 89 3944913.759
43 90 3637388.47
43 91 4625449.859
43 92 6458588.483
43 93 1677221.503
43 94 5318406.244
43 95 6563261.309
43 96 4348013.977
43 97 7962008.528
43 98 5764292.384
43 99 4550301.168
44 45 7335765.544
44 46 6232075.85
44 47 3936834.467
44 48 5093832.153
44 49 4006350.514
44 50 5691288.524
44 51 6417752.769
44 52 7383917.036
44 53 212524.8648
44 54 5150811.725
44 55 5426573.56
44 56 3182924.264
44 57 4181625.78
44 58 6360897.635
44 59 2996696.032
44 60 7467642.493
44 61 4353047.17
44 62 7709504.627
44 63 4658514.961
44 64 8264651.585
44 65 5141863.414
44 66 7272836.197
44 67 5300394.904
44 68 8707897.733
44 69 819833.3493
44 70 10924797.67
44 71 6938317.186
44 72 9830104.78
44 73 6981286.315
44 74 6699506.219
44 75 10014180.8
44 76 584723.106
44 77 9340480.104
44 78 7361349.576
44 79 9295395.535
44 80 2813363.931
44 81 9766151.891
44 82 2426425.207
44 83 9066133.388
44 84 4623080.268
44 85 9766227.44
44 86 5781158.484
44 87 1639285.733
44 88 2752092.394
44 89 5708972.142
44 90 7333733.901
44 91 8172305.812
44 92 6075289.796
44 93 3147741.801
44 94 9016608.826
44 95 9727807.587
44 96 2538418.273
44 97 9976990.204
44 98 6546680.856
44 99 4065801.539
45 46 10151146.33
45 47 3417325.049
45 48 2287962.249
45 49 3614377.539
45 50 6436399.727
45 51 2055100.098
45 52 7935035.845
45 53 7457492.973
45 54 8388478.653
45 55 2056410.464
45 56 9374254.724
45 57 5791588.974
45 58 2488293.207
45 59 7884470.743
45 60 170679.0817
45 61 8453078.9
45 62 10844527.71
45 63 3048818.784
45 64 8359668.078
45 65 7245936.888
45 66 679208.0108
45 67 2839785.58
45 68 5905010.368
45 69 7984332.058
45 70 6337028.464
45 71 497950.3958
45 72 4996600.538
45 73 8193571.791
45 74 1536542.653
45 75 8341386.186
45 76 7852242.253
45 77 10519464.2
45 78 45628.68601
45 79 4300060.432
45 80 4527683.923
45 81 9310571.265
45 82 5564905.311
45 83 10240548.05
45 84 2713866.222
45 85 4570805.336
45 86 4251876.586
45 87 7860881.808
45 88 5247260.509
45 89 4198445.719
45 90 9098567.716
45 91 8460773.017
45 92 1261610.026
45 93 8698807.222
45 94 10478308
45 95 7931098.707
45 96 9804686.907
45 97 5232232.433
45 98 2186929.63
45 99 3329414.736
46 47 7529456.912
46 48 8202087.363
46 49 6900041.223
46 50 4008332.581
46 51 8227281.686
46 52 3835386.231
46 53 6394480.762
46 54 1762731.662
46 55 9167422.818
46 56 3579505.053
46 57 4376782.223
46 58 7860024.818
46 59 3282422.63
46 60 10189700.71
46 61 2005003.944
46 62 1567144.003
46 63 9012054.508
46 64 4452650.024
46 65 2957630.474
46 66 9677983.882
46 67 9728547.948
46 68 7176626.127
46 69 5669299.78
46 70 9774514.787
46 71 9653434.416
46 72 9358155.555
46 73 3142989.955
46 74 10463950.09
46 75 6771137.342
46 76 5911386.343
46 77 4029157.387
46 78 10194438.1
46 79 9224759.386
46 80 7239578.226
46 81 5606091.087
46 82 5455394.467
46 83 3858925.933
46 84 8122450.178
46 85 9631343.477
46 86 6122963.561
46 87 4605722.936
46 88 5577469.078
46 89 6142126.84
46 90 2578803.773
46 91 4242723.939
46 92 9217269.184
46 93 3152878.59
46 94 3604295.988
46 95 6730628.499
46 96 5777337.55
46 97 9361124.555
46 98 8183594.138
46 99 7438220.291
47 48 1157670.905
47 49 773595.1474
47 50 4628243.984
47 51 2681663.557
47 52 6499860.926
47 53 4071241.953
47 54 5834304.283
47 55 1721865.425
47 56 6085075.645
47 57 3325194.106
47 58 2775198.596
47 59 4752735.802
47 60 3541728.69
47 61 5611654.991
47 62 8559914.31
47 63 1528979.356
47 64 7208654.043
47 65 4959728.331
47 66 3339064.049
47 67 2216227.144
47 68 6127652.64
47 69 4567330.053
47 70 7775860.378
47 71 3004069.767
47 72 6513323.776
47 73 6471060.084
47 74 3079601.154
47 75 8140987.762
47 76 4439709.79
47 77 9041140.678
47 78 3445795.619
47 79 5877506.079
47 80 1185772.813
47 81 8535148.142
47 82 2292824.653
47 83 8743461.12
47 84 721407.5572
47 85 6318122.418
47 86 3186161.374
47 87 4493443.492
47 88 2041165.646
47 89 3093649.87
47 90 7231514.612
47 91 7222911.879
47 92 2168777.491
47 93 5498022.148
47 94 8868569.456
47 95 7764281.861
47 96 6387468.138
47 97 6704025.962
47 98 2857041.193
47 99 234153.2691
48 49 1372143.347
48 50 4866117.269
48 51 1726287.399
48 52 6629733.246
48 53 5228910.418
48 54 6456482.22
48 55 1080766.982
48 56 7111355.02
48 57 3844736.525
48 58 1953775.722
48 59 5675671.302
48 60 2402545.722
48 61 6378148.493
48 62 9085144.584
48 63 1634696.71
48 64 7239505.986
48 65 5434642.716
48 66 2181727.575
48 67 2042726.535
48 68 5631106.768
48 69 5712827.505
48 70 6968661.234
48 71 1854678.575
48 72 5657355.801
48 73 6721561.207
48 74 2265944.7
48 75 7840733.871
48 76 5591810.355
48 77 9231243.595
48 78 2319620.359
48 79 4987439.838
48 80 2327346.932
48 81 8447537.122
48 82 3293831.205
48 83 8937368.808
48 84 555985.5739
48 85 5401717.687
48 86 2989346.362
48 87 5575235.341
48 88 2989753.002
48 89 2904490.243
48 90 7557922.679
48 91 7288443.787
48 92 1083944.006
48 93 6466538.454
48 94 9109611.392
48 95 7444650.551
48 96 7530854.332
48 97 5864401.915
48 98 1930828.61
48 99 1044051.71
49 50 3860993.349
49 51 2411793.914
49 52 5727615.402
49 53 4169485.137
49 54 5175940.427
49 55 2267413.271
49 56 5760007.655
49 57 2610709.929
49 58 2386014.245
49 59 4303728.213
49 60 3711559.087
49 61 5033644.601
49 62 7867880.568
49 63 2276467.399
49 64 6435276.608
49 65 4241252.15
49 66 3389152.171
49 67 2932590.89
49 68 5461094.024
49 69 4531456.341
49 70 7255301.843
49 71 3148671.826
49 72 6038998.575
49 73 5709056.859
49 74 3582486.987
49 75 7405606.946
49 76 4446069.861
49 77 8275046.237
49 78 3649714.53
49 79 5438076.466
49 80 1576822.037
49 81 7766919.384
49 82 1954811.727
49 83 7977531.381
49 84 1224639.22
49 85 5895342.656
49 86 2464693.697
49 87 4270222.08
49 88 1632885.741
49 89 2372344.445
49 90 6482907.954
49 91 6449343.92
49 92 2453790.295
49 93 5098651.697
49 94 8108278.794
49 95 7034438.435
49 96 6326328.58
49 97 6215492.474
49 98 2546710.958
49 99 589531.0651
50 51 4408795.099
50 52 1901801.579
50 53 5903708.088
50 54 2391029.725
50 55 5938023.936
50 56 5120492.916
50 57 1581941.531
50 58 4001723.677
50 59 3510182.516
50 60 6444308.843
50 61 2997041.983
50 62 4429898.294
50 63 6133747.314
50 64 2702943.15
50 65 1160855.964
50 66 5883853.653
50 67 6762443.656
50 68 3561572.919
50 69 5647409.501
50 70 6151014.002
50 71 5951062.988
50 72 5500708.671
50 73 1859710.849
50 74 7069087.401
50 75 4337382.003
50 76 5755816.308
50 77 4414155.768
50 78 6481612.596
50 79 5280516.497
50 80 4945059.908
50 81 4163357.376
50 82 3544162.063
50 83 4116729.77
50 84 4993676.437
50 85 5711090.973
50 86 2209793.057
50 87 4681514.659
50 88 3386721.21
50 89 2250591.684
50 90 2700201.155
50 91 2670133.481
50 92 5717133.211
50 93 4249365.78
50 94 4257998.71
50 95 4076652.06
50 96 6871050.878
50 97 5541481.138
50 98 4325486.043
50 99 4449111.348
51 52 5881081.367
51 53 6581194.523
51 54 6472997.737
51 55 2492298.794
51 56 7885936.46
51 57 3948831.212
51 58 437810.4374
51 59 6278862.256
51 60 2044755.17
51 61 6648232.759
51 62 8833890.783
51 63 3311705.848
51 64 6325579.321
51 65 5284345.886
51 66 1475073.175
51 67 3558612.297
51 68 4144327.27
51 69 6920333.111
51 70 5251194.07
51 71 1596940.214
51 72 3932652.71
51 73 6142092.27
51 74 3057751.272
51 75 6501078.931
51 76 6847677.848
51 77 8470425.538
51 78 2100728.782
51 79 3261178.38
51 80 3845760.247
51 81 7341123.463
51 82 4237641.603
51 83 8189896.574
51 84 2267199.268
51 85 3678485.035
51 86 2206934.749
51 87 6548921.769
51 88 3885262.722
51 89 2159381.868
51 90 7051177.805
51 91 6419550.283
51 92 1756530.459
51 93 7128042.536
51 94 8424208.513
51 95 6093125.299
51 96 8692897.152
51 97 4141902.901
51 98 215334.1362
51 99 2479813.901
52 53 7593604.359
52 54 2894426.146
52 55 7710377.713
52 56 6171665.416
52 57 3448488.159
52 58 5446743.527
52 59 4801550.023
52 60 7914565.817
52 61 3815293.933
52 62 3533265.47
52 63 7985900.298
52 64 886769.403
52 65 2267940.225
52 66 7321677.556
52 67 8589215.465
52 68 3476584.508
52 69 7217156.728
52 70 6004134.417
52 71 7475038.51
52 72 5767844.8
52 73 695807.1756
52 74 8753811.313
52 75 3054247.712
52 76 7363688.212
52 77 2610360.528
52 78 7980646.188
52 79 5779725.669
52 80 6846336.767
52 81 2387847.427
52 82 5393180.922
52 83 2321419.805
52 84 6815596.359
52 85 6124132.537
52 86 3728923.07
52 87 6164113.255
52 88 5264102.763
52 89 3798291.735
52 90 1465960.186
52 91 792999.4663
52 92 7383110.78
52 93 5356487.363
52 94 2543281.719
52 95 2943948.396
52 96 8182230.483
52 97 5729252.789
52 98 5752121.428
52 99 6310997.398
53 54 5341562.956
53 55 5527349.867
53 56 3278092.812
53 57 4393725.184
53 58 6533087.99
53 59 3176187.603
53 60 7591850.835
53 61 4532584.055
53 62 7881418.702
53 63 4735183.488
53 64 8474765.167
53 65 5349405.212
53 66 7410037.729
53 67 5362840.435
53 68 8914587.004
53 69 865947.8169
53 70 11122384.39
53 71 7067309.653
53 72 10021239.45
53 73 7187650.461
53 74 6784746.384
53 75 10226682.68
53 76 603578.136
53 77 9538602.029
53 78 7482180.002
53 79 9481952.3
53 80 2930041.2
53 81 9976443.809
53 82 2627661.467
53 83 9265208.415
53 84 4748330.402
53 85 9952114.052
53 86 5980867.765
53 87 1791037.319
53 88 2949283.177
53 89 5907956.786
53 90 7532614.817
53 91 8381596.97
53 92 6196054.603
53 93 3290386.342
53 94 9212282.111
53 95 9940125.215
53 96 2478502.891
53 97 10169811.97
53 98 6713608.759
53 99 4207857.33
54 55 7439760.591
54 56 3312248.953
54 57 2619220.988
54 58 6112670.461
54 59 2203478.105
54 60 8427587.652
54 61 957645.1286
54 62 2775640.696
54 63 7339648.128
54 64 3718983.588
54 65 1253919.586
54 66 7918740.97
54 67 8046754.75
54 68 5825908.845
54 69 4766782.769
54 70 8443870.459
54 71 7890744.049
54 72 7876710.45
54 73 2257062.494
54 74 8721450.004
54 75 5944236.882
54 76 4967143.848
54 77 4237192.407
54 78 8431749.11
54 79 7671457.807
54 80 5657382.058
54 81 5135802.239
54 82 3889259.581
54 83 3979096.467
54 84 6400571.433
54 85 8100278.2
54 86 4400300.523
54 87 3657826.586
54 88 3956034.535
54 89 4413175.38
54 90 2268204.335
54 91 3551628.193
54 92 7461501.002
54 93 2549125.896
54 94 3887465.159
54 95 5806469.053
54 96 5416673.165
54 97 7906494.398
54 98 6435058.025
54 99 5728346.436
55 56 7793473.982
55 57 4850991.086
55 58 2825804.699
55 59 6472805.16
55 60 2216371.81
55 61 7290126.613
55 62 10108810.98
55 63 1004972.668
55 64 8317505.611
55 65 6463975.123
55 66 2281624.912
55 67 1066359.281
55 68 6583597.206
55 69 6132579.989
55 70 7689451.6
55 71 1812812.266
55 72 6347873.153
55 73 7795673.629
55 74 1358381.438
55 75 8855193.877
55 76 5972499.107
55 77 10311087.19
55 78 2068961.091
55 79 5653690.243
55 80 2628741.306
55 81 9510857.873
55 82 4014425.159
55 83 10016975.83
55 84 1049572.473
55 85 6026454.324
55 86 4059258.787
55 87 6174091.93
55 88 3759000.966
55 89 3976056.785
55 90 8623952.782
55 91 8368158.471
55 92 917917.816
55 93 7219297.498
55 94 10186564.69
55 95 8454540.932
55 96 7945375.462
55 97 6568545.391
55 98 2707526.539
55 99 1753322.027
56 57 4242176.951
56 58 7660928.418
56 59 1694623.109
56 60 9468840.529
56 61 2362340.215
56 62 5146635.104
56 63 7270619.949
56 64 7019947.307
56 65 4074723.669
56 66 9108972.025
56 67 7983106.024
56 68 8666646.108
56 69 2425861.647
56 70 11213083.68
56 71 8904627.208
56 72 10400614.22
56 73 5562088.865
56 74 9149080.91
56 75 9188690.344
56 76 2693421.959
56 77 7372180.082
56 78 9409712.844
56 79 10034541.63
56 80 5287121.214
56 81 8448050.247
56 82 3817968.96
56 83 7146236.877
56 84 6799808.909
56 85 10500988.81
56 86 6374504.992
56 87 1702982.687
56 88 4127206.576
56 89 6340886.533
56 90 5515805.617
56 91 6859122.477
56 92 8193021.413
56 93 872797.1869
56 94 6977338.997
56 95 9012019.103
56 96 2207170.438
56 97 10483898.26
56 98 7937573.263
56 99 6106875.414
57 58 3632123.708
57 59 2548294.128
57 60 5839475.963
57 61 2699534.525
57 62 5259989.325
57 63 4853795.099
57 64 4277926.493
57 65 1634598.794
57 66 5354761.334
57 67 5534473.29
57 68 4644580.787
57 69 4238057.515
57 70 7070385.359
57 71 5293752.114
57 72 6176733.374
57 73 3258614.486
57 74 6110659.182
57 75 5841524.377
57 76 4311669.68
57 77 5833438.455
57 78 5834108.152
57 79 5792964.226
57 80 3439446.043
57 81 5745204.711
57 82 1962278.932
57 83 5536664.791
57 84 3827187.178
57 85 6260434.914
57 86 2140800.443
57 87 3389538.599
57 88 1815624.144
57 89 2114766.744
57 90 3940166.176
57 91 4232449.717
57 92 4842280.118
57 93 3397426.524
57 94 5618346.344
57 95 5547682.243
57 96 5658802.563
57 97 6272282.289
57 98 3942838.669
57 99 3187316.975
58 59 6027575.192
58 60 2471932.403
58 61 6328187.002
58 62 8430823.244
58 63 3579878.617
58 64 5887773.91
58 65 4908368.514
58 66 1890709.636
58 67 3886776.213
58 68 3765654.921
58 69 6820330.33
58 70 5033190.773
58 71 2034280.143
58 72 3745519.869
58 73 5716536.322
58 74 3477411.675
58 75 6094489.005
58 76 6763942.544
58 77 8033892.999
58 78 2533904.658
58 79 3102430.658
58 80 3899126.689
58 81 6909810.046
58 82 4100222.209
58 83 7753813.428
58 84 2461953.96
58 85 3544136.419
58 86 1793074.498
58 87 6384222.361
58 88 3744883.732
58 89 1751767.684
58 90 6628860.193
58 91 5981904.625
58 92 2151548.985
58 93 6882335.237
58 94 7990014.797
58 95 5687880.983
58 96 8567377.985
58 97 3942683.066
58 98 325108.867
58 99 2556678.189
59 60 7965598.475
59 61 1356534.737
59 62 4719636.17
59 63 6099717.816
59 64 5681753.538
59 65 2569639.17
59 66 7564558.599
59 67 6826618.943
59 68 7018426.87
59 69 2563744.342
59 70 9540454.716
59 71 7401236.166
59 72 8708383.874
59 73 4272596.329
59 74 7827560.884
59 75 7725372.928
59 76 2768841.417
59 77 6439432.484
59 78 7922469.007
59 79 8340023.222
59 80 4179180.451
59 81 7164394.305
59 82 2472841.823
59 83 6178310.358
59 84 5438382.613
59 85 8806368.13
59 86 4683964.762
59 87 1454413.502
59 88 2714372.527
59 89 4652429.733
59 90 4455788.813
59 91 5548409.174
59 92 6757241.763
59 93 858327.5472
59 94 6090631.163
59 95 7513010.665
59 96 3398348.485
59 97 8794203.804
59 98 6315161.179
59 99 4730201.006
60 61 8510691.829
60 62 10860455.46
60 63 3211922.415
60 64 8322996.462
60 65 7274244.833
60 66 606678.1086
60 67 3010070.901
60 68 5818181.048
60 69 8108821.882
60 70 6196829.779
60 71 564903.1322
60 72 4859694.634
60 73 8186685.017
60 74 1697825.6
60 75 8260136.409
60 76 7980099.603
60 77 10491754.46
60 78 181125.8063
60 79 4165494.516
60 80 4663160.52
60 81 9252068.949
60 82 5665138.394
60 83 10214576.04
60 84 2844567.062
60 85 4427339.254
60 86 4250080.716
60 87 7968101.728
60 88 5343513.445
60 89 4199746.29
60 90 9095746.805
60 91 8427957.474
60 92 1400686.371
60 93 8784655.963
60 94 10457527.69
60 95 7850069.869
60 96 9928550.504
60 97 5095754.749
60 98 2162477.574
60 99 3446243.166
61 62 3373799.851
61 63 7062908.451
61 64 4658098.501
61 65 1852591.59
61 66 8043445.741
61 67 7785368.417
61 68 6541786.538
61 69 3896437.825
61 70 9144375.056
61 71 7957037.341
61 72 8477769.32
61 73 3199752.642
61 74 8616130.143
61 75 6848807.192
61 76 4112630.902
61 77 5152442.606
61 78 8494435.916
61 79 8209266.167
61 80 5247975.89
61 81 6088886.079
61 82 3466718.285
61 83 4903494.034
61 84 6240556.551
61 85 8655706.938
61 86 4732475.427
61 87 2789553.877
61 88 3613314.432
61 89 4727087.374
61 90 3212002.131
61 91 4496825.28
61 92 7429581.158
61 93 1592622.403
61 94 4786266.004
61 95 6690304.986
61 96 4460480.858
61 97 8528544.176
61 98 6640981.437
61 99 5541421.7
62 63 10079017.67
62 64 3864767.082
62 65 3650772.882
62 66 10308471.94
62 67 10776113.14
62 68 7008779.98
62 69 7188681.377
62 70 9499379.476
62 71 10353597.6
62 72 9299213.582
62 73 2945843.271
62 74 11344948.66
62 75 6077062.203
62 76 7423313.244
62 77 2753543.822
62 78 10889354.97
62 79 9283725.625
62 80 8432374.452
62 81 4684199.241
62 82 6664405.243
62 83 2661858.962
62 84 9087012.015
62 85 9644209.768
62 86 6639664.55
62 87 6105027.571
62 88 6728301.695
62 89 6679091.735
62 90 2067479.865
62 91 3645882.603
62 92 10034998.6
62 93 4691844.352
62 94 2324592.587
62 95 6127752.321
62 96 7343517.831
62 97 9262517.244
62 98 8754926.267
62 99 8437502.722
63 64 8664405.696
63 65 6488165.641
63 66 3282834.738
63 67 727130.5149
63 68 7258680.798
63 69 5411089.725
63 70 8560336.863
63 71 2817446.115
63 72 7232391.135
63 73 7984897.528
63 74 2060264.596
63 75 9427498.68
63 76 5226257.021
63 77 10547544.56
63 78 3058421.27
63 79 6548147.467
63 80 1984373.487
63 81 9944468.932
63 82 3635254.919
63 83 10250274.16
63 84 1221733.981
63 85 6940513.798
63 86 4504850.07
63 87 5597676.748
63 88 3450532.801
63 89 4414940.156
63 90 8756630.07
63 91 8691012.02
63 92 1912794.672
63 93 6780444.361
63 94 10384456.26
63 95 9036705.526
63 96 7196547.356
63 97 7446495.469
63 98 3524120.508
63 99 1686938.491
64 65 3154707.67
64 66 7720152.497
64 67 9238627.348
64 68 3320685.54
64 69 8103853.998
64 70 5671424.42
64 71 7920451.565
64 72 5634460.641
64 73 1462195.157
64 74 9288286.796
64 75 2319316.669
64 76 8249682.569
64 77 2221482.756
64 78 8404947.988
64 79 5754154.17
64 80 7630827.038
64 81 1502482.958
64 82 6235223.644
64 83 1976135.582
64 84 7470884.978
64 85 6046032.651
64 86 4270140.777
64 87 7050293.813
64 88 6088871.396
64 89 4349058.634
64 90 1896584.331
64 91 219371.4877
64 92 7917217.952
64 93 6217294.871
64 94 2302558.309
64 95 2293846.098
64 96 9054931.983
64 97 5560443.294
64 98 6175608.244
64 99 7009331.651
65 66 6745945.346
65 67 7168503.38
65 68 4689220.38
65 69 4949639.485
65 70 7293823.29
65 71 6750388.602
65 72 6661500.366
65 73 1844849.183
65 74 7694307.537
65 75 5157514.185
65 76 5099325.328
65 77 4330156.388
65 78 7290070.557
65 79 6432638.092
65 80 5001858.802
65 81 4654496.239
65 82 3349513.933
65 83 4039425.767
65 84 5451430.484
65 85 6867207.246
65 86 3165885.122
65 87 3898562.079
65 88 3307758.73
65 89 3184498.548
65 90 2363157.837
65 91 3044118.491
65 92 6390103.487
65 93 3217293.406
65 94 4071924.343
65 95 4954783.397
65 96 5967734.822
65 97 6701885.604
65 98 5232749.751
65 99 4820707.865
66 67 3213749.898
66 68 5225840.246
66 69 7874512.037
66 70 5722177.265
66 71 490838.6052
66 72 4374549.885
66 73 7606376.296
66 74 2113436.199
66 75 7663138.336
66 76 7762773.59
66 77 9893277.947
66 78 720498.804
66 79 3673435.079
66 80 4504619.52
66 81 8645616.106
66 82 5337623.212
66 83 9617229.327
66 84 2688916.988
66 85 3971032.813
66 86 3680133.139
66 87 7658653.011
66 88 5003085.147
66 89 3634092.959
66 90 8519546.887
66 91 7826905.96
66 92 1371568.358
66 93 8396793.08
66 94 9863794.819
66 95 7252893.335
66 96 9686869.1
66 97 4608476.864
66 98 1574226.203
66 99 3209292.328
67 68 7636023.094
67 69 6071281.113
67 70 8743723.287
67 71 2724558.901
67 72 7398799.97
67 73 8620119.355
67 74 1568623.055
67 75 9880121.399
67 76 5875889.594
67 77 11169397.08
67 78 2838668.428
67 79 6701674.502
67 80 2696699.602
67 81 10478442.49
67 82 4362301.722
67 83 10872982.21
67 84 1773654.48
67 85 7063920.977
67 86 5019233.823
67 87 6303022.51
67 88 4174515.985
67 89 4932246.218
67 90 9411327.674
67 91 9275866.441
67 92 1920532.108
67 93 7503755.369
67 94 11019948.74
67 95 9482471.247
67 96 7836910.16
67 97 7621555.276
67 98 3773858.399
67 99 2348275.931
68 69 8862840.061
68 70 2618676.107
68 71 5568058.512
68 72 2316752.037
68 73 4107565.788
68 74 7170359.366
68 75 2453333.391
68 76 8914237.293
68 77 5470992.45
68 78 5946252.538
68 79 2468327.125
68 80 7001378.585
68 81 3678243.603
68 82 6299444.226
68 83 5259152.476
68 84 6061151.799
68 85 2728911.682
68 86 3043177.035
68 87 8031125.817
68 88 6006120.086
68 89 3130917.986
68 90 4941417.862
68 91 3513727.348
68 92 5900855.731
68 93 7793870.415
68 94 5609990.72
68 95 2046398.482
68 96 10290800.89
68 97 2258361.583
68 98 3938729.072
68 99 5894044.404
69 70 11184643.81
69 71 7567142.419
69 72 10150637.48
69 73 6753391.666
69 74 7432257.85
69 75 9983201.055
69 76 267755.3485
69 77 9000460.606
69 78 8012324.048
69 79 9652506.984
69 80 3503919.428
69 81 9604134.865
69 82 2744936.098
69 83 8736661.991
69 84 5274110.873
69 85 10126568.89
69 86 6045341.839
69 87 1109711.844
69 88 3097011.603
69 89 5981402.625
69 90 7009181.132
69 91 7992359.628
69 92 6730833.035
69 93 2524313.293
69 94 8654203.831
69 95 9722226.763
69 96 1820704.685
69 97 10283126.77
69 98 7031887.846
69 99 4670837.535
70 71 6184321.014
70 72 1351369.31
70 73 6667121.381
70 74 7835612.828
70 75 3912981.886
70 76 11202990.54
70 77 7614464.836
70 78 6366576.214
70 79 2054343.029
70 80 8829829.842
70 81 5507845.304
70 82 8500809.757
70 83 7456182.618
70 84 7492319.545
70 85 1777350.167
70 86 5147614.916
70 87 10444231.68
70 88 8173153.605
70 89 5217237.293
70 90 7447320.729
70 91 5884548.472
70 92 6834079.754
70 93 10341734.17
70 94 7839501.753
70 95 3650286.821
70 96 12720812.66
70 97 1123129.351
70 98 5041286.172
70 99 7548004.274
71 72 4834152.127
71 73 7719361.909
71 74 1662394.013
71 75 7986043.375
71 76 7443542.33
71 77 10067037.96
71 78 541005.455
71 79 4131489.402
71 80 4144139.5
71 81 8906500.173
71 82 5102943.436
71 83 9786059
71 84 2320779.693
71 85 4443088.79
71 86 3775896.902
71 87 7409198.558
71 88 4779962.05
71 89 3719806.729
71 90 8620497.121
71 91 8016063.247
71 92 922193.475
71 93 8219792.744
71 94 10017581.13
71 95 7575795.263
71 96 9385488.303
71 97 5066558.867
71 98 1747300.768
71 99 2898343.398
72 73 6370741.857
72 74 6487672.053
72 75 4357073.229
72 76 10147463.6
72 77 7756193.9
72 78 5027216.499
72 79 703042.7821
72 80 7602043.76
72 81 5827596.912
72 82 7425305.263
72 83 7555851.134
72 84 6190112.311
72 85 533856.5786
72 86 4121156.415
72 87 9486293.951
72 88 7085086.937
72 89 4178136.553
72 90 7233285.848
72 91 5829597.266
72 92 5486097.79
72 93 9539284.268
72 94 7914301.553
72 95 4007201.318
72 96 11759830.48
72 97 236803.0329
72 98 3726529.149
72 99 6289772.05
73 74 8907516.087
73 75 3727241.771
73 76 6916199.748
73 77 2579904.637
73 78 8239139.85
73 79 6338316.871
73 80 6697729.49
73 81 2900713.455
73 82 5138337.14
73 83 2282253.606
73 84 6852769.937
73 85 6703015.481
73 86 3943493.3
73 87 5676008.174
73 88 5051861.015
73 89 4001358.204
73 90 930105.6521
73 91 1297212.93
73 92 7546823.147
73 93 4768932.113
73 94 2400127.61
73 95 3633230.399
73 96 7619567.745
73 97 6345173.997
73 98 6032431.186
73 99 6298346.182
74 75 9555266.141
74 76 7259121.993
74 77 11364130.54
74 78 1517104.597
74 79 5786097.068
74 80 3941452.721
74 81 10377308.84
74 82 5372409.21
74 83 11074744.85
74 84 2391462.171
74 85 6081741.161
74 86 5030540.043
74 87 7520737.514
74 88 5113194.082
74 89 4957690.882
74 90 9769228.145
74 91 9361332.127
74 92 1372138.238
74 93 8577485.537
74 94 11272107.84
74 95 9146494.869
74 96 9233153.185
74 97 6721295.83
74 98 3249898.466
74 99 3100007.114
75 76 10093138.81
75 77 3800889.195
75 78 8383384.02
75 79 4736275.393
75 80 8834025.411
75 81 1614725.076
75 82 7754921.446
75 83 3691211.207
75 84 8207075.903
75 85 4865680.061
75 86 4956096.895
75 87 8996105.93
75 88 7529960.777
75 89 5048443.02
75 90 4204069.649
75 91 2528477.378
75 92 8246002.671
75 93 8352337.05
75 94 4088475.057
75 95 410367.4638
75 96 11123556.42
75 97 4202650.833
75 98 6305566.53
75 99 7915292.645
76 77 9194558.953
76 78 7879165.614
76 79 9636098.567
76 80 3347776.9
76 81 9751535.504
76 82 2723937.784
76 83 8927947.412
76 84 5138710.669
76 85 10109323.23
76 86 6056902.194
76 87 1324111.337
76 88 3070027.37
76 89 5990051.279
76 90 7197771.426
76 91 8143413.142
76 92 6594824.142
76 93 2773599.653
76 94 8853622.013
76 95 9824384.624
76 96 1974379.05
76 97 10285050.9
76 98 6966017.042
76 99 4554051.394
77 78 10564985.99
77 79 7932270.165
77 80 9272563.383
77 81 2211537.347
77 82 7676068.972
77 83 297885.0906
77 84 9397017.985
77 85 8196407.898
77 86 6337504.653
77 87 7892926.373
77 88 7611510.424
77 89 6407867.415
77 90 2008134.15
77 91 2081112.776
77 92 9993276.321
77 93 6718743.979
77 94 431765.0403
77 95 3983804.8
77 96 9560622.836
77 97 7658863.44
77 98 8332714.421
77 99 8863267.091
78 79 4331381.809
78 80 4552191.347
78 81 9354719.944
78 82 5599356.309
78 83 10286098.93
78 84 2740485.253
78 85 4599092.284
78 86 4297388.719
78 87 7893599.018
78 88 5282581.764
78 89 4243892.675
78 90 9144063.404
78 91 8506170.834
78 92 1286203.043
78 93 8735955.723
78 94 10523919.29
78 95 7973115.219
78 96 9832808.806
78 97 5262998.152
78 98 2232415.261
78 99 3360114.336
79 80 6987425.219
79 81 6117458.635
79 82 6912767.504
79 83 7713269.693
79 84 5526110.522
79 85 474696.6307
79 86 3681265.787
79 87 9037324.98
79 88 6566305.025
79 89 3727598.4
79 90 7232256.867
79 91 5935892.85
79 92 4786792.679
79 93 9183547.749
79 94 8055043.692
79 95 4360256.522
79 96 11300860.12
79 97 935249.0032
79 98 3059297.539
79 99 5657717.967
80 81 9040373.638
80 82 1784299.976
80 83 8975939.613
80 84 1823419.888
80 85 7437974.582
80 86 3968769.02
80 87 3614233.482
80 88 1710782.553
80 89 3878453.031
80 90 7356999.159
80 91 7612127.071
80 92 3266139.918
80 93 4819044.363
80 94 9050509.647
80 95 8478510.156
80 96 5318426.471
80 97 7782845.497
80 98 4011214.978
80 99 1368000.474
81 82 7707166.086
81 83 2137977.253
81 84 8731918.175
81 85 6310553.155
81 86 5459703.854
81 87 8545944.384
81 88 7545128.762
81 89 5546262.848
81 90 3054262.902
81 91 1616608.904
81 92 9021057.026
81 93 7667046.25
81 94 2535373.487
81 95 1862119.37
81 96 10520278.44
81 97 5697502.867
81 98 7167652.761
81 99 8325334.311
82 83 7383473.199
82 84 2995380.598
82 85 7386260.095
82 86 3355147.965
82 87 2325129.308
82 88 355477.404
82 89 3283779.249
82 90 5709768.563
82 91 6182243.339
82 92 4375057.526
82 93 3205288.132
82 94 7421045.61
82 95 7441157.132
82 96 4467182.268
82 97 7565702.619
82 98 4330669.478
82 99 2294384.15
83 84 9100814.996
83 85 7987591.856
83 86 6050092.564
83 87 7630454.065
83 88 7316628.39
83 89 6119707.317
83 90 1732647.14
83 91 1822949.282
83 92 9704326.253
83 93 6477594.133
83 94 398405.9615
83 95 3847661.304
83 96 9327525.958
83 97 7464897.553
83 98 8054260.62
83 99 8565823.746
84 85 5945648.868
84 86 3284813.143
84 87 5214606.377
84 88 2724568.397
84 89 3195311.437
84 90 7655944.389
84 91 7504959.936
84 92 1456780.329
84 93 6198664.321
84 94 9251663.347
84 95 7817249.225
84 96 7094815.557
84 97 6393946.258
84 98 2466813.07
84 99 708641.847
85 86 4153624.29
85 87 9511545.508
85 88 7039386.253
85 89 4200815.057
85 90 7584563.602
85 91 6235037.455
85 92 5143928.562
85 93 9648206.167
85 94 8338773.98
85 95 4507639.354
85 96 11775455.56
85 97 749267.1922
85 98 3481966.901
85 99 6100768.356
86 87 5367054.278
86 88 3033491.098
86 89 92563.22481
86 90 4846778.845
86 91 4334293.169
86 92 3658518.337
86 93 5536497.15
86 94 6261754.707
86 95 4578127.061
86 96 7639010.772
86 97 4243090.529
86 98 2116163.311
86 99 2959466.804
87 88 2670036.045
87 89 5314282.438
87 90 5904965.253
87 91 6930464.482
87 92 6643436.532
87 93 1511162.44
87 94 7545043.728
87 95 8753285.284
87 96 2277450.762
87 97 9600739.86
87 98 6630985.065
87 99 4543485.59
88 89 2959428.322
88 90 5669737.149
88 91 6047284.263
88 92 4073487.218
88 93 3481259.904
88 94 7373023.261
88 95 7206811.976
88 96 4822581.854
88 97 7228266.31
88 98 3976466.228
88 99 2017025.447
89 90 4900801.278
89 91 4410777.366
89 92 3586034.926
89 93 5506548.355
89 94 6327928.811
89 95 4670632.839
89 96 7584212.427
89 97 4303502.618
89 98 2076116.519
89 99 2867032.907
90 91 1680769.284
90 92 8416561.965
90 93 4801131
90 94 1714224.305
90 95 4190047.137
90 96 7666191.514
90 97 7195144.375
90 98 6946772.194
90 99 7071628.93
91 92 7989357.53
91 93 6064751.834
91 94 2132072.54
91 95 2511188.671
91 96 8910749.66
91 97 5759395.694
91 98 6274486.296
91 99 7027460.67
92 93 7550345.688
92 94 9904699.646
92 95 7839424.074
92 96 8551534.124
92 97 5711050.601
92 98 1963514.266
92 99 2099967.247
93 94 6340352.63
93 95 8165827.392
93 96 2867859.894
93 97 9619647.945
93 98 7167865.354
93 99 5494198.94
94 95 4240202.871
94 96 9171584.776
94 97 7828168.641
94 98 8295164.399
94 99 8697695.612
95 96 10907434.6
95 97 3862725.257
95 98 5897012.861
95 99 7537350.733
96 97 11876443.44
96 98 8793971.888
96 99 6487860.135
97 98 3934081.782
97 99 6479011.041
98 99 2649696.243
