4950
0 1 2848341.602
0 2 4274065.432
0 3 5214452.597
0 4 3726879.924
0 5 6869243.321
0 6 4228978.596
0 7 1951744.26
0 8 3824504.148
0 9 4557538.021
0 10 2425174.104
0 11 4891559.541
0 12 2048124.775
0 13 3886907.478
0 14 4502142.443
0 15 5701695.69
0 16 3142728.729
0 17 6461261.033
0 18 1328165.159
0 19 6308687.925
0 20 3021810.298
0 21 4480669.51
0 22 6767677.454
0 23 3982842.113
0 24 3104078.292
0 25 7288333.1
0 26 4592375.825
0 27 5348905.962
0 28 6885192.861
0 29 1753544.208
0 30 2218535.129
0 31 3475677.494
0 32 4653938.193
0 33 7199516.468
0 34 5349954.436
0 35 4202834.476
0 36 4819530.296
0 37 3811056.594
0 38 4867710.655
0 39 4629090.749
0 40 2934375.272
0 41 3527481.246
0 42 4845611.706
0 43 5897694.577
0 44 3742005.35
0 45 2938543.427
0 46 5377383.453
0 47 6667733.439
0 48 2989144.008
0 49 4664461.594
0 50 5484995.24
0 51 7062692.576
0 52 1901121.983
0 53 5845253.646
0 54 2744905.659
0 55 1954085.255
0 56 3882146.935
0 57 7144707.153
0 58 6132614.507
0 59 5051463.67
0 60 1502718.878
0 61 4388527.181
0 62 7355624.372
0 63 7383400.374
0 64 4946533.815
0 65 6864875.128
0 66 6062152.579
0 67 5849973.994
0 68 6630676.067
0 69 2924274.616
0 70 2049717.403
0 71 5312253.083
0 72 4830330.53
0 73 3100374.098
0 74 2738344.213
0 75 2200636.576
0 76 4771521.037
0 77 3978716.277
0 78 5882173.363
0 79 1042329.878
0 80 5264259.711
0 81 6934161.296
0 82 7004565.892
0 83 190928.9268
0 84 1104024.766
0 85 3380117.399
0 86 1763887.342
0 87 2724429.844
0 88 5453911.265
0 89 4158643.751
0 90 4983393.762
0 91 3119990.711
0 92 5564022.06
0 93 7279627.75
0 94 2815783.131
0 95 2251480.879
0 96 3496284.755
0 97 5205643.717
0 98 3547766.712
0 99 5245425.741
1 2 6831464.612
1 3 8022449.806
1 4 5657521.981
1 5 9511195.64
1 6 6597347.402
1 7 4535158.742
1 8 4899480.202
1 9 7179572.483
1 10 581056.8062
1 11 7479380.82
1 12 2419240.054
1 13 4011817.469
1 14 3177668.622
1 15 8048131.784
1 16 941644.9069
1 17 8663105.213
1 18 1825537.995
1 19 8582956.757
1 20 2707099.724
1 21 6613602.909
1 22 9441319.598
1 23 4548354.405
1 24 5940514.293
1 25 9984747.935
1 26 6656049.943
1 27 7775942.23
1 28 9654865.554
1 29 4459217.461
1 30 1136066.679
1 31 2552578.111
1 32 3394489.88
1 33 9344232.143
1 34 5817261.091
1 35 6790214.695
1 36 3988206.521
1 37 3237367.222
1 38 3334458.726
1 39 7384790.381
1 40 1527751.947
1 41 5360101.306
1 42 7617052.096
1 43 7789210.857
1 44 3186433.111
1 45 5580178.292
1 46 7720835.784
1 47 9401178.282
1 48 3758847.763
1 49 6922938.14
1 50 5516141.703
1 51 9145520.556
1 52 3815115.206
1 53 8483177.08
1 54 333162.3536
1 55 4571397.586
1 56 5090529.204
1 57 9811212.38
1 58 8471010.46
1 59 7897937.028
1 60 1560745.483
1 61 7048585.153
1 62 9701831.807
1 63 9611382.258
1 64 5150759.327
1 65 9401922.357
1 66 8909594.298
1 67 5847242.68
1 68 8946706.977
1 69 2469515.662
1 70 845290.2946
1 71 8143827.093
1 72 7293198.219
1 73 2783878.448
1 74 4491896.636
1 75 4714020.877
1 76 3441752.691
1 77 6440823.637
1 78 8692114.957
1 79 3500241.977
1 80 6745943.918
1 81 9546988.921
1 82 9633291.514
1 83 2889969.409
1 84 3574025.138
1 85 3627877.828
1 86 4148403.233
1 87 4965534.715
1 88 8073972.637
1 89 2779095.706
1 90 7815600.215
1 91 5541237.991
1 92 7963969.207
1 93 9824502.486
1 94 5541185.631
1 95 893246.5419
1 96 5996869.538
1 97 7493090.606
1 98 2684439.293
1 99 8074316.893
2 3 2001218.35
2 4 2027922.875
2 5 2691154.262
2 6 5286583.882
2 7 4131283.29
2 8 3642563.872
2 9 4605842.803
2 10 6284380.827
2 11 4918989.722
2 12 6212635.525
2 13 7725196.128
2 14 8736115.503
2 15 1600428.576
2 16 7342995.264
2 17 7126558.777
2 18 5600400.093
2 19 6830820.273
2 20 5303152.335
2 21 5974400.864
2 22 5747102.605
2 23 7541022.444
2 24 2029141.565
2 25 3213064.084
2 26 6180696.638
2 27 1160723.047
2 28 3090710.536
2 29 3813952.06
2 30 5831004.1
2 31 5964295.687
2 32 8871286.034
2 33 7824456.42
2 34 5033757.23
2 35 143393.7855
2 36 8923674.525
2 37 7931883.671
2 38 9118581.277
2 39 3927122.24
2 40 7206098.276
2 41 5976560.974
2 42 3914393.164
2 43 7380820.516
2 44 7865448.768
2 45 1347029.692
2 46 6010071.359
2 47 2728368.365
2 48 4115171.556
2 49 5798304.046
2 50 5741100.767
2 51 7861433.877
2 52 3110142.249
2 53 1673906.208
2 54 6615227.897
2 55 4043335.412
2 56 3423289.019
2 57 3006686.956
2 58 6530543.077
2 59 2600034.139
2 60 5270989.588
2 61 4357730.663
2 62 7416987.073
2 63 7762060.541
2 64 5241099.321
2 65 2594910.858
2 66 3568020.052
2 67 5988725.392
2 68 2490390.193
2 69 7121439.182
2 70 6171015.734
2 71 2371542.578
2 72 649334.7538
2 73 7241852.944
2 74 5694965.794
2 75 4304619.399
2 76 8996299.48
2 77 4906523.968
2 78 4163392.28
2 79 3363371.015
2 80 7577656.199
2 81 6158314.084
2 82 6140455.218
2 83 4351732.901
2 84 3288773.832
2 85 7262183.34
2 86 4537847.121
2 87 4970270.412
2 88 1257604.347
2 89 8411391.827
2 90 2188068.918
2 91 4701630.604
2 92 1394613.834
2 93 3013276.005
2 94 3641140.591
2 95 6004433.582
2 96 841418.826
2 97 6051113.291
2 98 7759414.887
2 99 3521395.219
3 4 4004736.924
3 5 2207969.502
3 6 4469659.677
3 7 4263724.458
3 8 5592364.251
3 9 3493144.926
3 10 7532140.907
3 11 3710933.484
3 12 6829598.635
3 13 7939666.875
3 14 9329891.092
3 15 2861488.81
3 16 8349123.039
3 17 5835039.343
3 18 6489895.776
3 19 5514577.089
3 20 6980206.266
3 21 5208092.745
3 22 3985063.405
3 23 7581951.1
3 24 2136474.858
3 25 2341969.166
3 26 5419513.492
3 27 2453231.371
3 28 1723120.999
3 29 4069738.368
3 30 7167018.612
3 31 7636443.619
3 32 9425930.936
3 33 6452864.805
3 34 7032035.719
3 35 1906947.923
3 36 9311246.539
3 37 8386252.909
3 38 9744732.059
3 39 2657692.506
3 40 8050225.444
3 41 5655238.041
3 42 2526644.79
3 43 6402482.339
3 44 8326400.541
3 45 2608054.548
3 46 4852479.559
3 47 1644228.37
3 48 5913392.201
3 49 4902266.175
3 50 7724784.283
3 51 6553325.396
3 52 4665018.561
3 53 1568390.247
3 54 7865968.34
3 55 4178990.04
3 56 5387201.66
3 57 2330688.933
3 58 5200175.157
3 59 856991.6476
3 60 6514309.539
3 61 3285052.12
3 62 5873348.832
3 63 6304367.484
3 64 7212504.163
3 65 2655505.224
3 66 1590267.205
3 67 7981221.511
3 68 3378815.959
3 69 7717757.256
3 70 7257571.803
3 71 406032.4962
3 72 2272821.173
3 73 7759681.819
3 74 5673645.618
3 75 4319014.501
3 76 9561818.198
3 77 4131918.87
3 78 2349385.663
3 79 4568700.347
3 80 6954606.065
3 81 4437961.913
3 82 4393817.21
3 83 5222183.3
3 84 4499215.059
3 85 7546466.221
3 86 4759876.511
3 87 4801981.705
3 88 1539814.084
3 89 9063724.277
3 90 450767.4129
3 91 4309300.978
3 92 2611188.987
3 93 2924856.352
3 94 3367052.921
3 95 7291533.367
3 96 2594938.259
3 97 4979451.144
3 98 8346627.051
3 99 1845181.398
4 5 4424749.984
4 6 6327732.813
4 7 4520693.599
4 8 1623469.382
4 9 5942058.839
4 10 5077719.05
4 11 6293928.867
4 12 5768969.787
4 13 7588519.365
4 14 8135624.375
4 15 2538090.718
4 16 6357618.222
4 17 8430925.163
4 18 4906188.659
4 19 8169215.451
4 20 3591098.994
4 21 6909220.601
4 22 7487262.28
4 23 7595264.655
4 24 3183046.709
4 25 5024791.461
4 26 7093913.594
4 27 2412223.45
4 28 5054836.552
4 29 4156233.751
4 30 4545869.516
4 31 4228708.148
4 32 8306324.409
4 33 9170548.405
4 34 3046877.939
4 35 2103394.097
4 36 8534531.461
4 37 7527822.515
4 38 8464563.671
4 39 5441724.494
4 40 6417969.566
4 41 6517471.07
4 42 5502725.429
4 43 8403172.772
4 44 7458576.903
4 45 1944671.879
4 46 7264273.928
4 47 4653196.899
4 48 2294349.74
4 49 6856405.376
4 50 3720091.105
4 51 9150672.339
4 52 1922350.509
4 53 3513065.48
4 54 5381749.341
4 55 4448960.637
4 56 1396681.246
4 57 4769075.493
4 58 7894785.93
4 59 4491995.531
4 60 4163463.115
4 61 5693046.841
4 62 8925637.777
4 63 9185436.58
4 64 3213665.314
4 65 4079367.72
4 66 5529028.035
4 67 3980096.487
4 68 3362862.507
4 69 6619593.963
4 70 5175470.351
4 71 4351443.03
4 72 2086796.748
4 73 6817111.912
4 74 5982252.041
4 75 4771120.617
4 76 8413518.529
4 77 5955623.69
4 78 5994139.341
4 79 2686298.558
4 80 8269652.734
4 81 7852948.222
4 82 7857236.01
4 83 3877442.792
4 84 2628968.371
4 85 7086217.739
4 86 4756639.203
4 87 5493626.603
4 88 3119451.643
4 89 7764056.48
4 90 4124994.066
4 91 5464162.937
4 92 2533628.368
4 93 4488458.425
4 94 4503620.274
4 95 4769074.664
4 96 1491879.803
4 97 7233222.166
4 98 7222213.419
4 99 5306901.509
5 6 6676611.395
5 7 6297560.382
5 8 6004571.62
5 9 5679250.557
5 10 8969667.629
5 11 5871967.207
5 12 8698010.307
5 13 9996172.775
5 14 11229986.11
5 15 2091713.261
5 16 9986359.283
5 17 7921589.691
5 18 8194569.095
5 19 7596009.363
5 20 7931937.278
5 21 7415146.936
5 22 5765411.897
5 23 9691905.735
5 24 4055231.135
5 25 638705.7552
5 26 7626354.979
5 27 2033402.726
5 28 1198471.828
5 29 6051132.258
5 30 8521650.16
5 31 8588223.744
5 32 11346600.69
5 33 8487322.911
5 34 7069293.845
5 35 2722305.407
5 36 11308926.27
5 37 10348452.4
5 38 11629917.48
5 39 4832309.642
5 40 9797096.311
5 41 7832056.007
5 42 4673189.983
5 43 8580057.809
5 44 10285148.44
5 45 3947904.965
5 46 7005019.938
5 47 799184.9556
5 48 6685369.63
5 49 7102296.181
5 50 7879300.32
5 51 8619626.811
5 52 5797362.906
5 53 1028983.353
5 54 9301547.841
5 55 6209355.333
5 56 5754847.575
5 57 348357.6168
5 58 7281774.53
5 59 3004605.123
5 60 7952519
5 61 5480416.051
5 62 7803186.949
5 63 8288062.279
5 64 7459430.066
5 65 718174.7358
5 66 3200963.92
5 67 8053736.896
5 68 1918194.679
5 69 9605435.136
5 70 8828354.394
5 71 2474537.915
5 72 2355979.13
5 73 9687119.323
5 74 7783077.737
5 75 6394094.146
5 76 11477736.11
5 77 6339875.645
5 78 4203616.918
5 79 6022344.667
5 80 9162562.293
5 81 6246059.2
5 82 6170658.832
5 83 6922080.663
5 84 5947796.077
5 85 9573806.763
5 86 6772714.831
5 87 6937707.632
5 88 1437780.963
5 89 10930966.09
5 90 2655037.769
5 91 6483999.278
5 92 1974846.088
5 93 774510.0715
5 94 5497405.351
5 95 8692663.811
5 96 3532537.373
5 97 7151585.73
5 98 10243888.96
5 99 3899024.788
6 7 2287680.319
6 8 7300620.872
6 9 1127458.46
6 10 6375263.651
6 11 1183575.096
6 12 4376325.095
6 13 4397317.813
6 14 6291743.6
6 15 6813986.46
6 16 6391056.333
6 17 2254991.205
6 18 4780199.498
6 19 2081310.032
6 20 7215258.867
6 21 738552.5047
6 22 3110051.06
6 23 3799078.847
6 24 3293310.539
6 25 6736737.902
6 26 949862.1643
6 27 6348594.112
6 28 5966711.132
6 29 2560994.334
6 30 6344140.528
6 31 7702061.177
6 32 6298280.859
6 33 3006599.455
6 34 8974190.595
6 35 5144697.226
6 36 5887072.491
6 37 5217109.757
6 38 6717194.438
6 39 1936071.362
6 40 5776972.694
6 41 1672975.205
6 42 2166480.854
6 43 2103757.602
6 44 5180402.324
6 45 4436904.114
6 46 1150377.935
6 47 6046488.162
6 48 6860059.925
6 49 528950.0798
6 50 9337575.073
6 51 2913025.914
6 52 5393755.885
6 53 5945922.072
6 54 6633452.46
6 55 2301600.083
6 56 7236103.241
6 57 6775289.882
6 58 1908294.365
6 59 3698068.288
6 60 5655564.578
6 61 1246285.724
6 62 3139459.816
6 63 3158591.77
6 64 8770505.365
6 65 7093402.222
6 66 4034239.692
6 67 9686081.214
6 68 7583302.535
6 69 4972987.446
6 70 5766701.469
6 71 4224199.9
6 72 5907723.762
6 73 4840061.939
6 74 2292893.162
6 75 2029008.266
6 76 6438040.338
6 77 381568.1595
6 78 3197461.728
6 79 4567457.066
6 80 2495484.488
6 81 3076012.071
6 82 3186707.958
6 83 4075970.51
6 84 4554901.777
6 85 4206080.115
6 86 2511780.679
6 87 1632028.3
6 88 5758169.629
6 89 6182536.211
6 90 4021576.007
6 91 1109201.928
6 92 6572677.787
6 93 7389096.085
6 94 1830079.343
6 95 6303170.146
6 96 5080341.312
6 97 987437.1865
6 98 5451684.343
6 99 3009287.815
7 8 5208998.518
7 9 2654694.27
7 10 4226874.285
7 11 2971429.449
7 12 2693647.406
7 13 3698839.309
7 14 5106042.307
7 15 5728010.692
7 16 4529726.864
7 17 4535683.028
7 18 2724755.202
7 19 4368834.06
7 20 4928171.755
7 21 2622798.014
7 22 4908207.127
7 23 3428075.05
7 24 2249616.887
7 25 6570662.742
7 26 2765671.25
7 27 5291543.224
7 28 5983049.429
7 29 364616.3666
7 30 4123136.352
7 31 5417157.355
7 32 5187075.484
7 33 5281943.155
7 34 6858995.427
7 35 4011214.957
7 36 5047554.309
7 37 4130399.021
7 38 5529163.866
7 39 2880569.463
7 40 4052307.187
7 41 1996867.761
7 42 3126102.428
7 43 4103304.442
7 44 4072232.168
7 45 2908980.955
7 46 3431502.578
7 47 5885993.879
7 48 4639820.39
7 49 2747061.361
7 50 7146658.813
7 51 5164237.819
7 52 3228220.893
7 53 5353624.853
7 54 4514821.321
7 55 89199.68435
7 56 5184801.457
7 57 6503939.707
7 58 4184426.442
7 59 3817261.931
7 60 3417476.319
7 61 2514159.944
7 62 5404724.574
7 63 5446265.823
7 64 6584805.155
7 65 6496508.485
7 66 4659854.799
7 67 7502977.084
7 68 6619389.208
7 69 3527179.4
7 70 3689895.137
7 71 4218994.439
7 72 4777066.841
7 73 3529386.975
7 74 1564687.977
7 75 277283.0084
7 76 5325199.06
7 77 2027036.312
7 78 4247519.713
7 79 2337541.687
7 80 3759478.784
7 81 5033731.799
7 82 5113395.404
7 83 1810374.458
7 84 2337200.347
7 85 3286881.646
7 86 504035.5458
7 87 980606.7802
7 88 5035764.116
7 89 4871683.911
7 90 3908976.929
7 91 1185642.228
7 92 5525696.006
7 93 6872386.514
7 94 1059823.826
7 95 4112735.224
7 96 3609664.525
7 97 3271717.683
7 98 4135495.331
7 99 3702350.224
8 9 7114293.649
8 10 4333059.044
8 11 7476284.245
8 12 5687963.574
8 13 7641470.281
8 14 7773623.645
8 15 4017256.331
8 16 5738529.747
8 17 9507248.292
8 18 4689410.349
8 19 9274569.744
8 20 2381016.978
8 21 7786099.018
8 22 8870755.811
8 23 7799903.062
8 24 4461052.229
8 25 6617250.862
8 26 7948351.034
8 27 3972848.915
8 28 6676415.86
8 29 4859205.355
8 30 3769090.56
8 31 2929747.822
8 32 7967880.684
8 33 10260186.12
8 34 1675222.045
8 35 3708734.564
8 36 8336303.721
8 37 7362762.697
8 38 8042631.962
8 39 6736422.116
8 40 5980184.971
8 41 7144187.341
8 42 6836518.211
8 43 9286512.495
8 44 7294737.861
8 45 3267384.328
8 46 8338373.745
8 47 6270349.626
8 48 1140994.552
8 49 7817103.578
8 50 2179356.417
8 51 10201184.45
8 52 2001765.545
8 53 5123991.055
8 54 4582836.077
8 55 5156513.254
8 56 259346.5826
8 57 6351723.645
8 58 9023891.303
8 59 6013015.304
8 60 3633019.395
8 61 6875148.293
8 62 10131797.37
8 63 10328419.06
8 64 1635741.007
8 65 5601095.868
8 66 7077849.789
8 67 2483501.725
8 68 4730275.788
8 69 6423844.214
8 70 4639369.067
8 71 5921874.643
8 72 3696183.503
8 73 6674875.427
8 74 6462514.124
8 75 5483222.182
8 76 8055355.791
8 77 6952000.608
8 78 7456358.865
8 79 2940749.266
8 80 8923566.794
8 81 9201214.146
8 82 9220206.667
8 83 4009985.927
8 84 2919124.54
8 85 7134679.805
8 86 5300092.607
8 87 6178237.208
8 88 4736578.626
8 89 7377745.342
8 90 5674826.997
8 91 6309295.559
8 92 4061079.968
8 93 5994758.215
8 94 5489080.143
8 95 4023523.634
8 96 3012806.097
8 97 8261220.918
8 98 6959468.336
8 99 6755147.927
9 10 6881566.126
9 11 363254.2429
9 12 5137415.893
9 13 5428064.93
9 14 7248153.59
9 15 6042365.707
9 16 7099500.134
9 17 2526725.358
9 18 5358264.214
9 19 2242822.041
9 20 7398524.847
9 21 1823590.018
9 22 2267292.527
9 23 4868187.347
9 24 2766067.025
9 25 5690467.555
9 26 2022775.504
9 27 5580032.76
9 28 4897359.344
9 29 2804024.545
9 30 6763203.292
9 31 7945568.655
9 32 7273468.092
9 33 3245090.961
9 34 8782017.08
9 35 4462563.009
9 36 6915803.947
9 37 6183003.325
9 38 7677568.818
9 39 852368.9233
9 40 6544972.916
9 41 2732155.378
9 42 1056073.485
9 43 2909956.597
9 44 6140414.295
9 45 3998203.822
9 46 1409684.389
9 47 5010358.469
9 48 6846999.799
9 49 1445329.022
9 50 9237890.481
9 51 3260368.783
9 52 5347757.549
9 53 5025925.194
9 54 7168351.423
9 55 2629838.157
9 56 7011798.206
9 57 5750774.077
9 58 1956951.195
9 59 2675142.346
9 60 6051405.587
9 61 251403.6258
9 62 3017647.247
9 63 3243493.967
9 64 8670545.058
9 65 6146560.703
9 66 2913720.372
9 67 9570761.424
9 68 6745811.997
9 69 5832981.524
9 70 6334827.414
9 71 3205667.589
9 72 5186263.944
9 73 5738965.071
9 74 3201079.483
9 75 2465717.906
9 76 7414377.626
9 77 946378.2069
9 78 2074530.811
9 79 4644513.142
9 80 3577765.873
9 81 2380750.261
9 82 2458710.935
9 83 4437400.039
9 84 4614446.903
9 85 5188120.092
9 86 3036719.697
9 87 2377093.959
9 88 4886853.926
9 89 7103190.463
9 90 3042775.198
9 91 1722442.127
9 92 5792780.051
9 93 6414697.037
9 94 1772832.446
9 95 6763287.121
9 96 4562375.752
9 97 1494188.505
9 98 6360476.561
9 99 1901354.58
10 11 7194992.527
10 12 2427625.045
10 13 4205712.811
10 14 3615861.562
10 15 7478181.101
10 16 1429642.547
10 17 8501866.939
10 18 1620376.47
10 19 8401292.132
10 20 2203849.001
10 21 6453642.624
10 22 9129376.413
10 23 4675917.53
10 24 5476624.173
10 25 9453163.877
10 26 6513708.925
10 27 7212331.819
10 28 9144544.164
10 29 4111958.925
10 30 564011.8095
10 31 2146708.836
10 32 3828080.341
10 33 9202096.711
10 34 5307059.188
10 35 6247386.837
10 36 4363336.859
10 37 3533764.394
10 38 3812844.056
10 39 7030490.629
10 40 1864160.374
10 41 5250329.09
10 42 7254619.635
10 43 7700172.517
10 44 3476399.013
10 45 5052545.262
10 46 7514422.629
10 47 8879832.523
10 48 3194014.583
10 49 6733783.625
10 50 5053097.456
10 51 9018633.291
10 52 3245162.568
10 53 7943041.716
10 54 334671.8591
10 55 4253820.731
10 56 4519613.018
10 57 9273672.389
10 58 8270439.308
10 59 7444896.247
10 60 1023585.162
10 61 6735678.502
10 62 9504499.019
10 63 9447785.99
10 64 4660137.206
10 65 8845755.667
10 66 8474615.734
10 67 5393685.296
10 68 8373651.463
10 69 2682628.237
10 70 701081.5954
10 71 7669415.734
10 72 6734033.632
10 73 2995429.758
10 74 4375074.643
10 75 4428240.901
10 76 3888945.602
10 77 6190437.361
10 78 8305326.885
10 79 2980219.415
10 80 6737495.324
10 81 9259999.755
10 82 9340269.66
10 83 2495144.976
10 84 3052873.786
10 85 3778435.644
10 86 3881781.979
10 87 4753518.489
10 88 7531893.675
10 89 3212402.644
10 90 7342415.701
10 91 5293031.501
10 92 7397816.69
10 93 9268577.495
10 94 5194993.957
10 95 313090.4325
10 96 5446847.285
10 97 7300799.831
10 98 3007738.602
10 99 7670565.436
11 12 5389721.918
11 13 5569773.565
11 14 7433063.166
11 15 6327857.457
11 16 7370487.412
11 17 2208113.343
11 18 5654989.177
11 19 1913025.856
11 20 7751702.424
11 21 1796309.523
11 22 2001688.877
11 23 4981269.425
11 24 3113904.648
11 25 5847983.741
11 26 1978026.672
11 27 5867870.309
11 28 5036777.639
11 29 3138910.495
11 30 7090178.514
11 31 8294272.196
11 32 7449027.924
11 33 2911519.118
11 34 9143329.192
11 35 4776044.196
11 36 7059971.686
11 37 6362084.362
11 38 7860939.821
11 39 1056234.914
11 40 6798695.019
11 41 2849818.935
11 42 1199708.036
11 43 2711919.149
11 44 6322303.766
11 45 4349371.483
11 46 1142327.155
11 47 5178804.605
11 48 7209321.032
11 49 1369385.386
11 50 9601034.582
11 51 2943019.421
11 52 5710242.816
11 53 5262266.594
11 54 7477174.857
11 55 2951914.466
11 56 7372598.571
11 57 5924985.434
11 58 1618196.441
11 59 2872489.557
11 60 6380404.834
11 61 603189.7885
11 62 2655519.802
11 63 2892725.357
11 64 9033719.545
11 65 6365825.949
11 66 2983857.676
11 67 9933718.021
11 68 7008673.057
11 69 6055635.222
11 70 6635905.396
11 71 3399680.993
11 72 5487812.367
11 73 5946799.797
11 74 3395690.256
11 75 2768750.051
11 76 7589461.139
11 77 1116406.855
11 78 2066951.868
11 79 5001503.946
11 80 3509682.854
11 81 2067707.771
11 82 2155313.754
11 83 4766769.719
11 84 4972359.383
11 85 5357558.378
11 86 3331125.652
11 87 2612974.861
11 88 5143991.255
11 89 7304175.922
11 90 3263852.356
11 91 1971763.885
11 92 6076674.684
11 93 6618554.448
11 94 2124940.623
11 95 7084104.839
11 96 4903103.937
11 97 1282549.594
11 98 6565424.32
11 99 2018050.503
12 13 1977500.985
12 14 2533262.994
12 15 7702062.99
12 16 2024267.538
12 17 6315611.38
12 18 1039723.477
12 19 6263087.372
12 20 4220174.286
12 21 4281738.408
12 22 7390648.505
12 23 2302772.8
12 24 4705974.267
12 25 9054387.381
12 26 4300635.172
12 27 7327441.132
12 28 8549014.081
12 29 2790258.8
12 30 2690925.94
12 31 4405560.831
12 32 2659822.592
12 33 6972748.696
12 34 7059603.466
12 35 6125443.259
12 36 2771611.788
12 37 1763075.329
12 38 2932474.298
12 39 5525319.432
12 40 1408973.608
12 41 2982339.712
12 42 5780169.256
12 43 5382619.489
12 44 1694085.553
12 45 4865950.105
12 46 5449438.746
12 47 8395575.993
12 48 4692241.762
12 49 4632366.63
12 50 7022589.726
12 51 6760914.219
12 52 3898211.63
12 53 7694687.822
12 54 2570532.171
12 55 2761981.348
12 56 5787672.511
12 57 8945777.838
12 58 6181319.047
12 59 6475249.66
12 60 2284676.952
12 61 5056946.31
12 62 7397575.156
12 63 7261962.269
12 64 6537639.024
12 65 8771123.735
12 66 7351623.237
12 67 7384628.439
12 68 8631063.192
12 69 910175.3586
12 70 1726565.4
12 71 6839308.982
12 72 6802759.573
12 73 1052833.772
12 74 2138913.714
12 75 2768791.51
12 76 2786903.565
12 77 4290151.776
12 78 6918709.391
12 79 3089711.133
12 80 4331082.843
12 81 7426562.774
12 82 7527416.709
12 83 1916164.65
12 84 3152130.903
12 85 1483341.203
12 86 2202804.85
12 87 2779259.811
12 88 7325519.212
12 89 2238619.521
12 90 6518062.543
12 91 3419693.66
12 92 7549393.47
12 93 9176078.884
12 94 3749832.177
12 95 2517113.643
12 96 5480230.963
12 97 5200096.321
12 98 1549502.414
12 99 6393897.809
13 14 2027374.68
13 15 9289078.681
13 16 3261252.005
13 17 5765563.357
13 18 3015323.078
13 19 5816676.967
13 20 6169667.828
13 21 3982710.047
13 22 7492037.555
13 23 722380.1341
13 24 5944143.597
13 25 10262698.67
13 26 3902277.912
13 27 8878288.96
13 28 9647023.547
13 29 3956311.445
13 30 4572098.218
13 31 6299039.569
13 32 1976137.109
13 33 6284538.098
13 34 9036453.615
13 35 7618348.623
13 36 1490208.277
13 37 1026032.475
13 38 2420924.235
13 39 6053781.598
13 40 2531290.79
13 41 2724650.751
13 42 6315791.429
13 43 4567630.492
13 44 1029705.772
13 45 6411955.461
13 46 5215246.569
13 47 9573788.818
13 48 6666031.297
13 49 4428212.085
13 50 8993490.847
13 51 6016609.178
13 52 5785455.016
13 53 9044652.691
13 54 4254827.354
13 55 3786893.16
13 56 7728696.367
13 57 10201725.13
13 58 5835706.374
13 59 7411772.432
13 60 4246216.133
13 61 5439773.81
13 62 6937829.399
13 63 6653939.916
13 64 8513334.562
13 65 10177844.67
13 66 8102984.039
13 67 9354364.081
13 68 10206027.75
13 69 1542368.559
13 70 3533877.129
13 71 7857653.741
13 72 8353194.146
13 73 1228026.144
13 74 2310743.797
13 75 3620905.597
13 76 2108266.223
13 77 4482915.102
13 78 7451378.1
13 79 4910767.914
13 80 3225203.573
13 81 7399610.621
13 82 7522606.326
13 83 3721919.131
13 84 4963833.945
13 85 508049.2902
13 86 3227905.283
13 87 3211275.283
13 88 8714766.038
13 89 2065885.6
13 90 7561775.096
13 91 3825621.819
13 92 9108998.126
13 93 10560856.46
13 94 4590633.453
13 95 4364543.154
13 96 7081814.503
13 97 4925862.51
13 98 1525923.023
13 99 7072612.01
14 15 10201330.95
14 16 2237712.618
14 17 7788006.55
14 18 3232666.12
14 19 7829983.189
14 20 5815760.882
14 21 5952625.327
14 22 9401734.178
14 23 2746634.71
14 24 7221273.847
14 25 11578539.94
14 26 5890330.153
14 27 9838917.178
14 28 11052648.54
14 29 5262761.694
14 30 4139043.312
14 31 5727509.63
14 32 218887.3024
14 33 8311836.182
14 34 8902640.445
14 35 8652105.51
14 36 968002.5603
14 37 1075731.854
14 38 430340.6843
14 39 7780830.747
14 40 1798732.237
14 41 4645140.041
14 42 8042886.559
14 43 6594228.68
14 44 1111457.828
14 45 7389168.382
14 46 7189587.151
14 47 10914169.92
14 48 6671521.412
14 49 6384927.686
14 50 8668509.186
14 51 8042988.047
14 52 6217522.637
14 53 10227885.01
14 54 3500847.719
14 55 5184507.2
14 56 7920915.492
14 57 11475000
14 58 7835728.192
14 59 8923288.768
14 60 4140644.419
14 61 7222615.222
14 62 8956806.644
14 63 8680726.092
14 64 8271832.866
14 65 11302343.95
14 66 9733970.978
14 67 9007232.665
14 68 11130683.97
14 69 1624557.24
14 70 3149273.451
14 71 9315651.409
14 72 9316372.507
14 73 1576659.093
14 74 4047161.986
14 75 5118091.937
14 76 281845.1728
14 77 6321088.29
14 78 9191897.051
14 79 5517292.456
14 80 5237692.319
14 81 9345053.975
14 82 9463062.848
14 83 4398790.416
14 84 5585791.144
14 85 2090591.428
14 86 4602007.759
14 87 4904255.081
14 88 9858495.844
14 89 403780.7956
14 90 8999818.513
14 91 5558061.542
14 92 10057684.44
14 93 11708325.78
14 94 6124775.402
14 95 3883465.734
14 96 7986900.646
14 97 6904967.181
14 98 986639.6417
14 99 8735541.299
15 16 8655946.552
15 17 8526167.454
15 18 7006876.264
15 19 8217678.682
15 20 6128865.212
15 21 7519090.865
15 22 6845774.647
15 23 9127858.877
15 24 3612140.928
15 25 2729952.507
15 26 7728042.879
15 27 465462.2339
15 28 3051072.462
15 29 5405527.104
15 30 6975750.726
15 31 6766321.061
15 32 10347618.66
15 33 9192253.79
15 34 4982679.262
15 35 1728346.486
15 36 10445292.52
15 37 9444851.766
15 38 10569386.79
15 39 5291111.815
15 40 8597923.38
15 41 7573569.001
15 42 5228226.048
15 43 8888107.698
15 44 9377348.44
15 45 2877185.647
15 46 7451417.424
15 47 2591650.997
15 48 4830349.624
15 49 7313460.888
15 50 5800605.344
15 51 9258462.558
15 52 4233265.231
15 53 1516368.841
15 54 7797476.714
15 55 5640412.095
15 56 3760409.207
15 57 2435668.039
15 58 7908825.075
15 59 3673807.81
15 60 6502233.122
15 61 5802007.964
15 62 8688173.458
15 63 9085356.788
15 64 5398417.038
15 65 1590421.781
15 66 4392350.181
15 67 5966347.573
15 68 929438.397
15 69 8603870.216
15 70 7467533.556
15 71 3265397.129
15 72 951668.0928
15 73 8745214.162
15 74 7292459.38
15 75 5904564.57
15 76 10468138.39
15 77 6437927.417
15 78 5210639.397
15 79 4715412.804
15 80 9154485.504
15 81 7295134.9
15 82 7253903.692
15 83 5803019.372
15 84 4643200.331
15 85 8817391.093
15 86 6125163.696
15 87 6570080.366
15 88 1340862.757
15 89 9860316.06
15 90 3226467.036
15 91 6287490.27
15 92 254071.6864
15 93 1977589.518
15 94 5226855.08
15 95 7179416.994
15 96 2223610.295
15 97 7521022.619
15 98 9236882.686
15 99 4669657.284
16 17 8331922.181
16 18 1871959.297
16 19 8285395.947
16 20 3625668.86
16 21 6304147.825
16 22 9364533.961
16 23 3866742.507
16 24 6223332.16
16 25 10422932.89
16 26 6317846.284
16 27 8351149.766
16 28 10027477.61
16 29 4529391.59
16 30 1985520.785
16 31 3494174.03
16 32 2455141.51
16 33 8977480.561
16 34 6733705.727
16 35 7286555.075
16 36 3070804.393
16 37 2391773.859
16 38 2396300.328
16 39 7409921.415
16 40 738520.1602
16 41 4994907.253
16 42 7655725.817
16 43 7355133.893
16 44 2348597.539
16 45 6038975.224
16 46 7472926.202
16 47 9808766.034
16 48 4605032.698
16 49 6656484.666
16 50 6453079.654
16 51 8756685.185
16 52 4458844.72
16 53 8958413.822
16 54 1269512.507
16 55 4581952.358
16 56 5914591.722
16 57 10270731.86
16 58 8205584.285
16 59 8131408.581
16 60 2195026.209
16 61 6998069.267
16 62 9420992.381
16 63 9276495.69
16 64 6078075.238
16 65 9935542.899
16 66 9092140.632
16 67 6786239.585
16 68 9570804.451
16 69 1758023.322
16 70 1189717.719
16 71 8427938.55
16 72 7850416.009
16 73 2054487.332
16 74 4162050.293
16 75 4661822.59
16 76 2500379.591
16 77 6286052.603
16 78 8770322.145
16 79 3980140.598
16 80 6207884.877
16 81 9423020.006
16 82 9519763.79
16 83 3126982.334
16 84 4054651.276
16 85 2941906.827
16 86 4082147.143
16 87 4776787.875
16 88 8558560.235
16 89 1841137.94
16 90 8099389.742
16 91 5400172.908
16 92 8551105.995
16 93 10355463.97
16 94 5580307.843
16 95 1726412.99
16 96 6526779.095
16 97 7224356.308
16 98 1825738.869
16 99 8194275.992
17 18 6884101.196
17 19 326841.7242
17 20 9462960.316
17 21 2050360.843
17 22 2635520.388
17 23 5057924.447
17 24 5277029.89
17 25 7811867.737
17 26 2014978.91
17 27 8068315.68
17 28 6967841.482
17 29 4815910.236
17 30 8521947.307
17 31 9936848.651
17 32 7741230.609
17 33 754860.679
17 34 11182440.12
17 35 6983519.8
17 36 7167915.466
17 37 6737220.124
17 38 8186482.295
17 39 3235360.184
17 40 7656659.592
17 41 3337227.009
17 42 3318410.614
17 43 1333814.461
17 44 6718256.416
17 45 6495447.989
17 46 1170974.266
17 47 7180881.122
17 48 9108430.667
17 49 1797157.642
17 50 11573928.71
17 51 734919.3053
17 52 7633148.609
17 53 7402107.074
17 54 8736432.622
17 55 4553593.485
17 56 9427785.243
17 57 7930294.449
17 58 639863.516
17 59 4979472.468
17 60 7850885.545
17 61 2777541.476
17 62 1180785.222
17 63 948319.5246
17 64 11006006.35
17 65 8467818.791
17 66 4813842.591
17 67 11919118.31
17 68 9181727.247
17 69 6737800.85
17 70 7857854.173
17 71 5488916.237
17 72 7695039.12
17 73 6537353.373
17 74 4181633.514
17 75 4270790.527
17 76 7871931.941
17 77 2570146.266
17 78 3787980.565
17 79 6820637.232
17 80 2735414.511
17 81 2263929.864
17 82 2403105.429
17 83 6300989.321
17 84 6806695.47
17 85 5746214.417
17 86 4713552.68
17 87 3773689.346
17 88 7314815.957
17 89 7772913.102
17 90 5399402.155
17 91 3350407.042
17 92 8273966.212
17 93 8686414.364
17 94 4019574.301
17 95 8459378.093
17 96 7081337.052
17 97 1267673.233
17 98 7098815.523
17 99 4026448.871
18 19 6788658.369
18 20 3191959.669
18 21 4834864.863
18 22 7622669.006
18 23 3323790.607
18 24 4358540.047
18 25 8605566.704
18 26 4893385.995
18 27 6664826.955
18 28 8179793.731
18 29 2682629.111
18 30 1744010.708
18 31 3417258.438
18 32 3400366.244
18 33 7582082.864
18 34 6026431.182
18 35 5530522.57
18 36 3667880.458
18 37 2678798.072
18 38 3576823.765
18 39 5595119.803
18 40 1606292.083
18 41 3634372.479
18 42 5834056.392
18 43 6086481.856
18 44 2610204.387
18 45 4266657.872
18 46 5911410.995
18 47 7976818.883
18 48 3667043.932
18 49 5122746.209
18 50 5983059.547
18 51 7398329.932
18 52 2994181.159
18 53 7171754.593
18 54 1856318.789
18 55 2766776.097
18 56 4803258.936
18 57 8467062.996
18 58 6665082.72
18 59 6259455.082
18 60 1254240.404
18 61 5232782.308
18 62 7898269.13
18 63 7830766.512
18 64 5498331.407
18 65 8192427.422
18 66 7224244.027
18 67 6345286.002
18 68 7934141.848
18 69 1743605.568
18 70 986960.9374
18 71 6559661.653
18 72 6149170.715
18 73 1985557.444
18 74 2759272.066
18 75 2892803.556
18 76 3509067.336
18 77 4616298.919
18 78 6931831.849
18 79 2296375.029
18 80 5171085.171
18 81 7722361.844
18 82 7809552.725
18 83 1277519.141
18 84 2367024.935
18 85 2523054.375
18 86 2323898.184
18 87 3150704.956
18 88 6781592.948
18 89 2870022.436
18 90 6231408.939
18 91 3716585.775
18 92 6876920.075
18 93 8607533.766
18 94 3752985.297
18 95 1618334.049
18 96 4814591.163
18 97 5691355.48
18 98 2321109.847
18 99 6339720.629
19 20 9295536.327
19 21 1981362.054
19 22 2341356.644
19 23 5118891.735
19 24 5004255.105
19 25 7485032.251
19 26 1979986.151
19 27 7760997.567
19 28 6641023.104
19 29 4634490.268
19 30 8400869.161
19 31 9782884.237
19 32 7792128.814
19 33 1002878.507
19 34 10949111.84
19 35 6688013.949
19 36 7242324.73
19 37 6769951.748
19 38 8234701.961
19 39 2926860.882
19 40 7622865.676
19 41 3303067.84
19 42 3002236.192
19 43 1525473.989
19 44 6747796.373
19 45 6229407.293
19 46 947471.272
19 47 6854405.799
19 48 8904106.224
19 49 1668070.417
19 50 11356503.44
19 51 1042062.551
19 52 7421261.355
19 53 7082222.387
19 54 8644400.354
19 55 4381236.909
19 56 9189150.503
19 57 7603754.965
19 58 314858.1071
19 59 4658477.716
19 60 7720999.868
19 61 2494224.154
19 62 1141009.608
19 63 1078502.626
19 64 10788252.99
19 65 8144446.034
19 66 4487256.791
19 67 11699089.19
19 68 8865909.171
19 69 6725037.666
19 70 7768416.913
19 71 5166228.825
19 72 7393469.337
19 73 6536814.817
19 74 4124199.284
19 75 4109873.536
19 76 7924913.766
19 77 2369481.413
19 78 3461651.107
19 79 6626422.545
19 80 2880802.594
19 81 1992535.163
19 82 2132840.105
19 83 6153362.88
19 84 6609632.347
19 85 5768817.24
19 86 4576326.777
19 87 3653336.652
19 88 6999245.26
19 89 7798082.301
19 90 5080412.777
19 91 3188993.727
19 92 7965097.801
19 93 8361295.513
19 94 3795786.626
19 95 8347456.928
19 96 6804534.988
19 97 1106478.943
19 98 7110583.125
19 99 3702032.607
20 21 7500947.537
20 22 9489469.033
20 23 6515597.945
20 24 5248780.592
20 25 8496813.036
20 26 7614184.297
20 27 5973839.712
20 28 8377435.218
20 29 4667240.316
20 30 1681454.478
20 31 661733.2827
20 32 6026219.239
20 33 10206833.74
20 34 3110305.011
20 35 5315325.991
20 36 6528188.298
20 37 5641406.115
20 38 6016179.038
20 39 7288802.616
20 40 4040506.406
20 41 6518396.328
20 42 7461754.725
20 43 8916333.964
20 44 5578964.835
20 45 4375350.256
20 46 8354528.494
20 47 8030649.428
20 48 1316814.37
20 49 7669992.738
20 50 2867419.939
20 51 10078184.96
20 52 2325414.641
20 53 6953746.426
20 54 2374406.988
20 55 4914306.492
20 56 2615020.766
20 57 8266490.051
20 58 9102319.262
20 59 7147475.726
20 60 1937810.737
20 61 7197728.265
20 62 10309724.67
20 63 10373578.26
20 64 2456588.561
20 65 7650978.557
20 66 8239423.817
20 67 3217505.329
20 68 6940200.628
20 69 4732298.426
20 70 2720784.7
20 71 7222074.744
20 72 5579436.525
20 73 5028636.573
20 74 5688197.94
20 75 5192241.461
20 76 6090480.294
20 77 6937507.722
20 78 8341342.734
20 79 2768764.438
20 80 8208200.962
20 81 9723029.646
20 82 9775273.603
20 83 3196598.898
20 84 2808652.394
20 85 5693493.634
20 86 4785372.554
20 87 5746093.137
20 88 6539505.666
20 89 5411997.179
20 90 6919827.305
20 91 6112672.216
20 92 6113836.509
20 93 8065717.232
20 94 5626786.961
20 95 1933542.803
20 96 4493715.47
20 97 8199883.917
20 98 5149776.119
20 99 7646195.414
21 22 3545441.685
21 23 3329623.11
21 24 3960660.814
21 25 7472731.7
21 26 212266.0154
21 27 7054186.55
21 28 6698268.663
21 29 2947164.454
21 30 6486724.403
21 31 7945035.943
21 32 5935912.89
21 33 2752452.055
21 34 9450885.08
21 35 5833678.509
21 36 5456381.343
21 37 4879761.336
21 38 6369129.363
21 39 2657375.487
21 40 5644904.123
21 41 1336329.835
21 42 2877630.563
21 43 1503071.265
21 44 4851050.898
21 45 5058590.214
21 46 1236963.134
21 47 6783417.398
21 48 7261981.673
21 49 459132.9003
21 50 9765356.201
21 51 2589982.078
21 52 5832842.006
21 53 6679574.322
21 54 6686267.063
21 55 2659367.048
21 56 7740076.713
21 57 7513240.005
21 58 1917095.974
21 59 4435010.071
21 60 5826279.213
21 61 1970386.799
21 62 3117727.089
21 63 2998277.426
21 64 9201921.05
21 65 7829115.925
21 66 4736341.581
21 67 10120059.15
21 68 8301689.242
21 69 4763137.884
21 70 5807541.195
21 71 4961800.373
21 72 6603213.227
21 73 4589869.13
21 74 2142886.153
21 75 2346421.241
21 76 6072870.935
21 77 1090941.273
21 78 3859153.794
21 79 4958978.129
21 80 1761688.352
21 81 3420465.734
21 82 3545958.752
21 83 4311120.347
21 84 4956153.935
21 85 3866242.464
21 86 2717204.833
21 87 1758749.46
21 88 6485447.486
21 89 5886667.389
21 90 4760109.39
21 91 1476807.683
21 92 7280331.123
21 93 8126796.483
21 94 2416560.792
21 95 6416897.022
21 96 5721269.45
21 97 954597.0014
21 98 5179284.167
21 99 3723109.774
22 23 6864392.157
22 24 4417537.188
22 25 5525339.265
22 26 3671122.184
22 27 6428263.909
22 28 4672768.026
22 29 5024965.187
22 30 8984859
22 31 10069830.41
22 32 9407565.492
22 33 2952675.537
22 34 10488618.8
22 35 5616618.234
22 36 8978038.562
22 37 8327160.1
22 38 9827239.742
22 39 2202396.354
22 40 8799566.387
22 41 4771617.213
22 42 2051890.148
22 43 3802489.963
22 44 8290347.417
22 45 5608777.373
22 46 2388167.837
22 47 4975397.219
22 48 8790736.826
22 49 3087307.003
22 50 11044769.28
22 51 3172878.913
22 52 7305806.478
22 53 5486539.187
22 54 9421836.595
22 55 4876850.601
22 56 8726114.228
22 57 5698947.834
22 58 2095559.723
22 59 3189424.403
22 60 8269682.374
22 61 2394391.068
22 62 2099180.871
22 63 2648425.783
22 64 10487501.17
22 65 6401548.12
22 66 2569431.763
22 67 11354174.55
22 68 7320309.424
22 69 8052941.31
22 70 8596126.761
22 71 3583445.157
22 72 6181732.034
22 73 7936674.242
22 74 5383443.647
22 75 4730048.154
22 76 9547133.25
22 77 3112708.909
22 78 1636054.028
22 79 6721731.949
22 80 5008086.367
22 81 482956.7859
22 82 410753.2763
22 83 6660802.896
22 84 6680816.815
22 85 7315764.068
22 86 5303249.098
22 87 4614663.344
22 88 5521570.647
22 89 9287524.048
22 90 3633928.303
22 91 3971306.653
22 92 6594545.971
22 93 6538738.308
22 94 3951897.635
22 95 8998763.645
22 96 6002912.128
22 97 2677256.716
22 98 8552611.214
22 99 2225939.41
23 24 5669502.888
23 25 9920271.885
23 26 3233568.999
23 27 8701247.2
23 28 9267956.205
23 29 3728349.131
23 30 4986399.514
23 31 6706583.101
23 32 2686351.681
23 33 5566094.206
23 34 9266814.011
23 35 7425834.637
23 36 2132694.128
23 37 1742636.56
23 38 3133603.248
23 39 5542741.896
23 40 3128466.219
23 41 2136617.105
23 42 5802043.317
23 43 3847662.304
23 44 1740631.073
23 45 6264762.44
23 46 4551719.409
23 47 9225046.731
23 48 6885985.368
23 49 3782724.819
23 50 9286854.347
23 51 5296356.939
23 52 5874899.886
23 53 8770436.134
23 54 4763942.17
23 55 3517245.393
23 56 7864525.241
23 57 9878616.848
23 58 5149790.882
23 59 7000658.775
23 60 4577788.294
23 61 4902729.034
23 62 6233433.174
23 63 5939014.287
23 64 8785322.367
23 65 9919628.413
23 66 7625788.292
23 67 9651069.628
23 68 10031333.02
23 69 2110507.44
23 70 3983041.645
23 71 7468337.543
23 72 8181117.169
23 73 1813421.581
23 74 1910355.42
23 75 3301736.943
23 76 2815318.039
23 77 3922871.043
23 78 6921041.866
23 79 4961336.623
23 80 2503826.34
23 81 6749659.794
23 82 6875565.236
23 83 3802890.934
23 84 5006231.167
23 85 926539.8211
23 86 3003339.734
23 87 2785796.272
23 88 8461089.61
23 89 2786172.545
23 90 7185140.359
23 91 3350534.814
23 92 8934507.045
23 93 10290039.76
23 94 4214914.196
23 95 4799875.426
23 96 6952818.176
23 97 4259722.281
23 98 2213115.225
23 99 6586939.301
24 25 4361529.42
24 26 4164320.841
24 27 3154575.167
24 28 3846711.653
24 29 1996268.576
24 30 5158573.7
24 31 5876364.203
24 32 7325996.566
24 33 6007119.405
24 34 6100061.603
24 35 1892235.739
24 36 7257723.268
24 37 6306919.297
24 38 7631330.145
24 39 2280723.71
24 40 5913773.095
24 41 3970878.533
24 42 2375809.505
24 43 5396772.917
24 44 6244861.923
24 45 1239543.058
24 46 4121649.443
24 47 3692926.981
24 48 4406474.903
24 49 3815113.603
24 50 6629877.019
24 51 6004918.666
24 52 2958661.212
24 53 3104077.515
24 54 5807096.093
24 55 2160743.455
24 56 4328416.485
24 57 4274472.002
24 58 4722701.426
24 59 1973826.777
24 60 4475484.69
24 61 2515611.827
24 62 5743280.672
24 63 6006619.586
24 64 6070996.042
24 65 4250125.525
24 66 3035411.682
24 67 6943708.527
24 68 4458127.44
24 69 5601935.185
24 70 5153707.685
24 71 2208406.894
24 72 2671783.854
24 73 5660179.369
24 74 3775077.757
24 75 2371292.171
24 76 7459969.935
24 77 2911748.641
24 78 3106520.67
24 79 2592516.165
24 80 5548610.275
24 81 4740196.309
24 82 4760544.09
24 83 3098388.802
24 84 2531590.697
24 85 5518586.745
24 86 2717994.479
24 87 2987613.926
24 88 2792952.164
24 89 6943829.401
24 90 1879507.592
24 91 2675513.731
24 92 3387320.972
24 93 4623113.919
24 94 1614756.51
24 95 5256747.203
24 96 1807610.278
24 97 4122293.703
24 98 6235389.196
24 99 2404410.98
25 26 7681406.971
25 27 2654694.105
25 28 854086.8918
25 29 6349526.542
25 30 9021152.682
25 31 9155641.136
25 32 11686330.55
25 33 8337537.57
25 34 7704937.607
25 35 3225947.683
25 36 11611026.58
25 37 10667438.12
25 38 11985346.09
25 39 4838132.96
25 40 10199876.6
25 41 7992261.442
25 42 4652385.662
25 43 8558050.18
25 44 10605706.61
25 45 4404804.288
25 46 6960938.408
25 47 699188.3481
25 48 7266882.037
25 49 7131688.021
25 50 8512274.733
25 51 8490293.273
25 52 6321115.455
25 53 1543921.447
25 54 9786632.529
25 55 6484015.915
25 56 6369632.151
25 57 307566.402
25 58 7173625.198
25 59 3039636.209
25 60 8431664.432
25 61 5510472.372
25 62 7600452.627
25 63 8109527.993
25 64 8087614.436
25 65 1291861.215
25 66 3010282.126
25 67 8689544.036
25 68 2515658.906
25 69 9956298.002
25 70 9279289.703
25 71 2518573.08
25 72 2942335.87
25 73 10021143.07
25 74 8010656.127
25 75 6643431.915
25 76 11819757.23
25 77 6418986.701
25 78 4036911.934
25 79 6485604.677
25 80 9232169.488
25 81 6008293.958
25 82 5921755.709
25 83 7328456.316
25 84 6411524.835
25 85 9857446.184
25 86 7058523.849
25 87 7143040.051
25 88 1959867.854
25 89 11292646.51
25 90 2760286.547
25 91 6648366.398
25 92 2607780.114
25 93 1171866.497
25 94 5705999.055
25 95 9183094.723
25 96 4050096.591
25 97 7129913.305
25 98 10592026
25 99 3836047.557
26 27 7263258.594
26 28 6904747.921
26 29 3098497.605
26 30 6564154.864
26 31 8046597.341
26 32 5866180.146
26 33 2690035.091
26 34 9609932.264
26 35 6040206.15
26 36 5365341.357
26 37 4821219.478
26 38 6303031.871
26 39 2861305.755
26 40 5647191.879
26 41 1325323.404
26 42 3078300.092
26 43 1339470.221
26 44 4795198.506
26 45 5252969.727
26 46 1318561.05
26 47 6992704.125
26 48 7404673.64
26 49 614080.2737
26 50 9912279.964
26 51 2507794.487
26 52 5986409.252
26 53 6891840.238
26 54 6738757.753
26 55 2806823.271
26 56 7906701.481
26 57 7723306.822
26 58 1949393.511
26 59 4644421.819
26 60 5912779.971
26 61 2175965.199
26 62 3120982.433
26 63 2961818.228
26 64 9350104.223
26 65 8041321.134
26 66 4932698.36
26 67 10268305.94
26 68 8512565.823
26 69 4745211.805
26 70 5858902.897
26 71 5171638.572
26 72 6810694.385
26 73 4560212.93
26 74 2168062.02
26 75 2488439.204
26 76 6001916.61
26 77 1302933.811
26 78 4044385.569
26 79 5103131.253
26 80 1556495.307
26 81 3522727.582
26 82 3651358.743
26 83 4419386.788
26 84 5102603.219
26 85 3811530.998
26 86 2829229.175
26 87 1868504.011
26 88 6697379.466
26 89 5838264.622
26 90 4971337.325
26 91 1643950.488
26 92 7489704.394
26 93 8338665.992
26 94 2609666.105
26 95 6486695.144
26 96 5918974.579
26 97 1026155.972
26 98 5140370.951
26 99 3923833.752
27 28 2847580.867
27 29 4974596.754
27 30 6724630.393
27 31 6622058.9
27 32 9980479.994
27 33 8738200.078
27 34 5074872.742
27 35 1281570.604
27 36 10057373.34
27 37 9060695.714
27 38 10213285.72
27 39 4834136.711
27 40 8263764.006
27 41 7120551.938
27 42 4776342.535
27 43 8422844.825
27 44 8993664.114
27 45 2474459.805
27 46 6989393.232
27 47 2400996.413
27 48 4697761.002
27 49 6848014.314
27 50 5868512.658
27 51 8801187.352
27 52 3972556.696
27 53 1258753.939
27 54 7536336.224
27 55 5203486.512
27 56 3722148.504
27 57 2381350.005
27 58 7452882.819
27 59 3245400.28
27 60 6220868.487
27 61 5339024.406
27 62 8246435.43
27 63 8636766.186
27 64 5434675.973
27 65 1677507.33
27 66 4011675.077
27 67 6058985.33
27 68 1330205.358
27 69 8233010.518
27 70 7166425.013
27 71 2859155.544
27 72 526527.4825
27 73 8365147.5
27 74 6854775.208
27 75 5462171.603
27 76 10103017.1
27 77 5972641.09
27 78 4796191.315
27 79 4385866.311
27 80 8692934.495
27 81 6872264.274
27 82 6834826.214
27 83 5441419.222
27 84 4312468.016
27 85 8411519.087
27 86 5697942.677
27 87 6121238.938
27 88 986587.3963
27 89 9504557.221
27 90 2798221.876
27 91 5828935.566
27 92 234416.3353
27 93 2094730.586
27 94 4768714.184
27 95 6918987.711
27 96 1852995.357
27 97 7057131.192
27 98 8868610.239
27 99 4237167.721
28 29 5792846.938
28 30 8746213.324
28 31 9039165.805
28 32 11149050.54
28 33 7486335.547
28 34 7905690.458
28 35 3065264.767
28 36 11029537.09
28 37 10108445.74
28 38 11466988.66
28 39 4047397.208
28 40 9753261.057
28 41 7287771.998
28 42 3848962.873
28 43 7740916.402
28 44 10048796.8
28 45 4110876.872
28 46 6138050.848
28 47 461815.9304
28 48 7205824.689
28 49 6342356.065
28 50 8679907.305
28 51 7641978.715
28 52 6121412.73
28 53 1592750.794
28 54 9479215.96
28 55 5898943.846
28 56 6440948.413
28 57 1042165.402
28 58 6330577.453
28 59 2294854.307
28 60 8121330.333
28 61 4728905.506
28 62 6746382.327
28 63 7255925.236
28 64 8219501.274
28 65 1912714.191
28 66 2159476.011
28 67 8887045.278
28 68 3074425.506
28 69 9439388.698
28 70 8913406.254
28 71 1801306.63
28 72 2993582.236
28 73 9482780.593
28 74 7365783.005
28 75 6029726.994
28 76 11284917.89
28 77 5662657.511
28 78 3187122.947
28 79 6164518.047
28 80 8459937.493
28 81 5155714.272
28 82 5070369.68
28 83 6905464.264
28 84 6092188.896
28 85 9261450.072
28 86 6480799.43
28 87 6482322.147
28 88 1947026.426
28 89 10784625.45
28 90 2085711.254
28 91 5954763.584
28 92 2870915.428
28 93 1928196.353
28 94 5060612.203
28 95 8889300.275
28 96 3883721.964
28 97 6315757.876
28 98 10069035.01
28 99 3019047.237
29 30 3963023.432
29 31 5179037.554
29 32 5356317.877
29 33 5566590.542
29 34 6514449.257
29 35 3697680.243
29 36 5262882.933
29 37 4320436.82
29 38 5680276.295
29 39 2925814.424
29 40 4101341.843
29 41 2361441.253
29 42 3158355.436
29 43 4437889.531
29 44 4259634.583
29 45 2566666.355
29 46 3690289.699
29 47 5672434.118
29 48 4319250.394
29 49 3041299.131
29 50 6818499.247
29 51 5460863.645
29 52 2887942.976
29 53 5089419.671
29 54 4412720.611
29 55 299103.8417
29 56 4830181.536
29 57 6269563.471
29 58 4435496.804
29 59 3685022.792
29 60 3249444.475
29 61 2638105.853
29 62 5643722.657
29 63 5712978.447
29 64 6254795.344
29 65 6221869.163
29 66 4583153.55
29 67 7172914.19
29 68 6304281.448
29 69 3658988.4
29 70 3617823.733
29 71 4056014.89
29 72 4456388.803
29 73 3690383.947
29 74 1899547.614
29 75 627487.8694
29 76 5492429.479
29 77 2270656.979
29 78 4249203.502
29 79 2016992.41
29 80 4123205.95
29 81 5181643.017
29 82 5253606.187
29 83 1636821.379
29 84 2010867.949
29 85 3523418.028
29 86 730510.5275
29 87 1343616.562
29 88 4758906.505
29 89 5007220.045
29 90 3738080.396
29 91 1483573.158
29 92 5208231.255
29 93 6604704.995
29 94 1083839.846
29 95 3973962.799
29 96 3265776.818
29 97 3548431.45
29 98 4282069.134
29 99 3665074.381
30 31 1727180.886
30 32 4348057.423
30 33 9238679.867
30 34 4766468.178
30 35 5801884.833
30 36 4848835.802
30 37 3977795.397
30 38 4353687.892
30 39 6845454.633
30 40 2359070.086
30 41 5344496.506
30 42 7058617.256
30 43 7795765.399
30 44 3917034.651
30 45 4638065.6
30 46 7492571.132
30 47 8464972.193
30 48 2630016.645
30 49 6734804.646
30 50 4546946.477
30 51 9071152.941
30 52 2752234.721
30 53 7498854.234
30 54 838096.6691
30 55 4138630.722
30 56 3956481.395
30 57 8832053.352
30 58 8250941.325
30 59 7132400.462
30 60 715905.0744
30 61 6601128.45
30 62 9483494.716
30 63 9461763.083
30 64 4134198.404
30 65 8371394.182
30 66 8182803.536
30 67 4893948.675
30 68 7862701.675
30 69 3087319.399
30 70 1054444.266
30 71 7326649.174
30 72 6256328.099
30 73 3392326.121
30 74 4474025.811
30 75 4347531.403
30 76 4415360.373
30 77 6130108.809
30 78 8075152.016
30 79 2598456.064
30 80 6914404.513
30 81 9143178.398
30 82 9216430.624
30 83 2326446.215
30 84 2667814.48
30 85 4118190.661
30 86 3832423.524
30 87 4749657.998
30 88 7085010.412
30 89 3735325.892
30 90 7002425.272
30 91 5243419.516
30 92 6904319.735
30 93 8794293.136
30 94 5033370.653
30 95 259418.7381
30 96 4990155.244
30 97 7294957.577
30 98 3474395.603
30 99 7421647.609
31 32 5943362.361
31 33 10673993.44
31 34 3390324.215
31 35 5976965.279
31 36 6506180.421
31 37 5676926.116
31 38 5884346.699
31 39 7873805.42
31 40 4008372.117
31 41 6900036.795
31 42 8054414.929
31 43 9327437.695
31 44 5618429.804
31 45 5029891.736
31 46 8848424.034
31 47 8692024.784
31 48 1937317.391
31 49 8139901.26
31 50 2985488.259
31 51 10532424.92
31 52 2975638.369
31 53 7612999.338
31 54 2226714.941
31 55 5410875.074
31 56 3176324.852
31 57 8923695.198
31 58 9601488.089
31 59 7789752.574
31 60 2194540.851
31 61 7752335.151
31 62 10818792.39
31 63 10858446.18
31 64 2676916.106
31 65 8298218.623
31 66 8880055.393
31 67 3305391.951
31 68 7564089.976
31 69 4805038.919
31 70 2771750.295
31 71 7873913.505
31 72 6234267.51
31 73 5113063.962
31 74 6048804.849
31 75 5673087.952
31 76 5993560.908
31 77 7440503.55
31 78 8957724.372
31 79 3353478.724
31 80 8543790.731
31 81 10289139.31
31 82 10345761.76
31 83 3637346.354
31 84 3399415.452
31 85 5844706.962
31 86 5230490.72
31 87 6186318.343
31 88 7199125.855
31 89 5326986.832
31 90 7569605.614
31 91 6593916.667
31 92 6757800.908
31 93 8711464.807
31 94 6173102.695
31 95 1940661.46
31 96 5155447.243
31 97 8680854.783
31 98 5154409.007
31 99 8266384.575
32 33 8250501.715
32 34 9109538.385
32 35 8784997.111
32 36 784930.3433
32 37 1091612.211
32 38 448912.5459
32 39 7825028.53
32 40 2000738.357
32 41 4641050.205
32 42 8087519.457
32 43 6530330.015
32 44 1138296.288
32 45 7524326.115
32 46 7172244.831
32 47 11018361.5
32 48 6869793.338
32 49 6373428.277
32 50 8881135.273
32 51 7977630.96
32 52 6390961.812
32 53 10348633.19
32 54 3716887.848
32 55 5267140.752
32 56 8112378.852
32 57 11587533.97
32 58 7806582.925
32 59 9002932.287
32 60 4335742.817
32 61 7255424.513
32 62 8913960.119
32 63 8625342.152
32 64 8481761.991
32 65 11430396.11
32 66 9797166.908
32 67 9220631.485
32 68 11277055.84
32 69 1750023.182
32 70 3351155.339
32 71 9403087.458
32 72 9456892.182
32 73 1666641.926
32 74 4075985.631
32 75 5188066.17
32 76 141142.7537
32 77 6340773.144
32 78 9235688.037
32 79 5675827.187
32 80 5159654.866
32 81 9339701.536
32 82 9459453.864
32 83 4544962.265
32 84 5743503.069
32 85 2092499.51
32 86 4683518.339
32 87 4945423.765
32 88 9982767.331
32 89 616613.1658
32 90 9089326.87
32 91 5595663.966
32 92 10200615.46
32 93 11834503.88
32 94 6194465.16
32 95 4093200.748
32 96 8129905.201
32 97 6885467.847
32 98 1112078.769
32 99 8792234.264
33 34 11935305.07
33 35 7681916.43
33 36 7638800.122
33 37 7280086.902
33 38 8698603.909
33 39 3908135.893
33 40 8288525.216
33 41 3991305.922
33 42 3965392.384
33 43 1721424.364
33 44 7266143.437
33 45 7231609.766
33 46 1921942.787
33 47 7728631.31
33 48 9862711.997
33 49 2536868.677
33 50 12328765.45
33 51 312775.1019
33 52 8387984.892
33 53 8020878.356
33 54 9428775.8
33 55 5301755.588
33 56 10179136.52
33 57 8474287.651
33 58 1294295.777
33 59 5596023.182
33 60 8574458.643
33 61 3496484.494
33 62 993830.0414
33 63 441945.4065
33 64 11760830.99
33 65 9059308.443
33 66 5327287.154
33 67 12673857.06
33 68 9819998.168
33 69 7345795.883
33 70 8548936.971
33 71 6091892.169
33 72 8380258.585
33 73 7129726.346
33 74 4852872.303
33 75 5015071.908
33 76 8377193.669
33 77 3324913.598
33 78 4301120.254
33 79 7573613.742
33 80 3127803.308
33 81 2511825.669
33 82 2639490.973
33 83 7036781.592
33 84 7560177.425
33 85 6309557.689
33 86 5445620.956
33 87 4497986.704
33 88 7955800.438
33 89 8323355.149
33 90 6026710.489
33 91 4096303.55
33 92 8939006.868
33 93 9257932.034
33 94 4773506.068
33 95 9169100.759
33 96 7807201.248
33 97 2020253.47
33 98 7671651.849
33 99 4619210.556
34 35 5125204.874
34 36 9568241.535
34 37 8637740.086
34 38 9118600.252
34 39 8380521.798
34 40 7111408.407
34 41 8766250.591
34 42 8469330.942
34 43 10949081.27
34 44 8572135.411
34 45 4881887.225
34 46 10013451.43
34 47 7469179.191
34 48 2380879.841
34 49 9489468.693
34 50 856013.4647
34 51 11876171.87
34 52 3632258.043
34 53 6314555.251
34 54 5484413.301
34 55 6809953.591
34 56 1773480.845
34 57 7415524.74
34 58 10697219.16
34 59 7538642.837
34 60 4843537.931
34 61 8541268.89
34 62 11798538.03
34 63 12001509.72
34 64 742734.1172
34 65 6549097.454
34 66 8573031.678
34 67 984752.6805
34 68 5486207.994
34 69 7705175.453
34 70 5766509.912
34 71 7389390.905
34 72 4930127.121
34 73 7981666.748
34 74 8051421.635
34 75 7134834.991
34 76 9180180.747
34 77 8626713.051
34 78 9029820.137
34 79 4552972.61
34 80 10541878.62
34 81 10833365.22
34 82 10846926.84
34 83 5540102.355
34 84 4540083.931
34 85 8537069.522
34 86 6920470.208
34 87 7819905.571
34 88 5967861.328
34 89 8499270.524
34 90 7170211.529
34 91 7974577.991
34 92 5098213.992
34 93 6898547.072
34 94 7164259.008
34 95 5024235.28
34 96 4532113.317
34 97 9936169.752
34 98 8181369.326
34 99 8336392.509
35 36 8827596.615
35 37 7838240.404
35 38 9037138.643
35 39 3785642.323
35 40 7136771.276
35 41 5845631.636
35 42 3774833.525
35 43 7238328.767
35 44 7772083.605
35 45 1266285.898
35 46 5866695.678
35 47 2717422.918
35 48 4145094.425
35 49 5655949.147
35 50 5822207.584
35 51 7718383.36
35 52 3096364.304
35 53 1697057.804
35 54 6579245.084
35 55 3922994.524
35 56 3494484.496
35 57 3030187.686
35 58 6387937.999
35 59 2479434.06
35 60 5230820.076
35 61 4214404.488
35 62 7277351.246
35 63 7620634.521
35 64 5316448.53
35 65 2662072.934
35 66 3461915.175
35 67 6075091.308
35 68 2608180.813
35 69 7034974
35 70 6118856.525
35 71 2268691.661
35 72 780618.5062
35 73 7150776.635
35 74 5573784.653
35 75 4180605.513
35 76 8910846.433
35 77 4764783.966
35 78 4038588.628
35 79 3310080.828
35 80 7440769.453
35 81 6025373.146
35 82 6008781.284
35 83 4275454.362
35 84 3235425.442
35 85 7158106.898
35 86 4423456.447
35 87 4841990.043
35 88 1284525.164
35 89 8330714.771
35 90 2073899.657
35 91 4566328.178
35 92 1515976.778
35 93 3077220.209
35 94 3505598.916
35 95 5970692.139
35 96 827498.081
35 97 5907797.51
35 98 7673531.849
35 99 3391552.249
36 37 1008540.618
36 38 1185379.471
36 39 7527531.546
36 40 2499187.081
36 41 4214169.878
36 42 7790053.341
36 43 5918248.467
36 44 1077537.883
36 45 7584164.487
36 46 6682846.746
36 47 10930393.53
36 48 7270592.526
36 49 5906171.591
36 50 9395312.649
36 51 7356933.788
36 52 6645397.224
36 53 10331742.18
36 54 4296222.099
36 55 5132596.085
36 56 8462004.073
36 57 11532076.83
36 58 7280607.218
36 59 8826902.842
36 60 4736191.448
36 61 6922751.419
36 62 8347251.693
36 63 8027332.037
36 64 8969501.352
36 65 11441676.07
36 66 9557224.186
36 67 9742759.218
36 68 11372226.56
36 69 1925129.311
36 70 3811152.337
36 71 9254953.08
36 72 9531018.236
36 73 1719199.516
36 74 3767799.714
36 75 5006931.985
36 76 857404.9251
36 77 5971418.109
36 78 8929934.814
36 79 5860460.337
36 80 4520345.488
36 81 8876618.201
36 82 9001176.458
36 83 4686305.924
36 84 5923410.015
36 85 1778405.1
36 86 4553850.358
36 87 4664214.196
36 88 9982370.788
36 89 1280854.268
36 90 8950594.999
36 91 5293606.032
36 92 10283061.02
36 93 11836451.53
36 94 6000341.144
36 95 4602789.777
36 96 8221834.373
36 97 6391362.686
36 98 1387082.812
36 99 8533327.469
37 38 1500109.903
37 39 6734637.926
37 40 1709756.27
37 41 3569537.517
37 42 6997211.437
37 43 5569570.049
37 44 69273.25058
37 45 6589495.299
37 46 6116595.549
37 47 9992585.23
37 48 6314234.713
37 49 5310284.453
37 50 8505177.914
37 51 7018065.011
37 52 5643259.703
37 53 9362499.526
37 54 3518352.732
37 55 4212663.354
37 56 7481239.738
37 57 10579318.95
37 58 6768771.742
37 59 7938721.032
37 60 3794377.487
37 61 6163850.945
37 62 7900880.814
37 63 7639923.184
37 64 8060293.214
37 65 10463239.26
37 66 8715986.602
37 67 8858164.889
37 68 10372569.68
37 69 939224.7449
37 70 2924630.885
37 71 8349316.994
37 72 8534639.55
37 73 710968.6749
37 74 2984528.24
37 75 4116875.054
37 76 1232739.416
37 77 5252021.3
37 78 8145061.049
37 79 4852173.301
37 80 4245755.145
37 81 8269356.388
37 82 8387331.214
37 83 3677986.053
37 84 4914981.686
37 85 1015108.386
37 86 3629264.745
37 87 3854814.504
37 88 9006967.481
37 89 1045825.293
37 90 8039032.636
37 91 4504291.448
37 92 9285365.925
37 93 10861333.95
37 94 5121403.3
37 95 3743522.341
37 96 7221250.303
37 97 5832945.774
37 98 567161.0395
37 99 7706957.224
38 39 8211080.445
38 40 2068215.958
38 41 5066764.212
38 42 8473113.413
38 43 6978658.019
38 44 1538637.224
38 45 7772375.178
38 46 7605960.234
38 47 11323620.56
38 48 6927995.295
38 49 6803882.532
38 50 8849307.255
38 51 8426153.133
38 52 6542970.701
38 53 10624438.02
38 54 3664878.103
38 55 5606984.333
38 56 8198681.065
38 57 11878224.32
38 58 8245865.771
38 59 9346037.839
38 60 4414661.815
38 61 7652735.537
38 62 9358198.218
38 63 9072548.182
38 64 8471376.83
38 65 11691589.12
38 66 10161650.3
38 67 9181635.434
38 68 11498282.81
38 69 2029481.64
38 70 3403675.424
38 71 9734989.833
38 72 9692259.588
38 73 2000727.728
38 74 4476727.68
38 75 5544724.753
38 76 334056.9835
38 77 6749588.39
38 78 9622144.201
38 79 5870980.888
38 80 5608538.733
38 81 9766809.994
38 82 9885479.863
38 83 4772120.095
38 84 5940683.489
38 85 2512923.624
38 86 5025174.345
38 87 5334595.525
38 88 10251881.18
38 89 709071.2219
38 90 9418206.793
38 91 5988356.342
38 92 10430227.25
38 93 12099362.13
38 94 6551253.868
38 95 4095128.27
38 96 8360364.868
38 97 7320242.489
38 98 1398327.054
38 99 9164521.391
39 40 6913373.872
39 41 3430170.695
39 42 262791.2329
39 43 3748943.128
39 44 6686734.976
39 45 3511440.543
39 46 2198436.176
39 47 4158240.5
39 48 6599584.406
39 49 2295393.538
39 50 8897647.342
39 51 3967351.611
39 52 5109332.154
39 53 4206119.123
39 54 7335591.078
39 55 2831394.157
39 56 6608301.193
39 57 4899393.569
39 58 2619253.183
39 59 1827840.52
39 60 6129768.718
39 61 689820.2698
39 62 3508358.922
39 63 3834994.504
39 64 8335517.929
39 65 5313192.402
39 66 2112672.254
39 67 9216543.108
39 68 5956482.215
39 69 6291259.828
39 70 6542547.678
39 71 2357788.061
39 72 4472580.21
39 73 6233162.463
39 74 3763470.288
39 75 2760815.898
39 76 7966116.484
39 77 1673428.135
39 78 1411067.397
39 79 4522530.751
39 80 4417787.966
39 81 2477086.192
39 82 2510583.695
39 83 4538643.031
39 84 4480416.244
39 85 5767102.04
39 86 3337328.506
39 87 2879850.309
39 88 4090589.875
39 89 7602088.426
39 90 2209354.5
39 91 2235537.361
39 92 5038741.633
39 93 5572543.429
39 94 1844039.279
39 95 6877717.978
39 96 3998166.264
39 97 2322756.176
39 98 6855761.364
39 99 1076543.203
40 41 4321870.573
40 42 7165488.369
40 43 6649073.711
40 44 1659561.142
40 45 5872914.781
40 46 6833789.571
40 47 9563810.55
40 48 4873638.898
40 49 6013346.584
40 50 6904505.867
40 51 8061139.798
40 52 4495961.124
40 53 8775668.159
40 54 1814949.018
40 55 4113571.232
40 56 6132556.254
40 57 10066480
40 58 7556178.526
40 59 7765589.184
40 60 2348470.359
40 61 6460699.847
40 62 8761914.23
40 63 8597715.8
40 64 6491677.295
40 65 9798609.618
40 66 8684458.016
40 67 7249266.498
40 68 9523066.977
40 69 1019569.423
40 70 1350679.368
40 71 8096483.704
40 72 7750305.786
40 73 1317196.265
40 74 3512464.788
40 75 4152558.182
40 76 2079452.399
40 77 5698309.73
40 78 8297010.377
40 79 3882538.911
40 80 5479840.674
40 81 8833724.845
40 82 8935332.194
40 83 2875106.247
40 84 3954928.345
40 85 2203407.253
40 86 3577369.279
40 87 4187849.723
40 88 8386886.593
40 89 1399053.386
40 90 7770274.312
40 91 4828463.3
40 92 8473626.195
40 93 10213819.13
40 94 5112034.351
40 95 2108677.36
40 96 6416137.185
40 97 6577423.792
40 98 1158611.555
40 99 7751045.404
41 42 3685942.67
41 43 2452921.621
41 44 3537045.119
41 45 4848115.383
41 46 2562294.889
41 47 7293073.31
41 48 6467465.499
41 49 1746191.481
41 50 8982336.615
41 51 3785800.501
41 52 5143947.089
41 53 6980313.699
41 54 5459415.58
41 55 2068995.996
41 56 7139168.991
41 57 7983488.472
41 58 3252991.75
41 59 4995206.319
41 60 4725700.315
41 61 2774981.432
41 62 4443521.856
41 63 4281664.376
41 64 8431826.307
41 65 8144051.375
41 66 5532857.208
41 67 9344915.638
41 68 8428989.038
41 69 3427372.787
41 70 4580017.366
41 71 5490602.144
41 72 6625398.787
41 73 3254484.42
41 74 875296.4246
41 75 1750707.234
41 76 4779879.419
41 77 1788064.562
41 78 4791788.228
41 79 4213568.02
41 80 1779703.506
41 81 4700084.907
41 82 4818842.056
41 83 3341944.157
41 84 4228877.728
41 85 2554552.303
41 86 1846001.742
41 87 1031578.269
41 88 6718299.834
41 89 4561982.157
41 90 5232248.832
41 91 1348088.293
41 92 7354202.239
41 93 8485537.164
41 94 2372125.436
41 95 5246557.378
41 96 5546905.8
41 97 2287591.958
41 98 3847762.668
41 99 4491151.574
42 43 3911274.838
42 44 6949223.301
42 45 3589205.665
42 46 2333133.765
42 47 3980165.427
42 48 6739102.888
42 49 2499326.809
42 50 9005393.694
42 51 4044128.364
42 52 5256205.16
42 53 4088818.194
42 54 7562216.075
42 55 3074535.042
42 56 6700275.496
42 57 4725683.527
42 58 2689834.215
42 59 1679012.372
42 60 6343537.6
42 61 926593.3006
42 62 3502594.252
42 63 3863400.061
42 64 8445786.012
42 65 5176818.016
42 66 1869431.049
42 67 9319439.66
42 68 5863718.435
42 69 6550465.482
42 70 6776168.534
42 71 2203170.721
42 72 4436735.071
42 73 6494161.094
42 74 4026235.546
42 75 3013457.527
42 76 8228601.05
42 77 1919993.68
42 78 1149177.121
42 79 4700971.476
42 80 4633755.517
42 81 2364964.925
42 82 2385178.818
42 83 4760402.453
42 84 4656288.068
42 85 6029885.649
42 86 3588369.099
42 87 3142465.613
42 88 3997009.226
42 89 7862955.281
42 90 2084978.823
42 91 2498304.796
42 92 4974709.141
42 93 5422251.987
42 94 2081075.008
42 95 7096403.59
42 96 4040663.072
42 97 2481774.22
42 98 7116638.368
42 99 845554.9997
43 44 5557794.818
43 45 6532986.365
43 46 1609837.931
43 47 7890668.243
43 48 8740232.261
43 49 1583343.185
43 50 11249717.6
43 51 1449063.142
43 52 7325826.735
43 53 7933447.345
43 54 7902194.077
43 55 4145725.182
43 56 9242500.239
43 57 8636872.534
43 58 1714811.439
43 59 5576428.96
43 60 7167763.036
43 61 3127373.195
43 62 2491881.186
43 63 2113037.439
43 64 10688107.57
43 65 9056490.601
43 66 5645213.021
43 67 11606273.83
43 68 9629517.036
43 69 5681587.874
43 70 7024536.94
43 71 6105777.037
43 72 7994873.994
43 73 5451117.352
43 74 3327354.461
43 75 3826022.464
43 76 6656527.518
43 77 2485209.487
43 78 4658326.741
43 79 6440075.388
43 80 1420944
43 81 3497299.19
43 82 3637715.62
43 83 5720126.504
43 84 6440504.749
43 85 4612017.876
43 86 4141949.095
43 87 3185877.131
43 88 7781241.076
43 89 6614527.2
43 90 5952367.785
43 91 2978409.735
43 92 8643312.495
43 93 9321368.438
43 94 3901400.887
43 95 7699478.117
43 96 7182588.712
43 97 1429500.79
43 98 5976220.997
43 99 4723254.164
44 45 6522768.309
44 46 6087596.088
44 47 9931425.129
44 48 6247230.365
44 49 5279574.379
44 50 8442095.985
44 51 7005760.226
44 52 5574018.182
44 53 9298383.533
44 54 3464957.291
44 55 4154181.979
44 56 7412839.129
44 57 10516737.32
44 58 6743583.186
44 59 7882247.699
44 60 3728649.419
44 61 6119072.129
44 62 7880044.121
44 63 7623636.725
44 64 7996044.458
44 65 10398161.37
44 66 8663468.472
44 67 8795402.914
44 68 10305155.43
44 69 871641.5808
44 70 2863415.124
44 71 8291226.217
44 72 8467653.673
44 73 641806.2974
44 74 2940561.172
44 75 4061384.761
44 76 1279381.997
44 77 5211131.801
44 78 8097415.25
44 79 4783060.843
44 80 4241423.517
44 81 8236003.457
44 82 8353418.959
44 83 3609186.629
44 84 4845910.845
44 85 984808.5615
44 86 3570598.163
44 87 3807175.641
44 88 8942247.822
44 89 1057211.814
44 90 7980445.943
44 91 4457892.947
44 92 9218207.784
44 93 10796579.86
44 94 5066482.507
44 95 3683764.994
44 96 7153762.857
44 97 5804784.446
44 98 529362.196
44 99 7655912.965
45 46 5332379.556
45 47 3828769.385
45 48 3363992.342
45 49 4965213.594
45 50 5446053.304
45 51 7218890.594
45 52 2056967.132
45 53 2919544.014
45 54 5386679.636
45 55 2824724.234
45 56 3117373.755
45 57 4237549.632
45 58 5952447.698
45 59 2823273.43
45 60 4029638.576
45 61 3748844.239
45 62 6982791.263
45 63 7241260.936
45 64 4895248.97
45 65 3927650.323
45 66 3914917.785
45 67 5748753.405
45 68 3796881.573
45 69 5774539.255
45 70 4881413.075
45 71 2849550.541
45 72 1947934.764
45 73 5897152.555
45 74 4466176.54
45 75 3116191.215
45 76 7649273.083
45 77 4058887.6
45 78 4197892.932
45 79 2080869.863
45 80 6536107.501
45 81 5951973.662
45 82 5965063.919
45 83 3009193.472
45 84 2006742.01
45 85 5940710.717
45 86 3270002.401
45 87 3819324.343
45 88 2520617.892
45 89 7065530.885
45 90 2554418.15
45 91 3665235.013
45 92 2702249.885
45 93 4341379.781
45 94 2643387.232
45 95 4788385.055
45 96 701127.5672
45 97 5313974.027
45 98 6412422.7
45 99 3493801.015
46 47 6300245.662
46 48 7957036.948
46 49 822030.6308
46 50 10412639.22
46 51 1886690.029
46 52 6475440.873
46 53 6404547.61
46 54 7767160.784
46 55 3440993.609
46 56 8257413.002
46 57 7048629.597
46 58 758391.8542
46 59 4011003.481
46 60 6805496.773
46 61 1654006.047
46 62 1991650.796
46 63 2024364.462
46 64 9844475.625
46 65 7506739.709
46 66 4035393.598
46 67 10756236.8
46 68 8145883.497
46 69 5978535.74
46 70 6896128.927
46 71 4536286.383
46 72 6595017.065
46 73 5815372.519
46 74 3321529.445
46 75 3176762.762
46 76 7308978.799
46 77 1422537.132
46 78 3051817.322
46 79 5679109.927
46 80 2635703.691
46 81 2207845.736
46 82 2338576.044
46 83 5225681.696
46 84 5662180.653
46 85 5102805.051
46 86 3660844.703
46 87 2761560.454
46 88 6282803.257
46 89 7121204.31
46 90 4405898.742
46 91 2258896.746
46 92 7201497.242
46 93 7755383.061
46 94 2853388.853
46 95 7448314.204
46 96 5928723.669
46 97 294084.7465
46 98 6409987.995
46 99 3125112.26
47 48 6836811.423
47 49 6448295.744
47 50 8250506.35
47 51 7870032.359
47 52 5802783.936
47 53 1156454.125
47 54 9214211.433
47 55 5799860.789
47 56 6031311.954
47 57 750067.9678
47 58 6541292.993
47 59 2348440.961
47 60 7856407.003
47 61 4825387.754
47 62 7024650.39
47 63 7517984.884
47 64 7797444.315
47 65 1491538.779
47 66 2418552.473
47 67 8451891.598
47 68 2624598.508
47 69 9294139.285
47 70 8677759.969
47 71 1823907.6
47 72 2576516.971
47 73 9352131.414
47 74 7315985.276
47 75 5953313.422
47 76 11152604.41
47 77 5725386.911
47 78 3432553.977
47 79 5902002.768
47 80 8541416.921
47 81 5456970.264
47 82 5379160.831
47 83 6699439.835
47 84 5828648.409
47 85 9172688.27
47 86 6376631.763
47 87 6446134.596
47 88 1533947.611
47 89 10634154.43
47 90 2061167.313
47 91 5949252.713
47 92 2415638.137
47 93 1565861.101
47 94 5010248.187
47 95 8617146.564
47 96 3543726.388
47 97 6461351.017
47 98 9928181.389
47 99 3177182.827
48 49 7354967.822
48 50 2516277.476
48 51 9771496.284
48 52 1499728.63
48 53 5730885.336
48 54 3441841.556
48 55 4602979.851
48 56 1344185.017
48 57 7024984.516
48 58 8678230.47
48 59 6186820.898
48 60 2538746.711
48 61 6623502.277
48 62 9841889.723
48 63 9977061.408
48 64 1964733.746
48 65 6370795.61
48 66 7278907.495
48 67 2877794.011
48 68 5628383.557
48 69 5375989.816
48 70 3525772.731
48 71 6193054.235
48 72 4329684.329
48 73 5641085.785
48 74 5716372.527
48 75 4916790.451
48 76 6952707.183
48 77 6539221.853
48 78 7505414.466
48 79 2303162.371
48 80 8230077.825
48 81 9074088.56
48 82 9110166.836
48 83 3180052.964
48 84 2308810.268
48 85 6164236.172
48 86 4633368.286
48 87 5566085.694
48 88 5321694.006
48 89 6272692.256
48 90 5909754.63
48 91 5802527.267
48 92 4826950.902
48 93 6781711.504
48 94 5121088.983
48 95 2885534.686
48 96 3346715.857
48 97 7843184.255
48 98 5886463.262
48 99 6799925.256
49 50 9841219.521
49 51 2419666.404
49 52 5897846.341
49 53 6404470.223
49 54 6978936.241
49 55 2769801.214
49 56 7756115.266
49 57 7185244.655
49 58 1551408.033
49 59 4104803.296
49 60 6058402.758
49 61 1623674.786
49 62 2779023.145
49 63 2728345.778
49 64 9274884.384
49 65 7543146.882
49 66 4339355.552
49 67 10191490.28
49 68 8069056.42
49 69 5156893.668
49 70 6104241.559
49 71 4634742.836
49 72 6414639.082
49 73 4995982.812
49 74 2500882.614
49 75 2478700.072
49 76 6511109.924
49 77 906824.1705
49 78 3436240.835
49 79 5056305.735
49 80 2143765.764
49 81 2971428.169
49 82 3095096.782
49 83 4503832.297
49 84 5046800.13
49 85 4295390.129
49 86 2917394.066
49 87 1985778.1
49 88 6232131.901
49 89 6308038.768
49 90 4451866.648
49 91 1562248.651
49 92 7070203.62
49 93 7826961.123
49 94 2356902.498
49 95 6679579.127
49 96 5606356.07
49 97 570455.8405
49 98 5593128.564
49 99 3342767.414
50 51 12250332.65
50 52 3943885.015
50 53 7094086.9
50 54 5184728.5
50 55 7106518.935
50 56 2351465.61
50 57 8226691.245
50 58 11118018.37
50 59 8181604.059
50 60 4749027.068
50 61 9003819.034
50 62 12252830.51
50 63 12421869.22
50 64 568319.1682
50 65 7376483.616
50 66 9237301.257
50 67 365832.9908
50 68 6330999.185
50 69 7589381.054
50 70 5587839.348
50 71 8068234.719
50 72 5690451.15
50 73 7880713.227
50 74 8221432.105
50 75 7423925.385
50 76 8940349.901
50 77 9004908.147
50 78 9635269.756
50 79 4809707.969
50 80 10741202.94
50 81 11368486.99
50 82 11390391.65
50 83 5675544.959
50 84 4809774.75
50 85 8505589.742
50 86 7149644.651
50 87 8080668.133
50 88 6734924.293
50 89 8265250.889
50 90 7832451.139
50 91 8298459.088
50 92 5904764.535
50 93 7732673.017
50 94 7560824.451
50 95 4795831.376
50 96 5172553.872
50 97 10314305
50 98 8017113.264
50 99 8934399.624
51 52 8306637.871
51 53 8121433.483
51 54 9238531.92
51 55 5188849.128
51 56 10127612.35
51 57 8618024.788
51 58 1354577.806
51 59 5696723.738
51 60 8415312.845
51 61 3510894.012
51 62 1289297.394
51 63 754258.9267
51 64 11683106.57
51 65 9177216.376
51 66 5483050.727
51 67 12598275.94
51 68 9907669.432
51 69 7108193.314
51 70 8358462.268
51 71 6201405.972
51 72 8429639.066
51 73 6885770.699
51 74 4654615.36
51 75 4893522.546
51 76 8103145.911
51 77 3250151.896
51 78 4455110.169
51 79 7474963.149
51 80 2839698.571
51 81 2748130.257
51 82 2879848.601
51 83 6896115.655
51 84 7464440.666
51 85 6055795.377
51 86 5302119.904
51 87 4347039.475
51 88 8041103.333
51 89 8062711.466
51 90 6120700.311
51 91 3981124.424
51 92 9006045.485
51 93 9387376.424
51 94 4712681.459
51 95 8994427.09
51 96 7810647.99
51 97 1940029.935
51 98 7419457.934
51 99 4733242.14
52 53 4784048.091
52 54 3566108.562
52 55 3181315.579
52 56 2017369.456
52 57 6116461.067
52 58 7189865.47
52 59 4825160.642
52 60 2277323.646
52 61 5123802.049
52 62 8346198.028
52 63 8491187.208
52 64 3377130.219
52 65 5621570.273
52 66 5918304.697
52 67 4293677.85
52 68 5132883.893
52 69 4722815.499
52 70 3270798.987
52 71 4898277.031
52 72 3506129.605
52 73 4935147.528
52 74 4464046.458
52 75 3504644.534
52 76 6496236.142
52 77 5063175.709
52 78 6064958.772
52 79 941912.5405
52 80 6922876.614
52 81 7580736.874
52 82 7619264.935
52 83 2074602.298
52 84 917481.5537
52 85 5277964.642
52 86 3298938.017
52 87 4187818.324
52 88 4367659.768
52 89 5843573.043
52 90 4594680.265
52 91 4360490.031
52 92 4154200.156
52 93 6044332.984
52 94 3630114.461
52 95 2948191.417
52 96 2271031.814
52 97 6371592.963
52 98 5314764.353
52 99 5363001.288
53 54 8275271.706
53 55 5264699.947
53 56 4882449.456
53 57 1333623.079
53 58 6767957.422
53 59 2425368.273
53 60 6925020.587
53 61 4806296.987
53 62 7426754.459
53 63 7867705.741
53 64 6641850.459
53 65 1163944.689
53 66 2957568.098
53 67 7296719.755
53 68 1833883.372
53 69 8603685.003
53 70 7799476.877
53 71 1936806.449
53 72 1427915.939
53 73 8693729.839
53 74 6868998.472
53 75 5468967.706
53 76 10478545.84
53 77 5590568.734
53 78 3858026.996
53 79 4993369.423
53 80 8399883.433
53 81 5952407.25
53 82 5897283.892
53 83 5901425.275
53 84 4918824.132
53 85 8611162.784
53 86 5816757.536
53 87 6048120.574
53 88 416735.8519
53 89 9923256.57
53 90 2003875.796
53 91 5638159.823
53 92 1307210.62
53 93 1519608.349
53 94 4617155.93
53 95 7667434.059
53 96 2514232.507
53 97 6519027.524
53 98 9242806.234
53 99 3407572.27
54 55 4545002.631
54 56 4777800.094
54 57 9606284.509
54 58 8521239.828
54 59 7774011.007
54 60 1358171.696
54 61 7027461.199
54 62 9754537.71
54 63 9683794.153
54 64 4817652.71
54 65 9173268.049
54 66 8800575.43
54 67 5516914.75
54 68 8689622.372
54 69 2715229.065
54 70 880078.8974
54 71 8001668.687
54 72 7060498.668
54 73 3030454.921
54 74 4585856.91
54 75 4708485.896
54 76 3767040.582
54 77 6459448.328
54 78 8620023.837
54 79 3314876.294
54 80 6900055.001
54 81 9543975.927
54 82 9626374.093
54 83 2807353.739
54 84 3387508.612
54 85 3851478.55
54 86 4154029.738
54 87 5005877.65
54 88 7863769.823
54 89 3100683.169
54 90 7674484.783
54 91 5560357.978
54 92 7720138.73
54 93 9596149.311
54 94 5496526.315
54 95 618065.4064
54 96 5777020.331
54 97 7547654.951
54 98 2973339.157
54 99 7989415.485
55 56 5128782.642
55 57 6416406.373
55 58 4191583.102
55 59 3739053.977
55 60 3430338.404
55 61 2482516.9
55 62 5408216.363
55 63 5459361.124
55 64 6543710.632
55 65 6407382.884
55 66 4589809.905
55 67 7461914.573
55 68 6531145.184
55 69 3601641.76
55 70 3726433.127
55 71 4137327.714
55 72 4689354.812
55 73 3607894.935
55 74 1652067.486
55 75 328384.4052
55 76 5405043.644
55 77 2029707.457
55 78 4190817.781
55 79 2299827.468
55 80 3826301.536
55 81 5010343.001
55 82 5088032.87
55 83 1818941.137
55 84 2296902.98
55 85 3373430.344
55 86 583821.3482
55 87 1046565.028
55 88 4946594.992
55 89 4947216.727
55 90 3826371.599
55 91 1207726.899
55 92 5437668.136
55 93 6783404.961
55 94 1000169.405
55 95 4133715.58
55 96 3525608.52
55 97 3287755.819
55 98 4212323.235
55 99 3638248.776
56 57 6102313.663
56 58 8933456.939
56 59 5830138.896
56 60 3784229.148
56 61 6770138.195
56 62 10027274.1
56 63 10236933.18
56 64 1825763.872
56 65 5345435.819
56 66 6887507.947
56 67 2637538.923
56 68 4470930.045
56 69 6543635.356
56 70 4799059.546
56 71 5723408.56
56 72 3455402.323
56 73 6787823.606
56 74 6478929.8
56 75 5456715.9
56 76 8202760.305
56 77 6882221.574
56 78 7290976.801
56 79 2958926.643
56 80 8918712.628
56 81 9065040.896
56 82 9080682.503
56 83 4064340.655
56 84 2931093.944
56 85 7221004.285
56 86 5300247.772
56 87 6159824.849
56 88 4498262.254
56 89 7527400.507
56 90 5482977.492
56 91 6264130.406
56 92 3807054.091
56 93 5737995.419
56 94 5415674.226
56 95 4208360.607
56 96 2821677.139
56 97 8188804.226
56 98 7090696.447
56 99 6592433.406
57 58 7290790.7
57 59 3080837.637
57 60 8254434.898
57 61 5561608.458
57 62 7759972.405
57 63 8258827.171
57 64 7807673.638
57 65 985770.7029
57 66 3155698.744
57 67 8399830.259
57 68 2208919.781
57 69 9851005.314
57 70 9118611.065
57 71 2551966.827
57 72 2695409.472
57 73 9924841.588
57 74 7968300.959
57 75 6588896.752
57 76 11719774.72
57 77 6448087.268
57 78 4175323.638
57 79 6316686.519
57 80 9268233.167
57 81 6181508.643
57 82 6099664.13
57 83 7191861.47
57 84 6242293.561
57 85 9787470.927
57 86 6985725.355
57 87 7111154.135
57 88 1749152.137
57 89 11181975.55
57 90 2766232.167
57 91 6636307.477
57 92 2322656.527
57 93 899274.7226
57 94 5670818.067
57 95 8999439.435
57 96 3847543.882
57 97 7207395.727
57 98 10488412.81
57 99 3926619.848
58 59 4343954.849
58 60 7563748.944
58 61 2207962.664
58 62 1234158.473
58 63 1304769.482
58 64 10549702.16
58 65 7829589.081
58 66 4178639.482
58 67 11458251.88
58 68 8553162.206
58 69 6680183.979
58 70 7648843.804
58 71 4851399.896
58 72 7089064.039
58 73 6504119.998
58 74 4045700.265
58 75 3932120.805
58 76 7941174.359
58 77 2164866.957
58 78 3154389.124
58 79 6411700.699
58 80 3006507.041
58 81 1784163.055
58 82 1924371.843
58 83 5982177.54
58 84 6392361.159
58 85 5760451.967
58 86 4419225.155
58 87 3516954.792
58 88 6686680.365
58 89 7787635.4
58 90 4766502.676
58 91 3015907.425
58 92 7656041.397
58 93 8046793.495
58 94 3559926.436
58 95 8206094.686
58 96 6518567.376
58 97 981625.0415
58 98 7088475.71
58 99 3387275.342
59 60 6447958.268
59 61 2481140.864
59 62 5027412.956
59 63 5450764.357
59 64 7648243.278
59 65 3498078.658
59 66 1094174.652
59 67 8460183.014
59 68 4230881.724
59 69 7336352.598
59 70 7097670.508
59 71 530560.5992
59 72 2994938.329
59 73 7346629.716
59 74 5111264.692
59 75 3823835.586
59 76 9141445.441
59 77 3379872.128
59 78 1572046.106
59 79 4559309.121
59 80 6193159.371
59 81 3627668.609
59 82 3593414.357
59 83 5028015.146
59 84 4496207.103
59 85 7049742.772
59 86 4321290.362
59 87 4217694.875
59 88 2378039.545
59 89 8683747.316
59 90 447447.7573
59 91 3668401.371
59 92 3420619.502
59 93 3746301.938
59 94 2826707.088
59 95 7229057.74
59 96 3011093.464
59 97 4148935.413
59 98 7950974.146
59 99 998160.7048
60 61 5887337.557
60 62 8794505.209
60 63 8786747.427
60 64 4280200.367
60 65 7841910.213
60 66 7489795.34
60 67 5108946.236
60 68 7407721.54
60 69 2862059.717
60 70 1025244.58
60 71 6658889.368
60 72 5734771.74
60 73 3142734.181
60 74 3865452.158
60 75 3647427.793
60 76 4422355.829
60 77 5432092.434
60 78 7364572.718
60 79 1956834.634
60 80 6350055.188
60 81 8430674.534
60 82 8503042.816
60 83 1614038.377
60 84 2029370.964
60 85 3763090.322
60 86 3145451.766
60 87 4077570.935
60 88 6514974.959
60 89 3744904.572
60 90 6332820.932
60 91 4550743.561
60 92 6411795.625
60 93 8264394.188
60 94 4317971.566
60 95 781297.2735
60 96 4436124.189
60 97 6614523.494
60 98 3350203.57
60 99 6714762.244
61 62 3257270.21
61 63 3492427.016
61 64 8436851.717
61 65 5934032.233
61 66 2795720.607
61 67 9335206.751
61 68 6513648.241
61 69 5777940.624
61 70 6203300.989
61 71 3011167.402
61 72 4941058.693
61 73 5696889.326
61 74 3179644.918
61 75 2343308.47
61 76 7396528.942
61 77 995996.709
61 78 2018315.453
61 79 4437329.988
61 80 3731854.292
61 81 2547299.085
61 82 2616042.068
61 83 4274851.974
61 84 4405151.208
61 85 5178891.273
61 86 2920619.092
61 87 2326092.17
61 88 4658067.306
61 89 7064616.224
61 90 2834286.265
61 91 1668363.637
61 92 5553055.935
61 93 6209506.828
61 94 1582796.123
61 95 6608791.62
61 96 4311062.286
61 97 1723798.994
61 98 6319695.111
61 99 1764659.606
62 63 588943.4473
62 64 11685106.8
62 65 8410936.151
62 66 4606123.952
62 67 12587185.75
62 68 9251288.76
62 69 7866036.86
62 70 8881434
62 71 5490764.009
62 72 7931050.143
62 73 7676936.31
62 74 5258953.161
62 75 5156777.611
62 76 9045497.591
62 77 3378542.174
62 78 3602164.09
62 79 7597087.822
62 80 3907277.184
62 81 1626444.021
62 82 1739070.82
62 83 7207963.464
62 84 7574156.344
62 85 6903321.126
62 86 5651226.397
62 87 4750982.889
62 88 7405425.019
62 89 8932237.194
62 90 5471318.429
62 91 4244365.608
62 92 8434136.975
62 93 8577603.729
62 94 4723715.968
62 95 9439953.566
62 96 7501859.479
62 97 2208749.048
62 98 8248572.043
62 99 4029977.921
63 64 11853550.37
63 65 8879425.567
63 66 5103541.907
63 67 12762570.17
63 68 9681646.061
63 69 7670702.006
63 70 8805458.059
63 71 5931775.604
63 72 8298896.235
63 73 7463934.059
63 74 5129308.049
63 75 5186090.631
63 76 8753690.318
63 77 3446901.481
63 78 4085782.135
63 79 7703087.757
63 80 3530834.439
63 81 2186955.835
63 82 2306469.324
63 83 7226461.29
63 84 7685600.986
63 85 6658807.962
63 86 5644685.767
63 87 4712125.018
63 88 7824465.572
63 89 8680267.408
63 90 5889153.968
63 91 4264843.305
63 92 8831423.541
63 93 9061387.589
63 94 4862223.074
63 95 9402390.802
63 96 7792316.772
63 97 2177790.733
63 98 8016965.977
63 99 4460303.757
64 65 6984814.075
64 66 8710624.275
64 67 918206.9568
64 68 5982806.128
64 69 7136109.304
64 70 5158517.104
64 71 7549016.956
64 72 5225941.051
64 73 7421704.798
64 74 7679153.305
64 75 6862087.916
64 76 8546900.304
64 77 8437173.194
64 78 9089282.033
64 79 4248993.754
64 80 10194707.07
64 81 10807846.77
64 82 10830959.09
64 83 5137384.258
64 84 4247606.749
64 85 8020735.237
64 86 6595578.478
64 87 7522682.169
64 88 6272475.899
64 89 7868052.623
64 90 7306665.829
64 91 7733717.345
64 92 5486192.992
64 93 7353366.703
64 94 6992550.055
64 95 4388564.884
64 96 4644409.963
64 97 9746722.419
64 98 7585731.084
64 99 8387033.1
65 66 3832270.637
65 67 7529610.393
65 68 1224173.937
65 69 9681299.09
65 70 8760073.578
65 71 2979990.848
65 72 2115441.11
65 73 9785147.714
65 74 8022371.047
65 75 6620099.639
65 76 11558026.83
65 77 6742201.585
65 78 4809955.673
65 79 5955416.413
65 80 9556483.208
65 81 6878999.239
65 82 6809761.809
65 83 6936501.406
65 84 5880927.098
65 85 9736596.913
65 86 6951499.501
65 87 7208254.787
65 88 1463107.751
65 89 10986484.3
65 90 3104648.278
65 91 6802104.487
65 92 1547324.211
65 93 422929.6317
65 94 5779607.978
65 95 8557900.016
65 96 3411372.044
65 97 7634738.027
65 98 10320588.37
65 99 4443989.698
66 67 9507607.188
66 68 4782520.426
66 69 8181867.355
66 70 8095741.878
66 71 1198766.526
66 72 3862047.419
66 73 8163188.813
66 74 5793829.385
66 75 4618748.403
66 76 9937395.728
66 77 3785987.15
66 78 1027945.038
66 79 5627918.187
66 80 6482601.842
66 81 3047926.64
66 82 2977497.722
66 83 6023805.431
66 84 5566710.679
66 85 7782158.091
66 86 5158074.414
66 87 4894345.848
66 88 3051492.354
66 89 9520567.218
66 90 1404940.351
66 91 4281974.422
66 92 4149237.978
66 93 3975327.821
66 94 3614351.03
66 95 8269262.204
66 96 4066258.549
66 97 4236933.642
66 98 8778697.968
66 99 1041710.322
67 68 6454143.584
67 69 7944748.165
67 70 5938182.419
67 71 8331445.103
67 72 5906768.671
67 73 8237345.694
67 74 8585976.298
67 75 7780260.086
67 76 9277881.899
67 77 9351144.866
67 78 9928512.732
67 79 5166939.106
67 80 11104954.85
67 81 11683851.19
67 82 11703499.25
67 83 6040573.384
67 84 5165784.776
67 85 8867379.859
67 86 7510819.395
67 87 8439866.078
67 88 6946966.808
67 89 8604353.344
67 90 8102874.404
67 91 8651511.593
67 92 6082949.449
67 93 7875455.329
67 94 7903372.49
67 95 5140966.029
67 96 5449091.002
67 97 10661093.95
67 98 8366638.784
67 99 9229810.121
68 69 9533181.906
68 70 8381527.865
68 71 3761757.038
68 72 1853201.444
68 73 9673608.14
68 74 8181606.735
68 75 6786223.241
68 76 11397564.48
68 77 7213041.485
68 78 5691629.028
68 79 5641056.03
68 80 9970346.623
68 81 7786227.999
68 82 7731060.341
68 83 6732444.648
68 84 5569156.656
68 85 9737226.199
68 86 7028066.071
68 87 7437733.613
68 88 1866961.221
68 89 10789212.72
68 90 3794357.038
68 91 7123420.936
68 92 1097670.137
68 93 1469391.683
68 94 6066392.887
68 95 8071982.849
68 96 3151610.805
68 97 8237342.054
68 98 10166298.72
68 99 5223958.094
69 70 2034355.21
69 71 7714958.822
69 72 7708885.99
69 73 315234.7139
69 74 2680158.095
69 75 3567335.64
69 76 1876728.592
69 77 4940694.395
69 78 7697231.465
69 79 3958287.972
69 80 4476642.531
69 81 8048559.494
69 82 8157348.318
69 83 2805604.625
69 84 4023628.059
69 85 1184489.826
69 86 3025433.77
69 87 3456313.418
69 88 8235375.92
69 89 1348255.48
69 90 7396321.401
69 91 4113226.295
69 92 8454028.605
69 93 10086178.73
69 94 4567937.218
69 95 2864395.545
69 96 6383837.528
69 97 5710588.811
69 98 639388.8059
69 99 7203268.697
70 71 7361679.827
70 72 6668414.135
70 73 2341375.631
70 74 3706118.498
70 75 3869500.16
70 76 3429714.274
70 77 5602613.633
70 78 7856812.162
70 79 2808777.252
70 80 6041365.683
70 81 8703604.918
70 82 8789281.146
70 83 2072316.213
70 84 2883432.653
70 85 3093796.996
70 86 3305520.152
70 87 4136448.45
70 88 7396071.015
70 89 2748688.983
70 90 7032855.236
70 91 4702885.25
70 92 7364810.95
70 93 9180898.674
70 94 4698600.887
70 95 831789.3026
70 96 5349104.765
70 97 6673551.359
70 98 2429508.804
70 99 7245477.17
71 72 2672973.306
71 73 7740432.907
71 74 5568799.627
71 75 4248446.326
71 76 9540481.546
71 77 3901479.357
71 78 1947391.798
71 79 4731966.237
71 80 6718411.273
71 81 4039126.338
71 82 3992776.635
71 83 5305626.835
71 84 4664899.681
71 85 7481652.69
71 86 4721123.948
71 87 4682541.537
71 88 1938291.411
71 89 9063150.668
71 90 328903.8607
71 91 4154490.817
71 92 3015689.979
71 93 3219184.778
71 94 3267312.757
71 95 7439295.631
71 96 2911388.59
71 97 4677736.713
71 98 8337180.611
71 99 1473303.464
72 73 7839564.279
72 74 6341330.608
72 75 4952897.212
72 76 9579838.605
72 77 5529066.123
72 78 4565602.911
72 79 3877548.159
72 80 8219656.994
72 81 6611181.046
72 82 6583087.735
72 83 4920139.546
72 84 3803735.203
72 85 7885648.086
72 86 5177856.704
72 87 5619605.106
72 88 1046568.686
72 89 8983729.778
72 90 2556061.005
72 91 5346592.931
72 92 755804.5915
72 93 2538226.363
72 94 4285799.05
72 95 6444442.848
72 96 1334596.036
72 97 6648387.962
72 98 8344912.777
72 99 3964219.344
73 74 2553231.812
73 75 3545004.539
73 76 1802137.301
73 77 4830399.187
73 78 7643087.08
73 79 4141285.1
73 80 4216915.633
73 81 7914803.928
73 82 8026690.227
73 83 2968719.223
73 84 4204217.155
73 85 892777.2005
73 86 3025351.771
73 87 3370850.173
73 88 8332586.476
73 89 1369184.074
73 90 7425452.766
73 91 4028534.268
73 92 8588690.892
73 93 10186174.03
73 94 4551219.532
73 95 3172564.91
73 96 6522003.639
73 97 5542075.796
73 98 623083.6507
73 99 7170776.643
74 75 1404215.497
74 76 4217066.238
74 77 2279853.127
74 78 5170449.222
74 79 3522554.769
74 80 2528786.712
74 81 5368736.198
74 82 5478328.678
74 83 2548651.494
74 84 3547970.56
74 85 2003878.805
74 86 1227118.039
74 87 900531.5603
74 88 6567848.88
74 89 3908538.068
74 90 5280982.118
74 91 1527933.202
74 92 7089034.243
74 93 8388171.432
74 94 2307111.173
74 95 4372611.659
74 96 5165263.47
74 97 3065694.093
74 98 3170179.367
74 99 4766435.28
75 76 5327528.741
75 77 1785030.244
75 78 4149943.226
75 79 2614716.533
75 80 3500863.046
75 81 4835987.539
75 82 4920163.312
75 83 2051230.297
75 84 2614482.642
75 85 3233370.302
75 86 579687.2758
75 87 722526.5461
75 88 5164236.897
75 89 4902272.04
75 90 3946545.571
75 91 921334.4749
75 92 5696581.093
75 93 6988530.224
75 94 1006741.508
75 95 4326732.925
75 96 3817185.757
75 97 3009403.087
75 98 4159955.928
75 99 3636285.845
76 77 6481455.77
76 78 9376790.333
76 79 5790107.368
76 80 5281656.091
76 81 9478026.21
76 82 9597991.756
76 83 4665119.834
76 84 5858227.369
76 85 2232562.572
76 86 4821521.772
76 87 5086533.095
76 88 10111584.78
76 89 681547.0145
76 90 9226372.993
76 91 5736806.088
76 92 10322587.43
76 93 11962765.08
76 94 6334018.724
76 95 4159195.635
76 96 8251761.023
76 97 7021878.337
76 98 1237519.564
76 99 8932874.119
77 78 3005875.264
77 79 4257087.183
77 80 2822687.454
77 81 3137726.621
77 82 3237310.117
77 83 3834377.348
77 84 4240881.532
77 85 4251605.377
77 86 2308964.105
77 87 1511332.724
77 88 5394507.756
77 89 6188371.559
77 90 3686446.692
77 91 899729.7141
77 92 6197450.184
77 93 7044525.101
77 94 1467757.998
77 95 6102379.232
77 96 4699838.732
77 97 1310510.186
77 98 5449167.245
77 99 2748949.761
78 79 5621428.179
78 80 5573364.664
78 81 2095146.638
78 82 2045559.541
78 83 5812739.884
78 84 5569071.573
78 85 7174310.727
78 86 4720621.56
78 87 4290286.74
78 88 3885546.087
78 89 9011760.068
78 90 2010085.41
78 91 3643182.644
78 92 4959815.182
78 93 4977600.186
78 94 3190890.156
78 95 8130421.088
78 96 4502356.999
78 97 3271859.744
78 98 8265462.212
78 99 706120.4708
79 80 5990564.719
79 81 6955125.643
79 82 7006623.833
79 83 1191754.235
79 84 74655.41347
79 85 4406165.802
79 86 2367612.489
79 87 3276425.281
79 88 4588303.333
79 89 5162903.653
79 90 4409342.615
79 91 3500564.846
79 92 4593004.049
79 93 6375350.615
79 94 2880687.108
79 95 2727225.114
79 96 2548406.968
79 97 5553401.994
79 98 4575396.06
79 99 4939280.178
80 81 4768384.012
80 82 4906338.722
80 83 5075312.012
80 84 6007109.883
80 85 3340883.777
80 86 3624048.264
80 87 2779770.731
80 88 8185029.413
80 89 5289977.248
80 90 6508869.18
80 91 2882710.067
80 92 8923319.706
80 93 9864791.989
80 94 3938956.57
80 95 6782930.871
80 96 7226117.089
80 97 2362094.228
80 98 4693798.995
80 99 5479120.008
81 82 140515.457
81 83 6816932.038
81 84 6918149.48
81 85 7254537.846
81 86 5398624.097
81 87 4648881.64
81 88 5976981.224
81 89 9250962.089
81 90 4074329.338
81 91 4024901.209
81 92 7043016.319
81 93 7019672.325
81 94 4129116.879
81 95 9143970.936
81 96 6376855.491
81 97 2501930.48
81 98 8524167.685
81 99 2647063.163
82 83 6889989.145
82 84 6968434.154
82 85 7372797.485
82 86 5485686.054
82 87 4748563.123
82 88 5931034.084
82 89 9365669.778
82 90 4038849.177
82 91 4119920.14
82 92 7002421.038
82 93 6943477.349
82 94 4194643.032
82 95 9220581.66
82 96 6377137.342
82 97 2632592.817
82 98 8637345.503
82 99 2622079.974
83 84 1248630.389
83 85 3216299.353
83 86 1594207.126
83 87 2553068.683
83 88 5514869.587
83 89 4063634.934
83 90 4976793.129
83 91 2966854.743
83 92 5659251.355
83 93 7349057.939
83 94 2711796.24
83 95 2340913.335
83 96 3588727.963
83 97 5048832.373
83 98 3435182.217
83 99 5186263.663
84 85 4459921.908
84 86 2383112.095
84 87 3283365.612
84 88 4513690.384
84 89 5232431.978
84 90 4342754.182
84 91 3493816.732
84 92 4519963.216
84 93 6300822.858
84 94 2854323.591
84 95 2798641.199
84 96 2474221.2
84 97 5539948.292
84 98 4642075.433
84 99 4885137.053
85 86 2801884.638
85 87 2893334.184
85 88 8273815.152
85 89 2029267.764
85 90 7179611.361
85 91 3531640.343
85 92 8641222.752
85 93 10124005.67
85 94 4223035.696
85 95 3919655.918
85 96 6604508.269
85 97 4820014.834
85 98 1364245.359
85 99 6761496.424
86 87 960784.4863
86 88 5488684.248
86 89 4368800.975
86 90 4409849.191
86 91 1413872.695
86 92 5931171.022
86 93 7333114.922
86 94 1548034.354
86 95 3795812.95
86 96 3964313.528
86 97 3469917.615
86 98 3631846.988
86 99 4191578.16
87 88 5765356.879
87 89 4738921.916
87 90 4400494.355
87 91 657912.1624
87 92 6355442.594
87 93 7563454.576
87 94 1440738.557
87 95 4694191.097
87 96 4519010.739
87 97 2549299.396
87 98 3993729.557
87 99 3869200.372
88 89 9548882.735
88 90 1935765.519
88 91 5384787.434
88 92 1099671.911
88 93 1854401.797
88 94 4347175.81
88 95 7255043.683
88 96 2098408.925
88 97 6380306.783
88 98 8874750.915
88 99 3375638.537
89 90 8744317.609
89 91 5396310.117
89 92 9721330.056
89 93 11395009.35
89 94 5906349.018
89 95 3479692.356
89 96 7651601.601
89 97 6841245.694
89 98 746327.4316
89 99 8534147.447
90 91 3889671.644
90 92 2973226.023
90 93 3375499.483
90 94 2975061.791
90 95 7113449.629
90 96 2662338.504
90 97 4530112.663
90 98 8020088.523
90 99 1444148.094
91 92 6061079.347
91 93 7140072.072
91 94 1060828.406
91 95 5209658.236
91 96 4349331.056
91 97 2088085.688
91 98 4651331.659
91 99 3247983.36
92 93 1954861.712
92 94 5001087.608
92 95 7102319.611
92 96 2070838.03
92 97 7273064.228
92 98 9088967.058
92 99 4416137.213
93 94 6129126.572
93 95 8980813.475
93 96 3832772.901
93 97 7894877.206
93 98 10725557.26
93 99 4660936.77
94 95 5052382.193
94 96 3314025.9
94 97 2773241.982
94 98 5165100.451
94 99 2644092.441
95 96 5165187.424
95 97 7243285.046
95 98 3232841.656
95 99 7485948.155
96 97 5928787.778
96 98 7018360.2
96 99 3815390.525
97 98 6133348.753
97 99 3296883.719
98 99 7789701.039
