4950
0 1 7115316.944
0 2 5952260.549
0 3 9869642.704
0 4 6501729.241
0 5 524783.6216
0 6 3128326.819
0 7 10805645.55
0 8 9580318.906
0 9 6260319.144
0 10 5762068.92
0 11 4017681.057
0 12 6204672.636
0 13 4517571.153
0 14 9229128.085
0 15 9723109.605
0 16 1509403.095
0 17 9614409.037
0 18 215256.6137
0 19 4012132.896
0 20 8395145.368
0 21 2228159.812
0 22 6272729.865
0 23 7769583.897
0 24 5130647.715
0 25 6079869.857
0 26 7501889.728
0 27 9508985.408
0 28 1478936.531
0 29 4329861.137
0 30 6927223.793
0 31 3136338.096
0 32 4049106.904
0 33 8073553.028
0 34 7969447.092
0 35 5901603.514
0 36 5540000.996
0 37 3417484.163
0 38 8405176.36
0 39 6200713.572
0 40 9898759.27
0 41 9744042.728
0 42 7272288.904
0 43 5675232.247
0 44 4538944.37
0 45 7512185.571
0 46 9692803.015
0 47 9640566.314
0 48 4492436.967
0 49 5448756.328
0 50 6808340.111
0 51 5436367.561
0 52 2928412.566
0 53 4257584.298
0 54 7113343.786
0 55 3975574.106
0 56 7653071.161
0 57 8189742.887
0 58 3676271.299
0 59 4894991.83
0 60 7822680.74
0 61 4329486.562
0 62 4300226.807
0 63 10676893.59
0 64 9637160.613
0 65 8900117.011
0 66 5760435.195
0 67 8317485.27
0 68 5108612.424
0 69 5096300.59
0 70 5900971.73
0 71 7445327.681
0 72 6179965.744
0 73 5375980.991
0 74 1372988.332
0 75 6122947.822
0 76 8360734.098
0 77 5935535.341
0 78 575123.5888
0 79 3738720.857
0 80 5705033.293
0 81 5145164.771
0 82 3196512.144
0 83 607470.3766
0 84 4040195.35
0 85 2798245.697
0 86 4904796.454
0 87 2107920.461
0 88 9198037.582
0 89 4783853.551
0 90 6835436.234
0 91 8197637.744
0 92 1734381.346
0 93 4319310.517
0 94 5561165.777
0 95 1582321.681
0 96 2170612.711
0 97 5026871.645
0 98 6253942.041
0 99 4258468.517
1 2 5560368.137
1 3 2780543.176
1 4 5863160.122
1 5 6746232.409
1 6 5160309.53
1 7 3812012.952
1 8 3452372.201
1 9 2246863.796
1 10 3676721.987
1 11 6061467.467
1 12 910909.9393
1 13 5341674.964
1 14 4380245.885
1 15 3557231.132
1 16 5846364.831
1 17 2932843.289
1 18 6901562.258
1 19 6303721.873
1 20 3428059.177
1 21 6385405.767
1 22 5506321.261
1 23 4528418.835
1 24 5608029.247
1 25 1083577.572
1 26 414387.242
1 27 3227188.877
1 28 5653012.248
1 29 6195625.229
1 30 1697330.567
1 31 5937761.386
1 32 6584289.427
1 33 6304507.094
1 34 2902225.792
1 35 5508305.848
1 36 6699155.783
1 37 5417148.982
1 38 6518708.977
1 39 3312219.113
1 40 6032822.267
1 41 3314708.179
1 42 5265287.739
1 43 1655009.818
1 44 7162902.655
1 45 5469150.276
1 46 2791440.188
1 47 3188763.253
1 48 3578871.799
1 49 6240666.729
1 50 2101299.223
1 51 7243818.722
1 52 4578241.072
1 53 4630836.673
1 54 39738.56599
1 55 8354577.17
1 56 1074372.591
1 57 1098542.522
1 58 6401941.762
1 59 3995627.81
1 60 2305175.39
1 61 2785977.109
1 62 3841113.099
1 63 3671836.538
1 64 6301579.986
1 65 1809225.061
1 66 2878236.866
1 67 6328592.635
1 68 2008575.071
1 69 7189587.836
1 70 6276070.09
1 71 2118653.913
1 72 4695956.691
1 73 6819034.918
1 74 7738646.904
1 75 1080051.499
1 76 1916952.605
1 77 2571753.33
1 78 7203493.967
1 79 3605951.467
1 80 1439105.942
1 81 4291676.551
1 82 5708115.571
1 83 6985861.07
1 84 7851242.068
1 85 6266327.326
1 86 5793671.962
1 87 5444523.27
1 88 3042964.924
1 89 2468969.789
1 90 3193950.359
1 91 1914401.914
1 92 6947437.058
1 93 5033783.794
1 94 4284125.977
1 95 5715346.575
1 96 4945607.341
1 97 2686049.97
1 98 863390.4662
1 99 7821051.126
2 3 7777385.716
2 4 569461.5458
2 5 5430223.95
2 6 6725105.631
2 7 8920531.85
2 8 9012494.731
2 9 3325698.485
2 10 1884261.224
2 11 8131151.58
2 12 5102034.776
2 13 7957522.046
2 14 4328789.805
2 15 9115561.777
2 16 4563819.883
2 17 6211984.81
2 18 5834795.407
2 19 2208907.887
2 20 3976064.75
2 21 3810920.282
2 22 350082.8387
2 23 2484526.938
2 24 845385.2433
2 25 5291632.117
2 26 5674488.405
2 27 5683027.163
2 28 4947400.205
2 29 1866047.365
2 30 4043675.939
2 31 7411384.598
2 32 8502715.745
2 33 2123734.671
2 34 8212551.461
2 35 65485.31775
2 36 1371853.529
2 37 7201885.943
2 38 2453969.132
2 39 7577491.819
2 40 4270155.537
2 41 5990807.593
2 42 1514536.097
2 43 5530750.784
2 44 2482853.291
2 45 1690238.194
2 46 8134666.737
2 47 5948629.49
2 48 6410948.349
2 49 971713.8379
2 50 7038829.606
2 51 2006511.935
2 52 5804599.531
2 53 7199274.004
2 54 5526947.642
2 55 4147846.375
2 56 5144274.21
2 57 6425215.512
2 58 8131626.595
2 59 1890412.882
2 60 4249842.611
2 61 4519051.072
2 62 6492759.821
2 63 8774582.393
2 64 3854817.165
2 65 6536415.499
2 66 6908078.074
2 67 2374962.008
2 68 4754610.589
2 69 9544079.243
2 70 761476.5686
2 71 7395633.632
2 72 955957.2073
2 73 1588481.169
2 74 5462603.06
2 75 5398269.445
2 76 7477192.135
2 77 2989892.92
2 78 5577105.178
2 79 3616565.388
2 80 5111681.527
2 81 1462690.3
2 82 7272582.387
2 83 6317687.559
2 84 3536520.29
2 85 7413895.008
2 86 8538829.455
2 87 6010895.356
2 88 5371674.722
2 89 5254302.118
2 90 2693801.636
2 91 7463011.473
2 92 4496197.324
2 93 1692368.334
2 94 1301160.992
2 95 4563482.446
2 96 4878172.495
2 97 3255085.826
2 98 5057594.289
2 99 3353969.538
3 4 7943910.123
3 5 9515261.503
3 6 7652035.128
3 7 1143151.48
3 8 2426127.249
3 9 4567753.79
3 10 5986944.742
3 11 8299139.454
3 12 3679780.951
3 13 7475514.385
3 14 4980091.877
3 15 2412557.542
3 16 8625740.248
3 17 2262672.84
3 18 9654939.569
3 19 8904062.599
3 20 4403628.27
3 21 9143708.407
3 22 7634174.822
3 23 6032903.939
3 24 8017685.411
3 25 3789848.871
3 26 2434665.053
3 27 3006845.252
3 28 8418498.022
3 29 8750622.14
3 30 3771519.602
3 31 8366345.609
3 32 8814452.591
3 33 7913404.988
3 34 3441727.422
3 35 7737059.201
3 36 9056150.298
3 37 7820575.468
3 38 8035296.312
3 39 5004201.599
3 40 6727993.369
3 41 2822765.754
3 42 7051076.709
3 43 4240106.808
3 44 9709738.457
3 45 7183654.686
3 46 837169.7855
3 47 2742562.792
3 48 5960406.632
3 49 8596905.044
3 50 3700615.152
3 51 9649966.681
3 52 7207615.263
3 53 6898906.536
3 54 2789271.399
3 55 11019947
3 56 2670504.351
3 57 1685648.519
3 58 8710836.216
3 59 6519955.575
3 60 3613950.382
3 61 5550023.97
3 62 6228842.93
3 63 997235.1497
3 64 7218963.005
3 65 1241100.969
3 66 4891793.224
3 67 7847714.18
3 68 4766144.06
3 69 9196297.456
3 70 8534257.211
3 71 3193370.183
3 72 6833181.292
3 73 9213734.435
3 74 10519180.69
3 75 3749645.931
3 76 1994807.681
3 77 4967630.979
3 78 9977192.62
3 79 6379675.031
3 80 4164610.954
3 81 6732705.384
3 82 8137437.741
3 83 9706232.023
3 84 10487394.99
3 85 8743466.683
3 86 7806122.628
3 87 8100311.745
3 88 3114504.615
3 89 5126531.355
3 90 5108479.381
3 91 2214871.153
3 92 9720955.015
3 93 7608025.855
3 94 6615442.623
3 95 8493883.903
3 96 7699667.808
3 97 5363718.574
3 98 3640774.286
3 99 10431318.51
4 5 5981173.244
4 6 7283482.623
4 7 9084430.84
4 8 9304740.059
4 9 3616325.055
4 10 2230581.089
4 11 8688685.609
4 12 5472120.03
4 13 8500134.635
4 14 4158221.51
4 15 9402308.442
4 16 5126450.708
4 17 6252946.869
4 18 6388434.902
4 19 2676095.951
4 20 3936879.649
4 21 4339630.809
4 22 378047.6231
4 23 2317606.935
4 24 1372826.718
4 25 5679930.612
4 26 5942816.077
4 27 5675113.58
4 28 5515318.616
4 29 2327366.057
4 30 4276078.671
4 31 7975443.213
4 32 9064687.253
4 33 1596672.765
4 34 8587297.274
4 35 630182.2542
4 36 1556668.28
4 37 7759448.282
4 38 1920169.577
4 39 8039703.859
4 40 3890341.614
4 41 5983936.168
4 42 1216276.494
4 43 5958821.951
4 44 2805997.643
4 45 1319108.694
4 46 8350814.568
4 47 5953284.724
4 48 6925321.42
4 49 1278892.873
4 50 7441452.263
4 51 2165741.4
4 52 6360999.839
4 53 7735888.526
4 54 5828037.987
4 55 4478093.616
4 56 5357182.443
4 57 6669874.043
4 58 8695047.952
4 59 2391932.165
4 60 4357728.925
4 61 5018236.135
4 62 7016050.021
4 63 8939552.624
4 64 3422734.862
4 65 6707822.605
4 66 7372785.779
4 67 1859574.29
4 68 5205375.006
4 69 10102134.11
4 70 881707.58
4 71 7767635.841
4 72 1167451.124
4 73 1801185.188
4 74 5967727.61
4 75 5786823.93
4 76 7776466.052
4 77 3317800.05
4 78 6114492.552
4 79 4154013.66
4 80 5525144.369
4 81 1958814.047
4 82 7834596.897
4 83 6876842.644
4 84 3874201.558
4 85 7981531.08
4 86 9081959.988
4 87 6578852.621
4 88 5376064.904
4 89 5734571.417
4 90 2836347.522
4 91 7776161.893
4 92 5012740.132
4 93 2261240.027
4 94 1720497.464
4 95 5128509.332
4 96 5446245.568
4 97 3699814.645
4 98 5421328.733
4 99 3669633.307
5 6 3121273.995
5 7 10476263.09
5 8 9334063.645
5 9 5792672.066
5 10 5251655.269
5 11 4159481.2
5 12 5838393.976
5 13 4569714.051
5 14 8726952.442
5 15 9475788.434
5 16 1009759.073
5 17 9179453.108
5 18 421766.3576
5 19 3516795.97
5 20 7904179.758
5 21 1737940.122
5 22 5749542.845
5 23 7251287.818
5 24 4611084.476
5 25 5731761.004
5 26 7124551.609
5 27 9052015.164
5 28 1099483.355
5 29 3828198.701
5 30 6477989.476
5 31 3263360.283
5 32 4253399.789
5 33 7550704.483
5 34 7762335.63
5 35 5379189.795
5 36 5045676.742
5 37 3467629.808
5 38 7882538.278
5 39 6054815.309
5 40 9377641.454
5 41 9292583.635
5 42 6747570.301
5 43 5361595.627
5 44 4084228.315
5 45 6987401.993
5 46 9372783.271
5 47 9191204.76
5 48 4329108.941
5 49 4941118.725
5 50 6569651.165
5 51 4966675.431
5 52 2767607.659
5 53 4220783.456
5 54 6742131.333
5 55 3657550.07
5 56 7238290.466
5 57 7830888.599
5 58 3866699.632
5 59 4381175.532
5 60 7358398.565
5 61 3965238.989
5 62 4160082.091
5 63 10344910.97
5 64 9113122.22
5 65 8515143.327
5 66 5573414.399
5 67 7793966.566
5 68 4749326.83
5 69 5328915.089
5 70 5390820.618
5 71 7199899.734
5 72 5656064.267
5 73 4888372.612
5 74 1276608.49
5 75 5781268.522
5 76 8068288.621
5 77 5458418.179
5 78 490727.9483
5 79 3293112.415
5 80 5356362.766
5 81 4624802.855
5 82 3287429.977
5 83 976878.7721
5 84 3659814.496
5 85 2977309.613
5 86 5002143.137
5 87 2043741.977
5 88 8738257.532
5 89 4478122
5 90 6336648.949
5 91 7913418.791
5 92 1329725.441
5 93 3794557.136
5 94 5040434.846
5 95 1100086.355
5 96 1838641.976
5 97 4568038.057
5 98 5882893.587
5 99 3864879.476
6 7 8411590.517
6 8 6835514.52
6 9 5341995.976
6 10 5621999.392
6 11 1406809.346
6 12 4328910.78
6 13 1484541.053
6 14 8564332.463
6 15 6979271.243
6 16 2971367.868
6 17 8037163.877
6 18 2952241.641
6 19 5593190.472
6 20 7586182.521
6 21 4222823.973
6 22 6945527.545
6 23 7625680.758
6 24 6105391.075
6 25 4088284.846
6 26 5574557.021
6 27 8168571.553
6 28 2411855.211
6 29 5782861.717
6 30 5706338.944
6 31 816735.5487
6 32 1800779.376
6 33 8616378.674
6 34 5125352.486
6 35 6660925.653
6 36 6952313.963
6 37 479193.0941
6 38 8939504.654
6 39 3227840.927
6 40 9731741.398
6 41 8329590.307
6 42 7586785.52
6 43 3508211.848
6 44 6429018.926
6 45 7852674.415
6 46 7280810.396
6 47 8208914.527
6 48 1708086.763
6 49 6666882.592
6 50 4130639.19
6 51 7125648.654
6 52 928145.5685
6 53 1136205.467
6 54 5174195.296
6 55 6548560.806
6 56 6018978.602
6 57 6081797.706
6 58 1464124.55
6 59 4995881.853
6 60 6686813.291
6 61 2839806.576
6 62 1447560.296
6 63 8300641.744
6 64 9679538.204
6 65 6936683.964
6 66 2940131.473
6 67 8797378.643
6 68 3366104.097
6 69 2818977.313
6 70 7024395.981
6 71 4764121.707
6 72 6487546.89
6 73 6886468.934
6 74 4394562.323
6 75 4080921.821
6 76 5855828.681
6 77 5191059.714
6 78 3571566.796
6 79 3202441.86
6 80 3771873.038
6 81 5405171.531
6 82 607590.7905
6 83 2651281.511
6 84 6381909.506
6 85 1106229.352
6 86 1993965.016
6 87 1090537.616
6 88 7908090.574
6 89 2733007.109
6 90 6308833.562
6 91 5659199.599
6 92 4230865.695
6 93 5107263.87
6 94 5767317.404
6 95 2854748.734
6 96 1995413.617
6 97 4226776.214
6 98 4407862.582
6 99 6526925.85
7 8 2242031.769
7 9 5701567.843
7 10 7126807.037
7 11 8918130.661
7 12 4681608.781
7 13 8064565.695
7 14 5989227.963
7 15 2162458.839
7 16 9618186.038
7 17 3222873.942
7 18 10590394.91
7 19 10021523.53
7 20 5486745.545
7 21 10197418.71
7 22 8776331.496
7 23 7143117.024
7 24 9155895.929
7 25 4751109.167
7 26 3503042.818
7 27 3975773.387
7 28 9376790.318
7 29 9875557.803
7 30 4910405.682
7 31 9080684.875
7 32 9420372.008
7 33 9019148.796
7 34 3727772.219
7 35 8880205.005
7 36 10197714.97
7 37 8530705.895
7 38 9129627.756
7 39 5524099.312
7 40 7707720.265
7 41 3747969.412
7 42 8177789.186
7 43 5132665.89
7 44 10837012.44
7 45 8303986.091
7 46 1131743.333
7 47 3689210.606
7 48 6703777.174
7 49 9738204.873
7 50 4318291.453
7 51 10789852.91
7 52 8054128.694
7 53 7563991.085
7 54 3826414.491
7 55 12123542.31
7 56 3806613.559
7 57 2719447.403
7 58 9357659.459
7 59 7644598.834
7 60 4745396.045
7 61 6523020.831
7 62 6967075.723
7 63 146535.706
7 64 8231645.065
7 65 2384222.505
7 66 5537345.614
7 67 8943690.313
7 68 5740235.798
7 69 9688919.699
7 70 9677384.073
7 71 3725225.03
7 72 7976056.006
7 73 10353881.36
7 74 11522522.82
7 75 4696618.1
7 76 2560933.248
7 77 6098699.74
7 78 10947283.16
7 79 7414815.602
7 80 5125325.16
7 81 7866517.622
7 82 8855720.179
7 83 10603607.5
7 84 11598716.92
7 85 9479213.002
7 86 8332246.566
7 87 8954812.812
7 88 4131588.646
7 89 6025743.647
7 90 6249878.888
7 91 2766520.807
7 92 10753861.55
7 93 8728037.981
7 94 7755600.575
7 95 9482653.015
7 96 8644827.255
7 97 6453804.907
7 98 4653561.055
7 99 11548494.34
8 9 5693003.711
8 10 7129075.845
8 11 7088996.323
8 12 4046789.283
8 13 6213541.972
8 14 7087064.441
8 15 143979.2597
8 16 8604122.554
8 17 4559684.649
8 18 9368518.27
8 19 9629064.139
8 20 6331719.278
8 21 9411712.382
8 22 8952287.895
8 23 7765947.805
8 24 9040617.314
8 25 3967280.817
8 26 3370320.438
8 27 5255057.051
8 28 8257274.122
8 29 9558227.014
8 30 5056034.927
8 31 7400753.459
8 32 7562249.205
8 33 9618548.657
8 34 1744439.851
8 35 8960609.986
8 36 10137691.28
8 37 6858516.584
8 38 9797804.567
8 39 3682846.973
8 40 8851625.388
8 41 5128119.461
8 42 8629790.121
8 43 4090650.999
8 44 10519921.63
8 45 8811771.239
8 46 1589044.949
8 47 5029469.012
8 48 5170276.178
8 49 9681327.433
8 50 2772397.756
8 51 10667373.16
8 52 6679586.304
8 53 5846351.616
8 54 3485573.953
8 55 11573567.6
8 56 4056535.68
8 57 2713564.802
8 58 7560463.999
8 59 7407066.669
8 60 5323785.07
8 61 5590273.117
8 62 5408988.278
8 63 2221460.932
8 64 9265549.406
8 65 3118089.012
8 66 3899347.527
8 67 9606253.046
8 68 4877829.236
8 69 7687206.01
8 70 9727516.365
8 71 2135458.091
8 72 8139334.276
8 73 10248198.91
8 74 10498855.41
8 75 3875845.706
8 76 1537183.625
8 77 6024079.187
8 78 9822668.939
8 79 6656581.309
8 80 4287736.976
8 81 7726886.957
8 82 7188763.524
8 83 9277009.384
8 84 11116998.11
8 85 7827832.761
8 86 6391868.002
8 87 7566400.748
8 88 5282707.741
8 89 4908889.681
8 90 6560602.714
8 91 1581661.654
8 92 9862316.215
8 93 8400207.565
8 94 7735207.661
8 95 8460027.989
8 96 7510524.76
8 97 6028126.851
8 98 4063413.752
8 99 11116457.26
9 10 1453654.2
9 11 6584714.132
9 12 1961483.252
9 13 6088322.255
9 14 3223383.947
9 15 5793535.341
9 16 4790138.589
9 17 3495073.05
9 18 6065229.409
9 19 4368139.716
9 20 2258773.876
9 21 4915788.733
9 22 3260072.367
9 23 2571091.937
9 24 3459990.328
9 25 2223375.712
9 26 2349892.036
9 27 3270307.399
9 28 4812194.768
9 29 4193426.821
9 30 817229.4924
9 31 6155534.182
9 32 7070010.901
9 33 4170751.714
9 34 5030626.396
9 35 3275993.166
9 36 4523164.339
9 37 5740304.465
9 38 4419359.389
9 39 4833203.431
9 40 4493218.925
9 41 3525742.887
9 42 3091734.249
9 43 2672406.318
9 44 5146790.933
9 45 3318464.688
9 46 4840618.19
9 47 3432682.177
9 48 4253221.367
9 49 4062075.838
9 50 3973789.056
9 51 5099405.779
9 52 4497778.964
9 53 5286981.531
9 54 2211864.902
9 55 6521816.1
9 56 1897590.22
9 57 3111497.174
9 58 6783205.417
9 59 1972950.466
9 60 1567128.821
9 61 2503983.109
9 62 4446355.775
9 63 5555093.287
9 64 4573509.977
9 65 3341656.795
9 66 4215085.548
9 67 4235079.25
9 68 2171457.637
9 69 7920780.384
9 70 4056223.454
9 71 4212599.333
9 72 2449093.7
9 73 4665718.711
9 74 6508020.687
9 75 2325524.997
9 76 4161488.728
9 77 409343.6191
9 78 6172712.796
9 79 2542103.644
9 80 2196945.784
9 81 2165105.598
9 82 5949098.397
9 83 6323433.561
9 84 5964892.514
9 85 6355769.942
9 86 6639689.078
9 87 5162573.845
9 88 2951463.341
9 89 2862548.269
9 90 1123508.953
9 91 4160073.857
9 92 5584490.545
9 93 3070639.438
9 94 2078235.033
9 95 4692585.712
9 96 4272145.055
9 97 1244283.779
9 98 1893364.327
9 99 5890757.429
10 11 6983172.735
10 12 3241803.72
10 13 6647852.361
10 14 3496876.63
10 15 7232986.833
10 16 4253497.923
10 17 4661987.407
10 18 5593149.293
10 19 3097396.896
10 20 2774955.917
10 21 4024386.686
10 22 1858969.426
10 23 2064033.67
10 24 2033999.161
10 25 3450798.993
10 26 3802063.911
10 27 4266519.793
10 28 4442521.746
10 29 2870476.773
10 30 2216702.061
10 31 6393848.82
10 32 7419594.34
10 33 3112457.239
10 34 6357103.982
10 35 1831650.417
10 36 3075579.387
10 37 6073907.524
10 38 3412063.248
10 39 5875567.694
10 40 4217182.614
10 41 4558986.382
10 42 2024089.945
10 43 3755172.389
10 44 3790488.585
10 45 2286497.059
10 46 6290533.912
10 47 4490462.773
10 48 4930605.596
10 49 2614819.264
10 50 5215371.663
10 51 3663085.989
10 52 4703203.372
10 53 5852188.596
10 54 3643555.193
10 55 5273752.999
10 56 3322431.583
10 57 4564850.668
10 58 7083951.706
10 59 881717.6605
10 60 2635372.384
10 61 3005303.83
10 62 5064386.08
10 63 6980291.341
10 64 4080830.958
10 65 4749985.277
10 66 5217132.966
10 67 3249400.405
10 68 3042795.263
10 69 8381930.999
10 70 2604287.068
10 71 5537654.145
10 72 1086430.668
10 73 3227088.946
10 74 5715568.284
10 75 3557664.243
10 76 5593309.294
10 77 1105633.73
10 78 5548983.753
10 79 2438984.994
10 80 3309389.695
10 81 824856.1036
10 82 6216513.871
10 83 5960757.768
10 84 4688717.201
10 85 6499521.153
10 86 7225464.276
10 87 5159283.689
10 88 3939039.807
10 89 3635020.036
10 90 1185429.535
10 91 5578935.149
10 92 4737466.474
10 93 1853564.343
10 94 629111.3817
10 95 4192987.482
10 96 4096281.036
10 97 1563400.117
10 98 3191986.146
10 99 4583829.363
11 12 5321128.481
11 13 877098.6331
11 14 9785825.563
11 15 7228400.129
11 16 4233514.466
11 17 8991696.687
11 18 3887784.842
11 19 6957849.126
11 20 8792364.612
11 21 5493757.507
11 22 8348957.069
11 23 8955609.166
11 24 7510561.979
11 25 5045840.697
11 26 6466460.723
11 27 9207791.532
11 28 3673024.497
11 29 7161653.837
11 30 6858318.229
11 31 897132.9794
11 32 523453.3263
11 33 10007100.66
11 34 5345433.389
11 35 8066888.898
11 36 8343797.878
11 37 929278.3216
11 38 10328211.05
11 39 3420363.761
11 40 11034587.95
11 41 9338817.157
11 42 8967281.454
11 43 4430137.878
11 44 7769120.071
11 45 9233306.994
11 46 7809694.895
11 47 9214764.856
11 48 2490705.863
11 49 8066825.29
11 50 4614730.434
11 51 8496217.969
11 52 2328201.502
11 53 1432175.853
11 54 6082225.028
11 55 7751232.28
11 56 7018054.265
11 57 6854750.55
11 58 498071.3139
11 59 6387199.508
11 60 7830032.656
11 61 4094830.661
11 62 2238835.522
11 63 8822981.299
11 64 11014010.13
11 65 7751451.59
11 66 3407806.614
11 67 10182973.92
11 68 4492258.631
11 69 1413818.464
11 70 8428676.906
11 71 5192913.906
11 72 7876368.879
11 73 8270765.483
11 74 5376589.784
11 75 5014327.401
11 76 6374643.847
11 77 6474655.544
11 78 4544880.004
11 79 4587132.75
11 80 4783605.008
11 81 6800923.443
11 82 922677.8107
11 83 3441254.466
11 84 7641921.972
11 85 1230945.78
11 86 950639.6047
11 87 2323315.663
11 88 8970664.028
11 89 3806531.551
11 90 7601419.889
11 91 6161092.69
11 92 5397515.833
11 93 6512773.503
11 94 7156283.169
11 95 4133746.251
11 96 3367287.313
11 97 5536603.047
11 98 5407367.986
11 99 7804736.161
12 13 4658790.442
12 14 4707115.275
12 15 4167644.733
12 16 4947454.212
12 17 3708705.355
12 18 5990840.329
12 19 5586281.758
12 20 3709018.784
12 21 5533644.666
12 22 5100655.812
12 23 4487938.442
12 24 5030775.253
12 25 304632.8659
12 26 1307289.238
12 27 3886707.341
12 28 4743892.056
12 29 5511448.31
12 30 1752651.856
12 31 5123197.814
12 32 5839600.638
12 33 6131951.324
12 34 3115309.309
12 35 5044671.344
12 36 6133084.144
12 37 4618569.093
12 38 6380179.888
12 39 2952817.3
12 40 6234871.229
12 41 4022366.339
12 42 5049479.683
12 43 911539.4185
12 44 6473379.268
12 45 5279171.806
12 46 3621893.457
12 47 3899303.447
12 48 2832744.268
12 49 5683348.494
12 50 2012569.012
12 51 6640638.415
12 52 3698295.44
12 53 3906501.33
12 54 910588.2316
12 55 7576371.752
12 56 1700677.134
12 57 1994158.902
12 58 5628818.359
12 59 3383346.702
12 60 2628566.745
12 61 1875698.911
12 62 3082440.029
12 63 4544455.99
12 64 6412735.788
12 65 2712228.82
12 66 2393520.413
12 67 6195303.754
12 68 1097828.829
12 69 6523185.035
12 70 5775565.105
12 71 2296066.75
12 72 4316592.878
12 73 6228650.935
12 74 6845827.422
12 75 386413.9807
12 76 2537007.167
12 77 2170464.949
12 78 6297996.801
12 79 2741365.881
12 80 557765.9242
12 81 3731720.876
12 82 4895633.92
12 83 6076941.193
12 84 7096265.153
12 85 5430708.243
12 86 5151376.86
12 87 4552102.943
12 88 3654513.552
12 89 1602297.344
12 90 3057846.184
12 91 2465275.662
12 92 6074027.987
12 93 4354049.952
12 94 3801369.148
12 95 4814765.748
12 96 4034777.762
12 97 1983274.178
12 98 90305.38108
12 99 7084102.592
13 14 9241805.111
13 15 6352666.273
13 16 4454054.71
13 17 8273244.864
13 18 4359839.677
13 19 7010314.202
13 20 8240157.456
13 21 5701399.521
13 22 8145337.861
13 23 8547384.265
13 24 7404889.188
13 25 4370121.871
13 26 5737871.187
13 27 8532851.541
13 28 3895690.794
13 29 7177528.162
13 30 6277843.293
13 31 1455668.512
13 32 1357468.475
13 33 9730377.473
13 34 4470640.481
13 35 7892279.791
13 36 8312993.998
13 37 1103597.705
13 38 10042863.23
13 39 2552159.952
13 40 10575917.4
13 41 8646421.583
13 42 8663073.304
13 43 3750719.368
13 44 7868691.763
13 45 8927969.13
13 46 6962749.231
13 47 8521197.019
13 48 1853709.542
13 49 7998198.158
13 50 3778521.618
13 51 8528700.592
13 52 2245987.027
13 53 804014.1377
13 54 5365339.977
13 55 8032960.438
13 56 6336567.233
13 57 6075935.493
13 58 1362552.569
13 59 6138760.173
13 60 7233250.124
13 61 3666421.472
13 62 1642544.109
13 63 7972186.952
13 64 10602626.23
13 65 6981348.481
13 66 2589871.077
13 67 9887893.507
13 68 3936484.922
13 69 1865356.4
13 70 8327251.756
13 71 4341044.643
13 72 7605290.758
13 73 8265376.819
13 74 5831613.398
13 75 4326794.435
13 76 5531662.312
13 77 6025246.005
13 78 5000365.475
13 79 4347095.949
13 80 4144004.195
13 81 6565655.726
13 82 1335695.706
13 83 3984128.965
13 84 7859634.986
13 85 1887456.325
13 86 582160.5549
13 87 2568624.635
13 88 8310968.821
13 89 3238812.699
13 90 7150670.22
13 91 5316057.611
13 92 5713000.514
13 93 6410181.342
13 94 6891663.285
13 95 4335218.978
13 96 3435691.407
13 97 5135756.723
13 98 4747531.728
13 99 7999713.019
14 15 7131251.038
14 16 7720765.955
14 17 2768799.817
14 18 9051589.644
14 19 6338218.271
14 20 1004056.1
14 21 7506638.035
14 22 4024913.384
14 23 1849294.733
14 24 5002849.248
14 25 5011729.608
14 26 4150404.801
14 27 2020891.3
14 28 7852861.741
14 29 6038149.134
14 30 2979297.099
14 31 9378507.991
14 32 10278821.93
14 33 3373743.615
14 34 7171405.363
14 35 4326850.516
14 36 5673543.527
14 37 8957018.317
14 38 3375378.157
14 39 7626656.515
14 40 1765582.599
14 41 2281021.537
14 42 2954744.121
14 43 5595304.13
14 44 6795264.117
14 45 2933351.274
14 46 5673318.422
14 47 2316951.893
14 48 7389093.1
14 49 5300156.931
14 50 6480053.865
14 51 6302689.917
14 52 7719139.813
14 53 8449748.139
14 54 4342315.697
14 55 8435925.688
14 56 3337287.837
14 57 4490710.334
14 58 10000420.55
14 59 4378592.194
14 60 2093901.434
14 61 5724841.118
14 62 7603657.955
14 63 5863116.164
14 64 2242955.66
14 65 3975769.868
14 66 7098470.183
14 67 3212673.182
14 68 5308309.928
14 69 11094886.04
14 70 5005804.362
14 71 6450905.004
14 72 3510107.862
14 73 5904801.366
14 74 9206491.337
14 75 5087126.675
14 76 5817759.975
14 77 3419886.169
14 78 9040440.887
14 79 5656253.209
14 80 5147142.847
14 81 4235468.972
14 82 9171081.977
14 83 9381205.034
14 84 7824948.568
14 85 9577110.306
14 86 9773809.501
14 87 8356314.916
14 88 1866134.333
14 89 6004886.823
14 90 2397812.267
14 91 5933493.525
14 92 8223663.199
14 93 5251690.916
14 94 3859635.685
14 95 7648989.702
14 96 7400411.852
14 97 4405665.239
14 98 4617682.2
14 99 7661283.302
15 16 8743470.332
15 17 4576734.241
15 18 9511233.92
15 19 9752075.467
15 20 6389303.989
15 21 9546392.97
15 22 9051446.162
15 23 7840292.064
15 24 9152581.293
15 25 4093485.785
15 26 3462935.606
15 27 5280245.075
15 28 8398322.344
15 29 9678515.253
15 30 5146509.773
15 31 7543368.461
15 32 7700492.863
15 33 9697389.188
15 34 1884980.805
15 35 9064123.632
15 36 10248562.54
15 37 7001375.918
15 38 9873119.165
15 39 3824217.2
15 40 8896584.963
15 41 5145648.81
15 42 8714920.679
15 43 4225706.306
15 44 10640992.65
15 45 8894293.324
15 46 1578610.475
15 47 5049245.618
15 48 5314251.204
15 49 9791608.833
15 50 2915474.621
15 51 10781237.71
15 52 6823122.386
15 53 5988863.19
15 54 3589805.861
15 55 11702901.45
15 56 4135255.873
15 57 2789750.947
15 58 7700612.425
15 59 7521649.586
15 60 5392587.952
15 61 5725263.559
15 62 5552950.144
15 63 2150023.338
15 64 9318337.714
15 65 3157186.174
15 66 4043277.58
15 67 9681616.449
15 68 5009490.71
15 69 7818364.246
15 70 9833300.698
15 71 2277962.82
15 72 8237819.6
15 73 10361029.41
15 74 10639050.39
15 75 4003014.874
15 76 1646963.195
15 77 6128679.183
15 78 9964270.423
15 79 6788163.71
15 80 4417001.415
15 81 7838022.158
15 82 7331610.825
15 83 9420603.723
15 84 11243997.04
15 85 7970743.13
15 86 6527239.153
15 87 7710155.237
15 88 5316604.095
15 89 5047417.551
15 90 6648391.121
15 91 1702818.498
15 92 9999708.717
15 93 8519670.964
15 94 7841285.429
15 95 8599472.93
15 96 7651497.981
15 97 6147338.646
15 98 4182549.954
15 99 11241857.07
16 17 8198813.628
16 18 1341240.14
16 19 2855854.572
16 20 6894476.614
16 21 1260704.289
16 22 4867483.945
16 23 6269577.303
16 24 3775344.873
16 25 4868001.085
16 26 6212141.895
16 27 8054297.959
16 28 562610.1417
16 29 3124191.318
16 30 5487842.725
16 31 3358657.987
16 32 4444695.953
16 33 6666747.53
16 34 7106752.992
16 35 4508797.701
16 36 4354970.278
16 37 3402589.252
16 38 7000208.785
16 39 5527117.323
16 40 8406065.81
16 41 8298546.052
16 42 5815927.336
16 43 4555050.902
16 44 3579234.951
16 45 6062452.996
16 46 8530985.699
16 47 8198754.406
16 48 3811508.084
16 49 4183454.117
16 50 5872487.1
16 51 4382007.455
16 52 2345589.795
16 53 3948312.225
16 54 5839409.737
16 55 3582922.477
16 56 6280353.65
16 57 6940411.092
16 58 4047878.836
16 59 3389340.092
16 60 6356904.431
16 61 3097676.866
16 62 3692597.82
16 63 9483570.228
16 64 8163506.362
16 65 7589031.391
16 66 4980458.123
16 67 6900760.732
16 68 3878321.991
16 69 5542715.897
16 70 4613558.496
16 71 6485330.752
16 72 4708949.061
16 73 4230853.499
16 74 1909678.015
16 75 4926715.198
16 76 7272877.63
16 77 4451419.306
16 78 1391557.604
16 79 2316605.709
16 80 4495085.52
16 81 3653503.508
16 82 3312547.521
16 83 1763624.069
16 84 3416216.891
16 85 3191409.081
16 86 4959035.463
16 87 1916403.66
16 88 7738874.544
16 89 3698414.529
16 90 5328616.868
16 91 7131567.47
16 92 1337934.213
16 93 2888188.393
16 94 4070263.046
16 95 145901.1202
16 96 1164512.878
16 97 3573119.883
16 98 4984967.359
16 99 3572217.77
17 18 9409128.529
17 19 7754514.47
17 20 2384449.333
17 21 8409717.432
17 22 5998692.784
17 23 4095803
17 24 6639247.815
17 25 3961092.584
17 26 2536120.936
17 27 753590.557
17 28 8137850.448
17 29 7532218.76
17 30 2724411.425
17 31 8831510.579
17 32 9514007.886
17 33 5925433.406
17 34 5080652.651
17 35 6184904.129
17 36 7568443.092
17 37 8323046.445
17 38 5999484.898
17 39 6116871.231
17 40 4487886.717
17 41 568968.9532
17 42 5203979.446
17 43 4567554.481
17 44 8440454.047
17 45 5286016.609
17 46 3029297.211
17 47 480026.2208
17 48 6504510.59
17 49 7128310.757
17 50 4796970.005
17 51 8195115.222
17 52 7373006.128
17 53 7562322.852
17 54 2910647.934
17 55 9930317.313
17 56 2027123.426
17 57 2384050.071
17 58 9322665.085
17 59 5399424.779
17 60 2026760.898
17 61 5411642.509
17 62 6763725.808
17 63 3099257.337
17 64 5009776.357
17 65 1548130.305
17 66 5768986.264
17 67 5819517.83
17 68 4718550.319
17 69 10116136.49
17 70 6968556.388
17 71 4529234.176
17 72 5260451.767
17 73 7761850.811
17 74 9979799.952
17 75 3982892.574
17 76 3570436.744
17 77 3890214.561
17 78 9590351.166
17 79 5886733.441
17 80 4265318.066
17 81 5481705.336
17 82 8603608.87
17 83 9590589.477
17 84 9349648.205
17 85 9137499.229
17 86 8716261.606
17 87 8190592.784
17 88 936657.9834
17 89 5306244.488
17 90 3555387.525
17 91 3744746.542
17 92 9071949.561
17 93 6481163.04
17 94 5248161.115
17 95 8088125.751
17 96 7505077.262
17 97 4637338.755
17 98 3629301.524
17 99 9245317.422
18 19 3938196.556
18 20 8210234.622
18 21 2159685.823
18 22 6150957.009
18 23 7610325.018
18 24 5020287.593
18 25 5865126.568
18 26 7288704.227
18 27 9309452.053
18 28 1271492.375
18 29 4248526.472
18 30 6725979.853
18 31 2999352.518
18 32 3942814.087
18 33 7952710.114
18 34 7761288.319
18 35 5782889.461
18 36 5467047.978
18 37 3257218.721
18 38 8285067.43
18 39 6000334.507
18 40 9744692.008
18 41 9542847.188
18 42 7134617.449
18 43 5459991.837
18 44 4501733.062
18 45 7377066.541
18 46 9477564.281
18 47 9438803.23
18 48 4288477.629
18 49 5359346.586
18 50 6596809.723
18 51 5387171.466
18 52 2722984.125
18 53 4076616.722
18 54 6899736.33
18 55 4018842.015
18 56 7444293.748
18 57 7975311.08
18 58 3563795.804
18 59 4730534.956
18 60 7625883.308
18 61 4115900.98
18 62 4099513.887
18 63 10461658.19
18 64 9493018.599
18 65 8687458.304
18 66 5554059.721
18 67 8193756.291
18 68 4894524.3
18 69 5003080.86
18 70 5807796.163
18 71 7233346.094
18 72 6035991.851
18 73 5310130.865
18 74 1488815.621
18 75 5907990.537
18 76 8146063.003
18 77 5744433.989
18 78 658536.7657
18 79 3538266.943
18 80 5490346.901
18 81 4990955.87
18 82 3047877.419
18 83 565718.531
18 84 4051066.129
18 85 2679043.458
18 86 4761269.372
18 87 1915643.395
18 88 8999442.849
18 89 4568656.385
18 90 6656025.552
18 91 7983290.284
18 92 1725610.22
18 93 4187280.395
18 94 5407514.113
18 95 1402889.87
18 96 1956374.127
18 97 4829316.233
18 98 6040431.237
18 99 4261920.392
19 20 5790055.164
19 21 1784064.363
19 22 2558895.533
19 23 4557881.673
19 24 1385590.028
19 25 5667048.96
19 26 6545496.873
19 27 7359315.801
19 28 3366178.105
19 29 349033.751
19 30 5184894.247
19 31 6125130.914
19 32 7231074.431
19 33 4268369.999
19 34 8475515.856
19 35 2179025.906
19 36 1528886.405
19 37 6062987.651
19 38 4585220.121
19 39 7357326.737
19 40 6470114.844
19 41 7654159.999
19 42 3710342.959
19 43 5665424.917
19 44 926325.2292
19 45 3898137.312
19 46 9078362.001
19 47 7587255.333
19 48 5846372.089
19 49 1473889.847
19 50 7210847.783
19 51 1540918.876
19 52 4765162.177
19 53 6357874.669
19 54 6279818.775
19 55 2176497.571
19 56 6249970.277
19 57 7338682.748
19 58 6837398.711
19 59 2395229.37
19 60 5728294.462
19 61 4273481.731
19 62 5835950.53
19 63 9875955.391
19 64 6063469.612
19 65 7696248.056
19 66 6707119.951
19 67 4534589.411
19 68 4831115.904
19 69 8323155.244
19 70 1936986.934
19 71 7709630.568
19 72 2837400.966
19 73 1380414.342
19 74 3310123.026
19 75 5762541.057
19 76 8122408.443
19 77 3959502.939
19 78 3554708.164
19 79 3143827.917
19 80 5370445.757
19 81 2273878.077
19 82 6040931.842
19 83 4476178.546
19 84 1599457.082
19 85 6012476.241
19 86 7564444.087
19 87 4655139.288
19 88 7032575.61
19 89 5070778.187
19 90 4257001.277
19 91 8049281.596
19 92 2388252.33
19 93 1298378.02
19 94 2551666.674
19 95 2912084.108
19 96 3598224.16
19 97 3622354.551
19 98 5576573.462
19 99 1527268.133
20 21 6791225.036
20 22 3721585.46
20 23 1712715.514
20 24 4531323.506
20 25 4013453.46
20 26 3232480.862
20 27 1745261.413
20 28 6986143.739
20 29 5518657.645
20 30 1975491.465
20 31 8401812.366
20 32 9288150.399
20 33 3550181.191
20 34 6270939.679
20 35 3959464.915
20 36 5347917.492
20 37 7971753.407
20 38 3644586.036
20 39 6639347.111
20 40 2610716.372
20 41 2053067.425
20 42 2834105.591
20 43 4593218.639
20 44 6353965.271
20 45 2903968.784
20 46 5014138.404
20 47 2032573.898
20 48 6386993.991
20 49 4932572.157
20 50 5518681.016
20 51 5982524.876
20 52 6754119.004
20 53 7449430.942
20 54 3389283.006
20 55 7942783.644
20 56 2419545.268
20 57 3660584.266
20 58 9015024.422
20 59 3640209.056
20 60 1123009.488
20 61 4746951.993
20 62 6603276.37
20 63 5350731.515
20 64 2944626.191
20 65 3280298
20 66 6102043.568
20 67 3460027.962
20 68 4308967.935
20 69 10094957.39
20 70 4711294.011
20 71 5526150.087
20 72 3060667.381
20 73 5560866.358
20 74 8469410.852
20 75 4090766.1
20 76 4981050.724
20 77 2496958.425
20 78 8243329.498
20 79 4750879.095
20 80 4143543.62
20 81 3573717.982
20 82 8191856.167
20 83 8511756.736
20 84 7339560.66
20 85 8611583.889
20 86 8770672.576
20 87 7417543.725
20 88 1463317.343
20 89 5004712.004
20 90 1597887.881
20 91 5077599.196
20 92 7499524.316
20 93 4610496.881
20 94 3243460.673
20 95 6813064.113
20 96 6495585.63
20 97 3474042.114
20 98 3619953.807
20 99 7200537.264
21 22 4146984.897
21 23 5873521.889
21 24 2970022.247
21 25 5517664.389
21 26 6709575.478
21 27 8154416.691
21 28 1822827.074
21 29 2105499.524
21 30 5694773.403
21 31 4616166.611
21 32 5695605.269
21 33 5930967.123
21 34 8023202.761
21 35 3766175.97
21 36 3311903.833
21 37 4660433.402
21 38 6258212.674
21 39 6584026.886
21 40 7934342.383
21 41 8424573.453
21 42 5220133.957
21 43 5321121.585
21 44 2375034.121
21 45 5442377.716
21 46 9155003.885
21 47 8337533.041
21 48 4909335.302
21 49 3231599.656
21 50 6759596.493
21 51 3235243.449
21 52 3539344.087
21 53 5162030.186
21 54 6371289.441
21 55 2372282.367
21 56 6627901.485
21 57 7480307.241
21 58 5298827.284
21 59 3151134.308
21 60 6450329.548
21 61 3821571.297
21 62 4824675.987
21 63 10057088.48
21 64 7604792.063
21 65 8021730.165
21 66 5993056.482
21 67 6185518.98
21 68 4551191.266
21 69 6793211.621
21 70 3688673.376
21 71 7340207.267
21 72 4187898.832
21 73 3150845.099
21 74 1708749.972
21 75 5593446.861
21 76 7997505.779
21 77 4528025.465
21 78 1783469.064
21 79 2793528.512
21 80 5162653.361
21 81 3275126.018
21 82 4573137.553
21 83 2706915.894
21 84 2159114.956
21 85 4432348.277
21 86 6214374.155
21 87 3176793.343
21 88 7828699.768
21 89 4538881.113
21 90 5193402.336
21 91 7880322
21 92 719522.0466
21 93 2300403.023
21 94 3668159.907
21 95 1368811.464
21 96 2315702.509
21 97 3826855.958
21 98 5552853.309
21 99 2311515.002
22 23 2175964.434
22 24 1190243.28
22 25 5305867.126
22 26 5595715.586
22 27 5445640.383
22 28 5235070.416
22 29 2216122.792
22 30 3938387.333
22 31 7647708.687
22 32 8732115.274
22 33 1801808.983
22 34 8215962.121
22 35 383774.8043
22 36 1649819.811
22 37 7420098.885
22 38 2134502.062
22 39 7661972.636
22 40 3921475.058
22 41 5754267.826
22 42 1169269.529
22 43 5581188.22
22 44 2813735.487
22 45 1340250.885
22 46 8022417.314
22 47 5717425.312
22 48 6556666.257
22 49 1286174.048
22 50 7066049.993
22 51 2281935.626
22 52 6020759.021
22 53 7377247.548
22 54 5471619.397
22 55 4483195.859
22 56 5027730.005
22 57 6330744.08
22 58 8365584.306
22 59 2023632.734
22 60 4068901.937
22 61 4645989.437
22 62 6650770.969
22 63 8630954.714
22 64 3505109.938
22 65 6395295.624
22 66 6995219.87
22 67 2045467.682
22 68 4827404.902
22 69 9762759.21
22 70 992178.667
22 71 7396592.753
22 72 815174.7099
22 73 1879923.031
22 74 5806089.646
22 75 5412761.338
22 76 7421560.886
22 77 2952198.66
22 78 5907151.961
22 79 3798245.543
22 80 5148373.266
22 81 1590665.524
22 82 7502552.57
22 83 6626218.775
22 84 3872778.638
22 85 7665028.002
22 86 8727396.265
22 87 6264597.235
22 88 5139615.438
22 89 5358657.931
22 90 2527800.328
22 91 7417627.546
22 92 4836685.421
22 93 1982166.604
22 94 1342544.253
22 95 4861608.583
22 96 5133470.339
22 97 3321833.606
22 98 5050904.527
22 99 3684961.752
23 24 3193417.879
23 25 4768456.32
23 26 4460098.049
23 27 3449054.193
23 28 6492557.248
23 29 4242920.476
23 30 2836432.46
23 31 8413561.252
23 32 9411363.943
23 33 1882325.298
23 34 7427498.721
23 35 2485677.368
23 36 3824250.483
23 37 8063975.737
23 38 2033566.608
23 39 7401292.068
23 40 2153651.813
23 41 3754259.924
23 42 1141886.454
23 43 5242755.437
23 44 4960851.453
23 45 1191396.836
23 46 6574499.14
23 47 3740991.62
23 48 6751762.416
23 49 3454473.809
23 50 6477018.807
23 51 4453620.582
23 52 6719742.539
23 53 7743720.678
23 54 4488946.992
23 55 6613824.061
23 56 3712985.597
23 57 5052383.679
23 58 9089675.656
23 59 2886004.854
23 60 2461814.145
23 61 4883963.241
23 62 6921137.768
23 63 7003556.838
23 64 2058839.796
23 65 4849032.488
23 66 6786173.809
23 67 1842263.953
23 68 4707339.221
23 69 10335220.77
23 70 3157040.639
23 71 6629209.749
23 72 1724549.448
23 73 4055876.386
23 74 7582065.316
23 75 4866333.189
23 76 6315280.014
23 77 2536315.443
23 78 7511840.906
23 79 4483278.871
23 80 4767121.537
23 81 2630770.06
23 82 8227523.683
23 83 8001315.186
23 84 6001869.874
23 85 8540500.345
23 86 9114218.316
23 87 7216017.893
23 88 3175442.653
23 89 5379419.016
23 90 1447639.934
23 91 6371664.803
23 92 6592436.666
23 93 3575479.997
23 94 2219470.038
23 95 6220005.107
23 96 6160173.374
23 97 3421486.156
23 98 4410726.624
23 99 5829985.097
24 25 5179069.371
24 26 5780026.268
24 27 6175388.443
24 28 4189964.337
24 29 1054911.178
24 30 4246167.972
24 31 6753016.553
24 32 7855438.645
24 33 2960945.5
24 34 8092188.142
24 35 806485.8823
24 36 1102593.795
24 37 6584539.775
24 38 3288544.162
24 39 7268267.224
24 40 5085708.037
24 41 6478276.308
24 42 2326547.353
24 43 5326534.245
24 44 1823160.158
24 45 2521202.85
24 46 8296023.683
24 47 6423057.648
24 48 5966872.723
24 49 662842.2773
24 50 6871376.543
24 51 1641232.531
24 52 5201008.616
24 53 6673501.797
24 54 5578241.68
24 55 3434234.062
24 56 5349396.701
24 57 6558780.57
24 58 7475709.462
24 59 1650231.658
24 60 4625566.862
24 61 4147652.734
24 62 6018921.173
24 63 9009360.318
24 64 4691181.27
24 65 6782443.17
24 66 6598386.874
24 67 3216351.636
24 68 4510586.538
24 69 8916930.715
24 70 922444.4087
24 71 7287946.063
24 72 1494442.893
24 73 1211620.473
24 74 4617230.625
24 75 5283196.698
24 76 7505618.099
24 77 3074995.785
24 78 4742120.359
24 79 3131578.399
24 80 4948116.987
24 81 1316394.641
24 82 6628761.894
24 83 5515583.763
24 84 2824375.408
24 85 6723525.192
24 86 7981808.303
24 87 5321084.148
24 88 5853895.634
24 89 4924082.83
24 90 3085195.014
24 91 7466707.129
24 92 3651562.113
24 93 998516.1324
24 94 1410578.034
24 95 3786195.226
24 96 4192526.394
24 97 3074016.963
24 98 5000037.098
24 99 2672275.358
25 26 1496375.912
25 27 4166270.498
25 28 4633182.493
25 29 5610054.398
25 30 2054554.594
25 31 4874429.495
25 32 5565910.695
25 33 6387563.874
25 34 2923662.414
25 35 5232869.355
25 36 6281330.924
25 37 4362256.448
25 38 6641348.939
25 39 2655148.743
25 40 6535070.143
25 41 4293006.378
25 42 5299889.15
25 43 619489.522
25 44 6565971.907
25 45 5533785.754
25 46 3665486.86
25 47 4169054.577
25 48 2555233.11
25 49 5836537.565
25 50 1769049.996
25 51 6772451.48
25 52 3494916.989
25 53 3625492.745
25 54 1093067.838
25 55 7614801.874
25 56 1972616.756
25 57 2113938.265
25 58 5363726.301
25 59 3528860.567
25 60 2932698.665
25 61 1771937.347
25 62 2809316.546
25 63 4617520.667
25 64 6706250.808
25 65 2889955.046
25 66 2089593.807
25 67 6457745.638
25 68 989764.8572
25 69 6233158.783
25 70 5948754.913
25 71 2111577.242
25 72 4532851.426
25 73 6366972.962
25 74 6774489.79
25 75 106895.1068
25 76 2491270.811
25 77 2403223.534
25 78 6199041.979
25 79 2727406.025
25 80 375427.9393
25 81 3894933.513
25 82 4645718.099
25 83 5925714.327
25 84 7150629.973
25 85 5193153.534
25 86 4856896.567
25 87 4364162.157
25 88 3940848.483
25 89 1385402.823
25 90 3331761.15
25 91 2394894.814
25 92 6032401.617
25 93 4460707.343
25 94 3990891.512
25 95 4731877.819
25 96 3910271.029
25 97 2108470.413
25 98 394382.2657
25 99 7149287.708
26 27 2869936.287
26 28 6034741.371
26 29 6419695.526
26 30 1686711.04
26 31 6351139.172
26 32 6989579.323
26 33 6279096.989
26 34 3039335.996
26 35 5625382.964
26 36 6859428.397
26 37 5829474.787
26 38 6476331.743
26 39 3644099.926
26 40 5842903.681
26 41 2938802.639
26 42 5268309.97
26 43 2068442.653
26 44 7386231.018
26 45 5458372.412
26 46 2534546.146
26 47 2812602.112
26 48 3987430.707
26 49 6398865.903
26 50 2381939.211
26 51 7420813.988
26 52 4989808.666
26 53 5034934.932
26 54 403407.068
26 55 8626432.509
26 56 814650.0145
26 57 793279.5201
26 58 6811225.637
26 59 4199187.677
26 60 2122238.485
26 61 3173597.841
26 62 4250663.286
26 63 3360008.366
26 64 6149280.63
26 65 1404952.848
26 66 3245702.095
26 67 6285093.601
26 68 2402955.656
26 69 7580232.972
26 70 6405860.689
26 71 2300571.054
26 72 4780899.745
26 73 6991162.368
26 74 8096082.914
26 75 1494436.12
26 76 1866642.38
26 77 2710514.692
26 78 7577349.717
26 79 3947435.233
26 80 1847094.279
26 81 4466621.539
26 82 6121404.307
26 83 7383374.46
26 84 8110012.764
26 85 6680610.059
26 86 6181193.444
26 87 5853227.973
26 88 2707050.136
26 89 2881353.636
26 90 3194632.665
26 91 1911777.541
26 92 7287531.799
26 93 5261758.163
26 94 4422523.036
26 95 6083267.134
26 96 5334297.002
26 97 2952675.854
26 98 1250470.624
26 99 8069301.418
27 28 8044866.02
27 29 7114885.446
27 30 2588532.96
27 31 8976445.974
27 32 9725877.692
27 33 5239530.481
27 34 5644186.944
27 35 5661477.391
27 36 7051751.022
27 37 8487707.472
27 38 5296534.236
27 39 6512734.253
27 40 3734335.864
27 41 308854.0896
27 42 4578228.523
27 43 4785282.24
27 44 7993756.34
27 45 4639239.211
27 46 3753786.522
27 47 300938.2591
27 48 6719075.936
27 49 6623705.822
27 50 5227434.74
27 51 7684142.043
27 52 7445089.355
27 53 7791428.543
27 54 3198133.873
27 55 9533144.969
27 56 2196312.241
27 57 2901522.21
27 58 9508557.594
27 59 5062859.689
27 60 1707681.779
27 61 5437681.293
27 62 6969010.559
27 63 3852692.043
27 64 4258992.977
27 65 2168101.304
27 66 6105256.626
27 67 5120056.085
27 68 4806354.821
27 69 10392324.02
27 70 6429639.269
27 71 5032060.969
27 72 4745379.469
27 73 7256214.935
27 74 9772998.604
27 75 4206197.222
27 76 4167142.838
27 77 3636204.085
27 78 9440292.915
27 79 5771254.924
27 80 4427777.145
27 81 5091195.857
27 82 8752197.858
27 83 9532761.218
27 84 8940752.078
27 85 9255017.932
27 86 9005103.179
27 87 8222266.059
27 88 328088.7113
27 89 5442914.597
27 90 3105802.679
27 91 4324102.72
27 92 8837647.672
27 93 6115530.94
27 94 4817176.828
27 95 7952785.228
27 96 7453282.931
27 97 4484135.9
27 98 3800459.533
27 99 8820378.477
28 29 3616047.945
28 30 5459066.534
28 31 2802061.034
28 32 3893824.378
28 33 7022481.487
28 34 6712621.03
28 35 4889487.069
28 36 4841019.209
28 37 2840258.775
28 38 7356099.569
28 39 5067925.886
28 40 8642750.207
28 41 8275526.751
28 42 6124422.637
28 43 4264065.639
28 44 4121060.328
28 45 6377897.939
28 46 8273580.203
28 47 8170698.135
28 48 3341541.035
28 49 4640814.565
28 50 5501363.618
28 51 4902285.075
28 52 1828528.345
28 53 3408377.532
28 54 5649684.642
28 55 4137795.615
28 56 6174186.89
28 57 6734882.491
28 58 3497327.45
28 59 3609645.255
28 60 6367421.651
28 61 2869017.334
28 62 3202849.499
28 63 9245494.027
28 64 8437877.684
28 65 7429418.218
28 66 4549119.152
28 67 7246738.73
28 68 3652376.226
28 69 4991493.224
28 70 5057200.765
28 71 6126312.096
28 72 5003951.491
28 73 4729982.664
28 74 2256126.485
28 75 4682057.171
28 76 6974036.806
28 77 4503737.149
28 78 1576299.922
28 79 2275145.373
28 80 4257757.064
28 81 3918997.958
28 82 2751407.04
28 83 1528347
28 84 3978802.761
28 85 2651543.5
28 86 4397326.114
28 87 1353974.044
28 88 7736675.31
28 89 3383294.328
28 90 5455348.322
28 91 6821695.764
28 92 1849859.794
28 93 3255844.122
28 94 4333028.881
28 95 463529.8041
28 96 747069.1064
28 97 3571296.59
28 98 4790055.886
28 99 4134249.029
29 30 5006687.419
29 31 6343645.55
29 32 7451853.166
29 33 3919339.093
29 34 8455770.635
29 35 1838216.798
29 36 1231378.86
29 37 6256740.487
29 38 4236260.459
29 39 7408584.747
29 40 6132181.896
29 41 7412680.913
29 42 3372552.82
29 43 5646475.787
29 44 967334.4782
29 45 3556202.19
29 46 8954192.822
29 47 7349434.61
29 48 5943033.876
29 49 1132315.757
29 50 7198615.28
29 51 1353104.044
29 52 4932242.31
29 53 6504096.631
29 54 6170068.698
29 55 2424775.839
29 56 6086431.057
29 57 7211414.299
29 58 7060347.757
29 59 2231019.911
29 60 5505784.727
29 61 4297564.089
29 62 5947826.13
29 63 9729525.142
29 64 5719212.354
29 65 7532847.717
29 66 6751092.257
29 67 4185636.799
29 68 4811212.843
29 69 8539334.515
29 70 1594269.492
29 71 7677945.233
29 72 2529688.429
29 73 1115985.96
29 74 3656914.962
29 75 5708280.717
29 76 8040908.739
29 77 3787710.118
29 78 3884195.814
29 79 3180929.16
29 80 5328510.375
29 81 2056556.634
29 82 6249971.913
29 83 4779426.153
29 84 1826287.765
29 85 6249467.331
29 86 7738558.919
29 87 4876300.639
29 88 6789398.565
29 89 5096446.385
29 90 4009089.881
29 91 7976641.134
29 92 2728004.285
29 93 1162194.32
29 94 2297757.797
29 95 3170021.096
29 96 3794588.043
29 97 3532189.951
29 98 5496248.411
29 99 1713419.207
30 31 6522570.598
30 32 7362242.644
30 33 4610555.726
30 34 4591532.806
30 35 3998758.963
30 36 5290521.271
30 37 6066802.228
30 38 4821604.585
30 39 4703628.898
30 40 4483301.642
30 41 2816879.09
30 42 3584779.07
30 43 2620744.226
30 44 5956815.193
30 45 3780538.597
30 46 4090990.951
30 47 2713677.024
30 48 4424273.358
30 49 4830244.366
30 50 3669750.35
30 51 5879527.35
30 52 4924387.087
30 53 5493042.322
30 54 1658236.264
30 55 7338873.703
30 56 1106305.265
30 57 2393800.66
30 58 7106375.985
30 59 2789876.189
30 60 980562.7784
30 61 2899439.443
30 62 4647770.518
30 63 4763877.808
30 64 4681067.687
30 65 2537663.877
30 66 4142812.546
30 67 4631386.837
30 68 2366464.773
30 69 8137860.914
30 70 4791012.32
30 71 3793168.178
30 72 3124008.534
30 73 5443724.727
30 74 7255435.97
30 75 2138572.268
30 76 3550135.115
30 77 1226524.874
30 78 6878220.58
30 79 3188609.544
30 80 2168124.56
30 81 2967931.618
30 82 6305546.159
30 83 6944235.618
30 84 6781993.178
30 85 6765716.26
30 86 6801895.781
30 87 5664256.278
30 88 2287206.27
30 89 3054096.82
30 90 1509608.036
30 91 3580670.551
30 92 6350113.26
30 93 3887681.279
30 94 2845720.373
30 95 5381404.825
30 96 4865630.331
30 97 1916850.913
30 98 1665830.833
30 99 6706668.316
31 32 1108736.694
31 33 9349074.245
31 34 5665273.618
31 35 7348149.538
31 36 7542326.364
31 37 550080.9223
31 38 9675216.917
31 39 3729068.185
31 40 10528941.94
31 41 9133409.891
31 42 8335955.714
31 43 4282767.23
31 44 6915859.758
31 45 8601284.914
31 46 7954405.183
31 47 9012127.192
31 48 2408107.902
31 49 7285714.768
31 50 4768453.572
31 51 7665954.374
31 52 1693848.208
31 53 1554830.354
31 54 5953296.546
31 55 6857313.93
31 56 6818534.035
31 57 6829104.897
31 58 722741.2253
31 59 5734939.835
31 60 7502975.602
31 61 3654957.067
31 62 2139027.148
31 63 8975013.078
31 64 10463239.5
31 65 7697742.158
31 66 3553103.561
31 67 9538054.743
31 68 4178285.912
31 69 2198120.772
31 70 7663726.47
31 71 5386729.141
31 72 7226901.593
31 73 7457644.743
31 74 4487657.197
31 75 4861558.534
31 76 6519752.223
31 77 5997933.651
31 78 3654738.044
31 79 3959909.409
31 80 4567857.85
31 81 6134241.784
31 82 230408.4857
31 83 2572504.101
31 84 6757421.859
31 85 444226.8566
31 86 1772309.869
31 87 1470085.877
31 88 8718597.453
31 89 3535307.256
31 90 7112040.033
31 91 6315868.625
31 92 4502343.032
31 93 5760712.984
31 94 6508098.722
31 95 3265097.793
31 96 2567178.808
31 97 5028275.364
31 98 5203811.032
31 99 6924658.188
32 33 10415007.33
32 34 5821632.179
32 35 8439076.667
32 36 8651037.515
32 37 1347603.388
32 38 10738817.28
32 39 3909335.504
32 40 11503299.16
32 41 9858871.488
32 42 9387537.384
32 43 4951010.5
32 44 8013672.067
32 45 9653415.256
32 46 8315821.057
32 47 9734964.946
32 48 3011390.461
32 49 8392779.557
32 50 5124919.736
32 51 8771993.054
32 52 2727766.426
32 53 1955607.656
32 54 6604901.656
32 55 7892309.585
32 56 7537632.481
32 57 7377120.288
32 58 396851.6519
32 59 6795080.914
32 60 8336183.073
32 61 4571861.942
32 62 2757302.263
32 63 9326999.428
32 64 11468011.94
32 65 8274450.082
32 66 3922680.484
32 67 10597496.21
32 68 4995820.732
32 69 1098020.553
32 70 8768112.141
32 71 5695793.319
32 72 8287173.812
32 73 8566107.894
32 74 5421418.595
32 75 5535450.302
32 76 6882530.903
32 77 6947756.673
32 78 4600284.187
32 79 5003211.635
32 80 5299913.342
32 81 7202034.665
32 82 1230137.359
32 83 3451524.099
32 84 7821784.249
32 85 1279182.197
32 86 1255825.697
32 87 2576429.718
32 88 9486792.968
32 89 4314382.047
32 90 8072396.336
32 91 6667943.578
32 92 5535995.028
32 93 6861230.084
32 94 7567042.12
32 95 4357338.43
32 96 3674598.241
32 97 5998904.671
32 98 5925483.179
32 99 7996803.53
33 34 9175844.591
33 35 2172597.391
33 36 3007967.487
33 37 9083516.332
33 38 333710.5868
33 39 8937229.569
33 40 2541543.245
33 41 5535574.249
33 42 1099140.17
33 43 6783691.421
33 44 4308998.586
33 45 854078.9869
33 46 8454923.306
33 47 5538461.355
33 48 8041034.767
33 49 2832647.913
33 50 8144459.033
33 51 3535060.14
33 52 7688264.485
33 53 8941928.143
33 54 6265841.327
33 55 5957345.576
33 56 5562331.989
33 57 6907709.976
33 58 10059529.06
33 59 3620638.131
33 60 4339458.624
33 61 6113504.179
33 62 8168534.308
33 63 8880445.957
33 64 1964321.744
33 65 6731126.772
33 66 8290428.684
33 67 276344.2618
33 68 6128873.364
33 69 11417713.01
33 70 2385846.552
33 71 8363742.212
33 72 2131154.02
33 73 3254039.8
33 74 7564375.007
33 75 6491343.4
33 76 8144559.529
33 77 4002474.446
33 78 7700537.979
33 79 5420216.69
33 80 6317342.734
33 81 3214847.988
33 82 9191270.1
33 83 8426944.104
33 84 5369632.719
33 85 9395083.939
33 86 10310914.93
33 87 8003523.947
33 88 4991854.1
33 89 6742853.325
33 90 3113652.174
33 91 8186887.819
33 92 6608389.077
33 93 3778904.183
33 94 2850903.329
33 95 6657832.44
33 96 6879549.654
33 97 4674168.534
33 98 6064049.039
33 99 5146259.881
34 35 8154327.303
34 36 9192709.828
34 37 5126142.03
34 38 9402245.048
34 39 1940259.251
34 40 8880436.297
34 41 5610360.168
34 42 8114367.921
34 43 2810628.634
34 44 9393009.904
34 45 8330926.265
34 46 2728759.385
34 47 5492062.557
34 48 3497778.021
34 49 8752150.39
34 50 1272402.455
34 51 9665694.521
34 52 5044396.113
34 53 4110487.21
34 54 2941903.405
34 55 10282605.53
34 56 3851408.464
34 57 2746139.274
34 58 5816059.649
34 59 6443842.765
34 60 5160973.49
34 61 4249716.328
34 62 3721759.436
34 63 3660984.906
34 64 9185295.416
34 65 3534513.912
34 66 2217638.711
34 67 9213281.311
34 68 3645836.255
34 69 5988150.421
34 70 8872208.011
34 71 820168.3046
34 72 7430006.116
34 73 9268768.374
34 74 8968435.111
34 75 2817620.947
34 76 1528268.9
34 77 5278531.204
34 78 8253053.777
34 79 5372802.831
34 80 3146656.711
34 81 6817140.918
34 82 5456060.435
34 83 7628849.478
34 84 9874549.29
34 85 6095679.665
34 86 4665691.152
34 87 5912195.245
34 88 5568807.408
34 89 3489242.464
34 90 6063526.783
34 91 1338237.931
34 92 8407332.169
34 93 7328969.264
34 94 6911396.828
34 95 6960981.245
34 96 5973404.89
34 97 5018339.639
34 98 3166635.438
34 99 9904462.275
35 36 1390473.144
35 37 7137616.512
35 38 2503671.908
35 39 7513909.306
35 40 4294645.459
35 41 5968967.53
35 42 1536164.139
35 43 5469251.419
35 44 2476719.294
35 45 1719221.067
35 46 8089598.489
35 47 5925563.674
35 48 6345571.876
35 49 978265.6164
35 50 6978792.166
35 51 2024050.476
35 52 5740184.293
35 53 7133872.941
35 54 5475041.398
35 55 4137986.014
35 56 5100486.498
35 57 6377979.875
35 58 8068259.579
35 59 1825749.8
35 60 4217116.572
35 61 4454099.104
35 62 6427284.769
35 63 8734181.541
35 64 3886987.859
35 65 6495990.976
35 66 6844407.938
35 67 2421501.111
35 68 4691866.833
35 69 9479888.101
35 70 797738.2618
35 71 7337699.884
35 72 925184.4165
35 73 1601739.733
35 74 5422568.941
35 75 5339464.83
35 76 7424956.426
35 77 2937165.227
35 78 5529756.495
35 79 3551141.079
35 80 5051199.734
35 81 1398530.555
35 82 7208939.516
35 83 6263887.842
35 84 3526254.728
35 85 7351798.245
35 86 8473609.164
35 87 5948954.37
35 88 5348988.053
35 89 5190021.833
35 90 2659785.136
35 91 7409631.887
35 92 4454012.99
35 93 1633871.406
35 94 1243330.794
35 95 4507346.691
35 96 4816288.846
35 97 3193048.051
35 98 5000730.306
35 99 3347177.632
36 37 7429515.875
36 38 3293286.673
36 39 8329426.477
36 40 5431550.73
36 41 7359118.744
36 42 2765440.07
36 43 6419971.546
36 44 1304366.584
36 45 2875031.333
36 46 9363733.747
36 47 7314955.616
36 48 6968739.504
36 49 461088.6537
36 50 7967858.969
36 51 634877.7381
36 52 6077440.921
36 53 7610896.728
36 54 6668686.332
36 55 2952291.698
36 56 6396788.485
36 57 7632292.913
36 58 8262045.335
36 59 2752655.274
36 60 5585516.449
36 61 5200386.591
36 62 7001027.457
36 63 10051276.83
36 64 4931766.555
36 65 7816563.223
36 66 7661393.624
36 67 3284129.233
36 68 5599132.584
36 69 9732714.142
36 70 676309.99
36 71 8389595.376
36 72 2309638.166
36 73 247973.6458
36 74 4768434.616
36 75 6385333.424
36 76 8601752.131
36 77 4149168.029
36 78 5073823.963
36 79 4141662.656
36 80 6047415.104
36 81 2410840.598
36 82 7439547.712
36 83 6003660.636
36 84 2361667.336
36 85 7463600.618
36 86 8882128.909
36 87 6080346.611
36 88 6738702.891
36 89 5986969.241
36 90 4027225.783
36 91 8565667.596
36 92 3890328.274
36 93 1964786.101
36 94 2446893.032
36 95 4398500.104
36 96 4980217.797
36 97 4175287.296
36 98 6101832.963
36 99 2140616.189
37 38 9405609.382
37 39 3194119.134
37 40 10158992.78
37 41 8637211.046
37 42 8048593.665
37 43 3763048.367
37 44 6891648.983
37 45 8314585.242
37 46 7404621.698
37 47 8515036.344
37 48 1866766.079
37 49 7145698.43
37 50 4218453.198
37 51 7597496.815
37 52 1399482.014
37 53 1018951.809
37 54 5433830.892
37 55 6965956.403
37 56 6317904.561
37 57 6292482.507
37 58 1043414.949
37 59 5462964.226
37 60 7045401.942
37 61 3237256.339
37 62 1597649.048
37 63 8425194.174
37 64 10120450.36
37 65 7166271.745
37 66 3003522.968
37 67 9261878.124
37 68 3707434.6
37 69 2342781.309
37 70 7503588.193
37 71 4837420.582
37 72 6953487.712
37 73 7361948.125
37 74 4728061.3
37 75 4344908.411
37 76 5969778.455
37 77 5607085.287
37 78 3896776.963
37 79 3665301.012
37 80 4066410.141
37 81 5874825.114
37 82 330275.3366
37 83 2894982.868
37 84 6818505.435
37 85 969576.6323
37 86 1559691.735
37 87 1491680.837
37 88 8236067.285
37 89 3046053.464
37 90 6729924.393
37 91 5765797.973
37 92 4631112.091
37 93 5586376.834
37 94 6233237.297
37 95 3291903.645
37 96 2464968.002
37 97 4653438.185
37 98 4700933.453
37 99 6969558.54
38 39 9209848.236
38 40 2374280.127
38 41 5586676.848
38 42 1388615.529
38 43 7052022.005
38 44 4597214.706
38 45 1130147.018
38 46 8600113.39
38 47 5597019.597
38 48 8342667.823
38 49 3139419.019
38 50 8391223.564
38 51 3799957.187
38 52 8011513.492
38 53 9252490.604
38 54 6479706.911
38 55 6234828.075
38 56 5742579.381
38 57 7084391.382
38 58 10384671.12
38 59 3943743.922
38 60 4493475.307
38 61 6416670.69
38 62 8474124.916
38 63 8992660.577
38 64 1757768.057
38 65 6869794.893
38 66 8567045.974
38 67 191570.0935
38 68 6412236.428
38 69 11737962.45
38 70 2687041.595
38 71 8593597.459
38 72 2452128.774
38 73 3537369.405
38 74 7885846.07
38 75 6744224.026
38 76 8338018.86
38 77 4269999.941
38 78 8029652.026
38 79 5741084.958
38 80 6583076.79
38 81 3541288.058
38 82 9516108.2
38 83 8760181.973
38 84 5652737.054
38 85 9724149.393
38 86 10622858.49
38 87 8333700.8
38 88 5063045.41
38 89 7034547.335
38 90 3340433.536
38 91 8387374.579
38 92 6932887.364
38 93 4112470.094
38 94 3172393.287
38 95 6991492.939
38 96 7210588.78
38 97 4969879.585
38 98 6310176.256
38 99 5425182.938
39 40 9186900.185
39 41 6566045.224
39 42 7838791.906
39 43 2162840.766
39 44 8282380.058
39 45 8085692.895
39 46 4436532.08
39 47 6440182.208
39 48 1728460.63
39 49 7925778.274
39 50 1340677.818
39 51 8713095.651
39 52 3288032.812
39 53 2175749.511
39 54 3345831.452
39 55 8930322.56
39 56 4385435.353
39 57 3774150.755
39 58 3883083.607
39 59 5696111.076
39 60 5533152.57
39 61 3130060.602
39 62 1900833.201
39 63 5436361.585
39 64 9359972.339
39 65 4684299.817
39 66 670696.5676
39 67 9031600.741
39 68 2837411.585
39 69 4193752.087
39 70 8137113.825
39 71 1818505.699
39 72 6953292.657
39 73 8357832.694
39 74 7304709.094
39 75 2566404.216
39 76 3022803.218
39 77 4940498.032
39 78 6541829.478
39 79 4227906.844
39 80 2637103.679
39 81 6116524.005
39 82 3523125.435
39 83 5808145.077
39 84 8595984.911
39 85 4162614.695
39 86 2813901.829
39 87 4101808.887
39 88 6348169.973
39 89 2344235.955
39 90 5955467.107
39 91 2803366.144
39 92 6861774.695
39 93 6374457.915
39 94 6319652.968
39 95 5382647.452
39 96 4363369.983
39 97 4341571.467
39 98 3038408.941
39 99 8666346.445
40 41 3963012.072
40 42 2759830.014
40 43 7079802.635
40 44 6696206.049
40 45 2585816.87
40 46 7434965.93
40 47 4018509.718
40 48 8746211.536
40 49 5164916.176
40 50 8112461.082
40 51 6007522.891
40 52 8837440.022
40 53 9772905.178
40 54 5993733.595
40 55 8368404.982
40 56 5029304.179
40 57 6236241.741
40 58 11193027.06
40 59 5033501.036
40 60 3729649.624
40 61 6941325.558
40 62 8935868.814
40 63 7586203.106
40 64 670943.4888
40 65 5741352.135
40 66 8617683.583
40 67 2286825.685
40 68 6663382.444
40 69 12394653.03
40 70 4765943.857
40 71 8136438.449
40 72 3747908.694
40 73 5679087.435
40 74 9634695.381
40 75 6621161.832
40 76 7563059.432
40 77 4561188.763
40 78 9618276.183
40 79 6624120.988
40 80 6611940.276
40 81 4753939.541
40 82 10336978.61
40 83 10146612.47
40 84 7764211.846
40 85 10671815.42
40 86 11131115.51
40 87 9361046.038
40 88 3616380.715
40 89 7355755.889
40 90 3433533.088
40 91 7670507.741
40 92 8647843.223
40 93 5639072.063
40 94 4337661.163
40 95 8361282.102
40 96 8312520.792
40 97 5506027.998
40 98 6148692.784
40 99 7559465.764
41 42 4885076.632
41 43 4909299.348
41 44 8295406.93
41 45 4943718.679
41 46 3597119.489
41 47 126203.7001
41 48 6848138.288
41 49 6930244.193
41 50 5262599.771
41 51 7991269.325
41 52 7625467.466
41 53 7916232.289
41 54 3288232.911
41 55 9829008.603
41 56 2321915.668
41 57 2886208.073
41 58 9651115.654
41 59 5346340.2
41 60 1974351.049
41 61 5629803.281
41 62 7101914.398
41 63 3629493.192
41 64 4507036.681
41 65 2091535.24
41 66 6184373.294
41 67 5411677.536
41 68 4976837.285
41 69 10500528.46
41 70 6737947.544
41 71 5030882.417
41 72 5052095.439
41 73 7562942.428
41 74 10033357.36
41 75 4326238.202
41 76 4111445.548
41 77 3899824.084
41 78 9686865.275
41 79 6005347.078
41 80 4571125.849
41 81 5383842.451
41 82 8907684.539
41 83 9754730.77
41 84 9238053.046
41 85 9421765.011
41 86 9107250.058
41 87 8416445.78
41 88 624434.8182
41 89 5598166.28
41 90 3404275.618
41 91 4279163.459
41 92 9103685
41 93 6405084.905
41 94 5115385.318
41 95 8194602.92
41 96 7671853.059
41 97 4725590.341
41 98 3938228.827
41 99 9119703.964
42 43 5686850.18
42 44 3976804.477
42 45 266025.5461
42 46 7537510.307
42 47 4866677.928
42 48 6954532.757
42 49 2442986.834
42 50 7061589.009
42 51 3381017.547
42 52 6660259.917
42 53 7870402.231
42 54 5227270.423
42 55 5648668.395
42 56 4588050.094
42 57 5932466.959
42 58 9039628.826
42 59 2604215.384
42 60 3438424.018
42 61 5029284.294
42 62 7087750.086
42 63 8035651.563
42 64 2384706.624
42 65 5837879.268
42 66 7191393.475
42 67 1225860.908
42 68 5030035.476
42 69 10373774.84
42 70 2089267.238
42 71 7298838.884
42 72 1125252.901
42 73 3006611.984
42 74 6906406.031
42 75 5404330.61
42 76 7134127.879
42 77 2907400.794
42 78 6946623.346
42 79 4384355.5
42 80 5221796.511
42 81 2227181.894
42 82 8170333.741
42 83 7578375.217
42 84 5039183.175
42 85 8404413.282
42 86 9242200.619
42 87 7026446.38
42 88 4295736.545
42 89 5647190.757
42 90 2075286.242
42 91 7164558.662
42 92 5925367.146
42 93 2956360.517
42 94 1832560.11
42 95 5791027.161
42 96 5916123.526
42 97 3581335.924
42 98 4983736.566
42 99 4847109.66
43 44 6582387.001
43 45 5930722.075
43 46 4017574.219
43 47 4785022.512
43 48 1939620.666
43 49 5989250.283
43 50 1554230.922
43 51 6871875.754
43 52 2973333.601
43 53 3007377.931
43 54 1670967.687
43 55 7513030.174
43 56 2590606.275
43 57 2602473.395
43 58 4755209.54
43 59 3693162.967
43 60 3529670.539
43 61 1499622.805
43 62 2196588.899
43 63 5005732.413
43 64 7220582.584
43 65 3432646.124
43 66 1546303.258
43 67 6872586.509
43 68 835373.4158
43 69 5614051.646
43 70 6145539.704
43 71 2052784.01
43 72 4840669.921
43 73 6483165.421
43 74 6463342.483
43 75 584838.0221
43 76 2717936.124
43 77 2782185.06
43 78 5840104.625
43 79 2586503.654
43 80 475658.1265
43 81 4090817.994
43 82 4053106.018
43 83 5476050.423
43 84 7083818.889
43 85 4614440.236
43 86 4239960.847
43 87 3861500.921
43 88 4560262.958
43 89 893196.9137
43 90 3795645.529
43 91 2578851.605
43 92 5781902.71
43 93 4526904.468
43 94 4243434.522
43 95 4413801.639
43 96 3523701.417
43 97 2278330.933
43 98 1001348.966
43 99 7104810.912
44 45 4117064.401
44 46 9920616.706
44 47 8237681.5
44 48 6759232.123
44 49 1534972.583
44 50 8130495.712
44 51 934894.1187
44 52 5630259.788
44 53 7238003.441
44 54 7137384.091
44 55 1673336.602
44 56 7042748.207
44 57 8177643.583
44 58 7617521.701
44 59 3193328.201
44 60 6418040.639
44 61 5199198.038
44 62 6741238.915
44 63 10690861.31
44 64 6217787.277
44 65 8488255.467
44 66 7633023.521
44 67 4584813.255
44 68 5747315.062
44 69 9110646.267
44 70 1937400.066
44 71 8622312.195
44 72 3305075.793
44 73 1063389.519
44 74 3599799.053
44 75 6663123.48
44 76 9005105.964
44 77 4743254.439
44 78 4022692.726
44 79 4070050.73
44 80 6277505.117
44 81 2992884.491
44 82 6847424.442
44 83 5060939.082
44 84 1068368.792
44 85 6769684.19
44 86 8413901.185
44 87 5449628.475
44 88 7670992.088
44 89 5996773.282
44 90 4894811.046
44 91 8938608.245
44 92 2816997.687
44 93 2129225.627
44 94 3192318.162
44 95 3658025.145
44 96 4437165.779
44 97 4496714.12
44 98 6459597.471
44 99 871329.0406
45 46 7690623.493
45 47 4931926.35
45 48 7216124.523
45 49 2582885.493
45 50 7291740.443
45 51 3476435.131
45 52 6926077.535
45 53 8134875.383
45 54 5430782.253
45 55 5790380.564
45 56 4761239.554
45 57 6107376.78
45 58 9305270.446
45 59 2868656.493
45 60 3579192.219
45 61 5291770.231
45 62 7350781.499
45 63 8162926.761
45 64 2170921.772
45 65 5980391.978
45 66 7440553.391
45 67 963042.3871
45 68 5282923.278
45 69 10639770.71
45 70 2200793.655
45 71 7517264.162
45 72 1385522.819
45 73 3120125.024
45 74 7121283.865
45 75 5637668.978
45 76 7325014.782
45 77 3149007.532
45 78 7178513.947
45 79 4650259.756
45 80 5463813.205
45 81 2488313.366
45 82 8435982.266
45 83 7825654.989
45 84 5183726.72
45 85 8668395.668
45 86 9506928.359
45 87 7289162.982
45 88 4366837.004
45 89 5904499.017
45 90 2275201.514
45 91 7360930.888
45 92 6143613.967
45 93 3193350.104
45 94 2096413.669
45 95 6039908.532
45 96 6177289.862
45 97 3840999.393
45 98 5211815.588
45 99 4984092.364
46 47 3507155.076
46 48 5573260.63
46 49 8902646.692
46 50 3199535.562
46 51 9937038.604
46 52 6925227.959
46 53 6444040.299
46 54 2811262.983
46 55 11144989.1
46 56 2994693.137
46 57 1743286.043
46 58 8243260.431
46 59 6731836.535
46 60 4116272.948
46 61 5433314.655
46 62 5837064.66
46 63 1020724.21
46 64 7895454.526
46 65 1735206.317
46 66 4417425.217
46 67 8410136.471
46 68 4654713.302
46 69 8621047.179
46 70 8880759.595
46 71 2623082.503
46 72 7210275.944
46 73 9504647.548
46 74 10438926.8
46 75 3604315.351
46 76 1437630.558
46 77 5221054.875
46 78 9847158.762
46 79 6363259.017
46 80 4036555.405
46 81 6987989.233
46 82 7728818.866
46 83 9480925.459
46 84 10636992.52
46 85 8350691.496
46 86 7250231.864
46 87 7826298.142
46 88 3823196.099
46 89 4909442.964
46 90 5524817.494
46 91 1648780.514
46 92 9691854.78
46 93 7796222.716
46 94 6917779.697
46 95 8393663.867
46 96 7537607.35
46 97 5472302.373
46 98 3602514.194
46 99 10600709.99
47 48 6724062.759
47 49 6883340.178
47 50 5137423.759
47 51 7946123.447
47 52 7507977.189
47 53 7791757.974
47 54 3162367.291
47 55 9762988.063
47 56 2198669.215
47 57 2764631.214
47 58 9528121.382
47 59 5269296.94
47 60 1889873.641
47 61 5514995.029
47 62 6978147.473
47 63 3568172.499
47 64 4551634.569
47 65 1978601.949
47 66 6058181.842
47 67 5420283.869
47 68 4858099.465
47 69 10374992.15
47 70 6698409.437
47 71 4908467.87
47 72 5006234.385
47 73 7516517.009
47 74 9940666.916
47 75 4201753.704
47 76 3996224.951
47 77 3810618.213
47 78 9587848.281
47 79 5902171.745
47 80 4448744.267
47 81 5315132.828
47 82 8786225.086
47 83 9646933.69
47 84 9173883.128
47 85 9301840.744
47 86 8981493.786
47 87 8301620.144
47 88 577826.1284
47 89 5477032.279
47 90 3343634.665
47 91 4162220.085
47 92 9014147.953
47 93 6332965.465
47 94 5053330.53
47 95 8093858.47
47 96 7563301.201
47 97 4625648.926
47 98 3815406.756
47 99 9058286.088
48 49 6602032.465
48 50 2431894.912
48 51 7283104.555
48 52 1566756.91
48 53 1076099.919
48 54 3598220.43
48 55 7274022.906
48 56 4527675.811
48 57 4426763.203
48 58 2824012.544
48 59 4533513.249
48 60 5381849.741
48 61 1928428.553
48 62 269181.6165
48 63 6593363.911
48 64 8797990.81
48 65 5305267.882
48 66 1280277.936
48 67 8179160.382
48 68 2088835.667
48 69 3714739.173
48 70 6874873.98
48 71 3070307.028
48 72 5943661.633
48 73 6963236.251
48 74 5576333.461
48 75 2524105.483
48 76 4147804.504
48 77 4217054.18
48 78 4817223.589
48 79 2835650.773
48 80 2302547.422
48 81 4966672.043
48 82 2178450.121
48 83 4132029.4
48 84 6976085.647
48 85 2784637.059
48 86 2389357.232
48 87 2415355.821
48 88 6485974.921
48 89 1392101.078
48 90 5334523.466
48 91 3951847.211
48 92 5148929.864
48 93 5007732.053
48 94 5249139.115
48 95 3668171.628
48 96 2647150.809
48 97 3379335.546
48 98 2919734.875
48 99 7066237.341
49 50 7533496.398
49 51 1067722.376
49 52 5776034.393
49 53 7280176.628
49 54 6210008.334
49 55 3208155.284
49 56 5936454.613
49 57 7171316.95
49 58 8007817.375
49 59 2308464.999
49 60 5137524.8
49 61 4801575.591
49 62 6645551.156
49 63 9591747.281
49 64 4700983.224
49 65 7357657.236
49 66 7256316.356
49 67 3104729.578
49 68 5173356.26
49 69 9465599.799
49 70 463320.9892
49 71 7946566.61
49 72 1878450.547
49 73 633643.3283
49 74 4782056.478
49 75 5941014.046
49 76 8144989.207
49 77 3688477.542
49 78 5013392.461
49 79 3767252.152
49 80 5609234.282
49 81 1955708.158
49 82 7172441.438
49 83 5880209.665
49 84 2600852.248
49 85 7230229.5
49 86 8571793.715
49 87 5835183.641
49 88 6308280.471
49 89 5581594.421
49 90 3580539.876
49 91 8110700.906
49 92 3860147.977
49 93 1598691.594
49 94 1986002.037
49 95 4212976.027
49 96 4718536.723
49 97 3733841.438
49 98 5650684.911
49 99 2404344.246
50 51 8425392.66
50 52 3910184.263
50 53 3245742.482
50 54 2138707.774
50 55 9010785.224
50 56 3165984.874
50 57 2437709.122
50 58 5044014.687
50 59 5230077.579
50 60 4396604.134
50 61 2977331.498
50 62 2684614.623
50 63 4217308.621
50 64 8347041.968
50 65 3345625.301
50 66 1219069.661
50 67 8205768.317
50 68 2388132.928
50 69 5505180.995
50 70 7675209.712
50 71 642007.6286
50 72 6299386.589
50 73 8034865.578
50 74 7751930.363
50 75 1662861.356
50 76 1762126.943
50 77 4171637.159
50 78 7059304.927
50 79 4100990.168
50 80 1930150.01
50 81 5617287.533
50 82 4545553.799
50 83 6507963.124
50 84 8602356.724
50 85 5174954.125
50 86 4108949.551
50 87 4801475.046
50 88 5083669.443
50 89 2221464.855
50 90 5061192.82
50 91 1552089.811
50 92 7159661.145
50 93 6081129.812
50 94 5741302.42
50 95 5727185.397
50 96 4756577.492
50 97 3806176.837
50 98 2081084.764
50 99 8633400.861
51 52 6282914.321
51 53 7857180.244
51 54 7214575.663
51 55 2448311.424
51 56 6984592.886
51 57 8200010.882
51 58 8378291.069
51 59 3260810.969
51 60 6205098.069
51 61 5586787.751
51 62 7294433.479
51 63 10643332.61
51 64 5484653.212
51 65 8412344.813
51 66 8050008.136
51 67 3810765.807
51 68 6041955.424
51 69 9863921.267
51 70 1297309.82
51 71 8871167.313
51 72 2939910.123
51 73 437189.9378
51 74 4533209.603
51 75 6874743.324
51 76 9134678.396
51 77 4716115.83
51 78 4933508.442
51 79 4490986.548
51 80 6520073.197
51 81 2954949.545
51 82 7580453.521
51 83 5940307.426
51 84 1893678.398
51 85 7551305.682
51 86 9088060.017
51 87 6196007.749
51 88 7370281.588
51 89 6382529.196
51 90 4648261.226
51 91 9089981.016
51 92 3729361.949
51 93 2351117.207
51 94 3034549.78
51 95 4445114.556
51 96 5132740.176
51 97 4664761.598
51 98 6614469.405
51 99 1649828.251
52 53 1626355.206
52 54 4586475.403
52 55 5906478.251
52 56 5345895.198
52 57 5574769.24
52 58 2381916.529
52 59 4067827.389
52 60 5902345.685
52 61 2025427.462
52 62 1393102.303
52 63 7933790.982
52 64 8769631.065
52 65 6384032.013
52 66 2832278.765
52 67 7869756.088
52 68 2654802.828
52 69 3742000.463
52 70 6122240.54
52 71 4551516.63
52 72 5559641.743
52 73 6023726.125
52 74 4025451.648
52 75 3507954.913
52 76 5539260.604
52 77 4319420.786
52 78 3253899.253
52 79 2276449.811
52 80 3145464.465
52 81 4477146.146
52 82 1513493.093
52 83 2597799.546
52 84 5679316.542
52 85 1858047.269
52 86 2807203.769
52 87 901643.6707
52 88 7170445.219
52 89 2109921.936
52 90 5426639.06
52 91 5360557.113
52 92 3673552.47
52 93 4202574.286
52 94 4839446.943
52 95 2210157.435
52 96 1225797.403
52 97 3342917.802
52 98 3768813.696
52 99 5802855.734
53 54 4652045.915
53 55 7524358.16
53 56 5597876.393
53 57 5427986.939
53 58 1812692.64
53 59 5362983.97
53 60 6454561.718
53 61 2864179.68
53 62 846154.8926
53 63 7462751.257
53 64 9798714.28
53 65 6321804.882
53 66 2026825.608
53 67 9095855.395
53 68 3141718.632
53 69 2645667.336
53 70 7594407.245
53 71 3851255.181
53 72 6820536.375
53 73 7575685.213
53 74 5497370.047
53 75 3590006.09
53 76 5006451.267
53 77 5221271.224
53 78 4683236.965
53 79 3582925.436
53 80 3378612.865
53 81 5792257.755
53 82 1347432.043
53 83 3787486.051
53 84 7305485.553
53 85 1986865.78
53 86 1374273.021
53 87 2177347.927
53 88 7560682.487
53 89 2444867.389
53 90 6346847.895
53 91 4797785.596
53 92 5256599.637
53 93 5684700.316
53 94 6109743.628
53 95 3818139.211
53 96 2851767.578
53 97 4333898.993
53 98 3993958.283
53 99 7428895.229
54 55 8333962.14
54 56 1039921.367
54 57 1110102.539
54 58 6420685.285
54 59 3967907.835
54 60 2266352.838
54 61 2783858.234
54 62 3859880.499
54 63 3685822.129
54 64 6261971.762
54 65 1804436.762
54 66 2907926.085
54 67 6289562.95
54 68 2008336.514
54 69 7214517.842
54 70 6243625.683
54 71 2158358.135
54 72 4660927.887
54 73 6789401.365
54 74 7730168.709
54 75 1093284.012
54 76 1950812.417
54 77 2538892.743
54 78 7198376.731
54 79 3594115.597
54 80 1444667.682
54 81 4261851.52
54 82 5723772.685
54 83 6987235.247
54 84 7829188.338
54 85 6280047.807
54 86 5819378.479
54 87 5450775.804
54 88 3011668.218
54 89 2477947.927
54 90 3155596.131
54 91 1950409.422
54 92 6935850.415
54 93 5008401.455
54 94 4251884.617
54 95 5708829.69
54 96 4944101.851
54 97 2663709.457
54 98 859676.7528
54 99 7797927.149
55 56 8386023.143
55 57 9418001.163
55 58 7500291.605
55 59 4553014.857
55 60 7904425.174
55 61 6034959.6
55 62 7195351.359
55 63 11979029.69
55 64 7882539.054
55 65 9828280.724
55 66 8323066.583
55 67 6233683.366
55 68 6700926.885
55 69 8977436.207
55 70 3604941.339
55 71 9561883.275
55 72 4928656.621
55 73 2704913.956
55 74 2711739.124
55 75 7702155.101
55 76 10103144.26
55 77 6112474.381
55 78 3401451.252
55 79 4926737.85
55 80 7285941.643
55 81 4450371.246
55 82 6844120.247
55 83 4572827.261
55 84 612019.4346
55 85 6613150.459
55 86 8525647.354
55 87 5474421.983
55 88 9206805.516
55 89 6797521.289
55 90 6428579.427
55 91 10009113.03
55 92 2357010.196
55 93 3457275.164
55 94 4718804.12
55 95 3708402.219
55 96 4685892.071
55 97 5674667.123
55 98 7578699.033
55 99 811685.1963
56 57 1346283.267
56 58 7329480.904
56 59 3858299.61
56 60 1317158.039
56 61 3395663.865
56 62 4780434.537
56 63 3660081.646
56 64 5344713.273
56 65 1446716.781
56 66 3933844.108
56 67 5551009.288
56 68 2691614.2
56 69 8196191.951
56 70 5894335.482
56 71 3114605.78
56 72 4215881.493
56 73 6549080.203
56 74 8116320.57
56 75 2010122.122
56 76 2609823.651
56 77 2299498.804
56 78 7667751.567
56 79 3966441.723
56 80 2251679.799
56 81 4062271.425
56 82 6591830.201
56 83 7597908.739
56 84 7841056.607
56 85 7116385.045
56 86 6810518.445
56 87 6167097.403
56 88 1986532.179
56 89 3286020.339
56 90 2540708.723
56 91 2683250.875
56 92 7251851.534
56 93 4951799.006
56 94 3951532.335
56 95 6161543.008
56 96 5516456.049
56 97 2801139.35
56 98 1617161.755
56 99 7776052.63
57 58 7233608.466
57 59 4988566.123
57 60 2616815.202
57 61 3865922.966
57 62 4695485.182
57 63 2577895.24
57 64 6605195.094
57 65 913177.8421
57 66 3501858.511
57 67 6892850.517
57 68 3082785.395
57 69 7876234.722
57 70 7164161.08
57 71 2146478.742
57 72 5515810.59
57 73 7768818.102
57 74 8835435.176
57 75 2081269.848
57 76 1327278.323
57 77 3484557.336
57 78 8291883.492
57 79 4704120.422
57 80 2486822.361
57 81 5248160.786
57 82 6598749.412
57 83 8039128.795
57 84 8902980.656
57 85 7184627.043
57 86 6471212.461
57 87 6458423.33
57 88 2823851.617
57 89 3473952.374
57 90 3875827.814
57 91 1449552.33
57 92 8045776.411
57 93 6054196.638
57 94 5189513.746
57 95 6808344.011
57 96 6019182.287
57 97 3743491.886
57 98 1955641.386
57 99 8862579.307
58 59 6442017.083
58 60 8084054.894
58 61 4279685.215
58 62 2560834.879
58 63 9259636.763
58 64 11143659.86
58 65 8121865.293
58 66 3828759.142
58 67 10245606.23
58 68 4743810.971
58 69 1494853.216
58 70 8386445.373
58 71 5634732.588
58 72 7934445.29
58 73 8175091.337
58 74 5046699.724
58 75 5339778.716
58 76 6806113.458
58 77 6645893.974
58 78 4222080.599
58 79 4657606.508
58 80 5081525.383
58 81 6844975.606
58 82 869302.247
58 83 3083546.602
58 84 7426103.956
58 85 889447.7435
58 86 1427448.029
58 87 2184085.327
58 88 9261820.263
58 89 4074306.975
58 90 7766869.745
58 91 6594795.194
58 92 5143542.321
58 93 6483165.308
58 94 7214844.751
58 95 3960821.235
58 96 3289356.726
58 97 5687095.396
58 98 5712934.028
58 99 7600492.882
59 60 3385012.791
59 61 2630012.332
59 62 4627725.016
59 63 7498545.361
59 64 4840940.66
59 65 5305016.088
59 66 5025778.92
59 67 3803607.1
59 68 2891585.26
59 69 7798734.35
59 70 2454444.178
59 71 5638217.632
59 72 1492436.468
59 73 2845618.124
59 74 4836524.659
59 75 3633061.464
59 76 5875654.294
59 77 1564284.42
59 78 4670097.745
59 79 1802362.719
59 80 3302765.895
59 81 433158.8007
59 82 5573112.87
59 83 5115311.35
59 84 3992210.333
59 85 5800440.192
59 86 6720837.559
59 87 4426645.79
59 88 4734863.166
59 89 3365704.269
59 90 2042576.509
59 91 5829190.897
59 92 3861223.34
59 93 1097879.575
59 94 773176.367
59 95 3335614.94
59 96 3327136.5
59 97 1425894.357
59 98 3354959.125
59 99 3918986.292
60 61 3876936.626
60 62 5611094.71
60 63 4602204.813
60 64 4028148.648
60 65 2401320.887
60 66 5012425.296
60 67 4302583.007
60 68 3341286.08
60 69 9096490.044
60 70 5011170.503
60 71 4407638.936
60 72 3293950.919
60 73 5769287.582
60 74 8065330.676
60 75 3003500.685
60 76 3916120.655
60 77 1928536.653
60 78 7739830.397
60 79 4092603.647
60 80 3098021.294
60 81 3455079.448
60 82 7285693.092
60 83 7869495.88
60 84 7322934.732
60 85 7745701.315
60 86 7748351.276
60 87 6631683.211
60 88 1385823.071
60 89 4023605.514
60 90 1558648.798
60 91 3997650.494
60 92 7130991.263
60 93 4458963.967
60 94 3226426.693
60 95 6258379.312
60 96 5801828.333
60 97 2796780.861
60 98 2538463.728
60 99 7219041.265
61 62 2060310.264
61 63 6389430.553
61 64 6941469.89
61 65 4574966.691
61 66 2464120.967
61 67 6254703.646
61 68 784518.7796
61 69 5456504.367
61 70 5031877.235
61 71 3531115.255
61 72 4016357.26
61 73 5227990.691
61 74 5005952.133
61 75 1829044.605
61 76 4196931.19
61 77 2380305.077
61 78 4429076.204
61 79 1132816.26
61 80 1397926.612
61 81 3061687.087
61 82 3446286.071
61 83 4219526.598
61 84 5626534.34
61 85 3873873.409
61 86 4237840.149
61 87 2786655.252
61 88 5156278.372
61 89 798927.9312
61 90 3507794.899
61 91 4068901.142
61 92 4290711.65
61 93 3244537.162
61 94 3326607.417
61 95 2960695.73
61 96 2160728.775
61 97 1469808.937
61 98 1924551.117
61 99 5663054.983
62 63 6857434.674
62 64 8972687.768
62 65 5572854.628
62 66 1510466.465
62 67 8313488.111
62 68 2295852.208
62 69 3491782.066
62 70 6932820.047
62 71 3320381.069
62 72 6059393.183
62 73 6986019.144
62 74 5418132.629
62 75 2781426.769
62 76 4409504.412
62 77 4391721.429
62 78 4645318.177
62 79 2891040.854
62 80 2545678.84
62 81 5060279.603
62 82 1909445.113
62 83 3919546.804
62 84 6917236.564
62 85 2517486.988
62 86 2196303.182
62 87 2206232.538
62 88 6732359.978
62 89 1598775.303
62 90 5514619.848
62 91 4211974.312
62 92 5030022.538
62 93 5047488.272
62 94 5357244.301
62 95 3551361.619
62 96 2533252.007
62 97 3526232.247
62 98 3168559.031
62 99 7016435.227
63 64 8105932.639
63 65 2238194.441
63 66 5435935.74
63 67 8806460.191
63 68 5606169.478
63 69 9608733.83
63 70 9531320.962
63 71 3631254.618
63 72 7830362.159
63 73 10207368.38
63 74 11387101.84
63 75 4564249.718
63 76 2456707.06
63 77 5952318.376
63 78 10815093.38
63 79 7275788.463
63 80 4992082.941
63 81 7720060.261
63 82 8749497.491
63 83 10478812.92
63 84 11453608.55
63 85 9371382.116
63 86 8247234.522
63 87 8834020.397
63 88 4003052.693
63 89 5898925.314
63 90 6104727.424
63 91 2665310.709
63 92 10615510.42
63 93 8582278.349
63 94 7609091.954
63 95 9348371.733
63 96 8514657.889
63 97 6310026.475
63 98 4515470.725
63 99 11402972.23
64 65 6178600.363
64 66 8766535.4
64 67 1695949.198
64 68 6736849.389
64 69 12393987.37
64 70 4280387.579
64 71 8419040.839
64 72 3457309.404
64 73 5179661.597
64 74 9289811.733
64 75 6798088.921
64 76 7924996.707
64 77 4581579.868
64 78 9325365.673
64 79 6518253.764
64 80 6746692.12
64 81 4519950.339
64 82 10279852.95
64 83 9919510.162
64 84 7285239.317
64 85 10579304.8
64 86 11167564.37
64 87 9237986.331
64 88 4107630.225
64 89 7417944.998
64 90 3466084.219
64 91 8018103.064
64 92 8309799.647
64 93 5332815.798
64 94 4104984.036
64 95 8129389.408
64 96 8160266.393
64 97 5480294.125
64 98 6329788.11
64 99 7071057.454
65 66 4412832.626
65 67 6680279.683
65 68 3807437.376
65 69 8787446.308
65 70 7293162.969
65 71 3014408.867
65 72 5592946.809
65 73 7975836.524
65 74 9458951.551
65 75 2877018.523
65 76 2022526.586
65 77 3745387.773
65 78 8962644.337
65 79 5299499.916
65 80 3248321.235
65 81 5504094.383
65 82 7467371.183
65 83 8787910.643
65 84 9286204.835
65 85 8042301.285
65 86 7382330.067
65 87 7253398.551
65 88 2167688.388
65 89 4274118.952
65 90 3871539.541
65 91 2197388.9
65 92 8624814.958
65 93 6398215.165
65 94 5377907.959
65 95 7462996.769
65 96 6734891.128
65 97 4207041.426
65 98 2654640.702
65 99 9222555.974
66 67 8390390.754
66 68 2175192.272
66 69 4374613.949
66 70 7466433.742
66 71 1834257.671
66 72 6291934.678
66 73 7691952.89
66 74 6801663.856
66 75 2011440.948
66 76 2979796.256
66 77 4302058.094
66 78 6063632.049
66 79 3570419.348
66 80 2021309.014
66 81 5446718.147
66 82 3331802.191
66 83 5411381.765
66 84 7972733.818
66 85 3964408.217
66 86 2969503.022
66 87 3694671.272
66 88 5917394.834
66 89 1674831.773
66 90 5338581.522
66 91 2770995.108
66 92 6306206.484
66 93 5708490.701
66 94 5653260.333
66 95 4834867.098
66 96 3824514.2
66 97 3676628.473
66 98 2482259.01
66 99 8035947.541
67 68 6238859.609
67 69 11591418.05
67 70 2659868.059
67 71 8405146.983
67 72 2311240.959
67 73 3530282.912
67 74 7825987.013
67 75 6560378.51
67 76 8146601.739
67 77 4091163.775
67 78 7951243.507
67 79 5596596.261
67 80 6402881.444
67 81 3407260.14
67 82 9376642.761
67 83 8662736.708
67 84 5645795.2
67 85 9593254.649
67 86 10467304.88
67 87 8206033.583
67 88 4883394.597
67 89 6865188.709
67 90 3152487.686
67 91 8196220.925
67 92 6866756.69
67 93 4012822.326
67 94 3030808.67
67 95 6888635.975
67 96 7085888.702
67 97 4803544.151
67 98 6124851.903
67 99 5422583.212
68 69 5786579.376
68 70 5345788.967
68 71 2881181.818
68 72 4116807.649
68 73 5656788.988
68 74 5784757.194
68 75 1052495.702
68 76 3446552.617
68 77 2177317.951
68 78 5213593.709
68 79 1778752.473
68 80 618886.9158
68 81 3300723.972
68 82 3957003.802
68 83 4980483.563
68 84 6261042.844
68 85 4448680.356
68 86 4478188.816
68 87 3481680.642
68 88 4542411.225
68 89 697707.5447
68 90 3271443.192
68 91 3330650.692
68 92 5049778.511
68 93 3694542.014
68 94 3484877.616
68 95 3742435.154
68 96 2938176.329
68 97 1505579.243
68 98 1152820.565
68 99 6277071.514
69 70 9833320.633
69 71 6011469.344
69 72 9286659.477
69 73 9652260.481
69 74 6468573.401
69 75 6187764.79
69 76 7216157.74
69 77 7834280.599
69 78 5657018.935
69 79 5997526.434
69 80 6009284.645
69 81 8213642.038
69 82 2293740.121
69 83 4491870.545
69 84 8916221.39
69 85 2368751.686
69 86 1405129.68
69 87 3668206.165
69 88 10173674.55
69 89 5090253.318
69 90 8962158.768
69 91 6996441.754
69 92 6623018.035
69 93 7920009.058
69 94 8566820.089
69 95 5455021.788
69 96 4752614.42
69 97 6913746.962
69 98 6612093.751
69 99 9092949.44
70 71 8059553.139
70 72 1717219.933
70 73 919598.0032
70 74 5245366.454
70 75 6054640.777
70 76 8190599.328
70 77 3705268.718
70 78 5471525.011
70 79 4042502.625
70 80 5745173.017
70 81 2057968.674
70 82 7543144.282
70 83 6323803.751
70 84 3005092.074
70 85 7623454.991
70 86 8904246.137
70 87 6223556.317
70 88 6120889.65
70 89 5796322.757
70 90 3455270.244
70 91 8168655.181
70 92 4322257.229
70 93 1919879.792
70 94 1992366.178
70 95 4637245.157
70 96 5099114.686
70 97 3870100.889
70 98 5736307.408
70 99 2794575.558
71 72 6609930.727
71 73 8470376.255
71 74 8372701.319
71 75 2006311.596
71 76 1204743.684
71 77 4458366.997
71 78 7688914.272
71 79 4637262.944
71 80 2352808.214
71 81 6006496.955
71 82 5165949.082
71 83 7149194.576
71 84 9136522.933
71 85 5798569.579
71 86 4631433.297
71 87 5443390.469
71 88 4925221.84
71 89 2806145.426
71 90 5253464.823
71 91 984983.0169
71 92 7760669.96
71 93 6542374.717
71 94 6094505.913
71 95 6340512.681
71 96 5380197.593
71 97 4214357.854
71 98 2346629.549
71 99 9157047.3
72 73 2510853.316
72 74 5891609.334
72 75 4639623.038
72 76 6609901.86
72 77 2154139.209
72 78 5877130.051
72 79 3289281.894
72 80 4395820.363
72 81 1102844.499
72 82 7065549.052
72 83 6468438.26
72 84 4318766.971
72 85 7286396.844
72 86 8186535.357
72 87 5904543.813
72 88 4430580.984
72 89 4687065.747
72 90 1738855.278
72 91 6608750.375
72 92 4903220.463
72 93 1891202.563
72 94 720268.9522
72 95 4678921.547
72 96 4791767.083
72 97 2620177.893
72 98 4263394.431
72 99 4163164.41
73 74 4567353.513
73 75 6470003.989
73 76 8714144.969
73 77 4284365.001
73 78 4898415.824
73 79 4149334.621
73 80 6122118.604
73 81 2527765.189
73 82 7361399.438
73 83 5852585.133
73 84 2115928.293
73 85 7365444.743
73 86 8830810.283
73 87 5991215.085
73 88 6941241.871
73 89 6019965.151
73 90 4213050.174
73 91 8672473.977
73 92 3706780.723
73 93 1983465.788
73 94 2598318.324
73 95 4281316.158
73 96 4903647.444
73 97 4258510.981
73 98 6200555.688
73 99 1893289.558
74 75 6834675.872
74 76 9181274.501
74 77 6136922.333
74 78 833682.0318
74 79 4160046.343
74 80 6402436.549
74 81 4980618.264
74 82 4531015.838
74 83 1976884.221
74 84 2892216.993
74 85 4165052.785
74 86 6246201.012
74 87 3320206.804
74 88 9450347.206
74 89 5600881.257
74 90 6872696.744
74 91 9038098.346
74 92 989643.5673
74 93 4007775.399
74 94 5376147.428
74 95 2049733.231
74 96 2996366.011
74 97 5346217.935
74 98 6880205.396
74 99 3135134.682
75 76 2408686.754
75 77 2509016.817
75 78 6250848.346
75 79 2806227.195
75 80 433689.3219
75 81 4000400.266
75 82 4632281.042
75 83 5959073.789
75 84 7241180.658
75 85 5186764.694
75 86 4806766.061
75 87 4383350.605
75 88 3986571.243
75 89 1398883.208
75 90 3431503.757
75 91 2307024.026
75 92 6101328.439
75 93 4560349.961
75 94 4097580.327
75 95 4789640.575
75 96 3955097.762
75 97 2211560.53
75 98 472816.194
75 99 7241816.726
76 77 4487972.374
76 78 8550154.507
76 79 5214449
76 80 2836083.434
76 81 6191129.646
76 82 6294831.497
76 83 8117282.602
76 84 9630743.083
76 85 6919022.358
76 86 5834421.518
76 87 6440685.45
76 88 4121299.499
76 89 3590745.505
76 90 5059525.058
76 91 220408.633
76 92 8487534.629
76 93 6880506.521
76 94 6198249.891
76 95 7131729.225
76 96 6229894.577
76 97 4508720.717
76 98 2546172.968
76 99 9620880.166
77 78 5826031.331
77 79 2254365.757
77 80 2314868.555
77 81 1770092.334
77 82 5798406.46
77 83 6024668.313
77 84 5555861.869
77 85 6173876.599
77 86 6587439.57
77 87 4936437.249
77 88 3313469.288
77 89 2843375.62
77 90 1127895.39
77 91 4473540.422
77 92 5203889.578
77 93 2661730.775
77 94 1715041.306
77 95 4359546.212
77 96 3998645.154
77 97 985988.3382
77 98 2113483.879
77 99 5482800.758
78 79 3707196.939
78 80 5823892.059
78 81 4881305.923
78 82 3697402.328
78 83 1179593.085
78 84 3479299.089
78 85 3337580.137
78 86 5412523.419
78 87 2507186.064
78 88 9123520.739
78 89 4959423.974
78 90 6662300.293
78 91 8396974.979
78 92 1205703.533
78 93 3992554.55
78 94 5292831.48
78 95 1506264.005
78 96 2320809.38
78 97 4962463.479
78 98 6340218.881
78 99 3702312.237
79 80 2378953.372
79 81 2223038.256
79 82 3788480.918
79 83 3781338.387
79 84 4502294.879
79 85 4061056.943
79 86 4929150.991
79 87 2738327.256
79 88 5461987.015
79 89 1927557.31
79 90 3280048.653
79 91 5105625.255
79 92 3341795.369
79 93 2177125.983
79 94 2569313.378
79 95 2202299.591
79 96 1745596.166
79 97 1298317.35
79 98 2763163.476
79 99 4533212.538
80 81 3687215.19
80 82 4340722.897
80 83 5554924.586
80 84 6832448.029
80 85 4873173.894
80 86 4651437.017
80 87 4006164.116
80 88 4187077.798
80 89 1044762.749
80 90 3320079.503
80 91 2727631.172
80 92 5667771.232
80 93 4189739.604
80 94 3816882.132
80 95 4358497.626
80 96 3535188.196
80 97 1877369.89
80 98 636105.9558
80 99 6838674.637
81 82 5977023.199
81 83 5402399.636
81 84 3868006.92
81 85 6186259.396
81 86 7147806.247
81 87 4802189.063
81 88 4763786.02
81 89 3791649.209
81 90 2000864.036
81 91 6155152.034
81 92 3993901.466
81 93 1037138.992
81 94 416779.4958
81 95 3613132.052
81 96 3689043.255
81 97 1813224.053
81 98 3697076.603
81 99 3769072.65
82 83 2651575.623
82 84 6723920.487
82 85 639666.4008
82 86 1715787.381
82 87 1400654.973
82 88 8495644.466
82 89 3310011.385
82 90 6915546.121
82 91 6091638.722
82 92 4495237.327
82 93 5633466.13
82 94 6345844.998
82 95 3211548.006
82 96 2459341.065
82 97 4832917.535
82 98 4976543.304
82 99 6884514.911
83 84 4615696.96
83 85 2214048.557
83 86 4344809.647
83 87 1716731.01
83 88 9229243.717
83 89 4583905.455
83 90 6983655.27
83 91 7944488.586
83 92 2291304.582
83 93 4649940.392
83 94 5818855.983
83 95 1790134.663
83 96 2085659.833
83 97 5079531.6
83 98 6133270.59
83 99 4827407.788
84 85 6547851.005
84 86 8373359.212
84 87 5332018.509
84 88 8615038.395
84 89 6404740.758
84 90 5835050.668
84 91 9544783.336
84 92 2330089.217
84 93 2894337.982
84 94 4123867.821
84 95 3527749.568
84 96 4453719.968
84 97 5165522.611
84 98 7093954.276
84 99 258000.4187
85 86 2158450.331
85 87 1403787.218
85 88 8989482.065
85 89 3831313.498
85 90 7274928.925
85 91 6717656.577
85 92 4256979.614
85 93 5741659.792
85 94 6571991.311
85 95 3112953.502
85 96 2536339.288
85 97 5193706.715
85 98 5508709.923
85 99 6726302.028
86 87 3051302.781
86 88 8792699.787
86 89 3781198.45
86 90 7710887.567
86 91 5615590.307
86 92 6188995.648
86 93 6986177.688
86 94 7473286.881
86 95 4845616.297
86 96 3976794.208
86 97 5707647.301
86 98 5240991.623
86 99 8520433.145
87 88 7937251.261
87 89 2985275.265
87 90 6005924.383
87 91 6261332.586
87 92 3144694.33
87 93 4337960.571
87 94 5194601.336
87 95 1811918.275
87 96 1132788.822
87 97 3950707.39
87 98 4618409.697
87 99 5488149.286
88 89 5190024.913
88 90 2780560.868
88 91 4265924.216
88 92 8513107.163
88 93 5787632.331
88 94 4491863.162
88 95 7638603.186
88 96 7152491.439
88 97 4171546.373
88 98 3566772.352
88 99 8495809.651
89 90 3952049.971
89 91 3440045.242
89 92 4956677.369
89 93 4036876.962
89 94 4022527.982
89 95 3555175.173
89 96 2639501.425
89 97 2072030.227
89 98 1678429.174
89 99 6448213.092
90 91 5089388.727
90 92 5901734.719
90 93 3036057.704
90 94 1711378.188
90 95 5254049.236
90 96 5017306.45
90 97 2084035.746
90 98 2983784.13
90 99 5715456.889
91 92 8358453.573
91 93 6818549.972
91 94 6177000.948
91 95 6989584.324
91 96 6076165.626
91 97 4446518.676
91 98 2481914.834
91 99 9540412.442
92 93 3018220.46
92 94 4387650.026
92 95 1480765.593
92 96 2501794.292
92 97 4458356.542
92 98 6100322.28
92 99 2536876.922
93 94 1392057.982
93 95 2879662.604
93 96 3206420.327
93 97 2372349.775
93 98 4337124.662
93 99 2824389.608
94 95 4029762.317
94 96 4088155.262
94 97 1979323.346
94 98 3757785.335
94 99 4004961.518
95 96 1021028.744
95 97 3469281.882
95 98 4853311.624
95 99 3678056.622
96 97 3030086.465
96 98 4085126.649
96 99 4579449.476
97 98 1964820.37
97 99 5135817.267
98 99 7078512.58
