4950
0 1 4275552.205
0 2 7114450.228
0 3 8134279.431
0 4 7046609.706
0 5 5862334.809
0 6 6629764.579
0 7 6746466.68
0 8 9186723.368
0 9 6518714.108
0 10 7285466.935
0 11 5207804.433
0 12 10088395.96
0 13 9601104.245
0 14 4871411.358
0 15 3951494.485
0 16 1609395.436
0 17 3476978.805
0 18 3810888.211
0 19 4046626.813
0 20 10185656.7
0 21 2972788.424
0 22 3238552.357
0 23 6090175.808
0 24 593016.1239
0 25 8061216.979
0 26 5115922.942
0 27 4408959.94
0 28 1887772.546
0 29 6509265.111
0 30 7050837.422
0 31 4843846.425
0 32 8262522.351
0 33 2929530.541
0 34 6845683.383
0 35 6801928.07
0 36 11075771.88
0 37 5496055.223
0 38 6765762.55
0 39 962518.9101
0 40 3328891.84
0 41 5907521.897
0 42 3487248.599
0 43 8271810.769
0 44 7134740.784
0 45 9417054.999
0 46 4623607.101
0 47 6616888.114
0 48 3036433.264
0 49 5759563.555
0 50 7670403.139
0 51 9284485.058
0 52 7184884.571
0 53 7039442.905
0 54 4124369.853
0 55 4078215.297
0 56 9787287.37
0 57 10034662.35
0 58 6233206.973
0 59 6725149.152
0 60 810096.7844
0 61 7680985.024
0 62 6507037.033
0 63 9473717.853
0 64 3911243.449
0 65 5815245.228
0 66 10923560.8
0 67 7067092.277
0 68 6319592.011
0 69 7085127.297
0 70 8335861.822
0 71 3601288.546
0 72 4406056.794
0 73 4574008.17
0 74 7640570.262
0 75 7425964.704
0 76 6873890.018
0 77 8534133.859
0 78 2613377.428
0 79 9167796.812
0 80 8875263.536
0 81 4131027.149
0 82 5029237.934
0 83 8606010.934
0 84 4836172.751
0 85 9021886.808
0 86 7398765.641
0 87 7809470.195
0 88 8295580.916
0 89 2125210.134
0 90 9753948.872
0 91 4207026.601
0 92 7034132.438
0 93 3208050.979
0 94 8951382.643
0 95 4275337.061
0 96 7471382.948
0 97 2288151.257
0 98 7006291.037
0 99 6127105.996
1 2 3649212.609
1 3 3902241.787
1 4 5142332.361
1 5 2256665.118
1 6 3874686.353
1 7 3797778.681
1 8 4911575.887
1 9 6393889.074
1 10 4826908.584
1 11 3571514.583
1 12 5997225.725
1 13 6941743.674
1 14 3762543.279
1 15 4337195.304
1 16 3214414.958
1 17 3990964.716
1 18 2119362.799
1 19 3197935.853
1 20 5910210.417
1 21 3016904.81
1 22 5767366.435
1 23 2738819.415
1 24 4234626.492
1 25 5790485.979
1 26 2652380.713
1 27 2396079.438
1 28 2556061.579
1 29 2818822.1
1 30 2939628.631
1 31 2032735.231
1 32 4296004.229
1 33 1621739.16
1 34 2956042.137
1 35 2527208.632
1 36 6933675.619
1 37 4179934.339
1 38 5687633.134
1 39 4119627.422
1 40 5240516.922
1 41 1633307.902
1 42 3897073.478
1 43 4142689.463
1 44 5261810.855
1 45 5266850.598
1 46 2551003.797
1 47 2734334.193
1 48 1471603.167
1 49 5217427.084
1 50 3419380.052
1 51 6440556.861
1 52 2956175.198
1 53 5463131.62
1 54 3677241.221
1 55 559428.2533
1 56 6901606.243
1 57 6158691.1
1 58 5010765.139
1 59 2670474.753
1 60 3468743.71
1 61 3675429.367
1 62 3787852.68
1 63 5198179.254
1 64 4415003.648
1 65 4312606.563
1 66 6814697.764
1 67 2928770.338
1 68 5024256.961
1 69 4567813.055
1 70 4701619.84
1 71 875503.6697
1 72 2927082.79
1 73 3254702.911
1 74 3390207.95
1 75 4939034.107
1 76 5727826.369
1 77 4452177.128
1 78 1664322.565
1 79 4906335.682
1 80 6133143.259
1 81 193373.994
1 82 4212148.272
1 83 4422231.709
1 84 4885280.735
1 85 4898083.352
1 86 3772125.545
1 87 3766055.49
1 88 4030546.837
1 89 2586578.422
1 90 5480733.551
1 91 3856639.146
1 92 5223560.457
1 93 3648387.49
1 94 5227746.081
1 95 1467480.379
1 96 4618297.012
1 97 2005265.593
1 98 4217548.259
1 99 2792474.268
2 3 4023450.808
2 4 8170844.736
2 5 4839581.584
2 6 1247715.712
2 7 6424046.726
2 8 3880977.752
2 9 9904788.731
2 10 7580139.742
2 11 6971669.66
2 12 6131288.83
2 13 3453442.06
2 14 3323191.403
2 15 7984994.195
2 16 6570783.766
2 17 4812949.717
2 18 3343708.38
2 19 3642935.201
2 20 4719635.815
2 21 4464267.315
2 22 7031677.118
2 23 1028423.245
2 24 7300788.989
2 25 2774198.242
2 26 5936531.88
2 27 5912266.896
2 28 5862221.674
2 29 867723.7418
2 30 4156312.337
2 31 5351894.989
2 32 1617733.598
2 33 4250020.413
2 34 1066577.038
2 35 2827468.005
2 36 6681673.596
2 37 7587271.673
2 38 8996486.686
2 39 6540909.308
2 40 6292165.393
2 41 3029366.954
2 42 4716888.284
2 43 4698061.518
2 44 2858772.414
2 45 5351056.367
2 46 6014784.481
2 47 1157514.977
2 48 5016913.802
2 49 8715825.042
2 50 3627890.011
2 51 2890058.684
2 52 2308708.643
2 53 8603275.726
2 54 3969535.249
2 55 3420183.26
2 56 3311815.711
2 57 6868778.184
2 58 8343528.653
2 59 1568752.058
2 60 6415269.125
2 61 1423741.997
2 62 1305004.353
2 63 4136813.829
2 64 8063901.928
2 65 7640406.672
2 66 6717464.597
2 67 1820971.905
2 68 8330407.735
2 69 1755422.492
2 70 1230207.973
2 71 4494759.884
2 72 3095090.507
2 73 3162079.562
2 74 2596527.208
2 75 1979758.95
2 76 9008999.164
2 77 2125702.95
2 78 4885324.077
2 79 4341228.939
2 80 2664329.324
2 81 3643482.365
2 82 3657045.4
2 83 2586652.214
2 84 8496931.704
2 85 2614730.543
2 86 408573.7111
2 87 4772548.64
2 88 3750875.79
2 89 4995197.172
2 90 4195386.271
2 91 4064044.957
2 92 2908275.492
2 93 7289177.799
2 94 6473947.25
2 95 4995645.943
2 96 1358266.448
2 97 5229214.491
2 98 1254427.481
2 99 988580.0639
3 4 5393019.356
3 5 2744041.394
3 6 5156780.103
3 7 3552299.742
3 8 1410243.051
3 9 7826137.858
3 10 4564244.147
3 11 5080231.586
3 12 2265319.585
3 13 7103843.722
3 14 6554478.228
3 15 6896530.984
3 16 6866431.873
3 17 7468585.052
3 18 5487213.491
3 19 6393778.515
3 20 2219822.546
3 21 6652269.964
3 22 9501566.877
3 23 4057959.295
3 24 8015767.562
3 25 6776982.911
3 26 4153672.027
3 27 4617666.372
3 28 6307553.017
3 29 3478990.686
3 30 1234507.318
3 31 3895163.551
3 32 3007347.554
3 33 5482617.362
3 34 3028283.391
3 35 1565697.333
3 36 3086307.75
3 37 5571468.218
3 38 6546076.116
3 39 8021461.585
3 40 8886578.328
3 41 2304111.745
3 42 7365131.318
3 43 712459.1367
3 44 6846738.427
3 45 1468394.424
3 46 4554884.244
3 47 3064322.856
3 48 5133843.344
3 49 6740456.802
3 50 511131.4178
3 51 6491222.512
3 52 1753807.244
3 53 5920698.682
3 54 6867217.495
3 55 4255533.038
3 56 6760168.731
3 57 2853396.404
3 58 6033936.262
3 59 2604418.824
3 60 7324319.188
3 61 2716150.75
3 62 5165708.868
3 63 1603438.534
3 64 7008262.744
3 65 5447907.768
3 66 3013424.597
3 67 2236354.508
3 68 5971388.471
3 69 5764833.143
3 70 4065933.892
3 71 4539201.095
3 72 5908628.144
3 73 6157752.596
3 74 1432413.482
3 75 6003136.171
3 76 6505439.951
3 77 2635782.47
3 78 5531230.074
3 79 1087596.369
3 80 6422361.864
3 81 4072562.027
3 82 6999436.908
3 83 2110333.526
3 84 6989987.368
3 85 2659276.201
3 86 3738018.419
3 87 1063767.633
3 88 439051.6978
3 89 6462586.582
3 90 1956847.901
3 91 7025790.533
3 92 6881085.542
3 93 6579974.051
3 94 2530661.863
3 95 4122075.822
3 96 5368127.752
3 97 5846404.223
3 98 5261404.252
3 99 4087545.188
4 5 3331632.002
4 6 8804092.333
4 7 1863905.167
4 8 6771146.276
4 9 2709215.022
4 10 902598.728
4 11 1878356.68
4 12 5742943.864
4 13 11623486.69
4 14 8876503.294
4 15 3466224.562
4 16 5450416.048
4 17 8741562.989
4 18 7164732.34
4 19 8221705.564
4 20 7348494.452
4 21 7712329.799
4 22 9894525.018
4 23 7545220.408
4 24 6573395.563
4 25 10735065.3
4 26 2505126.952
4 27 2989264.068
4 28 5452454.137
4 29 7321441.007
4 30 4397937.202
4 31 3114119.701
4 32 7947933.465
4 33 6190785.754
4 34 7156627.152
4 35 5545593.009
4 36 6690542.497
4 37 1569243.515
4 38 1269298.292
4 39 7583613.032
4 40 9619050.233
4 41 5141568.042
4 42 8667606.874
4 43 4868737.473
4 44 10339933.95
4 45 5583540.458
4 46 2767837.745
4 47 7020421.267
4 48 4829884.746
4 49 2020729.684
4 50 5352605.935
4 51 11049795.76
4 52 6229043.944
4 53 539267.933
4 54 8667379.405
4 55 5677642.08
4 56 11439926.63
4 57 4968366.663
4 58 1114287.926
4 59 6668271.922
4 60 6465616.277
4 61 7421888.39
4 62 8741330.361
4 63 6902956.865
4 64 3565494.53
4 65 1238259.84
4 66 6418421.281
4 67 6596304.873
4 68 1001346.417
4 69 9517959.773
4 70 8819134.196
4 71 4775460.22
4 72 8036052.245
4 73 8365700.653
4 74 6301689.662
4 75 9868190.907
4 76 1188246.87
4 77 7760352.405
4 78 5518705.43
4 79 6271687.449
4 80 10834084.08
4 81 5285862.143
4 82 9312672.166
4 83 7353462.756
4 84 2868607.516
4 85 7939310.474
4 86 8099669.235
4 87 4349046.718
4 88 5824349.372
4 89 6778740.876
4 90 7255176.736
4 91 8844186.843
4 92 10314064.63
4 93 3922126.418
4 94 3894679.707
4 95 3756764.67
4 96 9413985.253
4 97 5547193.962
4 98 9092356.048
4 99 7598063.213
5 6 5523394.802
5 7 1648923.823
5 8 4114804.469
5 9 5329121.138
5 10 2781849.097
5 11 2426379.266
5 12 4290976.646
5 13 8291888.839
5 14 5941605.661
5 15 4152910.999
5 16 4405769.819
5 17 6240575.104
5 18 4366277.118
5 19 5440407.621
5 20 4962235.573
5 21 5248804.549
5 22 7909090.27
5 23 4253120.86
5 24 5624023.921
5 25 7440766.137
5 26 1427838.811
5 27 1883980.191
5 28 3974562.704
5 29 3993420.954
5 30 1510584.67
5 31 1175852.005
5 32 4715982.685
5 33 3766210.315
5 34 3828128.728
5 35 2299521.878
5 36 5309467.828
5 37 2985889.173
5 38 4232034.974
5 39 5985123.125
5 40 7436306.312
5 41 1810227.174
5 42 6148268.412
5 43 2593910.684
5 44 7119947.817
5 45 3706971.236
5 46 1811024.037
5 47 3688883.076
5 48 2857895.513
5 49 4174061.636
5 50 2464881.144
5 51 7718714.001
5 52 2991770.837
5 53 3775538.504
5 54 5924433.255
5 55 2808541.06
5 56 8112720.826
5 57 4173488.214
5 58 3616985.408
5 59 3344830.098
5 60 5079270.857
5 61 4152518.558
5 62 5470167.538
5 63 4337376.565
5 64 4264384.402
5 65 2944615.593
5 66 5126879.561
5 67 3307497.909
5 68 3583740.682
5 69 6235688.274
5 70 5520824.089
5 71 2406313.727
5 72 5124758.736
5 73 5444805.424
5 74 3166786.808
5 75 6575684.888
5 76 4227805.263
5 77 4608341.985
5 78 3448716.694
5 79 3822173.646
5 80 7503371.506
5 81 2444358.258
5 82 6401212.55
5 83 4296333.614
5 84 4290467.206
5 85 4879190.122
5 86 4772122.999
5 87 2052815.689
5 88 3085979.275
5 89 4645904.116
5 90 4684881.249
5 91 6103323.74
5 92 7106485.936
5 93 3862676.106
5 94 3117785.773
5 95 1591188.927
5 96 6096395.887
5 97 3677147.444
5 98 5792555.06
5 99 4304609.351
6 7 7162847.15
6 8 5120036.736
6 9 10268194.49
6 10 8305058.857
6 11 7409421.896
6 12 7324487.856
6 13 3129944.234
6 14 2265291.941
6 15 8125952.391
6 16 6366172.216
6 17 3884636.176
6 18 2839728.26
6 19 2783644.365
6 20 5967344.18
6 21 3759484.242
6 22 6066213.797
6 23 1272557.145
6 24 6907307.774
6 25 1935582.798
6 26 6422292.006
6 27 6263066.001
6 28 5668509.934
6 29 1701051.69
6 30 5109277.756
6 31 5807449.578
6 32 2846744.508
6 33 3973528.32
6 34 2128576.197
6 35 3808127.035
6 36 7910685.027
6 37 8024968.866
6 38 9502698.633
6 39 5932632.219
6 40 5311502.289
6 41 3766069.476
6 42 3798287.551
6 43 5801131.096
6 44 1698754.682
6 45 6534635.093
6 46 6403322.48
6 47 2110963.646
6 48 5032974.773
6 49 9089597.387
6 50 4722822.336
6 51 2707462.653
6 52 3405631.097
6 53 9192864.422
6 54 3006493.319
6 55 3486299.601
6 56 3203683.781
6 57 8009932.314
6 58 8831895.483
6 59 2574684.885
6 60 6014509.458
6 61 2662716.375
6 62 123701.2792
6 63 5379945.678
6 64 8190682.688
6 65 8126391.623
6 66 7936948.015
6 67 2920433.335
6 68 8833908.169
6 69 713912.4068
6 70 2197951.195
6 71 4615503.75
6 72 2289376.696
6 73 2244899.962
6 74 3758037.775
6 75 1071287.364
6 76 9530892.363
6 77 3365301.523
6 78 4734383.491
6 79 5560424.986
6 80 2337549.494
6 81 3806475.461
6 82 2526060.913
6 83 3834336.968
6 84 8739369.307
6 85 3842436.796
6 86 1645271.014
6 87 5805685.205
6 88 4922723.525
6 89 4521706.83
6 90 5443015.718
6 91 3065207.495
6 92 1725760.418
6 93 7354867.383
6 94 7526741.559
6 95 5329398.98
6 96 846125.078
6 97 5044057.017
6 98 382219.4234
6 99 1222608.098
7 8 4947447.033
7 9 4317852.378
7 10 1156287.491
7 11 1956724.158
7 12 4244358.069
7 13 9862523.53
7 14 7543986.901
7 15 4010115.673
7 16 5162335.28
7 17 7701568.41
7 18 5914083.733
7 19 6993169.813
7 20 5591406.352
7 21 6682895.941
7 22 9185625.751
7 23 5890754.614
7 24 6389201.424
7 25 9071671.514
7 26 1630553.268
7 27 2338857.395
7 28 4922153.235
7 29 5596500.997
7 30 2534834.315
7 31 2006341.926
7 32 6100093.209
7 33 5153286.864
7 34 5383919.833
7 35 3716501.893
7 36 5256453.117
7 37 2239972.127
7 38 2995718.518
7 39 7063134.453
7 40 8787177.155
7 41 3414670.807
7 42 7615133.449
7 43 3078101.623
7 44 8768285.171
7 45 3928167.089
7 46 2130685.113
7 47 5266648.152
7 48 3985173.39
7 49 3311783.274
7 50 3490259.17
7 51 9277477.681
7 52 4390680.327
7 53 2378307.411
7 54 7468391.272
7 55 4357136.757
7 56 9650180.702
7 57 3709041.11
7 58 2518675.362
7 59 4886081.278
7 60 6032318.889
7 61 5589105.602
7 62 7112521.355
7 63 5098227.59
7 64 4126901.759
7 65 2024482.38
7 66 5011774.843
7 67 4778676.764
7 68 2445064.07
7 69 7873539.201
7 70 6998043.058
7 71 3708248.01
7 72 6715936.131
7 73 7040740.809
7 74 4442922.804
7 75 8208685.963
7 76 2953189.743
7 77 5899697.632
7 78 4659932.421
7 79 4482011.819
7 80 9085333.806
7 81 3972489.204
7 82 7999326.266
7 83 5489575.332
7 84 3794165.289
7 85 6075542.668
7 86 6319529.989
7 87 2531763.474
7 88 3977968.672
7 89 5928786.622
7 90 5453612.316
7 91 7647949.892
7 92 8755305.998
7 93 4073268.027
7 94 2543957.511
7 95 2691051.029
7 96 7711210.725
7 97 4802279.548
7 98 7422919.456
7 99 5941523.568
8 9 9234485.587
8 10 5922221.966
8 11 6483087.515
8 12 2432560.013
8 13 6451513.674
8 14 6900042.598
8 15 8261736.916
8 16 8033419.101
8 17 8055694.016
8 18 6143377.996
8 19 6910486.438
8 20 1010011.712
8 21 7357792.061
8 22 10195533.78
8 23 4265284.575
8 24 9129744.379
8 25 6441386.899
8 26 5537516.448
8 27 5963207.185
8 28 7427955.659
8 29 3624868.422
8 30 2610680.273
8 31 5236802.215
8 32 2440114.67
8 33 6385608.768
8 34 3119363.003
8 35 2384846.094
8 36 2813831.012
8 37 6980551.842
8 38 7943165.512
8 39 8963709.866
8 40 9528046.483
8 41 3283657.398
8 42 7951648.443
8 43 1919605.124
8 44 6721047.029
8 45 1782419.564
8 46 5917243.195
8 47 3251783.473
8 48 6269435.28
8 49 8150636.446
8 50 1663321.811
8 51 5847359.319
8 52 2116343.372
8 53 7303359.405
8 54 7350872.069
8 55 5157041.321
8 56 6028144.853
8 57 3401374.231
8 58 7440519.32
8 59 2872299.829
8 60 8380319.583
8 61 2458038.842
8 62 5162087.45
8 63 296995.2852
8 64 8371682.83
8 65 6858079.593
8 66 2878930.141
8 67 2444617.119
8 68 7376395.785
8 69 5610955.44
8 70 3493574.083
8 71 5653760.722
8 72 6380757.152
8 73 6578245.559
8 74 1631390.521
8 75 5772545.712
8 76 7899063.077
8 77 1928701.493
8 78 6575627.087
8 79 637236.864
8 80 5869091.718
8 81 5057274.865
8 82 7310658.232
8 83 1355242.664
8 84 8386936.758
8 85 1690190.464
8 86 3508865.931
8 87 2422427.6
8 88 1028922.701
8 89 7356957.513
8 90 584091.9215
8 91 7491217.594
8 92 6778859.39
8 93 7898777.868
8 94 3524430.429
8 95 5387005.107
8 96 5104197.635
8 97 6912434.98
8 98 5121526.54
8 99 4278154.699
9 10 3600487.309
9 11 2951951.346
9 12 8431233.782
9 13 13303855.49
9 14 9756206.377
9 15 2614749.926
9 16 5171423.722
9 17 9150976.943
9 18 8037124.755
9 19 8971201.998
9 20 9908967.492
9 21 8189719.684
9 22 9713214.558
9 23 9096619.248
9 24 5942326.826
9 25 12181881.55
9 26 4003428.574
9 27 4011372.482
9 28 5517365.215
9 29 9037723.409
9 30 6694525.385
9 31 4558651.008
9 32 10027709.68
9 33 6850968.557
9 34 8998149.837
9 35 7623152.185
9 36 9392753.731
9 37 2352514.966
9 38 1447088.755
9 39 7313389.696
9 40 9643357.38
9 41 6997396.568
9 42 9102132.32
9 43 7393556.786
9 44 11598112.65
9 45 8216423.865
9 46 3892037.849
9 47 8819636.126
9 48 5461792.365
9 49 1188988.058
9 50 7685562.232
9 51 12775988.08
9 52 8312888.359
9 53 2207712.509
9 54 9337047.162
9 55 6820170.726
9 56 13214481.31
9 57 7677569.886
9 58 1799590.388
9 59 8556347.074
9 60 6212361.776
9 61 9444640.361
9 62 10181709.26
9 63 9401267.765
9 64 2631186.882
9 65 2396351.003
9 66 9123056.043
9 67 8591421.927
9 68 1874298.709
9 69 10961004.59
9 70 10759337.48
9 71 5714116.664
9 72 8949858.968
9 73 9264783.572
9 74 8492829.108
9 75 11332782.21
9 76 1547653.368
9 77 9937419.708
9 78 6030228.721
9 79 8794310.038
9 80 12495693.66
9 81 6471947.167
9 82 10134263.81
9 83 9612399.166
9 84 1741634.265
9 85 10198553.73
9 86 9926321.249
9 87 6839520.802
9 88 8235642.895
9 89 7087593.214
9 90 9757565.674
9 91 9497489.33
9 92 11546630.11
9 93 3466289.369
9 94 6594750.167
9 95 4944269.854
9 96 10994998.63
9 97 5894491.693
9 98 10606929.92
9 99 9150979.138
10 11 2108408.355
10 12 4840900.234
10 13 11018595.11
10 14 8589379.088
10 15 4010118.953
10 16 5676153.619
10 17 8623350.368
10 18 6919646.348
10 19 7994617.204
10 20 6467540.65
10 21 7594626.071
10 22 9955013.203
10 23 7034219.977
10 24 6860320.638
10 25 10219500.86
10 26 2343121.4
10 27 2971314.135
10 28 5565011.396
10 29 6750859.688
10 30 3643928.202
10 31 2878945.363
10 32 7229852.633
10 33 6057378.542
10 34 6540012.78
10 35 4863267.318
10 36 5792926.439
10 37 2056565.274
10 38 2168966.979
10 39 7723639.583
10 40 9615562.654
10 41 4567133.19
10 42 8542209.303
10 43 4008617.345
10 44 9895645.824
10 45 4687050.327
10 46 2741902.358
10 47 6422797.007
10 48 4778114.749
10 49 2812113.67
10 50 4565061.617
10 51 10432963.26
10 52 5531104.011
10 53 1437815.595
10 54 8459283.015
10 55 5381417.933
10 56 10803551.78
10 57 4083423.55
10 58 1906865.955
10 59 6041786.742
10 60 6636976.446
10 61 6731104
10 62 8251981.517
10 63 6041886.811
10 64 4119366.628
10 65 1736003.262
10 66 5522597.796
10 67 5928152.478
10 68 1802657.053
10 69 9017057.727
10 70 8144260.789
10 71 4608362.822
10 72 7753653.015
10 73 8081557.747
10 74 5559286.419
10 75 9355331.348
10 76 2090705.517
10 77 7007867.362
10 78 5470726.365
10 79 5405074.288
10 80 10241615.84
10 81 4990095.62
10 82 9038599.971
10 83 6574088.738
10 84 3548643.054
10 85 7155534.672
10 86 7474952.261
10 87 3507563.808
10 88 5000258.972
10 89 6748927.25
10 90 6391626.839
10 91 8638354.45
10 92 9879206.105
10 93 4311893.176
10 94 2995472.838
10 95 3567444.795
10 96 8864155.635
10 97 5556766.069
10 98 8570777.932
10 99 7085484.292
11 12 6152689.143
11 13 10393250.32
11 14 7186094.844
11 15 2053833.252
11 16 3601241.766
11 17 6917037.437
11 18 5452740.009
11 19 6479693.971
11 20 7260218.086
11 21 5893132.167
11 22 8016254.388
11 23 6201452.58
11 24 4763099.651
11 25 9340131.179
11 26 1051816.977
11 27 1209195.05
11 28 3574339.858
11 29 6103949.948
11 30 3880172.065
11 31 1620627.46
11 32 7085220.77
11 33 4396197.897
11 34 6048922.864
11 35 4694136.953
11 36 7176381.081
11 37 617456.2944
11 38 2120032.321
11 39 5710853.145
11 40 7748348.289
11 41 4045589.67
11 42 6847523.608
11 43 4768389.059
11 44 8832958.182
11 45 5753565.126
11 46 1024114.073
11 47 5873595.174
11 48 3001477.527
11 49 1770778.348
11 50 4864323.576
11 51 9853488.607
11 52 5379348.977
11 53 2017693.963
11 54 6905182.504
11 55 4058723.037
11 56 10283483.48
11 57 5665351.209
11 58 1442392.887
11 59 5604526.843
11 60 4598600.553
11 61 6496972.463
11 62 7330904.36
11 63 6682948.052
11 64 2170479.845
11 65 762221.4529
11 66 6941348.762
11 67 5643454.649
11 68 1465175.96
11 69 8114203.671
11 70 7807550.404
11 71 3041349.595
11 72 6350375.921
11 73 6677787.031
11 74 5587132.833
11 75 8480193.691
11 76 2168182.664
11 77 7015557.293
11 78 3678977.166
11 79 6118798.877
11 80 9587379.07
11 81 3681511.412
11 82 7604846.465
11 83 6721169.129
11 84 1921032.848
11 85 7302468.128
11 86 6980398.249
11 87 4196336.226
11 88 5459146.286
11 89 4922235.609
11 90 7037030.95
11 91 7078804.383
11 92 8793307.751
11 93 2213831.378
11 94 4499826.959
11 95 2106452.074
11 96 8102640.438
11 97 3683290.112
11 98 7733054.537
11 99 6255775.691
12 13 8883272.485
12 14 8818092.625
12 15 8171273.814
12 16 8687091.587
12 17 9712870.862
12 18 7725486.768
12 19 8653068.993
12 20 2225743.096
12 21 8867017.769
12 22 11704510.16
12 23 6290516.436
12 24 9893011.927
12 25 8804326.327
12 26 5472446.265
12 27 6094665.159
12 28 8211597.818
12 29 5688051.801
12 30 3064886.338
12 31 5439930.068
12 32 4832934.127
12 33 7613722.292
12 34 5211019.12
12 35 3826670.153
12 36 1031109.277
12 37 6484301.213
12 38 7009456.748
12 39 10086305.88
12 40 11110913.18
12 41 4488705.23
12 42 9609926.172
12 43 1855404.555
12 44 8988587.088
12 45 801417.4404
12 46 5962987.984
12 47 5277696.363
12 48 7052004.565
12 49 7525177.613
12 50 2769923.405
12 51 8278034.615
12 52 3972301.287
12 53 6273596.13
12 54 9128863.211
12 55 6413117.74
12 56 8459806.06
12 57 1103074.859
12 58 6672686.366
12 59 4828687.06
12 60 9287411.762
12 61 4732044.084
12 62 7346107.956
12 63 2298461.588
12 64 8288283.297
12 65 6259829.117
12 66 837173.2491
12 67 4432576.847
12 68 6581631.585
12 69 7886544.199
12 70 5903750.92
12 71 6506230.458
12 72 8172541.964
12 73 8423045.796
12 74 3571710.056
12 75 8087417.648
12 76 6931152.358
12 77 4342549.944
12 78 7544910.551
12 79 1839634.09
12 80 8288990.467
12 81 6180694.475
12 82 9261224.363
12 83 3760376.372
12 84 8034543.981
12 85 4120336.479
12 86 5796985.261
12 87 2278931.957
12 88 2410094.026
12 89 8583778.324
12 90 2495451.947
12 91 9288653.784
12 92 9033590.75
12 93 8059646.417
12 94 1859848.178
12 95 5865980.379
12 96 7428966.225
12 97 7829042.776
12 98 7385538.857
12 99 6316465.583
13 14 4810657.24
13 15 11240572.62
13 16 9474943.548
13 17 6452953.689
13 18 5904869.689
13 19 5575290.025
13 20 6946903.569
13 21 6639881.913
13 22 8386658.049
13 23 4209988.261
13 24 9934294.897
13 25 1614298.614
13 26 9369442.852
13 27 9293832.078
13 28 8783628.446
13 29 4311271.918
13 30 7504113.375
13 31 8773300.329
13 32 4109545.808
13 33 7084875.645
13 34 4478603.955
13 35 6193554.849
13 36 9153723.586
13 37 11010511.35
13 38 12440524.02
13 39 8815238.703
13 40 7646285.729
13 41 6481993.136
13 42 6392522.152
13 43 7815069.952
13 44 2637572.939
13 45 8188421.09
13 46 9413972.686
13 47 4603826.068
13 48 8158989.484
13 49 12117153.6
13 50 6813875.225
13 51 612825.5474
13 52 5579435.536
13 53 12056517.29
13 54 5613186.136
13 55 6595109.569
13 56 574680.0225
13 57 9802079.332
13 58 11782797.7
13 59 4977510.985
13 60 9049805.776
13 61 4420407.162
13 62 3238380.688
13 63 6612550.054
13 64 11308264.08
13 65 11077838.24
13 66 9274010.892
13 67 5130484.564
13 68 11773016.97
13 69 2540996.993
13 70 3038604.112
13 71 7721781.62
13 72 5197127.997
13 73 5034285.667
13 74 5715591.499
13 75 2182480.68
13 76 12455875.03
13 77 4556296.101
13 78 7860402.847
13 79 7052722.852
13 80 808889.8121
13 81 6893903.687
13 82 4812558.661
13 83 5137877.389
13 84 11826577.27
13 85 4772682.851
13 86 3547114.06
13 87 8011547.827
13 88 6736976.585
13 89 7546351.25
13 90 6501763.402
13 91 5594549.057
13 92 2758352.579
13 93 10480280.12
13 94 9633743.435
13 95 8363451.17
13 96 2327745.454
13 97 8164179.641
13 98 2757218.789
13 99 4155752.422
14 15 7312252.282
14 16 5078474.012
14 17 1673308.151
14 18 1735908.383
14 19 855727.6747
14 20 7843314.1
14 21 1910229.356
14 22 3806898.653
14 23 2641279.572
14 24 5272943.093
14 25 3222894.558
14 26 6371575.476
14 27 5977030.871
14 28 4468048.56
14 29 3283848.964
14 30 6099711.757
14 31 5765222.345
14 32 4914876.284
14 33 2910515.003
14 34 3789024.074
14 35 5009420.633
14 36 9557845.755
14 37 7760291.156
14 38 9292327.937
14 39 4030296.022
14 40 3050185.819
14 41 4550768.622
14 42 1600865.716
14 43 7079994.148
14 44 2265195.911
14 45 8017855.5
14 46 6172952.103
14 47 3648340.932
14 48 4297204.542
14 49 8646794.149
14 50 6056944.53
14 51 4583138.006
14 52 4882379.692
14 53 9159734.611
14 54 805457.6511
14 55 3210335.694
14 56 5078148.198
14 57 9303767.828
14 58 8618596.664
14 59 4048785.048
14 60 4427465.097
14 61 4562598.986
14 62 2154100.079
14 63 7185728.134
14 64 7348181.309
14 65 7947341.605
14 66 9531089.055
14 67 4472903.429
14 68 8649636.481
14 69 2432267.206
14 70 4437495.377
14 71 4144816.55
14 72 840454.6176
14 73 510816.044
14 74 5335707.785
14 75 2708468.596
14 76 9349729.008
14 77 5388405.815
14 78 3744190.109
14 79 7217908.685
14 80 4151843.668
14 81 3602935.811
14 82 463652.5683
14 83 5757905.089
14 84 8073288.516
14 85 5898676.244
14 86 3725776.196
14 87 6913512.102
14 88 6442317.164
14 89 2974228.316
14 90 7320790.515
14 91 818023.3929
14 92 2162976.448
14 93 6458104.328
14 94 8588997.435
14 95 5125415.967
14 96 2973054.684
14 97 3940548.725
14 98 2559737.387
14 99 2634062.933
15 16 2556708.543
15 17 6575620.48
15 18 5639350.525
15 19 6494554.507
15 20 9112793.733
15 21 5643650.319
15 22 7110251.583
15 23 7065169.293
15 24 3394643.079
15 25 9977644.033
15 26 2757894.859
15 27 2311899.164
15 28 2937847.994
15 29 7144467.501
15 30 5663492.41
15 31 3035022.812
15 32 8448459.736
15 33 4410327.617
15 34 7221871.692
15 35 6202008.693
15 36 9199724.16
15 37 1955326.596
15 38 2878798.52
15 39 4708444.999
15 40 7028625.917
15 41 5396735.076
15 42 6532427.001
15 43 6682384.762
15 44 9294335.567
15 45 7724793.588
15 46 2344559.446
15 47 7013743.531
15 48 3111260.06
15 49 1824783.705
15 50 6602153.623
15 51 10760061.69
15 52 6841285.583
15 53 3298341.36
15 54 6825827.42
15 55 4645463.627
15 56 11228779.94
15 57 7717566.229
15 58 2453220.126
15 59 6853386.207
15 60 3599673.586
15 61 7830306.394
15 62 8026179.228
15 63 8489363.579
15 64 117214.0142
15 65 2284334.21
15 66 8971990.895
15 67 6998560.406
15 68 2557476.215
15 69 8783633.201
15 70 8997382.653
15 71 3520247.462
15 72 6540434.221
15 73 6840358.975
15 74 7141809.58
15 75 9159805.969
15 76 2997103.795
15 77 8481392.198
15 78 3572137.271
15 79 7970644.903
15 80 10435234.87
15 81 4359580.797
15 82 7660690.503
15 83 8283497.28
15 84 888050.6146
15 85 8840446.044
15 86 8088747.385
15 87 6114588.238
15 88 7234290.517
15 89 4521775.527
15 90 8835350.934
15 91 6978497.518
15 92 9230059.874
15 93 870409.7236
15 94 6551759.986
15 95 3078146.213
15 96 8913184.845
15 97 3380347.287
15 98 8488936.722
15 99 7118066.976
16 17 4099848.47
16 18 3585991.046
16 19 4225796.661
16 20 9006679.116
16 21 3252163.286
16 22 4581408.541
16 23 5554089.108
16 24 1234566.575
16 25 8049465.585
16 26 3534210.926
16 27 2824390.635
16 28 708778.7678
16 29 5839736.164
16 30 5712307.081
16 31 3318385.151
16 32 7469599.337
16 33 2392715.701
16 34 6081610.496
16 35 5679976.905
16 36 9695534.795
16 37 3912621.098
16 38 5245086.199
16 39 2188600.898
16 40 4472193.995
16 41 4771686.186
16 42 4069102.568
16 43 6916542.275
16 44 7236072.878
16 45 8058637.108
16 46 3032593.105
16 47 5851897.691
16 48 1769528.606
16 49 4289274.627
16 50 6437010.274
16 51 9073529.298
16 52 6163466.536
16 53 5467159.952
16 54 4477036.863
16 55 3210236.905
16 56 9568307.165
16 57 8549868.962
16 58 4679436.934
16 59 5857955.776
16 60 1058471.052
16 61 6856811.298
16 62 6250973.767
16 63 8308316.184
16 64 2546366.871
16 65 4225463.692
16 66 9524205.394
16 67 6139405.65
16 68 4760049.609
16 69 6937928.071
16 70 7737349.045
16 71 2390563.721
16 72 4403930.013
16 73 4660763.429
16 74 6582287.584
16 75 7305585.762
16 76 5346715.767
16 77 7658301.001
16 78 1686391.434
16 79 7934511.136
16 80 8697973.937
16 81 3120878.216
16 82 5363027.887
16 83 7635370.528
16 84 3436660.662
16 85 8111150.396
16 86 6785539.443
16 87 6418664.671
16 88 7081389.195
16 89 2121751.899
16 90 8613748.626
16 91 4610734.587
16 92 7153708.486
16 93 1721687.006
16 94 7439972.884
16 95 2821173.518
16 96 7205462.742
16 97 1342607.051
16 98 6747575.414
16 99 5600070.116
17 18 1989536.215
17 19 1180677.979
17 20 9042367.537
17 21 1030542.75
17 22 2219951.243
17 23 3961333.396
17 24 3966698.58
17 25 4847492.109
17 26 6292254.612
17 27 5752577.928
17 28 3638882.908
17 29 4573576.043
17 30 6774493.713
17 31 5747061.929
17 32 6329649.16
17 33 2566188.985
17 34 5053955.633
17 35 5906302.451
17 36 10547759.37
17 37 7425945.636
17 38 8929724.883
17 39 2549913.534
17 40 1493742.492
17 41 5244791.258
17 42 104171.5088
17 43 7888824.849
17 44 3848491.825
17 45 8929669.739
17 46 5973932.567
17 47 4870797.65
17 48 3917084.746
17 49 8134451.039
17 50 6957579.421
17 51 6250014.924
17 52 5951951.656
17 53 8934728.362
17 54 881167.3499
17 55 3457255.067
17 56 6742284.089
17 57 10040283.28
17 58 8281219.152
17 59 5194270.821
17 60 3227616.636
17 61 5891911.795
17 62 3766609.743
17 63 8350622.797
17 64 6586819.581
17 65 7667960.812
17 66 10481862.66
17 67 5618776.199
17 68 8332744.239
17 69 4104840.565
17 70 5993342.581
17 71 4015593.178
17 72 1734485.458
17 73 1658650.623
17 74 6432487.708
17 75 4379849.84
17 76 9006850.041
17 77 6758178.747
17 78 3239777.045
17 79 8278371.79
17 80 5816760.599
17 81 3799999.661
17 82 1654609.374
17 83 7049312.448
17 84 7414766.154
17 85 7277138.471
17 86 5195641.632
17 87 7615369.26
17 88 7441895.337
17 89 2064199.065
17 90 8533642.84
17 91 861675.4839
17 92 3735166.388
17 93 5705835.728
17 94 9183243.554
17 95 5056169.328
17 96 4633277.941
17 97 3287979.787
17 98 4205367.369
17 99 3971214.085
18 19 1079096.491
18 20 7143596.941
18 21 1222196.543
18 22 4053426.569
18 23 2343633.234
18 24 4068074.144
18 25 4463974.127
18 26 4660856.808
18 27 4244174.331
18 28 2913463.601
18 29 2860117.275
18 30 4791086.941
18 31 4064305.077
18 32 4663091.018
18 33 1239882.719
18 34 3285906.021
18 35 3929766.762
18 36 8570777.729
18 37 6024699.884
18 38 7556753.671
18 39 3197201.061
18 40 3405612.031
18 41 3255818.262
18 42 1887431.708
18 43 5899298.15
18 44 3681497.929
18 45 6944696.417
18 46 4442902.82
18 47 3076204.7
18 48 2575641.022
18 49 6917798.735
18 50 4976094.778
18 51 5533091.573
18 52 4027434.415
18 53 7434293.073
18 54 1558617.291
18 55 1560887.492
18 56 6033445.916
18 57 8056023.089
18 58 6883412.743
18 59 3329454.172
18 60 3174966.744
18 61 4146820.207
18 62 2719035.334
18 63 6440121.784
18 64 5683449.088
18 65 6214474.736
18 66 8499095.279
18 67 3740734.096
18 68 6915334.891
18 69 3363889.884
18 70 4573795.506
18 71 2411723.058
18 72 912871.4871
18 73 1232438.031
18 74 4512133.397
18 75 3726916.39
18 76 7614787.571
18 77 5026458.228
18 78 2074240.941
18 79 6326480.561
18 80 5141851.447
18 81 1941637.806
18 82 2153468.092
18 83 5237918.532
18 84 6371807.419
18 85 5541596.292
18 86 3663635.663
18 87 5631034.03
18 88 5477536.137
18 89 1688878.908
18 90 6646960.924
18 91 1737817.784
18 92 3608523.287
18 93 4801847.09
18 94 7221259.683
18 95 3408091.153
18 96 3685749.447
18 97 2323564.581
18 98 3220704.951
18 99 2372894.568
19 20 7889235.189
19 21 1073923.21
19 22 3398358.373
19 23 2780850.416
19 24 4430100.699
19 25 4016584.384
19 26 5721792.598
19 27 5275765.735
19 28 3624609.891
19 29 3395866.287
19 30 5791136.591
19 31 5132027.319
19 32 5149132.451
19 33 2123485.283
19 34 3880094.15
19 35 4828230.399
19 36 9456193.608
19 37 7037588.582
19 38 8567609.572
19 39 3240094.663
19 40 2673816.085
19 41 4239003.865
19 42 1080824.557
19 43 6855634.655
19 44 3094089.174
19 45 7861290.217
19 46 5481361.923
19 47 3701766.713
19 48 3532508.904
19 49 7880271.342
19 50 5885003.325
19 51 5300653.202
19 52 4820721.551
19 53 8476219.429
19 54 490291.6272
19 55 2638976.143
19 56 5801566.517
19 57 9045040.889
19 58 7898729.35
19 59 4040602.607
19 60 3576949.565
19 61 4713694.823
19 62 2661797.837
19 63 7203903.122
19 64 6526494.509
19 65 7241809.764
19 66 9403635.281
19 67 4467327.993
19 68 7935892.342
19 69 3106019.515
19 70 4836740.425
19 71 3450647.851
19 72 553873.301
19 73 550439.9165
19 74 5296539.837
19 75 3422096.971
19 76 8630880.837
19 77 5578304.542
19 78 2942227.737
19 79 7159079.233
19 80 4878291.139
19 81 3020734.129
19 82 1166523.584
19 83 5876695.138
19 84 7272485.307
19 85 6097136.539
19 86 4020910.438
19 87 6625367.339
19 88 6338261.736
19 89 2118530.296
19 90 7376746.418
19 91 666044.2359
19 92 2997431.736
19 93 5634710.068
19 94 8249314.318
19 95 4466727.918
19 96 3577271.721
19 97 3115094.309
19 98 3128965.468
19 99 2790538.662
20 21 8360321.226
20 22 11193331.05
20 23 5202109.87
20 24 10117689.51
20 25 7131702.951
20 26 6363279.715
20 27 6837477.492
20 28 8412612.06
20 29 4559501.202
20 30 3454156.399
20 31 6114647.837
20 32 3168521.806
20 33 7394772.709
20 34 4054363.839
20 35 3386823.614
20 36 2219252.951
20 37 7721196.353
20 38 8565693.617
20 39 9972450.247
20 40 10519902.58
20 41 4278561.674
20 42 8938485.617
20 43 2517785.131
20 44 7507564.197
20 45 1875409.129
20 46 6773244.243
20 47 4204787.86
20 48 7248514.485
20 49 8868306.575
20 50 2582084.638
20 51 6362433.331
20 52 3120163.259
20 53 7887117.378
20 54 8321878.713
20 55 6165269.769
20 56 6474008.925
20 57 3318182.785
20 58 8109441.363
20 59 3849178.468
20 60 9378086.54
20 61 3321297.372
20 62 6020519.12
20 63 715473.1396
20 64 9225049
20 65 7569149.499
20 66 2373553.107
20 67 3423683.455
20 68 8036420.098
20 69 6402716.056
20 70 4143036.58
20 71 6636421.319
20 72 7353951.688
20 73 7540291.664
20 74 2635388.113
20 75 6527053.962
20 76 8509993.15
20 77 2635646.363
20 78 7572977.055
20 79 1143784.577
20 80 6444390.077
20 81 6059114.017
20 82 8242739.151
20 83 2133047.304
20 84 9178670.795
20 85 2243781.314
20 86 4327450.499
20 87 3081329.292
20 88 1931910.678
20 89 8366701.027
20 90 525963.8227
20 91 8458087.627
20 92 7574668.08
20 93 8797257.316
20 94 3766237.043
20 95 6317074.774
20 96 5857400.913
20 97 7906950.268
20 98 5928802.759
20 99 5210652.637
21 22 2852365.281
21 23 3504128.857
21 24 3362713.745
21 25 5089214.214
21 26 5262054.066
21 27 4723805.317
21 28 2713997.48
21 29 4056673.173
21 30 5874010.841
21 31 4719891.707
21 32 5857274.16
21 33 1537377.081
21 34 4497305.588
21 35 5108908.424
21 36 9738502.748
21 37 6409470.204
21 38 7920021.087
21 39 2185584.258
21 40 2247488.937
21 41 4378531.796
21 42 955431.7825
21 43 7023863.36
21 44 4165958.417
21 45 8097021.782
21 46 4944523.107
21 47 4291518.696
21 48 2891753.839
21 49 7148563.539
21 50 6142412.546
21 51 6347884.443
21 52 5241482.129
21 53 7910517.571
21 54 1228725.866
21 55 2505901.775
21 56 6850121.934
21 57 9133568.605
21 58 7266972.676
21 59 4551644.04
21 60 2523270.651
21 61 5356731.487
21 62 3635843.605
21 63 7654720.403
21 64 5663395.896
21 65 6646367.497
21 66 9655126.066
21 67 4962530.175
21 68 7316197.279
21 69 4146895.578
21 70 5688644.395
21 71 2988295.167
21 72 1474704.958
21 73 1605768.048
21 74 5726486.808
21 75 4475251.721
21 76 7994668.903
21 77 6236037.914
21 78 2221662.914
21 79 7523597.597
21 80 5930425.605
21 81 2823867.986
21 82 2129730.403
21 83 6458649.805
21 84 6462416.494
21 85 6752849.79
21 86 4810815.834
21 87 6714598.643
21 88 6666336.173
21 89 1135209.893
21 90 7866073.958
21 91 1358575.793
21 92 4067666.064
21 93 4773941.657
21 94 8238516.971
21 95 4028138.795
21 96 4581469.96
21 97 2298985.438
21 98 4122614.901
21 99 3526874.861
22 23 6175265.651
22 24 3831417.774
22 25 6775683.034
22 26 7628900.716
22 27 6984541.181
22 28 4444909.143
22 29 6779331.755
22 30 8684534.874
22 31 7179284.003
22 32 8546456.069
22 33 4159640.915
22 34 7251397.922
22 35 7961177.753
22 36 12587142.55
22 37 8420134.409
22 38 9814819.574
22 39 2401871.373
22 40 758117.8764
22 41 7217504.833
22 42 2317984.307
22 43 9855092.258
22 44 5750403.249
22 45 10940616.35
22 46 7214178.996
22 47 7060529.27
22 48 5203069.665
22 49 8870544.295
22 50 8992362.271
22 51 8265876.348
22 52 8080279.61
22 53 9980548.689
22 54 3071650.694
22 55 5302060.233
22 56 8741085.78
22 57 11925306.13
22 58 9226198.884
22 59 7359572.005
22 60 3523193.919
22 61 8097282.962
22 62 5951699.617
22 63 10492093.26
22 64 7084494.126
22 65 8711525.951
22 66 12499177.92
22 67 7778628.154
22 68 9299345.554
22 69 6208000.244
22 70 8204422.906
22 71 5520130.691
22 72 3951996.394
22 73 3871924.852
22 74 8564715.989
22 75 6442111.338
22 76 9912426.733
22 77 8967970.81
22 78 4526176.918
22 79 10374578.36
22 80 7828835.596
22 81 5575534.842
22 82 3641129.422
22 83 9240883.803
22 84 7997719.363
22 85 9487220.494
22 86 7415489.642
22 87 9520971.978
22 88 9518592.114
22 89 3270160.284
22 90 10692616.16
22 91 3001177.629
22 92 5628981.717
22 93 6300269.469
22 94 10981044.11
22 95 6498877.049
22 96 6773613.89
22 97 4400873.775
22 98 6366567.013
22 99 6186777.198
23 24 6272380.594
23 25 3190897.039
23 26 5194686.556
23 27 5085467.356
23 28 4845312.455
23 29 642614.2421
23 30 3877995.949
23 31 4587032.416
23 32 2373117.758
23 33 3222153.188
23 34 1148237.871
23 35 2610462.588
23 36 6968416.1
23 37 6818762.748
23 38 8276322.849
23 39 5535917.071
23 40 5454663.138
23 41 2495265.567
23 42 3860779.598
23 43 4659884.774
23 44 2928052.787
23 45 5490303.454
23 46 5210527.842
23 47 1024041.061
23 48 4040865.955
23 49 7911275.461
23 50 3590358.921
23 51 3701761.363
23 52 2318239.63
23 53 7943442.167
23 54 3167560.402
23 55 2444038.507
23 56 4164433.069
23 57 6890788.848
23 58 7609991.69
23 59 1461919.591
23 60 5387157.111
23 61 1941476.589
23 62 1229394.748
23 63 4548435.289
23 64 7138717.405
23 65 6903749.258
23 66 6961884.213
23 67 1868667.949
23 68 7607197.57
23 69 1982946.951
23 70 2245974.215
23 71 3549616.691
23 72 2227540.802
23 73 2364896.752
23 74 2739245.511
23 75 2324429.993
23 76 8299795.816
23 77 2798447.027
23 78 3871265.363
23 79 4613554.314
23 80 3401161.492
23 81 2705588.69
23 82 3045450.506
23 83 3125560.634
23 84 7622815.982
23 85 3316882.981
23 86 1320557.563
23 87 4609408.601
23 88 3883736.124
23 89 3974563.729
23 90 4679517.449
23 91 3288338.347
23 92 2935417.977
23 93 6339334.22
23 94 6331501.21
23 95 4154010.438
23 96 1901356.064
23 97 4211560.91
23 98 1547738.865
23 99 54383.34828
24 25 8422562.735
24 26 4763874.561
24 27 4054017.103
24 28 1708659.292
24 29 6646196.805
24 30 6890097.388
24 31 4550934.431
24 32 8360988.773
24 33 3056508.192
24 34 6948808.841
24 35 6752817.319
24 36 10894909.38
24 37 5011375.364
24 38 6234773.441
24 39 1524290.64
24 40 3911330.451
24 41 5847407.162
24 42 3967417.143
24 43 8103516.253
24 44 7523650.946
24 45 9248389.643
24 46 4258518.505
24 47 6718292.635
24 48 2881924.446
24 49 5212504.494
24 50 7569107.164
24 51 9590820.848
24 52 7183352.427
24 53 6539396.744
24 54 4555998.39
24 55 4113450.433
24 56 10092675.01
24 57 9778662.943
24 58 5721750.954
24 59 6786675.123
24 60 893640.5101
24 61 7764626.14
24 62 6786163.081
24 63 9411314.936
24 64 3348538.715
24 65 5336569.377
24 66 10730085.83
24 67 7105437.93
24 68 5811740.195
24 69 7401722.156
24 70 8508338.816
24 71 3483792.679
24 72 4742423.849
24 73 4938558.562
24 74 7624286.396
24 75 7752484.625
24 76 6345698.268
24 77 8600054.317
24 78 2583812.674
24 79 9069898.907
24 80 9190602.231
24 81 4109672.039
24 82 5465680.24
24 83 8631984.474
24 84 4274553.828
24 85 9074780.163
24 86 7561625.76
24 87 7618395.096
24 88 8205844.592
24 89 2390815.836
24 90 9704574.488
24 91 4652817.541
24 92 7427532.212
24 93 2686938.82
24 94 8672713.678
24 95 4034015.969
24 96 7753042.66
24 97 2232661.722
24 98 7287709.022
24 99 6312784.457
25 26 8357330.603
25 27 8184945.989
25 28 7375504.896
25 29 3505923.777
25 30 6913610.725
25 31 7741732.153
25 32 4002557.275
25 33 5684301.705
25 34 3831141.578
25 35 5587551.212
25 36 9247796.219
25 37 9954787.048
25 38 11437015
25 39 7247584.691
25 40 6033411.439
25 41 5660233.477
25 42 4789853.822
25 43 7462464.32
25 44 1025336.56
25 45 8046468.215
25 46 8330325.785
25 47 3882063.791
25 48 6867544.169
25 49 11007755.69
25 50 6397790.48
25 51 1553030.196
25 52 5082004.259
25 53 11127485.06
25 54 4019461.953
25 55 5371527.942
25 56 1988308.217
25 57 9603704.264
25 58 10765480.16
25 59 4324979.393
25 60 7548542.713
25 61 4086221.071
25 62 2009439.25
25 63 6658637.738
25 64 10036040.3
25 65 10060294.55
25 66 9320155.245
25 67 4595041.168
25 68 10768385.47
25 69 1226030.142
25 70 2989122.682
25 71 6495634.641
25 72 3684349.444
25 73 3488318.157
25 74 5344597.625
25 75 866886.2414
25 76 11465913.22
25 77 4524979.36
25 78 6493163.414
25 79 6974955.874
25 80 1136251.676
25 81 5710404.324
25 82 3201521.801
25 83 5086913.327
25 84 10624711.5
25 85 4888737.876
25 86 3039438.151
25 87 7546578.078
25 88 6476363.584
25 89 6049977.679
25 90 6633253.677
25 91 3992295.591
25 92 1147091.732
25 93 9180122.13
25 94 9246969.136
25 95 7252498.015
25 96 1415964.773
25 97 6773397.187
25 98 1648790.717
25 99 3138518.531
26 27 709917.4845
26 28 3300856.949
26 29 5069323.64
26 30 2927571.535
26 31 621877.0098
26 32 6036069.036
26 33 3727047.032
26 34 5001383.356
26 35 3653660.719
26 36 6503522.706
26 37 1657587.43
26 38 3081988.212
26 39 5451763.498
26 40 7274467.266
26 41 2993968.295
26 42 6213368.522
26 43 3925350.904
26 44 7894952.103
26 45 4982478.416
26 46 515917.8986
26 47 4829124.355
26 48 2437044.716
26 49 2822299.674
26 50 3892251.286
26 51 8822995.851
26 52 4335345.493
26 53 2810885.979
26 54 6172963.462
26 55 3177866.428
26 56 9247531.86
26 57 5142693.175
26 58 2415887.266
26 59 4553811.02
26 60 4406187.028
26 61 5445940.359
26 62 6349045.024
26 63 5753943.909
26 64 2872181.744
26 65 1709799.719
26 66 6291148.37
26 67 4592407.818
26 68 2412855.626
26 69 7131962.412
26 70 6756804.605
26 71 2287811.185
26 72 5531121.844
26 73 5860761.659
26 74 4558426.423
26 75 7493405.519
26 76 3108604.156
26 77 5975948.498
26 78 3128614.239
26 79 5219826.643
26 80 8565655.106
26 81 2787694.006
26 82 6807620.175
26 83 5697710.93
26 84 2863849.405
26 85 6275375.742
26 86 5935507.441
26 87 3358973.333
26 88 4508707.265
26 89 4407100.251
26 90 6103853.527
26 91 6350679.732
26 92 7862089.137
26 93 2591135.546
26 94 3993227.558
26 95 1255264.865
26 96 7092742.601
26 97 3228248.585
26 98 6735493.474
26 99 5248795.956
27 28 2610931.147
27 29 5048474.874
27 30 3383677.838
27 31 726510.794
27 32 6200248.752
27 33 3208525.6
27 34 5051604.606
27 35 3900954.065
27 36 7123742.377
27 37 1797469.912
27 38 3324007.858
27 39 4768312.832
27 40 6661338.149
27 41 3129632.924
27 42 5679211.273
27 43 4469285.072
27 44 7646892.09
27 45 5562606.205
27 46 229670.6623
27 47 4859129.163
27 48 1842281.002
27 49 2827901.119
27 50 4300581.145
27 51 8770679.797
27 52 4553485.126
27 53 3203262.14
27 54 5706632.458
27 55 2862080.626
27 56 9215076.038
27 57 5818043.098
27 58 2647243.505
27 59 4642762.915
27 60 3708022.669
27 61 5590458.551
27 62 6179352.613
27 63 6198098.559
27 64 2418088.704
27 65 1970379.157
27 66 6921629.332
27 67 4745065.176
27 68 2673882.626
27 69 6960935.354
27 70 6829785.602
27 71 1832502.795
27 72 5141180.913
27 73 5468619.723
27 74 4836738.739
27 75 7330676.412
27 76 3375958.026
27 77 6199661.902
27 78 2533788.633
27 79 5700816.692
27 80 8485389.184
27 81 2492267.554
27 82 6396821.917
27 83 5980048.677
27 84 2620630.671
27 85 6542570.197
27 86 5960025.085
27 87 3915936.905
27 88 4938825.027
27 89 3803284.004
27 90 6540425.941
27 91 5881377.82
27 92 7604041.482
27 93 1982661.737
27 94 4677741.041
27 95 933891.6122
27 96 6983650.778
27 97 2590653.073
27 98 6597839.572
27 99 5139816.524
28 29 5134892.821
28 30 5190312.828
28 31 2974632.513
28 32 6778933.603
28 33 1698965.214
28 34 5384853.218
28 35 5056890.063
28 36 9205849.906
28 37 3980147.971
28 38 5412062.619
28 39 2159232.967
28 40 4221844.055
28 41 4149309.336
28 42 3594674.727
28 43 6407458.41
28 44 6583870.542
28 45 7553075.205
28 46 2836257.818
28 47 5154702.491
28 48 1174151.648
28 49 4537577.251
28 50 5860597.991
28 51 8375071.744
28 52 5512222.501
28 53 5538571.005
28 54 3916683.247
28 55 2513328.648
28 56 8868638.657
28 57 8147064.827
28 58 4800396.468
28 59 5174000.955
28 60 1118029.883
28 61 6169087.23
28 62 5554305.771
28 63 7707869.479
28 64 2952698.625
28 65 4267369.048
28 66 9047830.469
28 67 5466960.94
28 68 4868463.085
28 69 6250186.632
28 70 7030950.579
28 71 1776467.528
28 72 3758183.815
28 73 4029442.39
28 74 5942391.783
28 75 6619782.887
28 76 5502615.716
28 77 6980207.4
28 78 979265.0881
28 79 7361370.71
28 80 8002961.235
28 81 2448267.872
28 82 4780194.728
28 83 6975878.851
28 84 3778135.955
28 85 7440197.463
28 86 6079009.886
28 87 5933314.526
28 88 6498065.575
28 89 1585199.365
28 90 8004661.259
28 91 4062073.45
28 92 6505311.453
28 93 2067574.621
28 94 7067596.753
28 95 2388419.342
28 96 6505668.913
28 97 633931.3818
28 98 6049340.108
28 99 4891314.104
29 30 3422293.425
29 31 4484188.393
29 32 1803036.517
29 33 3593162.355
29 34 505974.7265
29 35 2110048.81
29 36 6342798.449
29 37 6719591.458
29 38 8132004.63
29 39 6016350.709
29 40 6067130.367
29 41 2185945.915
29 42 4471857.919
29 43 4107794.375
29 44 3399663.301
29 45 4890292.221
29 46 5148512.019
29 47 414870.8583
29 48 4225177.328
29 49 7848739.406
29 50 3030471.359
29 51 3754917.646
29 52 1725997.889
29 53 7747302.414
29 54 3796760.154
29 55 2643644.259
29 56 4179533.531
29 57 6327051.964
29 58 7477622.284
29 59 878105.4982
29 60 5774812.151
29 61 1318450.122
29 62 1696220.777
29 63 3906990.136
29 64 7225856.211
29 65 6774055.803
29 66 6343301.479
29 67 1255477.349
29 68 7465392.504
29 69 2364128.172
29 70 1902706.772
29 71 3679153.191
29 72 2845364.621
29 73 2998850.853
29 74 2121593.092
29 75 2660597.043
29 76 8145740.645
29 77 2189973.964
29 78 4155942.135
29 79 3985300.512
29 80 3515126.23
29 81 2829763.126
29 82 3686875.559
29 83 2489241.576
29 84 7639913.181
29 85 2709140.673
29 86 957224.7503
29 87 4105044.876
29 88 3277988.255
29 89 4421308.372
29 90 4036997.958
29 91 3921946.72
29 92 3423475.046
29 93 6466964.078
29 94 5825741.422
29 95 4135577.259
29 96 2118050.038
29 97 4507760.475
29 98 1875895.694
29 99 653301.6055
30 31 2662309.703
30 32 3592056.496
30 33 4560518.007
30 34 3089910.857
30 35 1328845.673
30 36 4028936.47
30 37 4396869.126
30 38 5475895.014
30 39 7021992.62
30 40 8120855.8
30 41 1555416.995
30 42 6673884.941
30 43 1222173.941
30 44 6798308.669
30 45 2366390.974
30 46 3320838.929
30 47 3032783.66
30 48 4019570.419
30 49 5578280.581
30 50 991636.4685
30 51 6902641.486
30 52 1930062.273
30 53 4904952.574
30 54 6279370.533
30 55 3382639.113
30 56 7239012.924
30 57 3265795.709
30 58 4921675.918
30 59 2590330.279
30 60 6244916.62
30 61 3122390.459
30 62 5088510.863
30 63 2827642.075
30 64 5774901.151
30 65 4300379.897
30 66 3890981.695
30 67 2375308.347
30 68 4868974.008
30 69 5785971.284
30 70 4543961.949
30 71 3453875.251
30 72 5364133.045
30 73 5650220.943
30 74 1915399.933
30 75 6079532.746
30 76 5448345.44
30 77 3366744.609
30 78 4484740.56
30 79 2317562.958
30 80 6758704.639
30 81 3126118.712
30 82 6560618.097
30 83 2959233.916
30 84 5777429.277
30 85 3546702.885
30 86 3973194.228
30 87 841325.6315
30 88 1582555.539
30 89 5524815.683
30 90 3176519.785
30 91 6449564.878
30 92 6810928.056
30 93 5349877.929
30 94 2493145.416
30 95 2924767.77
30 96 5504895.742
30 97 4776781.713
30 98 5297523.446
30 99 3920020.421
31 32 5533989.436
31 33 3182751.172
31 34 4441853.499
31 35 3198473.727
31 36 6464531.649
31 37 2237468.755
31 38 3695300.924
31 39 5084162.975
31 40 6787462.34
31 41 2466486.323
31 42 5664900.709
31 43 3769653.322
31 44 7273271.448
31 45 4877997.112
31 46 716120.4851
31 47 4261164.672
31 48 1980375.001
31 49 3370432.184
31 50 3574088.793
31 51 8232865.468
31 52 3862435.814
31 53 3431843.803
31 54 5589928.947
31 55 2563572.012
31 56 8663610.347
31 57 5235097.6
31 58 3024968.216
31 59 4009956.439
31 60 4092650.871
31 61 4932004.158
31 62 5732761.123
31 63 5472454.136
31 64 3142350.864
31 65 2319107.875
31 66 6272556.475
31 67 4080911.404
31 68 3026671.017
31 69 6515976.076
31 70 6210102.394
31 71 1731626.777
31 72 4924992.078
31 73 5254590.172
31 74 4127947.907
31 75 6878729.011
31 76 3725319.93
31 77 5509816.344
31 78 2653757.604
31 79 4979863.152
31 80 7967849.729
31 81 2172050.146
31 82 6204801.925
31 83 5271920.106
31 84 3289864.79
31 85 5839223.839
31 86 5367745.145
31 87 3225151.298
31 88 4212800.366
31 89 3924819.845
31 90 5814290.3
31 91 5768462.46
31 92 7240240.172
31 93 2690143.365
31 94 4121790.924
31 95 693430.6803
31 96 6487215.662
31 97 2802021.132
31 98 6124241.811
31 99 4641269.28
32 33 5333418.02
32 34 1416850.385
32 35 2419246.207
32 36 5245655.696
32 37 7675383.836
32 38 8940684.075
32 39 7806992.544
32 40 7821378.624
32 41 3071385.404
32 42 6229928.777
32 43 3719782.858
32 44 4339476.192
32 45 4103933.049
32 46 6245838.245
32 47 1645859.229
32 48 5764933.242
32 49 8855092.493
32 50 2768796.227
32 51 3496985.009
32 52 1727087.795
32 53 8434396.096
32 54 5516590.685
32 55 4267476.209
32 56 3752872.125
32 57 5705033.42
32 58 8332896.299
32 59 1626746.308
32 60 7507035.857
32 61 623227.2971
32 62 2915185.773
32 63 2657258.906
32 64 8542157.252
32 65 7657565.004
32 66 5318936.136
32 67 1455193.078
32 68 8298211.29
32 69 3236673.973
32 70 1078316.368
32 71 5168888.769
32 72 4595259.191
32 73 4707364.825
32 74 1687908.059
32 75 3360743.24
32 76 8929897.395
32 77 532875.4427
32 78 5812228.467
32 79 2993758.982
32 80 3466345.946
32 81 4360805.013
32 82 5265789.254
32 83 1084900.942
32 84 8817044.042
32 85 997342.7483
32 86 1209541.038
32 87 3967645.502
32 88 2628941.224
32 89 6200751.281
32 90 2654485.407
32 91 5625141.042
32 92 4408015.89
32 93 7866836.929
32 94 5536783.957
32 95 5370313.993
32 96 2690599.611
32 97 6168973.682
32 98 2770833.547
32 99 2359912.205
33 34 3916688.247
33 35 4022249.386
33 36 8539114.114
33 37 4936097.176
33 38 6461262.565
33 39 2578967.262
33 40 3670400.401
33 41 3180774.506
33 42 2486387.792
33 43 5758364.04
33 44 4920735.637
33 45 6874772.966
33 46 3424917.766
33 47 3687621.688
33 48 1413448.131
33 49 5756876.326
33 50 4986726.93
33 51 6680953.115
33 52 4319386.446
33 53 6408403.576
33 54 2518860.827
33 55 1234403.864
33 56 7176160.259
33 57 7775331.188
33 58 5797329.414
33 59 3804231.601
33 60 2181672.421
33 61 4751947.385
33 62 3858260.099
33 63 6679317.737
33 64 4451146.928
33 65 5155521.944
33 66 8427184.749
33 67 4160033.557
33 68 5839539.174
33 69 4551395.762
33 70 5452513.833
33 71 1451382.555
33 72 2130625.716
33 73 2430880.387
33 74 4790662.095
33 75 4921428.6
33 76 6528786.09
33 77 5608332.297
33 78 838442.2914
33 79 6447466.873
33 80 6305675.198
33 81 1434431.157
33 82 3283622.828
33 83 5702494.291
33 84 5162773.526
33 85 6100472.838
33 86 4505167.636
33 87 5387766.453
33 88 5571363.328
33 89 980518.8207
33 90 6935229.576
33 91 2689262.502
33 92 4848357.741
33 93 3566230.099
33 94 6821478.052
33 95 2490775.656
33 96 4813611.279
33 97 1089255.334
33 98 4355042.483
33 99 3264188.429
34 35 1761115.528
34 36 5846918.655
34 37 6658924.082
34 38 8027801.412
34 39 6399126.797
34 40 6546179.257
34 41 2029295.654
34 42 4951539.383
34 43 3679052.992
34 44 3820071.283
34 45 4416360.255
34 46 5130643.527
34 47 230735.6021
34 48 4408185.029
34 49 7811122.409
34 50 2601527.055
34 51 3895941.218
34 52 1279548.441
34 53 7602972.119
34 54 4290287.722
34 55 2871823.43
34 56 4284605.314
34 57 5881580.09
34 58 7386032.77
34 59 503800.3745
34 60 6091637.496
34 61 861167.7986
34 62 2140408.108
34 63 3401083.381
34 64 7308894.76
34 65 6688535.065
34 66 5852797.472
34 67 792117.0923
34 68 7366277.244
34 69 2749566.808
34 70 1780005.596
34 71 3830879.987
34 72 3332666.805
34 73 3496561.004
34 74 1639334.488
34 75 3013884.131
34 76 8033655.605
34 77 1740650.098
34 78 4412362.207
34 79 3488504.489
34 80 3705054.794
34 81 2998825.718
34 82 4192843.587
34 83 1996764.286
34 84 7666175.119
34 85 2255938.403
34 86 944258.2308
34 87 3720227.303
34 88 2802578.878
34 89 4788188.876
34 90 3532371.527
34 91 4418695.823
34 92 3852943.861
34 93 6585737.725
34 94 5431031.756
34 95 4165991.668
34 96 2417833.07
34 97 4768359.754
34 98 2248571.555
34 99 1159125.621
35 36 4641893.728
35 37 5273571.611
35 38 6521476.952
35 39 6594313.29
35 40 7333727.692
35 41 908539.2085
35 42 5802672.15
35 43 2076538.334
35 44 5504598.664
35 45 3033127.551
35 46 3914256.182
35 47 1711413.509
35 48 3910659.507
35 49 6458538.822
35 50 1056999.032
35 51 5596661.552
35 52 692626.7086
35 53 6023520.444
35 54 5302509.031
35 55 2788373.732
35 56 5949248.439
35 57 4309914.151
35 58 5915169.963
35 59 1262677.075
35 60 5995820.141
35 61 1876298.223
35 62 3795376.252
35 63 2673034.526
35 64 6303734.65
35 65 5243807.506
35 66 4577982.473
35 67 1067812.891
35 68 5879450.378
35 69 4472636.975
35 70 3281620.426
35 71 3290504.861
35 72 4346206.599
35 73 4600785.371
35 74 944113.751
35 75 4758293.585
35 76 6511267.468
35 77 2322296.999
35 78 4191504.233
35 79 2432078.015
35 80 5439247.108
35 81 2672708.668
35 82 5459813.389
35 83 2081700.562
35 84 6484493.984
35 85 2641785.007
35 86 2652192.648
35 87 2001155.526
35 88 1562106.535
35 89 4999991.714
35 90 2953847.58
35 91 5461986.263
35 92 5523503.702
35 93 5719871.875
35 94 3723929.438
35 95 3170201.36
35 96 4177123.936
35 97 4530104.069
35 98 3979818.681
35 99 2647958.102
36 37 7495438.648
36 38 7959809.789
36 39 11042540.22
36 40 11972270.7
36 41 5377490.899
36 42 10444042.6
36 43 2806816.715
36 44 9530943.081
36 45 1667567.415
36 46 6993506.011
36 47 5944574.133
36 48 8040515.078
36 49 8517211.136
36 50 3596665.148
36 51 8563353.419
36 52 4675535.881
36 53 7213936.511
36 54 9922494.149
36 55 7322773.504
36 56 8688867.861
36 57 1785200.792
36 58 7652490.503
36 59 5517201.904
36 60 10271536.64
36 61 5258571.896
36 62 7945625.918
36 63 2589394.968
36 64 9316787.86
36 65 7263069.373
36 66 291364.4627
36 67 5100712.826
36 68 7558418.389
36 69 8421055.915
36 70 6278846.011
36 71 7482435.569
36 72 8956413.622
36 73 9189367.474
36 74 4230633.684
36 75 8586365.78
36 76 7875995.956
36 77 4723661.928
36 78 8512579.843
36 79 2358500.059
36 80 8625057.958
36 81 7112660.8
36 82 9989154.335
36 83 4162814.513
36 84 9050118.536
36 85 4403287.937
36 86 6317548.939
36 87 3277194.23
36 88 3121447.223
36 89 9515333.516
36 90 2653649.202
36 91 10076258.33
36 92 9586481.944
36 93 9090338.96
36 94 2798069.152
36 95 6876021.431
36 96 7917997.829
36 97 8805556.169
36 98 7928769.311
36 99 6988579.007
37 38 1532053.847
37 39 6073464.063
37 40 8191958.752
37 41 4649077.769
37 42 7360285.324
37 43 5210447.246
37 44 9439299.763
37 45 6143250.602
37 46 1628935.225
37 47 6485729.577
37 48 3527506.206
37 49 1188464.092
37 50 5387243.163
37 51 10470080.15
37 52 5962224.905
37 53 1561169.567
37 54 7453135.287
37 55 4658451.815
37 56 10899055.3
37 57 5909714.646
37 58 861439.9853
37 59 6210435.68
37 60 4946043.653
37 61 7092333.39
37 62 7945800.96
37 63 7168078.499
37 64 2063506.954
37 65 335742.7697
37 66 7248348.34
37 67 6239228.829
37 68 906828.5728
37 69 8728987.254
37 70 8413214.878
37 71 3618617.944
37 72 6927812.255
37 73 7253806.036
37 74 6152667.443
37 75 9095519.546
37 76 1593458.251
37 77 7591155.007
37 78 4187971.739
37 79 6586108.625
37 80 10204731.84
37 81 4285103.399
37 82 8172758.597
37 83 7279800.864
37 84 1562969.943
37 85 7863932.301
37 86 7592346.615
37 87 4641595.648
37 88 5964225.128
37 89 5402613.966
37 90 7523841.567
37 91 7624815.55
37 92 9398117.177
37 93 2352889.204
37 94 4754208.112
37 95 2712774.399
37 96 8719990.478
37 97 4158400.602
37 98 8349646.009
37 99 6873090.963
38 39 7432902.346
38 40 9633502.002
38 41 5999132.908
38 42 8866950.22
38 43 6064285.893
38 44 10949307.64
38 45 6829640.827
38 46 3144134.673
38 47 7869533.887
38 48 5049595.167
38 49 1086385.728
38 50 6455945.774
38 51 11886425.31
38 52 7213658.157
38 53 760979.8287
38 54 8979721.623
38 55 6178741.353
38 56 12300931.54
38 57 6234901.433
38 58 677644.5491
38 59 7558629.133
38 60 6300849.672
38 61 8384095.364
38 62 9427942.567
38 63 8091477.155
38 64 2950582.052
38 65 1377555.497
38 66 7687683.357
38 67 7539409.295
38 68 669143.1347
38 69 10211211.54
38 70 9748595.885
38 71 5149988.921
38 72 8459591.602
38 73 8785735.715
38 74 7340147.329
38 75 10573963.59
38 76 129289.3083
38 77 8799277.07
38 78 5699407.099
38 79 7470022.579
38 80 11639092.33
38 81 5800817.958
38 82 9704516.283
38 83 8430162.005
38 84 2078112.474
38 85 9018329.015
38 86 8970114.666
38 87 5525680.267
38 88 6968555.015
38 89 6889419.898
38 90 8446263.875
38 91 9150524.609
38 92 10910989.24
38 93 3558012.487
38 94 5163564.645
38 95 4225366.03
38 96 10173218.43
38 97 5647580.181
38 98 9817447.794
38 99 8330391.163
39 40 2395463.535
39 41 5734173.656
39 42 2569671.213
39 43 8240061.975
39 44 6293175.901
39 45 9375035.743
39 46 4994527.819
39 47 6176217.068
39 48 3135156.293
39 49 6473575.356
39 50 7534930.38
39 51 8532806.336
39 52 6895776.526
39 53 7633749.193
39 54 3254842.082
39 55 3807551.441
39 56 9034845.445
39 57 10137687.1
39 58 6859469.46
39 59 6344147.216
39 60 1132347.47
39 61 7253722.737
39 62 5808952.581
39 63 9256979.967
39 64 4683509.132
39 65 6376326.641
39 66 10912648.52
39 67 6717121.672
39 68 6937098.068
39 69 6332252.166
39 70 7770981.478
39 71 3602640.854
39 72 3657969.994
39 73 3784204.212
39 74 7368808.283
39 75 6658153.155
39 76 7533603.573
39 77 8125243.794
39 78 2551988.75
39 79 9010973.948
39 80 8114043.259
39 81 3949557.399
39 82 4146176.634
39 83 8257725.267
39 84 5595853.015
39 85 8628616.54
39 86 6856385.115
39 87 7821345.82
39 88 8133983.431
39 89 1623164.995
39 90 9514195.895
39 91 3320107.768
39 92 6187923.199
39 93 3901761.024
39 94 9102861.962
39 95 4447430.18
39 96 6761605.77
39 97 2309053.583
39 98 6300494.524
39 99 5567143.309
40 41 6623675.809
40 42 1595274.317
40 43 9270227.812
40 44 5008780.845
40 45 10337460.59
40 46 6890237.246
40 47 6360917.909
40 48 4837635.821
40 49 8735272.479
40 50 8375803.031
40 51 7515311.976
40 52 7417452.101
40 53 9743544.86
40 54 2324914.961
40 55 4746249.88
40 56 7992786.471
40 57 11378260.59
40 58 9020553.55
40 59 6675692.193
40 60 3437361.94
40 61 7385521.359
40 62 5197622.552
40 63 9823838.574
40 64 7015216.92
40 65 8468075.58
40 66 11894591.41
40 67 7098248.713
40 68 9086561.595
40 69 5450160.056
40 70 7457083.739
40 71 5085638.007
40 72 3227273.09
40 73 3130121.932
40 74 7900287.271
40 75 5686214.718
40 76 9724456.854
40 77 8251868.444
40 78 4146075.415
40 79 9730289.817
40 80 7078298.883
40 81 5047205.958
40 82 2884843.021
40 83 8540539.771
40 84 7908387.421
40 85 8770794.115
40 86 6679420.01
40 87 8961128.155
40 88 8883138.895
40 89 2867616.436
40 90 10014234.73
40 91 2247755.953
40 92 4887943.812
40 93 6187825.771
40 94 10468257.19
40 95 6097266.004
40 96 6015609.156
40 97 4074475.919
40 98 5609553.935
40 99 5464041.166
41 42 5143021.726
41 43 2647621.472
41 44 5411380.471
41 45 3723786.394
41 46 3175694.111
41 47 1880547.458
41 48 3002264.967
41 49 5815035.042
41 50 1805955.141
41 51 5910777.983
41 52 1457419.694
41 53 5578547.165
41 54 4726349.553
41 55 1951511.973
41 56 6310608.386
41 57 4807341.321
41 58 5360197.571
41 59 1563351.679
41 60 5099594.805
41 61 2465811.351
41 62 3724332.633
41 63 3567966.133
41 64 5494048.883
41 65 4665484.075
41 66 5282266.403
41 67 1616416.805
41 68 5338656.313
41 69 4471638.381
41 70 3764667.06
41 71 2381979.677
41 72 3808781.14
41 73 4096309.265
41 74 1825375.957
41 75 4799641.858
41 76 6004399.665
41 77 3085629.816
41 78 3294489.484
41 79 3277957.031
41 80 5693186.578
41 81 1789576.005
41 82 5012864.394
41 83 2932143.215
41 84 5745683.769
41 85 3464427.536
41 86 2972861.09
41 87 2386409.209
41 88 2401108.587
41 89 4161240.493
41 90 3857189.492
41 91 4895719.134
41 92 5410059.649
41 93 4867400.755
41 94 4038519.389
41 95 2327867.589
41 96 4297024.137
41 97 3629103.618
41 98 4012285.947
41 99 2544048.896
42 43 7786585.032
42 44 3795819.003
42 45 8826450.919
42 46 5899774.935
42 47 4767880.117
42 48 3846477.824
42 49 8079193.821
42 50 6854145.917
42 51 6182095.879
42 52 5847792.971
42 53 8865080.854
42 54 801350.7457
42 55 3361433.966
42 56 6675589.605
42 57 9939636.052
42 58 8216583.445
42 59 5090505.662
42 60 3214037.671
42 61 5790257.328
42 62 3679708.274
42 63 8246600.092
42 64 6545317.678
42 65 7599813.731
42 66 10378447.8
42 67 5514924.708
42 68 8267111.711
42 69 4029707.524
42 70 5900064.813
42 71 3933906.076
42 72 1634687.311
42 73 1566559.028
42 74 6328352.498
42 75 4309216.518
42 76 8943111.049
42 77 6657103.79
42 78 3172659.728
42 79 8174231.356
42 80 5749639.09
42 81 3706481.709
42 82 1606116.131
42 83 6946653.897
42 84 7367577.329
42 85 7176125.099
42 86 5098444.527
42 87 7514651.132
42 88 7337900.544
42 89 2014671.757
42 90 8429892.051
42 91 797984.9563
42 92 3683653.597
42 93 5662235.272
42 94 9085167.136
42 95 4974773.355
42 96 4552686.441
42 97 3229949.851
42 98 4122125.673
42 99 3871041.071
43 44 7497378.617
43 45 1145679.088
43 46 4373342.695
43 47 3693733.9
43 48 5238649.732
43 49 6351520.738
43 50 1078318.053
43 51 7202549.798
43 52 2399865.484
43 53 5404301.88
43 54 7337619.922
43 55 4559304
43 56 7472620.566
43 57 2234707.436
43 58 5593997.662
43 59 3229756.722
43 60 7466441.593
43 61 3419069.456
43 62 5803030.877
43 63 2034489.955
43 64 6797080.268
43 65 5052297.597
43 66 2673508.886
43 67 2889279.937
43 68 5522612.293
43 69 6426842.849
43 70 4777646.464
43 71 4675981.42
43 72 6394433.797
43 73 6660366.152
43 74 2125662.974
43 75 6676581.821
43 76 6013627.367
43 77 3342361.434
43 78 5706145.62
43 79 1405762.092
43 80 7129715.625
43 81 4325603.938
43 82 7532760.025
43 83 2805929.864
43 84 6689415.712
43 85 3339201.826
43 86 4427212.683
43 87 572120.2729
43 88 1117402.391
43 89 6729044.969
43 90 2386468.673
43 91 7502001
43 92 7526847.392
43 93 6451728.075
43 94 1818746.973
43 95 4109475.512
43 96 6049843.26
43 97 5998946.588
43 98 5924409.56
43 99 4693309.27
44 45 8205153.207
44 46 7810915.688
44 47 3809606.677
44 48 6190599.525
44 49 10441388.85
44 50 6419126.641
44 51 2549438.259
44 52 5099344.158
44 53 10698490.2
44 54 3043669.775
44 55 4788253.764
44 56 3004660.387
44 57 9699971.086
44 58 10272556.34
44 59 4273146.065
44 60 6664148.92
44 61 4275204.761
44 62 1710276.658
44 63 6965599.262
44 64 9344550.289
44 65 9573564.057
44 66 9573282.996
44 67 4611983.149
44 68 10285173.03
44 69 1110091.782
44 70 3453885.534
44 71 5884003.162
44 72 2832484.808
44 73 2593919.264
44 74 5436245.457
44 75 1018526.854
44 76 10988275.05
44 77 4872239.169
44 78 5750504.151
44 79 7198381.368
44 80 2117435.626
44 81 5154840.036
44 82 2195149.185
44 83 5393161.663
44 84 9987244.454
44 85 5300936.742
44 86 3213398.231
44 87 7503548.08
44 88 6598445.382
44 89 5181131.013
44 90 6990980.249
44 91 3001815.053
44 92 122709.7274
44 93 8471020.193
44 94 9225056.266
44 95 6727039.159
44 96 1666323.157
44 97 6004521.813
44 98 1604811.17
44 99 2883199.498
45 46 5451499.539
45 47 4479111.422
45 48 6384298.813
45 49 7239947.032
45 50 1976294.593
45 51 7579256.318
45 52 3172093.126
45 53 6122233.471
45 54 8335388.521
45 55 5662531.863
45 56 7784897.384
45 57 1622239.01
45 58 6427699.793
45 59 4028678.812
45 60 8611305.368
45 61 3963871.026
45 62 6553989.179
45 63 1718765.327
45 64 7840824.073
45 65 5949748.352
45 66 1558567.174
45 67 3635037.227
45 68 6345234.565
45 69 7106303.075
45 70 5180924.076
45 71 5819933.413
45 72 7377007.706
45 73 7625159.296
45 74 2777924.566
45 75 7315455.572
45 76 6763517.582
45 77 3632739.669
45 78 6846886.269
45 79 1149954.758
45 80 7569633.394
45 81 5446538.435
45 82 8460396.414
45 83 3050598.416
45 84 7665126.075
45 85 3462067.46
45 86 5025412.524
45 87 1654268.367
45 88 1613792.579
45 89 7849871.245
45 90 1990341.383
45 91 8494154.423
45 92 8247979.564
45 93 7543379.485
45 94 1890925.848
45 95 5246596.233
45 96 6661085.024
45 97 7142474.359
45 98 6604192.307
45 99 5516634.448
46 47 4943810.726
46 48 2067697.208
46 49 2703882.619
46 50 4258428.768
46 51 8883997.59
46 52 4578408.521
46 53 2994865.553
46 54 5916268.611
46 55 3034610.197
46 56 9323049.75
46 57 5654623.75
46 58 2466490.862
46 59 4709067.512
46 60 3929712.566
46 61 5641376.16
46 62 6322261.096
46 63 6145241.965
46 64 2454991.664
46 65 1778545.141
46 66 6785817.624
46 67 4791678.8
46 68 2487169.711
46 69 7105004.295
46 70 6904685.42
46 71 2032481.496
46 72 5335407.162
46 73 5663623.499
46 74 4842136.899
46 75 7472905.059
46 76 3190968.643
46 77 6225814.081
46 78 2760102.986
46 79 5632782.82
46 80 8606310.934
46 81 2657915.236
46 82 6596331.432
46 83 5986069.097
46 84 2574300.606
46 85 6554511.57
46 86 6048350.457
46 87 3813407.973
46 88 4889732.154
46 89 4031129.913
46 90 6490860.038
46 91 6091644.138
46 92 7770454.068
46 93 2097139.857
46 94 4507397.928
46 95 1083945.832
46 96 7111244.75
46 97 2820145.662
46 98 6732741.816
46 99 5264911.105
47 48 4182472.667
47 49 7631593.602
47 50 2616112.202
47 51 4030289.499
47 52 1311841.732
47 53 7459032.437
47 54 4121896.881
47 55 2641880.77
47 56 4432581.531
47 57 5912194.661
47 58 7223185.937
47 59 464149.0811
47 60 5861702.225
47 61 1078281.06
47 62 2109433.308
47 63 3538350.673
47 64 7099678.647
47 65 6523290.608
47 66 5940005.958
47 67 846989.3689
47 68 7205960.326
47 69 2762706.228
47 70 1983684.389
47 71 3608354.826
47 72 3158408.107
47 73 3335730.601
47 74 1716763.512
47 75 3047433.558
47 76 7878134.446
47 77 1955052.791
47 78 4181885.099
47 79 3589528.945
47 80 3819885.386
47 81 2773384.688
47 82 4062558.644
47 83 2180462.753
47 84 7469556.005
47 85 2467130.95
47 86 1106836.085
47 87 3699244.479
47 88 2868098.584
47 89 4563322.47
47 90 3686221.215
47 91 4254921.183
47 92 3835312.854
47 93 6369749.617
47 94 5418195.026
47 95 3965842.223
47 96 2478817.293
47 97 4537823.302
47 98 2268506.322
47 99 1044339.334
48 49 4351230.91
48 50 4689597.808
48 51 7699245.318
48 52 4400191.68
48 53 5018764.991
48 54 3932062.801
48 55 1598388.771
48 56 8178446.767
48 57 7026407.936
48 58 4388015.266
48 59 4140830.314
48 60 2237061.022
48 61 5145419.895
48 62 4929644.886
48 63 6546652.897
48 64 3168496.261
48 65 3756156.845
48 66 7887130.219
48 67 4397924.163
48 68 4432764.356
48 69 5678980.065
48 70 6125391.074
48 71 621388.0087
48 72 3488187.361
48 73 3803276.434
48 74 4814046.338
48 75 6055090.217
48 76 5118730.875
48 77 5922574.206
48 78 693725.011
48 79 6190098.641
48 80 7358275.524
48 81 1409394.55
48 82 4686213.356
48 83 5876364.428
48 84 3803556.564
48 85 6363605.484
48 86 5182232.22
48 87 4773098.765
48 88 5329275.549
48 89 1970887.112
48 90 6848494.434
48 91 4101769.706
48 92 6129647.77
48 93 2321894.108
48 94 5972938.933
48 95 1317111.284
48 96 5837176.118
48 97 828872.9244
48 98 5402001.615
48 99 4091577.693
49 50 6569544.241
49 51 11587817.15
49 52 7145918.848
49 53 1669556.135
49 54 8264223.724
49 55 5655967.636
49 56 12025668.31
49 57 6862523.325
49 58 912018.5151
49 59 7371896.785
49 60 5347350.808
49 61 8267730.261
49 62 9004616.989
49 63 8331263.226
49 64 1886576.207
49 65 1299223.155
49 66 8258785.675
49 67 7414218.824
49 68 1022475.505
49 69 9785181.805
49 70 9574596.517
49 71 4561973.35
49 72 7830162.537
49 73 8149365.5
49 74 7340833.133
49 75 10155966.63
49 76 1212619.357
49 77 8777672.599
49 78 4953106.16
49 79 7739543.678
49 80 11309217.79
49 81 5301218.241
49 82 9037108.186
49 83 8468253.454
49 84 993249.7404
49 85 9052386.572
49 86 8738167.291
49 87 5787294.44
49 88 7139126.317
49 89 6073275.114
49 90 8687526.659
49 91 8429093.933
49 92 10392773.73
49 93 2572094.521
49 94 5733896.693
49 95 3761688.058
49 96 9810671.835
49 97 4850773.048
49 98 9425663.94
49 99 7965649.572
50 51 6203491.506
50 52 1323310.969
50 53 5868079.322
50 54 6359506.75
50 55 3756599.812
50 56 6500089.915
50 57 3300850.94
50 58 5909887.67
50 59 2152368.597
50 60 6860349.432
50 61 2394792.407
50 62 4725128.79
50 63 1908385.766
50 64 6711504.77
50 65 5291884.275
50 66 3524316.422
50 67 1813189.324
50 68 5855477.095
50 69 5350313.607
50 70 3791352.844
50 71 4086198.385
50 72 5402632.217
50 73 5654784.207
50 74 1098747.275
50 75 5604121.569
50 76 6424966.369
50 77 2468547.962
50 78 5061238.749
50 79 1500797.559
50 80 6106558.491
50 81 3585584.948
50 82 6504262.312
50 83 2009253.044
50 84 6751940.654
50 85 2590822.124
50 86 3370620.735
50 87 1201537.571
50 88 650518.5651
50 89 5967180.083
50 90 2243399.959
50 91 6518856.438
50 92 6448549.17
50 93 6236979.833
50 94 2852370.908
50 95 3736962.396
50 96 4983078.947
50 97 5382571.728
50 98 4848305.963
50 99 3622389.983
51 52 4975675.632
51 53 11488960.4
51 54 5388305.653
51 55 6119377.988
51 56 502826.0536
51 57 9191702.855
51 58 11232529.39
51 59 4391487.995
51 60 8700709.409
51 61 3811113.375
51 62 2823619.266
51 63 6012969.316
51 64 10831028.87
51 65 10528812.76
51 66 8678991.524
51 67 4531400.206
51 68 11220123.98
51 69 2201674.523
51 70 2425806.384
51 71 7240116.225
51 72 4882984.067
51 73 4751952.218
51 74 5104965.319
51 75 1880337.824
51 76 11899041.91
51 77 3946612.135
51 78 7435163.723
51 79 6445467.007
51 80 437042.0505
51 81 6402894.702
51 82 4641951.597
51 83 4528693.719
51 84 11324127.52
51 85 4173232.515
51 86 2958013.666
51 87 7401920.41
51 88 6124185.976
51 89 7200142.135
51 90 5909958.604
51 91 5388388.865
51 92 2671985.161
51 93 10015856.18
51 94 9021256.985
51 95 7844006.522
51 96 1870887.268
51 97 7749157.747
51 98 2325959.675
51 99 3648082.597
52 53 6710938.017
52 54 5273547.475
52 55 3111149.132
52 56 5308980.834
52 57 4605180.054
52 58 6607759.108
52 59 856674.5081
52 60 6388839.931
52 61 1200286.775
52 62 3412477.785
52 63 2413247.89
52 64 6940535.452
52 65 5935658.221
52 66 4654538.652
52 67 489919.9787
52 68 6572060.701
52 69 4027172.662
52 70 2618632.333
52 71 3780122.564
52 72 4303009.568
52 73 4522081.681
52 74 485017.9075
52 75 4281983.697
52 76 7202859.333
52 77 1647418.894
52 78 4600899.008
52 79 2343153.623
52 80 4844506.627
52 81 3073714.132
52 82 5314420.117
52 83 1481577.264
52 84 7152156.243
52 85 2007125.449
52 86 2072867.996
52 87 2469813.446
52 88 1567948.473
52 89 5278047.431
52 90 2634701.602
52 91 5421080.351
52 92 5131050.353
52 93 6324695.646
52 94 4165255.233
52 95 3782241.936
52 96 3666190.789
52 97 4950691.334
52 98 3525029.825
52 99 2344669.172
53 54 8909782.69
53 55 5983958.656
53 56 11887445.5
53 57 5480633.173
53 58 845400.5932
53 59 7120225.262
53 60 6505286.236
53 61 7898354.999
53 62 9125687.351
53 63 7438048.298
53 64 3387248.946
53 65 1275888.585
53 66 6939822.161
53 67 7065536.78
53 68 741473.3717
53 69 9905839.042
53 70 9286709.082
53 71 5026563.858
53 72 8320351.325
53 73 8649438.953
53 74 6800062.475
53 75 10260989.53
53 76 664454.336
53 77 8260284.037
53 78 5696437.589
53 79 6808088.702
53 80 11262424.73
53 81 5595634.591
53 82 9587499.035
53 83 7863600.452
53 84 2602365.086
53 85 8450456.488
53 86 8547159.677
53 87 4880933.04
53 88 6350336.442
53 89 6934261.098
53 90 7790738.328
53 91 9084628.555
53 92 10668017.76
53 93 3856779.956
53 94 4421348.398
53 95 4036712.863
53 96 9825087.486
53 97 5692228.738
53 98 9491008.435
53 99 7996828.142
54 55 3119305.296
54 56 5883565.366
54 57 9531167.356
54 58 8314550.526
54 59 4478575.199
54 60 3739242.29
54 61 5108763.686
54 62 2889358.659
54 63 7642786.399
54 64 6851565.581
54 65 7666402.408
54 66 9874229.398
54 67 4906266.079
54 68 8355089.957
54 69 3228984.87
54 70 5133025.885
54 71 3891988.156
54 72 970950.3892
54 73 809764.898
54 74 5745620.381
54 75 3512383.28
54 76 9046332.429
54 77 5962977.752
54 78 3311712.6
54 79 7615356.255
54 80 4957245.17
54 81 3497616.426
54 82 909865.0504
54 83 6285342.324
54 84 7624174.164
54 85 6480066.897
54 86 4359953.634
54 87 7112744.443
54 88 6802273.69
54 89 2355692.459
54 90 7806092.254
54 91 179558.6442
54 92 2936107.43
54 93 5959534.606
54 94 8739318.693
54 95 4917913.436
54 96 3752330.032
54 97 3450420.55
54 98 3324456.311
54 99 3171713.975
55 56 6593516.556
55 57 6632719.083
55 58 5501096.83
55 59 2674541.08
55 60 3289546.36
55 61 3661156.881
55 62 3390337.44
55 63 5449833.168
55 64 4713761.023
55 65 4809677.229
55 66 7218815.602
55 67 2995089.105
55 68 5520232.629
55 69 4159339.183
55 70 4546318.796
55 71 1129208.509
55 72 2372697.193
55 73 2701210.054
55 74 3574733.486
55 75 4534380.279
55 76 6224323.183
55 77 4487387.961
55 78 1545132.035
55 79 5213163.813
55 80 5789954.198
55 81 392821.1128
55 82 3657357.151
55 83 4529747.457
55 84 5256145.758
55 85 4961684.787
55 86 3598014.128
55 87 4220235.334
55 88 4337219.716
55 89 2213952.732
55 90 5711100.551
55 91 3298603.533
55 92 4743252.427
55 93 3898892.07
55 94 5734463.287
55 95 1956042.582
55 96 4267787.481
55 97 1902018.294
55 98 3845197.093
55 99 2495203.424
56 57 9404609.371
56 58 11651476.38
56 59 4771964.913
56 60 9202287.369
56 61 4123875.893
56 62 3320903.916
56 63 6173873.672
56 64 11301260.86
56 65 10949469.32
56 66 8819249.022
56 67 4881435.551
56 68 11636309.11
56 69 2704315.188
56 70 2709279.815
56 71 7710443.789
56 72 5385720.997
56 73 5253228.479
56 74 5402726.272
56 75 2380003.425
56 76 12310493.89
56 77 4166505.785
56 78 7925287.194
56 79 6641015.961
56 80 926355.213
56 81 6869494.668
56 82 5126356.377
56 83 4742155.581
56 84 11780809.91
56 85 4339594.516
56 86 3340661.457
56 87 7701518.643
56 88 6377873.781
56 89 7702102.208
56 90 6044030.749
56 91 5880625.477
56 92 3127334.923
56 93 10491981.67
56 94 9289508.544
56 95 8291902.262
56 96 2362983.21
56 97 8241571.139
56 98 2821648.996
56 99 4111261.442
57 58 5975420.216
57 59 5449779.962
57 60 9252700.091
57 61 5519230.377
57 62 8017619.321
57 63 3314144.487
57 64 7834519.708
57 65 5649706.879
57 66 1496720.228
57 67 5089541.315
57 68 5876006.824
57 69 8615617.495
57 70 6783348.376
57 71 6536073.737
57 72 8600603.587
57 73 8874753.895
57 74 4272259.56
57 75 8846513.152
57 76 6144959.6
57 77 5246032.955
57 78 7587255.795
57 79 2771814.461
57 80 9170549.782
57 81 6350050.412
57 82 9758885.713
57 83 4665546.553
57 84 7472622.47
57 85 5084226.162
57 86 6567011.223
57 87 2425061.929
57 88 3127340.706
57 89 8717580.099
57 90 3548664.63
57 91 9698922.333
57 92 9734462.32
57 93 7718860.681
57 94 1165864.351
57 95 5759714.42
57 96 8203386.729
57 97 7837612.735
57 98 8112074.855
57 99 6923155.592
58 59 6922626.509
58 60 5727714.619
58 61 7766909.297
58 62 8756144.694
58 63 7603889.488
58 64 2541848.615
58 65 706242.5345
58 66 7389437.472
58 67 6918351.179
58 68 113565.5658
58 69 9539519.031
58 70 9118668.656
58 71 4475018.27
58 72 7784975.562
58 73 8111491.099
58 74 6755830.436
58 75 9903176.444
58 76 732151.8983
58 77 8210648.211
58 78 5045317.645
58 79 6995164.522
58 80 10979940.85
58 81 5123292.781
58 82 9032635.322
58 83 7860941.576
58 84 1774171.858
58 85 8448728.317
58 86 8326425.608
58 87 5040705.493
58 88 6447383.82
58 89 6250528.171
58 90 7960070.65
58 91 8486168.648
58 92 10233896.11
58 93 3034991.93
58 94 4859567.468
58 95 3547878.504
58 96 9508570.394
58 97 5006664.205
58 98 9149040.408
58 99 7664144.173
59 60 5950764.809
59 61 1005037.437
59 62 2573558.53
59 63 3164445.325
59 64 6944137.143
59 65 6228726.908
59 66 5503974.84
59 67 427788.2396
59 68 6899839.36
59 69 3221245.361
59 70 2203028.984
59 71 3542451.344
59 72 3508585.323
59 73 3708846.794
59 74 1287872.669
59 75 3498745.198
59 76 7561503.982
59 77 1813429.993
59 78 4217147.323
59 79 3169856.686
59 80 4207097.883
59 81 2740883.135
59 82 4473932.735
59 83 1920087.748
59 84 7262949.681
59 85 2296904.327
59 86 1433945.588
59 87 3239534.539
59 88 2422110.174
59 89 4721809.193
59 90 3339395.709
59 91 4619372.493
59 92 4299353.359
59 93 6249984.761
59 94 4956779.574
59 95 3780264.548
59 96 2914638.054
59 97 4573870.307
59 98 2724438.728
59 99 1487998.738
60 61 6917568.593
60 62 5893526.172
60 63 8666672.126
60 64 3581623.72
60 65 5251917.275
60 66 10121837.14
60 67 6283713.85
60 68 5805920.154
60 69 6514509.51
60 70 7626850.71
60 71 2793153.035
60 72 3864756.542
60 73 4072440.119
60 74 6841098.943
60 75 6867427.584
60 76 6401325.062
60 77 7763009.425
60 78 1805111.685
60 79 8357911.168
60 80 8302243.646
60 81 3327207.855
60 82 4647518.299
60 83 7819234.523
60 84 4484352.495
60 85 8245466.679
60 86 6682363.779
60 87 7008800.29
60 88 7485952.196
60 89 1503454.662
60 90 8948803.896
60 91 3849291.24
60 92 6570795.154
60 93 2777705.447
60 94 8180719.826
60 95 3499640.973
60 96 6860380.754
60 97 1478065.817
60 98 6395134.72
60 99 5426806.333
61 62 2707811.57
61 63 2717565.171
61 64 7923339.57
61 65 7085135.042
61 66 5298116.292
61 67 853533.2905
61 68 7735808.418
61 69 3166636.534
61 70 1421618.664
61 71 4547445.916
61 72 4162411.636
61 73 4306204.642
61 74 1298934.753
61 75 3355546.986
61 76 8377550.224
61 77 879652.8589
61 78 5206227.838
61 79 2924372.667
61 80 3714050.71
61 81 3743470.238
61 82 4943780.987
61 83 1199621.272
61 84 8209464.874
61 85 1396277.125
61 86 1066084.561
61 87 3591151.416
61 88 2392848.728
61 89 5639121.973
61 90 2795356.082
61 91 5229574.147
61 92 4328556.498
61 93 7244248.51
61 94 5231911.577
61 95 4752423.918
61 96 2697657.174
61 97 5563131.631
61 98 2671212.539
61 99 1939704.994
62 63 5425090.275
62 64 8090032.903
62 65 8051063.488
62 66 7967526.794
62 67 2930302.071
62 68 8759426.061
62 69 783410.1695
62 70 2297184.283
62 71 4519261.773
62 72 2165999.84
62 73 2124201.311
62 74 3776119.492
62 75 1151371.14
62 76 9457453.158
62 77 3429357.321
62 78 4623141.414
62 79 5592214.349
62 80 2449455.9
62 81 3715559.123
62 82 2425112.1
62 83 3887782.693
62 84 8645462.474
62 85 3912169.471
62 86 1708431.884
62 87 5795392.752
62 88 4940774.491
62 89 4399916.773
62 90 5495481.085
62 91 2950522.098
62 92 1728602.738
62 93 7251419.976
62 94 7517585.992
62 95 5246129.746
62 96 966880.1378
62 97 4930885.621
62 98 501671.196
62 99 1181709.112
63 64 8600198.399
63 65 7035222.57
63 66 2675647.549
63 67 2737018.347
63 68 7536684.989
63 69 5855925.728
63 70 3692001.777
63 71 5932511.673
63 72 6673009.861
63 73 6868151.219
63 74 1928267.59
63 75 6007208.124
63 76 8043469.326
63 77 2134275.865
63 78 6861670.918
63 79 647369.3613
63 80 6052324.383
63 81 5345707.012
63 82 7593774.497
63 83 1577387.971
63 84 8593425.765
63 85 1839941.931
63 86 3758106.142
63 87 2566464.137
63 88 1261052.891
63 89 7651439.118
63 90 356428.1517
63 91 7782285.984
63 92 7026018.676
63 93 8143817.795
63 94 3535829.612
63 95 5643241.982
63 96 5337571.168
63 97 7197041.13
63 98 5370283.317
63 99 4560208.756
64 65 2390989.979
64 66 9089149.441
64 67 7093432.802
64 68 2647399.988
64 69 8845083.873
64 70 9083084.705
64 71 3591040.16
64 72 6581769.516
64 73 6879408.732
64 74 7244274.79
64 75 9221266.746
64 76 3070444.898
64 77 8579303.798
64 78 3612708.505
64 79 8083146.271
64 80 10503622.62
64 81 4433472.023
64 82 7692001.84
64 83 8385394.878
64 84 926016.8317
64 85 8941033.032
64 86 8171794.488
64 87 6229543.698
64 88 7344534.798
64 89 4537844.06
64 90 8945802.192
64 91 7002649.212
64 92 9279083.56
64 93 892305.569
64 94 6668726.659
64 95 3172370.936
64 96 8981369.615
64 97 3411400.234
64 98 8555038.844
64 99 7191448.987
65 66 7011007.244
65 67 6234482.893
65 68 711653.4472
65 69 8834395.415
65 70 8427604.245
65 71 3802869.282
65 72 7111098.449
65 73 7438757.152
65 74 6101181.513
65 75 9197678.976
65 76 1415411.213
65 77 7550323.173
65 78 4428277.684
65 79 6441100.928
65 80 10274633.47
65 81 4429045.148
65 82 8366828.984
65 83 7217219.001
65 84 1836777.279
65 85 7803807.575
65 86 7627618.133
65 87 4488272.232
65 88 5850871.101
65 89 5660035.057
65 90 7391588.353
65 91 7839763.709
65 92 9536142.083
65 93 2685508.355
65 94 4501720.361
65 95 2854013.814
65 96 8802378.872
65 97 4417310.593
65 98 8442953.103
65 99 6957901.646
66 67 5093478.654
66 68 7294321.119
66 69 8464651.137
66 70 6365870.9
66 71 7338257.133
66 72 8911571.001
66 73 9151838.208
66 74 4223242.964
66 75 8641244.865
66 76 7602581.103
66 77 4803763.28
66 78 8374610.214
66 79 2376967.883
66 80 8727147.548
66 81 6996353.223
66 82 9967268.101
66 83 4234036.728
66 84 8805842.226
66 85 4508455.248
66 86 6361901.645
66 87 3114603.453
66 88 3089119.494
66 89 9400218.548
66 90 2775218.299
66 91 10030602.3
66 92 9625501.359
66 93 8881021.021
66 94 2530753.018
66 95 6703070.059
66 96 7974998.37
66 97 8661406.598
66 98 7968943.154
66 99 6984138.311
67 68 6888721.818
67 69 3537570.047
67 70 2222856.337
67 71 3787176.259
67 72 3936163.139
67 73 4136337.651
67 74 870589.6211
67 75 3792363.428
67 76 7534967.803
67 77 1525874.517
67 78 4525163.238
67 79 2748901.237
67 80 4383706.6
67 81 3019791.19
67 82 4895318.512
67 83 1542500.673
67 84 7362074.254
67 85 1973267.003
67 86 1600706.862
67 87 2952830.812
67 88 2022512.097
67 89 5093978.895
67 90 2915988.574
67 91 5047159.811
67 92 4645049.885
67 93 6433591.318
67 94 4653456.457
67 95 3921090.26
67 96 3179078.11
67 97 4880369.546
67 98 3035270.551
67 99 1890692.123
68 69 9542646.94
68 70 9093214.232
68 71 4504917.803
68 72 7814663.265
68 73 8141771.87
68 74 6712729.336
68 75 9905155.152
68 76 704107.6137
68 77 8169248.888
68 78 5094757.097
68 79 6925259.517
68 80 10971181.55
68 81 5140244.525
68 82 9066213.903
68 83 7813488.768
68 84 1886668.583
68 85 8401501.7
68 86 8307793.76
68 87 4971864.56
68 88 6387060.606
68 89 6307365.62
68 90 7892684.641
68 91 8527358.976
68 92 10247795.39
68 93 3125844.96
68 94 4763894.049
68 95 3564979.874
68 96 9504236.082
68 97 5063164.331
68 98 9148332.797
68 99 7661269.642
69 70 2397341.346
69 71 5286629.38
69 72 2681523.178
69 73 2555920.127
69 74 4345280.933
69 75 376184.7066
69 76 10240467.27
69 77 3768840.747
69 78 5339787.178
69 79 6090663.867
69 80 1790484.527
69 81 4491607.67
69 82 2572732.912
69 83 4284519.037
69 84 9415403.867
69 85 4207481.321
69 86 2103623.809
69 87 6460767.403
69 88 5503925.505
69 89 5011517.86
69 90 5884708.751
69 91 3249492.708
69 92 1172028.341
69 93 7998338.358
69 94 8177117.326
69 95 6028041.789
69 96 626758.7477
69 97 5635251.134
69 98 503545.4375
69 99 1932017.878
70 71 5570113.578
70 72 4296176.293
70 73 4334915.049
70 74 2693543.777
70 75 2440792.082
70 76 9747614.895
70 77 1565080.965
70 78 6051693.085
70 79 4064167.99
70 80 2388710.71
70 81 4724426.636
70 82 4722265.489
70 83 2144465.162
70 84 9445763.514
70 85 1899651.413
70 86 952013.9198
70 87 4992592.036
70 88 3699339.552
70 89 6220182.182
70 90 3648000.775
70 91 5213096.278
70 92 3537791.177
70 93 8346569.437
70 94 6596383.521
70 95 5945908.048
70 96 1790856.169
70 97 6401292.587
70 98 2002852.989
70 99 2210306.985
71 72 3310013.032
71 73 3636873.656
71 74 4192668.861
71 75 5662016.372
71 76 5205571.814
71 77 5312865.854
71 78 1051185.929
71 79 5586928.778
71 80 6915741.471
71 81 851367.3909
71 82 4564692.857
71 83 5257499.695
71 84 4129303.189
71 85 5748869.006
71 86 4635254.751
71 87 4231303.368
71 88 4722052.284
71 89 2250133.653
71 90 6231789.341
71 91 4068726.625
71 92 5832921.753
71 93 2794795.763
71 94 5516994.913
71 95 1040942.258
71 96 5394073.636
71 97 1323299.232
71 98 4973938.612
71 99 3602037.965
72 73 329650.3902
72 74 4774691.792
72 75 3019918.921
72 76 8515579.193
72 77 5025512.179
72 78 2969061.017
72 79 6645245.773
72 80 4470336.295
72 81 2764902.72
72 82 1285069.231
72 83 5329394.159
72 84 7281477.322
72 85 5544206.594
72 86 3469962.801
72 87 6190600.985
72 88 5835365.652
72 89 2365766.473
72 90 6839331.491
72 91 1119887.405
72 92 2749913.012
72 93 5696381.149
72 94 7841281.931
72 95 4285350.819
72 96 3106955.649
72 97 3195251.228
72 98 2649034.172
72 99 2236820.178
73 74 4987016.705
73 75 2874581.467
73 76 8842339.036
73 77 5156551.284
73 78 3268380.522
73 79 6864892.692
73 80 4330788.576
73 81 3093608.718
73 82 958602.8855
73 83 5488005.585
73 84 7590058.485
73 85 5673029.808
73 86 3550923.765
73 87 6471878.992
73 88 6068307.513
73 89 2587460.018
73 90 7021912.377
73 91 923459.6867
73 92 2504035.068
73 93 5991705.932
73 94 8133395.257
73 95 4614757.61
73 96 3029589.807
73 97 3481388.331
73 98 2584123.008
73 99 2367086.767
74 75 4574921.306
74 76 7321056.972
74 77 1460634.172
74 78 5046012.47
74 79 1882240.58
74 80 5012928.64
74 81 3517321.834
74 82 5761805.207
74 83 1143974.382
74 84 7405827.179
74 85 1716975.931
74 86 2305635.006
74 87 2299237.842
74 88 1164788.25
74 89 5753444.519
74 90 2152632.724
74 91 5890998.446
74 92 5475624.73
74 93 6663837.593
74 94 3934229.934
74 95 4114204.468
74 96 3936539.548
74 97 5392748.003
74 98 3841824.847
74 99 2760960.566
75 76 10601985.55
75 77 3892995.279
75 78 5712982.677
75 79 6275102.739
75 80 1456241.522
75 81 4864865.89
75 82 2801405.301
75 83 4430107.854
75 84 9790522.893
75 85 4305182.613
75 86 2290588.852
75 87 6733951.684
75 88 5724265.553
75 89 5363977.989
75 90 6015090.128
75 91 3519372.916
75 92 1111926.138
75 93 8374281.718
75 94 8443969.071
75 95 6397378.774
75 96 670223.554
75 97 6006527.535
75 98 788333.4111
75 99 2272213.818
76 77 8781057.659
76 78 5773258.05
76 79 7419292.806
76 80 11655656.53
76 81 5844312.576
76 82 9764454.986
76 83 8405297.268
76 84 2203086.442
76 85 8993342.209
76 86 8976781.288
76 87 5479147.87
76 88 6930032.142
76 89 6970773.986
76 90 8397721.342
76 91 9217796.136
76 92 10951269.23
76 93 3665839.68
76 94 5081664.505
76 95 4269079.729
76 96 10194705.46
76 97 5727855.729
76 98 9842778.771
76 99 8353768.43
77 78 6028359.357
77 79 2504161.267
77 80 3946491.702
77 81 4537427.255
77 82 5752147.19
77 83 582907.9204
77 84 8799443.637
77 85 519267.2776
77 86 1721020.9
77 87 3645135.516
77 88 2229844.467
77 89 6507782.429
77 90 2122101.437
77 91 6078447.684
77 92 4940409.116
77 93 7942930.668
77 94 5146003.863
77 95 5412641.765
77 96 3222949.251
77 97 6384824.125
77 98 3300519.489
77 99 2791822.934
78 79 6556540.595
78 80 7071917.463
78 81 1528704.422
78 82 4107347.837
78 83 6048507.905
78 84 4331637.554
78 85 6496882.689
78 86 5099762.197
78 87 5274170.28
78 88 5683263.904
78 89 1278515.078
78 90 7145043.758
78 91 3475997.764
78 92 5680251.379
78 93 2728331.523
78 94 6564005.991
78 95 1973341.507
78 96 5564276.552
78 97 356907.3243
78 98 5112897.872
78 99 3917947.552
79 80 6450071.127
79 81 5067063.789
79 82 7643587.508
79 83 1921513.833
79 84 8036319.827
79 85 2312511.283
79 86 3989815.052
79 87 1955231.993
79 88 877003.215
79 89 7427001.588
79 90 988070.9863
79 91 7763853.17
79 92 7249487.471
79 93 7666444.768
79 94 2902092.257
79 95 5206839.548
79 96 5611749.288
79 97 6880680.277
79 98 5593677.123
79 99 4632641.797
80 81 6086263.389
80 82 4205631.376
80 83 4528666.127
80 84 11018144.24
80 85 4221828.348
80 86 2787055.122
80 87 7297133.311
80 88 6072809.986
80 89 6799929.845
80 90 5974299.707
80 91 4955085.205
80 92 2239762.873
80 93 9678711.747
80 94 8945157.456
80 95 7554789.791
80 96 1522309.627
80 97 7380279.287
80 98 1960406.874
80 99 3346915.524
81 82 4049272.963
81 83 4529261.267
81 84 4935909.246
81 85 4992699.161
81 86 3786513.737
81 87 3954632.737
81 88 4190422.717
81 89 2403867.098
81 90 5623041.818
81 91 3677128.452
81 92 5113014.907
81 93 3645785.47
81 94 5421070.97
81 95 1575485.795
81 96 4567046.061
81 97 1877020.362
81 98 4156660.076
81 99 2758500.501
82 83 6142639.533
82 84 8438416.365
82 85 6256966.516
82 86 4064154.678
82 87 7372551.888
82 88 6878180.898
82 89 3242656.121
82 90 7718628.955
82 91 826079.9645
82 92 2080993.089
82 93 6800008.809
82 94 9050716.415
82 95 5557792.422
82 96 3156425.873
82 97 4280750.412
82 98 2778732.132
82 99 3033863.895
83 84 8548634.296
83 85 588181.2502
83 86 2196432.492
83 87 3147844.21
83 88 1688530.682
83 89 6634593.233
83 90 1608812.327
83 91 6411177.632
83 92 5455965.402
83 93 7793121.712
83 94 4594324.135
83 95 5245162.91
83 96 3760329.983
83 97 6401741.298
83 98 3803642.64
83 99 3127749.04
84 85 9121314.112
84 86 8565096.653
84 87 6117368.355
84 88 7359822.106
84 89 5353018.635
84 90 8946294.771
84 91 7781608.407
84 92 9929075.897
84 93 1725110.545
84 94 6316960.583
84 95 3506088.853
84 96 9501420.212
84 97 4174588.224
84 98 9092333.277
84 99 7676663.728
85 86 2206764.771
85 87 3710255.124
85 88 2227061.697
85 89 7009024.263
85 90 1755644.046
85 91 6594366.696
85 92 5374754.145
85 93 8331800.415
85 94 5099393.281
85 95 5788608.865
85 96 3638773.962
85 97 6852509.35
85 98 3753479.751
85 99 3309656.863
86 87 4541123.122
86 88 3440470.3
86 89 5289388.035
86 90 3804565.817
86 91 4458542.792
86 92 3270010.667
86 93 7420438.382
86 94 6222988.952
86 95 5059157.317
86 96 1637273.794
86 97 5449278.855
86 98 1612748.961
86 99 1290877.845
87 88 1502743.996
87 89 6346095.975
87 90 2921909.768
87 91 7281906.088
87 92 7523866.927
87 93 5898410.706
87 94 1722776.433
87 95 3600525.639
87 96 6130773.272
87 97 5553050.349
87 98 5963554.762
87 99 4647829.036
88 89 6551165.397
88 90 1601723.495
88 91 6955250.449
88 92 6639106.162
88 93 6882793.639
88 94 2916809.15
88 95 4387338.563
88 96 5077472.024
88 97 6009539.185
88 98 5000872.2
88 99 3908572.606
89 90 7902363.181
89 91 2492219.183
89 92 5091384.212
89 93 3651369.363
89 94 7737571.761
89 95 3237877.914
89 96 5366531.257
89 97 1244229.526
89 98 4901020.701
89 99 4009905.414
90 91 7940862.634
90 92 7056734.194
90 93 8480244.872
90 94 3843083.085
90 95 5970841.925
90 96 5345015.16
90 97 7483907.344
90 98 5408424.304
90 99 4687443.932
91 92 2890972.46
91 93 6111049.035
91 94 8912303.84
91 95 5095747.169
91 96 3789645.974
91 97 3607042.799
91 98 3371295.201
91 99 3290240.54
92 93 8403494.098
92 94 9246153.248
92 95 6686913.404
92 96 1747428.201
92 97 5929979.622
92 98 1657729.9
92 99 2891898.329
93 94 6560360.159
93 95 2549680.471
93 96 8157001.717
93 97 2519707.578
93 98 7723555.638
93 99 6391196.477
94 95 4681128.807
94 96 7831325.201
94 97 6794532.129
94 98 7678240.198
94 99 6370221.794
95 96 6050941.449
95 97 2145723.857
95 98 5663986.911
95 99 4208325.871
96 97 5878902.156
96 98 465516.8508
96 99 1847001.507
97 98 5424185.361
97 99 4257478.869
98 99 1494579.083
