4950
0 1 6950598.865
0 2 8554483.901
0 3 3354808.389
0 4 12170333.29
0 5 4199948.376
0 6 8747967.112
0 7 7322843.48
0 8 10647532.08
0 9 10042695.13
0 10 9589438.834
0 11 10488541.47
0 12 7531374.22
0 13 8693743.558
0 14 5084467.781
0 15 6597220.619
0 16 6733538.583
0 17 8826818.601
0 18 6735081.903
0 19 6103614.249
0 20 12109760.21
0 21 9539307.471
0 22 8630051.52
0 23 7310311.484
0 24 9842640.609
0 25 10363275.78
0 26 5548283.228
0 27 8441497.925
0 28 8233048.922
0 29 5830624.316
0 30 6400983.085
0 31 6188190.451
0 32 11407264.82
0 33 7038858.646
0 34 1602463.414
0 35 1105688.707
0 36 6246042.136
0 37 5268776.087
0 38 4572550.376
0 39 10614499.14
0 40 11727264.59
0 41 12450201.94
0 42 7834107.064
0 43 6144856.064
0 44 9456298.178
0 45 8543491.839
0 46 10053049.36
0 47 8235251.961
0 48 9589765.039
0 49 6930674.32
0 50 9182927.332
0 51 9611632.556
0 52 5324338.831
0 53 5718167.764
0 54 7615578.229
0 55 8789751.846
0 56 3621098.821
0 57 1975192.788
0 58 6821934.791
0 59 3654281.003
0 60 4097516.911
0 61 9841450.893
0 62 7007427.179
0 63 8488529.399
0 64 5709731.829
0 65 3513704.543
0 66 8717412.367
0 67 9968498.643
0 68 9020932.242
0 69 4055292.468
0 70 3591585.617
0 71 11532529.11
0 72 6185688.624
0 73 8794783.12
0 74 6409762.893
0 75 675363.7596
0 76 5508103.006
0 77 2442171.919
0 78 4863763.967
0 79 4832088.809
0 80 4253705.556
0 81 3695373.582
0 82 7604229.076
0 83 6968048.878
0 84 6578727.651
0 85 8471097.878
0 86 1300330.095
0 87 10255785.08
0 88 9046103.744
0 89 8160596.196
0 90 4047114.765
0 91 9874770.761
0 92 4762005.471
0 93 9163204.246
0 94 10095837.6
0 95 6966312.313
0 96 4176909.148
0 97 9307821.778
0 98 13216892.85
0 99 4584124.875
1 2 5061958.257
1 3 3606173.211
1 4 5420928.533
1 5 3581911.419
1 6 2515910.275
1 7 3078079.144
1 8 3749403.191
1 9 3700222.692
1 10 4217235.709
1 11 4684380.298
1 12 6576972.005
1 13 4483081.501
1 14 3992556.707
1 15 381118.9167
1 16 2353030.782
1 17 3093070.058
1 18 5599797.416
1 19 1504268.388
1 20 5339709.021
1 21 3080889.736
1 22 6575894.538
1 23 6517426.245
1 24 3053522.917
1 25 5248680.914
1 26 3364268.85
1 27 3721745.737
1 28 1488752.011
1 29 6575802.598
1 30 6056684.358
1 31 1014056.779
1 32 5736991.484
1 33 2460504.679
1 34 5679394.774
1 35 6363882.783
1 36 3327562.206
1 37 5754276.053
1 38 2667633.21
1 39 3905375.18
1 40 5369717.9
1 41 6001095.023
1 42 4915028.009
1 43 2960339.378
1 44 3397510.31
1 45 7278622.13
1 46 3107870.999
1 47 3076541.237
1 48 3605934.678
1 49 640180.506
1 50 3500364.768
1 51 2721976.328
1 52 6158966.742
1 53 2056152.254
1 54 2590288.338
1 55 1839727.8
1 56 5427076.39
1 57 4983542.805
1 58 1417108.369
1 59 3304139.796
1 60 3865442.263
1 61 6138860.416
1 62 3576720.86
1 63 1972887.803
1 64 4380618.106
1 65 3577857.343
1 66 4030971.363
1 67 3142153.135
1 68 5229284.014
1 69 3542818.294
1 70 3807616.178
1 71 5022990.229
1 72 2562588.007
1 73 5529393.534
1 74 743322.5711
1 75 6283396.581
1 76 1442615.81
1 77 5282931.942
1 78 6160185.656
1 79 5980817.454
1 80 3914556.816
1 81 3301984.71
1 82 3848278.842
1 83 3392833.543
1 84 5192208.756
1 85 4595005.353
1 86 6359662.916
1 87 3727497.895
1 88 2106063.652
1 89 1836130.146
1 90 5547702.051
1 91 5376839.63
1 92 4675006.747
1 93 4121818.866
1 94 3246020.152
1 95 1450328.397
1 96 4568197.923
1 97 8477401.878
1 98 6618712.249
1 99 3154182.101
2 3 6026131.801
2 4 6001858.496
2 5 7467042.268
2 6 3501175.813
2 7 8128848.981
2 8 5679201.226
2 9 8010379.542
2 10 9051217.969
2 11 3212336.773
2 12 2655597.763
2 13 833860.2188
2 14 3475781.325
2 15 4931773.133
2 16 7354897.116
2 17 7940551.369
2 18 2413871.905
2 19 4005342.799
2 20 6027967.286
2 21 7421681.406
2 22 1825951.528
2 23 2774306.933
2 24 6858372.089
2 25 2346172.846
2 26 3147799.009
2 27 1567283.672
2 28 4433330.199
2 29 4086305.016
2 30 3114082.385
2 31 4493008.033
2 32 3611197.937
2 33 2641936.627
2 34 8134538.188
2 35 8630965.975
2 36 8171945.504
2 37 3887977.511
2 38 6506761.189
2 39 4939471.831
2 40 4792913.966
2 41 5470178.024
2 42 773411.2758
2 43 2788131.607
2 44 3252292.404
2 45 2763525.667
2 46 5778010.842
2 47 2212043.507
2 48 8231086.265
2 49 5699942.373
2 50 2671907.259
2 51 5148285.426
2 52 4143745.104
2 53 3835749.108
2 54 2494728.783
2 55 5452641.474
2 56 5124090.253
2 57 6955784.163
2 58 6456107.804
2 59 5874933.777
2 60 4532695.657
2 61 1324088.008
2 62 8570916.024
2 63 3986342.581
2 64 2863448.25
2 65 6720451.14
2 66 1418853.914
2 67 5022601.286
2 68 489845.1229
2 69 4725940.378
2 70 5186049.576
2 71 4965594.622
2 72 3018777.524
2 73 469997.9812
2 74 5573939.28
2 75 8088851.261
2 76 5264551.859
2 77 6116304.389
2 78 4531128.937
2 79 4423772.709
2 80 4347335.107
2 81 6344422.671
2 82 8897041.029
2 83 8390397.93
2 84 2283553.906
2 85 519659.8332
2 86 7363063.001
2 87 7806083.606
2 88 5277680.793
2 89 6648038.089
2 90 4818742
2 91 10347949.57
2 92 3847135.278
2 93 1818749.633
2 94 6802746.939
2 95 3618602.504
2 96 4389425.162
2 97 3867506.51
2 98 6364982.432
2 99 4293250.397
3 4 8839855.437
3 5 1989486.029
3 6 5470690.647
3 7 4635358.011
3 8 7293353.666
3 9 6909944.204
3 10 6754706.756
3 11 7357741.91
3 12 5991468.928
3 13 5926818.454
3 14 2820456.538
3 15 3246723.731
3 16 3872544.739
3 17 5830200.019
3 18 4967714.494
3 19 2815296.807
3 20 8775228.71
3 21 6358828.862
3 22 6704203.526
3 23 5820330.266
3 24 6565256.736
3 25 7422644.204
3 26 2893408.43
3 27 5493398.949
3 28 4883558.8
3 29 4948247.999
3 30 4991893.686
3 31 2840907.487
3 32 8338632.702
3 33 3954291.005
3 34 2276453.812
3 35 2909201.597
3 36 3828539.327
3 37 4085632.05
3 38 1614443.777
3 39 7284608.577
3 40 8480856.466
3 41 9188519.197
3 42 5437972.435
3 43 3281449.8
3 44 6233828.396
3 45 6976193.718
3 46 6701268.995
3 47 5151445.036
3 48 6555227.156
3 49 3647067.371
3 50 6033954.623
3 51 6257290.512
3 52 4383839.964
3 53 2527890.998
3 54 4502871.781
3 55 5445533.243
3 56 2810466.4
3 57 1380596.113
3 58 3685421.607
3 59 302189.5702
3 60 1770829.639
3 61 7348670.803
3 62 4571493.094
3 63 5163845.089
3 64 3570581.957
3 65 898175.1451
3 66 5803306.159
3 67 6619637.573
3 68 6429155.928
3 69 1400684.723
3 70 1078137.769
3 71 8248658.583
3 72 3178372.92
3 73 6378305.104
3 74 3116545.725
3 75 2697013.339
3 76 2168499.852
3 77 1982234.334
3 78 4113516.326
3 79 3969579.812
3 80 1979751.712
3 81 675729.524
3 82 5150180.49
3 83 4464170.319
3 84 4649875.8
3 85 5795179.073
3 86 2814473.448
3 87 7067952.246
3 88 5693705.888
3 89 4966734.17
3 90 3172550.285
3 91 7375142.329
3 92 3007183.805
3 93 6179305.203
3 94 6799075.79
3 95 3685511.124
3 96 2462415.187
3 97 8025336.093
3 98 9923809.107
3 99 1738957.464
4 5 8980445.945
4 6 3491462.732
4 7 7329316.872
4 8 1813738.79
4 9 4911306.556
4 10 6552260.785
4 11 2834551.537
4 12 8635308.74
4 13 5202651.193
4 14 7885813.326
4 15 5708768.926
4 16 7063525.419
4 17 5908946.945
4 18 8145263.582
4 19 6072945.455
4 20 125395.7972
4 21 4711552.368
4 22 7754854.335
4 23 8727102.186
4 24 3821316.094
4 25 3959832.622
4 26 7176799.345
4 27 4739831.863
4 28 3981704.116
4 29 9739407.946
4 30 8844504.476
4 31 6002740.636
4 32 3027538.773
4 33 5436017.098
4 34 11040053.57
4 35 11712114.18
4 36 8175408.114
4 37 9226957.913
4 38 8088471.24
4 39 1555952.903
4 40 1423449.81
4 41 1257455.835
4 42 6550590.721
4 43 6491331.336
4 44 3025505.231
4 45 8718644.303
4 46 2604963.437
4 47 4470845.647
4 48 5573565.519
4 49 5723659.763
4 50 3539724.12
4 51 2734286.693
4 52 9591680.122
4 53 6508597.571
4 54 4895143.934
4 55 3786675.202
4 56 9755132.34
4 57 10203138.88
4 58 6286342.503
4 59 8549980.632
4 60 8408099.879
4 61 5971224.429
4 62 8020159.118
4 63 3681849.338
4 64 7755971.986
4 65 8969068.014
4 66 4697871.777
4 67 2281025.792
4 68 5695616.453
4 69 8270577.454
4 70 8681294.184
4 71 1056861.894
4 72 6269999.178
4 73 6304101.166
4 74 6123459.495
4 75 11528386.58
4 76 6793112.117
4 77 10127252.99
4 78 9835437.457
4 79 9677448.438
4 80 8344461.612
4 81 8663103.122
4 82 7926957.332
4 83 7863040.36
4 84 7854604.165
4 85 5574433.591
4 86 11358969.09
4 87 4471818.064
4 88 3419993.364
4 89 5257443.791
4 90 9664482.005
4 91 7967706.389
4 92 8575253.042
4 93 4210787.836
4 94 3500857.951
4 95 5223970.559
4 96 8816584.49
4 97 9712337.077
4 98 1320759.393
4 99 7749583.577
5 6 5987807.769
5 7 3122963.357
5 8 7248783.839
5 9 5963410.021
5 10 5391329.33
5 11 8099646.751
5 12 7848113.18
5 13 7188869.166
5 14 4640083.57
5 15 3352492.663
5 16 2572390.407
5 17 4677382.334
5 18 6801685.951
5 19 3624667.885
5 20 8893542.135
5 21 5521060.464
5 22 8420361.478
5 23 7693498.102
5 24 5980380.252
5 25 8430630.098
5 26 4515721.07
5 27 6599059.523
5 28 5067571.571
5 29 6925700.278
5 30 6905779.277
5 31 3328910.336
5 32 9140922.299
5 33 5020482.952
5 34 2627546.011
5 35 3282869.227
5 36 2077988.707
5 37 6054416.406
5 38 1003702.631
5 39 7483022.949
5 40 8936088.697
5 41 9580000.617
5 42 6992635.153
5 43 4691377.288
5 44 6849808.492
5 45 8799220.543
5 46 6531463.739
5 47 6102525.309
5 48 5448538.549
5 49 3272016.392
5 50 6813838.161
5 51 6252381.975
5 52 6364969.253
5 53 3644703.664
5 54 5466053.121
5 55 5248246.688
5 56 4787998.321
5 57 2649253.517
5 58 2878993.982
5 59 1915154.901
5 60 3690691.175
5 61 8753745.396
5 62 2849882.441
5 63 5514062.855
5 64 5368443.118
5 65 1106231.092
5 66 6926865.655
5 67 6700265.024
5 68 7805260.48
5 69 3273944.52
5 70 3045888.207
5 71 8602899.166
5 72 4451708.42
5 73 7872864.864
5 74 2859199.987
5 75 3555788.112
5 76 2413561.097
5 77 3804097.629
5 78 6102777.256
5 79 5957733.571
5 80 3888358.47
5 81 1347819.238
5 82 3450685.166
5 83 2790050.766
5 84 6450571.749
5 85 7141504.865
5 86 4233656.286
5 87 6230125.134
5 88 5585528.629
5 89 4209709.273
5 90 5160419.734
5 91 5730399.548
5 92 4942549.389
5 93 7197645.512
5 94 6276466.06
5 95 4372431.692
5 96 4431932.211
5 97 9895565.464
5 98 10197578.04
5 99 3436806.75
6 7 5363819.794
6 8 2408507.136
6 9 4553856.517
6 10 5754226.228
6 11 2169496.44
6 12 5797803.274
6 13 2706455.609
6 14 4433314.583
6 15 2654547.716
6 16 4765596.488
6 17 4701061.896
6 18 5072487.648
6 19 2656759.254
6 20 3451655.61
6 21 3992816.309
6 22 5299551.249
6 23 5827619.451
6 24 3366457.451
6 25 2856297.212
6 26 3713329.351
6 27 1934196.484
6 28 1188158.751
6 29 6523626.364
6 30 5720283.289
6 31 2717944.639
6 32 3221658.78
6 33 1978612.234
6 34 7726849.376
6 35 8377322.028
6 36 5808800.34
6 37 5903266.56
6 38 5009085.536
6 39 1980375.157
6 40 3015962.097
6 41 3717865.54
6 42 3737119.178
6 43 3034661.179
6 44 881600.5662
6 45 6187964.677
6 46 2315427.931
6 47 1335210.008
6 48 4856805.99
6 49 3065976.617
6 50 1100495.424
6 51 1670999.586
6 52 6290355.691
6 53 3040221.447
6 54 1494517.908
6 55 2031416.363
6 56 6280912.206
6 57 6801136.307
6 58 3827895.206
6 59 5195377.362
6 60 4916822.935
6 61 4202141.024
6 62 5955149.763
6 63 618750.237
6 64 4397215.971
6 65 5739154.267
6 66 2121488.047
6 67 1663424.386
6 68 3452404.206
6 69 4789128.075
6 70 5211178.705
6 71 2784873.783
6 72 2786310.513
6 73 3943943.224
6 74 3250346.373
6 75 8123077.775
6 76 3608074.751
6 77 6641912.403
6 78 6477745.924
6 79 6310758.433
6 80 4853788.391
6 81 5397666.349
6 82 6112950.234
6 83 5772707.24
6 84 4718856.217
6 85 2982051.793
6 86 7884461.951
6 87 4320016.228
6 88 1798320.426
6 89 3488779.316
6 90 6215898.377
6 91 7138266.732
6 92 5139755.852
6 93 1948454.935
6 94 3301584.026
6 95 1786859.547
6 96 5340244.983
6 97 7341518.185
6 98 4469080.824
6 99 4264144.821
7 8 5519610.417
7 9 3159528.598
7 10 2276970.087
7 11 7474073.782
7 12 9406688.247
7 13 7560867.059
7 14 6436121.698
7 15 3203027.714
7 16 850932.1821
7 17 1770979.388
7 18 8375726.664
7 19 4274202.422
7 20 7217848.485
7 21 2910160.139
7 22 9568842.329
7 23 9312598.083
7 24 3654741.153
7 25 8208572.165
7 26 5981255.938
7 27 6794523.336
7 28 4179691.51
7 29 9029823.082
7 30 8711759.314
7 31 3726597.233
7 32 8500622.764
7 33 5499649.677
7 34 5743122.818
7 35 6381266.735
7 36 1168492.641
7 37 8149895.627
7 38 3021873.283
7 39 6086548.29
7 40 7762126.942
7 41 8249875.675
7 42 7928983.305
7 43 5781196.285
7 44 6206732.35
7 45 10200514.52
7 46 4726659.028
7 47 6139624.131
7 48 2513002.926
7 49 2438063.524
7 50 6439403.888
7 51 4752575.719
7 52 8527268.062
7 53 4681464.382
7 54 5668216.59
7 55 3693689.935
7 56 7299348.132
7 57 5679529.385
7 58 1672940.565
7 59 4407419.623
7 60 5857642.98
7 61 9216006.447
7 62 695701.7756
7 63 4749938.517
7 64 7011147.613
7 65 3983147.034
7 66 7098859.078
7 67 5247105.944
7 68 8307027.087
7 69 5430493.235
7 70 5439844.061
7 71 7307674.629
7 72 5405033.348
7 73 8593850.497
7 74 2587276.01
7 75 6677157.871
7 76 3254320.427
7 77 6616976.196
7 78 8395207.574
7 79 8225268.312
7 80 5997137.565
7 81 3993178.956
7 82 770223.2427
7 83 561057.0912
7 84 7973274.63
7 85 7669672.183
7 86 7275491.386
7 87 3529949.702
7 88 4078585.943
7 89 2087641.265
7 90 7572049.089
7 91 2748104.227
7 92 6988457.375
7 93 7151554.687
7 94 3993365.527
7 95 4510439.234
7 96 6659401.113
7 97 11388102.32
7 98 8644681.616
7 99 5293112.215
8 9 3315220.547
8 10 4903517.459
8 11 3046331.12
8 12 8142822.916
8 13 4846051.486
8 14 6768309.273
8 15 4073325.015
8 16 5253414.277
8 17 4157118.66
8 18 7466732.868
8 19 4643099.735
8 20 1706705.093
8 21 3006298.281
8 22 7504962.885
8 23 8189422.527
8 24 2113716.447
8 25 4200124.566
8 26 6042156.868
8 27 4176440.327
8 28 2427992.84
8 29 8931981.161
8 30 8123721.792
8 31 4465686.667
8 32 3761796.032
8 33 4346188.211
8 34 9425715.813
8 35 10108044.46
8 36 6364166.243
8 37 8300405.669
8 38 6395475.808
8 39 902765.0453
8 40 2477371.872
8 41 2798735.65
8 42 6047556.7
8 43 5382851.142
8 44 2428461.668
8 45 8436094.063
8 46 792953.8619
8 47 3687500.388
8 48 3910801.469
8 49 3977073.084
8 50 3007384.949
8 51 1036229.772
8 52 8691057.782
8 53 5144923.335
8 54 3899342.777
8 55 2007145.265
8 56 8562254.294
8 57 8672360.383
8 58 4495785.485
8 59 6995367.683
8 60 7107907.791
8 61 6049570.829
8 62 6209025.411
8 63 2316630.402
8 64 6791061.739
8 65 7327172.701
8 66 4262596.615
8 67 756988.119
8 68 5506621.909
8 69 6905671.579
8 70 7275960.784
8 71 1957457.847
8 72 5088213.775
8 73 6074143.837
8 74 4412811.181
8 75 9989624.275
8 76 5171990.899
8 77 8756291.814
8 78 8862893.89
8 79 8693063.527
8 80 7078614.102
8 81 7045002.358
8 82 6130565.703
8 83 6050751.586
8 84 7120812.61
8 85 5180681.03
8 86 9937477.947
8 87 2913360.528
8 88 1664133.29
8 89 3444086.699
8 90 8540621.411
8 91 6345106.826
8 92 7486398.282
8 93 3894853.301
8 94 1830276.988
8 95 3863103.896
8 96 7624734.374
8 97 9542691.303
8 98 3125194.747
8 99 6410388.246
9 10 1650061.488
9 11 6135268.085
9 12 10022429.04
9 13 7245868.846
9 14 7684633.449
9 15 4061383.881
9 16 3410345.573
9 17 1389201.225
9 18 9122636.788
9 19 5189832.763
9 20 4787017.361
9 21 627932.579
9 22 9753464.442
9 23 9999173.396
9 24 1261191.437
9 25 7177186.168
9 26 7032196.85
9 27 6453930.501
9 28 3599309.496
9 29 10239753.62
9 30 9649621.183
9 31 4713502.825
9 32 6994191.781
9 33 5787686.603
9 34 8546781.019
9 35 9223494.508
9 36 4297329.515
9 37 9438065.738
9 38 5473681.728
9 39 4156320.656
9 40 5792532.429
9 41 6061277.332
9 42 8113608.3
9 43 6549756.843
9 44 5117959.505
9 45 10580145.91
9 46 2663016.834
9 47 5798371.829
9 48 729260.6809
9 49 3358879.426
9 50 5585924.209
9 51 3101967.144
9 52 9844284.727
9 53 5751149.161
9 54 5632351.348
9 55 2558436.587
9 56 9094337.198
9 57 8191911.668
9 58 3236530.787
9 59 6622286.734
9 60 7532165.848
9 61 8748757.623
9 62 3804819.791
9 63 4025232.59
9 64 8020274.999
9 65 6533824.506
9 66 6669358.379
9 67 3475184.006
9 68 8001142.097
9 69 7178183.182
9 70 7376198.885
9 71 5271184.163
9 72 6158965.608
9 73 8467247.294
9 74 3872838.219
9 75 9370662.042
9 76 4874017.12
9 77 8792800.837
9 78 9858882.899
9 79 9679460.963
9 80 7597356.251
9 81 6399948.482
9 82 3472629.041
9 83 3708981.743
9 84 8722773.565
9 85 7492421.502
9 86 9721125.793
9 87 452973.4552
9 88 2756177.956
9 89 1959472.564
9 90 9238259.037
9 91 3057170.957
9 92 8373833.017
9 93 6486539.164
9 94 1490022.5
9 95 4853435.233
9 96 8259016.024
9 97 11766816.05
9 98 6201563.283
9 99 6832961.958
10 11 7561147.804
10 12 10788637.67
10 13 8346992.169
10 14 8113204.307
10 15 4505908.493
10 16 2898377.678
10 17 1128655.977
10 18 9817032.864
10 19 5691287.911
10 20 6428533.852
10 21 1912283.931
10 22 10700351.12
10 23 10733352.98
10 24 2791944.786
10 25 8527525.729
10 26 7541140.248
10 27 7545483.059
10 28 4648012.749
10 29 10728528.78
10 30 10263094.47
10 31 5151598.07
10 32 8480161.233
10 33 6600600.102
10 34 8016341.65
10 35 8657732.978
10 36 3419957.133
10 37 9877298.35
10 38 5173203.741
10 39 5700958.236
10 40 7372366.781
10 41 7681492.222
10 42 9034513.154
10 43 7176701.149
10 44 6439578.218
10 45 11455741.73
10 46 4192808.716
10 47 6870110.243
10 48 993059.3274
10 49 3680660.502
10 50 6840967.888
10 51 4525058.412
10 52 10274202.7
10 53 6206987.053
10 54 6575550.905
10 55 3733065.389
10 56 9258210.173
10 57 7893193.79
10 58 3205887.966
10 59 6498290.517
10 60 7736957.357
10 61 9932501.842
10 62 2741598.573
10 63 5164046.315
10 64 8572577.485
10 65 6189834.998
10 66 7800239.531
10 67 4955199.096
10 68 9113680.755
10 69 7335521.321
10 70 7432328.15
10 71 6858312.529
10 72 6779182.545
10 73 9519276.262
10 74 4088469.177
10 75 8938054.881
10 76 5010800.542
10 77 8726075.64
10 78 10212992.9
10 79 10036347.94
10 80 7843317.487
10 81 6150652.872
10 82 2241777.668
10 83 2715583.314
10 84 9409438.226
10 85 8545913.131
10 86 9480969.722
10 87 2100818.281
10 88 4031661.072
10 89 2425987.438
10 90 9475735.998
10 91 1446847.62
10 92 8746929.965
10 93 7699163.395
10 94 3078680.285
10 95 5596703.474
10 96 8517887.157
10 97 12654807.06
10 98 7848402.196
10 99 7092353.657
11 12 5866742.485
11 13 2458901.781
11 14 5682712.254
11 15 4804833.753
11 16 6916608.385
11 17 6601093.809
11 18 5488033.942
11 19 4591504.314
11 20 2877581.986
11 21 5676384.883
11 22 4927083.271
11 23 5977155.717
11 24 4874184.224
11 25 1181454.277
11 26 5047868.144
11 27 2205950.028
11 28 3310782.605
11 29 7138544.192
11 30 6199228.517
11 31 4779253.64
11 32 1052757.085
11 33 3450397.15
11 34 9634109.672
11 35 10252707.24
11 36 7972800.791
11 37 6743187.011
11 38 7106024.827
11 39 2152334.333
11 40 1583752.449
11 41 2285461.31
11 42 3831419.934
11 43 4388392.597
11 44 1289284.205
11 45 5891660.506
11 46 3497696.552
11 47 2255234.933
11 48 6596001.193
11 49 5231803.557
11 50 1324079.766
11 51 3045093.11
11 52 7073147.609
11 53 4832449.944
11 54 2876403.049
11 55 3897848.573
11 56 7565937.358
11 57 8610752.626
11 58 5985545.807
11 59 7107300.914
11 60 6449377.158
11 61 3159181.934
11 62 8088820.05
11 63 2750851.078
11 64 5371736.41
11 65 7747829.874
11 66 2050977.805
11 67 2665788.802
11 68 2872824.252
11 69 6435386.777
11 70 6896957.31
11 71 1779760.82
11 72 4304256.196
11 73 3482689.644
11 74 5415463.439
11 75 9904419.808
11 76 5691942.512
11 77 8206339.614
11 78 7379731.361
11 79 7238363.244
11 80 6332871.929
11 81 7388028.639
11 82 8206474.943
11 83 7908063.44
11 84 5246774.437
11 85 2832666.534
11 86 9487990.381
11 87 5797174.544
11 88 3553691.361
11 89 5498704.015
11 90 7386542.573
11 91 8994688.941
11 92 6297480.377
11 93 1528691.793
11 94 4682339.029
11 95 3756037.569
11 96 6666228.104
11 97 6878121.709
11 98 3179451.516
11 99 5904825.074
12 13 3432819.257
12 14 3208029.946
12 15 6319156.964
12 16 8564816.59
12 17 9660810.25
12 18 1054633.35
12 19 5158811.584
12 20 8655182.358
12 21 9401791.1
12 22 1333503.066
12 23 229600.3823
12 24 8993787.05
12 25 4961883.686
12 26 3459478.731
12 27 3979087.895
12 28 6457637.39
12 29 1900899.705
12 30 1130429.344
12 31 5713073.92
12 32 6220352.618
12 33 4236582.119
12 34 7620738.993
12 35 7940175.816
12 36 9127677.867
12 37 2262764.314
12 38 7055371.268
12 39 7480845.737
12 40 7448320.761
12 41 8124042.68
12 42 2105676.38
12 43 3642135.58
12 44 5765766.603
12 45 1022560.981
12 46 8110098.726
12 47 4469440.706
12 48 10100123.27
12 49 7154086.674
12 50 5189587.964
12 51 7463389.801
12 52 2265098.8
12 53 4725418.891
12 54 4432457.849
12 55 7515956.401
12 56 3921596.531
12 57 6424601.933
12 58 7798383.269
12 59 5968803.211
12 60 4222362.3
12 61 3287749.889
12 62 9691904.674
12 63 6144474.894
12 64 2490714.417
12 65 6857488.665
12 66 3954619.552
12 67 7433671.169
12 68 3044429.945
12 69 4601890.715
12 70 4933055.396
12 71 7609327.151
12 72 4032959.05
12 73 2458943.563
12 74 6852348.993
12 75 7242308.303
12 76 6189283.701
12 77 5207592.085
12 78 2740641.334
12 79 2729770.627
12 80 4012235.289
12 81 6529334.851
12 82 10135353.56
12 83 9527313.924
12 84 1440891.782
12 85 3060974.655
12 86 6235354.453
12 87 9898221.344
12 88 7433683.802
12 89 8374237.571
12 90 3485360.865
12 91 11933875.51
12 92 3028952.247
12 93 4425487.958
12 94 9004362.936
12 95 5207679.476
12 96 3639871.338
12 97 2048369.401
12 98 9018177.068
12 99 4419531.325
13 14 3635068.112
13 15 4401237.939
13 16 6819277.834
13 17 7249359.803
13 18 3038467.07
13 19 3608485.216
13 20 5223721.655
13 21 6668118.354
13 22 2658955.065
13 23 3529943.834
13 24 6072554.689
13 25 1774956.904
13 26 3157844.159
13 27 801570.8074
13 28 3703143.851
13 29 4702199.296
13 30 3750438.932
13 31 4041605.181
13 32 3002889.813
13 33 2194033.851
13 34 8122491.923
13 35 8664058.546
13 36 7700098.865
13 37 4380180.945
13 38 6201500.042
13 39 4107393.028
13 40 4041458.145
13 41 4740918.472
13 42 1372604.643
13 43 2648317.434
13 44 2418612.406
13 45 3596697.844
13 46 4959111.805
13 47 1477296.944
13 48 7499260.715
13 49 5122854.676
13 50 1838672.481
13 51 4334787.395
13 52 4681462.75
13 53 3551944.853
13 54 1896047.042
13 55 4695267.361
13 56 5425729.397
13 57 6980207.467
13 58 5896936.263
13 59 5740527.075
13 60 4603757.316
13 61 1657022.393
13 62 8043407.163
13 63 3223817.006
13 64 3147257.559
13 65 6540961.866
13 66 592578.6223
13 67 4194636.091
13 68 766911.7905
13 69 4723930.302
13 70 5196861.129
13 71 4178271.92
13 72 2776491.816
13 73 1244235.339
13 74 5058278.654
13 75 8182208.582
13 76 4880081.608
13 77 6286487.403
13 78 5025564.335
13 79 4898675.32
13 80 4440443.431
13 81 6162273.563
13 82 8331089.051
13 83 7860612.64
13 84 2824373.124
13 85 374608.5711
13 86 7561455.613
13 87 7024934.93
13 88 4498278.073
13 89 5969450.461
13 90 5173871.977
13 91 9674366.056
13 92 4129709.979
13 93 996409.5545
13 94 6003499.204
13 95 3079038.246
13 96 4605401.059
13 97 4698126.12
13 98 5636177.789
13 99 4241176.457
14 15 3650156.122
14 16 5585323.12
14 17 7017735.281
14 18 2164023.245
14 19 2494800.686
14 20 7858383.95
14 21 7060341.26
14 22 3892435.682
14 23 3056140.817
14 24 6897187.392
14 25 5360504.307
14 26 726211.0409
14 27 3504831.846
14 28 4502910.524
14 29 2617990.423
14 30 2315721.624
14 31 2991078.742
14 32 6493056.155
14 33 2456596.89
14 34 4718817.53
14 35 5175693.206
14 36 6011821.696
14 37 1767085.863
14 38 3867592.068
14 39 6411336.281
14 40 7111401.276
14 41 7852936.189
14 42 2779809.307
14 43 1398909.047
14 44 4894872.076
14 45 4169256.531
14 46 6438462.344
14 47 3486471.426
14 48 7587813.184
14 49 4444938.862
14 50 4475023.638
14 51 5834352.853
14 52 2169023.223
14 53 1936425.89
14 54 2991655.373
14 55 5457386.172
14 56 1890422.254
14 57 3518870.098
14 58 4946189.782
14 59 2770693.468
14 60 1105418.035
14 61 4778655.116
14 62 6631465.898
14 63 4458078.32
14 64 750601.3368
14 65 3662867.943
14 66 3739226.365
14 67 6012482.051
14 68 3937497.293
14 69 1419859.166
14 70 1814640.989
14 71 7043905.831
14 72 1683802.097
14 73 3745778.536
14 74 4027775.498
14 75 4613703.619
14 76 3185549.799
14 77 2656798.029
14 78 2185207.882
14 79 2006301.698
14 80 900790.3143
14 81 3325981.152
14 82 7122021.556
14 83 6478289.272
14 84 1830665.733
14 85 3392317.467
14 86 3926903.276
14 87 7675981.269
14 88 5527208.566
14 89 5816352.153
14 90 1782700.086
14 91 9096726.628
14 92 723111.0318
14 93 4228396.915
14 94 7011972.435
14 95 2994951.114
14 96 987115.5647
14 97 5255678.654
14 98 8702036.351
14 99 1221155.902
15 16 2424789.057
15 17 3390619.91
15 18 5324802.734
15 19 1185565.844
15 20 5631906.535
15 21 3445758.01
15 22 6381161.161
15 23 6250120.16
15 24 3434589.438
15 25 5290335.69
15 26 3042109.898
15 27 3666345.648
15 28 1736089.106
15 29 6247180.009
15 30 5757203.108
15 31 659118.6953
15 32 5856148.113
15 33 2296913.454
15 34 5353813.71
15 35 6035023.495
15 36 3317958.65
15 37 5415767.303
15 38 2402156.135
15 39 4176231.095
15 40 5584255.418
15 41 6235423.531
15 42 4731544.025
15 43 2682494.423
15 44 3530013.718
15 45 7052331.861
15 46 3455836
15 47 3048177.464
15 48 3937807.468
15 49 835197.6716
15 50 3572312.251
15 51 3039564.951
15 52 5818979.578
15 53 1717104.031
15 54 2507761.668
15 55 2202123.756
15 56 5051722.302
15 57 4626408.424
15 58 1532076.065
15 59 2945299.546
15 60 3489245.75
15 61 6057369.041
15 62 3645670.786
15 63 2161586.022
15 64 4068779.035
15 65 3263793.38
15 66 3984996.926
15 67 3439488.206
15 68 5131557.863
15 69 3162842.95
15 70 3426741.965
15 71 5261053.313
15 72 2287672.389
15 73 5394763.343
15 74 660886.7703
15 75 5932563.689
15 76 1098753
15 77 4903061.53
15 78 5807593.035
15 79 5628404.746
15 80 3542331.706
15 81 2972310.474
15 82 3968520.875
15 83 3463751.116
15 84 4916975.129
15 85 4483459.996
15 86 5986543.98
15 87 4100327.777
15 88 2449249.472
15 89 2166196.332
15 90 5179066.926
15 91 5615224.323
15 92 4323065.15
15 93 4123549.097
15 94 3626273.054
15 95 1323210.697
15 96 4199496.72
15 97 8248576.671
15 98 6881548.529
15 99 2780242.952
16 17 2105128.668
16 18 7530971.159
16 19 3449113.91
16 20 6959273.928
16 21 3017533.701
16 22 8753938.405
16 23 8468060.101
16 24 3609251.057
16 25 7574271.898
16 26 5133094.468
16 27 6069402.375
16 28 3606546.673
16 29 8180765.255
16 30 7861611.575
16 31 2907857.301
16 32 7959198.713
16 33 4715484.869
16 34 5189349.38
16 35 5853145.456
16 36 1113646.994
16 37 7301705.328
16 38 2276907.193
16 39 5716686.445
16 40 7350640.137
16 41 7890289.859
16 42 7124283.481
16 43 4947534.396
16 44 5632230.862
16 45 9369027.276
16 46 4471292.201
16 47 5429119.7
16 48 2876157.544
16 49 1727935.226
16 50 5810498.484
16 51 4385508.865
16 52 7680532.475
16 53 3839685.403
16 54 4923282.883
16 55 3307139.028
16 56 6481327.979
16 57 4996481.973
16 58 944609.2851
16 59 3628161.856
16 60 5021053.641
16 61 8476280.208
16 62 1224977.036
16 63 4166818.55
16 64 6161697.106
16 65 3293595.685
16 66 6381536.669
16 67 4877563.097
16 68 7554776.739
16 69 4596980.326
16 70 4626263.644
16 71 6926022.494
16 72 4576165.732
16 73 7816446.542
16 74 1783501.719
16 75 6072570.869
16 76 2403559.681
16 77 5852478.515
16 78 7554661.56
16 79 7383797.872
16 80 5156345.491
16 81 3255265.168
16 82 1574356.76
16 83 1041633.578
16 84 7129465.005
16 85 6908160.121
16 86 6582705.008
16 87 3708350.982
16 88 3691192.393
16 89 1857371.133
16 90 6742875.625
16 91 3566233.223
16 92 6141114.207
16 93 6471316.221
16 94 3933946.6
16 95 3746446.983
16 96 5821466.93
16 97 10553622.88
16 98 8359659.775
16 99 4446296.986
17 18 8692068.797
17 19 4575924.652
17 20 5789691.632
17 21 1233130.772
17 22 9576538.363
17 23 9606743.001
17 24 2093552.667
17 25 7515495.965
17 26 6431266.142
17 27 6448725.052
17 28 3564272.447
17 29 9628359.661
17 30 9145365.419
17 31 4041578.959
17 32 7559481.558
17 33 5473008.158
17 34 7292670.406
17 35 7958100.178
17 36 2917400.191
17 37 8784259.286
17 38 4301796.929
17 39 4873741.85
17 40 6569544.732
17 41 6954824.598
17 42 7910168.408
17 43 6053398.217
17 44 5429594.625
17 45 10327786.7
17 46 3390860.16
17 47 5772202.792
17 48 772458.5177
17 49 2574028.152
17 50 5797565.862
17 51 3613628.05
17 52 9183691.392
17 53 5100016.365
17 54 5457931.267
17 55 2714365.911
17 56 8230160.474
17 57 7042086.476
17 58 2178682.836
17 59 5558613.699
17 60 6691116.078
17 61 8850400.336
17 62 2418582.365
17 63 4097999.647
17 64 7459398.932
17 65 5350666.128
17 66 6711522.248
17 67 4077601.285
17 68 8016246.093
17 69 6301246.935
17 70 6430727.648
17 71 6073231.716
17 72 5655657.879
17 73 8409476.987
17 74 3009003.63
17 75 8161664.863
17 76 3964288.82
17 77 7775939.811
17 78 9137972.825
17 79 8960312.826
17 80 6786927.59
17 81 5264045.309
17 82 2124651.761
17 83 2319896.645
17 84 8284646.976
17 85 7438498.489
17 86 8608549.216
17 87 1775286.131
17 88 3047407.114
17 89 1299950.25
17 90 8427457.3
17 91 2438237.116
17 92 7664085.083
17 93 6634526.039
17 94 2425488.528
17 95 4468224.423
17 96 7460828.512
17 97 11526955.42
17 98 7227585.125
17 99 6029019.51
18 19 4151274.635
18 20 8151314.352
18 21 8497445.038
18 22 1895142.258
18 23 937164.9681
18 24 8143536.703
18 25 4745750.266
18 26 2410755.259
18 27 3406794.588
18 28 5607002.451
18 29 1674428.537
18 30 711973.9471
18 31 4704255.042
18 32 6006155.7
18 33 3348324.654
18 34 6690156.712
18 35 7053385.168
18 36 8076630.943
18 37 1585938.644
18 38 6001429.872
18 39 6877586.438
18 40 7063715.347
18 41 7773389.108
18 42 1679132.165
18 43 2642704.819
18 44 5173472.659
18 45 2008604.429
18 46 7355253.086
18 47 3784785.794
18 48 9161248.597
18 49 6159591.897
18 50 4619429.323
18 51 6709533.12
18 52 1765954.558
18 53 3696090.573
18 54 3629393.277
18 55 6658774.301
18 56 3120273.761
18 57 5484730.894
18 58 6782734.928
18 59 4932612.647
18 60 3206451.046
18 61 3418265.798
18 62 8647818.428
18 63 5349232.789
18 64 1437421.679
18 65 5823694.395
18 66 3463286.57
18 67 6733235.986
18 68 2885508.169
18 69 3571010.712
18 70 3922640.568
18 71 7157020.732
18 72 3039172.031
18 73 2410166.732
18 74 5836761.557
18 75 6389774.81
18 76 5146384.021
18 77 4342196.532
18 78 2195684.743
18 79 2121536.814
18 80 2994939.784
18 81 5489767.823
18 82 9098590.915
18 83 8484647.357
18 84 407864.4474
18 85 2671479.381
18 86 5458264.228
18 87 9024794.273
18 88 6610987.001
18 89 7416531.677
18 90 2721223.285
18 91 10931490.87
18 92 2065764.815
18 93 3974466.516
18 94 8179432.371
18 95 4274959.45
18 96 2687500.57
18 97 3100630.518
18 98 8667407.894
18 99 3368874.446
19 20 6016451.136
19 21 4565702.613
19 22 5307397.111
19 23 5081299.73
19 24 4438027.219
19 25 4814757.516
19 26 1860911.954
19 27 2978412.506
19 28 2225262.732
19 29 5071621.579
19 30 4572053.452
19 31 554269.2639
19 32 5604143.942
19 33 1415235.494
19 34 5079897.751
19 35 5723840.554
19 36 4178071.129
19 37 4252051.836
19 38 2623232.995
19 39 4518980.118
19 40 5665629.017
19 41 6373983.18
19 42 3693622.417
19 43 1516971.137
19 44 3425979.691
19 45 5927288.953
19 46 4165403.936
19 47 2485286.064
19 48 5109637.085
19 49 2014537.557
19 50 3272112.429
19 51 3628357.939
19 52 4657394.092
19 53 568123.734
19 54 1842749.641
19 55 3048190.293
19 56 4039376.356
19 57 4147434.89
19 58 2641114.595
19 59 2544454.764
19 60 2509198.241
19 61 5227161.042
19 62 4631602.764
19 63 2394735.743
19 64 2883715.121
19 65 3157981.622
19 66 3306884.461
19 67 3922635.178
19 68 4278593.949
19 69 2267560.586
19 70 2634357.466
19 71 5438890.021
19 72 1132243.285
19 73 4450118.289
19 74 1696461.06
19 75 5471312.204
19 76 1272024.753
19 77 4113278.365
19 78 4672504.023
19 79 4493079.985
19 80 2517742.164
19 81 2796538.528
19 82 5022290.96
19 83 4456655.909
19 84 3743947.747
19 85 3612308.948
19 86 5305285.958
19 87 5187602.394
19 88 3186003.166
19 89 3338566.687
19 90 4111679.621
19 91 6780290.953
19 92 3189075.684
19 93 3575871.702
19 94 4580252.482
19 95 870332.3217
19 96 3139290.05
19 97 7117384.264
19 98 7118950.868
19 99 1793631.628
20 21 4590323.096
20 22 7789774.696
20 23 8743962.571
20 24 3700888.637
20 25 4014519.128
20 26 7146909.521
20 27 4744632.431
20 28 3908994.244
20 29 9738091.348
20 30 8848500.922
20 31 5936258.873
20 32 3108364.051
20 33 5405603.339
20 34 10969042.3
20 35 11642504.51
20 36 8070535.153
20 37 9216121.382
20 38 8006653.865
20 39 1497583.029
20 40 1506330.534
20 41 1376524.413
20 42 6565861.389
20 43 6462203.522
20 44 3014399.874
20 45 8752867.63
20 46 2495998.1
20 47 4458833.156
20 48 5450468.485
20 49 5633086.766
20 50 3538673.625
20 51 2643369.263
20 52 9583212.541
20 53 6458644.318
20 54 4869817.828
20 55 3689259.803
20 56 9723601.15
20 57 10140913.91
20 58 6188138.848
20 59 8484319.769
20 60 8366167.143
20 61 6023570.261
20 62 7909296.364
20 63 3622899.44
20 64 7740251.119
20 65 8894001.885
20 66 4711317.036
20 67 2197731.739
20 68 5729729.726
20 69 8222821.192
20 70 8630262.752
20 71 1109410.4
20 72 6234616.352
20 73 6337262.915
20 74 6038165.16
20 75 11465900.6
20 76 6718976.714
20 77 10080471.02
20 78 9821693.504
20 79 9662630.195
20 80 8305403.081
20 81 8590635.196
20 82 7812017.977
20 83 7752903.158
20 84 7856208.174
20 85 5594353.356
20 86 11308163.7
20 87 4347171.624
20 88 3325452.328
20 89 5148564.413
20 90 9638561.169
20 91 7843230.863
20 92 8551005.933
20 93 4229694.746
20 94 3379412.427
20 95 5171509.453
20 96 8784245.877
20 97 9755169.81
20 98 1438231.941
20 99 7703520.915
21 22 9151619.894
21 23 9376460.259
21 24 895453.0822
21 25 6680745.723
21 26 6405499.045
21 27 5872151.804
21 28 2996603.112
21 29 9612328.259
21 30 9022203.683
21 31 4094876.961
21 32 6576332.872
21 33 5165817.377
21 34 8069790.07
21 35 8752143.326
21 36 3991453.956
21 37 8812152.125
21 38 4967138.389
21 39 3789147.817
21 40 5465374.804
21 41 5799126.142
21 42 7506197.25
21 43 5921875.173
21 44 4603399.265
21 45 9969928.024
21 46 2281272.289
21 47 5210507.694
21 48 924970.3922
21 49 2766322.637
21 50 5047064.416
21 51 2631628.21
21 52 9218501.735
21 53 5128223.96
21 54 5022857.875
21 55 1972860.341
21 56 8488027.551
21 57 7662118.354
21 58 2717373.176
21 59 6067228.844
21 60 6925039.291
21 61 8194719.143
21 62 3590797.325
21 63 3444317.641
21 64 7392449.143
21 65 6025646.371
21 66 6097216.749
21 67 3047647.921
21 68 7427506.541
21 69 6577390.55
21 70 6787745.844
21 71 4954629.347
21 72 5531033.073
21 73 7881459.994
21 74 3288106.02
21 75 8865149.391
21 76 4289282.842
21 77 8217569.729
21 78 9236465.732
21 79 9057027.774
21 80 6985999.471
21 81 5871756.772
21 82 3348374.926
21 83 3470996.439
21 84 8097069.368
21 85 6905194.039
21 86 9173162.452
21 87 716550.9054
21 88 2206817.593
21 89 1392159.951
21 90 8624703.971
21 91 3359130.996
21 92 7751672.899
21 93 5936435.921
21 94 1211120.523
21 95 4226668.204
21 96 7645170.585
21 97 11158940.99
21 98 6025065.823
21 99 6222294.585
22 23 1548949.771
22 24 8633672.5
22 25 3900314.02
22 26 3904945.727
22 27 3371115.751
22 28 6155427.287
22 29 3210334.772
22 30 2332469.112
22 31 5846207.917
22 32 5122904.328
22 33 4119642.332
22 34 8548349.671
22 35 8934211.277
22 36 9450657.407
22 37 3425734.43
22 38 7540076.042
22 39 6756715.761
22 40 6477734.591
22 41 7110991.994
22 42 1666834.355
22 43 3849523.391
22 44 5077452.887
22 45 964644.8066
22 46 7593831.637
22 47 3980476.138
22 48 9926101.329
22 49 7195665.434
22 50 4497582.19
22 51 6959449.92
22 52 3509935.753
22 53 4984062.474
22 54 4138267.275
22 55 7198123.166
22 56 5013162.987
22 57 7340406.919
22 58 7908964.909
22 59 6627554.048
22 60 4988519.948
22 61 2043401.24
22 62 9937854.89
22 63 5749422.269
22 64 3143679.909
22 65 7517571.002
22 66 3244391.458
22 67 6846602.75
22 68 2060208.75
22 69 5307574.376
22 70 5704154.586
22 71 6704692.216
22 72 4193497.695
22 73 1455274.626
22 74 6981588.001
22 75 8280999.325
22 76 6480252.934
22 77 6233626.814
22 78 3977375.359
22 79 3937783.25
22 80 4778364.057
22 81 7162613.045
22 82 10324361.9
22 83 9763668.58
22 84 2100464.985
22 85 2332347.329
22 86 7351210.308
22 87 9572751.991
22 88 7050796.096
22 89 8276605.851
22 90 4605993.812
22 91 11941539.09
22 92 3933404.579
22 93 3630361.999
22 94 8595057.603
22 95 5133822.539
22 96 4553857.249
22 97 2044677.969
22 98 7994410.942
22 99 5010445.268
23 24 8988455.889
23 25 5099714.609
23 26 3346180.963
23 27 4041534.139
23 28 6450000.638
23 29 1673624.791
23 30 911745.2294
23 31 5635005.847
23 32 6361737.717
23 33 4211770.548
23 34 7417951.098
23 35 7729434.349
23 36 9008621.811
23 37 2041686.8
23 38 6915700.126
23 39 7545170.487
23 40 7560515.154
23 41 8243743.301
23 42 2179528.413
23 43 3568062.712
23 44 5829707.229
23 45 1235616.394
23 46 8134647.716
23 47 4506575.097
23 48 10060432.22
23 49 7085294.892
23 50 5257239.862
23 51 7487561.772
23 52 2036300.504
23 53 4632324.637
23 54 4436256.644
23 55 7507124.121
23 56 3704514.196
23 57 6224669.611
23 58 7716248.42
23 59 5805715.923
23 60 4049657.718
23 61 3470955.899
23 62 9583974.35
23 63 6154432.959
23 64 2354677.418
23 65 6691964.612
23 66 4034963.091
23 67 7472911.403
23 68 3181817.612
23 69 4436714.08
23 70 4756576.479
23 71 7707955.119
23 72 3962516.327
23 73 2608418.979
23 74 6770083.793
23 75 7027238.329
23 76 6083065.88
23 77 4995943.146
23 78 2511931.208
23 79 2502976.861
23 80 3840656.308
23 81 6368527.646
23 82 10035748.85
23 83 9421173.612
23 84 1340146.001
23 85 3155968.249
23 86 6013395.999
23 87 9885017.022
23 88 7436491.823
23 89 8325210.689
23 90 3265856.846
23 91 11861144.79
23 92 2841798.896
23 93 4516636.685
23 94 9007685.952
23 95 5167524.9
23 96 3447533.588
23 97 2205896.371
23 98 9138831.349
23 99 4273539.854
24 25 5922977.707
24 26 6206652.545
24 27 5292425.228
24 28 2538743.98
24 29 9371981.629
24 30 8712376.88
24 31 4037961.257
24 32 5738082.453
24 33 4796477.462
24 34 8438695.717
24 35 9127653.85
24 36 4659973.357
24 37 8611888.741
24 38 5309505.813
24 39 2917076.967
24 40 4580581.533
24 41 4903968.078
24 42 7019808.312
24 43 5658413.603
24 44 3876296.311
24 45 9490175.458
24 46 1412051.121
24 47 4655281.721
24 48 1798889.323
24 49 2920062.458
24 50 4363047.321
24 51 1846430.632
24 52 9018510.679
24 53 5005566.005
24 54 4564428.471
24 55 1485027.401
24 56 8458519.7
24 57 7914323.439
24 58 3103211.001
24 59 6265508.667
24 60 6903378.08
24 61 7534880.504
24 62 4348608.129
24 63 2884821.882
24 64 7144587.239
24 65 6347730.358
24 66 5487742.705
24 67 2214667.199
24 68 6817731.873
24 69 6593804.774
24 70 6858884.8
24 71 4066523.077
24 72 5283549.895
24 73 7306969.825
24 74 3449138.138
24 75 9167589.492
24 76 4417125.078
24 77 8327618.012
24 78 9081997.516
24 79 8903307.568
24 80 6937737.643
24 81 6147518.617
24 82 4167687.998
24 83 4212179.464
24 84 7753119.208
24 85 6338735.12
24 86 9364839.068
24 87 956955.226
24 88 1582949.055
24 89 1780314.346
24 90 8549113.582
24 91 4236369.248
24 92 7609003.852
24 93 5273041.055
24 94 339507.7791
24 95 3943909.429
24 96 7574374.264
24 97 10664508.82
24 98 5137571.84
24 99 6186651.601
25 26 4818223.462
25 27 1936344.353
25 28 4043830.417
25 29 6420076.09
25 30 5452448.264
25 31 5120361.551
25 32 1265175.244
25 33 3480935.375
25 34 9674026.499
25 35 10252044.88
25 36 8576160.038
25 37 6146674.45
25 38 7426939.283
25 39 3317595.127
25 40 2605856.375
25 41 3212326.913
25 42 3069087.267
25 43 4227599.491
25 44 2088501.41
25 45 4859349.703
25 46 4588319.009
25 47 2329642.325
25 48 7586611.764
25 49 5850167.541
25 50 1769181.851
25 51 4076611.735
25 52 6436457.772
25 53 4923653.319
25 54 2975025.26
25 55 4803997.105
25 56 7185258.283
25 57 8576191.738
25 58 6629921.749
25 59 7202816.17
25 60 6267033.071
25 61 2012888.729
25 62 8781513.447
25 63 3475035.791
25 64 4914093.227
25 65 7932586.179
25 66 1646426.633
25 67 3751514.32
25 68 1918216.521
25 69 6333309.77
25 70 6806947.333
25 71 2905385.267
25 72 4252204.03
25 73 2508666.362
25 74 5939029.994
25 75 9822364.811
25 76 6027596.757
25 77 7989162.061
25 78 6792805.59
25 79 6669154.787
25 80 6119935.202
25 81 7558999.36
25 82 8963010.228
25 83 8597947.4
25 84 4570657.536
25 85 2105516.174
25 86 9271705.176
25 87 6864974.223
25 88 4496221.18
25 89 6337027.036
25 90 6944537.243
25 91 9940954.526
25 92 5890284.981
25 93 1247626.622
25 94 5759322.974
25 95 4074131.227
25 96 6342228.509
25 97 5782279.772
25 98 4094096.926
25 99 5822324.263
26 27 2912276.261
26 28 3785949.997
26 29 3212462.58
26 30 2741493.28
26 31 2390011.645
26 32 5901589.578
26 33 1741333.833
26 34 4994480.917
26 35 5514198.011
26 36 5668521.691
26 37 2410158.089
26 38 3645798.675
26 39 5692901.898
26 40 6438975.188
26 41 7180034.462
26 42 2545174.596
26 43 686436.5349
26 44 4202037.889
26 45 4340239.341
26 46 5716120.195
26 47 2818413.393
26 48 6970163.664
26 49 3860524.096
26 50 3806221.831
26 51 5109606.518
26 52 2817120.043
26 53 1335631.952
26 54 2290147.638
26 55 4754873.687
26 56 2580045.573
26 57 3831223.886
26 58 4423095.066
26 59 2769085.55
26 60 1450883.879
26 61 4471791.506
26 62 6237942.881
26 63 3732029.183
26 64 1037556.282
26 65 3645027.347
26 66 3175019.464
26 67 5286413.514
26 68 3572417.454
26 69 1582355.317
26 70 2049555.422
26 71 6352250.018
26 72 958912.9636
26 73 3486358.481
26 74 3484288.795
26 75 5025238.209
26 76 2738712.686
26 77 3178855.12
26 78 2883630.285
26 79 2706431.589
26 80 1302953.725
26 81 3279559.656
26 82 6695351.882
26 83 6075713.662
26 84 2018985.18
26 85 2968077.37
26 86 4463765.67
26 87 7005133.112
26 88 4812963.278
26 89 5199416.207
26 90 2504323.387
26 91 8584504.066
26 92 1447048.353
26 93 3638719.845
26 94 6311311.2
26 95 2282862.53
26 96 1646405.682
26 97 5489071.455
26 98 8019308.197
26 99 1154472.7
27 28 2901857.587
27 29 5007717.806
27 30 4104673.031
27 31 3361967.36
27 32 2992137.565
27 33 1584187.254
27 34 7739072.592
27 35 8315719.021
27 36 6980911.215
27 37 4554824.282
27 38 5600020.816
27 39 3503716.594
27 40 3724091.856
27 41 4455877.525
27 42 1875225.352
27 43 2297671.173
27 44 1788192.299
27 45 4276434.204
27 46 4223303.828
27 47 676697.0492
27 48 6698978.17
27 49 4359221.728
27 50 1218268.428
27 51 3588377.246
27 52 4897679.05
27 53 3016942.629
27 54 1168455.966
27 55 3899757.058
27 56 5375514.523
27 57 6640422.604
27 58 5138716.975
27 59 5280223.069
27 60 4351941.362
27 61 2428510.22
27 62 7294372.748
27 63 2429074.703
27 64 3165789.986
27 65 6033077.925
27 66 328654.6895
27 67 3490013.249
27 68 1568214.219
27 69 4401157.749
27 70 4874111.057
27 71 3766408.303
27 72 2317878.731
27 73 2015332.957
27 74 4326868.733
27 75 7892031.129
27 76 4235775.447
27 77 6091131.296
27 78 5185908.232
27 79 5040799.998
27 80 4214434.2
27 81 5656654.728
27 82 7564330.518
27 83 7110886.96
27 84 3117225.988
27 85 1047912.714
27 86 7376034.213
27 87 6241701.98
27 88 3713218.938
27 89 5170851.213
27 90 5183656.956
27 91 8875309.395
27 92 4097935.869
27 93 726696.2458
27 94 5235628.946
27 95 2356162.871
27 96 4491872.79
27 97 5415385.419
27 98 5337294.479
27 99 3887275.341
28 29 6880339.266
28 30 6186693.172
28 31 2044908.239
28 32 4352764.471
28 33 2264289.454
28 34 7060253.51
28 35 7734869.46
28 36 4673102.414
28 37 6156078.302
28 38 4135186.857
28 39 2441482.863
28 40 3882923.351
28 41 4512957.561
28 42 4514800.476
28 43 3183191.436
28 44 2030759.527
28 45 6982946.991
28 46 1953530.085
28 47 2229819.312
28 48 3799407.579
28 49 1948840.146
28 50 2281236.631
28 51 1404014.399
28 52 6559762.181
28 53 2748587.683
28 54 2037425.226
28 55 1058486.722
28 56 6214352.501
28 57 6258552.28
28 58 2680636.612
28 59 4588658.859
28 60 4718494.264
28 61 5287153.984
28 62 4780993.535
28 63 570736.4543
28 64 4662414.724
28 65 4988278.154
28 66 3152226.881
28 67 1736078.788
28 68 4468889.465
28 69 4492743.744
28 70 4852160.21
28 71 3535384.554
28 72 2832747.654
28 73 4896711.536
28 74 2227644.34
28 75 7580141.903
28 76 2811763.722
28 77 6335930.428
28 78 6665988.12
28 79 6489895.566
28 80 4706496.171
28 81 4681720.106
28 82 4926057.674
28 83 4599532.137
28 84 5218991.468
28 85 3919874.18
28 86 7509764.784
28 87 3443620.245
28 88 1030759.564
28 89 2318150.175
28 90 6235753.765
28 91 6000800.473
28 92 5225653.955
28 93 3076799.272
28 94 2578308.941
28 95 1510916.729
28 96 5288563.146
28 97 8167889.962
28 98 5145621.713
28 99 4010126.844
29 30 975102.4646
29 31 5590382.054
29 32 7679852.11
29 33 4640619.86
29 34 6165903.073
29 35 6380101.552
29 36 8526679.467
29 37 886766.5674
29 38 6305142.885
29 39 8409914.401
29 40 8705789.004
29 41 9423028.982
29 42 3352223.137
29 43 3713602.157
29 44 6732600.476
29 45 2821742.163
29 46 8735906.851
29 47 5304138.667
29 48 10181111.01
29 49 7054332.482
29 50 6199916.834
29 51 8100160.413
29 52 571844.2257
29 53 4530736.288
29 54 5034732.245
29 55 7898250.59
29 56 2367363.082
29 57 5027865.684
29 58 7563570.625
29 59 5014880.683
29 60 3265958.221
29 61 5018094.135
29 62 9184253.943
29 63 6712007.529
29 64 2227812.146
29 65 5846412.502
29 66 5097188.171
29 67 8182812.244
29 68 4553092.616
29 69 3700948.631
29 70 3879891.862
29 71 8773862.162
29 72 4092702.964
29 73 4051584.419
29 74 6645296.439
29 75 5631582.686
29 76 5791929.121
29 77 3685242.398
29 78 975500.6237
29 79 1049314.841
29 80 3089293.26
29 81 5578996.042
29 82 9696493.991
29 83 9038916.06
29 84 1894377.29
29 85 4339172.256
29 86 4532744.099
29 87 10198665.85
29 88 7908704.624
29 89 8409592.929
29 90 1915706.857
29 91 11709493.35
29 92 2049474.835
29 93 5615261.142
29 94 9450419.638
29 95 5428467.098
29 96 2494729.289
29 97 3477510.332
29 98 10314808.12
29 99 3741364.414
30 31 5116007.365
30 32 6714277.573
30 33 3922849.922
30 34 6517776.293
30 35 6820083.335
30 36 8326076.38
30 37 1132689.432
30 38 6175586.627
30 39 7557126.677
30 40 7773852.169
30 41 8484662.122
30 42 2389214.041
30 43 3107319.068
30 44 5860159.206
30 45 2147361.608
30 46 7981106.076
30 47 4454807.968
30 48 9649514.89
30 49 6585677.772
30 50 5312413.26
30 51 7338005.346
30 52 1177817.411
30 53 4072921.411
30 54 4253722.365
30 55 7228369.155
30 56 2792779.773
30 57 5329603.923
30 58 7164498.237
30 59 4999922.835
30 60 3225923.644
30 61 4054990.084
30 62 8935863.949
30 63 5963645.581
30 64 1704401.038
30 65 5876206.302
30 66 4170668.402
30 67 7383636.333
30 68 3578651.656
30 69 3632507.297
30 70 3917832.578
30 71 7861874.242
30 72 3503454.516
30 73 3077971.058
30 74 6224528.872
30 75 6115652.376
30 76 5458878.03
30 77 4086269.354
30 78 1645427.118
30 79 1614846.966
30 80 3022063.371
30 81 5567101.644
30 82 9413868.516
30 83 8779498.896
30 84 1003811.079
30 85 3383215.703
30 86 5105290.838
30 87 9573966.169
30 88 7203449.511
30 89 7888979.838
30 90 2355029.961
30 91 11325769.83
30 92 1987186.544
30 93 4683678.521
30 94 8764883.788
30 95 4797714.557
30 96 2573960.988
30 97 3058293.486
30 98 9378459.467
30 99 3532257.979
31 32 5815576.974
31 33 1860609.274
31 34 5047309.969
31 35 5713306.101
31 36 3679259.209
31 37 4756909.497
31 38 2329558.135
31 39 4449155.466
31 40 5726006.437
31 41 6411346.953
31 42 4219733.732
31 43 2071214.424
31 44 3551475.202
31 45 6478103.306
31 46 3916056.73
31 47 2805914.991
31 48 4596780.22
31 49 1471045.25
31 50 3485427.068
31 51 3432271.939
31 52 5159962.344
31 53 1059647.691
31 54 2196652.805
31 55 2720384.728
31 56 4423366.355
31 57 4213914.831
31 58 2087319.438
31 59 2548313.49
31 60 2865606.738
31 61 5681752.813
31 62 4101626.39
31 63 2339814.434
31 64 3421243.322
31 65 3023417.697
31 66 3689372.422
31 67 3780389.643
31 68 4739055.687
31 69 2563927.15
31 70 2867576.475
31 71 5453168.468
31 72 1685049.789
31 73 4945758.502
31 74 1143794.015
31 75 5536324.298
31 76 915401.8441
31 77 4355180.836
31 78 5150059.094
31 79 4970797.22
31 80 2906181.625
31 81 2689123.64
31 82 4478574.839
31 83 3924667.877
31 84 4297123.705
31 85 4077117.71
31 86 5489059.933
31 87 4739152.252
31 88 2913077.04
31 89 2825285.55
31 90 4535143.728
31 91 6227296.191
31 92 3665188.074
31 93 3903922.594
31 94 4207967.933
31 95 1047245.148
31 96 3555885.706
31 97 7669394.04
31 98 7112991.21
31 99 2149900.667
32 33 4396283.539
32 34 10611999.65
32 35 11218254.69
32 36 9020749.768
32 37 7382834.258
32 38 8144635.407
32 39 2866401.374
32 40 1604119.611
32 41 2064731.16
32 42 4327642.503
32 43 5268742.01
32 44 2340599.631
32 45 6072409.892
32 46 4331448.289
32 47 3192134.151
32 48 7501015.588
32 49 6281359.829
32 50 2335118.894
32 51 3957927.635
32 52 7682570.65
32 53 5811005.718
32 54 3836492.931
32 55 4881379.632
32 56 8350806.476
32 57 9561404.75
32 58 7031370.357
32 59 8096621.65
32 60 7332870.654
32 61 3148693.052
32 62 9123574.404
32 63 3797402.468
32 64 6101521.341
32 65 8761907.944
32 66 2758221.846
32 67 3529515.521
32 68 3180075.1
32 69 7353435.511
32 70 7821647.082
32 71 2044496.26
32 72 5229087.354
32 73 3762688.262
32 74 6468190.548
32 75 10839661.76
32 76 6730033.042
32 77 9079407.567
32 78 8027930.927
32 79 7899315.062
32 80 7201668.812
32 81 8398090.952
32 82 9225576.416
32 83 8943650.185
32 84 5820355.42
32 85 3350407.218
32 86 10364330.84
32 87 6628077.357
32 88 4522180.623
32 89 6499452.667
32 90 8133837.524
32 91 9922653.012
32 92 7062436.03
32 93 2265944.704
32 94 5513980.912
32 95 4783568.948
32 96 7480030.598
32 97 6935128.071
32 98 2909043.69
32 99 6828378.568
33 34 6221168.072
33 35 6822198.836
33 36 5537662.384
33 37 3962218.924
33 38 4024627.163
33 39 3954870.92
33 40 4745552.962
33 41 5483119.209
33 42 2455687.14
33 43 1057864.035
33 44 2482861.627
33 45 4855429.122
33 46 4097252.803
33 47 1204432.828
33 48 5872542.477
33 49 3088574.308
33 50 2147141.592
33 51 3465916.446
33 52 4358160.057
33 53 1442724.372
33 54 579372.6817
33 55 3311456.026
33 56 4319224.389
33 57 5166928.74
33 58 3827460.133
33 59 3725694.704
33 60 3036170.673
33 61 3823129.098
33 62 5929491.412
33 63 2074824.841
33 64 2452291.632
33 65 4455313.587
33 66 1909902.254
33 67 3589451.738
33 68 2878756.62
33 69 2988962.444
33 70 3447475.976
33 71 4628095.659
33 72 865228.2118
33 73 3101333.143
33 74 2933019.822
33 75 6454751.468
33 76 2686204.741
33 77 4792055.56
33 78 4516803.761
33 79 4346889.468
33 80 2943965.316
33 81 4080305.83
33 82 6265427.653
33 83 5749282
33 84 2956641.843
33 85 2216547.506
33 86 6064592.808
33 87 5677807.011
33 88 3281735.387
33 89 4174816.348
33 90 4239213.582
33 91 7822302.179
33 92 3161143.702
33 93 2233489.362
33 94 4842152.066
33 95 1014194.844
33 96 3381509.063
33 97 6054291.832
33 98 6304955.381
33 99 2456906.757
34 35 689952.1808
34 36 4650831.655
34 37 5436189.24
34 38 3129215.683
34 39 9490869.898
34 40 10741797.82
34 41 11442618.36
34 42 7482320.981
34 43 5479391.414
34 44 8504489.653
34 45 8641721.919
34 46 8780114.37
34 47 7422080.087
34 48 8061200.594
34 49 5566758.542
34 50 8310380.894
34 51 8393167.635
34 52 5606375.804
34 53 4803038.955
34 54 6775515.985
34 55 7495741.693
34 56 3799600.556
34 57 1208013.303
34 58 5363426.245
34 59 2535767.072
34 60 3619998.774
34 61 9455895.902
34 62 5409031.938
34 63 7386965.108
34 64 5439245.333
34 65 2110230.249
34 66 8042002.52
34 67 8787326.114
34 68 8566607.569
34 69 3412125.609
34 70 2948510.002
34 71 10493581.55
34 72 5421822.599
34 73 8444583.512
34 74 5066404.907
34 75 1029172.782
34 76 4256737.657
34 77 2481091.551
34 78 5201810.867
34 79 5116875.703
34 80 3818974.187
34 81 2381713.261
34 82 6004623.888
34 83 5373693.988
34 84 6447891.374
34 85 7957980.335
34 86 2087545.228
34 87 8785233.394
34 88 7784160.074
34 89 6711566.789
34 90 4253147.677
34 91 8273123.311
34 92 4624611.416
34 93 8435923.258
34 94 8710252.87
34 95 5947841.322
34 96 4002688.719
34 97 9557021.423
34 98 12159441.52
34 99 3881324.182
35 36 5268875.687
35 37 5709659.62
35 38 3818385.423
35 39 10160909.11
35 40 11389403.29
35 41 12094993.44
35 42 7954582.009
35 43 6035730.823
35 44 9142478.697
35 45 8962565.173
35 46 9466642.139
35 47 8026122.6
35 48 8728183.051
35 49 6256572.611
35 50 8930692.829
35 51 9074567.91
35 52 5836753.862
35 53 5421137.492
35 54 7384117.93
35 55 8183218.922
35 56 4043467.518
35 57 1683878.753
35 58 6049154.204
35 59 3182137.415
35 60 4098298.959
35 61 9945884.134
35 62 6017011.067
35 63 8051233.707
35 64 5871528.258
35 65 2799204.533
35 66 8612333.222
35 67 9464666.62
35 68 9075071.931
35 69 3940146.818
35 70 3467391.684
35 71 11150770.75
35 72 6004986.699
35 73 8920229.623
35 74 5755440.449
35 75 795210.0355
35 76 4936875.012
35 77 2733848.856
35 78 5405342.699
35 79 5340723.786
35 80 4286476.641
35 81 3063089.108
35 82 6607320.442
35 83 5991772.215
35 84 6840025.135
35 85 8482016.995
35 86 1998633.698
35 87 9467063.986
35 88 8469382.504
35 89 7397511.141
35 90 4495322.606
35 91 8862497.671
35 92 5001487.096
35 93 9021049.31
35 94 9399876.345
35 95 6593729.728
35 96 4383123.159
35 97 9823400.504
35 98 12821024.12
35 99 4434255.595
36 37 7639915.355
36 38 2255452.485
36 39 6828535.755
36 40 8455713.598
36 41 9001784.378
36 42 7865674.895
36 43 5602048.669
36 44 6684264.069
36 45 9991986.805
36 46 5579900.201
36 47 6365819.953
36 48 3672673.406
36 49 2743002.537
36 50 6825423.086
36 51 5498493.448
36 52 7994418.719
36 53 4467756.793
36 54 5816698.592
36 55 4420172.92
36 56 6603622.569
36 57 4713349.584
36 58 1993474.021
36 59 3647274.343
36 60 5274521.99
36 61 9350367.048
36 62 772223.8231
36 63 5223368.237
36 64 6659898.659
36 65 3064237.459
36 66 7301406.34
36 67 5990053.832
36 68 8412646.232
36 69 4837823.694
36 70 4756540.789
36 71 8035838.447
36 72 5261258.251
36 73 8622919.612
36 74 2657358.991
36 75 5616613.222
36 76 2971059.778
36 77 5776047.687
36 78 7806214.771
36 79 7644891
36 80 5440444.255
36 81 3156272.937
36 82 1372828.582
36 83 723182.3584
36 84 7687491.721
36 85 7753454.172
36 86 6305336.571
36 87 4645921.763
36 88 4803730.584
36 89 2946950.277
36 90 6922685.007
36 91 3652410.853
36 92 6479584.125
36 93 7435179.266
36 94 4991854.462
36 95 4626728.699
36 96 6071627.34
36 97 11154619.43
36 98 9472934.275
36 99 4807707.52
37 38 5419957.967
37 39 7837168.214
37 40 8278902.39
37 41 9009954.363
37 42 3117048.443
37 43 2972939.747
37 44 6202031.909
37 45 3276028.013
37 46 8051174.942
37 47 4757309.225
37 48 9353559.731
37 49 6211901.546
37 50 5700183.53
37 51 7425528.85
37 52 406983.4571
37 53 3699750.291
37 54 4409421.969
37 55 7150927.036
37 56 1669340.478
37 57 4265595.28
37 58 6700008.003
37 59 4140675.066
37 60 2382565.816
37 61 4986032.245
37 62 8298417.047
37 63 6034252.602
37 64 1510212.57
37 65 4983205.551
37 66 4693778.261
37 67 7545194.727
37 68 4375265.725
37 69 2816501.316
37 70 3011452.217
37 71 8299827.829
37 72 3332365.875
37 73 3956074.625
37 74 5789687.381
37 75 4993686.376
37 76 4919055.032
37 77 2978479.128
37 78 646291.6698
37 79 540389.8309
37 80 2203413.399
37 81 4706702.609
37 82 8812604.533
37 83 8153686.782
37 84 1606357.18
37 85 4041281.702
37 86 3972640.03
37 87 9415271.37
37 88 7186824.3
37 89 7581776.122
37 90 1225225.254
37 91 10837759.01
37 92 1163944.09
37 93 5216065.328
37 94 8707429.656
37 95 4673817.784
37 96 1623876.778
37 97 4121952.931
37 98 9892060.994
37 99 2858299.06
38 39 6569502.504
38 40 7979796.24
38 41 8636868.787
38 42 6063406.029
38 43 3751734.681
38 44 5864100.246
38 45 7975510.521
38 46 5709729.259
38 47 5098983.284
38 48 5050375.863
38 49 2456933.713
38 50 5814924.73
38 51 5379223.632
38 52 5762940.126
38 53 2672280.215
38 54 4463396.4
38 55 4419627.668
38 56 4350290.545
38 57 2740291.695
38 58 2250012.999
38 59 1402040.632
38 60 3040423.104
38 61 7781495.295
38 62 2975786.739
38 63 4555720.726
38 64 4564702.831
38 65 1060181.12
38 66 5928158.085
38 67 5808922.414
38 68 6831449.716
38 69 2604460.729
38 70 2501143.191
38 71 7663093.342
38 72 3488054.696
38 73 6922364.355
38 74 1983926.44
38 75 3898960.267
38 76 1414604.889
38 77 3595201.133
38 78 5558181.145
38 79 5399307.635
38 80 3216788.888
38 81 978465.1742
38 82 3545134.204
38 83 2859874.985
38 84 5632096.603
38 85 6165762.684
38 86 4313771.553
38 87 5683677.053
38 88 4734054.931
38 89 3593103.006
38 90 4667499.137
38 91 5760777.106
38 92 4269382.9
38 93 6194433.964
38 94 5582068.116
38 95 3370679.975
38 96 3829867.21
38 97 9101823.399
38 98 9279816.563
38 99 2646451.961
39 40 1697695.686
39 41 2173796.291
39 42 5375241.508
39 43 5012431.915
39 44 1715549.034
39 45 7702841.749
39 46 1508198.288
39 47 3106646.393
39 48 4709822.42
39 49 4258727.463
39 50 2291907.43
39 51 1336363.107
39 52 8215466.889
39 53 4963179.956
39 54 3442368.834
39 55 2411758.828
39 56 8261064.706
39 57 8647203.729
39 58 4879966.878
39 59 6995341.383
39 60 6880322.587
39 61 5209294.065
39 62 6760580.411
39 63 2126228.01
39 64 6341953.179
39 65 7428311.016
39 66 3541884.347
39 67 841358.7021
39 68 4724915.171
39 69 6728963.174
39 70 7133787.773
39 71 1221450.295
39 72 4765712.235
39 73 5309624.356
39 74 4624665.463
39 75 9972467.974
39 76 5251611.765
39 77 8587308.101
39 78 8426993.893
39 79 8263248.422
39 80 6825139.146
39 81 7116980.368
39 82 6745998.732
39 83 6592763.398
39 84 6554764.425
39 85 4459094.598
39 86 9811661.136
39 87 3773832.77
39 88 2026147.199
39 89 4000990.827
39 90 8194021.743
39 91 7147639.457
39 92 7114215.843
39 93 3126454.582
39 94 2667147.999
39 95 3674684.214
39 96 7320287.083
39 97 8780316.04
39 98 2714612.47
39 99 6211716.687
40 41 741537.2159
40 42 5413486.661
40 43 5758898.216
40 44 2274150.146
40 45 7441563.782
40 46 3188710.776
40 47 3625128.866
40 48 6379372.731
40 49 5805381.367
40 50 2636377.745
40 51 3013344.27
40 52 8619836.174
40 53 6009739.034
40 54 4169562.362
40 55 4070436.418
40 56 9001788.884
40 57 9797305.404
40 58 6479603.118
40 59 8208572.309
40 60 7781611.058
40 61 4614198.709
40 62 8428546.378
40 63 3424255.801
40 64 6868014.615
40 65 8749424.076
40 66 3608697.536
40 67 2522152.023
40 68 4437447.014
40 69 7712413.619
40 70 8155813.292
40 71 527350.9657
40 72 5610062.942
40 73 5046316.923
40 74 6110390.611
40 75 11114139.32
40 76 6599364.593
40 77 9536071.095
40 78 8908866.494
40 79 8761885.276
40 80 7686992.634
40 81 8411538.853
40 82 8433844.344
40 83 8257599.285
40 84 6811723.502
40 85 4415593.623
40 86 10803810.49
40 87 5386818.115
40 88 3684460.21
40 89 5682715.147
40 90 8855124.698
40 91 8816822.996
40 92 7760117.622
40 93 3091117.945
40 94 4306776.75
40 95 4795683.493
40 96 8081201.712
40 97 8387686.683
40 98 1613265.442
40 99 7179914.496
41 42 6113248.246
41 43 6499505.047
41 44 3006247.145
41 45 8071312.373
41 46 3569313.972
41 47 4366659.229
41 48 6691982.958
41 49 6402643.913
41 50 3377913.305
41 51 3508594.211
41 52 9347476.965
41 53 6732079.576
41 54 4908122.922
41 55 4585391.524
41 56 9743325.616
41 57 10513728.81
41 58 7046443.832
41 59 8912907.724
41 60 8518626.774
41 61 5190479.013
41 62 8928081.599
41 63 4087244.164
41 64 7605916.543
41 65 9432543.804
41 66 4329240.676
41 67 3014344.796
41 68 5093348.296
41 69 8444043.888
41 70 8884780.369
41 71 979091.6404
41 72 6347032.34
41 73 5698332.253
41 74 6736107.809
41 75 11832967.53
41 76 7271138.025
41 77 10271857.71
41 78 9641775.565
41 79 9496020.97
41 80 8425722.941
41 81 9100230.646
41 82 8894224.769
41 83 8761819.073
41 84 7530259.879
41 85 5113473.782
41 86 11537550.59
41 87 5634100.341
41 88 4199931.649
41 89 6162287.28
41 90 9595829.116
41 91 9114200.935
41 92 8500950.417
41 93 3808793.094
41 94 4603754.402
41 95 5503692.343
41 96 8822579.545
41 97 8978416.719
41 98 895654.9062
41 99 7911958.965
42 43 2312664.085
42 44 3660376.164
42 45 2470642.847
42 46 6051837.368
42 47 2401926.906
42 48 8267756.452
42 49 5538907.486
42 50 3083916.95
42 51 5408117.144
42 52 3381083.654
42 53 3427960.51
42 54 2483984.05
42 55 5565900.593
42 56 4365417.834
42 57 6290544.243
42 58 6262708.791
42 59 5311255.858
42 60 3863930.559
42 61 2007347.744
42 62 8321038.57
42 63 4138393.065
42 64 2125984.001
42 65 6179138.825
42 66 1855534.281
42 67 5348983.73
42 68 1263054.216
42 69 4094362.994
42 70 4541521.738
42 71 5538065.02
42 72 2613348.37
42 73 965988.7946
42 74 5344448.009
42 75 7387497.183
42 76 4908829.337
42 77 5392281.005
42 78 3761234.944
42 79 3651767.207
42 80 3669856.162
42 81 5808571.623
42 82 8689187.712
42 83 8144376.858
42 84 1515764.455
42 85 999901.6869
42 86 6625642.224
42 87 7948942.765
42 88 5440811.674
42 89 6610218.246
42 90 4051161.122
42 91 10275825.3
42 92 3099149.449
42 93 2343213.325
42 94 7000865.127
42 95 3469661.399
42 96 3658906.446
42 97 3653208.875
42 98 7008611.928
42 99 3699393.63
43 44 3516626.501
43 45 4421637.653
43 46 5087602.045
43 47 2145246.657
43 48 6542982.814
43 49 3517544.498
43 50 3130029.708
43 51 4470224.376
43 52 3376623.564
43 53 1134570.83
43 54 1603918.726
43 55 4186765.352
43 56 3266464.583
43 57 4354776.906
43 58 4157773.522
43 59 3106332.823
43 60 2065377.526
43 61 4097142.635
43 62 6107708.125
43 63 3083511.548
43 64 1486303.145
43 65 3936200.489
43 66 2582136.784
43 67 4626041.624
43 68 3162080.599
43 69 2105877.72
43 70 2579804.517
43 71 5666678.89
43 72 397857.5316
43 73 3182557.705
43 74 3212386.3
43 75 5595185.986
43 76 2631097.48
43 77 3819061.512
43 78 3496037.89
43 79 3322517.387
43 80 1944518.917
43 81 3559080.235
43 82 6521824.814
43 83 5936864.946
43 84 2234840.464
43 85 2517484.224
43 86 5102321.584
43 87 6491232.785
43 88 4213950.079
43 89 4786083.868
43 90 3181607.074
43 91 8293653.592
43 92 2107417.892
43 93 3018348.312
43 94 5741333.079
43 95 1714983.598
43 96 2332262.258
43 97 5606959.778
43 98 7335496.183
43 99 1601698.352
44 45 6012731.779
44 46 2616367.892
44 47 1445341.948
44 48 5503207.38
44 49 3942710.34
44 50 581892.4932
44 51 2041076.012
44 52 6568918.154
44 53 3741677.627
44 54 1914066.459
44 55 2716361.675
44 56 6779391.38
44 57 7534278.419
44 58 4698652.379
44 59 5968744.963
44 60 5514934.712
44 61 3693583.958
44 62 6811738.494
44 63 1465526.282
44 64 4731941.196
44 65 6557015.154
44 66 1839415.212
44 67 1807881.586
44 68 3084708.221
44 69 5438517.989
44 70 5881781.994
44 71 2150253.08
44 72 3344157.023
44 73 3646221.228
44 74 4131424.968
44 75 8847460.098
44 76 4455155.734
44 77 7266353.681
44 78 6810033.936
44 79 6652474.9
44 80 5426700.417
44 81 6206754.358
44 82 6947197.14
44 83 6630204.322
44 84 4861020.445
44 85 2758901.196
44 86 8531309.101
44 87 4829108.3
44 88 2409322.292
44 89 4271595.173
44 90 6663292.18
44 91 7852696.449
44 92 5569666.595
44 93 1473745.452
44 94 3743846.436
44 95 2563615.727
44 96 5848442.9
44 97 7114245.519
44 98 3822265.413
44 99 4906171.737
45 46 8495560.862
45 47 4856810.622
45 48 10716183.61
45 49 7880854.214
45 50 5431250.112
45 51 7856047.192
45 52 3246468.182
45 53 5541598.44
45 54 4947815.117
45 55 8035720.429
45 56 4940123.217
45 57 7444101.885
45 58 8562552.602
45 59 6939612.961
45 60 5212884.798
45 61 2956756.706
45 62 10524667.9
45 63 6607580.702
45 64 3431346.996
45 65 7831256.877
45 66 4174058.723
45 67 7764717.244
45 68 3023199.977
45 69 5579525.278
45 70 5927680.557
45 71 7669002.531
45 72 4795599.373
45 73 2416036.547
45 74 7621799.57
45 75 8262690.568
45 76 7029794.668
45 77 6229704.506
45 78 3720952.825
45 79 3724881.097
45 80 5001639.769
45 81 7494877.537
45 82 10943365.21
45 83 10355459.17
45 84 2348853.073
45 85 3255415.434
45 86 7245558.603
45 87 10419419.01
45 88 7910386.346
45 89 9030167.256
45 90 4500830.315
45 91 12655348.75
45 92 4039990.876
45 93 4579074.076
45 94 9467563.707
45 95 5860741.13
45 96 4654788.15
45 97 1199464.087
45 98 8952811.293
45 99 5362540.536
46 47 3650320.553
46 48 3201652.153
46 49 3264429.168
46 50 3156749.277
46 51 647094.8173
46 52 8450514.845
46 53 4699236.41
46 54 3728500.844
46 55 1290104.247
46 56 8167799.236
46 57 8081558.819
46 58 3737218.047
46 59 6400305.102
46 60 6668319.831
46 61 6309901.885
46 62 5416222.949
46 63 2023930.145
46 64 6544468.575
46 65 6672353.728
46 66 4366539.71
46 67 836961.9251
46 68 5670292.861
46 69 6430040.991
46 70 6771797.638
46 71 2684831.216
46 72 4757713.001
46 73 6203139.387
46 74 3727802.453
46 75 9388098.197
46 76 4548738.557
46 77 8259789.319
46 78 8583309.125
46 79 8409136.053
46 80 6659470.337
46 81 6407745.612
46 82 5340404.304
46 83 5258312.474
46 84 6987982.708
46 85 5263585.765
46 86 9404732.537
46 87 2303118.253
46 88 1007906.433
46 89 2652624.597
46 90 8184100.637
46 91 5639452.605
46 92 7161502.546
46 93 4074826.036
46 94 1186792.812
46 95 3459152.266
46 96 7240953.262
46 97 9638404.881
46 98 3918091.495
46 99 5956934.983
47 48 6028900.165
47 49 3709960.323
47 50 988995.4289
47 51 3006207.354
47 52 5126200.831
47 53 2627358.433
47 54 652517.5118
47 55 3240630.881
47 56 5376765.881
47 57 6371155.799
47 58 4492712.228
47 59 4915869.229
47 60 4197969.903
47 61 3099018.318
47 62 6653225.003
47 63 1775523.349
47 64 3288117.378
47 65 5616262.456
47 66 960880.2617
47 67 2966339.374
47 68 2244205.267
47 69 4180901.325
47 70 4644038.349
47 71 3572562.664
47 72 2049721.511
47 73 2671011.323
47 74 3708481.388
47 75 7656346.561
47 76 3705361.202
47 77 5956141.426
47 78 5364751.95
47 79 5207534.02
47 80 4087382.84
47 81 5245476.624
47 82 6908571.796
47 83 6469360.549
47 84 3451304.417
47 85 1694727.357
47 86 7235948.856
47 87 5598871.963
47 88 3072495.8
47 89 4494306.944
47 90 5238954.93
47 91 8198648.748
47 92 4143599.519
47 93 1098333.669
47 94 4615459.56
47 95 1768624.663
47 96 4457016.647
47 97 6017612.445
47 98 5217622.723
47 99 3651127.104
48 49 3160370.837
48 50 5928639.423
48 51 3552872.973
48 52 9756741.699
48 53 5654258.845
48 54 5787863.325
48 55 2825389.974
48 56 8884031.098
48 57 7789063.853
48 58 2876366.496
48 59 6277911.908
48 60 7332384.554
48 61 9054923.472
48 62 3129620.263
48 63 4285504.241
48 64 7984311.922
48 65 6104009.052
48 66 6938577.006
48 67 3972586.06
48 68 8263318.677
48 69 6955423.971
48 70 7111166.607
48 71 5865273.298
48 72 6146207.954
48 73 8695537.725
48 74 3637345.313
48 75 8923018.873
48 76 4620657.289
48 77 8483989.669
48 78 9736306.519
48 79 9557570.013
48 80 7416249.388
48 81 6004753.266
48 82 2763887.822
48 83 3047569.758
48 84 8756167.481
48 85 7718857.335
48 86 9346943.751
48 87 1174921.102
48 88 3095629.89
48 89 1771954.095
48 90 9060892.794
48 91 2438314.083
48 92 8254401.061
48 93 6805177.933
48 94 2088237.609
48 95 4893296.047
48 96 8087069.926
48 97 11911574.04
48 98 6876272.771
48 99 6653166.025
49 50 4090295.58
49 51 2989769.08
49 52 6612379.849
49 53 2527055.298
49 54 3230460.932
49 55 1977378.775
49 56 5742317.582
49 57 4994714.965
49 58 784720.554
49 59 3348363.288
49 60 4183311.082
49 61 6778305.589
49 62 2947309.139
49 63 2486118.972
49 64 4892271.296
49 65 3459262.353
49 66 4666610.421
49 67 3451258.327
49 68 5869463.813
49 69 3820936.529
49 70 4021424.388
49 71 5424448.294
49 72 3122869.148
49 73 6166865.08
49 74 531461.6187
49 75 6256469.939
49 76 1525573.512
49 77 5457475.957
49 78 6578650.189
49 79 6400209.378
49 80 4259742.714
49 81 3236456.262
49 82 3208283.306
49 83 2763225.991
49 84 5751794.153
49 85 5234721.645
49 86 6453341.506
49 87 3457024.636
49 88 2314881.051
49 89 1408875.253
49 90 5904535.992
49 91 4781037.461
49 92 5099226.54
49 93 4744105.712
49 94 3165308.109
49 95 2084034.113
49 96 4928773.088
49 97 9078110.94
49 98 6966464.836
49 99 3495537.044
50 51 2555895.723
50 52 6058416.728
50 53 3509704.177
50 54 1568355.9
50 55 3108999.87
50 56 6365413.841
50 57 7293269.097
50 58 4866919.762
50 59 5783236.554
50 60 5172892.361
50 61 3173216.995
50 62 7014380.79
50 63 1716591.081
50 64 4253761.948
50 65 6429950.778
50 66 1257584.484
50 67 2367355.104
50 68 2518625.094
50 69 5135953.475
50 70 5592733.234
50 71 2602050.915
50 72 3009560.23
50 73 3071067.037
50 74 4208020.433
50 75 8591895.856
50 76 4400746.395
50 77 6931201.982
50 78 6318090.374
50 79 6164878.017
50 80 5068120.392
50 81 6068191.814
50 82 7194340.465
50 83 6830982.085
50 84 4317955.361
50 85 2177051.524
50 86 8207762.571
50 87 5319729.511
50 88 2840247.269
50 89 4589084.743
50 90 6222882.319
50 91 8233319.404
50 92 5127469.633
50 93 918815.0327
50 94 4254058.615
50 95 2449089.404
50 96 5445955.981
50 97 6536066.029
50 98 4232364.271
50 99 4603625
51 52 7823181.894
51 53 4144055.886
51 54 3084482.744
51 55 1078370.285
51 56 7591389.386
51 57 7636496.518
51 58 3567084.786
51 59 5959193.71
51 60 6112879.139
51 61 5725164.711
51 62 5424780.014
51 63 1391400.177
51 64 5916837.682
51 65 6297744.684
51 66 3742566.7
51 67 495113.8561
51 68 5056249.164
51 69 5895299.721
51 70 6256066.554
51 71 2555867.834
51 72 4150780.056
51 73 5578894.918
51 74 3401756.257
51 75 8953443.383
51 76 4137837.407
51 77 7739915.141
51 78 7965753.182
51 79 7792658.116
51 80 6093339.198
51 81 6011840.421
51 82 5420625.991
51 83 5256580.375
51 84 6343585.062
51 85 4632006.859
51 86 8910995.472
51 87 2792748.606
51 88 696075.3152
51 89 2669785.643
51 90 7591703.52
51 91 5965502.547
51 92 6556573.912
51 93 3474195.612
51 94 1702987.723
51 95 2878167.036
51 96 6658908.914
51 97 9003465.183
51 98 3994280.7
51 99 5408354.406
52 53 4103751.705
52 54 4795865.486
52 55 7556767.406
52 56 1806949.652
52 57 4461080.296
52 58 7092027.721
52 59 4457335.352
52 60 2722813.992
52 61 5183495.453
52 62 8662214.372
52 63 6431782.089
52 64 1906360.098
52 65 5281781.651
52 66 5022174.83
52 67 7936640.883
52 68 4625918.475
52 69 3159354.045
52 70 3319465.923
52 71 8653928.041
52 72 3738141.153
52 73 4173548.751
52 74 6185888.273
52 75 5097647.996
52 76 5305543.923
52 77 3127929.461
52 78 475709.5201
52 79 496675.2201
52 80 2554199.799
52 81 5019587.289
52 82 9182563.309
52 83 8519952.51
52 84 1867172.598
52 85 4333043.155
52 86 4024043.999
52 87 9822213.176
52 88 7590518.745
52 89 7985150.069
52 90 1353232.199
52 91 11223281.35
52 92 1540101.507
52 93 5544483.854
52 94 9113145.739
52 95 5079693.211
52 96 1939331.753
52 97 3994122.682
52 98 10232973.51
52 99 3234273.772
53 54 1976680.913
53 55 3607636.271
53 56 3482138.468
53 57 3794099.139
53 58 3094600.424
53 59 2288510.811
53 60 1969922.44
53 61 5110663.765
53 62 4983085.009
53 63 2857850.073
53 64 2371624.501
53 65 3016135.32
53 66 3338151.037
53 67 4411514.925
53 68 4161328.078
53 69 1768612.314
53 70 2173360.767
53 71 5819954.96
53 72 820240.7028
53 73 4256988.668
53 74 2152091.889
53 75 5105794.177
53 76 1496700.074
53 77 3627125.43
53 78 4108300.496
53 79 3928859.823
53 80 1963911.406
53 81 2639870.813
53 82 5411558.026
53 83 4814299.104
53 84 3292430.455
53 85 3496933.554
53 86 4850471.382
53 87 5754253.163
53 88 3731588.681
53 89 3882331.579
53 90 3545252.865
53 91 7254181.12
53 92 2623842.031
53 93 3676159.116
53 94 5144943.797
53 95 1292218.123
53 96 2574967.826
53 97 6719383.118
53 98 7506395.435
53 99 1265500.242
54 55 3094126.743
54 56 4869696.233
54 57 5735472.362
54 58 4001823.202
54 59 4264950.406
54 60 3613561.565
54 61 3553069.139
54 62 6147552.405
54 63 1721225.946
54 64 2905297.402
54 65 4964340.945
54 66 1494202.527
54 67 3148344.62
54 68 2639036.283
54 69 3567627.802
54 70 4024757.631
54 71 4063392.705
54 72 1444037.274
54 73 2964697.68
54 74 3166713.314
54 75 7028160.092
54 76 3081232.99
54 77 5370323.378
54 78 4988517.281
54 79 4823156.876
54 80 3517601.669
54 81 4593210.898
54 82 6438359.048
54 83 5964683.289
54 84 3259493.31
54 85 2011042.878
54 86 6643689.409
54 87 5480081.822
54 88 3001432.675
54 89 4161111.355
54 90 4769347.3
54 91 7855721.719
54 92 3681252.466
54 93 1733291.618
54 94 4572440.329
54 95 1189991.472
54 96 3936168.405
54 97 6136120.12
54 98 5735530.296
54 99 3035269.206
55 56 7087501.153
55 57 6823266.99
55 58 2499826.271
55 59 5143587.875
55 60 5551601.205
55 61 6231148.15
55 62 4358147.128
55 63 1471457.756
55 64 5672696.844
55 65 5386597.789
55 66 4125083.056
55 67 1571180.931
55 68 5454860.924
55 69 5276965.873
55 70 5587375.09
55 71 3627110.267
55 72 3818626.349
55 73 5910767.25
55 74 2438136.817
55 75 8121749.935
55 76 3281709.887
55 77 7074003.999
55 78 7637452.847
55 79 7459609.521
55 80 5565893.408
55 81 5128338.286
55 82 4381661.464
55 83 4187671.898
55 84 6268096.376
55 85 4935170.149
55 86 8184127.421
55 87 2385955.112
55 88 386548.1302
55 89 1629758.783
55 90 7147527.117
55 91 5137261.307
55 92 6175377.914
55 93 3979806.996
55 94 1556775.3
55 95 2477109.344
55 96 6181792.917
55 97 9217697.959
55 98 5064383.911
55 99 4833226.345
56 57 2665930.566
56 58 6059036.946
56 59 2958640.585
56 60 1563177.689
56 61 6351542.808
56 62 7323497.602
56 63 6246139.841
56 64 2282378.322
56 65 3682254.453
56 66 5592630.352
56 67 7812328.174
56 68 5609333.594
56 69 1929488.404
56 70 1860804.858
56 71 8929473.108
56 72 3496021.193
56 73 5298461.447
56 74 5247701.833
56 75 3324562.243
56 76 4267223.966
56 77 1321521.516
56 78 1413952.141
56 79 1318052.688
56 80 1522511.975
56 81 3482461.488
56 82 7882924.041
56 83 7201002.87
56 84 2995023.988
56 85 5142177.869
56 86 2338119.069
56 87 9151662.678
56 88 7211549.727
56 89 7151156.584
56 90 454213.7261
56 91 10044335.69
56 92 1296020.283
56 93 6093529.998
56 94 8615056.329
56 95 4713580.006
56 96 940993.0478
56 97 5780549.784
56 98 10591150.67
56 99 2273676.54
57 58 4955454.776
57 59 1681254.333
57 60 2426993.243
57 61 8273814.644
57 62 5484663.93
57 63 6522451.364
57 64 4233859.295
57 65 1703374.397
57 66 6934103.039
57 67 7994292.584
57 68 7395954.335
57 69 2256348.864
57 70 1783528.181
57 71 9585339.118
57 72 4336795.222
57 73 7254787.063
57 74 4467909.469
57 75 1325387.94
57 76 3542709.555
57 77 1388753.144
57 78 4079701.084
57 79 3980306.021
57 80 2621522.289
57 81 1791994.004
57 82 6083667.73
57 83 5410222.352
57 84 5239942.368
57 85 6799285.371
57 86 1596818.681
57 87 8376206.65
57 88 7074104.083
57 89 6272692.86
57 90 3113260.699
57 91 8358021.299
57 92 3418967.496
57 93 7349768.017
57 94 8157088.024
57 95 5015026.115
57 96 2797455.125
57 97 8378506.737
57 98 11266360.26
57 99 2754513.054
58 59 3404246.999
58 60 4531335.41
58 61 7553498.485
58 62 2162621.088
58 63 3234721.049
58 64 5460577.445
58 65 3308281.161
58 66 5447999.178
58 67 4050062.792
58 68 6639111.802
58 69 4132678.755
58 70 4252110.369
58 71 6073753.915
58 72 3772290.31
58 73 6920942.291
58 74 946212.6627
58 75 6147805.648
58 76 1805194.781
58 77 5607872.488
58 78 7014154.798
58 79 6838395.222
58 80 4637933.984
58 81 3163465.076
58 82 2441039.676
58 83 1978544.701
58 84 6376676.961
58 85 5998856.651
58 86 6489784.652
58 87 3433857.353
58 88 2872274.52
58 89 1348395.609
58 90 6270079.554
58 91 4161500.53
58 92 5557238.272
58 93 5528790.971
58 94 3397477.846
58 95 2838026.61
58 96 5312438.231
58 97 9755369.753
58 98 7561007.856
58 99 3889660.418
59 60 1777509.895
59 61 7193898.352
59 62 4376805.078
59 63 4877154.158
59 64 3514941.372
59 65 892710.3202
59 66 5594163.027
59 67 6324612.556
59 68 6265914.056
59 69 1369768.265
59 70 1140815.642
59 71 7969307.856
59 72 2974720.629
59 73 6240251.395
59 74 2817455.705
59 75 2994258.302
59 76 1866335.128
59 77 2227889.312
59 78 4214014.657
59 79 4062935.131
59 80 1978204.469
59 81 568313.6849
59 82 4947092.612
59 83 4261912.16
59 84 4599422.162
59 85 5623802.676
59 86 3108354.226
59 87 6775096.226
59 88 5392874.654
59 89 4675479.626
59 90 3295072.519
59 91 7153026.592
59 92 3028912.993
59 93 5956876.289
59 94 6498093.287
59 95 3413247.014
59 96 2520151.702
59 97 8011336.936
59 98 9641818.897
59 99 1623071.112
60 61 5848276.16
60 62 5953452.564
60 63 4805632.546
60 64 1846140.307
60 65 2650330.209
60 66 4622107.352
60 67 6368465.541
60 68 4979310.426
60 69 436795.2446
60 70 717901.0044
60 71 7650897.733
60 72 2171612.388
60 73 4827844.41
60 74 3695141.252
60 75 3579345.762
60 76 2728414.376
60 77 1758448.355
60 78 2542154.369
60 79 2375995.626
60 80 211716.1641
60 81 2345766.896
60 82 6486557.249
60 83 5816230.413
60 84 2905588.513
60 85 4398395.969
60 86 3038616.012
60 87 7588744.777
60 88 5694789.079
60 89 5592063.319
60 90 1738778.786
60 91 8585188.903
60 92 1251858.997
60 93 5076642.315
60 94 7067218.589
60 95 3245176.398
60 96 802804.9671
60 97 6254510.731
60 98 9333439.75
60 99 718718.6602
61 62 9700336.596
61 63 4771834.151
61 64 4132835.729
61 65 8033242.617
61 66 2143203.925
61 67 5494435.328
61 68 950659.0515
61 69 6049016.391
61 70 6507733.14
61 71 4915491.377
61 72 4302879.74
61 73 1053253.228
61 74 6713510.217
61 75 9391107.788
61 76 6497832.078
61 77 7399616.395
61 78 5610825.463
61 79 5526217.004
61 80 5659717.16
61 81 7656222.297
61 82 9986183.881
61 83 9517580.984
61 84 3399813.799
61 85 1617723.302
61 86 8629792.482
61 87 8491792.973
61 88 5993888.177
61 89 7584711.048
61 90 6015363.89
61 91 11284330.21
61 92 5100322.898
61 93 2262742.037
61 94 7426108.564
61 95 4734574.399
61 96 5665992.381
61 97 3788639.337
61 98 6054044.63
61 99 5617025.473
62 63 5347910.957
62 64 7250455.402
62 65 3828110.596
62 66 7606305.108
62 67 5919837.85
62 68 8777121.903
62 69 5518393.105
62 70 5467616.493
62 71 7980627.061
62 72 5747375.36
62 73 9030701.175
62 74 2997088.984
62 75 6382525.613
62 76 3502670.288
62 77 6531244.006
62 78 8493820.258
62 79 8329196.413
62 80 6110315.251
62 81 3903767.284
62 82 600841.0739
62 83 184093.0271
62 84 8251645.461
62 85 8128597.486
62 86 7077259.176
62 87 4191429.635
62 88 4744322.671
62 89 2769829.26
62 90 7628820.863
62 91 2880765.42
62 92 7134797.659
62 93 7691119.189
62 94 4687495.8
62 95 4968538.793
62 96 6754885.321
62 97 11700837.39
62 98 9334196.088
62 99 5447052.685
63 64 4525440.475
63 65 5350500.559
63 66 2654950.091
63 67 1566735.653
63 68 3983738.965
63 69 4626368.618
63 70 5019231.761
63 71 3120340.014
63 72 2775204.771
63 73 4442070.035
63 74 2715714.273
63 75 7847829.928
63 76 3184113.793
63 77 6484456.045
63 78 6577203.111
63 79 6404742.746
63 80 4768582.582
63 81 5025272.013
63 82 5496792.855
63 83 5166043.987
63 84 4975234.07
63 85 3467791.231
63 86 7695536.912
63 87 3824383.372
63 88 1302960.007
63 89 2873382.103
63 90 6225941.531
63 91 6536222.525
63 92 5178515.873
63 93 2537254.169
63 94 2864999.859
63 95 1565852.442
63 96 5308211.233
63 97 7779830.048
63 98 4773351.649
63 99 4118555.625
64 65 4407625.291
64 66 3352038.031
64 67 6035531.709
64 68 3342674.464
64 69 2170205.098
64 70 2560636.998
64 71 6854748.231
64 72 1865629.858
64 73 3085051.541
64 74 4521731.749
64 75 5276350.424
64 76 3761226.357
64 77 3267565.362
64 78 2085114.246
64 79 1923002.3
64 80 1637060.106
64 81 4065937.687
64 82 7718805.298
64 83 7091192.555
64 84 1084916.285
64 85 2859806.199
64 86 4501407.567
64 87 7972349.704
64 88 5692624.991
64 89 6216626.978
64 90 2032731.97
64 91 9622024.648
64 92 989464.8286
64 93 3865396.102
64 94 7226548.043
64 95 3200810.851
64 96 1533223.787
64 97 4537982.816
64 98 8476669.408
64 99 1932828.3
65 66 6353911.885
65 67 6703253.049
65 68 7097038.687
65 69 2255690.27
65 70 1973130.774
65 71 8470278.76
65 72 3764474.828
65 73 7097686.053
65 74 2956248.39
65 75 2839543.785
65 76 2176718.54
65 77 2723246.353
65 78 5006628.273
65 79 4864741.925
65 80 2855640.857
65 81 378699.4511
65 82 4421548.632
65 83 3740333.705
65 84 5492033.693
65 85 6446211.519
65 86 3294937.959
65 87 6742103.257
65 88 5679293.208
65 89 4647883.098
65 90 4058505.446
65 91 6683675.094
65 92 3895906.045
65 93 6685278.102
65 94 6612150.879
65 95 3998090.879
65 96 3359594.252
65 97 8897859.449
65 98 10118777.54
65 99 2508662.127
66 67 3604215.797
66 68 1331883.818
66 69 4688012.992
66 70 5161911.227
66 71 3695609.668
66 72 2625165.736
66 73 1836762.359
66 74 4645820.008
66 75 8176194.337
66 76 4564374.596
66 77 6350559.849
66 78 5332090.494
66 79 5193169.644
66 80 4477731.162
66 81 5977016.34
66 82 7868123.157
66 83 7422626.801
66 84 3203030.941
66 85 919490.4393
66 86 7634508.81
66 87 6441495.711
66 88 3917411.951
66 89 5442054.152
66 90 5381502.525
66 91 9143331.075
66 92 4305413.229
66 93 522442.7999
66 94 5414135.573
66 95 2679341.543
66 96 4725376.43
66 97 5286305.255
66 98 5218960.012
66 99 4179602.607
67 68 4885811.898
67 69 6177035.779
67 70 6556874.601
67 71 2060884.347
67 72 4333480.081
67 73 5434528.338
67 74 3842560.133
67 75 9316178.153
67 76 4531758.469
67 77 8031887.03
67 78 8106235.522
67 79 7936269.342
67 80 6334478.441
67 81 6406243.776
67 82 5912109.656
67 83 5751693.576
67 84 6381931.391
67 85 4514763.831
67 86 9226167.672
67 87 3131390.118
67 88 1186371.969
67 89 3163172.455
67 90 7786124.628
67 91 6400270.779
67 92 6730092.19
67 93 3278990.502
67 94 2017028.511
67 95 3123840.899
67 96 6873842.041
67 97 8889964.388
67 98 3517556.467
67 99 5675896.849
68 69 5154621.2
68 70 5619458.425
68 71 4647204.663
68 72 3355927.072
68 73 609879.1183
68 74 5784487.249
68 75 8546068.768
68 76 5548562.028
68 77 6585909.786
68 78 5017599.586
68 79 4911772.568
68 80 4798419.869
68 81 6719321.328
68 82 9077102.699
68 83 8594976.016
68 84 2769732.191
68 85 667191.2814
68 86 7838239.383
68 87 7772196.219
68 88 5249161.443
68 89 6735729.859
68 90 5307307.362
68 91 10440741.2
68 92 4328867.033
68 93 1612106.304
68 94 6738292.197
68 95 3808591.689
68 96 4863557.363
68 97 4057950.691
68 98 5984700.938
68 99 4705994.499
69 70 474335.0623
69 71 7553371.453
69 72 2131214.063
69 73 5049516.628
69 74 3320572.763
69 75 3491273.888
69 76 2337762.179
69 77 1858778.14
69 78 2975771.665
69 79 2810832.057
69 80 617620.0786
69 81 1935350.115
69 82 6053740.062
69 83 5382120.595
69 84 3249306.413
69 85 4547888.62
69 86 3097490.211
69 87 7250941.797
69 88 5442638.352
69 89 5228735.601
69 90 2148739.652
69 91 8162678.859
69 92 1675577.428
69 93 5117848.021
69 94 6771166.646
69 95 3060830.315
69 96 1236497.855
69 97 6642543.49
69 98 9239951.938
69 99 532993.13
70 71 7985119.251
70 72 2594987.797
70 73 5500793.828
70 74 3503364.825
70 75 3019714.811
70 76 2502589.355
70 77 1488451.795
70 78 3074016.688
70 79 2922182.833
70 80 929523.3447
70 81 1700192.118
70 82 6023526.892
70 83 5342618.156
70 84 3623434.303
70 85 5017262.945
70 86 2677904.01
70 87 7474773.687
70 88 5774785.229
70 89 5417704.165
70 90 2166579.314
70 91 8186112.945
70 92 1931267.923
70 93 5589760.965
70 94 7052419.017
70 95 3459182.78
70 96 1387606.259
70 97 6959118.047
70 98 9672101.205
70 99 993496.8298
71 72 5484683.325
71 73 5256532.249
71 74 5757336.381
71 75 10907770.6
71 76 6303860.083
71 77 9395184.383
71 78 8919760.024
71 79 8766902.512
71 80 7569135.529
71 81 8141996.211
71 82 7966745.837
71 83 7812140.915
71 84 6881801.069
71 85 4552002.584
71 86 10650784.56
71 87 4862868.822
71 88 3240672.474
71 89 5222422.316
71 90 8808365.702
71 91 8301391.336
71 92 7713613.013
71 93 3194952.453
71 94 3787734.648
71 95 4570321.741
71 96 7998654.221
71 97 8656271.017
71 98 1686982.854
71 99 7023683.683
72 73 3437135.19
72 74 2828470.292
72 75 5610790.841
72 76 2296699.167
72 77 3926864.559
72 78 3833266.749
72 79 3657330.035
72 80 2084493.676
72 81 3385784.026
72 82 6150300.697
72 83 5574644.679
72 84 2631336.63
72 85 2695278.158
72 86 5199672.026
72 87 6106733.102
72 88 3861946.311
72 89 4388425.794
72 90 3452653.333
72 91 7901091.873
72 92 2405793.987
72 93 3016338.424
72 94 5375065.864
72 95 1341579.487
72 96 2555046.143
72 97 5985158.447
72 98 7164719.357
72 99 1601680.281
73 74 6034343.312
73 75 8352636.737
73 76 5702586.057
73 77 6352616.52
73 78 4588325.504
73 79 4496363.562
73 80 4634857.599
73 81 6723845.472
73 82 9361570.418
73 83 8850594.142
73 84 2358578.626
73 85 976891.053
73 86 7578321.83
73 87 8256928.549
73 88 5728506.605
73 89 7117478.138
73 90 4964883.017
73 91 10817785.07
73 92 4048288.531
73 93 2184666.332
73 94 7244193.099
73 95 4084387.94
73 96 4618089.208
73 97 3471705.986
73 98 6588360.156
73 99 4639842.201
74 75 5736326.845
74 76 1001579.883
74 77 4930695.434
74 78 6129787.592
74 79 5952394.352
74 80 3782484.06
74 81 2719106.661
74 82 3344818.591
74 83 2816460.766
74 84 5430589.829
74 85 5133076.175
74 86 5921913.214
74 87 3983521.036
74 88 2750389.506
74 89 1914712.355
74 90 5426009.295
74 91 5102139.559
74 92 4659231.918
74 93 4781032.204
74 94 3689386.682
74 95 1979244.67
74 96 4455241.424
74 97 8813172.162
74 98 7339262.787
74 99 3021904.44
75 76 4840798.569
75 77 2047600.117
75 78 4656128.762
75 79 4600979.753
75 80 3750662.255
75 81 3020624.966
75 82 6981495.299
75 83 6336492.535
75 84 6200869.033
75 85 7976176.297
75 86 1203434.037
75 87 9581577.879
75 88 8381812.099
75 89 7485702.356
75 90 3770781.216
75 91 9257500.944
75 92 4364196.481
75 93 8609095.564
75 94 9421454.246
75 95 6337847.473
75 96 3757121.412
75 97 9091035.894
75 98 12589778.93
75 99 4011886.832
76 77 3931997.462
76 78 5213039.131
76 79 5038090.541
76 80 2832740.575
76 81 1875045.841
76 82 3957837.515
76 83 3338367.743
76 84 4749222.438
76 85 4881784.974
76 86 4949097.296
76 87 4982531.434
76 88 3544152.051
76 89 2915170.178
76 90 4466608.392
76 91 5918706.454
76 92 3766502.161
76 93 4803450.123
76 94 4639639.168
76 95 1959912.076
76 96 3507245.259
76 97 8200942.191
76 98 7944892.477
76 99 2086920.644
77 78 2721052.852
77 79 2636633.39
77 80 1877821.213
77 81 2631822.893
77 82 7116937.91
77 83 6431519.247
77 84 4157661.493
77 85 6049111.019
77 86 1284970.433
77 87 8914047.125
77 88 7263228.353
77 89 6834437.322
77 90 1775733.938
77 91 9353939.475
77 92 2326846.389
77 93 6817542.146
77 94 8528906.676
77 95 4919276.987
77 96 1734828.851
77 97 7097952.708
77 98 11080089.9
77 99 2377987.395
78 79 179440.9572
78 80 2398342.751
78 81 4766790.824
78 82 9028711.587
78 83 8357878.18
78 84 2247868.069
78 85 4687474.309
78 86 3564221.529
78 87 9858658.603
78 88 7694711.948
78 89 7969220.745
78 90 974102.741
78 91 11113397.87
78 92 1485180.812
78 93 5854030.418
78 94 9193346.842
78 95 5166368.04
78 96 1739529.15
78 97 4445706.89
78 98 10521542.08
78 99 3126198.557
79 80 2228168.07
79 81 4618536.031
79 82 8861900.962
79 83 8192214.889
79 84 2144658.728
79 85 4565053.443
79 86 3531797.931
79 87 9679308.446
79 88 7518299.543
79 89 7790267.583
79 90 867103.7424
79 91 10941136.58
79 92 1305812.408
79 93 5714529.348
79 94 9015350.112
79 95 4989284.834
79 96 1574421.588
79 97 4490590.386
79 98 10374003.49
79 99 2951547.982
80 81 2545917.169
80 82 6636859.094
80 83 5970173.61
80 84 2694132.388
80 85 4226023.04
80 86 3162674.827
80 87 7641879.401
80 88 5695480.497
80 89 5666579.825
80 90 1644853.947
80 91 8716351.72
80 92 1057957.905
80 93 4940571.409
80 94 7092601.765
80 95 3217241.002
80 96 674585.8523
80 97 6045936.485
80 98 9248396.213
80 99 764796.2364
81 82 4486394.697
81 83 3800636.451
81 84 5150845.622
81 85 6067982.705
81 86 3344570.822
81 87 6586496.984
81 88 5408006.539
81 89 4483826.104
81 90 3836138.071
81 91 6723680.104
81 92 3597226.014
81 93 6311493.923
81 94 6400992.632
81 95 3644466.45
81 96 3084671.121
81 97 8573609.385
81 98 9797795.36
81 99 2152280.821
82 83 686010.8773
82 84 8698371.374
82 85 8439181.014
82 86 7676974.697
82 87 3887149.898
82 88 4762254.306
82 89 2754173.705
82 90 8178064.704
82 91 2279938.873
82 92 7648800.416
82 93 7916306.143
82 94 4506384.052
82 95 5279058.764
82 96 7289250.427
82 97 12127577.85
82 98 9247044.609
82 99 5955157.842
83 84 8087517.335
83 85 7946988.488
83 86 7005390.65
83 87 4086069.851
83 88 4574065.536
83 89 2608301.918
83 90 7500169.466
83 91 2947800.268
83 92 6989786.918
83 93 7507026.274
83 94 4550368.614
83 95 4786391.793
83 96 6618429.807
83 97 11533188.82
83 98 9175527.91
83 99 5299378.132
84 85 2469986.743
84 86 5320109.132
84 87 8629439.538
84 88 6227988.666
84 89 7009936.627
84 90 2629501.857
84 91 10524232.28
84 92 1839434.306
84 93 3721754.841
84 94 7794361.511
84 95 3872573.298
84 96 2457031.876
84 97 3474186.614
84 98 8421366.057
84 99 3013789.722
85 86 7316170.766
85 87 7286628.989
85 88 4758174.288
85 89 6149005.395
85 90 4873381.782
85 91 9851915.513
85 92 3848099.869
85 93 1364840.477
85 94 6283537.583
85 95 3162557.348
85 96 4347521.685
85 97 4376713.149
85 98 6008900.827
85 99 4083782.78
86 87 9882414.224
86 88 8399962.535
86 89 7781022.072
86 90 2754521.101
86 91 9953016.512
86 92 3530317.615
86 93 8102476.93
86 94 9588145.246
86 95 6137004.088
86 96 2974754.304
86 97 8009217.237
86 98 12337252.45
86 99 3627435.944
87 88 2528538.9
87 89 2103847.704
87 90 9274295.027
87 91 3496675.998
87 92 8376436.667
87 93 6229996.277
87 94 1116334.623
87 95 4780174.102
87 96 8295007.711
87 97 11598570.38
87 98 5756659.16
87 99 6880515.518
88 89 2008404.687
88 90 7248292.093
88 91 5452050.761
88 92 6249264.507
88 93 3732808.774
88 94 1571198.451
88 95 2532280.083
88 96 6293148.982
88 97 9082597.13
88 98 4688751.66
88 99 4979602.886
89 90 7311018.291
89 91 3705058.098
89 92 6485991.78
89 93 5393900.601
89 94 2092765.975
89 95 3173193.56
89 96 6334062.866
89 97 10229105.95
89 98 6567944.918
89 99 4901963.609
90 91 10309096.73
90 92 1095440.279
90 93 5891625.431
90 94 8689756.758
90 95 4725619.098
90 96 979591.4617
90 97 5328104.956
90 98 10455229.57
90 99 2409104.779
91 92 9683449.341
91 93 9072715.152
91 94 4516783.242
91 95 6808424.491
91 96 9384194.026
91 97 13853932.45
91 98 9252223.469
91 99 7994177.023
92 93 4810893.246
92 94 7728664.567
92 95 3717010.98
92 96 622044.1575
92 97 5036342.568
92 98 9359804.31
92 99 1695524.586
93 94 5170581.824
93 95 2864002.367
93 96 5215507.338
93 97 5656367.479
93 98 4699631.604
93 99 4600053.184
94 95 4033685.085
94 96 7719412.666
94 97 10633004.57
94 98 4813952.424
94 99 6348811.716
95 96 3783050.291
95 97 7060152.869
95 98 6252023.003
95 99 2553249.417
96 97 5631544.842
96 98 9664890.686
96 99 1433972.177
97 98 9842344.248
97 99 6467868.867
98 99 8709957.24
