4950
0 1 2486403.066
0 2 8916441.209
0 3 5794635.006
0 4 3430029.215
0 5 8082481.247
0 6 7769786.558
0 7 6164189.204
0 8 6955610.289
0 9 7013454.841
0 10 1412227.917
0 11 7288023.402
0 12 5826839.805
0 13 7740097.284
0 14 8021358.715
0 15 7779830.613
0 16 7698201.403
0 17 5894403.436
0 18 7229486.195
0 19 1011968.372
0 20 7079826.402
0 21 10070450.72
0 22 4137165.093
0 23 8750120.11
0 24 5730520.349
0 25 8201577.953
0 26 6216145.534
0 27 2108210.686
0 28 2533570.315
0 29 3606227.969
0 30 6873073.468
0 31 5658005.194
0 32 2315664.372
0 33 8524595.121
0 34 5088423.73
0 35 1233190.996
0 36 5105083.488
0 37 8351848.756
0 38 6070639.742
0 39 6636953.46
0 40 8089984.86
0 41 4244190.942
0 42 5788184.466
0 43 6700707.997
0 44 1616843.608
0 45 4056016.899
0 46 2773095.67
0 47 9888968.871
0 48 6333617.291
0 49 8403808.814
0 50 7076828.536
0 51 8142181.315
0 52 6320971.03
0 53 8110561.75
0 54 5387518.061
0 55 8965378.546
0 56 3703857.689
0 57 8374483.29
0 58 9140988.103
0 59 5405102.879
0 60 6694823.141
0 61 3814507.911
0 62 6689677.747
0 63 9210663.978
0 64 4735873.029
0 65 6947383.845
0 66 7218404.23
0 67 7013942.23
0 68 6237521.82
0 69 9755806.737
0 70 1508609.753
0 71 9806065.601
0 72 9903464.396
0 73 7674312.82
0 74 9197747.673
0 75 2796856.804
0 76 326792.3989
0 77 5590706.511
0 78 9018590.387
0 79 6139870.878
0 80 8075626.911
0 81 7178844.142
0 82 5178538.752
0 83 7965243.522
0 84 7152652.455
0 85 2480351.516
0 86 7046704.091
0 87 9027920.733
0 88 1481544.857
0 89 1579201.469
0 90 6316458.946
0 91 1289330.375
0 92 3520789.962
0 93 5499835.8
0 94 7708813.816
0 95 1740424.286
0 96 6606022.397
0 97 7639965.593
0 98 2168456.556
0 99 9428470.735
1 2 7824611.568
1 3 3678154.678
1 4 4666392.522
1 5 5780573.569
1 6 7942107.471
1 7 3678026.154
1 8 5325012.003
1 9 6569087.745
1 10 3696229.013
1 11 5905734.061
1 12 6436715.186
1 13 8037781.174
1 14 6617905.055
1 15 5467837.158
1 16 5918921.415
1 17 3600695.992
1 18 4752386.609
1 19 2292342.877
1 20 7601499.149
1 21 8198085.053
1 22 2284992.786
1 23 7707442.967
1 24 4029692.189
1 25 6476348.52
1 26 4507222.981
1 27 1405366.218
1 28 4381249.944
1 29 3834059.631
1 30 5487099.377
1 31 4206611.842
1 32 840117.5281
1 33 6304902.038
1 34 2658581.046
1 35 3719568.771
1 36 2638047.919
1 37 8376614.653
1 38 3600505.477
1 39 4201931.354
1 40 6107926.758
1 41 1897991.083
1 42 3320034.688
1 43 6006233.454
1 44 2497785.738
1 45 4516655.796
1 46 1972276.008
1 47 8171644.312
1 48 4114141.041
1 49 6167886.899
1 50 5639241.658
1 51 7956924.381
1 52 5104392.428
1 53 8466546.395
1 54 3191621.001
1 55 7236518.041
1 56 1703449.256
1 57 6312307.981
1 58 7769563.285
1 59 3403450.145
1 60 4309519.181
1 61 4995603.602
1 62 4232015.512
1 63 7621073.439
1 64 2300250.944
1 65 7293038.356
1 66 4807513.377
1 67 6952396.412
1 68 3821354.101
1 69 7931696.92
1 70 1281770.615
1 71 7584100.846
1 72 8200591.351
1 73 5631225.453
1 74 7387943.125
1 75 4559241.475
1 76 2807002.69
1 77 4708078.467
1 78 6695849.257
1 79 6718904.407
1 80 5857111.65
1 81 6885123.182
1 82 4672726.971
1 83 7476388.803
1 84 4971573.718
1 85 187841.8694
1 86 6561570.598
1 87 7322728.932
1 88 3739658.898
1 89 3154113.748
1 90 4848695.657
1 91 3421684.083
1 92 1754140.453
1 93 4234022.079
1 94 5311904.112
1 95 4013968.224
1 96 5493688.75
1 97 6494123.124
1 98 4652401.924
1 99 7267876.64
2 3 9841890.529
2 4 7008888.195
2 5 5579194.36
2 6 4230874.076
2 7 7605655.726
2 8 2918620.331
2 9 2610435.709
2 10 8901336.852
2 11 2051703.809
2 12 5425901.954
2 13 4629730.794
2 14 1551104.379
2 15 5621489.774
2 16 3009174.058
2 17 5711864.578
2 18 7299845.573
2 19 9515277.066
2 20 5228450.98
2 21 3529386.958
2 22 9499255.931
2 23 230931.3901
2 24 4008868.865
2 25 2640603.977
2 26 3648511.027
2 27 9194631.119
2 28 8176614.849
2 29 5630167.517
2 30 2421924.438
2 31 3649426.573
2 32 8663465.064
2 33 5082495.551
2 34 8215679.946
2 35 9659130.365
2 36 7895397.352
2 37 3850387.376
2 38 8050066.951
2 39 8658878.375
2 40 3779255.631
2 41 6553557.798
2 42 8011493.15
2 43 2393514.837
2 44 7366005.709
2 45 5619477.588
2 46 6244021.891
2 47 2738527.587
2 48 9773975.886
2 49 5170516.48
2 50 2349464.04
2 51 3115319.461
2 52 2720597.038
2 53 4908776.176
2 54 5512322.204
2 55 2581754.266
2 56 8988907.596
2 57 4164986.736
2 58 1090171.566
2 59 9944225.547
2 60 6137046.032
2 61 6862680.351
2 62 6850714.46
2 63 1995115.874
2 64 8101904.948
2 65 4691599.479
2 66 6373330.201
2 67 3548470.182
2 68 6402486.571
2 69 3181259.162
2 70 7675725.673
2 71 5435633.03
2 72 2680696.819
2 73 4121629.549
2 74 2977480.839
2 75 8026425.669
2 76 9151849.214
2 77 3325793.213
2 78 5935009.923
2 79 5334352.73
2 80 5030365.482
2 81 2900369.05
2 82 3850134.69
2 83 2157942.229
2 84 4873202.302
2 85 7650926.181
2 86 2506123.221
2 87 2480068.891
2 88 8860042.16
2 89 7831698.056
2 90 3067614.708
2 91 8573404.748
2 92 6073494.049
2 93 3592479.148
2 94 6299550.618
2 95 8975499.786
2 96 2350769.754
2 97 1330502.266
2 98 10168228.94
2 99 4903062.44
3 4 8336560.721
3 5 5518508.543
3 6 11121912.84
3 7 2496026.479
3 8 6938034.731
3 9 9399903.045
3 10 7172151.584
3 11 7792278.84
3 12 9909858.126
3 13 11288835.11
3 14 8353455.311
3 15 5243324.287
3 16 7124161.039
3 17 4181624.495
3 18 3491480.385
3 19 5097768.489
3 20 10989404.19
3 21 8824499.59
3 22 1693487.246
3 23 9800308.655
3 24 5881828.523
3 25 7680551.198
3 26 6196649.811
3 27 3735783.734
3 28 8021375.2
3 29 7335692.754
3 30 7447694.92
3 31 6378994.899
3 32 3491984.094
3 33 6252797.588
3 34 1639116.359
3 35 6932661.351
3 36 1951094.258
3 37 11435501.25
3 38 2018399.519
3 39 1844166.739
3 40 6815546.849
3 41 3516027.596
3 42 1931554.51
3 43 8679832.26
3 44 6174108.665
3 45 8039184.199
3 46 5409991.811
3 47 9136817.203
3 48 641115.3917
3 49 6085127.415
3 50 7494426.712
3 51 10884618.42
3 52 7365808.276
3 53 11733237.22
3 54 4331119.333
3 55 8307422.789
3 56 2095890.571
3 57 6762926.219
3 58 9395948.122
3 59 497942.7014
3 60 4105279.834
3 61 8656059.239
3 62 3483685.657
3 63 8901648.468
3 64 1832831.824
3 65 10605465.84
3 66 4237995.294
3 67 10039299.94
3 68 3650365.063
3 69 8702446.075
3 70 4941694.397
3 71 7291895.38
3 72 9191193.865
3 73 6289130.91
3 74 8267390.544
3 75 8215953.955
3 76 6060994.462
3 77 7405661.984
3 78 6135164.427
3 79 10167813.21
3 80 5911772.927
3 81 9808333.715
3 82 7687247.172
3 83 10184949.35
3 84 5402505.514
3 85 3812646.147
3 86 9358746.391
3 87 8427681.721
3 88 7230437.507
3 89 6800473.196
3 90 6831272.853
3 91 6955026.953
3 92 4576002.409
3 93 6633185.031
3 94 4671998.667
3 95 7502380.473
3 96 7807054.373
3 97 8607552.08
3 98 7860378.269
3 99 7240450.947
4 5 8464787.472
4 6 4634575.871
4 7 7726193.96
4 8 6157288.646
4 9 4563090.591
4 10 2483223.273
4 11 6036549.517
4 12 2530177.503
4 13 4519899.16
4 14 6676593.193
4 15 8227063.906
4 16 7013118.577
4 17 6583500.596
4 18 8470377.769
4 19 4430468.941
4 20 3760899.882
4 21 9267074.295
4 22 6905230.253
4 23 6796326.581
4 24 5352145.947
4 25 7346144.503
4 26 5715513.948
4 27 5181478.025
4 28 1307894.5
4 29 1678715.12
4 30 5711616.36
4 31 4921061.221
4 32 5070632.479
4 33 8632497.837
4 34 7113374.621
4 35 3384072.739
4 36 6979134.592
4 37 5292683.159
4 38 7841898.657
4 39 8545818.685
4 40 7721971.19
4 41 5471634.298
4 42 7595016.669
4 43 4616916.558
4 44 2218940.365
4 45 1399905.402
4 46 3123393.285
4 47 8822309.459
4 48 8732807.304
4 49 8567230.333
4 50 5950636.641
4 51 5280066.568
4 52 5042743.501
4 53 4838896.393
4 54 5971855.106
4 55 8016783.986
4 56 6346536.207
4 57 8133697.605
4 58 7601358.533
4 59 8068996.821
4 60 7517482.265
4 61 384534.929
4 62 7832725.681
4 63 8000740.771
4 64 6770298.107
4 65 3742783.358
4 66 8071036.275
4 67 4149382.515
4 68 7240257.466
4 69 8891960.196
4 70 3454743.931
4 71 9797082.589
4 72 8810564.287
4 73 7489336.77
4 74 8365759.919
4 75 1079001.357
4 76 3439371.071
4 77 4064368.004
4 78 9370624.318
4 79 2839299.769
4 80 8232499.434
4 81 4533086.689
4 82 3292885.262
4 83 5432747.347
4 84 7347288.055
4 85 4524629.564
4 86 4638751.24
4 87 8031277.123
4 88 2408424.869
4 89 1856737.441
4 90 5411383.108
4 91 2313564.686
4 92 4244755.074
4 93 4546090.537
4 94 8450351.497
4 95 2373926.935
4 96 5107486.566
4 97 5982310.816
4 98 3491739.465
4 99 9296945.772
5 6 8665790.262
5 7 3038086.187
5 8 3092277.191
5 9 6557919.165
5 10 8926099.635
5 11 3929748.102
5 12 8559464.911
5 13 8988041.287
5 14 4077410.964
5 15 316871.0022
5 16 2605571.22
5 17 2192367.539
5 18 2119289.348
5 19 8071388.742
5 20 9139578.84
5 21 3407784.221
5 22 6077145.721
5 23 5648447.852
5 24 3198019.435
5 25 2945506.137
5 26 2988296.718
5 27 7018140.345
5 28 8996203.069
5 29 6819572.369
5 30 3850767.873
5 31 3768535.633
5 32 6428666.118
5 33 743942.8421
5 34 4264707.108
5 35 9262286.547
5 36 3980309.357
5 37 8641105.347
5 38 3504815.797
5 39 3809782.94
5 40 1808730.97
5 41 3886064.923
5 42 3640638.562
5 43 5757378.933
5 44 7222096.386
5 45 7356286.135
5 46 5691927.306
5 47 3894539.188
5 48 5171398.339
5 49 578349.0323
5 50 3716485.12
5 51 7905594.149
5 52 4282546.276
5 53 9403665.749
5 54 2708461.503
5 55 3270835.271
5 56 5832978.245
5 57 1501636.046
5 58 4735040.965
5 59 5839111.467
5 60 1559085.962
5 61 8585847.726
5 62 2043978.756
5 63 3960716.954
5 64 4395575.963
5 65 8597525.351
5 66 1281204.666
5 67 7577003.948
5 68 2092481.831
5 69 3373042.016
5 70 6584401.381
5 71 1865558.686
5 72 3961594.244
5 73 1489682.822
5 74 3068169.7
5 75 9025254.263
5 76 8407116.277
5 77 5044359.55
5 78 942288.9742
5 79 8676987.322
5 80 555062.1221
5 81 7046704.397
5 82 5804043.05
5 83 6924543.029
5 84 1132384.908
5 85 5711412.876
5 86 6463018.373
5 87 3400910.577
5 88 8935611.23
5 89 7981628.309
5 90 3611096.16
5 91 8578263.084
5 92 4639630.853
5 93 4205600.921
5 94 889916.9617
5 95 9176077.652
5 96 4599334.035
5 97 4787644.884
5 98 10121903.1
5 99 1724297.011
6 7 9527688.271
6 8 5579359.983
6 9 2111502.218
6 10 7089319.996
6 11 4824653.25
6 12 2144021.759
6 13 400061.9181
6 14 5004786.961
6 15 8573390.593
6 16 6222464.202
6 17 7738473.203
6 18 9732308.608
6 19 8676495.42
6 20 1197175.27
6 21 7634346.102
6 22 10147666.9
6 23 4010843.575
6 24 5790622.066
6 25 6178407.44
6 26 5787141.14
6 27 8989436.501
6 28 5935504.489
6 29 4251662.33
6 30 4824068.802
6 31 5161643.248
6 32 8648123.929
6 33 8430614.7
6 34 9553826.65
6 35 7985183.753
6 36 9294872.928
6 37 704507.6959
6 38 9850445.274
6 39 10572371.75
6 40 7131761.394
6 41 7629382.836
6 42 9696322.545
6 43 2908634.528
6 44 6208173.866
6 45 3715622.44
6 46 5970270.417
6 47 6899493.721
6 48 11297180.75
6 49 8455790.191
6 50 4983976.424
6 51 1160305.029
6 52 4407042.628
6 53 742222.9424
6 54 7249786.643
6 55 6488404.313
6 56 9559222.637
6 57 7594374.186
6 58 5263606.429
6 59 11031045.35
6 60 8524226.126
6 61 4307338.416
6 62 9130393.169
6 63 6074025.269
6 64 9299797.22
6 65 911727.6839
6 66 8962208.785
6 67 1126649.613
6 68 8538662.357
6 69 7256335.804
6 70 7139366.919
6 71 9173944.574
6 72 6850755.968
6 73 7227846.027
6 74 6912530.97
6 75 5683942.848
6 76 7871748.018
6 77 3877215.058
6 78 9320249.244
6 79 1865392.109
6 80 8201311.697
6 81 1624875.59
6 82 3439128.089
6 83 2079664.232
6 84 7633693.511
6 85 7756632.226
6 86 2211454.49
6 87 6425531.331
6 88 7019236.311
6 89 6253260.661
6 90 5092795.978
6 91 6869678.637
6 92 6563320.037
6 93 4768314.822
6 94 9109940.42
6 95 7005762.005
6 96 4066621.049
6 97 4110525.907
6 98 8118556.087
6 99 8611903.034
7 8 4691577.633
7 9 7600443.997
7 10 7328505.156
7 11 5593567.892
7 12 8714062.511
7 13 9759478.91
7 14 6071968.109
7 15 2754150.17
7 16 4742274.457
7 17 1912852.925
7 18 1194155.829
7 19 5836113.759
7 20 9629005.81
7 21 6330684.275
7 22 3168355.377
7 23 7594301.156
7 24 3848767.061
7 25 5277393.106
7 26 4047740.239
7 27 4564705.527
7 28 7813380.675
7 29 6351423.379
7 30 5301686.515
7 31 4438929.263
7 32 4048051.447
7 33 3764885.791
7 34 1339980.835
7 35 7397203.092
7 36 1147729.501
7 37 9723489.559
7 38 481882.4705
7 39 1072824.554
7 40 4349189.807
7 41 2254560.17
7 42 612384.5335
7 43 6818071.434
7 44 5871479.768
7 45 7031749.821
7 46 4603687.208
7 47 6665581.837
7 48 2235787.236
7 49 3597455.685
7 50 5301750.116
7 51 9089683.952
7 52 5367642.027
7 53 10205633.59
7 54 2291211.623
7 55 5862713.966
7 56 3063701.478
7 57 4272833.676
7 58 7046980.617
7 59 2801028.071
7 60 1619049.527
7 61 7969290.442
7 62 994264.9431
7 63 6482835.194
7 64 1590170.097
7 65 9168348.373
7 66 1758589.603
7 67 8405051.832
7 68 1216743.77
7 69 6217044.537
7 70 4843723.63
7 71 4852973.31
7 72 6722287.943
7 73 3829993.574
7 74 5796691.387
7 75 7934456.497
7 76 6483627.673
7 77 5657855.714
7 78 3726550.18
7 79 8924073.771
7 80 3416187.48
7 81 8054570.521
7 82 6144388.588
7 83 8269930.193
7 84 2941763.462
7 85 3699269.545
7 86 7538539.295
7 87 5986273.385
7 88 7363514.852
7 89 6622045.769
7 90 4746022.205
7 91 7026596.47
7 92 3490293.809
7 93 4786538.243
7 94 2225590.582
7 95 7633620.028
7 96 5800582.077
7 97 6458226.792
7 98 8330271.194
7 99 4762346.259
8 9 3468810.072
8 10 7348196.366
8 11 918920.6565
8 12 5677402.458
8 13 5909427.338
8 14 1418695.866
8 15 3025065.668
8 16 856309.1138
8 17 2793270.02
8 18 4476059.766
8 19 7330562.212
8 20 6116628.306
8 21 3183255.38
8 22 6716708.601
8 23 2902782.536
8 24 1295412.12
8 25 1258001.345
8 26 825170.4754
8 27 6730322.61
8 28 7012567.027
8 29 4491699.179
8 30 758515.8009
8 31 1325957.281
8 32 6153880.33
8 33 2876328.093
8 34 5323011.997
8 35 7936406.417
8 36 4999683.106
8 37 5551300.796
8 38 5132362.286
8 39 5750714.774
8 40 1663138.684
8 41 3782243.112
8 42 5093385.673
8 43 2674978.839
8 44 5626467.149
8 45 4847688.71
8 46 4188348.43
8 47 2933400.805
8 48 6856140.323
8 49 2886819.161
8 50 650606.5793
8 51 4821449.324
8 52 1273389.521
8 53 6319190.351
8 54 2624610.701
8 55 2012956.028
8 56 6246145.967
8 57 2122409.327
8 58 2518481.936
8 59 7062375.37
8 60 3275215.936
8 61 6174145.185
8 62 3977066.234
8 63 2301046.79
8 64 5233550.055
8 65 5562631.028
8 66 3587000.065
8 67 4503584.434
8 68 3496896.871
8 69 2836772.994
8 70 5521415.92
8 71 3804284.411
8 72 2948878.502
8 73 1654312.787
8 74 2282470.334
8 75 6957644.198
8 76 7243529.704
8 77 2202878.504
8 78 3756943.134
8 79 5749816.87
8 80 2622614.269
8 81 3957211.699
8 82 3027491.429
8 83 3858760.826
8 84 2127235.516
8 85 5173292.21
8 86 3372332.929
8 87 2072351.689
8 88 7330622.325
8 89 6278780.83
8 90 745907.4366
8 91 6992089.352
8 92 3613929.475
8 93 1624609.53
8 94 3623069.734
8 95 7516579.55
8 96 1521329.39
8 97 1806871.955
8 98 8637612.37
8 99 3259217.94
9 10 6709580.173
9 11 2724371.067
9 12 2818818.363
9 13 2452733.225
9 14 2981894.166
9 15 6472277.352
9 16 4119306.77
9 17 5750388.675
9 18 7704685.377
9 19 7780697.87
9 20 2799717.612
9 21 5698028.207
9 22 8625093.091
9 23 2381038.723
9 24 3780232.232
9 25 4110247.266
9 26 3720158.534
9 27 7792736.03
9 28 5810390.162
9 29 3447874.389
9 30 2712762.415
9 31 3166834.59
9 32 7356342.278
9 33 6320517.071
9 34 7784130.101
9 35 7542927.982
9 36 7501073.856
9 37 2139802.495
9 38 7958528.085
9 39 8663985.246
9 40 5027800.884
9 41 5885474.416
9 42 7831378.979
9 43 811388.1945
9 44 5397840.157
9 45 3236130.149
9 46 4677449.903
9 47 5024394.089
9 48 9504112.63
9 49 6344488.783
9 50 2873718.704
9 51 1493847.299
9 52 2326451.342
9 53 2852676.401
9 54 5309322.2
9 55 4493757
9 56 8052504.987
9 57 5491932.914
9 58 3473884.402
9 59 9370278.953
9 60 6487430.124
9 61 4365217.877
9 62 7121540.336
9 63 4170061.003
9 64 7567558.238
9 65 2235034.786
9 66 6901577.327
9 67 1083380.091
9 68 6546755.066
9 69 5310544.308
9 70 6036977.689
9 71 7093438.063
9 72 4985898.712
9 73 5116348.829
9 74 4914546.17
9 75 5624252.253
9 76 7193787.399
9 77 1994334.577
9 78 7209562.014
9 79 2745588.166
9 80 6090127.92
9 81 488844.3394
9 82 1914264.873
9 83 952236.1501
9 84 5539268.032
9 85 6381660.789
9 86 114138.4758
9 87 4446567.009
9 88 6655908.424
9 89 5697912.979
9 90 3011479.341
9 91 6414799.087
9 92 4976215.209
9 93 2818317.982
9 94 7024457.951
9 95 6725755.428
9 96 1962382.634
9 97 2080898.398
9 98 7916373.962
9 99 6531246.932
10 11 7513079.908
10 12 5010512.879
10 13 6994455.64
10 14 8227609.59
10 15 8638853.054
10 16 8154898.018
10 17 6784131.145
10 18 8323289.954
10 19 2351439.556
10 20 6244068.031
10 21 10527386.23
10 22 5532988.478
10 23 8711580.548
10 24 6234594.699
10 25 8605353.699
10 26 6695267.552
10 27 3518110.437
10 28 1296363.811
10 29 3291264.022
10 30 7121287.549
10 31 6022248.921
10 32 3680299.591
10 33 9284445.952
10 34 6352375.983
10 35 900884.0097
10 36 6330835.291
10 37 7727893.434
10 38 7288998.65
10 39 7897914.582
10 40 8673396.769
10 41 5244442.278
10 42 7010583.766
10 43 6557500.903
10 44 1743519.898
10 45 3511034.32
10 46 3277050.969
10 47 10241200.11
10 48 7692396.489
10 49 9180302.048
10 50 7345526.236
10 51 7639945.663
10 52 6502518.739
10 53 7320998.953
10 54 6222882.835
10 55 9348592.72
10 56 5076345.617
10 57 9009722.373
10 58 9288751.309
10 59 6796689.551
10 60 7650824.749
10 61 2848301.651
10 62 7744398.109
10 63 9495061.67
10 64 5994641.936
10 65 6210911.218
10 66 8195604.326
10 67 6496074.508
10 68 7238648.378
10 69 10184968.98
10 70 2486311.199
10 71 10546471.56
10 72 10245538.52
10 73 8314076.462
10 74 9630041.043
10 75 1581646.49
10 76 1230564.362
10 77 5638013.812
10 78 9868323.451
10 79 5320997.024
10 80 8843528.811
10 81 6781224.952
10 82 5053253.122
10 83 7639044.757
10 84 7912374.067
10 85 3643158.187
10 86 6763966.891
10 87 9393562.491
10 88 82810.6115
10 89 1084220.818
10 90 6645150.754
10 91 357880.6457
10 92 4287292.756
10 93 5771408.182
10 94 8660986.485
10 95 330797.0308
10 96 6708894.445
10 97 7707332.432
10 98 1293721.539
10 99 10120917.82
11 12 5189820.442
11 13 5175763.681
11 14 734351.6817
11 15 3893264.561
11 16 1398089.231
11 17 3686080.738
11 18 5394143.137
11 19 7767350.783
11 20 5474468.668
11 21 3261036.975
11 22 7470128.907
11 23 2011023.693
11 24 1970650.577
11 25 1435714.346
11 26 1596909
11 27 7300443.156
11 28 7021834.394
11 29 4433165.452
11 30 422573.1086
11 31 1703174.756
11 32 6744963.303
11 33 3617783.395
11 34 6164387.859
11 35 8176264.038
11 36 5844559.109
11 37 4732392.155
11 38 6027037.592
11 39 6657209.034
11 40 2307418.651
11 41 4521524.945
11 42 5976335.496
11 43 1984933.95
11 44 5845406.76
11 45 4662539.686
11 46 4525900.283
11 47 2788503.065
11 48 7736613.458
11 49 3655120.596
11 50 297901.3255
11 51 3986366.971
11 52 1016802.107
11 53 5566797.909
11 54 3461594.859
11 55 1999475.637
11 56 6972659.856
11 57 2769733.217
11 58 1877081.407
11 59 7892628.315
11 60 4194102.743
11 61 5996188.128
11 62 4895057.186
11 63 1991119.678
11 64 6051014.042
11 65 4910843.035
11 66 4500210.204
11 67 3796762.684
11 68 4407287.245
11 69 2876609.539
11 70 5927835.471
11 71 4376487.572
11 72 2780183.142
11 73 2448302.701
11 74 2380558.598
11 75 6930591.824
11 76 7555621.708
11 77 1973086.607
11 78 4509603.56
11 79 5218823.976
11 80 3426252.571
11 81 3203125.289
11 82 2760638.279
11 83 2995340.897
11 84 3026104.811
11 85 5740949.573
11 86 2618691.174
11 87 2001517.585
11 88 7485784.759
11 89 6429470.879
11 90 1059709.241
11 91 7164160.129
11 92 4155387.081
11 93 1788343.705
11 94 4515761.877
11 95 7645883.611
11 96 965167.0196
11 97 889331.5983
11 98 8806191.439
11 99 3815108.996
12 13 1993467.13
12 14 5637181.312
12 15 8394697.694
12 16 6478274.318
12 17 7144177.392
12 18 9169669.782
12 19 6785300.919
12 20 1253117.807
12 21 8383572.291
12 22 8715498.47
12 23 5195623.775
12 24 5394994.604
12 25 6624662.925
12 26 5573033.611
12 27 7291481.488
12 28 3813937.88
12 29 2603727.21
12 30 5012386.956
12 31 4795550.906
12 32 7039634.851
12 33 8507477
12 34 8457256.259
12 35 5911176.244
12 36 8245227.315
12 37 2832052.442
12 38 8953911.162
12 39 9687016.932
12 40 7339783.952
12 41 6580445.045
12 42 8753907.679
12 43 3282593.333
12 44 4357619.601
12 45 1925569.881
12 46 4518356.011
12 47 7768138.744
12 48 10186940.08
12 49 8490237.965
12 50 5231793.614
12 51 2979503.812
12 52 4404701.607
12 53 2311254.352
12 54 6571351.987
12 55 7137150.066
12 56 8127355.623
12 57 7799759.385
12 58 6274942.158
12 59 9738867.562
12 60 8035052.997
12 61 2183050.859
12 62 8531280.163
12 63 6908739.647
12 64 8156642.35
12 65 1233995.66
12 66 8543782.764
12 67 1977703.077
12 68 7916245.853
12 69 7993146.96
12 70 5440710.763
12 71 9478991.95
12 72 7736394.236
12 73 7279020.377
12 74 7542850.257
12 75 3554663.786
12 76 5888565.889
12 77 3524638.845
12 78 9356119.136
12 79 313685.1896
12 80 8186998.323
12 81 2560687.207
12 82 2759199.776
12 83 3443292.433
12 84 7441144.28
12 85 6262019.925
12 86 2926718.885
12 87 7110970.788
12 88 4936845.869
12 89 4262665.946
12 90 5007459.53
12 91 4819724.32
12 92 5377588.36
12 93 4357824.244
12 94 8804506.876
12 95 4901841.457
12 96 4243231.909
12 97 4773902.624
12 98 5990159.648
12 99 8928631.817
13 14 5379125.652
13 15 8887300.691
13 16 6571802.9
13 17 7996015.792
13 18 10001568.03
13 19 8667621.193
13 20 889586.3569
13 21 8022973.221
13 22 10266812.63
13 23 4409150.923
13 24 6063309.003
13 25 6543891.536
13 26 6083066.414
13 27 9040576.382
13 28 5807403.649
13 29 4285536.736
13 30 5157710.342
13 31 5432411.758
13 32 8721652.219
13 33 8771071.052
13 34 9738184.744
13 35 7894047.064
13 36 9486763.118
13 37 1014676.259
13 38 10069993.7
13 39 10795701.32
13 40 7480468.327
13 41 7814578.434
13 42 9907854.122
13 43 3234452.835
13 44 6205207.155
13 45 3706307.461
13 46 6066707.18
13 47 7292379.548
13 48 11483604.15
13 49 8792131.185
13 50 5325016.698
13 51 1556713.048
13 52 4714999.232
13 53 447278.7163
13 54 7492657.848
13 55 6869206.48
13 56 9676876.491
13 57 7944414.471
13 58 5659195.505
13 59 11181906.44
13 60 8799536.498
13 61 4176448.321
13 62 9392726.284
13 63 6464021.367
13 64 9474830.869
13 65 792866.398
13 66 9248328.151
13 67 1412939.473
13 68 8795589.067
13 69 7643747.444
13 70 7184121.236
13 71 9536406.382
13 72 7244243.953
13 73 7561698.46
13 74 7293243.91
13 75 5547517.083
13 76 7826080.983
13 77 4131174.695
13 78 9658978.93
13 79 1692531.666
13 80 8531908.222
13 81 1973229.032
13 82 3633258.611
13 83 2476504.061
13 84 7942588.032
13 85 7853990.98
13 86 2557151.208
13 87 6808390.8
13 88 6922035.304
13 89 6200843.442
13 90 5398363.008
13 91 6791067.663
13 92 6717418.116
13 93 5028476.8
13 94 9410635.241
13 95 6893352.424
13 96 4390796.315
13 97 4481670.989
13 98 7982501.441
13 99 8974159.384
14 15 4097406.945
14 16 1477503.259
14 17 4193073.514
14 18 5749182.641
14 19 8500357.772
14 20 5781107.872
14 21 2746910.013
14 22 8118105.436
14 23 1583993.46
14 24 2634348.253
14 25 1216238.577
14 26 2211443.78
14 27 8016460.924
14 28 7701087.971
14 29 5105710.389
14 30 1154677.8
14 31 2426975.237
14 32 7455767.018
14 33 3642548.278
14 34 6741252.782
14 35 8901339.274
14 36 6417631.382
14 37 4809561.896
14 38 6522764.031
14 39 7118927.082
14 40 2311111.895
14 41 5173883.339
14 42 6495879.522
14 43 2357165.952
14 44 6570662.824
14 45 5287831.701
14 46 5260204.24
14 47 2167316.87
14 48 8258503.459
14 49 3711749.032
14 50 979257.1275
14 51 4047279.937
14 52 1725553.385
14 53 5738685.475
14 54 4043171.92
14 55 1514643.425
14 56 7635102.392
14 57 2736575.416
14 58 1152055.413
14 59 8481052.113
14 60 4587148.406
14 61 6613383.567
14 62 5301571.305
14 63 1326064.515
14 64 6651469.882
14 65 5215926.108
14 66 4824445.213
14 67 4063133.129
14 68 4863278.505
14 69 2356504.495
14 70 6661551.493
14 71 4197409.46
14 72 2147461.61
14 73 2598736.403
14 74 1933369.519
14 75 7599125.734
14 76 8287806.574
14 77 2636673.716
14 78 4521670.131
14 79 5631738.661
14 80 3538330.676
14 81 3426271.996
14 82 3384164.427
14 83 3021939.606
14 84 3324436.001
14 85 6455725.669
14 86 2868876.269
14 87 1476953.39
14 88 8198597.639
14 89 7143445.384
14 90 1771141.798
14 91 7880485.287
14 92 4872135.616
14 93 2522197.73
14 94 4765036.567
14 95 8353377.713
14 96 1570111.015
14 97 901952.3542
14 98 9519652.556
14 99 3639315.257
15 16 2619967.291
15 17 1886209.953
15 18 1896883.989
15 19 7759242.617
15 20 9010031.459
15 21 3632323.032
15 22 5768873.305
15 23 5678325.194
15 24 3009507.449
15 25 3010103.202
15 26 2840083.213
15 27 6701729.058
15 28 8731612.155
15 29 6592125.244
15 30 3781004.291
15 31 3599190.904
15 32 6112600.258
15 33 1010750.097
15 34 3961741.608
15 35 8963780.913
15 36 3673915.676
15 37 8573781.339
15 38 3225967.065
15 39 3563877.375
15 40 1893388.219
15 41 3574856.009
15 42 3351510.375
15 43 5666139.054
15 44 6941708.81
15 45 7143470.344
15 46 5416369.268
15 47 4075092.598
15 48 4914128.523
15 49 843408.2416
15 50 3663568.15
15 51 7846449.956
15 52 4172822.954
15 53 9308144.283
15 54 2416574.557
15 55 3400354.872
15 56 5519247.531
15 57 1651066.813
15 58 4820228.995
15 59 5553665.453
15 60 1245692.615
15 61 8357399.774
15 62 1760786.095
15 63 4081571.258
15 64 4086139.547
15 65 8473607.242
15 66 1009964.466
15 67 7474526.503
15 68 1778826.527
15 69 3571446.078
15 70 6284328.783
15 71 2179784.353
15 72 4139779.002
15 73 1500365.483
15 74 3230739.362
15 75 8766368.292
15 76 8104881.475
15 77 4893711.679
15 78 1238777.132
15 79 8521472.665
15 80 703493.7348
15 81 6960907.354
15 82 5635753.677
15 83 6879125.845
15 84 956591.1361
15 85 5400427.435
15 86 6380476.857
15 87 3530396.156
15 88 8649628.552
15 89 7703701.6
15 90 3492500.5
15 91 8292382.33
15 92 4351565.45
15 93 4036892.568
15 94 704430.1292
15 95 8892139.543
15 96 4509933.728
15 97 4765971.849
15 98 9827899.302
15 99 2014993.99
16 17 2948717.618
16 18 4311085.792
16 19 8013104.928
16 20 6845999.476
16 21 2378887.66
16 22 7098481.557
16 23 3059001.57
16 24 1968474.912
16 25 576232.7663
16 26 1482163.552
16 27 7318619.173
16 28 7855641.454
16 29 5345956.454
16 30 1469640.372
16 31 2147797.699
16 32 6729054.231
16 33 2227770.204
16 34 5561142.864
16 35 8715270.432
16 36 5235106.26
16 37 6122237.179
16 38 5210013.314
16 39 5759157.48
16 40 909342.4765
16 41 4234613.176
16 42 5217619.652
16 43 3362024.69
16 44 6422717.836
16 45 5702902.667
16 46 4950576.402
16 47 2252791.398
16 48 6966070.594
16 49 2275839.017
16 50 1264978.235
16 51 5371132.359
16 52 2085449.95
16 53 6964650.518
16 54 2955998.412
16 55 1318701.082
16 56 6671232.284
16 57 1372627.057
16 58 2309702.186
16 59 7303821.96
16 60 3188989.933
16 61 7030188.048
16 62 3905221.401
16 63 1797792.764
16 64 5524821.203
16 65 6285115.274
16 66 3375832.672
16 67 5186157.542
16 68 3525770.994
16 69 2057786.604
16 70 6235275.684
16 71 3010199.866
16 72 2282960.755
16 73 1121589.599
16 74 1500105.091
16 75 7805801.091
16 76 7994345.187
16 77 3044295.713
16 78 3119166.011
16 79 6534415.104
16 80 2074694.922
16 81 4600037.644
16 82 3870218.094
16 83 4366409.197
16 84 1880702.903
16 85 5780306.124
16 86 4014766.192
16 87 1411020.632
16 88 8140296.632
16 89 7093127.237
16 90 1601931.428
16 91 7797691.833
16 92 4269125.765
16 93 2474938.337
16 94 3291167.101
16 95 8333096.18
16 96 2252550.796
16 97 2203226.559
16 98 9439819.851
16 99 2454157.735
17 18 2029158.619
17 19 5886802.956
17 20 7949003.222
17 21 4874775.322
17 22 4238712.521
17 23 5692243.117
17 24 1971204.464
17 25 3512895.419
17 26 2135883.245
17 27 4882100.418
17 28 6959813.245
17 29 5025093.034
17 30 3388866.233
17 31 2586569.363
17 32 4285062.671
17 33 2709706.784
17 34 2615036.518
17 35 7082832.109
17 36 2289496.359
17 37 7886566.527
17 38 2341062.803
17 39 2983360.132
17 40 2765087.96
17 41 1702709.825
17 42 2302809.302
17 43 4954266.461
17 44 5113965.772
17 45 5646784.565
17 46 3618313.89
17 47 5053306.351
17 48 4065545.668
17 49 2569047.041
17 50 3392604.003
17 51 7229173.674
17 52 3476232.273
17 53 8438120.776
17 54 611759.4432
17 55 4176972.092
17 56 3881250.927
17 57 2846374.237
17 58 5215285.993
17 59 4355645.773
17 60 934505.502
17 61 6759541.566
17 62 1401003.031
17 63 4738644.338
17 64 2603415.587
17 65 7456745.937
17 66 1487730.481
17 67 6611823.738
17 68 800191.0654
17 69 4682969.393
17 70 4401967.196
17 71 3984893.271
17 72 5100490.57
17 73 2237854.053
17 74 4194565.772
17 75 7019008.466
17 76 6219728.004
17 77 3865054.556
17 78 3124632.982
17 79 7321200.934
17 80 2265154.842
17 81 6216697.094
17 82 4450389.967
17 83 6380450.751
17 84 1430595.477
17 85 3524190.059
17 86 5681753.851
17 87 4291261.19
17 88 6798678.165
17 89 5882438.889
17 90 2839468.663
17 91 6442308.623
17 92 2509096.437
17 93 2970223.716
17 94 1897687.816
17 95 7047185.13
17 96 3903385.422
17 97 4546304.931
17 98 7954923.126
17 99 3691943.878
18 19 6969531.701
18 20 9975308.485
18 21 5523145.529
18 22 4353207.042
18 23 7324377.834
18 24 3941708.582
18 25 4782895.615
18 26 3998103.62
18 27 5729068.019
18 28 8696188.273
18 29 6979888.844
18 30 5176340.395
18 31 4571013.287
18 32 5194494.073
18 33 2862176.68
18 34 2533002.393
18 35 8460634.154
18 36 2335048.096
18 37 9844326.567
18 38 1561498.225
18 39 1706562.867
18 40 3726272.382
18 41 3099622.801
18 42 1780552.173
18 43 6897655.63
18 44 6775622.261
18 45 7625985.332
18 46 5391092.085
18 47 5967670.673
18 48 3083535.338
18 49 2697531.509
18 50 5122530.357
18 51 9162138.392
18 52 5389517.875
18 53 10441062.82
18 54 2601389.385
18 55 5257367.501
18 56 4257159.859
18 57 3539013.001
18 58 6599907.327
18 59 3866319.243
18 60 1220224.352
18 61 8677475.995
18 62 644674.7875
18 63 5923124.359
18 64 2779719.59
18 65 9478616.006
18 66 942534.2589
18 67 8606834.799
18 68 1258231.856
18 69 5468285.529
18 70 5842552.352
18 71 3808675.663
18 72 6031282.922
18 73 3257121.948
18 74 5116120.266
18 75 8791216.345
18 76 7553339.143
18 77 5873043.244
18 78 2645069.553
18 79 9349530.065
18 80 2600273.56
18 81 8180856.578
18 82 6478550.573
18 83 8265352.308
18 84 2430922.296
18 85 4749191.794
18 86 7628599.917
18 87 5386336.083
18 88 8351797.535
18 89 7541297.408
18 90 4716944.881
18 91 8005684.228
18 92 4247683.089
18 93 4974168.963
18 94 1231608.591
18 95 8616586.989
18 96 5794184.348
18 97 6282886.002
18 98 9382693.304
18 99 3802696.904
19 20 8036002.61
19 21 10352375.62
19 22 3406208.39
19 23 9363812.82
19 24 6057143.794
19 25 8546010.607
19 26 6547068.179
19 27 1371832.316
19 28 3537125.223
19 29 4453586.6
19 30 7345754.872
19 31 6085362.516
19 32 1793513.822
19 33 8582917.813
19 34 4638748.707
19 35 1869399.515
19 36 4716272.98
19 37 9235640.734
19 38 5668776.79
19 39 6159687.731
19 40 8302244.785
19 41 4185863.155
19 42 5386543.461
19 43 7397037.142
19 44 2468663.188
19 45 4964183.442
19 46 3272290.841
19 47 10247517.11
19 48 5677729.25
19 49 8449166.068
19 50 7532308.279
19 51 8981553.867
19 52 6846970.647
19 53 9049384.617
19 54 5449129.065
19 55 9313342.633
19 56 3065885.954
19 57 8540696.623
19 58 9641586.769
19 59 4669556.565
19 60 6599134.691
19 61 4814426.973
19 62 6485963.006
19 63 9623003.872
19 64 4305528.978
19 65 7876772.852
19 66 7089574.713
19 67 7869155.219
19 68 6104494.159
19 69 10061420.89
19 70 1844127.005
19 71 9864766.588
19 72 10268871.73
19 73 7848675.106
19 74 9507784.632
19 75 3804236.946
19 76 1120875.827
19 77 6211676.837
19 78 8988148.629
19 79 7096902.569
19 80 8133853.12
19 81 7984595.843
19 82 5897867.878
19 83 8731571.323
19 84 7235304.22
19 85 2363189.566
19 86 7804003.791
19 87 9387337.249
19 88 2428307.691
19 89 2574091.882
19 90 6749436.671
19 91 2283819.691
19 92 3745276.348
19 93 5992290.868
19 94 7597252.028
19 95 2664945.45
19 96 7172327.669
19 97 8208499.574
19 98 2772712.727
19 99 9532692.564
20 21 8492731.132
20 22 9866239.007
20 23 5000575.51
20 24 6081549.047
20 25 6889667.672
20 26 6172185.438
20 27 8511525.188
20 28 5021345.09
20 29 3777502.345
20 30 5389195.804
20 31 5455104.402
20 32 8236812.085
20 33 8992533.812
20 34 9487330.323
20 35 7144858.753
20 36 9255656.658
20 37 1885719.085
20 38 9905464.984
20 39 10637478.98
20 40 7744109.346
20 41 7579200.169
20 42 9723508.739
20 43 3489629.023
20 44 5599798.176
20 45 3132652.074
20 46 5651498.007
20 47 7800787.867
20 48 11229505.88
20 49 8997348.621
20 50 5581563.069
20 51 2305231.22
20 52 4866507.015
20 53 1095361.905
20 54 7409024.776
20 55 7293473.022
20 56 9276034.761
20 57 8210258.292
20 58 6204586.118
20 59 10846313.77
20 60 8798582.333
20 61 3400004.07
20 62 9349584.677
20 63 6953192.746
20 64 9203218.591
20 65 565648.1515
20 66 9277632.109
20 67 1725114.573
20 68 8740730.67
20 69 8106461.635
20 70 6655254.539
20 71 9848814.942
20 72 7758476.935
20 73 7765922.704
20 74 7714120.834
20 75 4753085.6
20 76 7140904.393
20 77 4136843.675
20 78 9868837.185
20 79 939962.8225
20 80 8716884.362
20 81 2379332.102
20 82 3500965.862
20 83 3083901.499
20 84 8054807.868
20 85 7422533.505
20 86 2913179.62
20 87 7245713.559
20 88 6168932.468
20 89 5515413.254
20 90 5528941.962
20 91 6063637.471
20 92 6419890.888
20 93 5028432.876
20 94 9485662.51
20 95 6121122.212
20 96 4603981.857
20 97 4880559.309
20 98 7179410.341
20 99 9288263.57
21 22 9110636.087
21 23 3714202.877
21 24 4340848.86
21 25 1935649.074
21 26 3858506.875
21 27 9580026.6
21 28 10181564.21
21 29 7627838.775
21 30 3556814.064
21 31 4507296.152
21 32 8982522.176
21 33 2673066.085
21 34 7408769.695
21 35 11094158
21 36 7093920.192
21 37 7337161.424
21 38 6811475.865
21 39 7194614.526
21 40 2120109.939
21 41 6410192.149
21 42 6899446.592
21 43 5103984.989
21 44 8798889.34
21 45 7909922.862
21 46 7328972.617
21 47 821896.4988
21 48 8533813.336
21 49 2832859.989
21 50 3317617.828
21 51 6582535.231
21 52 4226663.04
21 53 8348430.521
21 54 5077102.394
21 55 1261804.212
21 56 8751347.682
21 57 2066872.41
21 58 2439221.633
21 59 9093424.346
21 60 4720741.141
21 61 9245302.858
21 62 5356737.439
21 63 1563141.577
21 64 7453243.998
21 65 7930184.082
21 66 4635374.486
21 67 6767817.166
21 68 5200323.41
21 69 390431.1442
21 70 8597617.69
21 71 2274308.93
21 72 892459.3611
21 73 2638911.713
21 74 905353.9928
21 75 10114933.54
21 76 10369010.9
21 77 5210847.733
21 78 3219216.678
21 79 8377705.52
21 80 2934971.857
21 81 6117154.811
21 82 6015885.303
21 83 5571051.468
21 84 3475644.201
21 85 8072209.655
21 86 5583973.92
21 87 1273916.171
21 88 10511160.73
21 89 9460799.542
21 90 3908366.297
21 91 10170656.95
21 92 6609442.583
21 93 4795036.856
21 94 4297506.014
21 95 10699284.21
21 96 4223702.159
21 97 3628354.767
21 98 11814543.94
21 99 1906332.567
22 23 9419440.185
22 24 5499496.995
22 25 7674390.971
22 26 5906905.932
22 27 2051358.622
22 28 6457888.217
22 29 6111771.467
22 30 7079947.667
22 31 5870926.584
22 32 1882105.113
22 33 6755158.643
22 34 1837053.688
22 35 5250166.685
22 36 2099173.216
22 37 10540885.07
22 38 2809874.491
22 39 3053692.677
22 40 7003759.009
22 41 2948605.721
22 42 2572978.218
22 43 7981807.704
22 44 4695394.694
22 45 6799023.241
22 46 4215408.636
22 47 9277651.79
22 48 2292384.146
22 49 6593329.414
22 50 7178441.979
22 51 10066900.1
22 52 6849823.116
22 53 10701676.19
22 54 4143348.204
22 55 8380346.5
22 56 590567.9344
22 57 7064174.36
22 58 9235103.238
22 59 1270064.786
22 60 4527495.562
22 61 7247895.782
22 62 4095172.363
22 63 8892722.24
22 64 1684209.768
22 65 9537665.055
22 66 4845417.21
22 67 9118864.808
22 68 3999328.799
22 69 8921189.767
22 70 3452422.441
22 71 7937235.328
22 72 9321634.424
22 73 6476298.598
22 74 8426179.299
22 75 6670852.673
22 76 4391150.585
22 77 6670726.522
22 78 6854426.121
22 79 8994202.308
22 80 6350468.573
22 81 8984662.963
22 82 6785597.249
22 83 9486893.182
22 84 5641782.056
22 85 2454975.193
22 86 8602345.467
22 87 8488177.756
22 88 5595158.245
22 89 5256074.792
22 90 6431930.201
22 91 5337767.718
22 92 3648970.274
22 93 6025869.262
22 94 5346615.691
22 95 5863776.485
22 96 7277231.133
22 97 8195031.964
22 98 6173176.781
22 99 7769857.547
23 24 3943874.071
23 25 2725785.959
23 26 3603753.579
23 27 9069774.614
23 28 7971722.022
23 29 5434343.193
23 30 2358539.301
23 31 3555318.534
23 32 8544929.723
23 33 5174481.591
23 34 8169429.321
23 35 9476537.305
23 36 7851008.343
23 37 3643525.85
23 38 8033026.833
23 39 8652905.236
23 40 3858922.084
23 41 6478500.58
23 42 7986422.64
23 43 2185120.746
23 44 7191079.562
23 45 5409665.012
23 46 6095316.019
23 47 2933187.857
23 48 9747282.726
23 49 5256547.319
23 50 2308114.981
23 51 2902870.336
23 52 2605621.818
23 53 4693903.754
23 54 5469226.674
23 55 2724478.578
23 56 8902273.186
23 57 4258077.613
23 58 1279832.369
23 59 9891455.57
23 60 6149561.011
23 61 6645717.328
23 62 6860443.368
23 63 2166117.294
23 64 8046281.894
23 65 4462510.619
23 66 6404186.985
23 67 3318112.922
23 68 6397787.641
23 69 3359031.392
23 70 7527348.896
23 71 5573765.49
23 72 2877517.766
23 73 4178268.298
23 74 3128971.633
23 75 7818406.045
23 76 8981487.828
23 77 3161235.68
23 78 6036303.967
23 79 5103459.75
23 80 5103500.676
23 81 2669574.489
23 82 3658413.829
23 83 1934701.899
23 84 4905043.349
23 85 7531966.527
23 86 2277279.88
23 87 2628628.025
23 88 8669221.412
23 89 7644953.394
23 90 2995616.924
23 91 8385896.676
23 92 5960088.676
23 93 3473557.063
23 94 6348728.523
23 95 8781064.283
23 96 2217916.018
23 97 1225914.398
23 98 9974767.295
23 99 5035078.659
24 25 2489160.999
24 26 490041.9929
24 27 5434965.698
24 28 6045301.283
24 29 3679455.029
24 30 1587324.936
24 31 631216.4012
24 32 4859434.425
24 33 3284505.146
24 34 4243925.269
24 35 6762054.248
24 36 3931346.426
24 37 5918013.069
24 38 4237515.376
24 39 4920330.336
24 40 2447567.986
24 41 2550892.032
24 42 4144419.393
24 43 2983075.884
24 44 4493059.702
24 45 4174083.246
24 46 2993946.92
24 47 4190373.414
24 48 5880508.037
24 49 3227789.142
24 50 1679509.152
24 51 5258024.41
24 52 1520742.126
24 53 6501245.186
24 54 1581922.328
24 55 3256548.656
24 56 5005150.845
24 57 2817114.199
24 58 3774252.95
24 59 5952345.071
24 60 2736241.654
24 61 5437776.181
24 62 3345219.87
24 63 3594520.427
24 64 4105431.553
24 65 5566484.221
24 66 3197535.391
24 67 4665370.823
24 68 2766527.756
24 69 4026215.536
24 70 4267983.887
24 71 4451916.064
24 72 4212081.692
24 73 2147022.398
24 74 3468567.891
24 75 6028871.002
24 76 6028185.649
24 77 1947391.954
24 78 4058162.272
24 79 5534525.352
24 80 2898439.901
24 81 4249240.586
24 82 2637546.872
24 83 4421163.536
24 84 2066539.328
24 85 3877979.32
24 86 3710715.234
24 87 3330415.449
24 88 6225097.384
24 89 5191219.616
24 90 951639.8699
24 91 5876714.137
24 92 2324600.926
24 93 1053512.75
24 94 3416022.67
24 95 6430499.369
24 96 1957684.814
24 97 2733008.173
24 98 7509752.421
24 99 3968449.52
25 26 1999125.228
25 27 7878349.874
25 28 8246132.994
25 29 5697963.115
25 30 1657413.284
25 31 2583536.661
25 32 7290931.437
25 33 2449165.289
25 34 6127465.123
25 35 9193064.813
25 36 5801636.32
25 37 6013751.954
25 38 5749373.865
25 39 6278952.464
25 40 1139482.048
25 41 4808641.421
25 42 5766732.96
25 43 3406816.147
25 44 6884463.57
25 45 6002945.63
25 46 5439722.539
25 47 1702202.608
25 48 7507781.209
25 49 2531421.181
25 50 1421328.719
25 51 5253009.943
25 52 2322949.468
25 53 6917103.641
25 54 3532166.702
25 55 767387.6966
25 56 7247306.897
25 57 1534188.594
25 58 1818905.351
25 59 7868409.999
25 60 3700274.112
25 61 7337561.811
25 62 4412864.452
25 63 1226240.852
25 64 6096601.627
25 65 6324530.457
25 66 3841169.875
25 67 5192266.886
25 68 4063481.45
25 69 1580601.943
25 70 6753330.828
25 71 2997489.04
25 72 1726672.878
25 73 1530220.279
25 74 1030636.094
25 75 8181281.778
25 76 8492673.725
25 77 3308158.357
25 78 3317716.997
25 79 6654298.327
25 80 2393543.066
25 81 4575021.291
25 82 4125973.688
25 83 4230364.325
25 84 2370503.686
25 85 6334634.236
25 86 4000275.513
25 87 846485.7955
25 88 8587245.445
25 89 7534504.647
25 90 1973173.98
25 91 8249449.596
25 92 4807690.389
25 93 2859656.535
25 94 3703619.358
25 95 8771307.183
25 96 2387328.199
25 97 2073959.442
25 98 9895230.87
25 99 2436360.69
26 27 5912505.801
26 28 6463179.149
26 29 4036936.746
26 30 1260688.822
26 31 810664.8835
26 32 5333387.899
26 33 2975677.004
26 34 4567549.08
26 35 7238036.804
26 36 4248034.57
26 37 5856102.12
26 38 4464567.472
26 39 5119104.713
26 40 2020481.834
26 41 2965150.574
26 42 4398399.322
26 43 2909464.986
26 44 4956935.211
26 45 4485792.429
26 46 3471047.304
26 47 3700471.767
26 48 6153678.558
26 49 2939115.986
26 50 1299066.217
26 51 5165210.811
26 52 1395056.79
26 53 6512593.1
26 54 1865530.929
26 55 2766512.773
26 56 5428509.653
26 57 2418827.632
26 58 3334537.469
26 59 6296422.038
26 60 2777919.821
26 61 5778041.241
26 62 3439012.032
26 63 3113859.575
26 64 4456564.866
26 65 5639607.65
26 66 3181572.239
26 67 4672172.763
26 68 2899296.994
26 69 3539663.977
26 70 4757093.419
26 71 4085867.697
26 72 3722475.612
26 73 1782621.468
26 74 2981652.108
26 75 6434642.775
26 76 6512223.474
26 77 2056499.785
26 78 3794626.267
26 79 5688753.17
26 80 2623962.832
26 81 4202491.033
26 82 2823126.419
26 83 4273213.923
26 84 1883718.281
26 85 4358297.473
26 86 3639419.627
26 87 2840769.931
26 88 6683607.062
26 89 5643496.286
26 90 719222.0988
26 91 6337506.916
26 92 2812411.535
26 93 1235419.998
26 94 3328365.042
26 95 6883925.542
26 96 1796710.235
26 97 2423795.62
26 98 7975051.56
26 99 3581458.081
27 28 4540757.205
27 29 4756474.101
27 30 6880357.002
27 31 5598398.883
27 32 600280.1544
27 33 7589323.354
27 34 3314570.076
27 35 3198936.389
27 36 3424376.362
27 37 9479317.504
27 38 4357143.281
27 39 4812443.679
27 40 7478256.176
27 41 3203445.626
27 42 4077963.457
27 43 7286280.184
27 44 2986542.594
27 45 5378876.537
27 46 3115384.457
27 47 9571324.511
27 48 4308317.918
27 49 7444632.062
27 50 7037300.581
27 51 9122095.884
27 52 6475097.831
27 53 9452105.963
27 54 4532960.695
27 55 8636939.664
27 56 1694996.292
27 57 7660731.135
27 58 9168471.066
27 59 3320823.783
27 60 5493178.3
27 61 5550288.055
27 62 5292283.649
27 63 9026327.276
27 64 2996655.039
27 65 8268122.435
27 66 5946688.679
27 67 8066656.909
27 68 4975749.019
27 69 9321338.534
27 70 1858324.17
27 71 8856442.135
27 72 9601216.877
27 73 6990122.334
27 74 8780759.167
27 75 4777781.277
27 76 2346040.682
27 77 6011547.872
27 78 7906022.398
27 79 7591769.411
27 80 7146747.468
27 81 8070320.542
27 82 5878913.041
27 83 8721996.738
27 84 6289611.086
27 85 1561066.85
27 86 7796089.262
27 87 8724482.821
27 88 3584911.863
27 89 3396996.967
27 90 6245820.88
27 91 3355670.614
27 92 3145100.46
27 93 5602655.667
27 94 6461615.689
27 95 3847545.91
27 96 6852018.451
27 97 7864964.293
27 98 4124594.741
27 99 8573271.02
28 29 2596470.435
28 30 6662640.102
28 31 5712428.087
28 32 4575869.76
28 33 9258451.56
28 34 7000473.308
28 35 2170486.12
28 36 6923712.456
28 37 6598285.284
28 38 7849428.965
28 39 8511595.081
28 40 8482449.845
28 41 5603638.801
28 42 7582631.798
28 43 5787109.23
28 44 1943878.167
28 45 2580005.9
28 46 3342478.12
28 47 9804177.549
28 48 8489549.778
28 49 9173759.005
28 50 6897893.787
28 51 6584746.959
28 52 6007335.707
28 53 6110002.984
28 54 6361905.125
28 55 8955031.844
28 56 5946421.019
28 57 8862414.29
28 58 8690312.933
28 59 7691332.796
28 60 7874238.536
28 61 1631148.546
28 62 8080987.625
28 63 9010383.135
28 64 6643901.094
28 65 5037904.055
28 66 8430393.691
28 67 5450647.946
28 68 7524533.543
28 69 9818779.524
28 70 3099480.023
28 71 10478915.68
28 72 9799356.654
28 73 8186999.371
28 74 9276231.37
28 75 285470.5886
28 76 2442970.769
28 77 5064521.166
28 78 9928003.198
28 79 4117754.911
28 80 8834791.522
28 81 5812110.252
28 82 4363756.641
28 83 6702853.102
28 84 7917060.171
28 85 4280349.681
28 86 5879166.625
28 87 8983209.654
28 88 1214286.126
28 89 1227149.164
28 90 6275853.017
28 91 1256239.435
28 92 4473792.654
28 93 5389677.713
28 94 8857218.287
28 95 1110111.387
28 96 6137625.983
28 97 7075654.125
28 98 2184700.947
28 99 10010611.87
29 30 4084957.447
29 31 3242837.705
29 32 4460399.368
29 33 6963079.127
29 34 5937607.279
29 35 4101035.914
29 36 5751550.008
29 37 4786332.418
29 38 6532339.081
29 39 7258242.965
29 40 6043926.363
29 41 4129515.144
29 42 6309238.045
29 43 3268191.13
29 44 1996714.73
29 45 704650.2677
29 46 1926707.629
29 47 7220120.945
29 48 7644050.213
29 49 6901696.672
29 50 4322383.784
29 51 4537907.287
29 52 3422728.727
29 53 4695651.925
29 54 4416162.447
29 55 6387471.202
29 56 5523714.053
29 57 6454989.565
29 58 6098207.808
29 59 7147071.931
29 60 5957512.718
29 61 1766295.692
29 62 6335826.658
29 63 6418264.399
29 64 5620644.004
29 65 3511727.816
29 66 6503649.193
29 67 3416834.251
29 68 5728583.693
29 69 7258032.99
29 70 2898961.601
29 71 8119666.491
29 72 7213139.517
29 73 5812167.974
29 74 6723605.787
29 75 2497472.113
29 76 3762784.202
29 77 2469097.147
29 78 7714897.664
29 79 2884994.752
29 80 6568664.925
29 81 3578456.544
29 82 1784371.429
29 83 4392538.366
29 84 5694977.617
29 85 3658575.643
29 86 3493662.017
29 87 6409499.376
29 88 3244264.545
29 89 2253570.766
29 90 3746428.138
29 91 2980577.617
29 92 2888873.063
29 93 2873412.482
29 94 6855382.318
29 95 3347084.402
29 96 3541171.085
29 97 4487689.775
29 98 4541617.921
29 99 7618311.634
30 31 1282116.391
30 32 6326661.746
30 33 3616380.053
30 34 5814018.649
30 35 7772986.841
30 36 5497069.043
30 37 4793516.817
30 38 5723392.297
30 39 6371151.492
30 40 2356262.747
30 41 4132697.009
30 42 5659087.978
30 43 1924898.505
30 44 5442684.871
30 45 4354205.684
30 46 4107999.77
30 47 3142622.723
30 48 7413827.834
30 49 3634477.858
30 50 239198.5307
30 51 4066094.215
30 52 669938.5275
30 53 5564624.059
30 54 3119231.521
30 55 2305553.389
30 56 6575635.344
30 57 2822140.258
30 58 2299650.565
30 59 7533141.747
30 60 3962835.675
30 61 5689621.97
30 62 4649788.025
30 63 2373786.031
30 64 5687748.691
30 65 4831247.547
30 66 4307893.431
30 67 3755645.502
30 68 4135587.141
30 69 3180363.521
30 70 5506918.552
30 71 4479295.638
30 72 3140043.563
30 73 2404286.295
30 74 2658984.571
30 75 6580591.734
30 76 7142870.647
30 77 1655348.983
30 78 4502178.644
30 79 5065000.216
30 80 3377375.213
30 81 3200721.326
30 82 2469196.554
30 83 3113300.442
30 84 2871943.574
30 85 5321450.971
30 86 2615217.315
30 87 2324596.675
30 88 7095716.755
30 89 6038843.593
30 90 650454.7293
30 91 6770709.343
30 92 3735573.899
30 93 1374023.591
30 94 4368467.672
30 95 7260881.584
30 96 785954.4626
30 97 1163366.571
30 98 8414935.389
30 99 3923795.257
31 32 5046500.058
31 33 3785216.812
31 34 4740926.345
31 35 6616315.465
31 36 4437796.41
31 37 5300575.705
31 38 4810981.674
31 39 5506622.053
31 40 2801104.525
31 41 2945861.824
31 42 4701259.46
31 43 2379160.908
31 44 4301845.915
31 45 3676541.638
31 46 2885036.877
31 47 4242378.81
31 48 6415540.788
31 49 3745597.751
31 50 1450517.39
31 51 4652080.733
31 52 990831.6952
31 53 5870723.479
31 54 2151313.907
31 55 3332903.925
31 56 5347881.394
31 57 3215713.957
31 58 3577523.165
31 59 6416638.481
31 60 3367281.685
31 61 4974113.743
31 62 3970372.963
31 63 3554039.261
31 64 4572511.563
31 65 4937339.201
31 66 3827096.238
31 67 4035876.628
31 68 3385324.413
31 69 4162722.684
31 70 4254628.079
31 71 4891199.987
31 72 4253131.538
31 73 2591847.816
31 74 3608042.804
31 75 5670414.58
31 76 5939514.519
31 77 1318672.603
31 78 4596253.39
31 79 4925119.081
31 80 3426723.401
31 81 3630409.883
31 82 2036984.598
31 83 3844864.706
31 84 2645907.901
31 85 4039984.512
31 86 3101542.035
31 87 3385312.554
31 88 6004835.517
31 89 4953568.623
31 90 664168.3956
31 91 5666133.857
31 92 2453973.154
31 93 437740.2499
31 94 4034276.884
31 95 6192028.52
31 96 1430209.476
31 97 2329410.45
31 98 7311729.547
31 99 4380139.314
32 33 6993456.572
32 34 2848997.696
32 35 3499071.448
32 36 2923176.702
32 37 9110253.427
32 38 3875507.748
32 39 4380320.952
32 40 6879160.967
32 41 2603401.165
32 42 3593144.768
32 43 6816502.287
32 44 2851718.449
32 45 5114801.53
32 46 2700809.725
32 47 8981271.395
32 48 4019087.169
32 49 6849668.516
32 50 6477452.754
32 51 8719457.089
32 52 5942990.741
32 53 9142388.675
32 54 3932711.372
32 55 8047700.065
32 56 1396098.148
32 57 7060455.17
32 58 8607131.612
32 59 3127539.6
32 60 4911234.927
32 61 5425111.143
32 62 4735612.059
32 63 8446094.601
32 64 2512701.048
32 65 7961389.49
32 66 5374323.726
32 67 7689603.111
32 68 4398144.686
32 69 8725990.698
32 70 1627997.97
32 71 8262592.446
32 72 9011998.953
32 73 6390163.338
32 74 8186737.288
32 75 4790545.773
32 76 2599598.104
32 77 5526108.767
32 78 7321973.719
32 79 7332361.372
32 80 6550110.868
32 81 7655575.587
32 82 5448985.247
32 83 8273894.988
32 84 5690200.467
32 85 1012975.055
32 86 7353531.687
32 87 8136590.532
32 88 3738466.095
32 89 3377729.235
32 90 5687383.346
32 91 3467106.202
32 92 2594247.725
32 93 5072009.19
32 94 5887958.381
32 95 4010438.45
32 96 6329850.556
32 97 7332964.433
32 98 4440493.198
32 99 7975360.276
33 34 4960899.125
33 35 9677017.586
33 36 4667221.259
33 37 8348588.491
33 38 4236128.022
33 39 4553597.198
33 40 1334245.047
33 41 4408848.799
33 42 4361696.275
33 43 5541011.942
33 44 7556324.543
33 45 7450069.828
33 46 6015728.828
33 47 3197368.638
33 48 5913710.778
33 49 167683.1029
33 50 3446823.541
33 51 7598640.384
33 52 4133584.282
33 53 9172526.093
33 54 3144179.125
33 55 2649950.996
33 56 6482684.352
33 57 917515.0458
33 58 4169556.98
33 59 6564287.907
33 60 2229235.87
33 61 8722249.021
33 62 2771327.857
33 63 3344622.307
33 64 5070948.91
33 65 8438957.746
33 66 2015692.189
33 67 7371856.599
33 68 2755857.505
33 69 2659601.151
33 70 7017079.312
33 71 1283612.329
33 72 3266765.945
33 73 1230726.947
33 74 2400403.952
33 75 9265667.129
33 76 8845759.813
33 77 4985645.438
33 78 891886.4332
33 79 8599479.552
33 80 449845.8116
33 81 6805781.247
33 82 5782675.767
33 83 6593700.013
33 84 1375653.482
33 85 6220450.259
33 86 6219215.575
33 87 2778131.846
33 88 9288033.13
33 89 8301850.813
33 90 3500956.427
33 91 8931382.872
33 92 5026345.79
33 93 4210158.781
33 94 1631136.911
33 95 9518386.096
33 96 4395086.033
33 97 4427586.75
33 98 10510377.45
33 99 1014698.915
34 35 6308710.473
34 36 326137.0143
34 37 9841257.286
34 38 1047441.89
34 39 1549216.09
34 40 5337577.67
34 41 1924539.568
34 42 776030.6104
34 43 7053413.054
34 44 5071411.678
34 45 6640728.614
34 46 4046046.414
34 47 7649692.251
34 48 1745704.528
34 49 4796458.192
34 50 5866501.591
34 51 9273251.935
34 52 5727026.628
34 53 10184559.63
34 54 2703779.28
34 55 6787428.274
34 56 1735633.432
34 57 5344135.645
34 58 7803753.132
34 59 1744979.499
34 60 2734486.616
34 61 7400722.984
34 62 2260379.266
34 63 7353453.039
34 64 358559.9591
34 65 9078187.639
34 66 3016031.295
34 67 8457857.785
34 68 2220851.863
34 69 7250631.662
34 70 3919948.254
34 71 6116360.145
34 72 7699639.71
34 73 4806382.127
34 74 6784456.945
34 75 7157540.09
34 76 5395404.533
34 77 5790544.029
34 78 5021095.675
34 79 8700070.636
34 80 4572445.755
34 81 8201512.446
34 82 6114740.65
34 83 8555302.264
34 84 3937140.98
34 85 2731615.648
34 86 7739679.574
34 87 6903298.85
34 88 6397167.952
34 89 5777895.152
34 90 5194137.677
34 91 6080211.66
34 92 3079758.89
34 93 5002036.934
34 94 3512764.949
34 95 6671719.205
34 96 6168341.239
34 97 6972164.24
34 98 7250946.286
34 99 5973653.814
35 36 6333562.939
35 37 8619429.954
35 38 7299123.371
35 39 7855266.759
35 40 9169137.04
35 41 5455744.513
35 42 7016344.593
35 43 7347013.56
35 44 2330868.405
35 45 4376932.054
35 46 3768107.515
35 47 10857539.59
35 48 7493861.581
35 49 9561927.748
35 50 7989556.752
35 51 8515538.603
35 52 7178387.724
35 53 8221802.071
35 54 6556885.74
35 55 9948278.575
35 56 4862364.319
35 57 9477232.443
35 58 9989062.386
35 59 6519061.688
35 60 7902849.605
35 61 3748126.496
35 62 7916228.838
35 63 10139848.01
35 64 5958355.164
35 65 7109564.72
35 66 8432048.998
35 67 7371654.513
35 68 7454496.635
35 69 10764719.23
35 70 2681210.21
35 71 10953740.1
35 72 10866534.44
35 73 8777029.203
35 74 10206918.19
35 75 2454936.735
35 76 915174.9155
35 77 6359354.738
35 78 10201867.8
35 79 6221789.873
35 80 9229978.313
35 81 7635719.103
35 82 5828001.463
35 83 8480576.38
35 84 8301652.039
35 85 3711650.436
35 86 7592358.466
35 87 10001583.01
35 88 976230.2154
35 89 1847622.279
35 90 7259275.03
35 91 1134438.726
35 92 4651481.076
35 93 6405009.532
35 94 8917630.148
35 95 1071301.483
35 96 7416453.095
35 97 8432526.335
35 98 942845.6193
35 99 10557134.56
36 37 9569508.443
36 38 965595.3392
36 39 1587913.831
36 40 5017430.82
36 41 1676996.001
36 42 683195.1891
36 43 6762987.157
36 44 4984618.915
36 45 6452014.662
36 46 3884070.725
36 47 7327566.48
36 48 2006285.641
36 49 4503847.128
36 50 5546657.891
36 51 8992236.986
36 52 5421392.763
36 53 9933639.371
36 54 2383077.849
36 55 6463107.916
36 56 1927559.58
36 57 5030877.084
36 58 7478225.288
36 59 2070950.308
36 60 2438117.885
36 61 7255761.821
36 62 2004260.122
36 63 7027677.271
36 64 445202.467
36 65 8837061.089
36 66 2747574.351
36 67 8193431.395
36 68 1917311.168
36 69 6931946.694
36 70 3870019.273
36 71 5838505.633
36 72 7377139.403
36 73 4486193.424
36 74 6463002.044
36 75 7069933.368
36 76 5418419.371
36 77 5509468.118
36 78 4758230.339
36 79 8482189.672
36 80 4272305.377
36 81 7923760.252
36 82 5857450.116
36 83 8261520.711
36 84 3620125.364
36 85 2689615.626
36 86 7454424.68
36 87 6578684.67
36 88 6372009.095
36 89 5707994.916
36 90 4880323.101
36 91 6046869.878
36 92 2872927.001
36 93 4708590.296
36 94 3251933.522
36 95 6645460.46
36 96 5862860.069
36 97 6656529.675
36 98 7273085.426
36 99 5681303.467
37 38 10070071.56
37 39 10782097.1
37 40 7027434.45
37 41 7923487.05
37 42 9932317.653
37 43 2947504.072
37 44 6768902.798
37 45 4299005.27
37 46 6413930.707
37 47 6572501.266
37 48 11575793.74
37 49 8387480.275
37 50 4926208.057
37 51 763030.8966
37 52 4461093.594
37 53 1115000.577
37 54 7433118.989
37 55 6246048.342
37 56 9956336.978
37 57 7482471.481
37 58 4920399.976
37 59 11371939.31
37 60 8626692.425
37 61 4975836.796
37 62 9260898.929
37 63 5775023.15
37 64 9604681.861
37 65 1608034.886
37 66 9035950.266
37 67 1424624.901
37 68 8684078.63
37 69 6969187.119
37 70 7643207.712
37 71 9006554.524
37 72 6518651.239
37 73 7174223.605
37 74 6668153.099
37 75 6351991.579
37 76 8468459.937
37 77 4075263.84
37 78 9240444.503
37 79 2561851.787
37 80 8152856.054
37 81 1670407.051
37 82 3764276.329
37 83 1789838.712
37 84 7653202.732
37 85 8189533.612
37 86 2216832.977
37 87 6171661.903
37 88 7659635.853
37 89 6860252.81
37 90 5143432.591
37 91 7496446.328
37 92 6916823.459
37 93 4937067.008
37 94 9144941.126
37 95 7656722.058
37 96 4078949.046
37 97 3943747.388
37 98 8782942.722
37 99 8447474.424
38 39 733315.2253
38 40 4829884.559
38 41 2402982.521
38 42 283281.72
38 43 7186108.004
38 44 5906191.507
38 45 7223235.295
38 46 4723019.046
38 47 7146993.127
38 48 1759013.288
38 49 4068515.746
38 50 5733175.625
38 51 9451132.291
38 52 5758177.043
38 53 10517004.99
38 54 2660859.691
38 55 6341240.63
38 56 2776013.719
38 57 4754484.351
38 58 7511142.042
38 59 2339908.05
38 60 2100844.057
38 61 8102106.289
38 62 1465542.397
38 63 6957970.204
38 64 1363746.692
38 65 9458604.418
38 66 2223617.622
38 67 8732374.081
38 68 1685892.933
38 69 6698903.448
38 70 4819401.986
38 71 5303001.417
38 72 7203534.296
38 73 4309669.638
38 74 6277996.52
38 75 7985986.867
38 76 6383989.554
38 77 5995990.18
38 78 4163463.47
38 79 9174505.978
38 80 3893681.517
38 81 8404887.89
38 82 6441779.004
38 83 8653202.643
38 84 3421177.975
38 85 3645889.176
38 86 7900638.884
38 87 6464406.041
38 88 7328851.158
38 89 6641112.361
38 90 5152400.626
38 91 7000667.635
38 92 3646323.305
38 93 5140228.886
38 94 2674409.762
38 95 7601707.002
38 96 6194794.971
38 97 6883868.755
38 98 8238678.048
38 99 5228641.855
39 40 5298392.71
39 41 3129186.655
39 42 952525.0646
39 43 7885216.331
39 44 6572373.723
39 45 7950941.9
39 46 5433400.792
39 47 7592079.945
39 48 1379931.569
39 49 4387211.425
39 50 6366817.775
39 51 10154837.61
39 52 6439812.136
39 53 11242536.58
39 54 3356037.6
39 55 6827716.276
39 56 3152768.649
39 57 5169875.601
39 58 8068679.643
39 59 2275221.423
39 60 2579840.148
39 61 8812547.842
39 62 1875158.817
39 63 7467530.75
39 64 1904810.003
39 65 10188681.83
39 66 2559652.24
39 67 9452482.267
39 68 2256400.01
39 69 7115500.236
39 70 5451181.111
39 71 5509921.079
39 72 7652352.878
39 73 4794183.304
39 74 6728576.071
39 75 8657335.498
39 76 6942774.832
39 77 6710941.872
39 78 4340378.579
39 79 9907821.181
39 80 4259786.414
39 81 9114724.082
39 82 7169910.623
39 83 9341309.699
39 84 3915518.282
39 85 4265925.779
39 86 8603684.287
39 87 6953933.684
39 88 7941580.408
39 89 7295210.261
39 90 5818682.541
39 91 7621374.145
39 92 4370157.745
39 93 5847194.555
39 94 2930610.966
39 95 8215832.549
39 96 6873171.831
39 97 7525659.377
39 98 8797835.009
39 99 5507613.925
40 41 4295248.231
40 42 4884289.024
40 43 4265686.291
40 44 6930043.569
40 45 6455857.275
40 46 5411083.731
40 47 2321367.662
40 48 6582732.307
40 49 1401057.591
40 50 2164388.619
40 51 6274327.054
40 52 2935084.329
40 53 7873956.206
40 54 2960123.177
40 55 1533466.522
40 56 6634127.351
40 57 466174.9003
40 58 2930446.094
40 59 7050553.033
40 60 2733657.497
40 61 7767675.291
40 62 3423716.537
40 63 2198185.981
40 64 5359741.612
40 65 7184772.602
40 66 2786317.378
40 67 6092470.054
40 68 3165260.89
40 69 1918542.316
40 70 6594148.94
40 71 2141449.175
40 72 2375764.938
40 73 531237.3993
40 74 1452125.21
40 75 8455109.873
40 76 8398628.433
40 77 3857594.24
40 78 2221099.587
40 79 7407991.834
40 80 1255169.795
40 81 5509096.098
40 82 4678333.518
40 83 5264950.758
40 84 1413048.603
40 85 5989710.732
40 86 4923615.825
40 87 1661598.112
40 88 8666066.166
40 89 7636866.172
40 90 2369837.574
40 91 8315671.058
40 92 4582433.503
40 93 3185800.11
40 94 2595213.897
40 95 8875107.258
40 96 3142217.151
40 97 3096659.412
40 98 9941295.854
40 99 1600938.047
41 42 2182581.472
41 43 5176372.628
41 44 3676652.089
41 45 4821798.502
41 46 2349502.787
41 47 6467203.227
41 48 3669210.401
41 49 4270576.473
41 50 4229973.867
41 51 7368739.15
41 52 3934410.658
41 53 8261141.88
41 54 1336074.877
41 55 5544859.066
41 56 2463924.63
41 57 4459575.868
41 58 6299021.89
41 59 3496642.449
41 60 2450925.051
41 61 5716929.318
41 62 2502854.139
41 63 6007579.896
41 64 1683215.108
41 65 7160443.194
41 66 2976305.669
41 67 6535113.306
41 68 2001627.278
41 69 6171991.458
41 70 2786725.931
41 71 5686745.126
41 72 6503984.816
41 73 3796114.257
41 74 5645214.616
41 75 5708855.789
41 76 4570955.695
41 77 3891927.251
41 78 4807562.721
41 79 6812427.883
41 80 3961943.677
41 81 6292352.481
41 82 4190263.895
41 83 6685627.403
41 84 3088360.534
41 85 1825577.755
41 86 5846209.087
41 87 5643571.793
41 88 5268920.309
41 89 4441698.031
41 90 3486024.015
41 91 4919017.821
41 92 1244381.092
41 93 3148545.298
41 94 3464632.128
41 95 5530118.947
41 96 4369747.603
41 97 5256660.3
41 98 6354090.26
41 99 5379160.182
42 43 7067861.462
42 44 5640319.238
42 45 7003520.569
42 46 4481069.408
42 47 7205443.298
42 48 1762927.485
42 49 4194681.315
42 50 5680480.161
42 51 9325129.897
42 52 5661962.279
42 53 10355101.58
42 54 2562497.857
42 55 6380699.376
42 56 2510791.565
42 57 4835224.446
42 58 7507391.219
42 59 2203990.017
42 60 2178771.781
42 61 7860350.882
42 62 1598205.675
42 63 6983367.219
42 64 1082525.393
42 65 9284736.688
42 66 2364570.796
42 67 8582233.44
42 68 1719576.253
42 69 6772025.312
42 70 4544078.501
42 71 5463436.375
42 72 7260027.97
42 73 4358500.093
42 74 6335989.303
42 75 7722382.9
42 76 6101235.933
42 77 5857185.083
42 78 4338927.846
42 79 8979497.444
42 80 4001655.439
42 81 8271345.971
42 82 6275618.223
42 83 8546095.792
42 84 3471316.064
42 85 3367882.041
42 86 7776694.998
42 87 6501905.662
42 88 7050978.844
42 89 6371654.672
42 90 5073012.137
42 91 6723972.959
42 92 3420461.9
42 93 5014928.811
42 94 2837198.339
42 95 7324085.877
42 96 6101079.958
42 97 6822052.96
42 98 7956085.92
42 99 5363949.263
43 44 5105713.071
43 45 3225970.12
43 46 4193014.417
43 47 4488854.423
43 48 8759680.626
43 49 5558970.966
43 50 2101703.691
43 51 2275001.98
43 52 1515217.47
43 53 3646393.163
43 54 4529256.255
43 55 3865040.454
43 56 7419382.832
43 57 4731561.652
43 58 3055129.242
43 59 8671916.833
43 60 5679473.134
43 61 4481031.377
43 62 6318503.476
43 63 3629905.518
43 64 6851475.962
43 65 2926390.428
43 66 6090614.718
43 67 1830845.396
43 68 5748302.625
43 69 4713608.928
43 70 5599844.483
43 71 6359731.988
43 72 4459052.699
43 73 4327752.51
43 74 4276841.31
43 75 5633508.482
43 76 6909510.992
43 77 1312141.522
43 78 6427059.061
43 79 3275382.347
43 80 5297473.312
43 81 1297363.804
43 82 1526163.755
43 83 1510605.779
43 84 4730288.181
43 85 5820824.574
43 86 730950.735
43 87 3833468.742
43 88 6511819.467
43 89 5503779.099
43 90 2200091.149
43 91 6240088.349
43 92 4347015.103
43 93 2056570.634
43 94 6213862.629
43 95 6613253.518
43 96 1158050.47
43 97 1494524.163
43 98 7808499.857
43 99 5798892.894
44 45 2499056.686
44 46 1540792.092
44 47 8537109.242
44 48 6607978.961
44 49 7456093.24
44 50 5660303.602
44 51 6534500.898
44 52 4848422.359
44 53 6593405.311
44 54 4534351.831
44 55 7634270.125
44 56 4145846.517
44 57 7266833.269
44 58 7662190.241
44 59 5881142.141
44 60 6007396.353
44 61 2576328.065
44 62 6169586.321
44 63 7811263.814
44 64 4716778.69
44 65 5416180.346
44 66 6559933.101
44 67 5412292.565
44 68 5629308.411
44 69 8461468.077
44 70 1243846.621
44 71 8812608.478
44 72 8544461.75
44 73 6571810.645
44 74 7905011.439
44 75 2086499.235
44 76 1804479.036
44 77 4048368.975
44 78 8162967.15
44 79 4665447.548
44 80 7118240.644
44 81 5562979.784
44 82 3579914.168
44 83 6349330.962
44 84 6188127.023
44 85 2376537.034
44 86 5432454.601
44 87 7683963.411
44 88 1738776.908
44 89 770570.7586
44 90 4937187.804
44 91 1386020.845
44 92 2604971.439
44 93 4076607.351
44 94 7006917.557
44 95 1962197.705
44 96 5094838.065
44 97 6117727.786
44 98 3018160.261
44 99 8381269.55
45 46 2629369.318
45 47 7441580.128
45 48 8348627.594
45 49 7399791.702
45 50 4593307.255
45 51 4141398.871
45 52 3684364.134
45 53 4098136.134
45 54 5042976.14
45 55 6653611.106
45 56 6212492.999
45 57 6884583.651
45 58 6201667.615
45 59 7846819.274
45 60 6573985.009
45 61 1335431.866
45 62 6981313.687
45 63 6613444.17
45 64 6324776.561
45 65 2918257.124
45 66 7113571.024
45 67 2998617.155
45 68 6370158.989
45 69 7530774.435
45 70 3523085.729
45 71 8566097.049
45 72 7427776.435
45 73 6268198.298
45 74 7013174.254
45 75 2410921.41
45 76 4169851.123
45 77 2699148.503
45 78 8231585.065
45 79 2217952.748
45 80 7072130.311
45 81 3273391.338
45 82 1905212.414
45 83 4145020.154
45 84 6225122.849
45 85 4344102.29
45 86 3301848.95
45 87 6662668.244
45 88 3451458.578
45 89 2571268.429
45 90 4105563.416
45 91 3242781.68
45 92 3584859.166
45 93 3271881.196
45 94 7444787.02
45 95 3501138.697
45 96 3721865.731
45 97 4582814.464
45 98 4686037.27
45 99 8048542.684
46 47 7120389.262
46 48 5730936.519
46 49 5916305.02
46 50 4307529.387
46 51 6019888.046
46 52 3581131.66
46 53 6496962.502
46 54 3024217.664
46 55 6200667.957
46 56 3624985.858
46 57 5736458.56
46 58 6390542.841
46 59 5222063.173
46 60 4531974.212
46 61 3379444.111
46 62 4763945.71
46 63 6437662.133
46 64 3718019.581
46 65 5326620.266
46 66 5088311.56
46 67 4991438.849
46 68 4193193.651
46 69 7004199.476
46 70 1432044.394
46 71 7272120.261
46 72 7133598.097
46 73 5039267.277
46 74 6445959.124
46 75 3412413.424
46 76 3055841.456
46 77 2956406.402
46 78 6631192.14
46 79 4788983.435
46 80 5578229.231
46 81 4959977.173
46 82 2763528.605
46 83 5608997.042
46 84 4648602.966
46 85 1787613.744
46 86 4681826.332
46 87 6260227.11
46 88 3276563.816
46 89 2290912.864
46 90 3543509.792
46 91 2921327.322
46 92 1143695.895
46 93 2739016.946
46 94 5515994.69
46 95 3502989.344
46 96 3900060.619
46 97 4936379.563
46 98 4532055.246
46 99 6843875.307
47 48 8895554.241
47 49 3342774.586
47 50 2909487.873
47 51 5824032.47
47 52 3797920.678
47 53 7603275.017
47 54 5160377.857
47 55 936159.7859
47 56 8877750.248
47 57 2429142.143
47 58 1653411.703
47 59 9369492.368
47 60 5047149.807
47 61 8771622.973
47 62 5723842.786
47 63 859408.7153
47 64 7656640.911
47 65 7242515.169
47 66 5045694.896
47 67 6077524.067
47 68 5486608.827
47 69 575662.8218
47 70 8450239.497
47 71 3023665.058
47 72 75300.09483
47 73 2849551.988
47 74 869480.7177
47 75 9717520.367
47 76 10176101.77
47 77 4761111.13
47 78 3860802.834
47 79 7741572.294
47 80 3373202.145
47 81 5421535.308
47 82 5536419.925
47 83 4824565.467
47 84 3734389.914
47 85 8032326.85
47 86 4910401.627
47 87 861700.3623
47 88 10219000.91
47 89 9162664.409
47 90 3599934.074
47 91 9887655.113
47 92 6509881.491
47 93 4469906.295
47 94 4769181.389
47 95 10391948.93
47 96 3720334.017
47 97 2994780.609
47 98 11534312.81
47 99 2590894.115
48 49 5746542.414
48 50 7440263.117
48 51 10996205.48
48 52 7389765.961
48 53 11930054.52
48 54 4302648.244
48 55 8098468.888
48 56 2632710.788
48 57 6489405.073
48 58 9263196.554
48 59 1138790.315
48 60 3849423.574
48 61 9039224.43
48 62 3179269.494
48 63 8716978.082
48 64 2030370.888
48 65 10823354.3
48 66 3904479.949
48 67 10198276.29
48 68 3444501.74
48 69 8436861.571
48 70 5393157.587
48 71 6889574.364
48 72 8953236.672
48 73 6065243.755
48 74 8027546.01
48 75 8672745.877
48 76 6609944.632
48 77 7514071.458
48 78 5720308.959
48 79 10434291.5
48 80 5601558.79
48 81 9929215.913
48 82 7858449.793
48 83 10252697.12
48 84 5177298.317
48 85 4231834.094
48 86 9455904.356
48 87 8222060.331
48 88 7747636.462
48 89 7263538.644
48 90 6818562.58
48 91 7460622.271
48 92 4814116.614
48 93 6703333.697
48 94 4300132.65
48 95 8021262.468
48 96 7830654.35
48 97 8577190.876
48 98 8427531.411
48 99 6878989.592
49 50 3473023.994
49 51 7640555.193
49 52 4132781.676
49 53 9197165.162
49 54 3018568.77
49 55 2769860.401
49 56 6324901.36
49 57 1014236.477
49 58 4275471.397
49 59 6397061.809
49 60 2066362.993
49 61 8663705.75
49 62 2603802.871
49 63 3464242.846
49 64 4909166.04
49 65 8446110.059
49 66 1848022.723
49 67 7389151.34
49 68 2594408.304
49 69 2810570.474
49 70 6897342.476
49 71 1416214.19
49 72 3411404.759
49 73 1232661.14
49 74 2534974.696
49 75 9185492.683
49 76 8725761.413
49 77 4965958.72
49 78 871540.9267
49 79 8588085.248
49 80 339091.5905
49 81 6831088.896
49 82 5755894.482
49 83 6640674.699
49 84 1268130.777
49 85 6086114.374
49 86 6244610.919
49 87 2898883.74
49 88 9185070.44
49 89 8204866.284
49 90 3489041.043
49 91 8828128.073
49 92 4913535.623
49 93 4174500.916
49 94 1467261.373
49 95 9417538.227
49 96 4408053.523
49 97 4479037.275
49 98 10400694.57
49 99 1177476.696
50 51 4189130.962
50 52 909120.7721
50 53 5725786.876
50 54 3163699.4
50 55 2066852.508
50 56 6684017.023
50 57 2630451.556
50 58 2131308.933
50 59 7595031.79
50 60 3917303.814
50 61 5928730.848
50 62 4614480.14
50 63 2151356.867
50 64 5753784.819
50 65 5021256.067
50 66 4237106.998
50 67 3930441.441
50 68 4119426.128
50 69 2941323.557
50 70 5697138.284
50 71 4273699.392
50 72 2908313.595
50 73 2250110.23
50 74 2419934.819
50 75 6817408.004
50 76 7349767.745
50 77 1894344.962
50 78 4336287.09
50 79 5278277.03
50 80 3228012.256
50 81 3359101.94
50 82 2706987.525
50 83 3215627.424
50 84 2776141.467
50 85 5476648.245
50 86 2772522.567
50 87 2087211.361
50 88 7320852.042
50 89 6263928.152
50 90 791951.9375
50 91 6994112.901
50 92 3892880.941
50 93 1585011.36
50 94 4270901.325
50 95 7488342.178
50 96 991593.4073
50 97 1164702.062
50 98 8639247.771
50 99 3715879.073
51 52 3772700.371
51 53 1795444.752
51 54 6799180.667
51 55 5483977.525
51 56 9488448.217
51 57 6727573.209
51 58 4174558.79
51 59 10845087.29
51 60 7942354.138
51 61 4999006.994
51 62 8589636.13
51 63 5019641.009
51 64 9051807.731
51 65 1871671.147
51 66 8336982.001
51 67 1143992.852
51 68 8022591.157
51 69 6212563.948
51 70 7315529.171
51 71 8244550.162
51 72 5771493.887
51 73 6432564.679
51 74 5906351.162
51 75 6357152.017
51 76 8285389.723
51 77 3482970.502
51 78 8490249.647
51 79 2761171.769
51 80 7411186.17
51 81 1083018.978
51 82 3289059.045
51 83 1026808.776
51 84 6934518.855
51 85 7769094.038
51 86 1551190.225
51 87 5410425.166
51 88 7576664.383
51 89 6709260.362
51 90 4447899.921
51 91 7382384.602
51 92 6421750.121
51 93 4311323.436
51 94 8429409.677
51 95 7601137.726
51 96 3374167.233
51 97 3185316.452
51 98 8759791.866
51 99 7685781.685
52 53 5138321.522
52 54 3100388.092
52 55 2974044.896
52 56 6319101.581
52 57 3395627.811
52 58 2820949.698
52 59 7407311.967
52 60 4169934.01
52 61 5019761.685
52 62 4819651.992
52 63 3007914.396
52 64 5562708.542
52 65 4318889.278
52 66 4575504.482
52 67 3302074.606
52 68 4261539.51
52 69 3849648.283
52 70 5002851.577
52 71 5074801.123
52 72 3792153.23
52 73 2903728.719
52 74 3328815.493
52 75 5919864.138
52 76 6580167.606
52 77 985931.4909
52 78 5004278.641
52 79 4476916.496
52 80 3850408.698
52 81 2810578.082
52 82 1803851.735
52 83 2904473.942
52 84 3227932.42
52 85 4930366.659
52 86 2244549.747
52 87 2990122.867
52 88 6474029.412
52 89 5418443.986
52 90 686304.2171
52 91 6155037.323
52 92 3354882.901
52 93 872487.5589
52 94 4703716.184
52 95 6631416.512
52 96 441480.4366
52 97 1390207.598
52 98 7794926.9
52 99 4526362.472
53 54 7937314.703
53 55 7215399.355
53 56 10111489.46
53 57 8336499.844
53 58 5959301.988
53 59 11623759.96
53 60 9237162.262
53 61 4484047.901
53 62 9833915.095
53 63 6786055.138
53 64 9920366.968
53 65 1184081.209
53 66 9682349.056
53 67 1840676.291
53 68 9237914.907
53 69 7973020.714
53 70 7594293.042
53 71 9913459.135
53 72 7552667.294
53 73 7968706.273
53 74 7639456.329
53 75 5843803.407
53 76 8186289.7
53 77 4573067.987
53 78 10061992.22
53 79 2000015.531
53 80 8941529.658
53 81 2366755.539
53 82 4080528.127
53 83 2779157.699
53 84 8366146.661
53 85 8283379.004
53 86 2953311.298
53 87 7149938.256
53 88 7246916.867
53 89 6559470.747
53 90 5823152.894
53 91 7130254.245
53 92 7160638.489
53 93 5469381.916
53 94 9838522.432
53 95 7206125.364
53 96 4804374.601
53 97 4847051.243
53 98 8272734.053
53 99 9351540.432
54 55 4248627.84
54 56 3719642.728
54 57 3127960.663
54 58 5125681.419
54 59 4438849.205
54 60 1546208.986
54 61 6148145.462
54 62 1960465.091
54 63 4749378.164
54 64 2610012.319
54 65 6928340.077
54 66 2099204.306
54 67 6124778.265
54 68 1345115.129
54 69 4845966.188
54 70 3883428.969
54 71 4427758.136
54 72 5200348.364
54 73 2460234.079
54 74 4326233.234
54 75 6416206.17
54 76 5710461.957
54 77 3373902.053
54 78 3650202.628
54 79 6756685.22
54 80 2694347.62
54 81 5763754.763
54 82 3908393.473
54 83 5992351.28
54 84 1786232.54
54 85 3093043.345
54 86 5247990.514
54 87 4352896.883
54 88 6234413.725
54 89 5300199.249
54 90 2515959.369
54 91 5877298.78
54 92 1936084.539
54 93 2496097.871
54 94 2497948.222
54 95 6478668.559
54 96 3538905.86
54 97 4281449.509
54 98 7413441.601
54 99 4083592.532
55 56 7968270.347
55 57 1769923.343
55 58 1560423.531
55 59 8519236.016
55 60 4255063.518
55 61 7988674.543
55 62 4952557.77
55 63 694696.7935
55 64 6777307.653
55 65 6728633.507
55 66 4318806.719
55 67 5572906.269
55 68 4662978.048
55 69 877652.1704
55 70 7520040.28
55 71 2854008.81
55 72 964309.9208
55 73 2035216.335
55 74 424128.4173
55 75 8880307.102
55 76 9255087.759
55 77 3955581.075
55 78 3438668.687
55 79 7140272.486
55 80 2721332.688
55 81 4930897.364
55 82 4756557.757
55 83 4459123.353
55 84 2921497.666
55 85 7096602.492
55 86 4380358.513
55 87 130176.7331
55 88 9328736.137
55 89 8274047.504
55 90 2704286.874
55 91 8993579.778
55 92 5574310.375
55 93 3585388.435
55 94 4104748.505
55 95 9508092.845
55 96 2961908.043
55 97 2412994.971
55 98 10640172.23
55 99 2326159.782
56 57 6726258.447
56 58 8762783.446
56 59 1745199.224
56 60 4273914.798
56 61 6684346.29
56 62 3920039.017
56 63 8457133.62
56 64 1483031.98
56 65 8947153.966
56 66 4644008.001
56 67 8533629.624
56 68 3740548.396
56 69 8544311.999
56 70 2902252.703
56 71 7698531.407
56 72 8918773.217
56 73 6112451.407
56 74 8036319.235
56 75 6150497.265
56 76 3977420.595
56 77 6107383.232
56 78 6653269.035
56 79 8405239.046
56 80 6063397.508
56 81 8406841.674
56 82 6204303.191
56 83 8921453.833
56 84 5305396.066
56 85 1869728.083
56 86 8031756.053
56 87 8072227.154
56 88 5134547.484
56 89 4733467.444
56 90 5925687.648
56 91 4860742.227
56 92 3077457.119
56 93 5484277.013
56 94 5155809.009
56 95 5406525.064
56 96 6742066.259
56 97 7676520.826
56 98 5798032.439
56 99 7494621.427
57 58 3261381.785
57 59 7026889.955
57 60 2657649.439
57 61 8189407.674
57 62 3310541.348
57 63 2461585.921
57 64 5397279.185
57 65 7650947.461
57 66 2617517.841
57 67 6557821.768
57 68 3133456.3
57 69 1947652.616
57 70 6870722.797
57 71 1689621.313
57 72 2492333.063
57 73 700552.1104
57 74 1579693.928
57 75 8843743.402
57 76 8687536.903
57 77 4308575.463
57 78 1785369.508
57 79 7870643.488
57 80 956668.0937
57 81 5972473.006
57 82 5126452.032
57 83 5714732.508
57 84 1422868.4
57 85 6204238.548
57 86 5387342.78
57 87 1899884.508
57 88 9005394.514
57 89 7986030.277
57 90 2816759.176
57 91 8652636.758
57 92 4854952.277
57 93 3612752.495
57 94 2351642.641
57 95 9220624.656
57 96 3608083.622
57 97 3545329.163
57 98 10267941.16
57 99 1164539.263
58 59 9548284.95
58 60 5497759.954
58 61 7500424.731
58 62 6213483.424
58 63 919340.1102
58 64 7734301.463
58 65 5653609.882
58 66 5658852.762
58 67 4492086.218
58 68 5830298.125
58 69 2093154.689
58 70 7800290.905
58 71 4398751.732
58 72 1598376.451
58 73 3349089.79
58 74 1927962.427
58 75 8568748.115
58 76 9401117.3
58 77 3654060.216
58 78 4986934.883
58 79 6218156.751
58 80 4179999.285
58 81 3834374.216
58 82 4329213.298
58 83 3184414.99
58 84 4178947.633
58 85 7607685.917
58 86 3361814.929
58 87 1445449.217
58 88 9255751.545
58 89 8205602.349
58 90 2923150.817
58 91 8946587.445
58 92 6024189.696
58 93 3652445.979
58 94 5517858.773
58 95 9398108.693
58 96 2579921.804
58 97 1619449.165
58 98 10576082.82
58 99 3881803.887
59 60 4376944.475
59 61 8398911.834
59 62 3795234.365
59 63 9093830.354
59 64 1847396.429
59 65 10481326.22
59 66 4559112.891
59 67 9964156.067
59 68 3894993.717
59 69 8953808.74
59 70 4639634.547
59 71 7642366.763
59 72 9421333.237
59 73 6520571.969
59 74 8501633.83
59 75 7895592.535
59 76 5661057.196
59 77 7380742.689
59 78 6497679.253
59 79 10004945.69
59 80 6205336.324
59 81 9764247.698
59 82 7610600.039
59 83 10181735.02
59 84 5640735.03
59 85 3552266.087
59 86 9334830.109
59 87 8636670.359
59 88 6857667.558
59 89 6478533.735
59 90 6903943.068
59 91 6593674.762
59 92 4467774.968
59 93 6642908.608
59 94 5014175.391
59 95 7127459.502
59 96 7846679.879
59 97 8685329.443
59 98 7439733.522
59 99 7563373.43
60 61 7693948.802
60 62 716687.394
60 63 4888560.267
60 64 2843586
60 65 8293085.628
60 66 556835.7424
60 67 7400055.887
60 68 533399.204
60 69 4599117.544
60 70 5226168.733
60 71 3424621.42
60 72 5104291.884
60 73 2219852.332
60 74 4178598.504
60 75 7940010.278
60 76 7021549.386
60 77 4678014.243
60 78 2413723.815
60 79 8201893.308
60 80 1838963.172
60 81 6964985.24
60 82 5313495.7
60 83 7045882.546
60 84 1336404.3
60 85 4259849.796
60 86 6410408.648
60 87 4380131.588
60 88 7669249.076
60 89 6777665.456
60 90 3496722.158
60 91 7314567.409
60 92 3406721.218
60 93 3779072.121
60 94 1014819.379
60 95 7922836.286
60 96 4573967.353
60 97 5080737.916
60 98 8793154.17
60 99 3243608.552
61 62 8036579.94
61 63 7939446.326
61 64 7061592.505
61 65 3407353.773
61 66 8244355.543
61 67 3880599.613
61 68 7437497.277
61 69 8865941.645
61 70 3803170.53
61 71 9863866.421
61 72 8756666.083
61 73 7559106.99
61 74 8348577.115
61 75 1376728.402
61 76 3822878.222
61 77 4034574.758
61 78 9480307.075
61 79 2488098.541
61 80 8331685.123
61 81 4300318.845
61 82 3236401.399
61 83 5207449.338
61 84 7461103.04
61 85 4848713.73
61 86 4446961.72
61 87 7996961.595
61 88 2771917.207
61 89 2240443.931
61 90 5429997.942
61 91 2690749.654
61 92 4479677.103
61 93 4582215.183
61 94 8608790.623
61 95 2722093.193
61 96 5051300.96
61 97 5885873.919
61 98 3811460.307
61 99 9353939.853
62 63 5594216.921
62 64 2441957.239
62 65 8857694.764
62 66 766457.3116
62 67 8003962.84
62 68 615447.8587
62 69 5258177.24
62 70 5273360.856
62 71 3868786.123
62 72 5783046.32
62 73 2919368.907
62 74 4858149.13
62 75 8170155.154
62 76 7015304.237
62 77 5261666.306
62 78 2760835.724
62 79 8713975.144
62 80 2430634.596
62 81 7593501.911
62 82 5850156.237
62 83 7712119.235
62 84 2044087.249
62 85 4213347.484
62 86 7048720.959
62 87 5078808.45
62 88 7770173.182
62 89 6937683.007
62 90 4157453.425
62 91 7421166.074
62 92 3620318.891
62 93 4364535.203
62 94 1252502.99
62 95 8032320.419
62 96 5233955.673
62 97 5779089.981
62 98 8829858.655
62 99 3768166.339
63 64 7322173.448
63 65 6393264.102
63 66 4981863.263
63 67 5228613.543
63 68 5273320.416
63 69 1195731.586
63 70 7802879.563
63 71 3486403.819
63 72 829850.9509
63 73 2677023.049
63 74 1017678.143
63 75 8914534.036
63 76 9488972.538
63 77 3950734.782
63 78 4127070.486
63 79 6882784.572
63 80 3409305.999
63 81 4574141.648
63 82 4709161.535
63 83 4008112.347
63 84 3552222.773
63 85 7471689.776
63 86 4055974.051
63 87 566823.2003
63 88 9469453.787
63 89 8412600.924
63 90 2894211.825
63 91 9144322.733
63 92 5914915.49
63 93 3734879.061
63 94 4785807.987
63 95 9633372.556
63 96 2893254.336
63 97 2135598.925
63 98 10788718.17
63 99 2978453.449
64 65 8803807.22
64 66 3177515.177
64 67 8211859.926
64 68 2315128.503
64 69 7277963.979
64 70 3561662.35
64 71 6257989.004
64 72 7703903.215
64 73 4829396.118
64 74 6796740.586
64 75 6802479.787
64 76 5044357.262
64 77 5573474.272
64 78 5189072.923
64 79 8404076.345
64 80 4667301.711
64 81 7975561.808
64 82 5862098.425
64 83 8358528.118
64 84 3978137.415
64 85 2373253.009
64 86 7527083.875
64 87 6889911.442
64 88 6039182.726
64 89 5420747.116
64 90 5056937.106
64 91 5721806.97
64 92 2784818.658
64 93 4810295.488
64 94 3685305.804
64 95 6313685.074
64 96 6002715.003
64 97 6838429.658
64 98 6900142.248
64 99 6085647.821
65 66 8764010.731
65 67 1164996.024
65 68 8252036.59
65 69 7543518.477
65 70 6410244.926
65 71 9286089.915
65 72 7200983.468
65 73 7213976.512
65 74 7149067.032
65 75 4782679.45
65 76 7033426.171
65 77 3619106.955
65 78 9317383.284
65 79 954254.5662
65 80 8168635.958
65 81 1821876.637
65 82 3024714.26
65 83 2562934.123
65 84 7519740.055
65 85 7110774.67
65 86 2348653.047
65 87 6681484.124
65 88 6139261.411
65 89 5408452.46
65 90 4986535.115
65 91 6002850.75
65 92 6029483.212
65 93 4515726.363
65 94 8960401.136
65 95 6116576.671
65 96 4046890.389
65 97 4315649.347
65 98 7218355.279
65 99 8725282.498
66 67 7842144.518
66 68 986188.2338
66 69 4558892.723
66 70 5760047.121
66 71 3104073.24
66 72 5107864.527
66 73 2314625.831
66 74 4188383.417
66 75 8496779.161
66 76 7545189.694
66 77 5144904.909
66 78 2011557.8
66 79 8703112.349
66 80 1700403.088
66 81 7384022.199
66 82 5807783.13
66 83 7415333.946
66 84 1500142.703
66 85 4767471.74
66 86 6819934.021
66 87 4447445.447
66 88 8215172.145
66 89 7330383.019
66 90 3892580.837
66 91 7861133.923
66 92 3961310.964
66 93 4249516.454
66 94 516106.5675
66 95 8470136.977
66 96 4962857.278
66 97 5389372.2
66 98 9328108.371
66 99 3005146.575
67 68 7412013.053
67 69 6381805.981
67 70 6239067.568
67 71 8171084.008
67 72 6036012.752
67 73 6157395.671
67 74 5994554.576
67 75 5228042.643
67 76 7150672.219
67 77 2751365.427
67 78 8257670.781
67 79 1824666.98
67 80 7124903.427
67 81 657848.2924
67 82 2353887.655
67 83 1473638.439
67 84 6529661.362
67 85 6765244.325
67 86 1195227.245
67 87 5523078.699
67 88 6432953.837
67 89 5568113
67 90 3985496.675
67 91 6238652.759
67 92 5502278.27
67 93 3641675.411
67 94 7998866.953
67 95 6459298.149
67 96 2982912.22
67 97 3161388.101
67 98 7621441.481
67 99 7609103.835
68 69 5059792.024
68 70 4788348.499
68 71 3958005.388
68 72 5540835.576
68 73 2638945.185
68 74 4617250.374
68 75 7604896.723
68 76 6564239.853
68 77 4664870.034
68 78 2938328.502
68 79 8099920.865
68 80 2355255.429
68 81 7014629.084
68 82 5240297.154
68 83 7163120.074
68 84 1752219.148
68 85 3781900.458
68 86 6476870.221
68 87 4784919.007
68 88 7260744.462
68 89 6399464.306
68 90 3612471.432
68 91 6908526.521
68 92 3052431.338
68 93 3770397.041
68 94 1493237.123
68 95 7518910.09
68 96 4683795.419
68 97 5281916.324
68 98 8355567.342
68 99 3770551.59
69 70 8291930.888
69 71 2450313.882
69 72 650790.9771
69 73 2448569.241
69 74 558295.1795
69 75 9748276.284
69 76 10051264.56
69 77 4832311.805
69 78 3293921.036
69 79 7987485.297
69 80 2868011.988
69 81 5732134.172
69 82 5634203.391
69 83 5197690.68
69 84 3314852.644
69 85 7800966.041
69 86 5196533.159
69 87 884111.0181
69 88 10167284.42
69 89 9114909.7
69 90 3552072.407
69 91 9828830.965
69 92 6316167.152
69 93 4437670.794
69 94 4256231.851
69 95 10351888.84
69 96 3837851.171
69 97 3239031.857
69 98 11474180.56
69 99 2016071.726
70 71 8298079.199
70 72 8468427.305
70 73 6171051.716
70 74 7735051.165
70 75 3279771.856
70 76 1828684.297
70 77 4384294.626
70 78 7522839.753
70 79 5738749.338
70 80 6568351.845
70 81 6281653.138
70 82 4129597.85
70 83 6980661.854
70 84 5644489.506
70 85 1188514.036
70 86 6050668.445
70 87 7588613.789
70 88 2519929.506
70 89 1872349.315
70 90 4918604.374
70 91 2184022.295
70 92 2015781.821
70 93 4149353.446
70 94 6240893.183
70 95 2789936.172
70 96 5330193.722
70 97 6365826.263
70 98 3568072.372
70 99 7920117.069
71 72 3098962.306
71 73 2307809.19
71 74 2470899.382
71 75 10474096.05
71 76 10126710.14
71 77 5997285.078
71 78 1175399.414
71 79 9542177.928
71 80 1733457.914
71 81 7564591.488
71 82 6815943.789
71 83 7219334.502
71 84 2653720.736
71 85 7501870.096
71 86 6985239.282
71 87 2959100.883
71 88 10548054.07
71 89 9551366.522
71 90 4506230.63
71 91 10192081.32
71 92 6302260.213
71 93 5295941.429
71 94 2628903.325
71 95 10774514.52
71 96 5262735.988
71 97 5071239.805
71 98 11780437.91
71 99 562276.2244
72 73 2902687.058
72 74 925702.92
72 75 9710609.436
72 76 10189439.19
72 77 4751482.235
72 78 3934101.942
72 79 7707097.292
72 80 3438408.571
72 81 5379521.854
72 82 5522580.359
72 83 4774541.223
72 84 3788721.344
72 85 8060196.418
72 86 4871991.526
72 87 881716.0124
72 88 10222753.66
72 89 9166174.702
72 90 3607585.981
72 91 9892418.113
72 92 6533481.31
72 93 4474197.159
72 94 4834863.354
72 95 10394136.47
72 96 3705943.05
72 97 2964552.263
72 98 11538894.72
72 99 2665671.977
73 74 1981103.597
73 75 8174935.864
73 76 7987146.574
73 77 3759856.152
73 78 2103483.048
73 79 7369073.048
73 80 978701.5564
73 81 5603731.291
73 82 4562830.326
73 83 5443219.393
73 84 888601.2349
73 85 5519156.076
73 86 5017582.063
73 87 2160497.766
73 88 8310571.57
73 89 7294779.014
73 90 2271629.578
73 91 7957244.114
73 92 4155279.852
73 93 3006534.264
73 94 2181350.95
73 95 8527667.333
73 96 3175632.765
73 97 3298866.474
73 98 9569942.042
73 99 1823644.527
74 75 9209795.25
74 76 9493028.461
74 77 4314278.591
74 78 3137687.215
74 79 7550885.162
74 80 2533558.141
74 81 5353620.35
74 82 5124083.104
74 83 4881961.653
74 84 2865046.823
74 85 7255064.383
74 86 4801301.674
74 87 501296.9155
74 88 9612875.972
74 89 8561250.941
74 90 3003753.001
74 91 9273691.305
74 92 5762573.829
74 93 3890286.607
74 94 3930395.705
74 95 9798933.925
74 96 3345711.932
74 97 2833663.092
74 98 10918635.38
74 99 1961079.084
75 76 2717616.291
75 77 4963984.431
75 78 9952424.224
75 79 3855962.844
75 80 8846985.489
75 81 5608152.153
75 82 4239649.038
75 83 6504781.126
75 84 7935172.988
75 85 4450358.36
75 86 5696429.409
75 87 8904558.891
75 88 1499643.361
75 89 1417073.973
75 90 6216647.952
75 91 1529880.946
75 92 4552749.313
75 93 5333034.727
75 94 8914058.311
75 95 1391562.261
75 96 6031227.936
75 97 6950854.185
75 98 2435761.01
75 99 9997301.574
76 77 5827142.427
76 78 9343657.467
76 79 6202231.339
76 80 8397001.526
76 81 7341233.772
76 82 5384043.069
76 83 8143902.04
76 84 7473069.448
76 85 2804641.59
76 86 7231169.588
76 87 9315709.877
76 88 1307584.796
76 89 1626864.206
76 90 6595329.431
76 91 1187735.912
76 92 3836233.237
76 93 5768860.245
76 94 8035571.418
76 95 1545851.577
76 96 6854556.049
76 97 7885726.728
76 98 1855806.021
76 99 9746145.828
77 78 5831480.406
77 79 3632822.054
77 80 4662523.37
77 81 2416500.03
77 82 825929.9046
77 83 2816815.514
77 84 3937198.209
77 85 4523925.228
77 86 1954532.511
77 87 3967462.137
77 88 5603582.183
77 89 4556482.621
77 90 1493768.507
77 91 5298701.194
77 92 3035171.6
77 93 899209.7483
77 94 5349896.074
77 95 5744048.59
77 96 1077377.838
77 97 2073393.166
77 98 6923168.735
77 99 5457910.26
78 79 9456781.171
78 80 1170759.822
78 81 7695374.103
78 82 6616180.271
78 83 7484348.92
78 84 2023936.09
78 85 6632682.517
78 86 7108796.407
78 87 3562566.107
78 88 9877701.798
78 89 8921518.72
78 90 4358687.449
78 91 9520346.848
78 92 5581919.638
78 93 5028434.858
78 94 1508344.512
78 95 10117803.52
78 96 5277820.445
78 97 5317199.967
78 98 11063516.79
78 99 1319818.594
79 80 8290410.475
79 81 2442191.659
79 82 2898597.87
79 83 3298289.914
79 84 7565792.14
79 85 6542775.751
79 86 2856864.899
79 87 7108505.257
79 88 5246994.769
79 89 4576275.911
79 90 5099406.148
79 91 5132327.199
79 92 5621002.435
79 93 4488434.313
79 94 8949750.162
79 95 5209019.199
79 96 4286762.716
79 97 4754240.263
79 98 6290361.158
79 99 8988286.612
80 81 6578063.01
80 82 5445467.487
80 83 6420419.076
80 84 931267.4886
80 85 5771640.031
80 86 5992335.95
80 87 2851497.266
80 88 8847948.231
80 89 7866417.087
80 90 3195772.64
80 91 8491081.522
80 92 4580145.575
80 93 3858156.124
80 94 1397186.323
80 95 9079871.195
80 96 4142005.38
80 97 4270408.293
80 98 10066010.72
80 99 1434916.739
81 82 2212898.563
81 83 911421.0092
81 84 6027135.223
81 85 6697291.083
81 86 586579.3737
81 87 4877948.733
81 88 6723152.622
81 89 5802656.428
81 90 3496374.514
81 91 6502051.57
81 92 5338880.369
81 93 3268085.756
81 94 7511215.378
81 95 6773616.286
81 96 2450973.741
81 97 2524710.478
81 98 7954421.16
81 99 7002315.629
82 83 2851901.724
82 84 4682892.451
82 85 4484918.129
82 86 1922297.886
82 87 4762054.077
82 88 5010835.191
82 89 3989502.973
82 90 2309713.452
82 91 4729138.541
82 92 3152675.833
82 93 1599280.611
82 94 6051491.662
82 95 5125809.158
82 96 1816736.174
82 97 2712333.681
82 98 6318121.399
82 99 6279194.094
83 84 5983864.943
83 85 7289644.118
83 86 930010.4434
83 87 4387211.689
83 88 7583530.471
83 89 6638241.475
83 90 3554706.291
83 91 7349968.778
83 92 5845383.835
83 93 3553349.246
83 94 7480477.542
83 95 7644681.128
83 96 2479520.794
83 97 2169412.733
83 98 8831057.363
83 99 6661105.701
84 85 4877634.877
84 86 5449999.802
84 87 3045728.78
84 88 7916982.152
84 89 6937815.077
84 90 2544425.9
84 91 7560064.573
84 92 3650732.439
84 93 3083622.46
84 94 1496641.257
84 95 8149456.611
84 96 3578251.974
84 97 3912217.316
84 98 9135209.878
84 99 2297681.166
85 86 6374392.3
85 87 7181117.752
85 88 3683104.915
85 89 3054119.444
85 90 4685376.257
85 91 3357353.674
85 92 1586018.881
85 93 4059169.845
85 94 5267552.323
85 95 3956229.396
85 96 5316944.603
85 97 6320444.807
85 98 4637350.309
85 99 7175254.887
86 87 4332854.809
86 88 6711241.755
86 89 5746031.661
86 90 2928002.006
86 91 6466103.892
86 92 4954446.645
86 93 2761854.291
86 94 6937248.058
86 95 6784988.362
86 96 1871811.722
86 97 1967640.769
86 98 7976933.561
86 99 6423003.714
87 88 9372656.8
87 89 8317112.925
87 90 2748637.636
87 91 9039181.162
87 92 5651862.357
87 93 3625136.435
87 94 4234799.949
87 95 9549281.88
87 96 2958690.591
87 97 2368135.951
87 98 10685954.08
87 99 2436811.261
88 89 1056926.272
88 90 6624745.162
88 91 357366.2101
88 92 4298373.111
88 93 5749118.049
88 94 8678397.613
88 95 274972.6409
88 96 6675838.096
88 97 7671285.439
88 98 1321173.02
88 99 10119568.37
89 90 5569803.913
89 91 742757.7538
89 92 3373959.693
89 93 4692919.261
89 94 7776369.452
89 95 1240552.518
89 96 5625931.568
89 97 6627457.062
89 98 2376722.07
89 99 9110759.835
90 91 6290600.374
90 92 3101128.479
90 93 886740.1646
90 94 4017518.109
90 95 6803982.472
90 96 1077495.4
90 97 1781535.718
90 98 7937361.412
90 99 3970716.515
91 92 3941230.731
91 93 5418232.439
91 94 8323148.128
91 95 611161.6395
91 96 6367223.043
91 97 7370040.098
91 98 1646778.488
91 99 9764958.476
92 93 2487621.332
92 94 4402488.967
92 95 4542865.491
92 96 3751947.823
92 97 4743302.046
92 98 5488744.804
92 99 5911196.173
93 94 4466996.957
93 95 5924148.22
93 96 1266014.79
93 97 2262387.051
93 98 7064703.494
93 99 4776663.88
94 95 8930501.552
94 96 5066910.975
94 97 5398241.42
94 98 9807618.495
94 99 2578873.749
95 96 6819520.2
95 97 7804891.634
95 98 1195501.446
95 99 10340505.96
96 97 1036914.068
96 98 7996242.893
96 99 4705968.721
97 98 8989040.289
97 99 4510305.197
98 99 11367472.73
