4950
0 1 5731287.151
0 2 8822258.465
0 3 4933860.688
0 4 2774305.235
0 5 3139623.324
0 6 7093168.944
0 7 4617777.635
0 8 10627036.6
0 9 8421013.418
0 10 2668937.867
0 11 7293762.01
0 12 10389461.35
0 13 7030984.166
0 14 5616720.142
0 15 3531014.609
0 16 9011893.633
0 17 1689723.217
0 18 8856573.587
0 19 9868085.29
0 20 2186078.474
0 21 7146298.937
0 22 5400761.181
0 23 5496742.053
0 24 6318578.34
0 25 6940058.389
0 26 5505271.778
0 27 5672924.389
0 28 6028320.538
0 29 9047412.545
0 30 6483389.175
0 31 7527576.401
0 32 9584412.033
0 33 2024708.873
0 34 7130293.21
0 35 3381898.972
0 36 2796113.129
0 37 9671092.894
0 38 2076716.831
0 39 4486515.249
0 40 6027829.808
0 41 10549365.1
0 42 4933132.92
0 43 3619745.758
0 44 8837063.147
0 45 6913473.599
0 46 9362962.559
0 47 10118192.43
0 48 4747630.831
0 49 8029443.598
0 50 9122467.618
0 51 3086325.837
0 52 266426.1579
0 53 8227607.362
0 54 2331285.885
0 55 7308092.725
0 56 4026579.836
0 57 6151911.039
0 58 3954649.166
0 59 12312223.22
0 60 6919171.452
0 61 11195979.08
0 62 8956200.21
0 63 8477508.765
0 64 2249032.41
0 65 3006431.892
0 66 1734826.686
0 67 5866244.5
0 68 6477098.513
0 69 6757494.543
0 70 4820914.495
0 71 8697874.555
0 72 10590135.37
0 73 8636772.86
0 74 11386116.93
0 75 9567321.973
0 76 7619241.658
0 77 7565826.895
0 78 10219259.41
0 79 9890343.624
0 80 11090660.56
0 81 6126539.837
0 82 5535979.317
0 83 4610885.689
0 84 11494990.3
0 85 5538538.958
0 86 3995543.809
0 87 8773066.371
0 88 8900459.154
0 89 4586061.088
0 90 9116794.647
0 91 6940352.081
0 92 7397614.841
0 93 7152445.624
0 94 5730729.04
0 95 7987287.039
0 96 9447047.857
0 97 10458951.2
0 98 9855322.497
0 99 7764322.947
1 2 5871780.781
1 3 4955786.312
1 4 3090829.941
1 5 2915846.901
1 6 2497881.347
1 7 4118437.86
1 8 4924336.907
1 9 4846826.052
1 10 4082000.991
1 11 3062476.661
1 12 5176988.482
1 13 4008570.548
1 14 2696376.823
1 15 3734244.023
1 16 3753739.074
1 17 5705123.329
1 18 5004697.401
1 19 6273837.478
1 20 4467250.588
1 21 2874223.23
1 22 5398011.975
1 23 5232138.295
1 24 6103749.641
1 25 2153117.878
1 26 3916963.301
1 27 1797460.653
1 28 5506473.458
1 29 4701984.143
1 30 4798286.632
1 31 5421189.193
1 32 5472244.918
1 33 3863203.593
1 34 4260465.056
1 35 2703400.778
1 36 4138579.972
1 37 4135883.671
1 38 4289930.865
1 39 1346121.943
1 40 1271408.677
1 41 5549592.982
1 42 3360817.959
1 43 4233291.358
1 44 3335504.556
1 45 4032900.52
1 46 4163020.1
1 47 4386940.514
1 48 3635786.131
1 49 6233012.815
1 50 5423091.939
1 51 4369290.9
1 52 5479930.645
1 53 4140352.389
1 54 4205620.903
1 55 1923807.671
1 56 2054297.022
1 57 4210217.824
1 58 2469949.244
1 59 6778993.353
1 60 1722825.108
1 61 5564706.6
1 62 4271093.566
1 63 5708914.003
1 64 4331289.075
1 65 3417320.442
1 66 5149208.486
1 67 1169004.959
1 68 1672322.153
1 69 6034516.161
1 70 2974013.551
1 71 3247896.246
1 72 5777832.082
1 73 2976248.756
1 74 5655990.344
1 75 5355608.616
1 76 3749218.558
1 77 4983012.718
1 78 4608253.991
1 79 5633804.178
1 80 5921407.897
1 81 2405634.916
1 82 3747624.718
1 83 1334268.465
1 84 6282706.537
1 85 3494570.084
1 86 1891652.758
1 87 5519328.072
1 88 3348247.769
1 89 1567510.22
1 90 5127357.567
1 91 1246763.057
1 92 2531869.987
1 93 1658008.023
1 94 1420177.137
1 95 3691572.429
1 96 3847034.214
1 97 5135584.749
1 98 4298598.264
1 99 3948655.034
2 3 4193077.394
2 4 6508967.181
2 5 6057071.141
2 6 8097921.193
2 7 4230804.904
2 8 7626324.455
2 9 1177447.251
2 10 8830175.883
2 11 2891054.126
2 12 4319379.261
2 13 9846742.977
2 14 3615058.627
2 15 5294530.472
2 16 8331114.444
2 17 9816667.153
2 18 1427238.179
2 19 11746663.73
2 20 8949544.427
2 21 3060452.673
2 22 3972798.684
2 23 3755737.796
2 24 3561522.565
2 25 7740856.945
2 26 9713720.369
2 27 7668468.569
2 28 3357661.587
2 29 9977323.768
2 30 2417906.031
2 31 1458805.606
2 32 10771402.3
2 33 6998300.913
2 34 1798686.294
2 35 7626145.628
2 36 8964442.635
2 37 7969131.665
2 38 8672986.165
2 39 5775938.575
2 40 7100771.115
2 41 3873206.199
2 42 3937512.563
2 43 9454139.446
2 44 4763333.138
2 45 9885017.836
2 46 3991648.701
2 47 6738687.226
2 48 4080250.727
2 49 1598217.918
2 50 10943331.21
2 51 9343777.292
2 52 8692184.4
2 53 2056466.516
2 54 8752644.564
2 55 4593317.904
2 56 5564830.019
2 57 10067129.95
2 58 7782593.81
2 59 6423841.692
2 60 7165379.241
2 61 6213782.488
2 62 9374744.655
2 63 374980.1871
2 64 8840399.12
2 65 5920165.813
2 66 9368491.02
2 67 4717428.374
2 68 7388046.96
2 69 2978153.957
2 70 8676459.82
2 71 7660189.016
2 72 3496034.701
2 73 5375797.481
2 74 7364126.309
2 75 2040615.818
2 76 2179647.033
2 77 1256498.688
2 78 7989053.836
2 79 2206735.376
2 80 4539793.547
2 81 3543824.819
2 82 3298192.349
2 83 6776106.648
2 84 4878362.627
2 85 9317843.304
2 86 6970622.469
2 87 11192383.2
2 88 4949120.713
2 89 5307789.068
2 90 10546698.58
2 91 6141114.734
2 92 3682944.008
2 93 6766065.439
2 94 7291367.504
2 95 2503298.976
2 96 7578192.792
2 97 4654289.283
2 98 8000896.227
2 99 1992182.642
3 4 3410803.472
3 5 3056226.171
3 6 7414121.638
3 7 845863.8581
3 8 9095233.154
3 9 4206118.143
3 10 5815647.986
3 11 4001949.04
3 12 7170665.529
3 13 8555387.258
3 14 2576298.433
3 15 1802032.343
3 16 8613342.904
3 17 6250437.762
3 18 4720841.741
3 19 11133516.83
3 20 5730401.465
3 21 3969050.043
3 22 546826.6011
3 23 566877.2342
3 24 1498240.463
3 25 7086282.068
3 26 7736883.31
3 27 6328896.138
3 28 1098683.232
3 29 9646018.085
3 30 1786330.323
3 31 2761898.497
3 32 10402766.4
3 33 3514934.662
3 34 2880016.673
3 35 5059459.25
3 36 5980387.569
3 37 8759267.609
3 38 5444719.489
3 39 3925437.771
3 40 6105735.553
3 41 7049818.426
3 42 1629046.622
3 43 6710702.967
3 44 6381912.168
3 45 8523619.319
3 46 6324286.371
3 47 8302121.067
3 48 1323124.378
3 49 3129792.99
3 50 10279474.9
3 51 6405654.419
3 52 4865708.882
3 53 4433008.471
3 54 5614303.621
3 55 5172246.133
3 56 3255019.29
3 57 8283183.83
3 58 5498034.567
3 59 9382102.416
3 60 6677800.243
3 61 8642420.616
3 62 9226591.763
3 63 3820781.981
3 64 5659493.751
3 65 2591547.123
3 66 5920692.619
3 67 4075010.989
3 68 6577153.142
3 69 1838536.546
3 70 6653786.017
3 71 8025791.776
3 72 6891936.131
3 73 6602599.666
3 74 9373651.168
3 75 5539473.51
3 76 3878779.645
3 77 3001817.343
3 78 9075657.939
3 79 5838870.296
3 80 7711982.413
3 81 3228037.282
3 82 1570713.939
3 83 4983661.36
3 84 8120199.536
3 85 7471168.155
3 86 4783808.668
3 87 10263070.23
3 88 6530477.491
3 89 3487006.956
3 90 10032274.95
3 91 5978350.488
3 92 4635526.939
3 93 6543117.778
3 94 6075824.509
3 95 4445206.414
3 96 8401365.052
3 97 7384362.217
3 98 8880491.317
3 99 3924040.935
4 5 451971.5169
4 6 4957955.823
4 7 2716938.344
4 8 8012225.665
4 9 5909801.814
4 10 2444386.64
4 11 4594522.658
4 12 7623815.682
4 13 5557149.104
4 14 3012237.275
4 15 1609465.774
4 16 6676307.364
4 17 3337327.83
4 18 6296046.184
4 19 8337954.404
4 20 2463342.36
4 21 4434881.675
4 22 3957628.468
4 23 3929494.208
4 24 4900670.261
4 25 4716563.163
4 26 4463045.39
4 27 3594631.43
4 28 4416104.049
4 29 7137240.989
4 30 4414799.866
4 31 5411306.282
4 32 7802961.909
4 33 782592.4966
4 34 4724559.003
4 35 1718673.229
4 36 2602282.888
4 37 7190599.902
4 38 2179854.423
4 39 1768034.112
4 40 3704910.664
4 41 7806726.53
4 42 2607555.118
4 43 3301011.024
4 44 6068864.492
4 45 5489730.058
4 46 6594108.15
4 47 7438605.995
4 48 2571161.487
4 49 6072279.746
4 50 7509153.642
4 51 3021515.944
4 52 2551928.05
4 53 5591871.901
4 54 2294310.731
4 55 4540694.985
4 56 1253037.9
4 57 5060396.612
4 58 2254922.704
4 59 9539770.395
4 60 4537492.891
4 61 8438255.081
4 62 6888469.485
4 63 6202718.841
4 64 2365711.022
4 65 827711.5479
4 66 2864257.839
4 67 3093652.277
4 68 4200811.773
4 69 5142548.737
4 70 3429545.299
4 71 6257726.436
4 72 7874960.08
4 73 5899203.053
4 74 8693491.214
4 75 6947886.232
4 76 4999499.182
4 77 5287219.202
4 78 7688970.207
4 79 7269026.223
4 80 8331662.601
4 81 3430594.485
4 82 3271169.263
4 83 2253516.201
4 84 8733318.278
4 85 4268931.869
4 86 1761027.876
4 87 7343982.879
4 88 6137387.038
4 89 1812766.349
4 90 7371098.566
4 91 4335466.272
4 92 4633466.213
4 93 4659020.565
4 94 3500606.359
4 95 5304840.113
4 96 6922124.146
4 97 7686788.614
4 98 7361919.694
4 99 5163493.702
5 6 4960986.245
5 7 2322431.243
5 8 7805545.383
5 9 5463033.135
5 10 2867448.55
5 11 4178370.008
5 12 7250979.312
5 13 5713898.072
5 14 2569808.95
5 15 1278560.671
5 16 6592111.521
5 17 3785043.498
5 18 5854091.438
5 19 8450359.053
5 20 2909319.718
5 21 4023290.848
5 22 3601408.138
5 23 3555787.817
5 24 4531538.364
5 25 4695696.837
5 26 4721266.101
5 27 3648662.275
5 28 4028275.26
5 29 7173858.471
5 30 3977663.165
5 31 4967270.474
5 32 7864714.967
5 33 1114977.544
5 34 4272721.524
5 35 2006730.658
5 36 3021221.503
5 37 7048311.571
5 38 2627220.974
5 39 1569727.868
5 40 3671268.757
5 41 7413268.923
5 42 2161459.801
5 43 3685104.048
5 44 5748440.601
5 45 5657721.21
5 46 6226676.807
5 47 7197710.128
5 48 2140381.883
5 49 5637047.297
5 50 7611369.616
5 51 3435129.267
5 52 2931354.142
5 53 5160204.706
5 54 2733345.09
5 55 4226475.292
5 56 928351.9013
5 57 5297108.527
5 58 2483449.115
5 59 9204058.501
5 60 4462731.69
5 61 8130551.543
5 62 6885595.316
5 63 5751398.302
5 64 2808806.301
5 65 585286.4024
5 66 3315714.372
5 67 2771428.157
5 68 4172227.136
5 69 4746038.09
5 70 3658756.295
5 71 6138523.476
5 72 7467657.915
5 73 5619664.412
5 74 8440564.733
5 75 6514688.376
5 76 4564056.336
5 77 4836378.345
5 78 7523047.551
5 79 6836428.022
5 80 7951038.768
5 81 3011098.921
5 82 2825388.863
5 83 2267282.831
5 84 8355473.566
5 85 4493249.591
5 86 1869338.98
5 87 7485857.304
5 88 5826273.513
5 89 1502461.508
5 90 7445150.277
5 91 4160487.348
5 92 4259372.549
5 93 4535404.526
5 94 3507366.81
5 95 4884103.267
5 96 6762871.7
5 97 7326485.502
5 98 7213315.548
5 99 4725287.411
6 7 6569771.685
6 8 4199193.656
6 9 6981082.609
6 10 4711736.876
6 11 5206956.501
6 12 6214123.025
6 13 1948891.442
6 14 5184626.069
6 15 6025189.52
6 16 2011100.783
6 17 6466290.381
6 18 7017886.579
6 19 3780213.306
6 20 5222907.007
6 21 5038805.234
6 22 7875082.952
6 23 7717620.864
6 24 8599985.02
6 25 359991.3511
6 26 2850553.634
6 27 1422833.867
6 28 8003233.517
6 29 2241883.541
6 30 7278046.756
6 31 7835500.727
6 32 2988644.928
6 33 5618057.682
6 34 6633098.283
6 35 3713279.898
6 36 4674332.766
6 37 2900536.82
6 38 5175627.069
6 39 3551825.68
6 40 1319651.478
6 41 6767258.219
6 42 5845232.384
6 43 4281451.094
6 44 4295466.809
6 45 2049826.331
6 46 5385434.587
6 47 4123027.914
6 48 6104972.737
6 49 8650042.554
6 50 2933239.717
6 51 4679555.213
6 52 6826742.795
6 53 6165344.149
6 54 4980609.638
6 55 3571891.509
6 56 4290392.107
6 57 2734241.793
6 58 3143232.129
6 59 7117708.749
6 60 936404.1639
6 61 5781170.802
6 62 1930514.411
6 63 7990148.563
6 64 5102177.188
6 65 5534524.75
6 66 5945178.694
6 67 3597767.396
6 68 837016.2969
6 69 8529752.604
6 70 2596983.934
6 71 1955362.615
6 72 7135153.424
6 73 3621244.856
6 74 5281837.308
6 75 7160178.563
6 76 5918754.139
6 77 7351495
6 78 3530954.265
6 79 7382474.645
6 80 6912599.065
6 81 4823010.483
6 82 6245335.935
6 83 2706411.384
6 84 7181274.218
6 85 2433185.689
6 86 3230703.11
6 87 3098593.333
6 88 4196614.489
6 89 3938456.844
6 90 2630210.105
6 91 1975621.712
6 92 4455627.29
6 93 1398111.9
6 94 1458033.73
6 95 5690897.905
6 96 2839895.721
6 97 6032335.031
6 98 3099534.648
6 99 6109159.002
7 8 8376020.394
7 9 4006443.841
7 10 5157537.571
7 11 3462705.215
7 12 6703757.664
7 13 7719013.083
7 14 1870692.231
7 15 1169821.415
7 16 7798627.762
7 17 5774337.417
7 18 4497101.295
7 19 10287801.72
7 20 5125953.074
7 21 3397960.999
7 22 1346142.515
7 23 1252934.559
7 24 2227430.108
7 25 6243251.855
7 26 6939015.516
7 27 5486008.42
7 28 1706240.12
7 29 8803217.614
7 30 1866033.397
7 31 2910247.754
7 32 9558356.531
7 33 2958589.334
7 34 2657114.538
7 35 4299700.215
7 36 5317458.46
7 37 7978738.545
7 38 4838562.365
7 39 3082017.088
7 40 5260335.846
7 41 6653127.513
7 42 857034.8722
7 43 6006737.715
7 44 5744247.429
7 45 7689878.338
7 46 5798839.187
7 47 7606361.803
7 48 517025.4438
7 49 3456558.556
7 50 9433722.622
7 51 5738061.905
7 52 4508419.285
7 53 4067877.031
7 54 4985043.509
7 55 4452839.106
7 56 2423436.516
7 57 7472893.303
7 58 4707889.348
7 59 8882031.112
7 60 5841212.414
7 61 8061520.891
7 62 8389412.475
7 63 3876046.466
7 64 5042857.328
7 65 1936210.688
7 66 5394501.555
7 67 3276670.991
7 68 5732899.158
7 69 2425992.365
7 70 5850784.956
7 71 7221390.524
7 72 6550433.899
7 73 5906211.39
7 74 8717263.101
7 75 5288046.777
7 76 3474027.555
7 77 2978811.037
7 78 8317562.939
7 79 5601876.139
7 80 7293413.02
7 81 2546168.023
7 82 1083752.314
7 83 4147733.084
7 84 7706326.661
7 85 6660276.498
7 86 3972324.409
7 87 9420415.983
7 88 5882166.337
7 89 2641146.389
7 90 9186751.66
7 91 5165625.047
7 92 4000794.39
7 93 5719269.02
7 94 5230400.34
7 95 3997078.237
7 96 7627703.07
7 97 6887683.114
7 98 8106109.572
7 99 3557674.887
8 9 6488348.706
8 10 8628174.056
8 11 5338261.37
8 12 3787307.009
8 13 5839226.067
8 14 6522273.449
8 15 8401472.905
8 16 2436116.687
8 17 10370601.43
8 18 6210750.526
8 19 5808729.311
8 20 9098822.782
8 21 5291049.486
8 22 9374456.564
8 23 9146747.732
8 24 9751750.516
8 25 4124036.258
8 26 7043375.059
8 27 5314725.787
8 28 9195695.209
8 29 4197485.911
8 30 8107427.784
8 31 8133959.006
8 32 4742933.214
8 33 8787142.409
8 34 6977046.796
8 35 7382569.808
8 36 8629675.718
8 37 1402838.909
8 38 8983509.306
8 39 6250162.882
8 40 4738913.493
8 41 4456003.624
8 42 7519041.77
8 43 8386578.572
8 44 2923128.821
8 45 5984825.252
8 46 3665134.306
8 47 888142.0136
8 48 7860799.815
8 49 8842175.63
8 50 5336660.075
8 51 8719929.653
8 52 10369949.74
8 53 5646659.531
8 54 8838917.694
8 55 3925405.776
8 56 6897105.674
8 57 6850984.68
8 58 6938243.658
8 59 3429298.824
8 60 3873001.22
8 61 2241696.68
8 62 3575869.53
8 63 7718151.897
8 64 8966693.252
8 65 8256857.715
8 66 9820954.238
8 67 5208890.765
8 68 4405285.355
8 69 9428834.826
8 70 6720855.538
8 71 2245683.107
8 72 4960590.682
8 73 2508999.31
8 74 1179443.673
8 75 5845395.879
8 76 5835399.5
8 77 7525710.522
8 78 825418.5863
8 79 5891553.044
8 80 4180329.566
8 81 5868372.406
8 82 7556753.318
8 83 6037897.554
8 84 4234182.421
8 85 6631998.302
8 86 6657019.406
8 87 5944179.162
8 88 2740817.438
8 89 6341166.177
8 90 4838144.473
8 91 3690546.964
8 92 4539079.786
8 93 3521297.639
8 94 5094455.967
8 95 5292626.774
8 96 1360560.397
8 97 3443606.473
8 98 1229889.582
8 99 5938794.407
9 10 8107310.965
9 11 1795760.9
9 12 3381814.909
9 13 8771534.693
9 14 2903487.407
9 15 4917396.638
9 16 7155708.091
9 17 9247129.522
9 18 520856.933
9 19 10594496.42
9 20 8282581.408
9 21 1978735.723
9 22 4135734.809
9 23 3892204.476
9 24 3991450.528
9 25 6626843.105
9 26 8741273.74
9 27 6640582.849
9 28 3625000.369
9 29 8817400.446
9 30 2478806.239
9 31 1900216.103
9 32 9609833.85
9 33 6490646.393
9 34 1351091.678
9 35 6831538.639
9 36 8229453.219
9 37 6794541.123
9 38 8016821.064
9 39 4928665.656
9 40 6040515.112
9 41 3053336.655
9 42 3495251.19
9 43 8644872.228
9 44 3601402.553
9 45 8817997.465
9 46 2900067.485
9 47 5600272.232
9 48 3722572.132
9 49 2437118.042
9 50 9798405.03
9 51 8586511.014
9 52 8262111.605
9 53 879042.7862
9 54 8067182.158
9 55 3442829.687
9 56 4838852.05
9 57 9057041.493
9 58 6919374.46
9 59 5576874.834
9 60 6045373.235
9 61 5206175.825
9 62 8209001.972
9 63 1230199.478
9 64 8164970.006
9 65 5432141.497
9 66 8765427.454
9 67 3725636.051
9 68 6297673.464
9 69 3475831.266
9 70 7734470.157
9 71 6484907.444
9 72 2782439.421
9 73 4201591.523
9 74 6292426.697
9 75 1346072.501
9 76 1097682.765
9 77 1344743.048
9 78 6825887.625
9 79 1634904.215
9 80 3738870.479
9 81 2652937.752
9 82 2947508.629
9 83 5856750.023
9 84 4118923.698
9 85 8330863.064
9 86 6120845.605
9 87 10066620.39
9 88 3787508.104
9 89 4495357.834
9 90 9394196.734
9 91 5012313.633
9 92 2535923.848
9 93 5629633.155
9 94 6256121.44
9 95 1330732.218
9 96 6403248.8
9 97 3688281.093
9 98 6828902.448
9 99 898175.4484
10 11 6571060.67
10 12 9220867.888
10 13 4382624.372
10 14 5230710.839
10 15 4021810.331
10 16 6709926.134
10 17 1759300.37
10 18 8433315.094
10 19 7207259.65
10 20 523311.0346
10 21 6389291.126
10 22 6359928.452
10 23 6351259.432
10 24 7313404.27
10 25 4634541.748
10 26 2836442.061
10 27 3358142.604
10 28 6848872.895
10 29 6483806.953
10 30 6842134.7
10 31 7818213.085
10 32 6971171.355
10 33 2370235.706
10 34 7031533.213
10 35 1389475.419
10 36 170233.33
10 37 7500203.562
10 38 600136.7865
10 39 3265711.676
10 40 3889304.524
10 41 9534906.771
10 42 5014431.568
10 43 1026454.27
10 44 7416634.57
10 45 4259132.212
10 46 8190626.27
10 47 8272423.822
10 48 5007798.931
10 49 8502383.962
10 50 6476544.519
10 51 595031.4706
10 52 2422931.074
10 53 7649141.215
10 54 339387.1186
10 55 5960621.985
10 56 3275021.911
10 57 3483609.343
10 58 1696149.044
10 59 10852907.94
10 60 4763878.198
10 61 9612329.723
10 62 6467283.74
10 63 8546639.867
10 64 425942.5104
10 65 3232132.634
10 66 1234202.723
10 67 4711555.449
10 68 4250860.958
10 69 7580485.386
10 70 2226323.906
10 71 6512828.36
10 72 9698918.533
10 73 7033901.544
10 74 9540676.54
10 75 8992118.882
10 76 7101507.911
10 77 7644576.6
10 78 8097338.527
10 79 9302968.708
10 80 9961428.592
10 81 5481844.943
10 82 5676331.537
10 83 2752588.569
10 84 10335628.83
10 85 2884016.322
10 86 2207902.315
10 87 6107689.202
10 88 7429684.65
10 89 3633595.302
10 90 6499128.182
10 91 5093333.202
10 92 6360769.81
10 93 5114744.579
10 94 3535829.741
10 95 7287755.533
10 96 7340976.845
10 97 9202998.602
10 98 7694986.245
10 99 7285164.569
11 12 3257291.542
11 13 6977205.831
11 14 1734423.108
11 15 4009433.426
11 16 5562946.586
11 17 7878612.861
11 18 1951422.448
11 19 8872908.378
11 20 6809871.781
11 21 190940.2012
11 22 4168228.854
11 23 3925557.656
11 24 4431328.588
11 25 4850140.255
11 26 6972208.583
11 27 4850714.4
11 28 3896406.113
11 29 7120416.241
11 30 2773907.145
11 31 2878385.268
11 32 7917206.431
11 33 5280191.432
11 34 1664107.874
11 35 5233714.955
11 36 6677505.442
11 37 5355583.594
11 38 6562131.024
11 39 3314112.814
11 40 4244849.66
11 41 3290126.657
11 42 2685347.172
11 43 7008450.067
11 44 2459565.985
11 45 7022602.342
11 46 2336962.068
11 47 4482121.651
11 48 3011126.88
11 49 3654872.246
11 50 8061726.672
11 51 7005213.575
11 52 7099362.209
11 53 1101964.939
11 54 6575805.224
11 55 1746224.676
11 56 3395832.072
11 57 7270387.651
11 58 5246842.099
11 59 5419420.942
11 60 4274382.028
11 61 4641610.221
11 62 6536910.572
11 63 2800467.652
11 64 6684020.326
11 65 4308830.522
11 66 7363090.835
11 67 1977771.323
11 68 4506600.707
11 69 4090616.112
11 70 5987875.762
11 71 4896428.406
11 72 3296823.092
11 73 2853233.008
11 74 5441092.049
11 75 2421962.743
11 76 712006.3056
11 77 2300319.238
11 78 5505685.1
11 79 2731919.081
11 80 3888062.019
11 81 1168178.296
11 82 2439701.44
11 83 4142870.211
11 84 4301646.991
11 85 6555055.452
11 86 4473986.488
11 87 8301543.713
11 88 2628072.882
11 89 2946159.992
11 90 7674580.413
11 91 3252902.986
11 92 861103.6497
11 93 3881609.622
11 94 4464549.11
11 95 719403.7646
11 96 4965484.108
11 97 3426620.183
11 98 5424723.772
11 99 905217.5152
12 13 8161346.911
12 14 4978294.811
12 15 7249289.136
12 16 5417523.015
12 17 10740325.28
12 18 2937577.717
12 19 9111684.817
12 20 9559656.973
12 21 3354829.57
12 22 7247628.656
12 23 6998381.846
12 24 7287401.503
12 25 5938468.136
12 26 8769721.185
12 27 6596728.804
12 28 6844860.999
12 29 7324854.756
12 30 5661490.377
12 31 5272368.035
12 32 8034784.649
12 33 8365684.67
12 34 4408295.733
12 35 7831392.673
12 36 9291808.626
12 37 4655578.414
12 38 9348953.792
12 39 6047326.911
12 40 5884697.894
12 41 671017.8821
12 42 5942322.663
12 43 9405803.847
12 44 1946642.309
12 45 8263757.574
12 46 1037209.577
12 47 2990297.956
12 48 6265494.118
12 49 5800909.821
12 50 8457118.234
12 51 9542103.257
12 52 10174425.66
12 53 2795533.579
12 54 9304806.563
12 55 3263037.115
12 56 6372668.863
12 57 8849853.417
12 58 7646709.232
12 59 2229597.587
12 60 5395743.673
12 61 1928306.65
12 62 6655307.387
12 63 4525664.183
12 64 9425598.083
12 65 7473918.835
12 66 10195812.81
12 67 4581312.849
12 68 5870496.064
12 69 6814100.911
12 70 8016026.354
12 71 4836988.31
12 72 1173286.738
12 73 2592891.51
12 74 3190859.638
12 75 2305169.364
12 76 3297750.347
12 77 4687158.068
12 78 4405729.112
12 79 2246335.164
12 80 744692.8275
12 81 4351253.067
12 82 5649081.961
12 83 6504512.246
12 84 1118430.056
12 85 8319373.55
12 86 7013365.11
12 87 8924894.343
12 88 2022050.059
12 89 5832719.087
12 90 7976994.205
12 91 4500022.762
12 92 2991846.516
12 93 4882547.65
12 94 6227732.608
12 95 2725706.749
12 96 4324501.197
12 97 360985.5289
12 98 4598598.027
12 99 3279331.715
13 14 6646419.581
13 15 6940461.993
13 16 3420226.911
13 17 5978761.431
13 18 8855128.716
13 19 2849084.104
13 20 4896745.596
13 21 6798121.704
13 22 9063759.486
13 23 8944080.218
13 24 9884731.279
13 25 2249357.313
13 26 1658166.841
13 27 2276114.431
13 28 9303704.613
13 29 2302434.478
13 30 8742443.316
13 31 9422657.768
13 32 2628778.605
13 33 6038143.518
13 34 8268968.761
13 35 3932318.487
13 36 4279661.417
13 37 4446688.483
13 38 4959000.655
13 39 4650302.93
13 40 2749954.686
13 41 8716055.214
13 42 7115375.598
13 43 3590405.306
13 44 6244181.118
13 45 161659.9996
13 46 7331710.674
13 47 5924890.787
13 48 7316526.485
13 49 10231698.16
13 50 2093934.343
13 51 4106757.522
13 52 6775065.588
13 53 7991708.933
13 54 4712045.186
13 55 5438522.37
13 56 5301051.362
13 57 1156796.775
13 58 3333773.323
13 59 8970634.46
13 60 2829218.031
13 61 7634900.654
13 62 2560943.745
13 63 9703322.586
13 64 4808565.183
13 65 6294899.366
13 66 5545342.505
13 67 5177267.126
13 68 2481110.904
13 69 9906774.78
13 70 2238653.77
13 71 3655485.996
13 72 9081122.495
13 73 5568604.884
13 74 6988705.379
13 75 9053793.201
13 76 7685340.134
13 77 8991568.514
13 78 5073102.034
13 79 9288237.26
13 80 8855762.268
13 81 6413589.434
13 82 7619298.133
13 83 3571763.242
13 84 9116916.874
13 85 1499355.4
13 86 3845819.529
13 87 1794575.406
13 88 6145215.526
13 89 5125590.011
13 90 2154444.472
13 91 3851102.851
13 92 6287403.385
13 93 3326242.316
13 94 2608592.075
13 95 7520677.581
13 96 4506480.41
13 97 7974103.827
13 98 4634638.456
13 99 7881542.61
14 15 2275341.446
14 16 6131034.589
14 17 6348060.486
14 18 3284324.111
14 19 8964683.049
14 20 5384467.018
14 21 1623540.336
14 22 2901228.246
14 23 2694311.663
14 24 3472357.043
14 25 4832894.538
14 26 6236655.218
14 27 4374706.944
14 28 2875183.728
14 29 7348434.685
14 30 2104097.957
14 31 2820862.754
14 32 8132225.491
14 33 3631414.489
14 34 1823970.681
14 35 4011675.59
14 36 5360160.735
14 37 6204842.875
14 38 5116220.409
14 39 2200160.41
14 40 3957775.703
14 41 5023070.323
14 42 1022816.006
14 43 5840006.301
14 44 3879390.809
14 45 6652079.408
14 46 4018080.124
14 47 5740625.595
14 48 1367797.101
14 49 3612319.473
14 50 8115898.451
14 51 5733056.734
14 52 5436354.085
14 53 2611249.602
14 54 5174030.137
14 55 2597307.53
14 56 1956283.13
14 57 6661676.691
14 58 4194553.542
14 59 7101130.524
14 60 4345184.92
14 61 6218912.714
14 62 6862974.503
14 63 3356262.179
14 64 5268885.157
14 65 2611954.333
14 66 5862409.661
14 67 1614516.221
14 68 4367173.699
14 69 3349117.885
14 70 5163820.569
14 71 5516316.999
14 72 5007222.886
14 73 4039801.516
14 74 6846786.474
14 75 3957061.036
14 76 2005198.483
14 77 2495265.65
14 78 6503458.104
14 79 4279818.623
14 80 5621389.025
14 81 677988.3852
14 82 1104698.618
14 83 3265827.659
14 84 6034701.257
14 85 5874056.604
14 86 3379747.005
14 87 8212062.944
14 88 4014055.778
14 89 1712306.871
14 90 7806606.488
14 91 3514990.54
14 92 2144398.215
14 93 4120859.801
14 94 4040378.68
14 95 2388883.822
14 96 5840378.204
14 97 5125260.741
14 98 6319435.155
14 99 2159077.985
15 16 7487910.752
15 17 4610439.926
15 18 5373511.118
15 19 9627092.803
15 20 3965535.127
15 21 3896772.715
15 22 2348760.343
15 23 2329583.234
15 24 3295520.771
15 25 5729076.401
15 26 5998028.541
15 27 4797452.35
15 28 2829798.347
15 29 8263701.286
15 30 3002733.289
15 31 4040961.547
15 32 8984173.681
15 33 1788952.441
15 34 3605905.745
15 35 3283179.259
15 36 4185034.784
15 37 7815742.692
15 38 3678282.38
15 39 2478728.776
15 40 4707946.167
15 41 7295652.549
15 42 1424221.735
15 43 4908672.303
15 44 6015126.197
15 45 6892729.019
15 46 6274293.577
15 47 7704427.583
15 48 1216616.979
15 49 4620519.21
15 50 8779985.317
15 51 4609184.929
15 52 3397777.191
15 53 4816124.901
15 54 3833620.101
15 55 4573949.309
15 56 1735477.669
15 57 6568287.565
15 58 3758026.934
15 59 9345627.491
15 60 5413050.611
15 61 8397947.564
15 62 7919771.613
15 63 4954196.108
15 64 3886402.436
15 65 790771.5307
15 66 4224895.732
15 67 3193610.637
15 68 5204213.435
15 69 3566271.332
15 70 4930295.648
15 71 6970141.508
15 72 7262341.922
15 73 6037853.933
15 74 8892335.886
15 75 6119972.008
15 76 4203452.335
15 77 4038867.685
15 78 8228301.76
15 79 6441412.33
15 80 7896719.824
15 81 2903605.316
15 82 2005180.804
15 83 3410759.056
15 84 8309994.962
15 85 5761474.089
15 86 3102486.23
15 87 8694267.656
15 88 6126602.53
15 89 2166944.957
15 90 8582020.654
15 91 4917850.104
15 92 4344682.318
15 93 5391775.226
15 94 4603513.757
15 95 4646833.826
15 96 7494933.323
15 97 7385189.075
15 98 7963968.82
15 99 4326620.359
16 17 8467775.441
16 18 7044495.69
16 19 3694293.403
16 20 7215902.439
16 21 5439509.877
16 22 9006635.657
16 23 8813695.602
16 24 9595981.282
16 25 2084434.394
16 26 4738950.55
16 27 3368120.061
16 28 9001625.543
16 29 1916648.462
16 30 8087574.571
16 31 8419672.069
16 32 2619774.374
16 33 7395947.875
16 34 7187460.507
16 35 5636874.013
16 36 6678404.586
16 37 1033654.663
16 38 7154071.743
16 39 5053603.941
16 40 3001469.719
16 41 6059630.379
16 42 6985815.705
16 43 6288959.446
16 44 3774126.683
16 45 3570218.374
16 46 4853165.981
16 47 2684409.905
16 48 7294096.413
16 49 9211575.303
16 50 3064954.574
16 51 6690601.864
16 52 8746252.057
16 53 6279349.355
16 54 6969000.266
16 55 3823984.117
16 56 5789714.174
16 57 4475089.796
16 58 5098035.421
16 59 5730418.278
16 60 2139008.266
16 61 4426965.998
16 62 1247834.101
16 63 8313317.055
16 64 7092424.752
16 65 7130918.36
16 66 7940801.173
16 67 4545125.807
16 68 2535577.064
16 69 9410722.587
16 70 4605771.758
16 71 670998.2936
16 72 6512334.094
16 73 3062652.008
16 74 3605791.105
16 75 6951509.412
16 76 6225988.755
16 77 7858888.885
16 78 1653216.911
16 79 7100320.995
16 80 6008868.92
16 81 5600032.424
16 82 7235723.649
16 83 4461312.109
16 84 6183352.277
16 85 4359589.267
16 86 5050130.148
16 87 3601524.288
16 88 3612376.215
16 89 5321241.678
16 90 2573950.887
16 91 2635024.829
16 92 4706788.843
16 93 2097830.24
16 94 3281456.227
16 95 5828063.154
16 96 1180627.975
16 97 5146229.482
16 98 1216253.559
16 99 6387311.645
17 18 9629836.534
17 19 8733582.856
17 20 1271779.231
17 21 7708903.886
17 22 6760418.887
17 23 6816197.479
17 24 7709440.945
17 25 6393767.241
17 26 4345981.98
17 27 5117105.436
17 28 7344991.048
17 29 8165729.256
17 30 7608152.671
17 31 8639209.792
17 32 8602163.44
17 33 2833260.571
17 34 8047059.43
17 35 3021771.883
17 36 1793169.789
17 37 9257840.472
17 38 1415516.403
17 39 4694369.073
17 40 5633956.672
17 41 10998333.99
17 42 5882096.668
17 43 2390161.783
17 44 9009674.932
17 45 5841105.533
17 46 9703348.505
17 47 9987093.831
17 48 5777274.705
17 49 9230170.331
17 50 8055459.803
17 51 1874710.229
17 52 1580961.251
17 53 8908036.909
17 54 1532363.429
17 55 7512267.636
17 56 4482898.358
17 57 4961518.368
17 58 3432862.899
17 59 12478339.43
17 60 6515186.24
17 61 11268546.95
17 62 8189538.608
17 63 9497555.529
17 64 1404360.235
17 65 3907385.674
17 66 556693.0986
17 67 6164534.517
17 68 6007097.342
17 69 8087734.107
17 70 3935693.305
17 71 8270296.984
17 72 11114375.1
17 73 8680632.504
17 74 11259272.13
17 75 10265137.96
17 76 8324150.354
17 77 8577760.713
17 78 9852421.131
17 79 10584464.58
17 80 11471307.65
17 81 6730741.856
17 82 6534193.424
17 83 4409236.637
17 84 11858749.66
17 85 4493551.533
17 86 3815815.481
17 87 7618553.877
17 88 9039183.374
17 89 4959127.309
17 90 8127526.32
17 91 6789120.8
17 92 7799113.479
17 93 6851072.225
17 94 5285883.737
17 95 8596292.373
17 96 9093649.908
17 97 10753622.97
17 98 9452223.071
17 99 8492584.188
18 19 10557480.26
18 20 8631764.833
18 21 2142234.567
18 22 4656344.362
18 23 4412573.597
18 24 4503015.217
18 25 6669549.798
18 26 8919592.636
18 27 6781698.921
18 28 4144523.5
18 29 8764819.324
18 30 2999562.133
18 31 2391488.089
18 32 9550950.175
18 33 6903484.357
18 34 1852551.914
18 35 7129254.534
18 36 8549494.555
18 37 6614141.152
18 38 8371333.636
18 39 5212624.095
18 40 6153226.392
18 41 2565205.62
18 42 3949300.646
18 43 8926866.157
18 44 3381959.267
18 45 8910502.588
18 46 2565403.014
18 47 5324360.062
18 48 4192468.37
18 49 2864462.752
18 50 9778287.752
18 51 8894811.99
18 52 8690490.671
18 53 867412.0896
18 54 8409540.942
18 55 3447744.569
18 56 5183936.03
18 57 9203628.565
18 58 7179075.961
18 59 5105152.318
18 60 6082278.812
18 61 4804165.741
18 62 8140432.131
18 63 1591723.809
18 64 8511124.426
18 65 5856696.354
18 66 9137606.206
18 67 3927811.21
18 68 6374088.967
18 69 3978739.495
18 70 7939297.666
18 71 6376825.994
18 72 2271610.924
18 73 4028241.767
18 74 5938180.316
18 75 825225.3974
18 76 1333552.87
18 77 1856438.762
18 78 6600027.857
18 79 1118040
18 80 3249273.642
18 81 2951970.861
18 82 3427740.564
18 83 6088184.566
18 84 3621508.272
18 85 8499266.361
18 86 6393284.715
18 87 10079905
18 88 3566077.72
18 89 4803000.341
18 90 9358772.848
18 91 5042283.476
18 92 2568882.743
18 93 5641426.672
18 94 6392652.718
18 95 1334597.882
18 96 6226188.496
18 97 3259273.665
18 98 6634242.143
18 99 1148265.101
19 20 7713547.167
19 21 8718281.796
19 22 11613005.14
19 23 11466481.73
19 24 12365498.79
19 25 4133961.207
19 26 4395931.497
19 27 4831010.96
19 28 11770588.01
19 29 1808796.648
19 30 11057629.94
19 31 11590916.06
19 32 1082584.813
19 33 8861560.215
19 34 10375473.44
19 35 6762916.128
19 36 7094690.34
19 37 4541589.416
19 38 7792213.961
19 39 7215447.511
19 40 5043836.663
19 41 9753313.507
19 42 9598266.573
19 43 6351591.166
19 44 7423156.964
19 45 2957353.854
19 46 8520968.397
19 47 6294026.697
19 48 9842169.101
19 49 12404324.92
19 50 854449.8486
19 51 6883930.005
19 52 9614519.797
19 53 9740320.182
19 54 7541065.726
19 55 7153873.706
19 56 7923669.242
19 57 3772066.244
19 58 6157382.33
19 59 9236869.281
19 60 4655405.12
19 61 7997954.229
19 62 2468028.417
19 63 11673371.9
19 64 7632396.096
19 65 9035599.81
19 66 8334613.003
19 67 7374991.416
19 68 4602078.666
19 69 12308217.38
19 70 5087392.247
19 71 4300002.059
19 72 10202371.4
19 73 6702039.756
19 74 6958430.397
19 75 10557807.7
19 76 9576321.067
19 77 11087257.22
19 78 4992725.064
19 79 10730681.46
19 80 9693836.916
19 81 8592030.476
19 82 10020389.25
19 83 6216369.73
19 84 9850982.711
19 85 4329980.85
19 86 6589493.58
19 87 1116687.928
19 88 7271838.093
19 89 7647127.626
19 90 1200299.954
19 91 5630858.407
19 92 8063919.971
19 93 4995954.948
19 94 5058637.427
19 95 9270442.039
19 96 4818785.421
19 97 8837144.917
19 98 4654252.368
19 99 9757536.238
20 21 6632664.826
20 22 6268196.942
20 23 6279941.619
20 24 7226435.565
20 25 5136433.445
20 26 3329943.101
20 27 3855797.755
20 28 6790936.926
20 29 7007004.157
20 30 6874672.22
20 31 7874643.795
20 32 7491232.672
20 33 2221565.073
20 34 7155399.172
20 35 1767078.786
20 36 618857.2907
20 37 7991777.326
20 38 287391.9523
20 39 3542542.644
20 40 4362508.426
20 41 9847966.603
20 42 5070309.413
20 43 1438289.659
20 44 7790400.175
20 45 4770924.086
20 46 8525041.288
20 47 8719726.4
20 48 5027922.319
20 49 8529222.789
20 50 6990201.058
20 51 915628.2681
20 52 1950667.906
20 53 7870782.802
20 54 263217.2433
20 55 6310805.493
20 56 3447998.262
20 57 3973460.272
20 58 2161308.671
20 59 11246229.42
20 60 5245060.082
20 61 10022370.3
20 62 6988975.663
20 63 8652154.542
20 64 136007.2059
20 65 3190248.972
20 66 726718.0306
20 67 5009153.601
20 68 4740170.844
20 69 7530250.554
20 70 2749628.26
20 71 7004166.827
20 72 9990761.384
20 73 7437003.53
20 74 9991092.803
20 75 9222617.56
20 76 7306682.667
20 77 7740461.826
20 78 8583674.75
20 79 9537513.983
20 80 10296376.5
20 81 5691280.406
20 82 5734126.177
20 83 3155129.897
20 84 10677148.16
20 85 3397412.411
20 86 2576075.949
20 87 6610264.427
20 88 7812257.722
20 89 3864118.727
20 90 7018775.082
20 91 5526001.551
20 92 6656921.807
20 93 5579411.975
20 94 4015682.714
20 95 7529120.821
20 96 7823663.635
20 97 9556871.697
20 98 8185567.332
20 99 7484760.124
21 22 4159413.118
21 23 3919723.908
21 24 4463071.437
21 25 4681181.608
21 26 6782480.147
21 27 4664132.521
21 28 3916505.274
21 29 6972608.048
21 30 2817166.182
21 31 2984968.8
21 32 7769823.558
21 33 5128991.573
21 34 1758384.355
21 35 5048565.209
21 36 6494580.697
21 37 5261582.718
21 38 6386553.027
21 39 3129741.443
21 40 4062386.218
21 41 3418522.099
21 42 2600875.91
21 43 6820330.969
21 44 2442739.03
21 45 6842074.229
21 46 2406949.244
21 47 4444564.979
21 48 2933118.6
21 49 3772139.898
21 50 7903658.668
21 51 6820214.85
21 52 6948871.381
21 53 1292365.898
21 54 6397343.8
21 55 1615938.964
21 56 3227373.476
21 57 7083057.048
21 58 5057471.339
21 59 5493367.566
21 60 4108098.148
21 61 4676609.918
21 62 6395276.232
21 63 2957678.893
21 64 6506274.88
21 65 4170351.058
21 66 7191038.806
21 67 1786853.892
21 68 4330618.231
21 69 4144023.024
21 70 5797074.37
21 71 4775463.134
21 72 3445072.008
21 73 2792443.754
21 74 5435129.605
21 75 2606257.054
21 76 887226.0677
21 77 2419602.639
21 78 5431255.007
21 79 2914335.106
21 80 4002389.428
21 81 1021790.27
21 82 2399822.293
21 83 3952261.908
21 84 4415040.233
21 85 6365939.885
21 86 4286239.972
21 87 8135318.541
21 88 2604849.183
21 89 2768551.052
21 90 7521016.406
21 91 3092319.635
21 92 766522.912
21 93 3723789.223
21 94 4278580.699
21 95 898464.4098
21 96 4873080.011
21 97 3508074.833
21 98 5336547.48
21 99 1083864.047
22 23 249379.0169
22 24 958594.9436
22 25 7541566.024
22 26 8272334.252
22 27 6824741.397
22 28 663033.9435
22 29 10098321.01
22 30 1657305.343
22 31 2515405.626
22 32 10862155.55
22 33 4049593.552
22 34 2866698.995
22 35 5603062.358
22 36 6525016.29
22 37 9106035.911
22 38 5983076.019
22 39 4421252.935
22 40 6574923.113
22 41 7076819.147
22 42 2038808.15
22 43 7257423.184
22 44 6598092.998
22 45 9035548.432
22 46 6451327.502
22 47 8560940.572
22 48 1771465.144
22 49 2761319.294
22 50 10758575.21
22 51 6950516.79
22 52 5346392.23
22 53 4468312.651
22 54 6155622.457
22 55 5469228.494
22 56 3769561.65
22 57 8813380.548
22 58 6035450.772
22 59 9472919.712
22 60 7114590.636
22 61 8799914.256
22 62 9661844.351
22 63 3597833.221
22 64 6199123.235
22 65 3137969.716
22 66 6443472.254
22 67 4461650.83
22 68 7038445.226
22 69 1359631.6
22 70 7187046.593
22 71 8404949.569
22 72 6881517.788
22 73 6869138.905
22 74 9592934.521
22 75 5481412.225
22 76 3952834.705
22 77 2854110.674
22 78 9395750.997
22 79 5767798.054
22 80 7750283.711
22 81 3517991.972
22 82 1820860.562
22 83 5493103.724
22 84 8152809.64
22 85 8000951.09
22 86 5312662.592
22 87 10758599.04
22 88 6754768.615
22 89 3968745.194
22 90 10500044.76
22 91 6374443.358
22 92 4864935.925
22 93 6955066.014
22 94 6560632.339
22 95 4537937.345
22 96 8740726.504
22 97 7482183.534
22 98 9219648.408
22 99 3970848.122
23 24 976771.2811
23 25 7380798.36
23 26 8191550.842
23 27 6694597.91
23 28 532279.858
23 29 9934119.756
23 30 1415431.88
23 31 2302245.973
23 32 10702003.82
23 33 4069689.047
23 34 2618101.039
23 35 5546659.357
23 36 6514615.851
23 37 8896234.402
23 38 5993590.943
23 39 4295036.829
23 40 6424177.45
23 41 6827884.432
23 42 1872522.311
23 43 7229895.168
23 44 6360138.157
23 45 8919769.562
23 46 6204111.26
23 47 8329366.707
23 48 1630237.77
23 49 2596654.709
23 50 10612086.88
23 51 6938710.743
23 52 5431239.045
23 53 4218991.012
23 54 6157916.613
23 55 5248108.821
23 56 3664163.321
23 57 8722502.718
23 58 5960772.351
23 59 9223844.539
23 60 6943531.343
23 61 8554470.921
23 62 9488199.415
23 63 3380871.194
23 64 6206243.709
23 65 3120020.202
23 66 6482554.278
23 67 4271111.409
23 68 6881934.689
23 69 1271891.394
23 70 7102724.928
23 71 8206765.464
23 72 6634189.96
23 73 6639912.969
23 74 9354402.676
23 75 5237424.982
23 76 3703904.504
23 77 2619345.597
23 78 9177980.505
23 79 5525286.858
23 80 7501124.737
23 81 3298753.704
23 82 1602171.712
23 83 5377987.277
23 84 7903798.489
23 85 7909879.946
23 86 5222867.675
23 87 10625588.5
23 88 6517974.302
23 89 3832209.483
23 90 10345555.78
23 91 6184716.684
23 92 4630397.277
23 93 6771741.021
23 94 6421461.653
23 95 4289476.535
23 96 8528802.208
23 97 7233423.048
23 98 9007437.063
23 99 3721477.388
24 25 8256865.539
24 26 9162625.307
24 27 7624676.161
24 28 598641.7108
24 29 10797950.05
24 30 1666419.419
24 31 2149360.424
24 32 11574139.91
24 33 5008172.042
24 34 2900437.499
24 35 6523419.897
24 36 7477860.964
24 37 9608220.05
24 38 6941160.147
24 39 5235046.137
24 40 7322452.652
24 41 7031440.468
24 42 2775774.903
24 43 8201676.12
24 44 6890614.17
24 45 9864771.073
24 46 6590673.249
24 47 8907497.078
24 48 2572002.887
24 49 2119378.106
24 50 11511896.94
24 51 7902866.709
24 52 6275732.194
24 53 4496950.202
24 54 7112323.662
24 55 5919851.356
24 56 4624834.767
24 57 9688255.683
24 58 6934653.322
24 59 9513843.634
24 60 7796748.153
24 61 8964245.723
24 62 10328987.74
24 63 3198446.921
24 64 7156758.991
24 65 4086180.817
24 66 7399279.624
24 67 5083326.632
24 68 7768041.876
24 69 597458.9602
24 70 8072552.172
24 71 8971215.44
24 72 6773428.285
24 73 7246297.119
24 74 9860924.447
24 75 5316221.409
24 76 4068855.412
24 77 2647113.721
24 78 9847241.679
24 79 5573121.312
24 80 7715832.107
24 81 4008015.538
24 82 2372485.592
24 83 6327311.181
24 84 8103770.928
24 85 8875816.972
24 86 6191003.539
24 87 11547547.35
24 88 7059277.428
24 89 4761241.104
24 90 11230184.39
24 91 6987182.407
24 92 5213102.734
24 93 7591878.952
24 94 7339138.995
24 95 4663258.875
24 96 9231563.95
24 97 7555438.453
24 98 9707153.59
24 99 4039357.972
25 26 2989634.968
25 27 1283852.848
25 28 7659534.788
25 29 2560003.828
25 30 6923682.93
25 31 7476093.39
25 32 3321211.645
25 33 5398216.534
25 34 6273167.202
25 35 3559683.38
25 36 4609821.252
25 37 2886802.284
25 38 5070177.442
25 39 3250882.966
25 40 1026338.682
25 41 6477908.577
25 42 5508327.925
25 43 4280128.582
25 44 4007070.362
25 45 2337600.736
25 46 5086461.661
25 47 3974475.709
25 48 5773231.947
25 49 8290612.874
25 50 3289067.645
25 51 4647708.051
25 52 6673934.088
25 53 5814920.293
25 54 4887624.456
25 55 3226427.834
25 56 3993755.434
25 57 2943689.53
25 58 3013893.146
25 59 6925947.714
25 60 589144.2972
25 61 5593182.079
25 62 2194363.472
25 63 7631365.657
25 64 5011716.489
25 65 5263117.843
25 66 5862335.582
25 67 3241587.413
25 68 525792.2525
25 69 8179797.617
25 70 2602388.237
25 71 1909176.361
25 72 6834953.908
25 73 3349360.742
25 74 5168831.842
25 75 6824886.961
25 76 5562063.883
25 77 6991511.271
25 78 3503773.087
25 79 7051646.677
25 80 6645996.269
25 81 4464676.721
25 82 5898302.58
25 83 2464323.943
25 84 6925785.162
25 85 2554440.638
25 86 3018425.325
25 87 3457923.808
25 88 3916858.667
25 89 3620768.493
25 90 2975623.822
25 91 1628714.002
25 92 4104695.019
25 93 1076885.617
25 94 1229333.222
25 95 5340676.644
25 96 2778051.061
25 97 5769258.549
25 98 3084599.883
25 99 5752980.922
26 27 2197677.209
26 28 8612622.994
26 29 3936341.28
26 30 8244405.284
26 31 9056132.334
26 32 4284283.419
26 33 4792706.212
26 34 8004104.782
26 35 2745342.939
26 36 2712629.46
26 37 5710146.715
26 38 3432350.601
26 39 4056241.187
26 40 2899616.405
26 41 9248397.124
26 42 6477636.153
26 43 1957697.159
26 44 6824234.736
26 45 1510283.827
26 46 7835010.516
26 47 6960118.801
26 48 6612297.748
26 49 9837959.149
26 50 3711019.328
26 51 2488096.305
26 52 5258872.331
26 53 8056561.405
26 54 3174810.942
26 55 5704682.689
26 56 4554264.978
26 57 649235.9686
26 58 2241471.627
26 59 9907676.061
26 60 3433605.375
26 61 8578136.558
26 62 4103920.687
26 63 9513607.797
26 64 3257219.387
26 65 5268581.738
26 66 3938701.977
26 67 5016225.09
26 68 2917000.619
26 69 9278749.41
26 70 1093282.956
26 71 4797780.3
26 72 9546898.076
26 73 6231989.057
26 74 8132240.263
26 75 9261034.249
26 76 7645430.176
26 77 8709764.651
26 78 6345911.365
26 79 9530981.979
26 80 9500292.157
26 81 6172744.587
26 82 7063639.53
26 83 2970843.071
26 84 9810130.583
26 85 450503.8573
26 86 2975441.93
26 87 3285891.152
26 88 6765368.733
26 89 4555965.722
26 90 3810667.678
26 91 4270705.48
26 92 6430979.262
26 93 3935376.821
26 94 2585115.753
26 95 7608396.762
26 96 5682814.795
26 97 8641728.72
26 98 5907564.176
26 99 7844997.101
27 28 7039584.214
27 29 3542842.749
27 30 6467392.16
27 31 7165864.404
27 32 4216924.757
27 33 4221395.034
27 34 6034287.518
27 35 2291571.058
27 36 3340527.391
27 37 4143832.055
27 38 3786361.22
27 39 2404057.124
27 40 712235.7171
27 41 7059421.122
27 42 4850445.647
27 43 3081599.342
27 44 4657554.117
27 45 2277396.55
27 46 5646078.533
27 47 5053812.56
27 48 5064413.422
27 49 7971370.448
27 50 3982653.485
27 51 3406330.393
27 52 5406524.732
27 53 5914736.456
27 54 3605471.09
27 55 3508452.675
27 56 3095438.964
27 57 2421943.198
27 58 1732038.798
27 59 7866352.845
27 60 1448505.412
27 61 6558765.576
27 62 3328831.939
27 63 7500608.607
27 64 3730075.595
27 65 4232219.449
27 66 4582236.582
27 67 2955572.649
27 68 909476.3674
27 69 7633517.12
27 70 1467501.05
27 71 3157258.466
27 72 7350857.408
27 73 4102716.155
27 74 6295619.883
27 75 7084256.258
27 76 5543516.862
27 77 6754640.938
27 78 4747012.71
27 79 7348054.2
27 80 7332876.859
27 81 4175875.708
27 82 5344050.08
27 83 1389200.16
27 84 7655202.817
27 85 1754007.198
27 86 1840088.718
27 87 3934412.024
27 88 4611487.803
27 89 2864032.201
27 90 3797093.822
27 91 2102417.79
27 92 4256901.039
27 93 1882170.992
27 94 391587.3234
27 95 5456696.618
27 96 3999052.06
27 97 6485773.442
27 98 4339436.751
27 99 5742686.047
28 29 10199609.85
28 30 1183371.462
28 31 1900238.302
28 32 10976201.59
28 33 4587184.816
28 34 2436712.108
28 35 6002023.49
28 36 7010793.746
28 37 9025463.303
28 38 6504091.516
28 39 4656762.668
28 40 6728370.32
28 41 6627121.884
28 42 2189171.752
28 43 7711388.841
28 44 6354386.655
28 45 9286241.996
28 46 6105894.092
28 47 8358748.072
28 48 2004058.996
28 49 2098787.626
28 50 10917222.43
28 51 7433443.928
28 52 5963508.663
28 53 4049551.127
28 54 6663246.167
28 55 5342832.75
28 56 4063866.869
28 57 9128728.826
28 58 6393662.195
28 59 9074446.988
28 60 7198210.169
28 61 8474377.002
28 62 9730412.563
28 63 2983905.813
28 64 6714557.818
28 65 3617193.601
28 66 7006349.675
28 67 4485181.958
28 68 7171905.746
28 69 743570.5313
28 70 7520626.015
28 71 8379057.243
28 72 6399444.77
28 73 6687562.237
28 74 9336310.32
28 75 4967825.098
28 76 3582690.79
28 77 2302443.302
28 78 9274140.135
28 79 5241892.399
28 80 7307768.554
28 81 3420130.523
28 82 1774153.091
28 83 5753679.553
28 84 7703347.025
28 85 8316943.593
28 86 5637695.279
28 87 10958283.11
28 88 6519832.618
28 89 4178247.86
28 90 10633363.54
28 91 6390174.078
28 92 4657411.765
28 93 6993845.973
28 94 6749762.867
28 95 4176978.338
28 96 8650548.878
28 97 7099203.448
28 98 9127010.497
28 99 3572067.68
29 30 9414961.561
29 31 9888326.381
29 32 797456.5845
29 33 7753781.217
29 34 8662757.128
29 35 5735954.334
29 36 6405712.83
29 37 2845788.338
29 38 7022196.154
29 39 5793130.836
29 40 3561486.155
29 41 7960181.571
29 42 8062503.051
29 43 5805427.954
29 44 5614933.434
29 45 2461885.119
29 46 6714288.85
29 47 4577640.213
29 48 8331644.971
29 49 10698145.77
29 50 1153768.242
29 51 6295188.739
29 52 8783558.303
29 53 7956565.007
29 54 6793917.336
29 55 5386232.968
29 56 6530073.623
29 57 3457097.656
29 58 5131136.316
29 59 7589279.638
29 60 3003556.77
29 61 6309897.968
29 62 670030.1206
29 63 9917912.958
29 64 6903304.002
29 65 7752914.249
29 66 7695273.726
29 67 5737516.677
29 68 3074672.331
29 69 10696343.91
29 70 4257920.693
29 71 2496963.895
29 72 8403459.159
29 73 4893607.209
29 74 5373981.854
29 75 8751079.399
29 76 7817092.582
29 77 9366064.824
29 78 3372430.388
29 79 8922233.423
29 80 7924607.105
29 81 6923450.71
29 82 8430689.156
29 83 4907104.254
29 84 8099498.632
29 85 3692226.789
29 86 5381835.141
29 87 1750228.599
29 88 5464657.603
29 89 6178121.681
29 90 658048.9697
29 91 3911341.3
29 92 6296363.085
29 93 3275547.402
29 94 3670246.582
29 95 7489380.418
29 96 3078080.145
29 97 7059491.654
29 98 2986252.686
29 99 7994162.234
30 31 1044234.286
30 32 10204426.66
30 33 4776585.521
30 34 1253453.243
30 35 5806426.544
30 36 6992742.246
30 37 8027154.413
30 38 6589179.724
30 39 4191595.082
30 40 6061772.963
30 41 5449997.743
30 42 1836778.7
30 43 7602607.968
30 44 5230445.065
30 45 8743728.856
30 46 4931995.541
30 47 7255544.727
30 48 1847633.238
30 49 1660462.644
30 50 10211151.45
30 51 7400264.37
30 52 6373933.292
30 53 2866206.198
30 54 6708848.234
30 55 4331076.991
30 56 3740413.291
30 57 8705661.533
30 58 6102157.782
30 59 7891075.546
30 60 6418968.407
30 61 7303799.884
30 62 8904328.621
30 63 2049839.5
30 64 6779948.268
30 65 3713340.192
30 66 7203653.665
30 67 3684497.344
30 68 6466537.703
30 69 1335343.415
30 70 7156024.125
30 71 7445016.278
30 72 5235307.138
30 73 5608975.386
30 74 8195330.277
30 75 3824754.785
30 76 2407900.589
30 77 1217201.44
30 78 8234484.365
30 79 4110504.751
30 80 6129072.96
30 81 2500667.695
30 82 1193295.609
30 83 5292386.261
30 84 6526636.76
30 85 7905589.279
30 86 5301524.262
30 87 10315882.03
30 88 5401052.898
30 89 3691973.234
30 90 9891537.433
30 91 5530501.463
30 92 3576797.839
30 93 6155571.966
30 94 6140238.032
30 95 3002786.091
30 96 7644552.298
30 97 5916848.116
30 98 8115937.552
30 99 2390327.256
31 32 10684821.7
31 33 5806052.386
31 34 1232973.073
31 35 6725117.873
31 36 7964581.789
31 37 8232846.662
31 38 7590758.023
31 39 5007901.595
31 40 6691818.167
31 41 4951697.939
31 42 2806467.415
31 43 8540244.528
31 44 5211270.283
31 45 9437922.429
31 46 4699244.655
31 47 7255868.959
31 48 2864469.052
31 49 814579.5018
31 50 10756838.51
31 51 8365151.276
31 52 7417826.882
31 53 2559333.73
31 54 7700134.314
31 55 4596701.282
31 56 4640971.144
31 57 9481079.508
31 58 6975125.445
31 59 7476171.747
31 60 6936355.476
31 61 7053872.248
31 62 9336802.228
31 63 1084301.597
31 64 7775900.685
31 65 4736343.974
31 66 8225631.321
31 67 4260325.13
31 68 7055070.004
31 69 1596199.662
31 70 7979572.179
31 71 7757974.682
31 72 4659126.079
31 73 5700338.974
31 74 8070487.955
31 75 3187665.939
31 76 2300208.056
31 77 611747.9482
31 78 8363241.474
31 79 3432723.161
31 80 5636968.923
31 81 3020929.586
31 82 2142891.168
31 83 6085728.843
31 84 6012666.414
31 85 8694880.318
31 86 6163734.199
31 87 10918201.58
31 88 5393142.422
31 89 4511469.65
31 90 10405001.13
31 91 5977131.47
31 92 3738573.3
31 93 6613423.356
31 94 6815549.374
31 95 2848686.479
31 96 7842193.74
31 97 5568180.381
31 98 8298600.759
31 99 2198112.468
32 33 8389834.591
32 34 9459728.159
32 35 6333450.962
32 36 6879035.229
32 37 3460252.309
32 38 7531015.177
32 39 6525210.902
32 40 4301818.368
32 41 8679062.642
32 42 8829539.551
32 43 6216744.723
32 44 6369444.8
32 45 2774010.867
32 46 7461384.778
32 47 5212292.264
32 48 9092825.018
32 49 11494932.3
32 50 752170.4721
32 51 6727986.606
32 52 9323464.654
32 53 8747077.347
32 54 7292545.83
32 55 6181675.131
32 56 7255696.67
32 57 3730434.531
32 58 5723857.177
32 59 8167498.813
32 60 3787648.579
32 61 6920257.603
32 62 1416017.255
32 63 10714108.61
32 64 7395634.665
32 65 8447342.728
32 66 8157288.614
32 67 6523832.596
32 68 3825630.681
32 69 11481130.42
32 70 4764571.348
32 71 3239494.213
32 72 9131816.034
32 73 5650167.862
32 74 5901489.974
32 75 9521930.828
32 76 8613122.116
32 77 10163403.11
32 78 3922898.779
32 79 9686621.132
32 80 8612588.338
32 81 7715671.252
32 82 9210040.697
32 83 5599402.406
32 84 8768433.409
32 85 4109847.939
32 86 6042060.443
32 87 1448923.871
32 88 6214392.628
32 89 6924768.111
32 90 474711.5619
32 91 4707692.616
32 92 7091530.97
32 93 4071553.307
32 94 4380749.401
32 95 8280965.687
32 96 3736413.864
32 97 7757592.266
32 98 3575909.269
32 99 8789608.522
33 34 5246625.982
33 35 2106818.459
33 36 2540071.467
33 37 7942277.557
33 38 1938618.121
33 39 2549131.496
33 40 4404024.129
33 41 8526193.151
33 42 3060904.734
33 43 3349022.605
33 44 6841737.418
33 45 5955230.958
33 46 7340564.581
33 47 8219967.13
33 48 2944295.185
33 49 6406853.366
33 50 8049382.455
33 51 2964646.013
33 52 1819978.994
33 53 6239164.961
33 54 2127978.056
33 55 5314953.434
33 56 2015449.671
33 57 5420182.684
33 58 2705751.547
33 59 10307033.63
33 60 5258545.143
33 61 9215555.246
33 62 7544130.965
33 63 6673123.507
33 64 2159589.267
33 65 1078335.134
33 66 2435945.334
33 67 3863861.974
33 68 4892083.043
33 69 5329508.103
33 70 3833859.711
33 71 6999181.859
33 72 8574046.803
33 73 6680923.046
33 74 9475729.483
33 75 7588304.429
33 76 5636112.099
33 77 5753080.459
33 78 8450559.044
33 79 7910961.835
33 80 9065970.207
33 81 4112019.465
33 82 3706312.076
33 83 2940484.447
33 84 9470450.491
33 85 4662764.562
33 86 2387496.833
33 87 7832718.885
33 88 6913258.805
33 89 2583914.779
33 90 7945801.14
33 91 5104705.355
33 92 5373937.751
33 93 5406850.518
33 94 4170939.962
33 95 5980244.355
33 96 7681730.878
33 97 8438943.542
33 98 8116351.535
33 99 5789742.017
34 35 5834670.762
34 36 7165790.966
34 37 7017160.445
34 38 6880244.018
34 39 4008782.801
34 40 5524170.592
34 41 4210816.974
34 42 2199297.139
34 43 7663099.437
34 44 4066393.303
34 45 8292324.248
34 46 3690955.988
34 47 6108910.653
34 48 2396301.902
34 49 2036215.703
34 50 9545416.457
34 51 7545894.702
34 52 6983264.943
34 53 1613576.391
34 54 6956129.3
34 55 3365558.636
34 56 3767313.596
34 57 8393542.508
34 58 6011842.731
34 59 6637892.33
34 60 5724840.183
34 61 6065004.253
34 62 8106646.496
34 63 1532660.629
34 64 7045054.361
34 65 4173205.618
34 66 7588107.389
34 67 3091722.803
34 68 5866797.652
34 69 2485127.576
34 70 6946966.679
34 71 6526568.94
34 72 4021042.949
34 73 4510836.091
34 74 6994411.029
34 75 2663360.178
34 76 1175602.781
34 77 722832.1672
34 78 7168149.035
34 79 2968202.769
34 80 4886262.74
34 81 1858541.715
34 82 1611074.836
34 83 5042168.216
34 84 5287196.317
34 85 7623626.729
34 86 5197542.065
34 87 9724623.536
34 88 4243617.468
34 89 3529991.71
34 90 9186249.072
34 91 4753033.752
34 92 2518802.673
34 93 5389707.082
34 94 5671942.265
34 95 1766814.456
34 96 6627714.834
34 97 4663939.16
34 98 7088313.571
34 99 1139534.872
35 36 1467289.299
35 37 6336852.922
35 38 1611139.265
35 39 1920372.829
35 40 2679894.348
35 41 8148734.93
35 42 3974806.187
35 43 1828428.693
35 44 6033757.692
35 45 3848416.872
35 46 6801322.198
35 47 6970163.913
35 48 4041967.022
35 49 7456117.051
35 50 5959284.516
35 51 1771691.569
35 52 3115564.535
35 53 6323898.747
35 54 1504410.38
35 55 4571430.415
35 56 2085529.785
35 57 3350012.143
35 58 610032.6501
35 59 9481666.371
35 60 3574548.823
35 61 8255294.918
35 62 5595493.929
35 63 7365367.295
35 64 1631105.614
35 65 2532128.861
35 66 2465364.362
35 67 3337011.947
35 68 3107355.171
35 69 6702799.628
35 70 1734477.503
35 71 5353945.145
35 72 8319938.245
35 73 5670118.185
35 74 8243572.925
35 75 7654812.482
35 76 5795884.101
35 77 6485969.508
35 78 6908311.277
35 79 7961522.942
35 80 8572013.915
35 81 4182848.196
35 82 4614897.186
35 83 1388664.522
35 84 8946215.184
35 85 2570704.476
35 86 818912.0462
35 87 5726789.15
35 88 6051084.238
35 89 2336642.453
35 90 5879904.685
35 91 3768420.155
35 92 4983067.282
35 93 3863496.649
35 94 2361970.397
35 95 5945459.705
35 96 6140131.737
35 97 7814744.763
35 98 6526095.245
35 99 5984835.843
36 37 7484315.944
36 38 746470.9097
36 39 3366589.956
36 40 3893450.128
36 41 9615408.456
36 42 5162706.327
36 43 864980.6695
36 44 7474021.531
36 45 4152947.412
36 46 8263848.916
36 47 8290357.613
36 48 5161408.414
36 49 8653177.414
36 50 6372695.799
36 51 426563.2928
36 52 2554662.79
36 53 7759595.023
36 54 485694.0589
36 55 6029458.919
36 56 3403880.525
36 57 3357399.01
36 58 1717440.477
36 59 10899462.67
36 60 4759850.91
36 61 9651004.261
36 62 6405326.315
36 63 8683805.993
36 64 547943.8232
36 65 3394872.96
36 66 1291437.668
36 67 4801912.475
36 68 4240158.581
36 69 7741400.817
36 70 2154232.315
36 71 6497759.727
36 72 9786781.323
36 73 7077659.61
36 74 9556015.073
36 75 9099341.976
36 76 7216765.841
36 77 7784014.011
36 78 8086079.049
36 79 9408891.975
36 80 10033531.85
36 81 5597523.78
36 82 5823715.369
36 83 2805256.074
36 84 10404996.89
36 85 2780343.402
36 86 2280332.466
36 87 5991587.501
36 88 7483057.484
36 89 3746999.454
36 90 6406025.891
36 91 5123066.173
36 92 6449395.215
36 93 5123420.592
36 94 3535230.238
36 95 7392876.22
36 96 7333345.747
36 97 9267854.915
36 98 7679961.142
36 99 7401741.349
37 38 7904346.399
37 39 5480072.128
37 40 3657021.934
37 41 5317845.008
37 42 7136457.024
37 43 7163564.03
37 44 3240517.074
37 45 4594630.206
37 46 4238154.111
37 47 1752715.09
37 48 7463652.866
37 49 8997186.283
37 50 3997484.385
37 51 7533910.664
37 52 9408206.177
37 53 5917682.686
37 54 7737534.984
37 55 3696323.369
37 56 6185988.279
37 57 5481286.958
37 58 5839560.825
37 59 4744313.491
37 60 2762306.797
37 61 3467706.8
37 62 2201321.365
37 63 7996245.035
37 64 7863625.549
37 65 7552221.436
37 66 8718413.071
37 67 4706169.453
37 68 3251686.392
37 69 9362316.304
37 70 5481155.613
37 71 987614.5086
37 72 5795868.262
37 73 2593347.541
37 74 2575847.517
37 75 6411452.318
37 76 5963409.616
37 77 7645734.282
37 78 635986.4094
37 79 6522127.032
37 80 5185762.021
37 81 5608264.252
37 82 7295711.592
37 83 5063699.951
37 84 5319724.678
37 85 5313612.858
37 86 5676031.826
37 87 4577623.968
37 88 3060591.111
37 89 5668490.731
37 90 3498676.595
37 91 2904831.114
37 92 4498375.964
37 93 2536126.156
37 94 3984233.885
37 95 5496855.331
37 96 392419.4644
37 97 4353741.409
37 98 199007.7579
37 99 6103678.335
38 39 3315333.791
38 40 4258156.314
38 41 9625292.873
38 42 4787349.003
38 43 1608432.002
38 44 7599771.275
38 45 4839223.084
38 46 8312984.609
38 47 8581164.981
38 48 4742142.241
38 49 8243152.915
38 50 7052209.691
38 51 1117130.853
38 52 1827019.47
38 53 7617028.471
38 54 261675.3386
38 55 6109150.488
38 56 3187972.064
38 57 4080407.827
38 58 2065118.365
38 59 11064957.49
38 60 5147684.87
38 61 9853041.325
38 62 6976685.097
38 63 8373641.501
38 64 229903.4297
38 65 2902887.133
38 66 859283.7744
38 67 4785526.674
38 68 4654989.871
38 69 7243220.938
38 70 2769432.701
38 71 6917509.105
38 72 9759292.157
38 73 7265186.495
38 74 9854418.751
38 75 8970634.444
38 76 7048805.278
38 77 7460923.122
38 78 8488224.678
38 79 9286577.999
38 80 10083378.8
38 81 5436153.004
38 82 5451017.604
38 83 2995812.046
38 84 10467128
38 85 3463703.003
38 86 2400302.065
38 87 6696354.086
38 88 7626832.217
38 89 3619116.424
38 90 7060726.357
38 91 5379386.445
38 92 6429890.126
38 93 5462246.82
38 94 3920584.806
38 95 7281534.789
38 96 7724076.366
38 97 9353783.222
38 98 8096485.291
38 99 7225300.476
39 40 2232520.607
39 41 6310147.752
39 42 2472982.45
39 43 3717341.224
39 44 4372834.176
39 45 4629906.703
39 46 5010140.347
39 47 5670842.263
39 48 2666356.699
39 49 5783463.764
39 50 6362544.894
39 51 3691341.203
39 52 4245942.879
39 53 4403565.995
39 54 3296824.821
39 55 2849418.544
39 56 745338.2411
39 57 4516706.473
39 58 2006665.666
39 59 7856053.91
39 60 2946694.858
39 61 6712856.638
39 62 5441061.007
39 63 5539014.038
39 64 3411733.411
39 65 2081005.343
39 66 4153180.782
39 67 1471054.226
39 68 2726565.925
39 69 5279259.549
39 70 2973270.581
39 71 4578664.043
39 72 6448391.062
39 73 4150667.334
39 74 6927492.766
39 75 5735815.848
39 76 3880141.882
39 77 4693977.626
39 78 5953705.669
39 79 6043798.052
39 80 6777050.923
39 81 2275728.181
39 82 3020211.062
39 83 1105736.706
39 84 7165613.717
39 85 3714309.285
39 86 1196431.664
39 87 6338459.629
39 88 4425374.421
39 89 499887.7671
39 90 6135543.255
39 91 2591242.173
39 92 3115009.965
39 93 2977399.969
39 94 2158141.032
39 95 4027506.433
39 96 5193144.21
39 97 6070375.775
39 98 5644108.902
39 99 4070946.249
40 41 6350672.775
40 42 4554644.237
40 43 3725496.641
40 44 3945345.864
40 45 2784286.38
40 46 4937186.935
40 47 4414615.853
40 48 4803469.108
40 49 7504025.208
40 50 4189830.307
40 51 4006852.254
40 52 5763388.507
40 53 5286054.502
40 54 4103885.388
40 55 2822155.187
40 56 2972571.672
40 57 3076271.303
40 58 2201210.313
40 59 7175152.216
40 60 894849.4395
40 61 5875726.624
40 62 3220511.879
40 63 6953569.662
40 64 4231307.217
40 65 4237180.251
40 66 5086597.341
40 67 2434142.912
40 68 501193.6151
40 69 7280694.862
40 70 2163402.677
40 71 2675320.518
40 72 6647686.45
40 73 3396048.7
40 74 5671742.747
40 75 6420860.436
40 76 4948406.014
40 77 6247002.003
40 78 4231407.165
40 79 6677705.783
40 80 6620657.688
40 81 3673764.795
40 82 4987242.249
40 83 1463760.229
40 84 6943279.179
40 85 2452207.11
40 86 2049122.118
40 87 4254431.259
40 88 3900182.041
40 89 2623198.966
40 90 3926640.166
40 91 1390968.507
40 92 3604027.468
40 93 1233667.805
40 94 370654.5092
40 95 4821269.555
40 96 3465991.191
40 97 5773894.663
40 98 3846243.941
40 99 5146036.38
41 42 5937818.533
41 43 9780750.148
41 44 2471943.32
41 45 8812735.5
41 46 1413491.346
41 47 3661127.041
41 48 6245618.436
41 49 5411431.826
41 50 9085916.174
41 51 9886213.948
41 52 10344619.73
41 53 2617150.002
41 54 9597780.834
41 55 3626621.688
41 56 6567043.888
41 57 9360653.76
41 58 8007098.631
41 59 2552096.418
41 60 5920667.2
41 61 2522666.574
41 62 7291670.912
41 63 4116373.032
41 64 9715613.136
41 65 7587559.53
41 66 10461498.1
41 67 4839842.281
41 68 6374443.386
41 69 6527652.236
41 70 8450763.837
41 71 5466284.743
41 72 508980.4659
41 73 3160158.382
41 74 3821283.131
41 75 1832652.278
41 76 3184331.454
41 77 4393011.025
41 78 5076191.817
41 79 1706197.161
41 80 685557.9615
41 81 4439023.03
41 82 5577558.89
41 83 6858598.845
41 84 1076702.77
41 85 8799328.324
41 86 7336152.416
41 87 9538977.51
41 88 2576315.988
41 89 6050054.739
41 90 8609641.082
41 91 4983022.015
41 92 3199332.872
41 93 5409490.449
41 94 6681756.168
41 95 2663310.23
41 96 4981517.548
41 97 1014581.52
41 98 5264543.725
41 99 3125923.477
42 43 5765963.668
42 44 4902193.161
42 45 7099542.787
42 46 5007717.318
42 47 6750290.648
42 48 345455.4717
42 49 3495271.41
42 50 8744065.122
42 51 5567327.652
42 52 4784010.813
42 53 3410023.55
42 54 4893745.766
42 55 3595865.913
42 56 1930745.854
42 57 6971147.321
42 58 4295436.864
42 59 8094119.473
42 60 5075868.153
42 61 7236664.94
42 62 7623048.437
42 63 3615459.9
42 64 4970253.634
42 65 1983059.316
42 66 5445021.465
42 67 2445976.884
42 68 5009778.726
42 69 2809424.156
42 70 5384603.034
42 71 6396745.161
42 72 5875375.16
42 73 5050529.233
42 74 7867216.717
42 75 4699641.199
42 76 2799672.197
42 77 2695737.717
42 78 7466252.372
42 79 5020445.774
42 80 6559574.24
42 81 1700783.434
42 82 663933.4082
42 83 3575249.388
42 84 6973518.582
42 85 6162242.465
42 86 3509003.826
42 87 8771827.486
42 88 5036580.103
42 89 1989849.107
42 90 8473619.671
42 91 4350842.42
42 92 3165061.789
42 93 4921728.617
42 94 4563553.821
42 95 3275282.481
42 96 6781957.281
42 97 6107762.996
42 98 7260793.094
42 99 2913258.686
43 44 7526107.396
43 45 3451447.134
43 46 8396076.411
43 47 8131490.357
43 48 5802582.606
43 49 9258952.359
43 50 5665421.277
43 51 539117.8119
43 52 3388198.661
43 53 8106700.683
43 54 1349503.126
43 55 6156876.971
43 56 3908503.187
43 57 2582968.225
43 58 1781524.351
43 59 10875415.95
43 60 4529955.726
43 61 9590978.292
43 62 5876654.416
43 63 9193696.242
43 64 1397425.583
43 65 4120157.976
43 66 1987832.87
43 67 5063638.632
43 68 3988112.208
43 69 8431140.965
43 70 1684710.011
43 71 6189299.729
43 72 9992790.95
43 73 7061009.755
43 74 9377036.126
43 75 9420500.234
43 76 7595842.94
43 77 8312557.369
43 78 7783713.926
43 79 9721028.12
43 80 10150496.26
43 81 5992296.775
43 82 6416375.41
43 83 2928561.292
43 84 10505415.91
43 85 2115774.026
43 86 2535017.53
43 87 5238960.712
43 88 7513700.321
43 89 4156590.405
43 90 5742036.074
43 91 5057795.638
43 92 6680892.237
43 93 4950799.793
43 94 3354960.469
43 95 7710895.259
43 96 7053964.769
43 97 9348801.112
43 98 7362001.861
43 99 7787590.449
44 45 6340914.807
44 46 1110508.255
44 47 2045442.489
44 48 5246962.599
44 49 5921506.668
44 50 6709371.678
44 51 7696677.139
44 52 8604369.753
44 53 2740562.726
44 54 7530457.854
44 55 1528978.865
44 56 4827578.875
44 57 6905490.754
44 58 5792431.642
44 59 3483295.57
44 60 3454995.531
44 61 2392112.018
44 62 4957368.919
44 63 4824717.659
44 64 7654773.321
44 65 6072870.355
44 66 8456797.589
44 67 2978380.961
44 68 3924156.434
44 69 6536363.335
44 70 6089375.956
44 71 3130871.803
44 72 2850854.577
44 73 721894.6116
44 74 2995214.405
44 75 3187705.625
44 76 2914330.711
44 77 4602654.994
44 78 3225769.79
44 79 3326538.068
44 80 2676675.433
44 81 3201410.128
44 82 4813024.254
44 83 4669039.429
44 84 3000052.96
44 85 6373800.416
44 86 5216829.567
44 87 7121604.474
44 88 186126.9877
44 89 4257882.641
44 90 6249144.636
44 91 2556876.073
44 92 1747730.639
44 93 2942418.208
44 94 4293583.928
44 95 2370473.589
44 96 2856786.519
44 97 1832137.348
44 98 3253557.606
44 99 3015683.354
45 46 7423916.247
45 47 6058469.319
45 48 7294386.907
45 49 10245300.27
45 50 2220614.979
45 51 3971175.514
45 52 6658798.028
45 53 8045724.765
45 54 4590381.382
45 55 5504618.729
45 56 5268615.606
45 57 996015.2858
45 58 3254924.006
45 59 9099954.543
45 60 2911048.091
45 61 7763552.15
45 62 2722066.832
45 63 9736036.133
45 64 4684987.807
45 65 6236745.182
45 66 5413203.233
45 67 5201821.093
45 68 2540710.813
45 69 9896529.688
45 70 2139452.553
45 71 3792679.664
45 72 9172549.989
45 73 5670942.52
45 74 7131233.956
45 75 9122445.671
45 76 7729009.29
45 77 9014460.312
45 78 5222437.592
45 79 9360373.271
45 80 8961983.92
45 81 6435013.163
45 82 7612819.411
45 83 3542618.804
45 84 9227378.151
45 85 1375639.95
45 86 3792879.764
45 87 1884160.831
45 88 6245208.873
45 89 5110041.147
45 90 2300413.507
45 91 3923728.75
45 92 6344861.882
45 93 3413255.777
45 94 2622827.742
45 95 7575913.952
45 96 4648324.47
45 97 8081215.258
45 98 4783471.466
45 99 7925908.482
46 47 2786096.756
46 48 5339772.798
46 49 5325159.792
46 50 7815520.068
46 51 8520244.617
46 52 9145683.877
46 53 2140185.275
46 54 8270771.596
46 55 2241193.17
46 56 5341895.63
46 57 7952478.165
46 58 6629837.62
46 59 3086421.84
46 60 4521780.119
46 61 2374172.589
46 62 6053269.041
46 63 4121236.314
46 64 8391178.196
46 65 6465613.139
46 66 9159165.395
46 67 3544298.203
46 68 4966225.551
46 69 6163467.649
46 70 7041840.839
46 71 4222346.187
46 72 1749738.375
46 73 1829350.145
46 74 3392625.036
46 75 2195729.981
46 76 2524184.25
46 77 4091319.292
46 78 4124991.572
46 79 2285016.144
46 80 1771534.211
46 81 3370742.853
46 82 4771967.953
46 83 5484394.978
46 84 2155491.218
46 85 7386031.195
46 86 5984120.645
46 87 8232015.355
46 88 1250115.371
46 89 4798595.681
46 90 7352224.949
46 91 3571322.745
46 92 1969358.36
46 93 4013044.593
46 94 5268969.642
46 95 1929354.973
46 96 3868926.464
46 97 1111847.758
46 98 4223574.995
46 99 2555288.489
47 48 7094494.082
47 49 7958457.191
47 50 5731402.27
47 51 8420719.138
47 52 9866738.459
47 53 4760006.929
47 54 8457105.473
47 55 3159685.996
47 56 6275615.598
47 57 6848573.079
47 58 6576683.34
47 59 3061851.782
47 60 3612024.706
47 61 1743913.203
47 62 3918660.687
47 63 6830133.553
47 64 8585216.927
47 65 7616986.643
47 66 9432112.319
47 67 4517210.772
47 68 4157764.54
47 69 8570830.188
47 70 6506141.259
47 71 2275926.255
47 72 4157607.931
47 73 1700850.687
47 74 1274314.042
47 75 4974339.08
47 76 4959769.62
47 77 6646565.198
47 78 1416842.602
47 79 5032199.749
47 80 3460899.443
47 81 5075644.952
47 82 6749992.975
47 83 5593546.825
47 84 3573567.654
47 85 6528379.869
47 86 6206022.637
47 87 6285484.965
47 88 1865765.964
47 89 5708118.094
47 90 5234499.846
47 91 3205951.752
47 92 3703634.081
47 93 3182457.991
47 94 4782956.997
47 95 4411046.8
47 96 1504421.112
47 97 2663494.277
47 98 1655098.671
47 99 5058897.782
48 49 3501749.796
48 50 8987721.427
48 51 5573885.351
48 52 4612482.825
48 53 3693804.961
48 54 4865288.647
48 55 3938888.531
48 56 2060290.822
48 57 7124775.211
48 58 4403076.05
48 59 8426006.086
48 60 5356710.313
48 61 7578274.025
48 62 7905516.653
48 63 3743417.682
48 64 4934421.96
48 65 1871966.297
48 66 5361373.889
48 67 2764221.29
48 68 5268121.416
48 69 2671405.167
48 70 5519570.176
48 71 6712138.981
48 72 6169058.848
48 73 5395029.278
48 74 8212670.592
48 75 4960051.353
48 76 3087920.132
48 77 2825849.047
48 78 7800624.038
48 79 5278791.11
48 80 6873978.294
48 81 2045638.801
48 82 789162.4571
48 83 3755394.745
48 84 7287758.097
48 85 6313118.89
48 86 3636859.47
48 87 8995499.212
48 88 5381785.987
48 89 2202180.183
48 90 8728858.301
48 91 4659660.875
48 92 3508494.628
48 93 5220522.989
48 94 4792621.17
48 95 3582451.22
48 96 7111719.763
48 97 6436803.084
48 98 7590242.589
48 99 3190383.002
49 50 11570846.34
49 51 9060643.175
49 52 7939957.265
49 53 3208963.622
49 54 8366590.205
49 55 5387662.283
49 56 5380075.468
49 57 10273429.75
49 58 7731414.97
49 59 7961255.065
49 60 7750177.83
49 61 7643200.784
49 62 10142726.23
49 63 1299711.714
49 64 8436170.658
49 65 5355460.766
49 66 8840771.275
49 67 5073691.019
49 68 7869307.918
49 69 1523073.793
49 70 8756711.047
49 71 8547481.832
49 72 5064452.165
49 73 6443161.738
49 74 8715859.935
49 75 3589686.218
49 76 3037598.738
49 77 1354564.182
49 78 9105306.157
49 79 3786260.799
49 80 6089128.344
49 81 3834753.911
49 82 2842801.112
49 83 6870241.127
49 84 6442730.488
49 85 9483117.828
49 86 6923974.279
49 87 11732566.71
49 88 6105708.872
49 89 5284744.022
49 90 11217604.67
49 91 6787523.8
49 92 4515785.835
49 93 7424046.564
49 94 7623739.705
49 95 3551295.819
49 96 8605502.899
49 97 6117226.199
49 98 9056598.417
49 99 2912106.172
50 51 6189188.624
50 52 8865531.788
50 53 8951483.581
50 54 6805847.628
50 55 6355578.217
50 56 7072860.283
50 57 3119093.255
50 58 5350925.394
50 59 8738987.886
50 60 3820924.116
50 61 7463109.353
50 62 1817549.009
50 63 10861013.23
50 64 6902486.573
50 65 8196641.689
50 66 7633330.437
50 67 6530576.745
50 68 3750859.301
50 69 11457582.75
50 70 4313614.632
50 71 3620456.83
50 72 9521258.893
50 73 5987681.18
50 74 6509305.183
50 75 9809606.813
50 76 8768221.149
50 77 10259591.28
50 78 4511312.582
50 79 9993560.123
50 80 9067056.446
50 81 7751918.861
50 82 9168584.287
50 83 5369926.676
50 84 9247894.097
50 85 3592894.26
50 86 5755468.617
50 87 697670.855
50 88 6565778.406
50 89 6792922.961
50 90 499243.2895
50 91 4811848.115
50 92 7263654.645
50 93 4180210.789
50 94 4205181.218
50 95 8479524.481
50 96 4231308.907
50 97 8198283.561
50 98 4134089.343
50 99 8951897.531
51 52 2858517.032
51 53 8094188.57
51 54 870437.981
51 55 6280072.75
51 56 3779001.578
51 57 3118574.055
51 58 1904548.049
51 59 11093517.8
51 60 4848055.78
51 61 9828133.191
51 62 6338728.757
51 63 9068439.863
51 64 893752.7046
51 65 3818712.908
51 66 1451420.605
51 67 5100767.622
51 68 4315202.341
51 69 8162903.068
51 70 2097913.021
51 71 6551922.833
51 72 10073222.16
51 73 7270360.639
51 74 9678331.447
51 75 9426470.319
51 76 7561269.193
51 77 8172957.501
51 78 8145939.177
51 79 9733187.239
51 80 10285707.11
51 81 5944637.887
51 82 6226636.286
51 83 3037761.383
51 84 10650846.35
51 85 2618879.688
51 86 2559264.829
51 87 5772671.844
51 88 7696723.371
51 89 4093718.744
51 90 6253411.216
51 91 5289335.468
51 92 6741139.301
51 93 5240409.645
51 94 3640368.852
51 95 7717149.316
51 96 7403740.53
51 97 9504753.127
51 98 7731280.24
51 99 7748650.594
52 53 8047396.584
52 54 2084125.491
52 55 7075521.623
52 56 3804893.856
52 57 5906450.608
52 58 3688371.486
52 59 12082293.91
52 60 6655143.577
52 61 10958050.38
52 62 8690323.07
52 63 8351577.231
52 64 2006742.394
52 65 2833924.292
52 66 1550870.738
52 67 5638084.34
52 68 6211648.775
52 69 6698014.45
52 70 4560989.05
52 71 8434238.087
52 72 10393883.39
52 73 8394415.895
52 74 11135693.24
52 75 9391663.42
52 76 7441105.391
52 77 7436643.945
52 78 9957930.44
52 79 9714626.425
52 80 10879315.7
52 81 5931280.646
52 82 5398402.943
52 83 4349496.741
52 84 11282322.7
52 85 5284558.319
52 86 3733368.447
52 87 8521572.11
52 88 8665211.074
52 89 4359596.698
52 90 8856342.873
52 91 6684853.329
52 92 7183078.354
52 93 6891352.15
52 94 5465235.017
52 95 7797361.346
52 96 9185796.944
52 97 10238633.75
52 98 9592780.044
52 99 7589738.648
53 54 7641729.393
53 55 2602516.219
53 56 4433160.059
53 57 8336679.428
53 58 6347904.077
53 59 5025019.069
53 60 5229049.477
53 61 4502422.166
53 62 7342607.106
53 63 2086212.385
53 64 7747123.206
53 65 5221804.812
53 66 8402886.128
53 67 3078160.335
53 68 5511076.414
53 69 4041761.122
53 70 7083262.249
53 71 5608768.71
53 72 2482598.77
53 73 3325614.183
53 74 5516194.806
53 75 1357137.118
53 76 612934.2203
53 77 1951165.676
53 78 5959575.089
53 79 1677343.892
53 80 3284184.336
53 81 2181344.699
53 82 2984989.13
53 83 5244588.127
53 84 3689759.91
53 85 7634710.258
53 86 5571724.054
53 87 9237475.755
53 88 2926542.597
53 89 4016234.285
53 90 8540288.853
53 91 4190341.25
53 92 1710318.744
53 93 4797041.233
53 94 5525513.161
53 95 474565.1847
53 96 5526118.909
53 97 3058543.503
53 98 5954366.638
53 99 511977.041
54 55 6053631.65
54 56 3228775.857
54 57 3822333.092
54 58 1902884.463
54 59 10984599.47
54 60 4988061.933
54 61 9759604.544
54 62 6761890.846
54 63 8459969.562
54 64 128131.2541
54 65 3049897.572
54 66 982737.1018
54 67 4760547.375
54 68 4485878.523
54 69 7399601.481
54 70 2536870.04
54 71 6749993.189
54 72 9744959.28
54 73 7174503.244
54 74 9728647.356
54 75 8991583.506
54 76 7082001.647
54 77 7551283.243
54 78 8327574.039
54 79 9305478.021
54 80 10042254.71
54 81 5464457.29
54 82 5557570.772
54 83 2892167.213
54 84 10421974.36
54 85 3214776.853
54 86 2314936.106
54 87 6443148.319
54 88 7551393.202
54 89 3629725.158
54 90 6821347.104
54 91 5262877.731
54 92 6409394.381
54 93 5318909.458
54 94 3758805.151
54 95 7294695.425
54 96 7566584.588
54 97 9299688.169
54 98 7930934.641
54 99 7261763.192
55 56 3302594.351
55 57 5896205.698
55 58 4388685.188
55 59 5009068.673
55 60 2637795.357
55 61 3904099.241
55 62 4794138.515
55 63 4533528.593
55 64 6175955.466
55 65 4571424.228
55 66 6962417.887
55 67 1455247.732
55 68 2965667.072
55 69 5666100.457
55 70 4845920.947
55 71 3161274.19
55 72 3869635.746
55 73 1468630.715
55 74 4319666.455
55 75 3618824.539
55 76 2432405.067
55 77 4035538.282
55 78 3933397.182
55 79 3864228.647
55 80 4005965.203
55 81 1951686.707
55 82 3648377.498
55 83 3243397.204
55 84 4375568.147
55 85 5262435.432
55 86 3752724.216
55 87 6635138.629
55 88 1599799.868
55 89 2731207.916
55 90 5953731.37
55 91 1597719.262
55 92 910468.507
55 93 2194849.693
55 94 3119617.087
55 95 2128462.421
55 96 3315160.235
55 97 3246083.512
55 98 3788844.192
55 99 2607952.98
56 57 5065020.085
56 58 2365687.345
56 59 8291765.868
56 60 3690448.718
56 61 7205935.152
56 62 6185297.171
56 63 5292711.223
56 64 3328213.833
56 65 1368403.745
56 66 3970870.406
56 67 1849204.431
56 68 3468775.111
56 69 4724529.853
56 70 3461077.967
56 71 5301194.367
56 72 6651054.939
56 73 4691353.866
56 74 7514940
56 75 5788973.18
56 76 3860989.922
56 77 4405090.242
56 78 6640627.401
56 79 6106737.045
56 80 7083253.342
56 81 2252043.389
56 82 2547256.393
56 83 1730269.949
56 84 7483612.652
56 85 4253097.902
56 86 1580328.574
56 87 7021442.229
56 88 4902117.196
56 89 574189.6628
56 90 6859547.098
56 91 3283786.62
56 92 3384183.071
56 93 3704723.288
56 94 2878093.259
56 95 4113401.858
56 96 5887305.203
56 97 6433761.494
56 98 6345185.426
56 99 4037422.316
57 58 2814853.277
57 59 9851730.169
57 60 3456738.195
57 61 8515355.717
57 62 3704727.977
57 63 9884759.35
57 64 3903166.235
57 65 5854978.962
57 66 4569904.927
57 67 5350231.455
57 68 2986347.296
57 69 9779710.442
57 70 1638376.189
57 71 4620855.154
57 72 9686221.921
57 73 6275464.053
57 74 7973897.344
57 75 9495885.856
57 76 7959416.568
57 77 9107374.954
57 78 6115413.32
57 79 9753953.86
57 80 9568463.52
57 81 6543977.579
57 82 7536721.882
57 83 3413352.464
57 84 9859290.824
57 85 812634.3798
57 86 3500831.623
57 87 2657374.775
57 88 6830230.861
57 89 5015158.314
57 90 3261732.052
57 91 4385043.694
57 92 6673356.743
57 93 3969644.721
57 94 2811610.845
57 95 7878220.331
57 96 5497124.229
57 97 8697289.583
57 98 5674908.912
57 99 8158868.368
58 59 9194286.294
58 60 3085767.88
58 61 7937712.562
58 62 5004953.226
58 63 7543441.112
58 64 2030183.972
58 65 3040506.276
58 66 2885618.841
58 67 3288643.992
58 68 2589915.321
58 69 7074478.101
58 70 1177646.657
58 71 4852541.876
58 72 8212852.995
58 73 5370838.27
58 74 7844559.801
58 75 7650476.901
58 76 5853687.241
58 77 6689398.784
58 78 6426019.147
58 79 7948332.745
58 80 8391002.397
58 81 4270516.409
58 82 4910118.392
58 83 1149036.802
58 84 8752507.055
58 85 2015926.325
58 86 814808.0915
58 87 5128126.801
58 88 5792271.543
58 89 2482654.029
58 90 5269930.366
58 91 3406007.785
58 92 4899569.944
58 93 3420766.478
58 94 1856992.16
58 95 5942909.473
58 96 5664035.293
58 97 7603189.102
58 98 6032032.259
58 99 6048246.839
59 60 6483566.24
59 61 1337315.668
59 62 6944254.439
59 63 6667855.359
59 64 11110274.29
59 65 9491296.258
59 66 11923671.59
59 67 6446226.455
59 68 7018294.937
59 69 9033063.055
59 70 9333341.059
59 71 5334855.711
59 72 2949635.097
59 73 3823486.941
59 74 2318556.731
59 75 4383994.072
59 76 5520382.589
59 77 6900731.986
59 78 4244791.268
59 79 4236637.328
59 80 1887421.464
59 81 6446153.958
59 82 7844329.629
59 83 8100780.044
59 84 1596455.852
59 85 9464828.663
59 86 8670339.686
59 87 9320099.128
59 88 3440703.559
59 89 7727006.287
59 90 8239779.328
59 91 5817646.938
59 92 5006089.63
59 93 5998368.829
59 94 7543292.127
59 95 4940234.161
59 96 4552014.076
59 97 1998238.051
59 98 4605148.17
59 99 5507765.014
60 61 5160931.767
60 62 2548833.005
60 63 7062703.297
60 64 5115016.338
60 65 5010809.708
60 66 5970591.374
60 67 2736357.032
60 68 545765.1106
60 69 7693720.444
60 70 2894184.577
60 71 1780725.221
60 72 6267603.676
60 73 2819195.328
60 74 4848000.706
60 75 6236367.645
60 76 4985804.375
60 77 6440103.152
60 78 3340603.013
60 79 6464416.592
60 80 6111955.195
60 81 3939032.382
60 82 5427818.823
60 83 2330949.749
60 84 6403739.004
60 85 2986844.159
60 86 2931627.006
60 87 4027321.61
60 88 3374589.695
60 89 3262405.864
60 90 3476087.208
60 91 1040289.699
60 92 3519240.585
60 93 513234.4522
60 94 1229378.315
60 95 4754635.006
60 96 2578604.968
60 97 5240685.8
60 98 2951972.677
60 99 5175374.994
61 62 5655629.884
61 63 6394681.097
61 64 9886400.437
61 65 8464385.878
61 66 10712219.42
61 67 5359306.989
61 68 5699107.031
61 69 8536315.259
61 70 8026203.723
61 71 4006388.485
61 72 3023084.242
61 73 2588480.832
61 74 1334157.771
61 75 4225670.471
61 76 4896136.948
61 77 6450372.468
61 78 3020288.073
61 79 4174478.576
61 80 2071703.157
61 81 5544520.316
61 82 7075579.103
61 83 6867807.599
61 84 2039613.518
61 85 8136733.828
61 86 7452811.851
61 87 8026557.199
61 88 2304355.654
61 89 6633457.03
61 90 6964863.518
61 91 4539394.199
61 92 4075849.099
61 93 4682720.455
61 94 6245506.824
61 95 4301351.358
61 96 3246355.637
61 97 1573862.323
61 98 3344353.342
61 99 4929274.203
62 63 9327052.216
62 64 6877280.814
62 65 7455666.542
62 66 7695649.261
62 67 5248496.899
62 68 2720128.48
62 69 10201406.7
62 70 4253904.064
62 71 1832021.588
62 72 7736714.665
62 73 4237067.799
62 74 4755207.049
62 75 8105935.502
62 76 7226259.038
62 77 8802291.763
62 78 2754901.53
62 79 8271566.295
62 80 7254750.302
62 81 6404835.476
62 82 7956775.481
62 83 4636522.11
62 84 7431186.371
62 85 3799529.008
62 86 5156878.315
62 87 2376323.301
62 88 4804561.79
62 89 5793505.635
62 90 1326290.581
62 91 3375710.456
62 92 5701425.691
62 93 2748976.577
62 94 3388250.26
62 95 6878800.326
62 96 2415936.672
62 97 6389463.245
62 98 2352310.338
62 99 7399392.473
63 64 8545179.148
63 65 5594847.765
63 66 9056574.881
63 67 4545037.465
63 68 7260472.925
63 69 2619680.283
63 70 8465036.482
63 71 7642666.725
63 72 3764746.586
63 73 5407595.095
63 74 7510344.837
63 75 2290801.432
63 76 2101169.686
63 77 920058.2256
63 78 8045746.316
63 79 2488215.463
63 80 4791984.189
63 81 3342746.816
63 82 2967449.928
63 83 6560951.863
63 84 5143391.372
63 85 9125253.337
63 86 6729411.447
63 87 11088453.6
63 88 5010822.798
63 89 5062233.334
63 90 10475006.51
63 91 6049990.775
63 92 3625710.288
63 93 6680858.016
63 94 7128700.462
63 95 2500766.238
63 96 7604121.532
63 97 4850483.037
63 98 8037146.993
63 99 1929029.951
64 65 3106662.054
64 66 855576.3531
64 67 4877317.203
64 68 4611939.491
64 69 7452527.72
64 70 2645421.816
64 71 6876051.02
64 72 9860121.74
64 73 7301001.415
64 74 9856774.094
64 75 9098139.128
64 76 7184908.142
64 77 7634827.675
64 78 8454276.689
64 79 9412610.465
64 80 10162576.57
64 81 5568480.856
64 82 5634186.308
64 83 3019230.615
64 84 10542983.15
64 85 3309938.935
64 86 2440172.732
64 87 6531922.652
64 88 7676426.664
64 89 3737922.965
64 90 6923842.594
64 91 5390792.985
64 92 6525549.06
64 93 5446806.697
64 94 3885700.342
64 95 7403142.411
64 96 7693586.075
64 97 9422037.49
64 98 8057157.528
64 99 7363733.921
65 66 3490515.725
65 67 3125622.482
65 68 4738367.796
65 69 4350990.574
65 70 4218099.912
65 71 6659116.325
65 72 7603835.044
65 73 6001019.203
65 74 8843506.589
65 75 6561035.03
65 76 4612926.82
65 77 4674796.211
65 78 8009002.118
65 79 6884056.478
65 80 8154255.671
65 81 3148827.677
65 82 2628344.522
65 83 2848395.525
65 84 8563658.009
65 85 5055482.992
65 86 2452529.551
65 87 8069243.606
65 88 6164147.477
65 89 1915716.725
65 90 8029114.954
65 91 4651604.473
65 92 4499309.424
65 93 5058377.804
65 94 4084089.437
65 95 4991591.366
65 96 7255485.331
65 97 7574748.325
65 98 7712539.493
65 99 4758185.997
66 67 5624177.506
66 68 5466770.036
66 69 7749871.066
66 70 3445663.758
66 71 7730807.374
66 72 10584860.51
66 73 8124434.676
66 74 10704603.51
66 75 9759313.08
66 76 7824590.634
66 77 8138321.283
66 78 9309749.865
66 79 10077449.39
66 80 10928318.33
66 81 6222531.276
66 82 6103284.766
66 83 3852598.383
66 84 11314212.83
66 85 4049486.347
66 86 3259416.769
66 87 7223912.117
66 88 8485059.981
66 89 4432253.535
66 90 7683400.414
66 91 6233148.68
66 92 7263161.666
66 93 6300450.696
66 94 4741269.042
66 95 8081838.378
66 96 8549162.404
66 97 10205443.38
66 98 8912133.74
66 99 7996216.368
67 68 2799261.87
67 69 4959084.14
67 70 4014124.939
67 71 3950816.913
67 72 4987772.846
67 73 2876758.053
67 74 5725676.955
67 75 4362973.408
67 76 2631504.507
67 77 3814392.977
67 78 5070301.501
67 79 4659730.487
67 80 5308236.643
67 81 1240030.606
67 82 2711085.563
67 83 2168580.721
67 84 5699004.293
67 85 4609405.569
67 86 2543645.568
67 87 6662351.476
67 88 3054960.381
67 89 1280951.283
67 90 6207044.785
67 91 1913607.822
67 92 1649811.118
67 93 2508745.219
67 94 2585318.573
67 95 2658588.495
67 96 4361670.644
67 97 4616057.268
67 98 4838499.368
67 99 2830790.803
68 69 7706730.748
68 70 2348419.891
68 71 2264118.035
68 72 6702251.726
68 73 3315907.617
68 74 5392016.217
68 75 6584453.564
68 76 5217150.28
68 77 6588364.083
68 78 3846650.991
68 79 6826565.133
68 80 6594949.148
68 81 4034989.949
68 82 5418355.038
68 83 1952726.633
68 84 6897526.722
68 85 2467609.045
68 86 2522471.171
68 87 3863593.129
68 88 3856292.32
68 89 3103487.178
68 90 3463963.073
68 91 1404258.832
68 92 3806323.778
68 93 1022260.318
68 94 746484.835
68 95 5039711.694
68 96 3093653.976
68 97 5730565.752
68 98 3445416.677
68 99 5411803.677
69 70 8185509.786
69 71 8772069.703
69 72 6249788.86
69 73 6936305.332
69 74 9479100.531
69 75 4782068.18
69 76 3660393.609
69 77 2135168.483
69 78 9568016.029
69 79 5028906.391
69 80 7213151.938
69 81 3812779.19
69 82 2294652.945
69 83 6383431.127
69 84 7594754.861
69 85 8970029.663
69 86 6304359.782
69 87 11529268.81
69 88 6710191.153
69 89 4789876.743
69 90 11154672.72
69 91 6834656.142
69 92 4906823.297
69 93 7453406.796
69 94 7327503.192
69 95 4249049.112
69 96 8979870.409
69 97 7094306.75
69 98 9451270.567
69 99 3609225.206
70 71 4510259.62
70 72 8714857.605
70 73 5558470.451
70 74 7735890.717
70 75 8326032.531
70 76 6643960.323
70 77 7646845.326
70 78 6103488.535
70 79 8606858.831
70 80 8756701.892
70 81 5132731.364
70 82 5973141.085
70 83 1904811.792
70 84 9089346.306
70 85 839421.4032
70 86 1882951.299
70 87 4023583.989
70 88 6053477.702
70 89 3472103.397
70 90 4296072.615
70 91 3548445.224
70 92 5505817.054
70 93 3347137.833
70 94 1801530.099
70 95 6647018.526
70 96 5380023.776
70 97 7921314.503
70 98 5679786.084
70 99 6842823.152
71 72 5906690.568
71 73 2413430.775
71 74 3353062.402
71 75 6297121.537
71 76 5556546.737
71 77 7194068.389
71 78 1594857.466
71 79 6452840.824
71 80 5457061.849
71 81 4967112.823
71 82 6619829.192
71 83 4097572.912
71 84 5656862.634
71 85 4386963.913
71 86 4705705.716
71 87 4102145.53
71 88 2974898.837
71 89 4806469.05
71 90 3143621.801
71 91 2063554.647
71 92 4038986.95
71 93 1603158.665
71 94 2998128.792
71 95 5157096.105
71 96 885225.4754
71 97 4583109.8
71 98 1182266.015
71 99 5717096.022
72 73 3558844.575
72 74 4327895.406
72 75 1478877.313
72 76 3081624.122
72 77 4126314.949
72 78 5570384.465
72 79 1292431.296
72 80 1066269.698
72 81 4463601.075
72 82 5467570.641
72 83 7064382.537
72 84 1382431.302
72 85 9099893.501
72 86 7515082.074
72 87 9958759.292
72 88 2973150.156
72 89 6155327.272
72 90 9049473.424
72 91 5301185.194
72 92 3338165.628
72 93 5760375.163
72 94 6967682.578
72 95 2618666.227
72 96 5452840.5
72 97 1522447.866
72 98 5748365.359
72 99 2993521.022
73 74 2854811.013
73 75 3889401.665
73 76 3406521.099
73 77 5101244.957
73 78 2663281.322
73 79 4039589.607
73 80 3296740.714
73 81 3375295.328
73 82 5054308.732
73 83 4284404.668
73 84 3584701.659
73 85 5782006.127
73 86 4865210.671
73 87 6404041.749
73 88 585833.7299
73 89 4117490.313
73 90 5527272.47
73 91 2012564.811
73 92 2033659.965
73 93 2307201.438
73 94 3757329.697
73 95 2912927.506
73 96 2202690.956
73 97 2422024.358
73 98 2629554.558
73 99 3534116.497
74 75 5437511.19
74 76 5820638.817
74 77 7459339.67
74 78 2002103.201
74 79 5421097.485
74 80 3404430.91
74 81 6171411.535
74 82 7806391.414
74 83 6867789.122
74 84 3365672.244
74 85 7710064.998
74 86 7480329.113
74 87 7121980.883
74 88 2843191.37
74 89 6944012.992
74 90 6011496.616
74 91 4480260.751
74 92 4738291.741
74 93 4438075.022
74 94 6038058.675
74 95 5238632.677
74 96 2483139.353
74 97 2829874.953
74 98 2407990.608
74 99 5887822.663
75 76 1952284.216
75 77 2673669.148
75 78 6320223.202
75 79 323022.0919
75 80 2502690.565
75 81 3536936.09
75 82 4210305.188
75 83 6528844.051
75 84 2853248.6
75 85 8828462.036
75 86 6888784.572
75 87 10162168.79
75 88 3360202.241
75 89 5362850.141
75 90 9368354.588
75 91 5203628.094
75 92 2830077.64
75 93 5763677.608
75 94 6692668.941
75 95 1710323.793
75 96 6034092.68
75 97 2652731.647
75 98 6407238.153
75 99 1803164.412
76 77 1696024.26
76 78 6069547.911
76 79 2274857.955
76 80 3837074.063
76 81 1619671.011
76 82 2394650.399
76 83 4774933.265
76 84 4247412.65
76 85 7233842.57
76 86 5063637.612
76 87 9012737.922
76 88 3095037.831
76 89 3469923.038
76 90 8377194.018
76 91 3962186.858
76 92 1525746.905
76 93 4588928.759
76 94 5159621.877
76 95 594885.5017
76 96 5571311.398
76 97 3529872.579
76 98 6019895.125
76 99 199644.9539
77 78 7764520.702
77 79 2941139.611
77 80 5078418.014
77 81 2579798.363
77 82 2047679.935
77 83 5743026.461
77 84 5461799.125
77 85 8333665.266
77 86 5874612.738
77 87 10444691.89
77 88 4785021.16
77 89 4207551.713
77 90 9896020.204
77 91 5460047.296
77 92 3161223.118
77 93 6096640.557
77 94 6393531.516
77 95 2237725.927
77 96 7254356.139
77 97 4976098.144
77 98 7707586.21
77 99 1587822.191
78 79 6400733.579
78 80 4869834.702
78 81 5879229.744
78 82 7576279.533
78 83 5608450.627
78 84 4961539.419
78 85 5948337.683
78 86 6225098.083
78 87 5119903.691
78 88 3039935.243
78 89 6106192.998
78 90 4012748.656
78 91 3362560.318
78 92 4665099.687
78 93 3066943.682
78 94 4569062.186
78 95 5565531.484
78 96 772312.0816
78 97 4080336.869
78 98 440505.2949
78 99 6194411.619
79 80 2349275.2
79 81 3854934.158
79 82 4525951.227
79 83 6822389.461
79 84 2674305.257
79 85 9096034.933
79 86 7191388.089
79 87 10361530.27
79 88 3492236.874
79 89 5676033.84
79 90 9546017.16
79 91 5437319.58
79 92 3102999.639
79 93 5984463.951
79 94 6956606.779
79 95 2016294.746
79 96 6150391.959
79 97 2603623.998
79 98 6508525.269
79 99 2126160.113
80 81 5014483.608
80 82 6223506.587
80 83 7248299.305
80 84 413960.4855
80 85 9049811.183
80 86 7754396.071
80 87 9557932.757
80 88 2739092.781
80 89 6550004.151
80 90 8580611.827
80 91 5233402.121
80 92 3699092.746
80 93 5598880.5
80 94 6965962.543
80 95 3296372.999
80 96 4879178.369
80 97 883410.6364
80 98 5108325.936
80 99 3789284.507
81 82 1697412.443
81 83 3234188.469
81 84 5425921.041
81 85 5782523.452
81 86 3468722.804
81 87 7898549.851
81 88 3336622.422
81 89 1851368.301
81 90 7415059.724
81 91 3030058.682
81 92 1468747.502
81 93 3656887.039
81 94 3813734.528
81 95 1874264.855
81 96 5236334.018
81 97 4481596.023
81 98 5714125.206
81 99 1804441.152
82 83 4125221.509
82 84 6635575.709
82 85 6732750.562
82 86 4111761.584
82 87 9234624.189
82 88 4963390.37
82 89 2523000.273
82 90 8873843.945
82 91 4617994.747
82 92 3068335.712
82 93 5219807.486
82 94 5033778.594
82 95 2930119.006
82 96 6927260.161
82 97 5846502.074
82 98 7405765.163
82 99 2474335.326
83 84 7613157.091
83 85 2614721.641
83 86 619283.074
83 87 5294779.685
83 88 4678229.507
83 89 1602397.37
83 90 5184578.758
83 91 2387862.077
83 92 3757050.902
83 93 2541932.712
83 94 1248377.654
83 95 4826945.469
83 96 4836300.73
83 97 6468863.525
83 98 5246248.61
83 99 4972276.748
84 85 9359708.401
84 86 8127801.717
84 87 9757770.068
84 88 3045764.669
84 89 6947052.31
84 90 8757170.339
84 91 5552930.735
84 92 4099861.211
84 93 5891903.077
84 94 7293317.032
84 95 3709444.055
84 96 5032653.619
84 97 1169489.171
84 98 5228658.318
84 99 4196512.479
85 86 2688318.548
85 87 3242125.934
85 88 6314884.452
85 89 4213678.901
85 90 3635463.918
85 91 3820629.11
85 92 5998617.633
85 93 3486973.285
85 94 2143356.421
85 95 7183482.874
85 96 5272074.07
85 97 8191265.793
85 98 5511846.494
85 99 7433486.199
86 87 5616738.78
86 88 5236476.97
86 89 1667953.637
86 90 5610346.665
86 91 3000238.488
86 92 4181877.26
86 93 3159471.463
86 94 1789103.802
86 95 5178578.535
86 96 5453148.843
86 97 6995834.76
86 98 5859837.961
86 99 5256492.82
87 88 6988158.455
87 89 6793379.276
87 90 1145524.408
87 91 5054492.621
87 92 7533230.075
87 93 4440437.267
87 94 4208548.507
87 95 8763167.343
87 96 4781093.567
87 97 8681516.709
87 98 4726288.154
87 99 9201608.894
88 89 4330137.295
88 90 6102112.988
88 91 2509218.82
88 92 1895131.692
88 93 2861357.082
88 94 4253695.815
88 95 2554458.048
88 96 2678313.994
88 97 1876624.059
88 98 3070989.91
88 99 3198606.684
89 90 6547606.147
89 91 2764021.319
89 92 2854446.417
89 93 3224830.33
89 94 2591907.478
89 95 3665223.084
89 96 5359578.692
89 97 5883358.587
89 98 5822711.492
89 99 3655789.543
90 91 4436848.911
90 92 6863859.622
90 93 3800942.027
90 94 3981455.24
90 95 8070255.193
90 96 3735849.591
90 97 7714163.789
90 98 3634849.484
90 99 8557967.135
91 92 2481527.577
91 93 636701.5793
91 94 1746973.857
91 95 3715813.215
91 96 2604327.425
91 97 4383464.067
91 98 3061636.45
91 99 4149155.911
92 93 3094257.868
92 94 3865422.187
92 95 1236390.92
92 96 4109119.944
92 97 3075911.72
92 98 4571198.626
92 99 1698325.089
93 94 1600751.097
93 95 4322734
93 96 2294663.11
93 97 4728153.032
93 98 2713103.681
93 99 4773943.703
94 95 5066610.407
94 96 3807980.954
94 97 6124426.846
94 98 4175978.839
94 99 5358577.349
95 96 5104571.767
95 97 2945406.648
95 98 5541248.781
95 99 651476.5308
96 97 4033019.563
96 98 479184.5492
96 99 5711309.665
97 98 4288646.229
97 99 3527229.697
98 99 6155605.568
