4950
0 1 8628244.719
0 2 9030088.213
0 3 1844816.69
0 4 8238037.245
0 5 3122307.95
0 6 6577467.876
0 7 3818269.405
0 8 2829402.931
0 9 8818600.501
0 10 7297083.473
0 11 8099065.605
0 12 6808829.487
0 13 3726800.61
0 14 7176104.336
0 15 2932717.657
0 16 7505044.067
0 17 2133331.027
0 18 8494266.89
0 19 5890906.355
0 20 8611440.132
0 21 1963125.223
0 22 8142486.707
0 23 3192632.565
0 24 2108073.491
0 25 4165152.999
0 26 6584252.446
0 27 8518394.06
0 28 7425030.818
0 29 5849382.721
0 30 2068112.82
0 31 7479367.572
0 32 4693105.4
0 33 7756801.204
0 34 2074193.39
0 35 4799363.486
0 36 4258263.687
0 37 5636514.596
0 38 1810111.772
0 39 4508942.398
0 40 6203357.558
0 41 9464213.735
0 42 4019779.346
0 43 5999116.379
0 44 5170268.518
0 45 2665802.314
0 46 5403621.965
0 47 5579164.846
0 48 5486408.457
0 49 4400844.569
0 50 2628912.025
0 51 4213944.371
0 52 7455483.383
0 53 3419937.943
0 54 9223723.14
0 55 3085309.018
0 56 4796983.102
0 57 1057407.088
0 58 5531739.919
0 59 10116386.79
0 60 6710013.937
0 61 8948801.076
0 62 4878783.896
0 63 10374194.88
0 64 4145665.072
0 65 5618674.058
0 66 6327446.681
0 67 6527441.498
0 68 5234295.281
0 69 2902937.572
0 70 412522.6207
0 71 1903115.063
0 72 5918130.812
0 73 3167534.274
0 74 3728424.31
0 75 6576227.152
0 76 6935791.279
0 77 1499590.316
0 78 8238522.111
0 79 1040282.544
0 80 782980.0334
0 81 6626666.049
0 82 9031222.871
0 83 4904756.628
0 84 7029667.428
0 85 5705136.827
0 86 3684327.489
0 87 5378091.492
0 88 5723571.698
0 89 7698588.405
0 90 4363082.624
0 91 3134564.42
0 92 8356585.753
0 93 4658507.289
0 94 1629661.813
0 95 9379146.887
0 96 8338909.058
0 97 2341326.525
0 98 4317240.162
0 99 9869898.162
1 2 1890745.737
1 3 7840107.569
1 4 682413.6556
1 5 11012856.8
1 6 7120335.477
1 7 7923698.943
1 8 9842010.049
1 9 4994560.677
1 10 2456502.693
1 11 3440934.311
1 12 2753526.087
1 13 8272548.66
1 14 1943680.847
1 15 10356528.59
1 16 4379071.588
1 17 7923688.522
1 18 1691474.357
1 19 2779746.624
1 20 2634829.397
1 21 7703408.1
1 22 852582.5774
1 23 8664611.614
1 24 9116413.697
1 25 6954933.854
1 26 3794233.301
1 27 3677051.347
1 28 1342045.637
1 29 3767445.922
1 30 6955756.359
1 31 5180716.83
1 32 4032175.358
1 33 4244350.632
1 34 8570750.395
1 35 8281271.396
1 36 4585064.516
1 37 8170584.143
1 38 6937784.659
1 39 8172057.049
1 40 3552721.824
1 41 7206145.632
1 42 7742966.231
1 43 7307076.05
1 44 6585274.776
1 45 6043169.379
1 46 6012272.615
1 47 7718130.627
1 48 5991799.555
1 49 7103211.748
1 50 8058925.225
1 51 6906448.17
1 52 6834726.175
1 53 6548427.101
1 54 2460193.268
1 55 9251815.229
1 56 7953695.949
1 57 9160522.024
1 58 8746116.269
1 59 2351780.954
1 60 1973545.976
1 61 663874.0799
1 62 5236880.105
1 63 1915502.932
1 64 6189444.685
1 65 3043032.067
1 66 2637178.981
1 67 5534017.532
1 68 7169323.24
1 69 8440102.528
1 70 8935206.362
1 71 6905724.677
1 72 4123927.38
1 73 5461461.05
1 74 5709546.27
1 75 3160695.96
1 76 3118839.02
1 77 7147094.789
1 78 6411824.113
1 79 9582972.026
1 80 9350945.346
1 81 3958351.494
1 82 752642.0088
1 83 8504604.325
1 84 1717108.48
1 85 4083274.962
1 86 6591149.934
1 87 3313313.313
1 88 5669001.511
1 89 4777362.96
1 90 7350785.359
1 91 6777289.083
1 92 6836242.461
1 93 4479481.054
1 94 8319824.44
1 95 7550019.131
1 96 1167154.244
1 97 8967953.742
1 98 7025281.88
1 99 1779126.369
2 3 8609434.142
2 4 2502531.46
2 5 10988232.85
2 6 6020990.306
2 7 9078950.377
2 8 9702525.915
2 9 3294833.193
2 10 1782204.305
2 11 1944020.601
2 12 4340453.739
2 13 7857317.355
2 14 3521280.558
2 15 10258860.67
2 16 3052109.652
2 17 7892839.289
2 18 546742.6097
2 19 3731778.192
2 20 4524109.045
2 21 8491549.398
2 22 1398217.016
2 23 8374069.31
2 24 9079261.823
2 25 8180336.092
2 26 2964412.811
2 27 2012435.61
2 28 2819046.248
2 29 3362798.618
2 30 7118102.857
2 31 3834303.79
2 32 4361814.147
2 33 2833991.925
2 34 8527394.365
2 35 7621243.626
2 36 4773398.968
2 37 7318007.226
2 38 7235274.669
2 39 7576317.233
2 40 3033208.025
2 41 5522374
2 42 8937627.456
2 43 6349785.603
2 44 5855767.307
2 45 6678111.869
2 46 5256547.93
2 47 9165287.254
2 48 5212445.875
2 49 6553101.519
2 50 8992655.432
2 51 6419814.751
2 52 5521066.86
2 53 6341099.994
2 54 4325986.247
2 55 9007609.402
2 56 7288716.986
2 57 9733604.644
2 58 10137024.6
2 59 3994336.942
2 60 2592330.628
2 61 2473335.184
2 62 4788464.855
2 63 3129128.76
2 64 5809846.119
2 65 3564172.498
2 66 3954893.665
2 67 4465478.701
2 68 6401489.939
2 69 8212264.257
2 70 9273784.273
2 71 7535534.179
2 72 5600216.589
2 73 5951874.63
2 74 5601711.036
2 75 2598072.222
2 76 4780942.762
2 77 7534523.427
2 78 4905384.229
2 79 9883237.963
2 80 9677289.775
2 81 5594333.917
2 82 2535711.674
2 83 7827522.812
2 84 2249319.305
2 85 3619294.595
2 86 7704607.192
2 87 4218759.988
2 88 4845075.544
2 89 3370252.529
2 90 8612081.83
2 91 6618785.921
2 92 5327799.395
2 93 5569376.004
2 94 9055931.85
2 95 5903356.734
2 96 3042227.558
2 97 8873018.883
2 98 6502026.725
2 99 3373873.784
3 4 7343818.649
3 5 4939440.545
3 6 7489207.493
3 7 2003776.74
3 8 4641862.619
3 9 9080914.957
3 10 7015699.765
3 11 8068184.166
3 12 5616949.806
3 13 5129726.857
3 14 6143544.801
3 15 4776547.873
3 16 7713542.376
3 17 3497109.827
3 18 8062720.564
3 19 5067836.918
3 20 7331026.087
3 21 155917.6505
3 22 7513224.781
3 23 4742438.483
3 24 3864652.746
3 25 2339603.41
3 26 6634117.075
3 27 8518409.167
3 28 6536963.704
3 29 5808927.851
3 30 2790479.356
3 31 7878823.343
3 32 4318486.467
3 33 7924241.176
3 34 3689611.227
3 35 6122579.294
3 36 4089857.686
3 37 6865159.287
3 38 2293114.58
3 39 5827763.896
3 40 6140253.708
3 41 10120149.12
3 42 2186630.979
3 43 6996716.449
3 44 6019315.157
3 45 1957769.3
3 46 6080306.743
3 47 3736820.773
3 48 6156649.06
3 49 5424973.095
3 50 869071.3876
3 51 5177512.607
3 52 8233606.266
3 53 4206965.411
3 54 7991020.37
3 55 4780994.677
3 56 6039204.28
3 57 1570319.575
3 58 3763371.396
3 59 8982917.191
3 60 6083146.066
3 61 8041036.74
3 62 5268587.756
3 63 9416314.629
3 64 4844152.049
3 65 5047286.259
3 66 5303803.662
3 67 7052933.877
3 68 6243938.753
3 69 4413866.983
3 70 2243906.248
3 71 1181329.632
3 72 4506069.113
3 73 2756228.354
3 74 4130227.458
3 75 6430711.562
3 76 5636606.603
3 77 1873162.882
3 78 8856893.494
3 79 2767051.963
3 80 2524021.324
3 81 5176256.232
3 82 8112144.744
3 83 6271835.448
3 84 6426826.574
3 85 5761521.532
3 86 1939593.026
3 87 4533760.255
3 88 6298424.793
3 89 7992644.023
3 90 2518456.822
3 91 4000668.238
3 92 9053941.26
3 93 3460427.508
3 94 492862.8454
3 95 10113801.18
3 96 7330709.832
3 97 4043033.99
3 98 5318617.091
3 99 8829247.17
4 5 10743506.78
4 6 7286596.401
4 7 7322282.565
4 8 9620689.246
4 9 5447438.361
4 10 2696221.152
4 11 3853974.714
4 12 2090488.624
4 13 8165215.678
4 14 1301740.49
4 15 10116648.61
4 16 4694808.699
4 17 7685387.254
4 18 2214338.644
4 19 2347152.426
4 20 2054576.319
4 21 7202735.389
4 22 1231359.117
4 23 8507929.552
4 24 8866654.921
4 25 6341581.643
4 26 3961421.747
4 27 4142197.653
4 28 815332.1589
4 29 3786397.086
4 30 6665425.173
4 31 5481015.758
4 32 3765759.088
4 33 4595368.22
4 34 8328865.501
4 35 8263416.965
4 36 4345952.517
4 37 8226669.605
4 38 6601971.207
4 39 8131813.136
4 40 3627274.887
4 41 7627518.913
4 42 7133006.394
4 43 7415256.108
4 44 6620184.708
4 45 5610235.66
4 46 6069384.725
4 47 7057364.541
4 48 6058126.043
4 49 7062380.087
4 50 7514101.413
4 51 6846031.255
4 52 7091364.852
4 53 6394663.515
4 54 2015051.983
4 55 9072469.325
4 56 7941996.72
4 57 8712664.49
4 58 8092753.304
4 59 2215648.776
4 60 1797467.202
4 61 710766.9175
4 62 5203845.745
4 63 2141854.975
4 64 6105218.239
4 65 2766768.576
4 66 2064069.149
4 67 5719433.692
4 68 7207856.173
4 69 8263912.624
4 70 8562480.718
4 71 6461813.178
4 72 3471903.646
4 73 5088502.693
4 74 5539981.626
4 75 3282030.623
4 76 2440189.814
4 77 6778291.049
4 78 6756250.815
4 79 9217173.625
4 80 8978628.219
4 81 3280164.251
4 82 794660.3779
4 83 8490354.148
4 84 1645654.511
4 85 4104736.433
4 86 6008259.244
4 87 2866070.832
4 88 5759901.979
4 89 5111372.005
4 90 6727270.815
4 91 6601723.219
4 92 7176322.18
4 93 3929424.139
4 94 7829474.425
4 95 7949401.394
4 96 564186.0124
4 97 8739529.181
4 98 6976025.339
4 99 1755451.168
5 6 6756884.753
5 7 6835894.288
5 8 1385185.197
5 9 9864940.011
5 10 9207221.586
5 11 9626393.802
5 12 9620433.457
5 13 3541439.381
5 14 9848574.54
5 15 808242.4604
5 16 8753282.59
5 17 3108441.221
5 18 10495871.06
5 19 8457195.827
5 20 11444438.9
5 21 5068983.408
5 22 10384877.44
5 23 2842816.51
5 24 1912407.779
5 25 7276570.694
5 26 8154520.209
5 27 9970176.012
5 28 9960108.974
5 29 7626290.458
5 30 4080579.032
5 31 8441414.565
5 32 6987407.451
5 33 9039033.963
5 34 2465076.003
5 35 4428107.649
5 36 6427920.31
5 37 5292525.268
5 38 4215378.143
5 39 4242133.549
5 40 7962481.527
5 41 9801039.994
5 42 7062370.805
5 43 6104882.144
5 44 5748262.634
5 45 5526140.423
5 46 6234822.078
5 47 8633401.578
5 48 6311325.54
5 49 4852816.149
5 50 5643562.122
5 51 4847265.922
5 52 7768719.72
5 53 4656523.88
5 54 12005539.15
5 55 2211917.411
5 56 4635646.476
5 57 3611891.732
5 58 8448164.25
5 59 12792103.49
5 60 9039313.917
5 61 11440784.91
5 62 6264514.389
5 63 12873253.42
5 64 5262965.698
5 65 7985922.133
5 66 9030498.262
5 67 7411003.64
5 68 5481234.601
5 69 2878354.625
5 70 2710763.625
5 71 4920620.375
5 72 8898702.48
5 73 5757330.398
5 74 5394917.906
5 75 8392743.255
5 76 9820542.574
5 77 4172695.008
5 78 8753476.501
5 79 2190426.661
5 80 2420235.706
5 81 9614946.123
5 82 11531475.57
5 83 4381427.697
5 84 9312479.161
5 85 7383291.408
5 86 6806367.535
5 87 7999162.882
5 88 6660156.561
5 89 8799697.965
5 90 7446169.85
5 91 4371327.152
5 92 8717754.289
5 93 7564139.432
5 94 4631871.724
5 95 9577834.897
5 96 10946953.84
5 97 2121838.038
5 98 4842260.763
5 99 12463646.43
6 7 9122491.353
6 8 5390022.454
6 9 3523942.908
6 10 4665716.102
6 11 4112811.119
6 12 7614563.937
6 13 3250827.27
6 14 7228152.24
6 15 5951090.389
6 16 2987712.864
6 17 4492365.748
6 18 5748740.839
6 19 6046582.218
6 20 9015760.017
6 21 7473895.682
6 22 6271004.548
6 23 3970888.025
6 24 5231991.48
6 25 8735515.246
6 26 3332186.816
6 27 4227836.825
6 28 6836542.962
6 29 3616892.421
6 30 4724776.96
6 31 2279320.065
6 32 4724283.292
6 33 3241287.453
6 34 4837652.496
6 35 2352680.169
6 36 4348265.666
6 37 1604317.1
6 38 5202485.854
6 39 2515135.532
6 40 3687296.838
6 41 3050079.431
6 42 9160488.937
6 43 652086.2116
6 44 1470810.864
6 45 5990114.374
6 46 1580890.332
6 47 10282176.91
6 48 1533343.918
6 49 2180414.266
6 50 8295214.576
6 51 2367820.599
6 52 1015586.4
6 53 3284838.688
6 54 9232472.823
6 55 4557685.685
6 56 2121339.393
6 57 7623776.307
6 58 10819356.92
6 59 9453353.922
6 60 5650590.251
6 61 7763952.134
6 62 2680164.557
6 63 8930926.469
6 64 2665872.12
6 65 5237640.352
6 66 6824920.288
6 67 1589652.692
6 68 1362498.674
6 69 4058709.565
6 70 6542608.02
6 71 6394387.414
6 72 7959420.881
6 73 5302565.184
6 74 3508784.487
6 75 4004840.871
6 76 8072723.082
6 77 5631923.501
6 78 2038330.975
6 79 6860142.479
6 80 6791062.59
6 81 8480259.994
6 82 7859288.652
6 83 2452590.51
6 84 5679579.996
6 85 3325581.736
6 86 8041613.814
6 87 5999686.423
6 88 1656411.613
6 89 2758557.344
6 90 9165324.623
6 91 3515121.224
6 92 1961217.822
6 93 6833447.381
6 94 7679886.077
6 95 2867436.199
6 96 7771028.552
6 97 4910237.689
6 98 2260338.558
6 99 8898890.545
7 8 6637851.575
7 9 10187447.81
7 10 7718289.823
7 11 8953896.126
7 12 5314255.905
7 13 7055864.271
7 14 6026596.903
7 15 6744388.886
7 16 8826965.285
7 17 5448789.653
7 18 8547614.501
7 19 5348768.682
7 20 6748950.89
7 21 1922363.903
7 22 7808076.284
7 23 6716456.073
7 24 5868019.232
7 25 1012489.333
7 26 7669650.378
7 27 9412906.127
7 28 6582627.026
7 29 6824997.974
7 30 4597432.982
7 31 9140371.115
7 32 5196081.968
7 33 8993482.138
7 34 5684951.458
7 35 8001554.099
7 36 5185126.252
7 37 8688112.114
7 38 4086845.556
7 39 7710072.369
7 40 7110554.358
7 41 11515740.9
7 42 275822.1017
7 43 8693866.391
7 44 7662055.516
7 45 3152175.942
7 46 7615632.085
7 47 1807698.774
7 48 7684335.355
7 49 7184296.923
7 50 1195907.774
7 51 6916428.256
7 52 9760814.808
7 53 5911488.927
7 54 7448217.641
7 55 6781410.359
7 56 7884432.342
7 57 3253173.814
7 58 1781132.168
7 59 8543503.963
7 60 6488393.833
7 61 7959845.598
7 62 6661610.239
7 63 9204084.865
7 64 6459648.794
7 65 5624858.923
7 66 5288046.954
7 67 8442556.06
7 68 7968754.204
7 69 6382259.89
7 70 4199258.502
7 71 2789813.989
7 72 3963153.489
7 73 3919803.542
7 74 5629665.606
7 75 7304617.244
7 76 5156094.351
7 77 3715939.336
7 78 10253981.64
7 79 4645853.021
7 80 4423887.218
7 81 4468924.33
7 82 8012142.703
7 83 8166730.426
7 84 6829796.373
7 85 6863699.917
7 86 1376757.274
7 87 4864480.013
7 88 7756523.271
7 89 9165216.743
7 90 794719.2486
7 91 5756401.718
7 92 10503945.38
7 93 3512042.384
7 94 2210852.977
7 95 11568241.87
7 96 7156243.544
7 97 6045468.562
7 98 7070654.059
7 99 8528764.679
8 9 8482510.505
8 10 7927910.145
8 11 8280861.738
8 12 8669596.639
8 13 2158813.915
8 14 8813430.346
8 15 581979.58
8 16 7385291.416
8 17 1941825.828
8 18 9223376.755
8 19 7394982.739
8 20 10485208.04
8 21 4742448.036
8 22 9175120.052
8 23 1457709.233
8 24 848797.1353
8 25 6892210.632
8 26 6827381.872
8 27 8614215.076
8 28 8859170.586
8 29 6342219.823
8 30 3054912.173
8 31 7059052.534
8 32 5856435.284
8 33 7672273.22
8 34 1314833.769
8 35 3085426.448
8 36 5275265.597
8 37 3967510.543
8 38 3318356.153
8 39 2881026.842
8 40 6669527.964
8 41 8438704.315
8 42 6828459.053
8 43 4738115.607
8 44 4363728.091
8 45 4734367.009
8 46 4856082.462
8 47 8371612.528
8 48 4931794.964
8 49 3469222.236
8 50 5454929.158
8 51 3471748.834
8 52 6398458.178
8 53 3363353.1
8 54 11007387.35
8 55 832778.7334
8 56 3272269.51
8 57 3660401.117
8 58 8361127.142
8 59 11727536.74
8 60 7874422.569
8 61 10305417.17
8 62 4939866.663
8 63 11728852.39
8 64 3925767.424
8 65 6854098.442
8 66 8024676.903
8 67 6028865.476
8 68 4100156.969
8 69 1514432.471
8 70 2480763.552
8 71 4298453.292
8 72 8097267.774
8 73 4799229.367
8 74 4152103.163
8 75 7104666.755
8 76 8918953.442
8 77 3402978.992
8 78 7375233.359
8 79 2270680.111
8 80 2392631.862
8 81 8810324.032
8 82 10398532.92
8 83 3062293.658
8 84 8128313.161
8 85 6084765.462
8 86 6332314.231
8 87 6972684.899
8 88 5284026.832
8 89 7422034.187
8 90 7138145.376
8 91 3096390.946
8 92 7348769.952
8 93 6723509.534
8 94 4458939.843
8 95 8227883.639
8 96 9866384.266
8 97 884079.9251
8 98 3461188.709
8 99 11362261.69
9 10 2970143.01
9 11 1610457.113
9 12 6703619.467
9 13 6354405.492
9 14 6016342.561
9 15 9064205.277
9 16 1370439.839
9 17 7066850.185
9 18 3310473.459
9 19 5444327.025
9 20 7482715.132
9 21 9008265.814
9 22 4219934.351
9 23 7027293.863
9 24 8097575.091
9 25 9491738.749
9 26 2519417.159
9 27 1317999.936
9 28 5385942.694
9 29 3362781.248
9 30 6751385.446
9 31 1423525.789
9 32 4997385.703
9 33 1197248.558
9 34 7596778.662
9 35 5710288.937
9 36 5036947.29
9 37 5098402.653
9 38 7081300.529
9 39 5787007.054
9 40 3091958.545
9 41 2229374.678
9 42 10128939.17
9 43 4073153.896
9 44 4123631.267
9 45 7186429.816
9 46 3636125.069
9 47 10814944.9
9 48 3557615.411
9 49 5013665.562
9 50 9713380.245
9 51 5025859.761
9 52 2683814.16
9 53 5476524.294
9 54 7437301.142
9 55 7672071.441
9 56 5413584.255
9 57 9752677.352
9 58 11619096.87
9 59 7259544.018
9 60 4477396.883
9 61 5644685.598
9 62 3940262.759
9 63 6422409.641
9 64 4759318.091
9 65 4808715.704
9 66 6043527.269
9 67 2453962.758
9 68 4479057.188
9 69 6996037.462
9 70 8926882.699
9 71 7900168.566
9 72 7619308.979
9 73 6368331.321
9 74 5100869.929
9 75 2986523.803
9 76 7198464.39
9 77 7487264.48
9 78 1784672.232
9 79 9411558.972
9 80 9269894.829
9 81 7880077.91
9 82 5722578.283
9 83 5860782.54
9 84 4285250.853
9 85 3340995.906
9 86 8867958.894
9 87 5712056.083
9 88 3223990.065
9 89 1120270.525
9 90 9950839.115
9 91 5782764.758
9 92 2170015.848
9 93 6998801.949
9 94 9424006.619
9 95 2610237.311
9 96 6010150.204
9 97 7812509.172
9 98 5022889.571
9 99 6643292.712
10 11 1395241.94
10 12 3733863.36
10 13 6126427.909
10 14 3056905.767
10 15 8481393.178
10 16 2012380.525
10 17 6110644.951
10 18 1297804.155
10 19 2565653.704
10 20 4631174.62
10 21 6909145.429
10 22 1605569.439
10 23 6617241.778
10 24 7297595.119
10 25 6900058.089
10 26 1354890.424
10 27 1818688.137
10 28 2459239.34
10 29 1585769.166
10 30 5351012.603
10 31 2787491.061
10 32 2700958.225
10 33 1949208.06
10 34 6745578.467
10 35 5977691.044
10 36 3043877.629
10 37 5777515.959
10 38 5492075.319
10 39 5904610.44
10 40 1269610.509
10 41 5031465.406
10 42 7611669.817
10 43 4876386.289
10 44 4232534.888
10 45 5060332.357
10 46 3641080.882
10 47 8076953.321
10 48 3610050.775
10 49 4856310.86
10 50 7481734.613
10 51 4700320.88
10 52 4400560.54
10 53 4564774.747
10 54 4704561.604
10 55 7244858.257
10 56 5645292.495
10 57 8045397.82
10 58 8966118.771
10 59 4800471.169
10 60 1515111.45
10 61 3106921.743
10 62 3041158.499
10 63 4283783.172
10 64 4056857.43
10 65 2095620.082
10 66 3092368.814
10 67 3078031.881
10 68 4804105.846
10 69 6444717.652
10 70 7525157.407
10 71 5896461.086
10 72 4709593.62
10 73 4291633.521
10 74 3819537.561
10 75 830627.5577
10 76 4228441.249
10 77 5810641.575
10 78 4079268.169
10 79 8124845.563
10 80 7924384.452
10 81 4922299.392
10 82 3200916.241
10 83 6193184.285
10 84 1317804.786
10 85 1856868.844
10 86 6347305.878
10 87 2930831.403
10 88 3265668.862
10 89 2438238.781
10 90 7351328.631
10 91 4839451.839
10 92 4494921.445
10 93 4294936.215
10 94 7439881.15
10 95 5318659.444
10 96 3228844.541
10 97 7093652.737
10 98 4795257.801
10 99 4235623.226
11 12 5118599.461
11 13 6284032.641
11 14 4413403.368
11 15 8856014.976
11 16 1125243.11
11 17 6620537.333
11 18 1801486.337
11 19 3942919.385
11 20 5878513.88
11 21 7976211.513
11 22 2635720.474
11 23 6875423.877
11 24 7756585.32
11 25 8183139.253
11 26 1520360.779
11 27 459032.6556
11 28 3776392.755
11 29 2275384.944
11 30 6059991.414
11 31 1891472.091
11 32 3792231.129
11 33 890704.3101
11 34 7218637.453
11 35 5893378.947
11 36 3983417.331
11 37 5491636.016
11 38 6297071.838
11 39 5889308.974
11 40 1932271.348
11 41 3775329.575
11 42 8866922.032
11 43 4491770.993
11 44 4140792.52
11 45 6118626.118
11 46 3553471.768
11 47 9419400.232
11 48 3495264.299
11 49 4931858.667
11 50 8613044.309
11 51 4851335.287
11 52 3577084.497
11 53 5003678.667
11 54 5857109.599
11 55 7524978.521
11 56 5566198.502
11 57 8942461.962
11 58 10279089.9
11 59 5756547.2
11 60 2909762.769
11 61 4101157.361
11 62 3376460.567
11 63 5017779.446
11 64 4363574.026
11 65 3393110.302
11 66 4487586.133
11 67 2604382.465
11 68 4642218.925
11 69 6766677.751
11 70 8273558.664
11 71 6908135.934
11 72 6100253.522
11 73 5311968.799
11 74 4414569.578
11 75 1655683.653
11 76 5611288.609
11 77 6664279.725
11 78 3000548.425
11 79 8826548.3
11 80 8651307.522
11 81 6316185.437
11 82 4184386.303
11 83 6084970.224
11 84 2693163.213
11 85 2393930.101
11 86 7598157.353
11 87 4270996.825
11 88 3118456.827
11 89 1426520.589
11 90 8639226.886
11 91 5305203.292
11 92 3426011.896
11 93 5611691.841
11 94 8458956.081
11 95 4109861.997
11 96 4414202.559
11 97 7510123.164
11 98 4902459.231
11 99 5150450.765
12 13 7616445.301
12 14 827281.1757
12 15 9096257.818
12 16 5628550.474
12 17 6749153.316
12 18 3907131.678
12 19 1575935.001
12 20 1824022.172
12 21 5466075.491
12 22 2942364.791
12 23 7792309.572
12 24 7850503.97
12 25 4314023.306
12 26 4583629.665
12 27 5512804.666
12 28 1522943.166
12 29 4029346.848
12 30 5614835.729
12 31 6309049.698
12 32 3121129.569
12 33 5632160.052
12 34 7355461.205
12 35 7986303.122
12 36 3688130.888
12 37 8177374.943
12 38 5407830.304
12 39 7791622.822
12 40 4055585.452
12 41 8702788.73
12 42 5107778.99
12 43 7562204.692
12 44 6592197.932
12 45 4152223.486
12 46 6147811.547
12 47 4967038.877
12 48 6165015.055
12 49 6775104.172
12 50 5645701.135
12 51 6511484.913
12 52 7697800.459
12 53 5798510.095
12 54 2414950.649
12 55 8266777.374
12 56 7698153.696
12 57 7099822.316
12 58 6003527.028
12 59 3365967.471
12 60 2232368.324
12 61 2667176.12
12 62 5089443.811
12 63 3896043.857
12 64 5749125.906
12 65 2381765.845
12 66 791845.6222
12 67 6202751.26
12 68 7155083.711
12 69 7497343.224
12 70 7177812.067
12 71 4924413.81
12 72 1388629.081
12 73 3877245.788
12 74 4963837.17
12 75 3904229.979
12 76 496141.6018
12 77 5468720.356
12 78 7636862.873
12 79 7837397.937
12 80 7584778.737
12 81 1254760.787
12 82 2711589.757
12 83 8214816.638
12 84 2425911.356
12 85 4299212.073
12 86 4059236.921
12 87 1782515.049
12 88 5963883.48
12 89 6060281.025
12 90 4677224.57
12 91 5922418.264
12 92 8025514.718
12 93 2175278.498
12 94 6109802.024
12 95 8947853.573
12 96 1845603.351
12 97 7793406.06
12 98 6667935.745
12 99 3247222.322
13 14 7574974.715
13 15 2733518.091
13 16 5320264.464
13 17 1642539.399
13 18 7418201.889
13 19 6153634.868
13 20 9356777.277
13 21 5171114.994
13 22 7526911.411
13 23 720123.0919
13 24 2013975.437
13 25 6997035.705
13 26 4907034.816
13 27 6582396.333
13 28 7473131.85
13 29 4568580.925
13 30 2528456.908
13 31 4933998.654
13 32 4539600.752
13 33 5609951.335
13 34 1715878.045
13 35 1087071.654
13 36 3948781.749
13 37 1967268.612
13 38 3016775.344
13 39 812230.4673
13 40 4858730.787
13 41 6300125.864
13 42 7177026.084
13 43 2602141.857
13 44 2232034.468
13 45 4339881.132
13 46 2764402.493
13 47 8579317.201
13 48 2834456.943
13 49 1361123.004
13 50 5998152.949
13 51 1441376.516
13 52 4251144.604
13 53 1820769.388
13 54 9787198.929
13 55 1329803.69
13 56 1168907.083
13 57 4773579.821
13 58 8836614.442
13 59 10356172.39
13 60 6369231.113
13 61 8807347.592
13 62 3086955.503
13 63 10187574.17
13 64 2088090.895
13 65 5473004.836
13 66 6880882.01
13 67 3908363.745
13 68 1941628.445
13 69 864977.682
13 70 3573450.214
13 71 4309799.61
13 72 7373221.38
13 73 4028503.243
13 74 2673323.15
13 75 5296756.763
13 76 7957478.534
13 77 3346948.569
13 78 5217909.261
13 79 3750367.112
13 80 3732856.349
13 81 8046164.889
13 82 8904073.227
13 83 1177956.316
13 84 6567861.448
13 85 4275078.13
13 86 6334414.722
13 87 5836342.637
13 88 3201751.367
13 89 5318553.114
13 90 7347980.167
13 91 1708240.308
13 92 5202027.748
13 93 6007020.828
13 94 5155466.182
13 95 6109304.388
13 96 8498549.458
13 97 1686292.923
13 98 1381786.392
13 99 9919310.618
14 15 9274150.923
14 16 5020293.028
14 17 6873373.382
14 18 3102195.369
14 19 1430110.869
14 20 1820104.877
14 21 5997883.579
14 22 2123456.548
14 23 7824728.298
14 24 8019918.486
14 25 5041934.381
14 26 4051790.745
14 27 4786512.082
14 28 702941.8239
14 29 3611282.787
14 30 5782410.33
14 31 5741386.984
14 32 3037572.27
14 33 4994219.181
14 34 7501682.49
14 35 7834557.89
14 36 3632163.341
14 37 7936681.048
14 38 5644134.317
14 39 7664072.727
14 40 3572998.575
14 41 8078700.632
14 42 5834106.323
14 43 7241573.214
14 44 6327894.893
14 45 4513909.914
14 46 5836935.434
14 47 5776457.122
14 48 5843625.84
14 49 6616211.321
14 50 6259893.736
14 51 6369039.257
14 52 7215373.557
14 53 5758538.258
14 54 2215417.937
14 55 8342412.075
14 56 7530566.735
14 57 7566899.811
14 58 6802436.182
14 59 2952010.043
14 60 1628633.833
14 61 1939395.265
14 62 4835649.401
14 63 3273654.174
14 64 5605528.311
14 65 2128655.885
14 66 851476.9694
14 67 5746401.949
14 68 6906644.29
14 69 7550199.206
14 70 7523901.166
14 71 5338028.42
14 72 2180323.846
14 73 4100850.53
14 74 4901797.124
14 75 3352564.374
14 76 1262486.236
14 77 5764545.111
14 78 7065238.273
14 79 8184048.154
14 80 7937510.233
14 81 2074956.082
14 82 1998443.864
14 83 8064191.202
14 84 1741177.823
14 85 3907427.807
14 86 4725008.72
14 87 1849573.735
14 88 5603452.66
14 89 5453080.018
14 90 5425654.974
14 91 5920893.393
14 92 7466523.206
14 93 2690775.952
14 94 6634044.244
14 95 8348067.757
14 96 1187230.717
14 97 7929901.185
14 98 6516383.531
14 99 2702794.445
15 16 7965894.573
15 17 2433707.171
15 18 9774969.647
15 19 7864634.972
15 20 10917443.87
15 21 4890525.091
15 22 9703891.179
15 23 2038166.397
15 24 1254593.607
15 25 7078548.44
15 26 7396668.517
15 27 9192193.162
15 28 9345958.143
15 29 6896552.39
15 30 3493264.464
15 31 7640781.299
15 32 6351122.248
15 33 8252650.908
15 34 1788072.886
15 35 3628746.381
15 36 5777545.601
15 37 4500130.622
15 38 3701651.158
15 39 3437184.665
15 40 7227208.574
15 41 8996886.608
15 42 6951063.176
15 43 5299014.494
15 44 4944616.416
15 45 5082661.686
15 46 5438040.949
15 47 8511882.124
15 48 5513773.603
15 49 4050726.429
15 50 5550160.255
15 51 4053341.446
15 52 6962155.728
15 53 3917817.311
15 54 11455585.64
15 55 1403817.991
15 56 3830284.965
15 57 3633702.859
15 58 8428033.698
15 59 12202335.48
15 60 8385190.992
15 61 10806686.4
15 62 5507526.788
15 63 12234347.22
15 64 4496988.595
15 65 7350743.737
15 66 8472591.109
15 67 6610654.182
15 68 4673007.119
15 69 2092163.439
15 70 2545133.594
15 71 4570119.586
15 72 8461809.712
15 73 5219012.273
15 74 4688267.826
15 75 7660854.599
15 76 9326016.024
15 77 3730363.192
15 78 7945406.558
15 79 2188571.161
15 80 2363388.188
15 81 9177588.721
15 82 10898930.3
15 83 3590105.4
15 84 8646714.23
15 85 6644078.566
15 86 6553967.691
15 87 7427190.489
15 88 5865799.12
15 89 8003966.948
15 90 7293367.77
15 91 3643018.158
15 92 7911584.737
15 93 7100857.97
15 94 4538264.939
15 95 8777857.825
15 96 10346089.86
15 97 1394051.404
15 98 4043147.288
15 99 11851103.36
16 17 5842619.036
16 18 2839806.284
16 19 4249071.747
16 20 6642373.445
16 21 7639566.387
16 22 3535579.427
16 23 5949882.865
16 24 6926933.212
16 25 8149192.576
16 26 1179396.968
16 27 1291453.149
16 28 4459279.435
16 29 2009946.236
16 30 5437637.999
16 31 805156.2211
16 32 3647331.817
16 33 289981.5844
16 34 6405980.663
16 35 4841406.904
16 36 3667282.677
16 37 4390856.964
16 38 5745225.504
16 39 4860993.266
16 40 1767407.49
16 41 3074913.948
16 42 8773722.158
16 43 3380610.783
16 44 3119405.158
16 45 5815990.221
16 46 2556689.674
16 47 9502832.891
16 48 2489124.051
16 49 3959142.558
16 50 8342943.017
16 51 3916903.648
16 52 2488236.399
16 53 4228315.937
16 54 6708630.196
16 55 6601275.215
16 56 4520073.981
16 57 8418071.533
16 58 10282627.08
16 59 6727372.497
16 60 3407366.901
16 61 5042344.966
16 62 2636837.394
16 63 6067309.534
16 64 3534773.693
16 65 3551250.941
16 66 4913656.98
16 67 1506483.058
16 68 3583559.688
16 69 5875625.459
16 70 7633687.825
16 71 6533342.98
16 72 6417727.873
16 73 4997897.334
16 74 3776957.326
16 75 1751251.116
16 76 6123772.136
16 77 6144202.467
16 78 2066888.804
16 79 8143256.256
16 80 7989329.597
16 81 6743792.125
16 82 5131664.237
16 83 5023516.869
16 84 3287771.428
16 85 1971523.375
16 86 7516574.086
16 87 4457430.372
16 88 2118619.648
16 89 432941.9621
16 90 8608241.289
16 91 4535698.943
16 92 2483431.899
16 93 5697540.045
16 94 8061561.199
16 95 3327982.752
16 96 5236014.363
16 97 6659311.017
16 98 3945208.322
16 99 6136603.442
17 18 7394228.177
17 19 5453457.714
17 20 8558454.474
17 21 3545818.161
17 22 7280074.049
17 23 1287839.948
17 24 1197363.81
17 25 5466745.499
17 26 5117675.285
17 27 6993900.156
17 28 6919507.454
17 29 4537168.61
17 30 1163308.005
17 31 5666897.016
17 32 3919675.013
17 33 6117985.347
17 34 647374.5078
17 35 2684991.747
17 36 3343946.55
17 37 3505703.86
17 38 1544168.225
17 39 2391229.582
17 40 4879633.235
17 41 7453176.062
17 42 5584394.525
17 43 3892577.103
17 44 3146844.445
17 45 2973054.295
17 46 3481248.374
17 47 7031553.753
17 48 3564171.584
17 49 2314511.252
17 50 4366180.939
17 51 2167158.285
17 52 5413089.044
17 53 1620368.661
17 54 9071158.315
17 55 1560345.98
17 56 2665401.779
17 57 3190606.685
17 58 7229252.519
17 59 9785798.814
17 60 5951788.592
17 61 8373793.991
17 62 3246110.754
17 63 9800799.366
17 64 2311847.134
17 65 4918790.96
17 66 6090209.418
17 67 4659664.125
17 68 3134284.802
17 69 946097.7985
17 70 2053203.156
17 71 2763003.291
17 72 6255578.254
17 73 2902272.124
17 74 2291715.166
17 75 5304113.729
17 76 7016989.334
17 77 1787025.241
17 78 6264234.076
17 79 2396095.992
17 80 2304568.969
17 81 6960604.04
17 82 8466263.389
17 83 2808978.134
17 84 6215723.384
17 85 4309191.084
17 86 4830567.467
17 87 5035816.307
17 88 3858480.485
17 89 5958558.92
17 90 5790295.531
17 91 1315957.756
17 92 6339231.06
17 93 4871428.797
17 94 3512957.196
17 95 7333359.698
17 96 7925098.128
17 97 1057760.288
17 98 2244772.458
17 99 9423624.702
18 19 3205396.361
18 20 4267868.604
18 21 7944947.015
18 22 1008117
18 23 7914749.826
18 24 8584687.61
18 25 7657173.888
18 26 2568190.954
18 27 1992734.046
18 28 2401240.307
18 29 2882460.942
18 30 6596460.079
18 31 3641979.171
18 32 3819361.397
18 33 2659446.512
18 34 8032198.349
18 35 7232556.806
18 36 4240423.147
18 37 6976819.833
18 38 6703180.764
18 39 7172824.351
18 40 2566362.78
18 41 5531323.021
18 42 8409997.431
18 43 6033625.56
18 44 5473643.237
18 45 6131680.367
18 46 4876096.319
18 47 8671077.621
18 48 4837669.234
18 49 6134496.907
18 50 8448742.709
18 51 5987421.731
18 52 5328034.191
18 53 5860024.244
18 54 4149246.989
18 55 8542660.463
18 56 6899637.9
18 57 9190354.264
18 58 9631472.047
18 59 3962434.342
18 60 2059282.127
18 61 2334943.882
18 62 4335866.709
18 63 3228962.682
18 64 5353408.917
18 65 3017843.169
18 66 3470537.081
18 67 4169567.749
18 68 6032750.89
18 69 7742261.862
18 70 8742390.41
18 71 6989562.444
18 72 5126487.976
18 73 5407686.992
18 74 5102689.06
18 75 2127473.186
18 76 4364321.734
18 77 6997381.755
18 78 4801681.545
18 79 9355501.512
18 80 9147312.355
18 81 5161190.639
18 82 2412143.019
18 83 7443748.375
18 84 1719935.747
18 85 3154007.195
18 86 7172164.932
18 87 3684239.233
18 88 4478525.449
18 89 3201853.441
18 90 8091977.868
18 91 6132088.53
18 92 5227217.602
18 93 5041336.098
18 94 8509243.55
18 95 5887268.336
18 96 2774770.037
18 97 8385553.011
18 98 6077525.625
18 99 3352462.763
19 20 3207087.841
19 21 4933880.694
19 22 2483571.201
19 23 6394744.892
19 24 6610068.264
19 25 4452001.567
19 26 3130471.011
19 27 4380198.168
19 28 1534712.875
19 29 2492977.242
19 30 4379740.274
19 31 4865850.533
19 32 1614137.712
19 33 4299891.425
19 34 6086027.557
19 35 6453150.417
19 36 2206076.285
19 37 6611410.767
19 38 4276254.074
19 39 6270966.405
19 40 2566922.826
19 41 7308940.414
19 42 5205896.631
19 43 5986284.411
19 44 5019970.296
19 45 3270918.562
19 46 4571888.077
19 47 5529698.036
19 48 4589369.692
19 49 5236601.188
19 50 5336371.379
19 51 4980644.916
19 52 6170230.457
19 53 4334633.533
19 54 3644875.321
19 55 6913475.548
19 56 6157117.647
19 57 6384191.157
19 58 6452666.133
19 59 4338222.528
19 60 1151632.446
19 61 3057919.26
19 62 3516947.37
19 63 4484913.966
19 64 4215954.021
19 65 808952.3791
19 66 784374.0039
19 67 4667045.398
19 68 5586349.949
19 69 6120275.409
19 70 6217192.293
19 71 4129572.93
19 72 2176093.754
19 73 2748101.036
19 74 3480827.208
19 75 2497970.488
19 76 2026152.409
19 77 4435548.25
19 78 6185275.858
19 79 6873061.581
19 80 6633223.895
19 81 2517118.618
19 82 3140463.594
19 83 6682513.641
19 84 1485532.067
19 85 2745848.878
19 86 3976577.518
19 87 534370.6375
19 88 4393056.705
19 89 4671328.465
19 90 4888624.655
19 91 4492010.766
19 92 6557975.749
19 93 1837685.488
19 94 5544293.08
19 95 7520161.72
19 96 2490716.354
19 97 6510962.516
19 98 5132783.372
19 99 4014950.103
20 21 7177000.336
20 22 3282728.902
20 23 9571209.144
20 24 9669943.743
20 25 5737841.929
20 26 5772899.807
20 27 6186489.976
20 28 2202455.395
20 29 5404961.641
20 30 7431793.313
20 31 7403263.258
20 32 4819804.519
20 33 6573252.448
20 34 9170476.634
20 35 9648468.178
20 36 5408120.879
20 37 9756449.936
20 38 7231666.104
20 39 9473107.217
20 40 5336329.325
20 41 9638159.917
20 42 6510906.49
20 43 9050951.041
20 44 8146900.551
20 45 5965372.931
20 46 7650652.645
20 47 6001367.755
20 48 7655308.442
20 49 8430256.183
20 50 7259678.729
20 51 8179785.867
20 52 8945731.071
20 53 7536298.2
20 54 701806.6667
20 55 10063359.54
20 56 9346666.565
20 57 8850337.722
20 58 7080248.897
20 59 1830158.656
20 60 3368477.471
20 61 2134666.631
20 62 6655722.341
20 63 2748420.363
20 64 7415377.991
20 65 3944407.504
20 66 2483500.929
20 67 7504108.864
20 68 8726335.541
20 69 9284417.936
20 70 8986294.083
20 71 6716685.581
20 72 2852307.667
20 73 5698931.929
20 74 6685842.164
20 75 5070569.159
20 76 1695428.556
20 77 7290088.687
20 78 8708547.1
20 79 9644495.788
20 80 9390451.544
20 81 2280058.784
20 82 2108472.368
20 83 9878078.219
20 84 3387232.503
20 85 5707919.336
20 86 5625974.99
20 87 3540392.588
20 88 7405782.095
20 89 7069386.223
20 90 6027139.032
20 91 7681652.343
20 92 9121546.178
20 93 3955377.435
20 94 7821389.358
20 95 9942871.379
20 96 1493193.32
20 97 9606789.816
20 98 8329054.196
20 99 1999080.939
21 22 7385028.515
21 23 4802056.128
21 24 3955767.852
21 25 2207590.278
21 26 6551333.296
21 27 8427755.38
21 28 6397075.935
21 29 5722438.021
21 30 2794785.804
21 31 7819115.683
21 32 4215549.982
21 33 7846743.029
21 34 3762642.217
21 35 6151647.36
21 36 4003404.596
21 37 6882127.137
21 38 2291166.759
21 39 5857392.669
21 40 6050946.664
21 41 10077241.11
21 42 2091904.599
21 43 6990708.919
21 44 6003194.478
21 45 1858846.452
21 46 6048953.85
21 47 3629883.924
21 48 6124437.24
21 49 5427446.954
21 50 837028.0766
21 51 5175743.639
21 52 8204554.398
21 53 4196532.791
21 54 7837829.112
21 55 4859537.678
21 56 6060158.91
21 57 1725092.714
21 58 3693637.63
21 59 8831986.15
21 60 5957606.244
21 61 7898747.617
21 62 5217445.354
21 63 9271130.298
21 64 4821160.263
21 65 4927967.743
21 66 5159623.339
21 67 7005533.792
21 68 6241543.15
21 69 4470616.06
21 70 2366697.294
21 71 1120409.423
21 72 4350744.227
21 73 2665891.497
21 74 4088168.689
21 75 6334728.93
21 76 5482823.875
21 77 1880288.09
21 78 8812889.793
21 79 2903171.559
21 80 2657752.977
21 81 5020427.171
21 82 7969323.804
21 83 6305149.432
21 84 6301928.131
21 85 5682287.754
21 86 1790049.123
21 87 4400181.133
21 88 6257647.993
21 89 7924500.113
21 90 2403169.063
21 91 3999047.94
21 92 9016262.542
21 93 3312593.297
21 94 644837.2586
21 95 10077646.21
21 96 7184902.937
21 97 4125121.382
21 98 5319535.3
21 99 8681331.906
22 23 7951257.168
22 24 8477214.893
22 25 6879451.687
22 26 2949640.828
22 27 2911687.265
22 28 1420927.186
22 29 2978954.204
22 30 6368925.842
22 31 4334922.984
22 32 3465891.9
22 33 3411073.195
22 34 7926941.249
22 35 7485847.956
22 36 3977864.209
22 37 7345493.306
22 38 6400090.299
22 39 7387983.963
22 40 2739748.389
22 41 6410919.855
22 42 7651040.127
22 43 6468167.987
22 44 5771351.898
22 45 5638928.682
22 46 5191597.533
22 47 7799404.071
22 48 5167880.446
22 49 6322881.195
22 50 7817371.785
22 51 6137760.434
22 52 5983772.587
22 53 5843763.575
22 54 3221636.532
22 55 8553242.381
22 56 7156182.748
22 57 8749272.454
22 58 8788006.653
22 59 3203091.255
22 60 1442206.043
22 61 1510622.093
22 62 4462227.137
22 63 2707156.053
22 64 5438899.189
22 65 2527072.811
22 66 2590728.06
22 67 4683600.964
22 68 6352433.876
22 69 7742226.787
22 70 8426080.85
22 71 6506632.695
22 72 4217623.653
22 73 4986328.86
22 74 5024262.95
22 75 2333270.646
22 76 3384226.601
22 77 6646109.313
22 78 5579167.576
22 79 9062180.187
22 80 8839078.999
22 81 4196119.303
22 82 1602403.305
22 83 7706984.806
22 84 1113066.424
22 85 3289673.648
22 86 6444101.583
22 87 3004720.519
22 88 4837940.954
22 89 3939421.295
22 90 7300212.681
22 91 6087909.064
22 92 6002483.464
22 93 4301110.497
22 94 7979375.882
22 95 6742265.524
22 96 1795537.426
22 97 8310467.147
22 98 6249821.177
22 99 2630879.742
23 24 1319483.296
23 25 6754519.735
23 26 5453713.643
23 27 7193792.634
23 28 7783419.199
23 29 5038005.389
23 30 2381979.744
23 31 5604122.986
23 32 4795586.721
23 33 6238240.328
23 34 1120455.691
23 35 1757167.177
23 36 4199846.513
23 37 2651790.786
23 38 2814706.517
23 39 1506762.187
23 40 5348533.466
23 41 7019962.178
23 42 6859929.072
23 43 3322245.399
23 44 2906472.876
23 45 4222510.958
23 46 3407670.206
23 47 8317700.741
23 48 3481988.256
23 49 2013717.389
23 50 5609071.842
23 51 2033543.5
23 52 4970094.204
23 53 2117082.581
23 54 10039530.35
23 55 651500.7002
23 56 1880596.065
23 57 4214211.743
23 58 8494226.549
23 59 10671194.1
23 60 6724694.867
23 61 9170458.323
23 62 3585911.512
23 63 10572868.1
23 64 2564236.157
23 65 5767572.225
23 66 7087759.906
23 67 4574472.122
23 68 2654617.382
23 69 342442.8575
23 70 2989166.896
23 71 4050841.191
23 72 7421493.851
23 73 4046068.261
23 74 2967954.885
23 75 5787305.789
23 76 8099834.741
23 77 3074851.851
23 78 5931448.174
23 79 3095996.589
23 80 3103108.766
23 81 8114364.233
23 82 9265963.635
23 83 1799299.085
23 84 6948876.217
23 85 4760809.327
23 86 6117451.027
23 87 6031165.997
23 88 3839292.09
23 89 5973154.6
23 90 7075618.161
23 91 1910847.031
23 92 5920908.204
23 93 6038820.981
23 94 4709494.771
23 95 6829003.415
23 96 8805889.986
23 97 992301.2587
23 98 2010810.04
23 99 10262603.9
24 25 6076354.386
24 26 6268814.827
24 27 8114877.89
24 28 8093384.775
24 29 5718909.896
24 30 2240708.167
24 31 6679907.583
24 32 5102223.413
24 33 7208484.701
24 34 552702.7237
24 35 3076005.221
24 36 4532996.67
24 37 3969593.554
24 38 2476021.721
24 39 2819578.913
24 40 6057569.753
24 41 8268359.262
24 42 6047485.795
24 43 4591817.876
24 44 4040093.667
24 45 3886618.37
24 46 4465741.16
24 47 7576178.014
24 48 4546050.276
24 49 3147907.886
24 50 4699318.538
24 51 3083249.829
24 52 6212784.472
24 53 2761171.869
24 54 10203511.63
24 55 1001305.733
24 56 3182724.532
24 57 3043471.47
24 58 7613004.321
24 59 10947857.74
24 60 7143534.359
24 61 9558690.94
24 62 4382550.222
24 63 10988048.73
24 64 3401144.96
24 65 6102027.002
24 66 7220201.456
24 67 5654237.423
24 68 3884365.932
24 69 1173348.4
24 70 1814368.507
24 71 3457442.038
24 72 7253304.334
24 73 3974407.749
24 74 3482829.112
24 75 6485817.007
24 76 8089470.847
24 77 2554404.426
24 78 7138302.004
24 79 1800384.246
24 80 1842027.266
24 81 7967139.738
24 82 9650525.532
24 83 3115990.27
24 84 7410680.733
24 85 5481377.114
24 86 5502937.776
24 87 6173477.316
24 88 4873751.822
24 89 7007144.047
24 90 6337245.223
24 91 2469040.128
24 92 7160038.986
24 93 5882262.472
24 94 3724788.954
24 95 8099033.072
24 96 9092129.843
24 97 328166.6034
24 98 3111995.588
24 99 10598666.58
25 26 6975597.013
25 27 8640531.35
25 28 5617483.13
25 29 6139389.713
25 30 4472684.418
25 31 8528105.988
25 32 4502694.241
25 33 8294508.98
25 34 5807340.872
25 35 7861917.171
25 36 4587116.94
25 37 8474072.426
25 38 3980468.201
25 39 7579001.67
25 40 6399913.564
25 41 10950890.08
25 42 793829.0346
25 43 8362654.55
25 44 7304834.537
25 45 2776326.846
25 46 7184043.465
25 47 1588993.251
25 48 7246434.773
25 49 6932161.099
25 50 1790010.355
25 51 6651936.295
25 52 9292176.471
25 53 5645311.857
25 54 6436653.18
25 55 6914787.719
25 56 7706190.799
25 57 3828952.138
25 58 2140565.903
25 59 7531015.03
25 60 5601822.845
25 61 6968702.565
25 62 6164872.002
25 63 8198313.841
25 64 6109758.571
25 65 4807183.219
25 66 4327403.238
25 67 7908023.453
25 68 7671810.525
25 69 6412813.422
25 70 4571960.958
25 71 2703971.98
25 72 2954023.716
25 73 3436108.316
25 74 5229363.318
25 75 6552667.102
25 76 4145200.831
25 77 3680112.891
25 78 9701133.181
25 79 5106399.85
25 80 4863528.428
25 81 3458094.015
25 82 7018755.357
25 83 8045735.576
25 84 5937495.067
25 85 6214793.513
25 86 695297.8948
25 87 3994494.202
25 88 7273637.964
25 89 8509904.559
25 90 459130.9777
25 91 5538052.895
25 92 9979391.469
25 93 2622008.622
25 94 2705737.522
25 95 11037154.23
25 96 6158599.927
25 97 6206112.642
25 98 6814333.728
25 99 7519243.317
26 27 1934463.785
26 28 3571170.504
26 29 845295.6033
26 30 4540410.673
26 31 1735945.181
26 32 2478007.85
26 33 1323855.887
26 34 5725719.227
26 35 4665584.465
26 36 2550408.014
26 37 4427371.535
26 38 4786915.57
26 39 4613049.533
26 40 590195.3504
26 41 4184773.435
26 42 7609557.134
26 43 3521889.945
26 44 2905455.05
26 45 4706931.552
26 46 2308162.261
26 47 8323441.29
26 48 2271181.997
26 49 3590100.564
26 50 7227900.956
26 51 3466054.729
26 52 3173185.512
26 53 3508374.803
26 54 5932660.684
26 55 6096927.748
26 56 4332678.675
26 57 7443188.587
26 58 9106749.138
26 59 6121330.202
26 60 2424825.713
26 61 4433204.966
26 62 1890099.123
26 63 5638447.167
26 64 2902238.834
26 65 2397095.722
26 66 3835851.802
26 67 1758019.178
26 68 3466934.354
26 69 5318519.383
26 70 6754113.621
26 71 5460955.24
26 72 5279822.474
26 73 3889924.402
26 74 2894603.164
26 75 702731.1936
26 76 5073217.809
26 77 5162179.492
26 78 3059540.518
26 79 7306297.635
26 80 7131052.442
26 81 5644562.804
26 82 4528908.922
26 83 4875861.421
26 84 2389684.412
26 85 886117.756
26 86 6348725.97
26 87 3298964.136
26 88 1917680.285
26 89 1571721.075
26 90 7434724.613
26 91 3805699.268
26 92 3442535.862
26 93 4519632.765
26 94 7005107.036
26 95 4389784.621
26 96 4460474.493
26 97 6033313.893
26 98 3541849.522
26 99 5570636.68
27 28 4131393.927
27 29 2716997.758
27 30 6470690.752
27 31 1953586.425
27 32 4249519.681
27 33 1008287.57
27 34 7581996.272
27 35 6131816.011
27 36 4430864.775
27 37 5674785.003
27 38 6721168.849
27 39 6146714.469
27 40 2378790.049
27 41 3540531.099
27 42 9325613.15
27 43 4657920.472
27 44 4401055.369
27 45 6571045.242
27 46 3827498.756
27 47 9869645.388
27 48 3763559.671
27 49 5223195.313
27 50 9068919.479
27 51 5161883.49
27 52 3594645.369
27 53 5373872.101
27 54 6123382.579
27 55 7844950.831
27 56 5809478.511
27 57 9374169.225
27 58 10734164.18
27 59 5946921.815
27 60 3324302.165
27 61 4326688.779
27 62 3748380.351
27 63 5138188.848
27 64 4714452.983
27 65 3846718.596
27 66 4903024.495
27 67 2796459.095
27 68 4874302.636
27 69 7100187.391
27 70 8684104.399
27 71 7355669.138
27 72 6528044.472
27 73 5762540.393
27 74 4817102.879
27 75 2113854.416
27 76 6002542.55
27 77 7094034.833
27 78 2902100.438
27 79 9228086.331
27 80 9057515.448
27 81 6723737.032
27 82 4404708.027
27 83 6314823.439
27 84 3088832.084
27 85 2817764.774
27 86 8056856.732
27 87 4719708.481
27 88 3388865.457
27 89 1472077.959
27 90 9096368.305
27 91 5678053.07
27 92 3321806.29
27 93 6065128.803
27 94 8905702.847
27 95 3905185.33
27 96 4706035.702
27 97 7860491.494
27 98 5201921.879
27 99 5332350.489
28 29 3247639.037
28 30 5879642.728
28 31 5208707.289
28 32 3005341.14
28 33 4408425.486
28 34 7559995.998
28 35 7636736.823
28 36 3594884.94
28 37 7662705.395
28 38 5801118.338
28 39 7488251.668
28 40 3149614.363
28 41 7489738.997
28 42 6403971.303
28 43 6905456.71
28 44 6048938.932
28 45 4794919.172
28 46 5523920.244
28 47 6432494.698
28 48 5521413.165
28 49 6424281.82
28 50 6727343.839
28 51 6194210.194
28 52 6743545.777
28 53 5680276.974
28 54 2409829.311
28 55 8333554.059
28 56 7321903.06
28 57 7898047.231
28 58 7443848.213
28 59 2888042.135
28 60 1192280.536
28 61 1525204.478
28 62 4589240.551
28 63 2950226.217
28 64 5440791.808
28 65 2016649.61
28 66 1295198.805
28 67 5308574.455
28 68 6635008.778
28 69 7528760.834
28 70 7751835.743
28 71 5646706.145
28 72 2834706.073
28 73 4280595.368
28 74 4820919.273
28 75 2869289.729
28 76 1965105.084
28 77 5969364.889
28 78 6521225.783
28 79 8407448.366
28 80 8167889.032
28 81 2775572.287
28 82 1606298.508
28 83 7865471.585
28 84 1185166.859
28 85 3559387.005
28 86 5249250.502
28 87 2050942.228
28 88 5250522.037
28 89 4889502.691
28 90 6018105.015
28 91 5872873.691
28 92 6930806.179
28 93 3143655.346
28 94 7021243.822
28 95 7776965.449
28 96 1025426.511
28 97 7976125.891
28 98 6331924.067
28 99 2505299.669
29 30 3841096.131
29 31 2461003.005
29 32 1637453.874
29 33 2168667.023
29 34 5167752.076
29 35 4513899.269
29 36 1719207.404
29 37 4440382.839
29 38 4040781.573
29 39 4409649.885
29 40 354510.551
29 41 4929486.216
29 42 6766727.572
29 43 3657820.354
29 44 2834829.076
29 45 3872076.824
29 46 2285396.344
29 47 7506904.7
29 48 2278081.214
29 49 3343927.553
29 50 6388664.363
29 51 3162355.021
29 52 3677404.552
29 53 2979289.237
29 54 5656862.435
29 55 5662042.285
29 56 4186276.14
29 57 6671315.799
29 58 8273763.304
29 59 5998960.223
29 60 2055361.127
29 61 4355644.982
29 62 1486712.879
29 63 5675090.221
29 64 2485743.612
29 65 1702940.195
29 66 3249579.438
29 67 2175726.767
29 68 3422268.856
29 69 4860156.491
29 70 6045029.346
29 71 4641315.723
29 72 4574930.441
29 73 3057320.517
29 74 2252607.14
29 75 767046.2951
29 76 4503021.589
29 77 4396946.758
29 78 3745494.175
29 79 6621797.21
29 80 6433580.509
29 81 4998996.094
29 82 4453421.791
29 83 4737168.702
29 84 2141191.436
29 85 318612.4494
29 86 5507590.837
29 87 2571314.255
29 88 2003916.434
29 89 2377590.06
29 90 6598409.169
29 91 3256035.804
29 92 4097815.405
29 93 3720896.313
29 94 6190068.973
29 95 5096032.739
29 96 4223121.83
29 97 5510229.359
29 98 3271478.413
29 99 5495534.709
30 31 5421616.098
30 32 2923655.695
30 33 5691070.86
30 34 1741746.6
30 35 3409801.818
30 36 2391431.53
30 37 4097202.074
30 38 510911.1712
30 39 3121077.477
30 40 4195238.923
30 41 7484442.423
30 42 4694964.611
30 43 4211891.327
30 44 3263711.853
30 45 1841797.573
30 46 3406231.591
30 47 6058284.098
30 48 3487232.273
30 49 2634503.004
30 50 3630613.604
30 51 2389095.011
30 52 5523709.924
30 53 1446213.071
30 54 7962826.587
30 55 2722596.606
30 56 3287254.212
30 57 3023960.601
30 58 6368220.906
30 59 8717442.227
30 60 4985869.163
30 61 7365274.371
30 62 2811174.098
30 63 8799239.81
30 64 2139800.152
30 65 3916551.327
30 66 4979571.924
30 67 4489564.247
30 68 3455374.066
30 69 2045379.683
30 70 2213716.655
30 71 1811803.696
30 72 5092279.654
30 73 1747557.723
30 74 1662657.65
30 75 4589581.536
30 76 5867901.937
30 77 917373.2151
30 78 6239084.433
30 79 2780978.722
30 80 2594245.291
30 81 5797666.149
30 82 7455171.455
30 83 3583582.865
30 84 5274687.12
30 85 3671039.573
30 86 3806365.109
30 87 3934360.573
30 88 3693058.442
30 89 5631640.095
30 90 4834029.45
30 91 1214218.914
30 92 6389733.1
30 93 3708229.03
30 94 2955208.451
30 95 7434065.073
30 96 6867805.342
30 97 2182077.065
30 98 2528348.41
30 99 8383089.842
31 32 4050306.177
31 33 1000768.336
31 34 6184262.075
31 35 4325840.834
31 36 3957370.267
31 37 3776934.042
31 38 5784569.593
31 39 4385827.074
31 40 2305846.474
31 41 2468596.792
31 42 9109541.226
31 43 2748778.741
31 44 2702178.24
31 45 6048944.159
31 46 2215108.423
31 47 9941784.055
31 48 2135854.055
31 49 3590418.634
31 50 8562952.279
31 51 3603973.08
31 52 1689150.363
31 53 4096198.716
31 54 7491811.855
31 55 6249477.422
31 56 4020009.744
31 57 8441677.957
31 58 10668635.79
31 59 7530337.891
31 60 4115329.814
31 61 5843481.067
31 62 2633255.289
31 63 6870511.685
31 64 3371134.275
31 65 4120711.093
31 66 5569098.376
31 67 1030473.805
31 68 3079699.559
31 69 5573247.551
31 70 7565588.97
31 71 6700066.594
31 72 7007056.416
31 73 5241794.534
31 74 3801438.375
31 75 2405067.596
31 76 6800957.423
31 77 6202498.414
31 78 1327909.665
31 79 8029643.536
31 80 7897075.211
31 81 7380503.93
31 82 5933355.104
31 83 4488126.357
31 84 4027214.673
31 85 2324815.997
31 86 7872232.874
31 87 5014443.003
31 88 1810819.117
31 89 481536.6853
31 90 8984850.846
31 91 4399757.66
31 92 1725265.908
31 93 6177739.799
31 94 8190453.138
31 95 2654514.85
31 96 6016335.516
31 97 6392323.232
31 98 3599413.2
31 99 6940928.831
32 33 3801076.175
32 34 4563203.021
32 35 4865178.118
32 36 595911.2299
32 37 5086482.494
32 38 2934339.057
32 39 4672366.338
32 40 1914515.543
32 41 6504197.779
32 42 5131910.661
32 43 4561432.942
32 44 3537849.013
32 45 2361189.119
32 46 3168155.037
32 47 5891487.251
32 48 3202449.256
32 49 3655047.567
32 50 4823490.435
32 51 3390363.944
32 52 5037218.7
32 53 2721316.403
32 54 5252350.631
32 55 5332227.167
32 56 4578364.768
32 57 5372006.018
32 58 6638748.642
32 59 5885931.594
32 60 2063003.737
32 61 4456508.676
32 62 2063890.912
32 63 5886905.082
32 64 2628448.506
32 65 999803.6688
32 66 2356997.03
32 67 3557362.708
32 68 4077850.427
32 69 4530913.439
32 70 4964411.972
32 71 3196262.6
32 72 3238407.819
32 73 1595188.438
32 74 1866693.405
32 75 2137328.535
32 76 3513306.934
32 77 3193537.141
32 78 5280950.355
32 79 5597142.901
32 80 5376088.971
32 81 3793076.555
32 82 4548305.22
32 83 5093692.453
32 84 2359997.192
32 85 1725543.876
32 86 3870800.332
32 87 1353287.831
32 88 3087115.791
32 89 4008415.838
32 90 4961607.513
32 91 2886983.549
32 92 5598578.066
32 93 2164554.322
32 94 4739014.439
32 95 6632969.867
32 96 4020311.621
32 97 4974439.845
32 98 3547180.087
32 99 5506113.147
33 34 6685575.727
33 35 5128465.343
33 36 3858031.484
33 37 4667486.629
33 38 5987842.261
33 39 5149974.485
33 40 1894871.628
33 41 3084871.104
33 42 8932948.572
33 43 3652896.827
33 44 3409118.337
33 45 6012955.015
33 46 2846569.463
33 47 9623400.369
33 48 2779095.964
33 49 4248839.265
33 50 8538169.36
33 51 4204996.005
33 52 2687386.404
33 53 4501371.956
33 54 6610220.781
33 55 6889681.723
33 56 4807837.074
33 57 8659603.805
33 58 10422365.75
33 59 6583928.765
33 60 3401073.935
33 61 4908169.111
33 62 2899934.214
33 63 5887317.388
33 64 3813034.65
33 65 3633336.635
33 66 4937071.145
33 67 1788476.917
33 68 3870411.621
33 69 6161853.687
33 70 7892425.364
33 71 6745910.061
33 72 6475106.307
33 73 5194649.115
33 74 4028688.32
33 75 1812534.62
33 76 6128268.675
33 77 6382179.84
33 78 2168238.763
33 79 8408447.774
33 80 8251492.179
33 81 6773153.756
33 82 4995337.46
33 83 5309325.956
33 84 3253746.903
33 85 2165424.365
33 86 7671262.284
33 87 4539475.677
33 88 2408412.01
33 89 542526.2075
33 90 8753613.313
33 91 4808518.478
33 92 2592112.11
33 93 5809497.687
33 94 8280655.606
33 95 3370570.029
33 96 5144617.564
33 97 6942669.759
33 98 4234409.397
33 99 5986094.947
34 35 2802869.026
34 36 3989786.518
34 37 3678749.045
34 38 2036746.152
34 39 2525372.408
34 40 5507267.914
34 41 7851717.309
34 42 5845219.555
34 43 4210092.687
34 44 3580865.025
34 45 3470116.395
34 46 3975757.912
34 47 7341833.128
34 48 4057261.045
34 49 2702800.228
34 50 4548149.625
34 51 2608677.164
34 52 5798097.677
34 53 2217402.191
34 54 9693317.038
34 55 1107629.387
34 56 2859167.147
34 57 3094274.691
34 58 7452815.213
34 59 10421584.14
34 60 6598596.466
34 61 9018613.519
34 62 3842598.886
34 63 10446437.9
34 64 2873152.637
34 65 5562752.615
34 66 6710337.268
34 67 5163721.449
34 68 3477550.116
34 69 855235.5564
34 70 1872833.904
34 71 3132181.38
34 72 6808076.183
34 73 3488313.804
34 74 2930159.547
34 75 5934744.58
34 76 7608904.213
34 77 2182991.587
34 78 6696330.269
34 79 2044011.502
34 80 2017104.639
34 81 7518473.359
34 82 9110867.233
34 83 2879569.558
34 84 6863083.084
34 85 4932321.852
34 86 5202934.029
34 87 5659159.296
34 88 4374134.493
34 89 6498909.746
34 90 6097865.079
34 91 1921831.772
34 92 6739208.643
34 93 5428844.47
34 94 3618851.823
34 95 7702230.171
34 96 8562825.333
34 97 443180.7388
34 98 2654533.424
34 99 10064804.99
35 36 4308666.911
35 37 895705.0059
35 38 3918038.782
35 39 295374.0341
35 40 4749280.298
35 41 5378704.08
35 42 8104345.541
35 43 1708250.642
35 44 1766394.468
35 45 5127915.879
35 46 2365335.347
35 47 9450798.43
35 48 2412856.703
35 49 1218353.178
35 50 6986112.823
35 51 1474820.482
35 52 3368077.33
35 53 2325421.532
35 54 10016112.75
35 55 2264761.522
35 56 332921.8959
35 57 5850653.158
35 58 9776178.371
35 59 10477899.47
35 60 6476523.337
35 61 8861634.714
35 62 3059596.785
35 63 10187931.51
35 64 2238239.205
35 65 5705911.919
35 66 7217250.031
35 67 3348221.716
35 68 1258145.449
35 69 1950260.88
35 70 4657799.995
35 71 5221285.658
35 72 7919154.635
35 73 4686721.597
35 74 3061216.746
35 75 5170853.221
35 76 8370294.959
35 77 4288538.139
35 78 4383687.96
35 79 4833773.685
35 80 4819675.517
35 81 8558008.978
35 82 8959394.282
35 83 229634.0764
35 84 6625251.602
35 85 4198943.434
35 86 7182348.802
35 87 6212188.093
35 88 2786198.36
35 89 4758299.043
35 90 8236622.277
35 91 2351049.945
35 92 4309183.645
35 93 6595427.623
35 94 6183138.656
35 95 5149758.792
35 96 8652431.287
35 97 2748186.685
35 98 1320367.266
35 99 9996672.565
36 37 4578201.979
36 38 2462790.033
36 39 4106085.868
36 40 2052094.53
36 41 6364060.232
36 42 5152271.32
36 43 4124359.213
36 44 3074407.058
36 45 2156667.322
36 46 2769642.91
36 47 6053482.727
36 48 2814923.487
36 49 3108637.407
36 50 4680213.94
36 51 2836535.1
36 52 4761394.118
36 53 2128836.063
36 54 5847315.233
36 55 4739371.38
36 56 4030758.88
36 57 5008524.609
36 58 6725783.268
36 59 6478522.333
36 60 2611547.754
36 61 5030652.444
36 62 1669780.059
36 63 6456853.21
36 64 2082978.354
36 65 1580881.174
36 66 2936340.314
36 67 3330868.552
36 68 3588355.766
36 69 3936636.513
36 70 4502111.808
36 71 2924892.811
36 72 3686081.168
36 73 1339571.349
36 74 1279096.181
36 75 2367476.127
36 76 4061985.447
36 77 2767354.841
36 78 5114535.045
36 79 5119336.529
36 80 4907989.859
36 81 4282642.603
36 82 5123510.638
36 83 4535928.572
36 84 2888517.678
36 85 1695951.51
36 86 3920759.501
36 87 1907191.984
36 88 2758560.518
36 89 3986867.967
36 90 5040765.608
36 91 2291074.591
36 92 5400354.672
36 93 2486786.37
36 94 4475539.272
36 95 6454015.113
36 96 4612606.293
36 97 4395199.995
36 98 2997363.583
36 99 6091600.697
37 38 4607672.779
37 39 1155040.082
37 40 4620046.401
37 41 4551126.242
37 42 8772781.057
37 43 1029342.551
37 44 1613910.666
37 45 5705349.1
37 46 2160347.65
37 47 10060052.82
37 48 2178784.656
37 49 1555303.463
37 50 7719150.008
37 51 1842668.042
37 52 2596068.416
37 53 2834229.625
37 54 10068620.43
37 55 3153750.711
37 56 840598.8301
37 57 6692444.261
37 58 10449501.27
37 59 10437787.56
37 60 6477007.096
37 61 8781431.033
37 62 3102306.399
37 63 10050377.37
37 64 2519733.697
37 65 5827377.994
37 66 7391838.536
37 67 2888182.453
37 68 1030225.042
37 69 2832021.364
37 70 5516775.827
37 71 5898308.096
37 72 8257170.406
37 73 5172505.391
37 74 3423328.79
37 75 5012627.634
37 76 8592269.428
37 77 5003258.17
37 78 3634079.054
37 79 5717370.733
37 80 5695017.749
37 81 8860544.395
37 82 8878946.29
37 83 911181.7062
37 84 6581567.3
37 85 4122261.544
37 86 7784533.762
37 87 6437458.759
37 88 2511908.096
37 89 4238844.962
37 90 8868123.894
37 91 2941457.276
37 92 3512264.982
37 93 6986394.187
37 94 6960996.611
37 95 4297648.453
37 96 8656757.86
37 97 3641547.154
37 98 1675041.235
37 99 9924070.479
38 39 3628347.101
38 40 4394451.59
38 41 7911355.112
38 42 4186327.248
38 43 4703619.065
38 44 3735252.975
38 45 1436859.442
38 46 3839004.196
38 47 5562773.418
38 48 3918322.118
38 49 3136430.303
38 50 3125426.654
38 51 2885229.127
38 52 5976184.241
38 53 1917672.485
38 54 7790369.846
38 55 3089244.844
38 56 3798099.533
38 57 2672906.104
38 58 5858631.089
38 59 8594118.216
38 60 4985735.198
38 61 7308989.133
38 62 3153548.184
38 63 8743391.765
38 64 2580855.275
38 65 3898242.028
38 66 4818552.724
38 67 4883982.896
38 68 3951454.39
38 69 2473120.521
38 70 2039391.243
38 71 1303549.983
38 72 4778997.981
38 73 1544294.482
38 74 1984939.036
38 75 4766153.997
38 76 5625293.663
38 77 432878.9683
38 78 6657822.098
38 79 2663493.291
38 80 2446701.89
38 81 5491989.046
38 82 7396027.874
38 83 4089287.983
38 84 5292180.286
38 85 3904171.7
38 86 3322358.244
38 87 3798369.032
38 88 4099224.942
38 89 5965764.508
38 90 4333896.065
38 91 1708295.517
38 92 6825406.65
38 93 3406240.931
38 94 2485914.008
38 95 7876699.696
38 96 6764334.045
38 97 2478290.032
38 98 3028370.491
38 99 8291091.786
39 40 4660740.535
39 41 5559763.24
39 42 7814561.142
39 43 1863421.285
39 44 1748728.278
39 45 4852824.086
39 46 2338740.448
39 47 9167616.195
39 48 2394358.834
39 49 1070234.981
39 50 6691605.479
39 51 1296155.235
39 52 3528501.509
39 53 2078440.982
39 54 9855536.053
39 55 2051497.577
39 56 394021.1669
39 57 5561422.465
39 58 9485546.031
39 59 10343341.83
39 60 6339033.503
39 61 8741810.71
39 62 2936390.524
39 63 10083393.55
39 64 2058547.246
39 65 5536615.656
39 66 7028569.512
39 67 3386275.066
39 68 1307974.054
39 69 1677031.555
39 70 4372985.567
39 71 4931852.866
39 72 7688422.127
39 73 4430193.961
39 74 2844136.88
39 75 5088662.124
39 76 8166984.871
39 77 3996021.664
39 78 4526917.705
39 79 4562436.896
39 80 4542342.459
39 81 8334653.458
39 82 8839448.861
39 83 469326.9948
39 84 6500414.174
39 85 4098445.452
39 86 6901232.4
39 87 6012920.826
39 88 2771079.568
39 89 4803927.474
39 90 7950999.116
39 91 2083964.72
39 92 4476321.898
39 93 6354916.193
39 94 5887823.636
39 95 5347506.339
39 96 8507918.427
39 97 2491419.559
39 98 1156781.704
39 99 9872523.589
40 41 4765814.28
40 42 7043932.726
40 43 3787986.465
40 44 3033406.484
40 45 4196293.076
40 46 2460282.889
40 47 7736559.227
40 48 2442126.873
40 49 3603155.903
40 50 6705003.667
40 51 3437417.606
40 52 3649565.693
40 53 3309604.142
40 54 5546791.098
40 55 5977938.166
40 56 4418710.827
40 57 7021353.965
40 58 8527611.142
40 59 5827051.985
40 60 1967852.491
40 61 4161914.033
40 62 1772243.016
40 63 5446160.213
40 64 2787289.344
40 65 1815385.523
40 66 3292839.451
40 67 2173589.459
40 68 3616701.451
40 69 5180060.224
40 70 6399536.564
40 71 4976959.45
40 72 4701390.226
40 73 3385115.579
40 74 2600072.784
40 75 439004.8504
40 76 4539825.848
40 77 4748679.444
40 78 3619532.75
40 79 6975791.494
40 80 6787955.727
40 81 5084031.234
40 82 4259342.788
40 83 4969178.092
40 84 1997542.924
40 85 587740.6088
40 86 5780008.998
40 87 2713453.082
40 88 2133221.568
40 89 2161733.995
40 90 6858993.028
40 91 3591154.382
40 92 3991226.549
40 93 3930251.158
40 94 6527297.085
40 95 4959332.552
40 96 4091919.096
40 97 5844013.621
40 98 3537488.382
40 99 5304771.489
41 42 11502082.72
41 43 3701202.883
41 44 4309028.273
41 45 8382690.686
41 46 4078214.184
41 47 12390972.3
41 48 3997280.228
41 49 5153438.921
41 50 10856688.42
41 51 5286447.297
41 52 2055641.187
41 53 6056046.902
41 54 9632430.235
41 55 7606805.538
41 56 5167091.075
41 57 10484225.46
41 58 13089839.54
41 59 9487050.469
41 60 6477485.176
41 61 7861245.682
41 62 4872631.728
41 63 8647260.647
41 64 5344916.701
41 65 6580600.616
41 66 7987155.348
41 67 3080040.29
41 68 4383994.707
41 69 7096952.575
41 70 9476904.665
41 71 8959643.182
41 72 9464595.846
41 73 7596458.116
41 74 5990014.138
41 75 4818151.9
41 76 9198237.929
41 77 8342659.2
41 78 1265731.676
41 79 9845582.803
41 80 9756415.976
41 81 9813924.031
41 82 7941114.203
41 83 5450789.134
41 84 6338568.337
41 85 4782656.375
41 86 10283566.94
41 87 7478680.259
41 88 3822498.712
41 89 2644678.34
41 90 11404825.84
41 91 6331957.094
41 92 1114128.535
41 93 8643299.226
41 94 10384037.56
41 95 452115.4919
41 96 8185936.891
41 97 7949633.485
41 98 5212607.901
41 99 8871594.567
42 43 8747033.553
42 44 7706500.142
42 45 3173126.52
42 46 7638747.962
42 47 1571132.8
42 48 7705715.421
42 49 7256584.292
42 50 1419658.836
42 51 6984895.273
42 52 9775594.936
42 53 5977101.837
42 54 7211231.817
42 55 6946546.103
42 56 7977229.05
42 57 3495007.836
42 58 1676866.418
42 59 8312079.692
42 60 6351343.371
42 61 7762161.106
42 62 6663716.568
42 63 8990583.841
42 64 6503819.269
42 65 5516098.87
42 66 5111700.194
42 67 8435843.561
42 68 8030321.929
42 69 6523279.027
42 70 4407495.495
42 71 2883170.957
42 72 3745125.016
42 73 3916198.997
42 74 5657459.382
42 75 7223271.788
42 76 4933814.551
42 77 3830542.291
42 78 10243271.69
42 79 4872026.323
42 80 4645642.423
42 81 4231336.527
42 82 7812438.405
42 83 8274438.966
42 84 6690344.092
42 85 6817960.441
42 86 1268767.418
42 87 4732891.178
42 88 7764678.412
42 89 9119993.994
42 90 521573.7762
42 91 5834218.868
42 92 10502301.24
42 93 3368698.997
42 94 2430951.853
42 95 11565298.2
42 96 6952426.105
42 97 6215070.666
42 98 7141609.672
42 99 8309023.85
43 44 1069171.883
43 45 5594031.338
43 46 1414398.057
43 47 9927905.248
43 48 1399876.357
43 49 1603048.341
43 50 7819999.16
43 51 1824588.077
43 52 1665381.773
43 53 2796498.52
43 54 9314453.356
43 55 3905886.435
43 56 1469508.891
43 57 7051260.004
43 58 10416421.75
43 59 9610910.947
43 60 5713176.563
43 61 7934906.055
43 62 2499472.498
43 63 9160169.2
43 64 2252898.537
43 65 5182308.837
43 66 6770459.484
43 67 1890153.315
43 68 766474.9961
43 69 3418669.645
43 70 5945771.393
43 71 5933869.113
43 72 7794113.161
43 73 4953331.033
43 74 3145865.807
43 75 4150814.893
43 76 8002967.949
43 77 5127259.206
43 78 2675460.339
43 79 6241775.411
43 80 6181083.109
43 81 8351737.208
43 82 8031673.215
43 83 1821146.226
43 84 5781080.894
43 85 3347580.312
43 86 7667357.863
43 87 5882228.486
43 88 1657283.439
43 89 3213319.994
43 90 8781883.305
43 91 2997878.126
43 92 2612975.771
43 93 6603436.333
43 94 7161564.229
43 95 3508933.762
43 96 7873499.619
43 97 4268532.233
43 98 1696550.351
43 99 9076750.897
44 45 4543094.538
44 46 599220.0866
44 47 8865482.888
44 48 647740.578
44 49 898416.8599
44 50 6824485.323
44 51 980438.6874
44 52 2285216.861
44 53 1819052.924
44 54 8454723.305
44 55 3548981.869
44 56 1434653.791
44 57 6204597.533
44 58 9371184.179
44 59 8833665.992
44 60 4864040.229
44 61 7186386
44 62 1503027.333
44 63 8478465.794
44 64 1202788.537
44 65 4227746.994
44 66 5803142.083
44 67 1676733.569
44 68 587720.2926
44 69 2898582.364
44 70 5169194.354
44 71 4924582.084
44 72 6756038.955
44 73 3887468.651
44 74 2080171.529
44 75 3441104.739
44 76 7018608.133
44 77 4165869.06
44 78 3120640.576
44 79 5542229.889
44 80 5448123.225
44 81 7330346.019
44 82 7284081.36
44 83 1971995.008
44 84 4974535.576
44 85 2516226.109
44 86 6609662.462
44 87 4876515.061
44 88 1023536.917
44 89 3090643.781
44 90 7727878.099
44 91 2062854.78
44 92 3196084.932
44 93 5544390.829
44 94 6216700.657
44 95 4208988.218
44 96 7044662.271
44 97 3737249.606
44 98 928420.4663
44 99 8327835.899
45 46 4466456.412
45 47 4357066.743
45 48 4534142.656
45 49 4158532.432
45 50 2527026.42
45 51 3877001.954
45 52 6608754.355
45 53 2872380.789
45 54 6565295.414
45 55 4525036.533
45 56 4952829.067
45 57 3118766.716
45 58 4829550.65
45 59 7450780.369
45 60 4197581.721
45 61 6319754.39
45 62 3515629.256
45 63 7735156.387
45 64 3342710.855
45 65 3131609.102
45 66 3663854.593
45 67 5303810.778
45 68 4896307.85
45 69 3884235.642
45 70 3026729.984
45 71 867754.3758
45 72 3380721.527
45 73 818371.7442
45 74 2484453.197
45 75 4475886.829
45 76 4309004.111
45 77 1356606.44
45 78 7118120.657
45 79 3686993.578
45 80 3435908.443
45 81 4097089.353
45 82 6399039.014
45 83 5322050.095
45 84 4535120.812
45 85 3848130.537
45 86 2082850.989
45 87 2744672.974
45 88 4605480.593
45 89 6119687.225
45 90 3188392.06
45 91 2782613.099
45 92 7357750.911
45 93 2039384.531
45 94 2382245.273
45 95 8422628.982
45 96 5683314.912
45 97 3909850.808
45 98 4040255.506
45 99 7212394.883
46 47 8718658.462
46 48 83323.42283
46 49 1403616.968
46 50 6851643.809
46 51 1389948.118
46 52 2157192.426
46 53 1984518.402
46 54 7933460.873
46 55 4057440.531
46 56 2033281.845
46 57 6411956.366
46 58 9285160.768
46 59 8278702.829
46 60 4333525.665
46 61 6621144.798
46 62 1107302.092
46 63 7898364.515
46 64 1266880.885
46 65 3768206.935
46 66 5356076.738
46 67 1188696.76
46 68 1163282.194
46 69 3361089.322
46 70 5444753.262
46 71 4943617.663
46 72 6406412.35
46 73 3748014.885
46 74 1987206.608
46 75 2858613.315
46 76 6589191.63
46 77 4271435.862
46 78 2837220.138
46 79 5867458.607
46 80 5752083.938
46 81 6949658.036
46 82 6718676.366
46 83 2571127.92
46 84 4425486.183
46 85 1968679.279
46 86 6492524.306
46 87 4474866.649
46 88 438758.9856
46 89 2566073.422
46 90 7619835.631
46 91 2270794.704
46 92 2986549.191
46 93 5256149.907
46 94 6320253.071
46 95 4038834.612
46 96 6507795.995
46 97 4177215.013
46 98 1396886.067
46 99 7763742.96
47 48 8778061.499
47 49 8515483.519
47 50 2990666.266
47 51 8234042.876
47 52 10800608.57
47 53 7228995.452
47 54 6694118.597
47 55 8448556.755
47 56 9294779.304
47 57 5060584.835
47 58 1079474.955
47 59 7830581.3
47 60 6667094.357
47 61 7602570.72
47 62 7674805.325
47 63 8669967.324
47 64 7676436.1
47 65 6029869.067
47 66 5211817.704
47 67 9384122.284
47 68 9246538.905
47 69 7977112.983
47 70 5971522.626
47 71 4275086.554
47 72 3598972.437
47 73 4981157.112
47 74 6785840.984
47 75 7836121.023
47 76 4656423.897
47 77 5249092.676
47 78 11155375.67
47 79 6443107.017
47 80 6216042.09
47 81 3838384.581
47 82 7634891.679
47 83 9634118.824
47 84 6980400.459
47 85 7617024.369
47 86 2275521.847
47 87 5150439.66
47 88 8783618.706
47 89 9883767.126
47 90 1244181.666
47 91 7126007.59
47 92 11452038.92
47 93 3817785.108
47 94 4001704.371
47 95 12501542.53
47 96 6762122.612
47 97 7727233.619
47 98 8397287.342
47 99 7943099.414
48 49 1474672.533
48 50 6925770.335
48 51 1468270.255
48 52 2083837.639
48 53 2067086.677
48 54 7931232.379
48 55 4131242.587
48 56 2081698.389
48 57 6494114.012
48 58 9350185.154
48 59 8265347.104
48 60 4330049.897
48 61 6604030.297
48 62 1147589.386
48 63 7873863.914
48 64 1348345.675
48 65 3784033.594
48 66 5373171.99
48 67 1108191.109
48 68 1195794.203
48 69 3438774.877
48 70 5528015.032
48 71 5017910.754
48 72 6440774.438
48 73 3810843.096
48 74 2057668.218
48 75 2834640.423
48 76 6609246.255
48 77 4350621.438
48 78 2755053.921
48 79 5950674.783
48 80 5835402.03
48 81 6978600.088
48 82 6701467.379
48 83 2615727.485
48 84 4415650.267
48 85 1962968.572
48 86 6555516.846
48 87 4501671.42
48 88 376808.4846
48 89 2491172.844
48 90 7683277.656
48 91 2353830.193
48 92 2907087.456
48 93 5300331.062
48 94 6398713.765
48 95 3960626.827
48 96 6501183.274
48 97 4256680.457
48 98 1471318.873
48 99 7746864.899
49 50 6261772.942
49 51 288278.9031
49 52 3104505.512
49 53 1286868.597
49 54 8799264.57
49 55 2660235.417
49 56 923365.4357
49 57 5450794.676
49 58 8932876.82
49 59 9274646.954
49 60 5270685.298
49 61 7671607.299
49 62 1866660.819
49 63 9015416.224
49 64 1027117.477
49 65 4487562.013
49 66 6003014.417
49 67 2560804.346
49 68 836589.8778
49 69 2000559.571
49 70 4362534.723
49 71 4400748.699
49 72 6754478.362
49 73 3617909.636
49 74 1893236.818
49 75 4034704.877
49 76 7165535.565
49 77 3551820.388
49 78 3994883.313
49 79 4695972.339
49 80 4617329.913
49 81 7378611.236
49 82 7769240.185
49 83 1447987.238
49 84 5430205.008
49 85 3034876.791
49 86 6240483.366
49 87 5005527.655
49 88 1840647.805
49 89 3963322.428
49 90 7332828.291
49 91 1431787.282
49 92 4039768.58
49 93 5457492.058
49 94 5570616.518
49 95 5020912.656
49 96 7442274.21
49 97 2841846.703
49 98 119806.5702
49 99 8802357.841
50 51 6008186.199
50 52 9008785.204
50 53 5024072.914
50 54 7942498.546
50 55 5632604.95
50 56 6896833.898
50 57 2083549.202
50 58 2913846.419
50 59 8986455.633
50 60 6418797.473
50 61 8191931.667
50 62 5986401.139
50 63 9520497.29
50 64 5636220.224
50 65 5440136.117
50 66 5450348.081
50 67 7778870.486
50 68 7073310.03
50 69 5281613.902
50 70 3005221.345
50 71 1908126.586
50 72 4407621.999
50 73 3345054.553
50 74 4877599.265
50 75 6960043.534
50 76 5588721.41
50 77 2717066.012
50 78 9591107.514
50 79 3453136.077
50 80 3228926.67
50 81 5021357.742
50 82 8255601.264
50 83 7137641.243
50 84 6765445.7
50 85 6374247.226
50 86 1641680.967
50 87 4812729.373
50 88 7044759.748
50 89 8645092.187
50 90 1839416.878
50 91 4832080.79
50 92 9806144.819
50 93 3585090.474
50 94 1014985.652
50 95 10869544.67
50 96 7435837.993
50 97 4891144.606
50 98 6153230.38
50 99 8892000.313
51 52 3251694.085
51 53 1008917.106
51 54 8559381.036
51 55 2685044.198
51 56 1195866.031
51 57 5257173.813
51 58 8660536.688
51 59 9054791.841
51 60 5050695.593
51 61 7464917.477
51 62 1675969.31
51 63 8820976.673
51 64 764720.6677
51 65 4241075.447
51 66 5742930.906
51 67 2574997.64
51 68 1066457.876
51 69 1971448.648
51 70 4197514.649
51 71 4137266.552
51 72 6472338.677
51 73 3330032.496
51 74 1609104.96
51 75 3873216.885
51 76 6896907.358
51 77 3305720.802
51 78 4100699.497
51 79 4561995.932
51 80 4469999.293
51 81 7099815.043
51 82 7562369.692
51 83 1703488.156
51 84 5221416.051
51 85 2859796.747
51 86 5959566.223
51 87 4738027.525
51 88 1812922.35
51 89 3952529.234
51 90 7054895.535
51 91 1176950.754
51 92 4172712.285
51 93 5171486.788
51 94 5336976.402
51 95 5175014.11
51 96 7215045.485
51 97 2789852.54
51 98 168744.5196
51 99 8591255.431
52 53 4079493.322
52 54 9086893.167
52 55 5565722.401
52 56 3134496.393
52 57 8488658.451
52 58 11409676.47
52 59 9186476.377
52 60 5593571.313
52 61 7494317.366
52 62 3128057.197
52 63 8554904.442
52 64 3395776.361
52 65 5374676.577
52 66 6924039.827
52 67 1505757.736
52 68 2328433.377
52 69 5041671.455
52 70 7449161.778
52 71 7100715.031
52 72 8210768.944
52 73 5866172.32
52 74 4140285.205
52 75 3875867.773
52 76 8176554.92
52 77 6409027.75
52 78 1042061.848
52 79 7800285.718
52 80 7717657.389
52 81 8669421.347
52 82 7586107.895
52 83 3463896.475
52 84 5560164.476
52 85 3435005.076
52 86 8605899.016
52 87 6210989.498
52 88 2018735.624
52 89 2151957.597
52 90 9734957.296
52 91 4339664.959
52 92 950893.5691
52 93 7197504.159
52 94 8461831.61
52 95 1924091.576
52 96 7610218.805
52 97 5894374.569
52 98 3168567.51
52 99 8605084.07
53 54 7972542.413
53 55 2709483.111
53 56 2108778.31
53 57 4428821.154
53 58 7652335.834
53 59 8567914.788
53 60 4608374.173
53 61 7054098.364
53 62 1627391.588
53 63 8455868.753
53 64 729001.7473
53 65 3669393.935
53 66 5060195.433
53 67 3117141.121
53 68 2058257.648
53 69 1898766.451
53 70 3475417.942
53 71 3139185.005
53 72 5616512.73
53 73 2365349.424
53 74 860164.3518
53 75 3743055.58
53 76 6147340.084
53 77 2347317.261
53 78 4821316.873
53 79 3935770.773
53 80 3800951.304
53 81 6271859.029
53 82 7149751.942
53 83 2539097.252
53 84 4832206.744
53 85 2727749.269
53 86 4953815.148
53 87 4017173.141
53 88 2310628.046
53 89 4361262.802
53 90 6046507.593
53 91 307476.0366
53 92 4955065.413
53 93 4276789.718
53 94 4397653.329
53 95 5993731.855
53 96 6704850.92
53 97 2535696.546
53 98 1169323.745
53 99 8149950.323
54 55 10552819.15
54 56 9706177.319
54 57 9497540.115
54 58 7773437.906
54 59 1138392.54
54 60 3601719.943
54 61 1854461.039
54 62 6984348.831
54 63 2142861.872
54 64 7798671.627
54 65 4323327.669
54 66 2983417.216
54 67 7686033.953
54 68 9039804.861
54 69 9763180.539
54 70 9591694.617
54 71 7338196.64
54 72 3535941.267
54 73 6248680.998
54 74 7114782.431
54 75 5238693.504
54 76 2359072.114
54 77 7871946.671
54 78 8771124.576
54 79 10251555.77
54 80 9999263.056
54 81 2979923.406
54 82 1799555.316
54 83 10245507.49
54 84 3553453.42
54 85 5969140.834
54 86 6312892.863
54 87 4035343.152
54 88 7658665.587
54 89 7126197.589
54 90 6728509.099
54 91 8136305.535
54 92 9190883.86
54 93 4582369.883
54 94 8482649.972
54 95 9960281.187
54 96 1477190.911
54 97 10125319.56
54 98 8702763.859
54 99 1399450.864
55 56 2441454.783
55 57 4042846.882
55 58 8543314.684
55 59 11217829.89
55 60 7299761.384
55 61 9743563.017
55 62 4222313.166
55 63 11154396.85
55 64 3200611.594
55 65 6317387.216
55 66 7583823.73
55 67 5220619.984
55 68 3269479.858
55 69 811791.8956
55 70 2811159.774
55 71 4234667.041
55 72 7813679.565
55 73 4451121.633
55 74 3542718.475
55 75 6416115.803
55 76 8552016.56
55 77 3276043.619
55 78 6543337.828
55 79 2781739.963
55 80 2839456.815
55 81 8516937.903
55 82 9838330.31
55 83 2257016.986
55 84 7534726.169
55 85 5390365.348
55 86 6307468.006
55 87 6525823.831
55 88 4489863.594
55 89 6622184.364
55 90 7204746.833
55 91 2475236.422
55 92 6516087.558
55 93 6429024.006
55 94 4680768.193
55 95 7398992.692
55 96 9351952.923
55 97 745616.3148
55 98 2660624.064
55 99 10824349.46
56 57 5853330.18
56 58 9652573.939
56 59 10157067.59
56 60 6157735.851
56 61 8536560.466
56 62 2738735.529
56 63 9859178.312
56 64 1950424.483
56 65 5402520.863
56 66 6925149.863
56 67 3032323.717
56 68 941985.7488
56 69 2023843.144
56 70 4682986.577
56 71 5096258.538
56 72 7665037.408
56 73 4473588.43
56 74 2801106.748
56 75 4839371.179
56 76 8088795.566
56 77 4184835.535
56 78 4133841.184
56 79 4902530.39
56 80 4871110.977
56 81 8295274.523
56 82 8634337.199
56 83 550964.4923
56 84 6302131.101
56 85 3870690.365
56 86 7021358.296
56 87 5928862.004
56 88 2455785.252
56 89 4446303.903
56 90 8090511.689
56 91 2170727.986
56 92 4082466.811
56 93 6354720.289
56 94 6125684.825
56 95 4958452.74
56 96 8335646.105
56 97 2855158.238
56 98 1033401.275
56 99 9672636.203
57 58 4836737.769
57 59 10458196.65
57 60 7307073.34
57 61 9419565.027
57 62 5818312.383
57 63 10822395.03
57 64 5147036.998
57 65 6228687.108
57 66 6716981.475
57 67 7512926.764
57 68 6285661.937
57 69 3937907.22
57 70 1233996.839
57 71 2254856.929
57 72 6050062.456
57 73 3784128.552
57 74 4652498.51
57 75 7368929.543
57 76 7155289.163
57 77 2281361.853
57 78 9249159.53
57 79 1450646.98
57 80 1275336.421
57 81 6731111.206
57 82 9496145.783
57 83 5950914.655
57 84 7640601.774
57 85 6557491.667
57 86 3500386.22
57 87 5853964.043
57 88 6714291.775
57 89 8635824.706
57 90 3921621.225
57 91 4153506.569
57 92 9380531.398
57 93 4925244.033
57 94 1128933.893
57 95 10410633.38
57 96 8750351.952
57 97 3312755.004
57 98 5364845.164
57 99 10268281.59
58 59 8909698.815
58 60 7601234.172
58 61 8653677.111
58 62 8286644.978
58 63 9741681.067
58 64 8169291.362
58 65 6888199.915
58 66 6197548.163
58 67 10041186.62
58 68 9703721.454
58 69 8161073.944
58 70 5893375.17
58 71 4556805.098
58 72 4622394.8
58 73 5543669.225
58 74 7311651.714
58 75 8664065.691
58 76 5712450.124
58 77 5494488.656
58 78 11838335.48
58 79 6277279.132
58 80 6074360.126
58 81 4903236.68
58 82 8688707.943
58 83 9943772.387
58 84 7924545.058
58 85 8354196.228
58 86 2809416.018
58 87 6037067.935
58 88 9393186.88
58 89 10647078.12
58 90 1685040.928
58 91 7511075.756
58 92 12112062.16
58 93 4672319.359
58 94 3902523.616
58 95 13171566.87
58 96 7815298.852
58 97 7803366.721
58 98 8817704.64
58 99 9017349.069
59 60 4004399.807
59 61 1693806.634
59 62 7418562.656
59 63 1174650.039
59 64 8309152.308
59 65 4903731.543
59 66 3792515.678
59 67 7871997.961
59 68 9421196.249
59 69 10414610.25
59 70 10469833.82
59 71 8257315.921
59 72 4599020.706
59 73 7051861.845
59 74 7708798.425
59 75 5462563.544
59 76 3404392.279
59 77 8715833.737
59 78 8747216.584
59 79 11130384.24
59 80 10882335.47
59 81 4086051.395
59 82 1600814.936
59 83 10705083.55
59 84 3860174.93
59 85 6317520.414
59 86 7370986.842
59 87 4796084.134
59 88 7959668.504
59 89 7120532.239
59 90 7836918.657
59 91 8760490.992
59 92 9172488.352
59 93 5534280.442
59 94 9475768.731
59 95 9848815.286
59 96 1865955.761
59 97 10843536.4
59 98 9186924.944
59 99 620928.0789
60 61 2445769.753
60 62 3419510.072
60 63 3856554.638
60 64 4307949.476
60 65 1091571.033
60 66 1578890.617
60 67 4137499.047
60 68 5450993.52
60 69 6489051.762
60 70 7001279.799
60 71 5065165.176
60 72 3214035.128
60 73 3548194.546
60 74 3758836.618
60 75 1724335.737
60 76 2728468.369
60 77 5216872.655
60 78 5440923.621
60 79 7642420.577
60 80 7415593.536
60 81 3407289.223
60 82 2541378.158
60 83 6704317.123
60 84 346654.9413
60 85 2367502.411
60 86 5113182.013
60 87 1626439.403
60 88 4058390.8
60 89 3840172.171
60 90 6039765.219
60 91 4824937.491
60 92 5839940.927
60 93 2983048.838
60 94 6545274.937
60 95 6733992.928
60 96 2181972.896
60 97 6998285.616
60 98 5182544.101
60 99 3550133.16
61 62 5806082.076
61 63 1434919.588
61 64 6734561.834
61 65 3456730.747
61 66 2745385.954
61 67 6180529.473
61 68 7772548.067
61 69 8933381.565
61 70 9272881.413
61 71 7169952.61
61 72 4054894.75
61 73 5798321.022
61 74 6204149.418
61 75 3784109.534
61 76 2947289.763
61 77 7488284.896
61 78 7075510.807
61 79 9927319.134
61 80 9689044.709
61 81 3777636.803
61 82 97791.27275
61 83 9086789.132
61 84 2243720.498
61 85 4673691.765
61 86 6664365.939
61 87 3576133.216
61 88 6289315.097
61 89 5441215.751
61 90 7341279.018
61 91 7269489.319
61 92 7499993.195
61 93 4611498.878
61 94 8528048.877
61 95 8208721.448
61 96 842096.1186
61 97 9425846.52
61 98 7589471.314
61 99 1142923.418
62 63 7149826.365
62 64 1021911.662
62 65 2726363.586
62 66 4300151.457
62 67 1792939.671
62 68 2073327.796
62 69 3434800.275
62 70 4997688.904
62 71 4097268.524
62 72 5300978.672
62 73 2747699.647
62 74 1168836.073
62 75 2210782.598
62 76 5518372.489
62 77 3569549.923
62 78 3606962.196
62 79 5508533.686
62 80 5352596.543
62 81 5852280.123
62 82 5903764.741
62 83 3286543.406
62 84 3566570.621
62 85 1188243.779
62 86 5480104.884
62 87 3384774.372
62 88 1109407.819
62 89 2820756.98
62 90 6609062.604
62 91 1930158.766
62 92 3842665.773
62 93 4153350.565
62 94 5564299.539
62 95 4907344.706
62 96 5599124.695
62 97 4143571.027
62 98 1788925.215
62 99 6938727.376
63 64 8104931.996
63 65 4887592.062
63 66 4113818.783
63 67 7341713.324
63 68 9059532.428
63 69 10343147.48
63 70 10702059.67
63 71 8578903.104
63 72 5246067.435
63 73 7229688.509
63 74 7611905.343
63 75 5039763.285
63 76 4067936.497
63 77 8919095.611
63 78 8013724.195
63 79 11357528.07
63 80 11118115.25
63 81 4843642.146
63 82 1347401.122
63 83 10410128.75
63 84 3624731.724
63 85 5989081.07
63 86 7953030.538
63 87 4996809.855
63 88 7540506.074
63 89 6429842.799
63 90 8542679.782
63 91 8679163.377
63 92 8438325.947
63 93 5963858.507
63 94 9906251.922
63 95 9031966.023
63 96 2087933.069
63 97 10850879.58
63 98 8938651.088
63 99 750101.4402
64 65 3478217.764
64 66 4979013.532
64 67 2388148.201
64 68 1587040.312
64 69 2416388.238
64 70 4204358.814
64 71 3731526.956
64 72 5743243.072
64 73 2709919.117
64 74 913279.3672
64 75 3226293.591
64 76 6138418.272
64 77 3013734.13
64 78 4102823.634
64 79 4658539.544
64 80 4527713.788
64 81 6359013.543
64 82 6831707.403
64 83 2467301.654
64 84 4491533.376
64 85 2200119.003
64 86 5414462.68
64 87 3978438.087
64 88 1581633.564
64 89 3647887.673
64 90 6529625.054
64 91 1029186.35
64 92 4250366.381
64 93 4467157.905
64 94 5066142.513
64 95 5297541.005
64 96 6463483.922
64 97 3147301.301
64 98 918810.8436
64 99 7854940.821
65 66 1590106.724
65 67 3869592.262
65 68 4799400.579
65 69 5512154.76
65 70 5910074.756
65 71 3996814.386
65 72 2886420.026
65 73 2459256.072
65 74 2809253.437
65 75 1822844.013
65 76 2835083.182
65 77 4125316.542
65 78 5428979.012
65 79 6552173.067
65 80 6324571.568
65 81 3296452.747
65 82 3548502.426
65 83 5935545.697
65 84 1414514.82
65 85 1943127.071
65 86 4252377.158
65 87 906702.1843
65 88 3584204.56
65 89 3962168.853
65 90 5260074.575
65 91 3856794.012
65 92 5791886.962
65 93 2218589.756
65 94 5498936.648
65 95 6772789.328
65 96 3038324.628
65 97 5972766.724
65 98 4387829.857
65 99 4510720.509
66 67 5425064.458
66 68 6367990.301
66 69 6802010.848
66 70 6677873.646
66 71 4486556.958
66 72 1661119.422
66 73 3274352.852
66 74 4215401.024
66 75 3171354.038
66 76 1253510.517
66 77 4925054.116
66 78 6895024.393
66 79 7338313.648
66 80 7090854.862
66 81 1837529.141
66 82 2812773.08
66 83 7446251.852
66 84 1836716.446
66 85 3513902.602
66 86 3954858.379
66 87 1058051.79
66 88 5173187.196
66 89 5342569.757
66 90 4734100.465
66 91 5199551.317
66 92 7277185.824
66 93 1866704
66 94 5793062.054
66 95 8217548.898
66 96 2033651.307
66 97 7143143.966
66 98 5897405.981
66 99 3554150.265
67 68 2091036.85
67 69 4543166.462
67 70 6592478.425
67 71 5886183.57
67 72 6707842.597
67 73 4522963.336
67 74 2926635.126
67 75 2447347.58
67 76 6678370.941
67 77 5310511.791
67 78 1814643.151
67 79 7036324.538
67 80 6912436.799
67 81 7163751.698
67 82 6275416.483
67 83 3524269.993
67 84 4135508.496
67 85 1929250.698
67 86 7231796.877
67 87 4706466.856
67 88 806798.8729
67 89 1418617.677
67 90 8358066.593
67 91 3415509.569
67 92 2071383.669
67 93 5721857.623
67 94 7333759.141
67 95 3130787.719
67 96 6216286.674
67 97 5364415.57
67 98 2568940.538
67 99 7313047.973
68 69 2713459.284
68 70 5186701.328
68 71 5196618.933
68 72 7274283.445
68 73 4294000.802
68 74 2499618.884
68 75 4020293.036
68 76 7574930.592
68 77 4372147.104
68 78 3276933.319
68 79 5497644.792
68 80 5429761.133
68 81 7863619.007
68 82 7870217.112
68 83 1442921.804
68 84 5562213.365
68 85 3103686.54
68 86 6977227.135
68 87 5424785.733
68 88 1556693.006
68 89 3504318.51
68 90 8083337.128
68 91 2243293.461
68 92 3276523.331
68 93 6032102.283
68 94 6400571.297
68 95 4224685.227
68 96 7631927.166
68 97 3566145.434
68 98 931832.915
68 99 8914277.905
69 70 2724303.911
69 71 3708990.975
69 72 7100220.748
69 73 3725399.804
69 74 2731278.542
69 75 5617408.412
69 76 7796482.225
69 77 2732917.06
69 78 5976345.68
69 79 2885417.748
69 80 2870019.381
69 81 7795940.823
69 82 9028281.568
69 83 2024405.356
69 84 6723027.549
69 85 4593134.382
69 86 5775084.996
69 87 5744241.836
69 88 3783370.824
69 89 5923400.048
69 90 6735405.173
69 91 1664136.17
69 92 5989939.432
69 93 5716363.191
69 94 4393228.019
69 95 6925687.608
69 96 8548661.568
69 97 852703.7426
69 98 1977315.269
69 99 10016641.29
70 71 2294068.383
70 72 6312370.394
70 73 3476943.445
70 74 3870706.448
70 75 6784669.144
70 76 7316415.789
70 77 1788153.474
70 78 8267259.093
70 79 660683.7148
70 80 416204.637
70 81 7022745.309
70 82 9356733.921
70 83 4746449.899
70 84 7315006.679
70 85 5883276.619
70 86 4096451.32
70 87 5711275.322
70 88 5785823.45
70 89 7807006.031
70 90 4761740.624
70 91 3178059.296
70 92 8364898.105
70 93 5038202.18
70 94 1994922.798
70 95 9372485.318
70 96 8679333.238
70 97 2078849.779
70 98 4287421.434
70 99 10210929.8
71 72 4018360.675
71 73 1607312.186
71 74 2973113.011
71 75 5280998.5
71 76 5035870.462
71 77 976145.1925
71 78 7694831.172
71 79 2942802.485
71 80 2685955.694
71 81 4729344.683
71 82 7247710.893
71 83 5392750.178
71 84 5402295.311
71 85 4585152.828
71 86 2074244.335
71 87 3600040.821
71 88 5142229.825
71 89 6811316.882
71 90 3039118.547
71 91 2970100.315
71 92 7902562.384
71 93 2761336.453
71 94 1551605.637
71 95 8965085.431
71 96 6515811.38
71 97 3548203.355
71 98 4288518.753
71 99 8040591.838
72 73 3375443.662
72 74 4864009.6
72 75 4668855.752
72 76 1196356.263
72 77 4736923.796
72 78 8313985.533
72 79 6958393.007
72 80 6700869.316
72 81 716545.901
72 82 4097493.084
72 83 8140407.058
72 84 3491834.435
72 85 4784316.023
72 86 2777336.688
72 87 2004961.405
72 88 6313321.509
72 89 6836171.788
72 90 3299513.63
72 91 5670260.987
72 92 8672390.425
72 93 1384902.785
72 94 4992322.191
72 95 9659060.141
72 96 3227746.984
72 97 7251154.673
72 98 6638580.264
72 99 4565620.396
73 74 1807538.854
73 75 3676876.741
73 76 4120600.909
73 77 1690171.95
73 78 6334229.325
73 79 4129456.18
73 80 3893107.001
73 81 4070930.215
73 82 5883115.907
73 83 4895962.916
73 84 3873625.649
73 85 3029759.535
73 86 2744673.756
73 87 2258217.424
73 88 3850984.739
73 89 5304036.455
73 90 3872652.941
73 91 2354364.07
73 92 6586802.18
73 93 1993331.732
73 94 3157090.375
73 95 7650391.297
73 96 5228960.303
73 97 3929401.776
73 98 3498103.116
73 99 6758415.106
74 75 3018080.048
74 76 5327238.137
74 77 2401062.928
74 78 4726705.911
74 79 4412226.64
74 80 4240565.483
74 81 5497027.188
74 82 6299385.343
74 83 3285437.402
74 84 3992452.598
74 85 2044754.745
74 86 4534729.784
74 87 3181422.239
74 88 2169508.292
74 89 3983369.687
74 90 5656944.378
74 91 1067744.201
74 92 4929461.418
74 93 3565941.307
74 94 4407801.451
74 95 5992235.082
74 96 5845227.838
74 97 3294467.327
74 98 1776184.649
74 99 7294761.364
75 76 4396723.365
75 77 5107153.088
75 78 3732975.602
75 79 7370163.946
75 80 7177462.952
75 81 4995807.895
75 82 3880921.091
75 83 5389046.262
75 84 1689827.992
75 85 1026535.062
75 86 5954910.526
75 87 2727940.874
75 88 2508307.979
75 89 2175535.54
75 90 7010457.247
75 91 4021938.531
75 92 4125034.72
75 93 4018336.279
75 94 6832460.544
75 95 5047042.598
75 96 3770045.929
75 97 6275835.671
75 98 3971032.936
75 99 4926174.911
76 77 5650864.511
76 78 8128569.72
76 79 7972294.271
76 80 7716959.144
76 81 840033.3261
76 82 2978484.62
76 83 8597783.368
76 84 2918136.049
76 85 4766660.786
76 86 3967163.14
76 87 2160429.439
76 88 6418846.66
76 89 6555328.953
76 90 4477048.811
76 91 6254183.014
76 92 8515669.437
76 93 2278215.64
76 94 6127426.139
76 95 9441767.825
76 96 2106009.733
76 97 8049933.65
76 98 7056090.886
76 99 3375699.515
77 78 7088163.854
77 79 2439288.161
77 80 2204056.455
77 81 5453387.326
77 82 7572838.166
77 83 4451086.007
77 84 5533767.127
77 85 4276731.907
77 86 3045525.512
77 87 3936348.399
77 88 4528431.769
77 89 6374249.331
77 90 4010550.547
77 91 2129545.809
77 92 7257697.903
77 93 3391716.691
77 94 2053281.746
77 95 8309387.632
77 96 6908250.779
77 97 2610915.516
77 98 3445696.09
77 99 8439350.053
78 79 8660330.015
78 80 8559971.39
78 81 8701732.712
78 82 7162146.291
78 83 4490429.839
78 84 5343853.2
78 85 3571973.118
78 86 9030234.846
78 87 6314273.094
78 88 2561996.527
78 89 1644946.853
78 90 10153707.71
78 91 5104006.339
78 92 425590.924
78 93 7434149.28
78 94 9125379.472
78 95 1353447.643
78 96 7300663.024
78 97 6826501.821
78 98 4042395.462
78 99 8145621.444
79 80 257912.8487
79 81 7666693.008
79 82 10011632.46
79 83 4893312.339
79 84 7952793.53
79 85 6445565.384
79 86 4671714.482
79 87 6369107.428
79 88 6230862.578
79 89 8294747.903
79 90 5260588.789
79 91 3630594.313
79 92 8731455.209
79 93 5694290.379
79 94 2441937.625
79 95 9715852.194
79 96 9338252.944
79 97 2114610.479
79 98 4633210.056
79 99 10869854.85
80 81 7408983.863
80 82 9772860.375
80 83 4890891.507
80 84 7728437.302
80 85 6264844.372
80 86 4420582.665
80 87 6126812.686
80 88 6105853.763
80 89 8151262.347
80 90 5025979.845
80 91 3498544.399
80 92 8642709.82
80 93 5439165.561
80 94 2214819.44
80 95 9637573.897
80 96 9094235.448
80 97 2141340.863
80 98 4549255.148
80 99 10625806.23
81 82 3804968.941
81 83 8781470.825
81 84 3637561.757
81 85 5234786.931
81 86 3379945.274
81 87 2480593.104
81 88 6825451.658
81 89 7170797.085
81 90 3751269.618
81 91 6339407.764
81 92 9075071.034
81 93 2090178.493
81 94 5657748.473
81 95 10033891.35
81 96 2935541.132
81 97 7961636.857
81 98 7264377.282
81 99 4129322.15
82 83 9184559.927
82 84 2341084.501
82 85 4771460.699
82 86 6721899.052
82 87 3656503.018
82 88 6386437.644
82 89 5529208.328
82 90 7388130.289
82 91 7364478.594
82 92 7586809.894
82 93 4677582.107
82 94 8599749.473
82 95 8290552.245
82 96 873441.8413
82 97 9518693.607
82 98 7687034.741
82 99 1045658.469
83 84 6851428.431
83 85 4421645.27
83 86 7368900.288
83 87 6440100.219
83 88 2986679.299
83 89 4927610.852
83 90 8415799.005
83 91 2552477.855
83 92 4396166.524
83 93 6812990.858
83 94 6318204.169
83 95 5205810.128
83 96 8880781.415
83 97 2790312.793
83 98 1549757.382
83 99 10222428.38
84 85 2459359.533
84 86 5455288.831
84 87 1970658.599
84 88 4123990.446
84 89 3719760.997
84 90 6373300.994
84 91 5060192.348
84 92 5750997.634
84 93 3321645.923
84 94 6887622.322
84 95 6613057.865
84 96 2094382.325
84 97 7256257.174
84 98 5346895.644
84 99 3372292.975
85 86 5568446.85
85 87 2780338.167
85 88 1697863.077
85 89 2302164.747
85 90 6672786.611
85 91 3012868.17
85 92 3907169.51
85 93 3863494.791
85 94 6125719.913
85 95 4925414.97
85 96 4539138.082
85 97 5263303.27
85 98 2964941.817
85 99 5813845.959
86 87 3488368.422
86 88 6587977.476
86 89 7868728.634
86 90 1129061.275
86 91 4851617.728
86 92 9302646.58
86 93 2143238.618
86 94 2377178.715
86 95 10362266.91
86 96 5880842.059
86 97 5612925.628
86 98 6122430.691
86 99 7303394.205
87 88 4344934.396
87 89 4866829.817
87 90 4439280.77
87 91 4147705.822
87 92 6669121.179
87 93 1373501.39
87 94 5009939.446
87 95 7662152.669
87 96 2972224.509
87 97 6090220.816
87 98 4896511.264
87 99 4503040.388
88 89 2140056.209
88 90 7717025.9
88 91 2608710.708
88 92 2761536.088
88 93 5224291.694
88 94 6563388.255
88 95 3825617.762
88 96 6216216.497
88 97 4590721.535
88 98 1829805.178
88 99 7432070.288
89 90 8968529.408
89 91 4668025.173
89 92 2065419.005
89 93 6087795.059
89 94 8325690.985
89 95 2895085.929
89 96 5655900.326
89 97 6728188.433
89 98 3962465.594
89 99 6524605.761
90 91 5927728.308
90 92 10429249.63
90 93 3065796.229
90 94 2824332.107
90 95 11488008.13
90 96 6522487.611
90 97 6484616.288
90 98 7215745.339
90 99 7851795.601
91 92 5227074.088
91 93 4311420.599
91 94 4167647.465
91 95 6259071.541
91 96 6895087.377
91 97 2254281.701
91 98 1321542.01
91 99 8355410.907
92 93 7759357.269
92 94 9304828.141
92 95 1064996.93
92 96 7719218.161
92 97 6842593.502
92 98 4098499.208
92 99 8571119.346
93 94 3952569.453
93 95 8787447.572
93 96 3876097.231
93 97 5872024.701
93 98 5339532.264
93 99 5368841.875
94 95 10359075.7
94 96 7821267.147
94 97 3935544.512
94 98 5469413.496
94 99 9321252.827
95 96 8504194.04
95 97 7776665.452
95 98 5088685.58
95 99 9235983.408
96 97 8982616.114
96 98 7351235.843
96 99 1531604.308
97 98 2810741.595
97 99 10479706.2
98 99 8718401.757
