4950
0 1 3559816.26
0 2 5558764.932
0 3 4404965.573
0 4 3637512.805
0 5 7859414.927
0 6 4493063.447
0 7 2210463.197
0 8 6659259.921
0 9 3203176.465
0 10 4191556.815
0 11 1608687.223
0 12 5410144.106
0 13 4066985.627
0 14 4073409.491
0 15 1542419.568
0 16 8545904.787
0 17 7566500.422
0 18 8014294.682
0 19 6728783.763
0 20 3386449.034
0 21 7876062.798
0 22 6525846.711
0 23 2758739.717
0 24 5278560.954
0 25 4865828.48
0 26 4453894.217
0 27 3250697.395
0 28 4822165.517
0 29 6796773.97
0 30 3557203.716
0 31 6534180.513
0 32 4814320.848
0 33 3157908.479
0 34 4648564.622
0 35 3209431.118
0 36 4326187.903
0 37 7642159.831
0 38 4197469.343
0 39 7520991.578
0 40 4377330.41
0 41 2551856.248
0 42 8008089.431
0 43 3304527.918
0 44 3873455.574
0 45 5578810.861
0 46 4830052.645
0 47 2219939.765
0 48 1522043.97
0 49 847615.7861
0 50 1923367.295
0 51 4421100.581
0 52 5843486.773
0 53 8940444.611
0 54 1589391.819
0 55 5373129.977
0 56 4409625.656
0 57 4591866.615
0 58 7961911.661
0 59 5841276.426
0 60 2449331.025
0 61 3839433.942
0 62 7284378.562
0 63 6168072.426
0 64 4639948.056
0 65 2053289.895
0 66 3876091.879
0 67 8093608.134
0 68 6812341.565
0 69 3025249.471
0 70 3200477.503
0 71 7941203.04
0 72 4679338.329
0 73 1672456.608
0 74 4286918.871
0 75 4423244.119
0 76 5428444.328
0 77 8161037.414
0 78 7704890.426
0 79 4548603.887
0 80 6696943.836
0 81 3179793.986
0 82 8354074.141
0 83 3822829.429
0 84 1166621.423
0 85 1214331.59
0 86 2248047.568
0 87 6716346.499
0 88 3573765.036
0 89 579481.9715
0 90 4990783.902
0 91 4027280.654
0 92 1295544.994
0 93 4306145.481
0 94 4773949.16
0 95 8021007.821
0 96 3776609.502
0 97 1798115.616
0 98 556815.6084
0 99 4152993.269
1 2 2172213.562
1 3 1088432.408
1 4 3879596.928
1 5 4822276.28
1 6 1870108.517
1 7 4616697.832
1 8 5462318.339
1 9 356649.0885
1 10 7126357.234
1 11 2022859.586
1 12 7468355.199
1 13 6976472.861
1 14 2709264.899
1 15 2055674.796
1 16 5146808.25
1 17 4009309.099
1 18 4707595.492
1 19 6434409.365
1 20 6288454.744
1 21 7861211.061
1 22 6072108.21
1 23 2634791.607
1 24 3460603.018
1 25 1722213.521
1 26 1920742.649
1 27 2650273.346
1 28 7522629.987
1 29 4637354.661
1 30 2902795.62
1 31 7248521.129
1 32 6675856.9
1 33 4452889.662
1 34 2653787.431
1 35 3315393.888
1 36 1934475.058
1 37 4645101.112
1 38 2594392.559
1 39 4236630.208
1 40 6480625.607
1 41 2655663.088
1 42 5329636.701
1 43 5205568.602
1 44 3281677.811
1 45 6363038.452
1 46 6755557.245
1 47 5753963.647
1 48 3972035.85
1 49 4406404.87
1 50 5200387.058
1 51 4832321.237
1 52 3034759.943
1 53 5417960.071
1 54 2001679.226
1 55 2306713.728
1 56 4070236.939
1 57 1180773.7
1 58 6452305.997
1 59 4170614.799
1 60 4795332.458
1 61 3439905.566
1 62 3965815.134
1 63 6542705.949
1 64 2138714.325
1 65 4493052.684
1 66 2060740.266
1 67 4547427.043
1 68 5819009.631
1 69 3088908.52
1 70 4124280.914
1 71 4386551.298
1 72 2061267.115
1 73 2172777.575
1 74 4477729.542
1 75 3819803.693
1 76 4574150.164
1 77 5815632.058
1 78 6035886.971
1 79 7532609.245
1 80 5759547.632
1 81 2438253.157
1 82 5561717.608
1 83 3711258.879
1 84 4518993.31
1 85 3270668.599
1 86 2752638.766
1 87 3339422.976
1 88 6686483.675
1 89 3406822.425
1 90 1887033.653
1 91 2516406.62
1 92 3848608.122
1 93 4790824.77
1 94 6837597.444
1 95 5040361.236
1 96 2532456.724
1 97 2617745.062
1 98 3730719.45
1 99 5015384.253
2 3 2134061.363
2 4 5871910.668
2 5 2735633.176
2 6 3137660.42
2 7 6083030.513
2 8 4694354.628
2 9 2488765.267
2 10 8575115.832
2 11 3951249.066
2 12 8408282.694
2 13 8420259.808
2 14 2870932.119
2 15 4151014.842
2 16 3000145.254
2 17 2458991.625
2 18 2535489.688
2 19 6119983.517
2 20 7776458.832
2 21 7545655.956
2 22 5711561.834
2 23 4726626.408
2 24 2779242.957
2 25 805978.3877
2 26 1620600.025
2 27 4638310.398
2 28 8814061.377
2 29 3268420.885
2 30 3470251.15
2 31 7447690.211
2 32 7589056.78
2 33 5470687.585
2 34 4041749.01
2 35 5349137.502
2 36 1788922.898
2 37 2590496.083
2 38 2634235.037
2 39 2066023.081
2 40 7542733.305
2 41 3846586.183
2 42 3447178.933
2 43 6346912.408
2 44 5143698.882
2 45 6722737.713
2 46 7693839.521
2 47 7661258.12
2 48 6134757.28
2 49 6384167.42
2 50 6957830.299
2 51 6769362.91
2 52 1451582.546
2 53 3426975.282
2 54 3971443.088
2 55 765874.1251
2 56 5882820.607
2 57 1935497.758
2 58 5303813.852
2 59 3348672.712
2 60 6205558.879
2 61 5331774.974
2 62 1793601.595
2 63 6632232.498
2 64 1633769.216
2 65 5995256.512
2 66 3781135.252
2 67 2671490.303
2 68 5132184.716
2 69 5145646.091
2 70 6215060.603
2 71 2585653.592
2 72 3227511.317
2 73 3961989.601
2 74 4894614.281
2 75 3957826.276
2 76 4271434.255
2 77 4131594.633
2 78 4825437.207
2 79 8987302.464
2 80 5122899.199
2 81 4437657.518
2 82 3587534.881
2 83 4216663.935
2 84 6605357.796
2 85 4973047.903
2 86 4088842.113
2 87 1173955.065
2 88 8262435.379
2 89 5285285.279
2 90 2589045.096
2 91 2697826.468
2 92 5527073.344
2 93 6748730.816
2 94 7840577.523
2 95 2976845.677
2 96 4343192.846
2 97 4191173.385
2 98 5812834.934
2 99 5672129.094
3 4 3793008.934
3 5 4858901.133
3 6 1045133.863
3 7 5668369.41
3 8 6238110.587
3 9 1367953.903
3 10 8162971.507
3 11 2986869.763
3 12 8556341.767
3 13 8014955.782
3 14 3650548.351
3 15 2862572.34
3 16 4821538.397
3 17 3270987.76
3 18 4511200.465
3 19 7356013.706
3 20 7321721.076
3 21 8795283.301
3 22 6977669.182
3 23 2770554.397
3 24 4203868.423
3 25 2090119.841
3 26 2633864.943
3 27 2584700.711
3 28 8584741.136
3 29 5159965.863
3 30 3935301.807
3 31 8280610.343
3 32 7764288.595
3 33 5541298.201
3 34 1949062.11
3 35 3308592.361
3 36 2706025.985
3 37 4722190.282
3 38 3497361.1
3 39 4091574.531
3 40 7566039.645
3 41 3743873.34
3 42 5565975.841
3 43 6289988.522
3 44 3024698.75
3 45 7412634.806
3 46 7843860.143
3 47 6624582.764
3 48 4513686.271
3 49 5247582.528
3 50 6159798.823
3 51 4657634.384
3 52 3392414.489
3 53 4875502.894
3 54 2940360.011
3 55 2598513.53
3 56 3751230.673
3 57 234274.3503
3 58 7102311.574
3 59 4896128.977
3 60 5854913.913
3 61 3218517.033
3 62 3801361.159
3 63 7551841.365
3 64 2818056.392
3 65 5539115.806
3 66 1655175.614
3 67 3953818.173
3 68 6627122.404
3 69 3131589.322
3 70 4213033.45
3 71 3754011.597
3 72 1181855.731
3 73 3192819.883
3 74 5518423.137
3 75 4798913.755
3 76 5468835.237
3 77 6191406.794
3 78 6654401.255
3 79 8565800.872
3 80 6582388.382
3 81 2400069.345
3 82 5720899.574
3 83 4753107.395
3 84 5236151.358
3 85 4285605.459
3 86 3837943.309
3 87 3152752.316
3 88 7694512.922
3 89 4342766.823
3 90 810313.8089
3 91 3450427.76
3 92 4859124.918
3 93 4644482.338
3 94 7924652.518
3 95 5105430.86
3 96 2223522.604
3 97 3679056.352
3 98 4475713.016
3 99 6088779.421
4 5 8605384.358
4 6 3011494.743
4 7 5822801.317
4 8 9054232.279
4 9 3707116.658
4 10 7725259.429
4 11 3659663.359
4 12 9043058.359
4 13 7615638.973
4 14 6168337.286
4 15 3043739.505
4 16 8595418.392
4 17 6784414.424
4 18 8304208.875
4 19 9650576.007
4 20 6964458.836
4 21 10971132.26
4 22 9355779.967
4 23 1324929.354
4 24 7178358.629
4 25 5586060.37
4 26 5744443.67
4 27 1238647.349
4 28 8412481.059
4 29 8482853.242
4 30 6012420.786
4 31 9889288.864
4 32 8420034.152
4 33 6533985.492
4 34 2394969.491
4 35 591471.9592
4 36 5719076.17
4 37 8449746.535
4 38 6149697.644
4 39 7880989.095
4 40 8004882.621
4 41 5205409.42
4 42 9197874.782
4 43 6872899.907
4 44 884239.9133
4 45 8925305.755
4 46 8444732.105
4 47 5256579.302
4 48 2420424.173
4 49 4103255.044
4 50 5427808.239
4 51 979849.0328
4 52 6912117.39
4 53 8527344.274
4 54 3537832.205
4 55 6165030.448
4 56 845070.7484
4 57 4020686.068
4 58 10181251.17
4 59 7877453.603
4 60 6062661.181
4 61 680385.7284
4 62 7591816.941
4 63 9379008.885
4 64 5969179.782
4 65 5663320.649
4 66 2171712.088
4 67 7590757.631
4 68 9342245.867
4 69 841958.3067
4 70 726327.9165
4 71 7362260.672
4 72 3055410.653
4 73 4022434.732
4 74 7301579.777
4 75 7031354.931
4 76 7974015.038
4 77 9692850.41
4 78 9801376.385
4 79 8045085.234
4 80 9256756.029
4 81 1446643.701
4 82 9408228.022
4 83 6631650.337
4 84 3521731.78
4 85 4536961.076
4 86 5041991.651
4 87 6942755.286
4 88 7047907.989
4 89 4070279.913
4 90 3748903.034
4 91 6017524.991
4 92 4863570.274
4 93 919084.3473
4 94 8402380.8
4 95 8841031.758
4 96 1608862.289
4 97 4581078.01
4 98 3219978.911
4 99 7450635.383
5 6 5828768.782
5 7 7785389.837
5 8 4071378.49
5 9 5094624.773
5 10 10076116.66
5 11 6287872.246
5 12 9323274.027
5 13 9924159.23
5 14 4141557.548
5 15 6627932.394
5 16 1654261.812
5 17 3406611.342
5 18 1040351.532
5 19 5790846.662
5 20 9370705.982
5 21 7005187.534
5 22 5400696.277
5 23 7435855.91
5 24 3188669.044
5 25 3125177.547
5 26 3406592.349
5 27 7369786.643
5 28 10114830.12
5 29 2254048.486
5 30 4844610.519
5 31 7572769.602
5 32 8543540.423
5 33 6794283.156
5 34 6717870.348
5 35 8076173.278
5 36 3541213.385
5 37 237434.9417
5 38 3925507.712
5 39 1013601.673
5 40 8671194.665
5 41 5631983.021
5 42 1129064.531
5 43 7682714.868
5 44 7877666.465
5 45 7135565.624
5 46 8667355.66
5 47 9762046.58
5 48 8678535.036
5 49 8623466.742
5 50 8909165.371
5 51 9504797.355
5 52 2023613.955
5 53 2752934.406
5 54 6340501.318
5 55 2551649.114
5 56 8609889.665
5 57 4649510.818
5 58 3932298.077
5 59 3206619.836
5 60 7838148.587
5 61 8066804.037
5 62 1254645.601
5 63 6731821.173
5 64 3229627.945
5 65 7742707.685
5 66 6512109.322
5 67 2788910.288
5 68 4505240.607
5 69 7867192.912
5 70 8928148.389
5 71 2952383.014
5 72 5894270.389
5 73 6187854.282
5 74 5704596.555
5 75 4736489.132
5 76 4424676.478
5 77 2072137.588
5 78 3465367.912
5 79 10473392.49
5 80 4569951.353
5 81 7167160.404
5 82 998561.8807
5 83 5293725.775
5 84 8987067.427
5 85 7014852.299
5 86 5940497.014
5 87 1804167.38
5 88 9931234.372
5 89 7470937.396
5 90 5207540.493
5 91 4079748.9
5 92 7494310.566
5 93 9484345.656
5 94 8875442.737
5 95 267266.0389
5 96 7076623.639
5 97 6216695.537
5 98 8210122.948
5 99 6585550.588
6 7 6089257.201
6 8 7245626.342
6 9 2008919.981
6 10 8508716.72
6 11 3332950.977
6 12 9137251.329
6 13 8367245.873
6 14 4570267.137
6 15 3016850.332
6 16 5623215.306
6 17 3781369.833
6 18 5391022.898
6 19 8295219.367
6 20 7667568.058
6 21 9726186.76
6 22 7927208.853
6 23 2263321.67
6 24 5215151.735
6 25 3134731.525
6 26 3641387.424
6 27 1922975.629
6 28 9006267.624
6 29 6204713.224
6 30 4765466.393
6 31 9103023.831
6 32 8370604.426
6 33 6170003.513
6 34 907897.8142
6 35 2619683.747
6 36 3698065.461
6 37 5706093.72
6 38 4440607.375
6 39 5003933.385
6 40 8116686.309
6 41 4406606.359
6 42 6583561.731
6 43 6842581.911
6 44 2166171.04
6 45 8203862.361
6 46 8438823.065
6 47 6679113.141
6 48 4243153.881
6 49 5296462.05
6 50 6367776.283
6 51 3786082.653
6 52 4435306.275
6 53 5515850.173
6 54 3253455.615
6 55 3640932.945
6 56 2820847.552
6 57 1208869.637
6 58 8138924.292
6 59 5914480.368
6 60 6297396.978
6 61 2372555.503
6 62 4711756.95
6 63 8408497.943
6 64 3835477.834
6 65 5946318.351
6 66 870417.7905
6 67 4579263.174
6 68 7624145.344
6 69 2499586.674
6 70 3544902.049
6 71 4351330.271
6 72 206145.3406
6 73 3619193.239
6 74 6330931.528
6 75 5689671.81
6 76 6422899.438
6 77 7229020.189
6 78 7694343.641
6 79 8898640.787
6 80 7573580.039
6 81 1792163.308
6 82 6719769.957
6 83 5565909.945
6 84 5127430.381
6 85 4651473.765
6 86 4436425.533
6 87 4071854.407
6 88 7975152.976
6 89 4565412.389
6 90 738069.8416
6 91 4374380.816
6 92 5197512.723
6 93 3790848.424
6 94 8492026.138
6 95 6081912.469
6 96 1404974.248
6 97 4179261.903
6 98 4433123.634
6 99 6821231.311
7 8 5462120.768
7 9 4302931.537
7 10 2521659.234
7 11 2756377.598
7 12 3229369.679
7 13 2369207.858
7 14 3644223.203
7 15 3159299.788
7 16 8846527.432
7 17 8427641.981
7 18 8216849.064
7 19 5050194.379
7 20 1699197.015
7 21 5993752.192
7 22 4946554.058
7 23 4813121.015
7 24 4717114.127
7 25 5284452.065
7 26 4584584.95
7 27 5273871.236
7 28 2923174.365
7 29 6170534.351
7 30 2944411.507
7 31 4472107.392
7 32 2604393.231
7 33 1350961.151
7 34 6470495.151
7 35 5356744.405
7 36 4417033.507
7 37 7549888.641
7 38 3861317.518
7 39 7731315.685
7 40 2185386.127
7 41 2245090.863
7 42 7616568.328
7 43 1121578.979
7 44 5960955.033
7 45 3554079.772
7 46 2623364.24
7 47 2382435.394
7 48 3688241.701
7 49 2124261.411
7 50 1352872.266
7 51 6630097.099
7 52 5820541.567
7 53 9480334.488
7 54 2839483.614
7 55 5630650.668
7 56 6563624.308
7 57 5792842.103
7 58 6799008.081
7 59 5062134.623
7 60 239910.4828
7 61 5956499.175
7 62 7554343.637
7 63 4249203.589
7 64 4689780.059
7 65 159709.1371
7 66 5670804.117
7 67 8754199.136
7 68 5481691.488
7 69 5150471.945
7 70 5410646.441
7 71 8657687.565
7 72 6292886.786
7 73 2487199.628
7 74 2779557.286
7 75 3367122.613
7 76 4244834.604
7 77 7509874.728
7 78 6660603.101
7 79 2932295.264
7 80 5350091.431
7 81 5159200.893
7 82 8025024.26
7 83 2693678.768
7 84 2915779
7 85 1446199.456
7 86 1995198.252
7 87 7107548.755
7 88 2186504.242
7 89 1757775.77
7 90 6404781.055
7 91 3711570.978
7 92 970140.7573
7 93 6515863.283
7 94 2583020.142
7 95 7881638.176
7 96 5715413.24
7 97 2000627.195
7 98 2716699.866
7 99 2289776.566
8 9 5488302.227
8 10 7125333.42
8 11 5573506.926
8 12 5775264.468
8 13 6992069.285
8 14 2885909.367
8 15 6159624.874
8 16 5695629.465
8 17 6793635.824
8 18 5018824.852
8 19 1722714.94
8 20 6626162.188
8 21 2982809.755
8 22 1346590.112
8 23 7729394.311
8 24 2034448.309
8 25 4245986.814
8 26 3605911.238
8 27 7926731.46
8 28 6909311.874
8 29 1827086.559
8 30 3156524.065
8 31 3582948.897
8 32 5105243.813
8 33 4136246.028
8 34 8096644.468
8 35 8462833.222
8 36 3549548.29
8 37 3877951.723
8 38 2918619.833
8 39 4724759.928
8 40 5408656.556
8 41 4137364.971
8 42 3221031.098
8 43 4833997.05
8 44 8637819.714
8 45 3354843.879
8 46 5235747.395
8 47 7824788.522
8 48 8004552.942
8 49 7142830.179
8 50 6807349.964
8 51 10033614.46
8 52 3300518.633
8 53 6744013.785
8 54 5683931.659
8 55 3938326.394
8 56 9429522.503
8 57 6149356.154
8 58 1338525.988
8 59 1360795.61
8 60 5393362.969
8 61 8763729.235
8 62 4765084.703
8 63 2774794.634
8 64 3421143.948
8 65 5501973.093
8 66 7517996.129
8 67 6511454.993
8 68 455535.6089
8 69 8212380.088
8 70 9054659.638
8 71 6584379.958
8 72 7408557.632
8 73 5268968.857
8 74 2699896.342
8 75 2237643.255
8 76 1243427.46
8 77 2593333.804
8 78 1250701.326
8 79 7467204.401
8 80 499218.1126
8 81 7719614.863
8 82 3653156.89
8 83 2873315.835
8 84 7790656.775
8 85 5474482.144
8 86 4421079.498
8 87 4817701.086
8 88 7232101.784
8 89 6101711.099
8 90 6963728.827
8 91 3040537.838
8 92 5691989.944
8 93 9963849.455
8 94 5486958.023
8 95 3981293.554
8 96 7951606.154
8 97 4898593.554
8 98 7180807.347
8 99 3428613.109
9 10 6804410.93
9 11 1672469.637
9 12 7207892.505
9 13 6655453.112
9 14 2666773.926
9 15 1702842.05
9 16 5477277.386
9 17 4365612.946
9 18 5022207.323
9 19 6373116.208
9 20 5964620.694
9 21 7787312.71
9 22 6022584.458
9 23 2424173.177
9 24 3522544.795
9 25 1972853.534
9 26 2038524.779
9 27 2499573.173
9 28 7217266.412
9 29 4776532.528
9 30 2773884.353
9 31 7097918.435
9 32 6423320.564
9 33 4205132.197
9 34 2715227.785
9 35 3129463.548
9 36 2022533.967
9 37 4910037.775
9 38 2581992.623
9 39 4545864.074
9 40 6208698.891
9 41 2418001.865
9 42 5551669.401
9 43 4931410.239
9 44 3172725.835
9 45 6195198.039
9 46 6499044.846
9 47 5398186.063
9 48 3646034.778
9 49 4049758.416
9 50 4853552.453
9 51 4674232.376
9 52 3248609.05
9 53 5768370.434
9 54 1647685.2
9 55 2555274.832
9 56 3966294.671
9 57 1492572.023
9 58 6529853.641
9 59 4231691.719
9 60 4487594.012
9 61 3316225.541
9 62 4279747.81
9 63 6415443.718
9 64 2262816.393
9 65 4175555.68
9 66 2047924.439
9 67 4901547.23
9 68 5826414.676
9 69 2893462.216
9 70 3899294.645
9 71 4742162.377
9 72 2209960.074
9 73 1839110.861
9 74 4326731.278
9 75 3732153.242
9 76 4540309.213
9 77 5994875.474
9 78 6128499.882
9 79 7209073.085
9 80 5759489.178
9 81 2287019.075
9 82 5801976.115
9 83 3563575.483
9 84 4168093.966
9 85 2936917.169
9 86 2484623.686
9 87 3661167.163
9 88 6352609.215
9 89 3054873.027
9 90 2136401.854
9 91 2483602.688
9 92 3513875.467
9 93 4624732.762
9 94 6571736.102
9 95 5305320.381
9 96 2463590.301
9 97 2311145.822
9 98 3378637.557
9 99 4816590.601
10 11 5200084.086
10 12 2218929.665
10 13 155041.1025
10 14 5976674.077
10 15 5504346.538
10 16 11254219.61
10 17 10943295.62
10 18 10602670.63
10 19 6153208.836
10 20 842842.7405
10 21 6592259.015
10 22 6214536.504
10 23 6950164.95
10 24 6907940.468
10 25 7771507.573
10 26 7033597.18
10 27 7441989.469
10 28 810769.2814
10 29 8233347.446
10 30 5273665.505
10 31 4785200.31
10 32 2317319.218
10 33 3282376.541
10 34 8792745.251
10 35 7361947.97
10 36 6862710.998
10 37 9838687.11
10 38 6211566.997
10 39 10127532.12
10 40 1824772.814
10 41 4729085.513
10 42 9756353.071
10 43 2403847.739
10 44 8055076.628
10 45 4191502.13
10 46 2212546.26
10 47 2705668.975
10 48 5336404.694
10 49 3622317.275
10 50 2300006.008
10 51 8372367.913
10 52 8185840.185
10 53 11944045.69
10 54 5266816.455
10 55 8080313.068
10 56 8538805.99
10 57 8296915.939
10 58 8391227.628
10 59 7099110.607
10 60 2373932.257
10 61 8007608.184
10 62 9971158.871
10 63 5013442.675
10 64 7115737.54
10 65 2635894.496
10 66 8001642.569
10 67 11245379.52
10 68 7002626.564
10 69 7196402.334
10 70 7169012.513
10 71 11157565.68
10 72 8708209.889
10 73 4970166.251
10 74 4532996.317
10 75 5400136.159
10 76 6053627.222
10 77 9492255.443
10 78 8375896.78
10 79 412365.0901
10 80 6866148.528
10 81 7365649.59
10 82 10186293.52
10 83 4791528.422
10 84 4276222.594
10 85 3881927.694
10 86 4503282.653
10 87 9561813.994
10 88 728240.148
10 89 3965742.188
10 90 8877713.344
10 91 6079371.988
10 92 3317548.678
10 93 8247698.902
10 94 1956685.026
10 95 10141250.01
10 96 7956365.214
10 97 4517716.026
10 98 4517806.239
10 99 3709058.565
11 12 5861052.996
11 13 5055127.593
11 14 2759934.901
11 15 617535.8941
11 16 6937286.093
11 17 6021756.407
11 18 6409537.272
11 19 6005688.897
11 20 4357241.373
11 21 7312020.69
11 22 5726825.809
11 23 2400864.676
11 24 3926655.261
11 25 3259793.588
11 26 2898298.776
11 27 2768407.218
11 28 5674507.506
11 29 5407274.529
11 30 2429955.62
11 31 6275768.731
11 32 5126932.903
11 33 3014009.373
11 34 3752015.923
11 35 3091660.407
11 36 2785839.142
11 37 6075817.516
11 38 2825366.196
11 39 5917014.447
11 40 4824569.478
11 41 1548836.654
11 42 6509321.922
11 43 3566743.514
11 44 3510634.213
11 45 5318637.389
11 46 5182268.953
11 47 3747497.474
11 48 2516875.365
11 49 2434841.637
11 50 3182827.463
11 51 4610066.859
11 52 4287122.885
11 53 7343812.991
11 54 121928.1904
11 55 3776802.807
11 56 4232373.884
11 57 3142559.494
11 58 6804080.691
11 59 4561410.492
11 60 2966428.718
11 61 3565649.139
11 62 5677754.731
11 63 5728809.517
11 64 3097989.006
11 65 2613577.058
11 66 2955746.264
11 67 6509883.119
11 68 5807916.444
11 69 2846074.614
11 70 3526131.431
11 71 6366312.594
11 72 3536509.235
11 73 367770.1605
11 74 3642232.408
11 75 3429806.972
11 76 4412447.058
11 77 6747946.509
11 78 6487086.363
11 79 5597677.343
11 80 5709652.553
11 81 2606775.291
11 82 6833401.892
11 83 2979973.18
11 84 2701050.744
11 85 1322154.235
11 86 1389025.155
11 87 5107659.315
11 88 4709943.229
11 89 1384647.019
11 90 3678712.07
11 91 2663253.272
11 92 1883206.179
11 93 4521906.383
11 94 5209730.021
11 95 6460220.837
11 96 3090039.047
11 97 961746.5414
11 98 1922579.782
11 99 3848569.12
12 13 2185176.351
12 14 5559179.055
12 15 6338231.662
12 16 10714093.21
12 17 10865122.95
12 18 10026959.65
12 19 4450989.022
12 20 2453948.257
12 21 4576812.712
12 22 4623281.73
12 23 8037950.076
12 24 6170482.687
12 25 7618045.423
12 26 6788157.861
12 27 8491771.847
12 28 1534996.172
12 29 7228020.943
12 30 4938997.927
12 31 2765137.605
12 32 819241.3663
12 33 3023427.272
12 34 9613058.336
12 35 8585298.269
12 36 6619359.935
12 37 9091145.09
12 38 5802788.388
12 39 9592065.533
12 40 1046857.121
12 41 4818835.744
12 42 8778764.986
12 43 2297475.291
12 44 9187191.003
12 45 2461127.153
12 46 719715.6365
12 47 4626441.407
12 48 6818020.505
12 49 5121554.182
12 50 3869599.454
12 51 9823105.663
12 52 7662533.848
12 53 11557732.1
12 54 5961031.292
12 55 7775587.381
12 56 9792151.864
12 57 8636165.995
12 58 6898319.797
12 59 6141322.154
12 60 2991159.839
12 61 9185464.173
12 62 9493613.457
12 63 3219398.148
12 64 6800395.251
12 65 3388951.414
12 66 8816433.638
12 67 10991235.61
12 68 5539123.777
12 69 8379840.429
12 70 8599496.763
12 71 10952641.58
12 72 9343371.408
12 73 5537709.988
12 74 3642842.655
12 75 4633704.027
12 76 4949802.546
12 77 8327415.323
12 78 6991519.259
12 79 2326498.42
12 80 5409727.747
12 81 8368726.12
12 82 9222691.956
12 83 4213027.924
12 84 5888412.067
12 85 4624173.519
12 86 4723277.438
12 87 9209084.372
12 88 2819765.667
12 89 4986665.447
12 90 9343351.729
12 91 5718401.481
12 92 4198807.442
12 93 9705592.038
12 94 652784.7978
12 95 9331795.232
12 96 8909314.838
12 97 4960413.028
12 98 5876458.255
12 99 2780007.958
13 14 5822821.976
13 15 5365709.675
13 16 11099802.61
13 17 10789325.7
13 18 10448604.94
13 19 6040266.632
13 20 699715.3776
13 21 6504887.955
13 22 6094763.436
13 23 6825646.743
13 24 6757500.742
13 25 7616598.489
13 26 6878576.313
13 27 7316283.462
13 28 856021.428
13 29 8087393.407
13 30 5119602.61
13 31 4703210.899
13 32 2231552.821
13 33 3131017.01
13 34 8658345.296
13 35 7245742.403
13 36 6707698.716
13 37 9686735.824
13 38 6057506.402
13 39 9973246.374
13 40 1723981.417
13 41 4574320.411
13 42 9608699.649
13 43 2255235.474
13 44 7934559.488
13 45 4088433.658
13 46 2131535.46
13 47 2642007.096
13 48 5234083.911
13 49 3514685.517
13 50 2187887.091
13 51 8273228.631
13 52 8031910.684
13 53 11789019.21
13 54 5122971.764
13 55 7925309.592
13 56 8426049.864
13 57 8147851.978
13 58 8262593.96
13 59 6953097.572
13 60 2219720.806
13 61 7889622.273
13 62 9816542.195
13 63 4910507.802
13 64 6960861.438
13 65 2484843.777
13 66 7866200.207
13 67 11090465.3
13 68 6874598.068
13 69 7077563.333
13 70 7066605.032
13 71 11002822.57
13 72 8567122.016
13 73 4822308.552
13 74 4390484.011
13 75 5252247.827
13 76 5913372.579
13 77 9349764.271
13 78 8242374.399
13 79 567058.7119
13 80 6738033.455
13 81 7237539.69
13 82 10038108.25
13 83 4641192.048
13 84 4181897.55
13 85 3735824.969
13 86 4349183.669
13 87 9406810.467
13 88 677789.9386
13 89 3830065.502
13 90 8731922.884
13 91 5925027.041
13 92 3173461.972
13 93 8148962.502
13 94 1881458.753
13 95 9990137.818
13 96 7826704.415
13 97 4366452.201
13 98 4403523.195
13 99 3571834.178
14 15 3314808.763
14 16 5284553.867
14 17 5328087.709
14 18 4626810.519
14 19 3725671.32
14 20 5243489.592
14 21 5156294.47
14 22 3363519.247
14 23 4843530.856
14 24 1205477.644
14 25 2110761.404
14 26 1261726.019
14 27 5049859.201
14 28 6098088.533
14 29 2726538.108
14 30 706008.503
14 31 4697068.417
14 32 4741526.718
14 33 2724173.431
14 34 5358994.989
14 35 5576953.282
14 36 1105404.968
14 37 3905825.363
14 38 244600.9395
14 39 4155167.183
14 40 4741409.322
14 41 1574786.208
14 42 4034883.01
14 43 3622152.793
14 44 5769751.361
14 45 3899754.846
14 46 4851023.179
14 47 5714017.726
14 48 5261766.976
14 49 4719770.714
14 50 4806021.052
14 51 7147705.741
14 52 2209312.015
14 53 6037517.765
14 54 2860968.614
14 55 2216436.25
14 56 6558459.992
14 57 3625894.136
14 58 4058367.085
14 59 1802456.119
14 60 3698446.734
14 61 5888861.141
14 62 4012263.548
14 63 3929418.693
14 64 1243940.138
14 65 3604949.935
14 66 4714695.579
14 67 5434145.673
14 68 3186416.607
14 69 5326473.196
14 70 6181496.086
14 71 5393540.767
14 72 4754095.045
14 73 2500752.713
14 74 2032273.299
14 75 1164293.493
14 76 1873559.69
14 77 4094503.097
14 78 3728284.424
14 79 6381279.481
14 80 3110196.373
14 81 4844782.251
14 82 4422454.711
14 83 1349497.972
14 84 5239845.169
14 85 3024111.786
14 86 1896569.704
14 87 3664649.68
14 88 5794894.068
14 89 3579041.916
14 90 4444731.538
14 91 201318.028
14 92 3430720.043
14 93 7078197.073
14 94 5013704.647
14 95 4238930.432
14 96 5110325.008
14 97 2283553.112
14 98 4538473.708
14 99 2803636.555
15 16 7150944.011
15 17 6043210.844
15 18 6663196.041
15 19 6622576.601
15 20 4666498.205
15 21 7928989.615
15 22 6341575.781
15 23 1800730.466
15 24 4452031.499
15 25 3531308.551
15 26 3296716.653
15 27 2195117.285
15 28 6037669.365
15 29 5903661.506
15 30 3030939.66
15 31 6873532.061
15 32 5629547.826
15 33 3573690.655
15 34 3314496.507
15 35 2479211.45
15 36 3205356.601
15 37 6425177.436
15 38 3357377.017
15 39 6177104.716
15 40 5293894.888
15 41 2166352.739
15 42 6930324.01
15 43 4060656.946
15 44 2928523.878
15 45 5913477.884
15 46 5676784.584
15 47 3762060.72
15 48 2060591.461
15 49 2386486.73
15 50 3355766.361
15 51 3992552.926
15 52 4664278.257
15 53 7470936.57
15 54 496445.7378
15 55 4083274.994
15 56 3632849.819
15 57 3050274.637
15 58 7371569.166
15 59 5107089.694
15 60 3384398.579
15 61 2971741.584
15 62 5922987.868
15 63 6339400.365
15 64 3509472.687
15 65 3006722.789
15 66 2515648.197
15 67 6603038.771
15 68 6405391.581
15 69 2235499.374
15 70 2915217.06
15 71 6440199.244
15 72 3212510.492
15 73 978730.9478
15 74 4257883.707
15 75 4037865.165
15 76 5013435.744
15 77 7224968.224
15 78 7040735.381
15 79 5889384.839
15 80 6309535.426
15 81 2048655.65
15 82 7233275.572
15 83 3597235.201
15 84 2466248.892
15 85 1719581.176
15 86 1999545.444
15 87 5323701.922
15 88 4958710.067
15 89 1548698.115
15 90 3465512.61
15 91 3201546.965
15 92 2219154.289
15 93 3904424.962
15 94 5685447.408
15 95 6815671.232
15 96 2571448.634
15 97 1550483.302
15 98 1675890.432
15 99 4440032.109
16 17 2302294.002
16 18 695493.1365
16 19 7405686.853
16 20 10500396.18
16 21 8648966.926
16 22 7008271.978
16 23 7578042.496
16 24 4548812.014
16 25 3688518.246
16 26 4270495.367
16 27 7404363.098
16 28 11377169.05
16 29 3868726.397
16 30 5982867.51
16 31 9138095.045
16 32 9914027.784
16 33 8007369.993
16 34 6432126.585
16 35 8128681.838
16 36 4434460.37
16 37 1823317.96
16 38 5045999.391
16 39 1130648.991
16 40 9984473.639
16 41 6613496.247
16 42 2731117.252
16 43 8905502.587
16 44 7781778.24
16 45 8636625.936
16 46 10033083.05
16 47 10607022.68
16 48 9118843.659
16 49 9361997.727
16 50 9845462.267
16 51 9408734.1
16 52 3081454.944
16 53 1114234.111
16 54 6963332.89
16 55 3238150.868
16 56 8437572.381
16 57 4588773.244
16 58 5579746.528
16 59 4715601.397
16 60 8933816.019
16 61 7985165.535
16 62 1293799.328
16 63 8292398.263
16 64 4156748.88
16 65 8780637.354
16 66 6426146.45
16 67 1453797.652
16 68 6136843.427
16 69 7952852.169
16 70 9034348.349
16 71 1690044.369
16 72 5630890.103
16 73 6920260.102
16 74 7071250.968
16 75 6080936.359
16 76 5924999.958
16 77 3670021.957
16 78 5117173.391
16 79 11661004.24
16 80 6194818.405
16 81 7221589.656
16 82 2457711.777
16 83 6560516.624
16 84 9604545.074
16 85 7878682.822
16 86 6895364.442
16 87 1830694.15
16 88 11029282.94
16 89 8243339.727
16 90 4910971.155
16 91 5174978.446
16 92 8408662.492
16 93 9410516.974
16 94 10223179.16
16 95 1818788.617
16 96 6995229.988
16 97 7079581.971
16 98 8812184.02
16 99 7940145.019
17 18 2476231.102
17 19 8369062.623
17 20 10126763.21
17 21 9752148.21
17 22 7956328.799
17 23 5971686.912
17 24 5087760.654
17 25 3248120.439
17 26 4079266.578
17 27 5690799.538
17 28 11226729.9
17 29 5088098.844
17 30 5926142.209
17 31 9833604.944
17 32 10045892.32
17 33 7909818.176
17 34 4457574.223
17 35 6398495.665
17 36 4246760.629
17 37 3439208.468
17 38 5089642.207
17 39 2399652.713
17 40 9988041.319
17 41 6228242.57
17 42 4510339.831
17 43 8775104.079
17 44 5919461.527
17 45 9148744.669
17 46 10149657.25
17 47 9762711.078
17 48 7784673.993
17 49 8413841.825
17 50 9172599.558
17 51 7494270.019
17 52 3542222.988
17 53 1794985.07
17 54 6008185.621
17 55 3145262.686
17 56 6483593.386
17 57 3049584.666
17 58 7082442.448
17 59 5536800.375
17 60 8569786.893
17 61 6128204.14
17 62 2209367.502
17 63 9003095.708
17 64 4086546.805
17 65 8326090.525
17 66 4646302
17 67 901692.1995
17 68 7248253.555
17 69 6265398.118
17 70 7323928.943
17 71 646484.1675
17 72 3729310.65
17 73 6125045.947
17 74 7345017.738
17 75 6393193.925
17 76 6599856.661
17 77 5424935.188
17 78 6591257.252
17 79 11355370.18
17 80 7266487.756
17 81 5539652.866
17 82 4395538.611
17 83 6675219.461
17 84 8477628.575
17 85 7201946.523
17 86 6440282.81
17 87 1978883.613
17 88 10580328.46
17 89 7405412.523
17 90 3044595.719
17 91 5156659.092
17 92 7775422.803
17 93 7515601.716
17 94 10292446.56
17 95 3660484.443
17 96 5184607.735
17 97 6464370.617
17 98 7702059.21
17 99 8130639.922
18 19 6723383.878
18 20 9858193.354
18 21 7982343.897
18 22 6323935.955
18 23 7223854.709
18 24 3858627.201
18 25 3149956.354
18 26 3662914.43
18 27 7089778.419
18 28 10709589.63
18 29 3192217.934
18 30 5329007.537
18 31 8445010.853
18 32 9228959.347
18 33 7344852.797
18 34 6241011.316
18 35 7811158.734
18 36 3821959.997
18 37 1171616.098
18 38 4391104.284
18 39 495057.8664
18 40 9307423.583
18 41 5995524.339
18 42 2163696.122
18 43 8242594.285
18 44 7520598.785
18 45 7941194.916
18 46 9348681.813
18 47 10035528.18
18 48 8666841.002
18 49 8817697.273
18 50 9248117.91
18 51 9154860.566
18 52 2417779.766
18 53 1734555.855
18 54 6443674.325
18 55 2655085.397
18 56 8210670.15
18 57 4284259.471
18 58 4964409.911
18 59 4020619.911
18 60 8296602.972
18 61 7719347.314
18 62 742470.5192
18 63 7599063.446
18 64 3533411.346
18 65 8156150.502
18 66 6152147.913
18 67 1774175.122
18 68 5463234.421
18 69 7621840.704
18 70 8700496.404
18 71 1959386.681
18 72 5423239.645
18 73 6368361.657
18 74 6384448.261
18 75 5395330.474
18 76 5229526.57
18 77 3108972.55
18 78 4492258.853
18 79 11007893.91
18 80 5517657.1
18 81 6898280.019
18 82 1962846.045
18 83 5886232.094
18 84 9097226.837
18 85 7294959.622
18 86 6284896.062
18 87 1377040.247
18 88 10394715.03
18 89 7685842.656
18 90 4709453.744
18 91 4525561.806
18 92 7813477.964
18 93 9147769.144
18 94 9541277.876
18 95 1253722.535
18 96 6723533.524
18 97 6492975.467
18 98 8307094.178
18 99 7255630.695
19 20 5822452.424
19 21 1443597.131
19 22 412733.9349
19 23 8351521.73
19 24 3340978.877
19 25 5543716.67
19 26 4778727.961
19 27 8634206.128
19 28 5778219.356
19 29 3539820.711
19 30 3665584.126
19 31 1938263.452
19 32 3917032.807
19 33 3720494.925
19 34 9080106.686
19 35 9070234.175
19 36 4674944.084
19 37 5593724.919
19 38 3860181.736
19 39 6408059.265
19 40 4337637.58
19 41 4458410.356
19 42 4933939.31
19 43 4149380.621
19 44 9374973.959
19 45 2007148.668
19 46 4042353.414
19 47 7410500.367
19 48 8202387.734
19 49 7024451.764
19 50 6381531.176
19 51 10611671.29
19 52 4828495.825
19 53 8439524.231
19 54 6126216.448
19 55 5354608.501
19 56 10146325
19 57 7310262.413
19 58 2512071.159
19 59 2832708.265
19 60 4912353.494
19 61 9470327.078
19 62 6426754.032
19 63 1238079.805
19 64 4641360.23
19 65 5136534.512
19 66 8414171.833
19 67 8157494.889
19 68 1315059.43
19 69 8820099.417
19 70 9523785.348
19 71 8212327.597
19 72 8477509.686
19 73 5653935.879
19 74 2443381.374
19 75 2655563.956
19 76 1894563.338
19 77 4242538.962
19 78 2715012.043
19 79 6440268.442
19 80 1229155.654
19 81 8440216.588
19 82 5360442.976
19 83 3026416.596
19 84 7760478.452
19 85 5516922.44
19 86 4663751.685
19 87 6414925.861
19 88 6414281.956
19 89 6149313.337
19 90 8134605.363
19 91 3920848.956
19 92 5560091.361
19 93 10525944.37
19 94 4309267.536
19 95 5703939.169
19 96 8772606.191
19 97 5151952.235
19 98 7282241.053
19 99 2765652.931
20 21 6435061.184
20 22 5831479.065
20 23 6143003.098
20 24 6230030.3
20 25 6975525.473
20 26 6256443.36
20 27 6631405.725
20 28 1448332.301
20 29 7607196.987
20 30 4537543.118
20 31 4679721.462
20 32 2255751.677
20 33 2613110.781
20 34 7961790.009
20 35 6579471.006
20 36 6086843.676
20 37 9133627.94
20 38 5472872.688
20 39 9377983.393
20 40 1700294.528
20 41 3931449.413
20 42 9108013.892
20 43 1797761.402
20 44 7258911.112
20 45 3954130.876
20 46 2187044.635
20 47 2176495.576
20 48 4605958.101
20 49 2877898.783
20 50 1549760.945
20 51 7648903.545
20 52 7446821.533
20 53 11162800.05
20 54 4424159.917
20 55 7304077.595
20 56 7766801.113
20 57 7457192.348
20 58 7926786.161
20 59 6475378.771
20 60 1573587.003
20 61 7219136.522
20 62 9212129.303
20 63 4765450.862
20 64 6349102.618
20 65 1804611.76
20 66 7168810.031
20 67 10447946.18
20 68 6548732.879
20 69 6405758.162
20 70 6434752.277
20 71 10354294.8
20 72 7867412.613
20 73 4128954.424
20 74 3961880.234
20 75 4761345.314
20 76 5494687.257
20 77 8899961.035
20 78 7869913.312
20 79 1244452.494
20 80 6412208.821
20 81 6548863.613
20 82 9531069.139
20 83 4123768.134
20 84 3582092.104
20 85 3039372.207
20 86 3692327.506
20 87 8784459.304
20 88 606030.5226
20 89 3133063.825
20 90 8034953.833
20 91 5333536.172
20 92 2474785.488
20 93 7525893.964
20 94 1983804.97
20 95 9448266.259
20 96 7135670.209
20 97 3685022.634
20 98 3745445.958
20 99 3202596.162
21 22 1840466.085
21 23 9689530.543
21 24 4770487.647
21 25 6983782.966
21 26 6222298.603
21 27 9994862.779
21 28 6064471.078
21 29 4795053.725
21 30 5046491.073
21 31 1819213.538
21 32 4275002.239
21 33 4748005.817
21 34 10499831.09
21 35 10398309.84
21 36 6118270.221
21 37 6825681.257
21 38 5298086.951
21 39 7704074.615
21 40 4789402.232
21 41 5766058.317
21 42 6051674.712
21 43 4964587.226
21 44 10739515.79
21 45 2499896.212
21 46 4381060.652
21 47 8263534.227
21 48 9381913.664
21 49 8068937.943
21 50 7258977.639
21 51 11920175.33
21 52 6223151.537
21 53 9713695.654
21 54 7433729.458
21 55 6779781.897
21 56 11501325.04
21 57 8752142.925
21 58 3307044.268
21 59 4224779.691
21 60 5818877.373
21 61 10825841.74
21 62 7747893.818
21 63 1744749.009
21 64 6083850.759
21 65 6104515.305
21 66 9820404.528
21 67 9493659.79
21 68 2529334.204
21 69 10150086.24
21 70 10800582.78
21 71 9563284.964
21 72 9910382.25
21 73 6951540.756
21 74 3675553.378
21 75 4056062.982
21 76 3338130.311
21 77 5249699.452
21 78 3662973.273
21 79 6809976.446
21 80 2493787.103
21 81 9805652.932
21 82 6452074.515
21 83 4347061.238
21 84 8836078.235
21 85 6684424.965
21 86 5938955.355
21 87 7783905.976
21 88 6987709.284
21 89 7300668.131
21 90 9576302.357
21 91 5353350.441
21 92 6641588.324
21 93 11829393.44
21 94 4641779.938
21 95 6886880.467
21 96 10161253.5
21 97 6416106.186
21 98 8432868.734
21 99 3744743.669
22 23 8048994.357
22 24 2933373.448
22 25 5143382.184
22 26 4387219.125
22 27 8318021.472
22 28 5888680.29
22 29 3147168.274
22 30 3350120.618
22 31 2248879.72
22 32 4035084.299
22 33 3600438.984
22 34 8722439.85
22 35 8772158.508
22 36 4287630.106
22 37 5200496.37
22 38 3487224.732
22 39 6003128.231
22 40 4418796.453
22 41 4186675.093
22 42 4567419.966
22 43 4109055.244
22 44 9055569.795
22 45 2162182.55
22 46 4163364.302
22 47 7323118.435
22 48 7979348.209
22 49 6864450.851
22 50 6291637.919
22 51 10322040.45
22 52 4415833.01
22 53 8036601.191
22 54 5846250.321
22 55 4945936.2
22 56 9831783.103
22 57 6926818.051
22 58 2277729.757
22 59 2420019.79
22 60 4825140.557
22 61 9156190.681
22 62 6018519.342
22 63 1473582.487
22 64 4245032.351
22 65 5022017.964
22 66 8067850.153
22 67 7747173.877
22 68 975103.2244
22 69 8521339.464
22 70 9251756.957
22 71 7800813.831
22 72 8107285.215
22 73 5381380.465
22 74 2248032.849
22 75 2331740.876
22 76 1508973.841
22 77 3908657.589
22 78 2421858.077
22 79 6520012.191
22 80 869585.188
22 81 8121375.927
22 82 4998478.397
22 83 2760875.163
22 84 7584165.921
22 85 5311524.339
22 86 4409273.343
22 87 6002578.448
22 88 6430753.232
22 89 5947519.595
22 90 7751352.752
22 91 3555766.394
22 92 5393576.362
22 93 10239024.14
22 94 4426843.154
22 95 5320353.525
22 96 8438486.38
22 97 4900303.049
22 98 7075386.116
22 99 2692497.903
23 24 5859551.924
23 25 4356785.615
23 26 4449724
23 27 499869.9356
23 28 7571987.042
23 29 7185389.78
23 30 4700774.508
23 31 8673472.228
23 32 7364178.365
23 33 5365403.194
23 34 2046868.839
23 35 733467.3991
23 36 4415623.433
23 37 7266879.592
23 38 4825408.198
23 39 6777166.284
23 40 6991331.579
23 41 3927978.411
23 42 7962914.2
23 43 5797240.455
23 44 1150228.492
23 45 7713986.436
23 46 7401865.851
23 47 4736832.304
23 48 2048176.297
23 49 3418889.949
23 50 4669877.315
23 51 2304646.428
23 52 5663744.377
23 53 7636570.294
23 54 2279582.423
23 55 4940968.577
23 56 1832457.732
23 57 3004802.398
23 58 8859476.593
23 59 6556433.222
23 60 5049206.306
23 61 1172958.692
23 62 6493820.371
23 63 8127766.602
23 64 4674997.949
23 65 4654400.633
23 66 1419989.323
23 67 6708058.971
23 68 8019186.677
23 69 483749.4218
23 70 1492581.159
23 71 6497954.281
23 72 2386328.143
23 73 2768455.238
23 74 6032515.258
23 75 5720356.173
23 76 6654598.748
23 77 8418664.86
23 78 8483449.996
23 79 7304270.392
23 80 7934673.687
23 81 501470.8567
23 82 8195799.744
23 83 5343167.254
23 84 3052007.156
23 85 3431970.467
23 86 3789632.123
23 87 5848077.507
23 88 6322700.598
23 89 3068493.46
23 90 2962521.126
23 91 4692677.536
23 92 3843364.12
23 93 2238706.019
23 94 7387703.177
23 95 7661313.101
23 96 1090823.251
23 97 3350668.146
23 98 2494451.573
23 99 6240749.173
24 25 2235570.544
24 26 1573767.288
24 27 6006148.574
24 28 6926591.524
24 29 1522448.986
24 30 1814673.895
24 31 4755894.153
24 32 5377176.929
24 33 3628072.259
24 34 6074261.866
24 35 6589080.508
24 36 1529130.436
24 37 2952208.113
24 38 1101588.672
24 39 3435734.382
24 40 5484920.344
24 41 2769381.53
24 42 2899473.35
24 43 4506772.283
24 44 6694378.177
24 45 4136500.524
24 46 5498607.078
24 47 6879291.608
24 48 6440854.431
24 49 5920577.443
24 50 5942999.782
24 51 8156374.641
24 52 1576413.91
24 53 5443147.995
24 54 4020791.172
24 55 2014366.195
24 56 7488090.74
24 57 4115734.516
24 58 3009037.544
24 59 710389.4234
24 60 4738361.02
24 61 6833375.105
24 62 3365204.02
24 63 3919350.698
24 64 1386765.519
24 65 4697952.517
24 66 5521342.098
24 67 4993675.258
24 68 2433624.107
24 69 6342462.951
24 70 7256910.532
24 71 5008560.256
24 72 5375904.504
24 73 3689155.257
24 74 2530911.882
24 75 1550380.428
24 76 1512391.41
24 77 2891662.739
24 78 2624058.105
24 79 7300517.915
24 80 2400825.779
24 81 5795252.408
24 82 3310343.421
24 83 2116429.253
24 84 6445086.154
24 85 4220171.433
24 86 3090664.715
24 87 3196513.276
24 88 6806204.812
24 89 4783266.657
24 90 4931941.892
24 91 1266414.411
24 92 4602416.705
24 93 8096297.393
24 94 5698851.091
24 95 3236671.8
24 96 5978752.013
24 97 3488676.486
24 98 5739406.094
24 99 3408092.279
25 26 849136.3669
25 27 4349517.958
25 28 8008198.348
25 29 3069984.931
25 30 2679401.276
25 31 6758995.687
25 32 6798893.64
25 33 4667945.496
25 34 4034325.436
25 35 5030364.173
25 36 1008633.698
25 37 2937614.59
25 38 1883122.698
25 39 2658165.251
25 40 6742645.363
25 41 3044342.582
25 42 3612304.794
25 43 5542056.635
25 44 4936733.48
25 45 5998569.711
25 46 6901990.432
25 47 6922086.489
25 48 5565923.311
25 49 5675447.3
25 50 6188548.202
25 51 6525110.7
25 52 1336952.131
25 53 4205443.343
25 54 3294021.599
25 55 584776.1543
25 56 5709911.119
25 57 1955690.265
25 58 5026418.165
25 59 2885784.183
25 60 5403561.931
25 61 5108937.51
25 62 2418588.189
25 63 5959949.929
25 64 918401.152
25 65 5199507.412
25 66 3623379.862
25 67 3473877.71
25 68 4661645.341
25 69 4807674.311
25 70 5846449.528
25 71 3391551.119
25 72 3268185.587
25 73 3231741.872
25 74 4142968.313
25 75 3235597.41
25 76 3660050.494
25 77 4145716.89
25 78 4571428.668
25 79 8183594.616
25 80 4634385.542
25 81 4139729.858
25 82 3839576.908
25 83 3443900.857
25 84 5949007.543
25 85 4208440.854
25 86 3292541.046
25 87 1870075.255
25 88 7466635.974
25 89 4555027.497
25 90 2742949.581
25 91 1927690.435
25 92 4753566.665
25 93 6490106.718
25 94 7044493.989
25 95 3332791.846
25 96 4154035.692
25 97 3417384.651
25 98 5160084.534
25 99 4897513.627
26 27 4536806.245
26 28 7230590.255
26 29 2738411.054
26 30 1852062.89
26 31 5923381.847
26 32 5968973.162
26 33 3868668.126
26 34 4503566.578
26 35 5164038.985
26 36 172224.995
26 37 3188288.736
26 38 1034826.526
26 39 3170382.531
26 40 5931573.584
26 41 2344385.796
26 42 3633812.256
26 43 4754283.519
26 44 5194752.659
26 45 5152126.72
26 46 6074328.256
26 47 6388030.204
26 48 5356301.707
26 49 5218733.496
26 50 5585251.633
26 51 6712740.453
26 52 1390843.392
26 53 4910494.986
26 54 2960490.765
26 55 1047641.821
26 56 5985951.371
26 57 2556477.002
26 58 4536135.209
26 59 2275339.364
26 60 4683703.796
26 61 5346212.494
26 62 2976696.416
26 63 5132783.334
26 64 225304.0143
26 65 4513645.349
26 66 3973409.36
26 67 4241283.874
26 68 3993468.665
26 69 4924912.232
26 70 5903325.551
26 71 4180779.716
26 72 3802712.893
26 73 2781723.131
26 74 3293853.605
26 75 2392571.486
26 76 2884541.313
26 77 3983142.58
26 78 4115499.102
26 79 7444223.296
26 80 3950418.858
26 81 4324081.161
26 82 3940894.169
26 83 2599285.567
26 84 5588603.089
26 85 3640347.797
26 86 2625213.545
26 87 2528673.421
26 88 6770698.333
26 89 4068684.153
26 90 3378484.484
26 91 1080718.883
26 92 4151207.13
26 93 6662615.07
26 94 6223831.928
26 95 3567879.947
26 96 4453095.272
26 97 2837675.98
26 98 4818897.893
26 99 4054304.423
27 28 8056357.102
27 29 7272846.677
27 30 4969760.485
27 31 9039312.237
27 32 7805162.226
27 33 5768117.05
27 34 1581243.45
27 35 724348.0354
27 36 4521362.105
27 37 7212498.401
27 38 5009072.74
27 39 6659056.793
27 40 7444932.478
27 41 4257826.414
27 42 7960559.032
27 43 6236025.751
27 44 747091.904
27 45 8084783.668
27 46 7846641.436
27 47 5235027.491
27 48 2519138.599
27 49 3918670.661
27 50 5165745.008
27 51 2182139.037
27 52 5678157.554
27 53 7395404.725
27 54 2649889.372
27 55 4927469.004
27 56 1514163.01
27 57 2816298.043
27 58 9014955.12
27 59 6711485.693
27 60 5508164.053
27 61 840018.6036
27 62 6371224.568
27 63 8467343.434
27 64 4760398.828
27 65 5115961.08
27 66 1052917.146
27 67 6461070.97
27 68 8236091.438
27 69 576627.6252
27 70 1640854.45
27 71 6241768.702
27 72 2017201.959
27 73 3134621.003
27 74 6360583.164
27 75 5986384.462
27 76 6892602.115
27 77 8465901.398
27 78 8622163.526
27 79 7798434.09
27 80 8157670.446
27 81 212783.4564
27 82 8169581.472
27 83 5650586.851
27 84 3543468.312
27 85 3872965.9
27 86 4146226.981
27 87 5722293.02
27 88 6818648.005
27 89 3540382.641
27 90 2650498.923
27 91 4887143.344
27 92 4306134.643
27 93 2141678.351
27 94 7840225.294
27 95 7604219.596
27 96 616790.9947
27 97 3729070.161
27 98 2994312.823
27 99 6616546.54
28 29 8163831.127
28 30 5411202.248
28 31 4245259.077
28 32 1861251.377
28 33 3375253.866
28 34 9349170.822
28 35 8023094.448
28 36 7058379.935
28 37 9878053.015
28 38 6339853.056
28 39 10246566.33
28 40 1502366.084
28 41 5002665.402
28 42 9707639.967
28 43 2479609.297
28 44 8695409.245
28 45 3775675.453
28 46 1736903.374
28 47 3497978.517
28 48 6051327.532
28 49 4324504.275
28 50 2994919.845
28 51 9093959.751
28 52 8295839.993
28 53 12125069.81
28 54 5752931.774
28 55 8267196.938
28 56 9213022.164
28 57 8702349.688
28 58 8124492.469
28 59 7037306.887
28 60 2729879.602
28 61 8659940.849
28 62 10110201.44
28 63 4584807.178
28 64 7289160.427
28 65 3061610.876
28 66 8551906.223
28 67 11469837.54
28 68 6738511.667
28 69 7845999.175
28 70 7881516.452
28 71 11398668.87
28 72 9208987.332
28 73 5410286.545
28 74 4449922.783
28 75 5384275.715
28 76 5922496.999
28 77 9368144.772
28 78 8155203.595
28 79 799861.2593
28 80 6603765.115
28 81 7966366.662
28 82 10145288.92
28 83 4829865.045
28 84 5014833.747
28 85 4354858.049
28 86 4816013.125
28 87 9742828.926
28 88 1529028.808
28 89 4531485.235
28 90 9327175.381
28 91 6222582.366
28 92 3819734.569
28 93 8970550.552
28 94 1469318.744
28 95 10159023.11
28 96 8546444.677
28 97 4906722.733
28 98 5193016.825
28 99 3580395.937
29 30 3324075.614
29 31 5327674.359
29 32 6481068.151
29 33 4995218.048
29 34 7103394.751
29 35 7902010.105
29 36 2771307.606
29 37 2053934.777
29 38 2603009.147
29 39 2912542.639
29 40 6678164.753
29 41 4291160.19
29 42 1552087.098
29 43 5835859.752
29 44 7919023.323
29 45 4941595.606
29 46 6608980.197
29 47 8383484.849
29 48 7923875.971
29 49 7442901.758
29 50 7430923.273
29 51 9450641.77
29 52 1821023.047
29 53 4919960.964
29 54 5495005.86
29 55 2595903.758
29 56 8706753.243
29 57 5018465.028
29 58 2047440.947
29 59 1134305.34
29 60 6170242.191
29 61 8075872.483
29 62 2976111.504
29 63 4491007.899
29 64 2513772.656
29 65 6164127.811
29 66 6656020.287
29 67 4728080.003
29 68 2271303.839
29 69 7662082.073
29 70 8627581.709
29 71 4819833.23
29 72 6336101.106
29 73 5189493.02
29 74 3716756.752
29 75 2845912.743
29 76 2278264.961
29 77 1369551.458
29 78 1561749.398
29 79 8611607.8
29 80 2326201.372
29 81 7060064.231
29 82 1995254.781
29 83 3496258.015
29 84 7963384.135
29 85 5741655.551
29 86 4612157.997
29 87 3116160.597
29 88 8197702.607
29 89 6305360.124
29 90 5779248.007
29 91 2772195.959
29 92 6113663.015
29 93 9400998.291
29 94 6836139.963
29 95 2186689.384
29 96 7161326.017
29 97 5010069.652
29 98 7249823.993
29 99 4583885.235
30 31 4347989.042
30 32 4119779.755
30 33 2036360.758
30 34 5485527.814
30 35 5426441.391
30 36 1681955.577
30 37 4608471.779
30 38 937904.0524
30 39 4854759.076
30 40 4082498.644
30 41 1005349.131
30 42 4698982.077
30 43 2932012.008
30 44 5709588.566
30 45 3480412.006
30 46 4223755.667
30 47 5064667.238
30 48 4851752.708
30 49 4140547.556
30 50 4133243.607
30 51 6983196.091
30 52 2912643.151
30 53 6714700.202
30 54 2544232.647
30 55 2865993.329
30 56 6482880.706
30 57 3950036.529
30 58 4424093.551
30 59 2297567.468
30 60 2993778.247
30 61 5807060.99
30 62 4705272.398
30 63 3643543.098
30 64 1884726.585
30 65 2910388.014
30 66 4782207.098
30 67 6083536.454
30 68 3378131.422
30 69 5175276.259
30 70 5944583.239
30 71 6030173.341
30 72 4960666.227
30 73 2114304.883
30 74 1583558.789
30 75 1019586.777
30 76 1982885.192
30 77 4691515.658
30 78 4149620.299
30 79 5679196.154
30 80 3279814.778
30 81 4774875.746
30 82 5096806.131
30 83 820885.0797
30 84 4714359.757
30 85 2434744.93
30 86 1314979.072
30 87 4334331.101
30 88 5089330.946
30 89 3027697.665
30 90 4744770.263
30 91 811534.5052
30 92 2789859.651
30 93 6903600.128
30 94 4371778.868
30 95 4937353.503
30 96 5114938.15
30 97 1764557.913
30 98 4056460.295
30 99 2237231.325
31 32 2472087.813
31 33 3389074.28
31 34 9783087.464
31 35 9343874.262
31 36 5783516.518
31 37 7361265.833
31 38 4899286.946
31 39 8083992.461
31 40 3002365.042
31 41 4803729.781
31 42 6797509.686
31 43 3373824.264
31 44 9784237.597
31 45 965030.2014
31 46 2572818.044
31 47 6615244.227
31 48 8056135.652
31 49 6593983.678
31 50 5644938.757
31 51 10797541.6
31 52 6329019.682
31 53 10122661.04
31 54 6396156.118
31 55 6706913.889
31 56 10505929.32
31 57 8285448.39
31 58 4443562.492
31 59 4432175.844
31 60 4269075.452
31 61 9841223.013
31 62 8061789.383
31 63 846643.6068
31 64 5843678.345
31 65 4602928.215
31 66 9042112.84
31 67 9740200.016
31 68 3222835.084
31 69 9104601.057
31 70 9622945.983
31 71 9762806.722
31 72 9300833.907
31 73 5908138.659
31 74 2772144.663
31 75 3536093.932
31 76 3257601.665
31 77 6157531.984
31 78 4651204.005
31 79 4993409.906
31 80 3118051.68
31 81 8868689.489
31 82 7233151.265
31 83 3537881.75
31 84 7382086.389
31 85 5409333.571
31 86 4893110.958
31 87 7949609.688
31 88 5211924.346
31 89 5980442.828
31 90 9088742.256
31 91 4896231.865
31 92 5248536.363
31 93 10696185.41
31 94 2829949.338
31 95 7514282.787
31 96 9300518.415
31 97 5323057.229
31 98 7082926.432
31 99 2438662.316
32 33 2223464.206
32 34 8873733.8
32 35 7940253.153
32 36 5800135.004
32 37 8310091.888
32 38 4985344.148
32 39 8789725.285
32 40 556589.2043
32 41 4021596.434
32 42 8033148.374
32 43 1569525.41
32 44 8514275.091
32 45 1915330.064
32 46 130507.2934
32 47 4333608.847
32 48 6273678.432
32 49 4625090.992
32 50 3461818.782
32 51 9234490.298
32 52 6855166.557
32 53 10747485.17
32 54 5231329.809
32 55 6957950.902
32 56 9145636.615
32 57 7838748.536
32 58 6286137.664
32 59 5379256.427
32 60 2365098.021
32 61 8523764.521
32 62 8686663.588
32 63 2728669.536
32 64 5982061.18
32 65 2762587.859
32 66 8080603.65
32 67 10174603.23
32 68 4906427.062
32 69 7726306.435
32 70 8014774.069
32 71 10134681.36
32 72 8576720.029
32 73 4792692.467
32 74 2846295.307
32 75 3833629.998
32 76 4206182.932
32 77 7620597.926
32 78 6341030.034
32 79 2552582.013
32 80 4773256.3
32 81 7672852.956
32 82 8475959.081
32 83 3396810.48
32 84 5411558.672
32 85 3933187.448
32 86 3941437.643
32 87 8394646.928
32 88 2753971.078
32 89 4349754.68
32 90 8555963.925
32 91 4899768.479
32 92 3556464.394
32 93 9120184.138
32 94 392471.0964
32 95 8559922.336
32 96 8198892.198
32 97 4205409.476
32 98 5310776.268
32 99 1974038.247
33 34 6715623.999
33 35 6005485.192
33 36 3696615.8
33 37 6556848.252
33 38 2965194.999
33 39 6877262.501
33 40 2081937.542
33 41 1798133.158
33 42 6495930.791
33 43 898138.7882
33 44 6501740.466
33 45 2427384.492
33 46 2306430.054
33 47 3733321.342
33 48 4678520.821
33 49 3327105.23
33 50 2703026.176
33 51 7423888.711
33 52 4927852.314
33 53 8751014.873
33 54 3127884.015
33 55 4897804.734
33 56 7189758.041
33 57 5615473.244
33 58 5468685.181
33 59 3864881.115
33 60 1258431.442
33 61 6538334.159
33 62 6736316.932
33 63 3020118.562
33 64 3917754.374
33 65 1421587.399
33 66 5932552.696
33 67 8109637.317
33 68 4137113.856
33 69 5773326.491
33 70 6239255.64
33 71 8047737.294
33 72 6375772.307
33 73 2658095.174
33 74 1439016.024
33 75 2149481.17
33 76 2941384.918
33 77 6298320.859
33 78 5352919.289
33 79 3679230.766
33 80 4004568.222
33 81 5615213.566
33 82 6920594.893
33 83 1513775.34
33 84 4088454.255
33 85 2021509.251
33 86 1733776.95
33 87 6370003.881
33 88 3202630.877
33 89 2595636.145
33 90 6334741.888
33 91 2847502.11
33 92 1895847.053
33 93 7319908.871
33 94 2408767.877
33 95 6859151.603
33 96 6102865.7
33 97 2057440.595
33 98 3711717.857
33 99 1003720.53
34 35 2145075.46
34 36 4548052.288
34 37 6600786.197
34 38 5248171.155
34 39 5870675.748
34 40 8575946.527
34 41 5011393.061
34 42 7488686.463
34 43 7317968.532
34 44 1510733.437
34 45 8862076.729
34 46 8931936.409
34 47 6742981.933
34 48 4093466.294
34 49 5389686.452
34 50 6568301.649
34 51 3037086.04
34 52 5341327.997
34 53 6234503.593
34 54 3653351.574
34 55 4547201.353
34 56 2027834.797
34 57 2116649.247
34 58 9021963.658
34 59 6778765.799
34 60 6692223.545
34 61 1716344.039
34 62 5578896.058
34 63 9120985.697
34 64 4704769.031
34 65 6319359.142
34 66 799735.3151
34 67 5302719.866
34 68 8464153.29
34 69 2106374.873
34 70 3030097.305
34 71 5063044.021
34 72 823980.1948
34 73 4081055.214
34 74 7020108.095
34 75 6446362.392
34 76 7227341.431
34 77 8136804.061
34 78 8582546.32
34 79 9167691.251
34 80 8408069.352
34 81 1548931.08
34 82 7619037.36
34 83 6262923.455
34 84 5089011.514
34 85 5025575.851
34 86 4993496.617
34 87 4945757.9
34 88 8210600.059
34 89 4828733.889
34 90 1531571.446
34 91 5168191.327
34 92 5533182.556
34 93 3061498.412
34 94 8961720.187
34 95 6973306.521
34 96 964479.9869
34 97 4671910.94
34 98 4479704.604
34 99 7441726.294
35 36 5135390.911
35 37 7914999.437
35 38 5558401.839
35 39 7377840.923
35 40 7542130.128
35 41 4632513.797
35 42 8642362.477
35 43 6382609.953
35 44 765357.0898
35 45 8381335.457
35 46 7970397.776
35 47 4990234.669
35 48 2166228.971
35 49 3757795.715
35 50 5062780.6
35 51 1571265.681
35 52 6350151.306
35 53 8113176.104
35 54 2969738.334
35 55 5611973.737
35 56 1206884.512
35 57 3540434.867
35 58 9590911.056
35 59 7287363.536
35 60 5595802.605
35 61 658458.4698
35 62 7090667.15
35 63 8818611.143
35 64 5389056.934
35 65 5197048.052
35 66 1752194.206
35 67 7178034.827
35 68 8751679.219
35 69 251397.2553
35 70 925456.4757
35 71 6956616.011
35 72 2695307.521
35 73 3456902.829
35 74 6733118.118
35 75 6445768.108
35 76 7384996.314
35 77 9121556.138
35 78 9212528.186
35 79 7697132.767
35 80 8666619.322
35 81 913466.2805
35 82 8861982.98
35 83 6055096.93
35 84 3256644.872
35 85 4028692.66
35 86 4478578.394
35 87 6441978.207
35 88 6703660.333
35 89 3598969.08
35 90 3354229.098
35 91 5426062.922
35 92 4389661.09
35 93 1507250.732
35 94 7939755.615
35 95 8307829.561
35 96 1234810.146
35 97 4025320.493
35 98 2845265.778
35 99 6906339.35
36 37 3319991.907
36 38 885968.9028
36 39 3330441.825
36 40 5760277.927
36 41 2179098.537
36 42 3729012.154
36 43 4582065.637
36 44 5191442.407
36 45 5002478.164
36 46 5905061.78
36 47 6238962.841
36 48 5261443.517
36 49 5082335.506
36 50 5427683.521
36 51 6691135.393
36 52 1519113.949
36 53 5081571.263
36 54 2852797.266
36 55 1217775.074
36 56 5984216.115
36 57 2641623.007
36 58 4519179.414
36 59 2237863.993
36 60 4514429.533
36 61 5338122.64
36 62 3140809.447
36 63 4998873.511
36 64 313844.8324
36 65 4347460.307
36 66 3994480.646
36 67 4413452.338
36 68 3926526.88
36 69 4893783.512
36 70 5857326.145
36 71 4352406.946
36 72 3864771.386
36 73 2653918.616
36 74 3137050.754
36 75 2248824.366
36 76 2780674.768
36 77 4042972.304
36 78 4109033.025
36 79 7273224.378
36 80 3878320.197
36 81 4308990.452
36 82 4047572.972
36 83 2435535.972
36 84 5467104.677
36 85 3490015.569
36 86 2463374.474
36 87 2699196.57
36 88 6602796.685
36 89 3929858.08
36 90 3465827.535
36 91 919354.5376
36 92 3995186.263
36 93 6638028.117
36 94 6053511.895
36 95 3695734.078
36 96 4461127.077
36 97 2687827.556
36 98 4702214.924
36 99 3889762.874
37 38 3690716.603
37 39 1042707.369
37 40 8435457.056
37 41 5400611.41
37 42 1071598.983
37 43 7445323.138
37 44 7733547.678
37 45 6912791.451
37 46 8433697.746
37 47 9533981.175
37 48 8478903.159
37 49 8402061.359
37 50 8677409.161
37 51 9356887.959
37 52 1800981.523
37 53 2903893.791
37 54 6130363.909
37 55 2358916.645
37 56 8472746.344
37 57 4517370.611
37 58 3796277.701
37 59 2981361.114
37 60 7601836.185
37 61 7920525.358
37 62 1244091.982
37 63 6518929.091
37 64 3007533.548
37 65 7507863.325
37 66 6371603.458
37 67 2871753.906
37 68 4316235.503
37 69 7703006.167
37 70 8759459.947
37 71 3019554.569
37 72 5778470.6
37 73 5970001.193
37 74 5470004.776
37 75 4500567.276
37 76 4199937.972
37 77 1993404.346
37 78 3321797.742
37 79 10235959.59
37 80 4377088.16
37 81 7008332.753
37 82 1038969.131
37 83 5056433.14
37 84 8773321.019
37 85 6787780.409
37 86 5710001.982
37 87 1732632.418
37 88 9694539.392
37 89 7248608.261
37 90 5100501.025
37 91 3845653.053
37 92 7264312.867
37 93 9333970.983
37 94 8641003.801
37 95 395385.7329
37 96 6933384.426
37 97 5990604.139
37 98 7998386.407
37 99 6350788.184
38 39 3917347.464
38 40 4985864.889
38 41 1744338.98
38 42 3859479.426
38 43 3862877.222
38 44 5719317.049
38 45 4117736.237
38 46 5095097.073
38 47 5894810.438
38 48 5339272.952
38 49 4868153.976
38 50 5001521.643
38 51 7129532.042
38 52 1975010.524
38 53 5793579.195
38 54 2920373
38 55 1972853.422
38 56 6510904.889
38 57 3460591.257
38 58 4042082.013
38 59 1752953.637
38 60 3922069.95
38 61 5845417.171
38 62 3771267.9
38 63 4120238.658
38 64 1003478.349
38 65 3817202.389
38 66 4625765.563
38 67 5189904.893
38 68 3245104.531
38 69 5309135.078
38 70 6191612.686
38 71 5150209.316
38 72 4620068.647
38 73 2589855.784
38 74 2262515.202
38 75 1363516.127
38 76 1982509.909
38 77 3963987.096
38 78 3689784.702
38 79 6616994.614
38 80 3177523.879
38 81 4801465.753
38 82 4238030.741
38 83 1591667.377
38 84 5363659.268
38 85 3183710.995
38 86 2064110.483
38 87 3420121.314
38 88 6020177.796
38 89 3719790.881
38 90 4283028.548
38 91 170523.9465
38 92 3611548.387
38 93 7063737.789
38 94 5258237.877
38 95 4030224.913
38 96 5040534.146
38 97 2422888.092
38 98 4646850.651
38 99 3044384.483
39 40 8855074.829
39 41 5506055.012
39 42 2111729.144
39 43 7775371.698
39 44 7112148.493
39 45 7547658.953
39 46 8908109.108
39 47 9540583.239
39 48 8187672.112
39 49 8323280.313
39 50 8755177.342
39 51 8746562.03
39 52 1950806.625
39 53 2039559.464
39 54 5952186.819
39 55 2160029.05
39 56 7816568.257
39 57 3868788.608
39 58 4789794.582
39 59 3651816.69
39 60 7813985.447
39 61 7308352.334
39 62 292176.5751
39 63 7237351.881
39 64 3044409.962
39 65 7668907.013
39 66 5741741.427
39 67 1849455.267
39 68 5175664.125
39 69 7183436.587
39 70 8259399.057
39 71 1982974.648
39 72 5048430.449
39 73 5873734.266
39 74 5949746.893
39 75 4958382.599
39 76 4846220.263
39 77 3035406.534
39 78 4306247.89
39 79 10533737.06
39 80 5220563.757
39 81 6464377.094
39 82 2011197.335
39 83 5430599.687
39 84 8606750.12
39 85 6800474.76
39 86 5793775.075
39 87 938834.5797
39 88 9911234.913
39 89 7190898.632
39 90 4342584.927
39 91 4048307.964
39 92 7320124.488
39 93 8735529.466
39 94 9096177.051
39 95 1275095.73
39 96 6312376.955
39 97 5998625.204
39 98 7817158.53
39 99 6815690.228
40 41 3849424.317
40 42 8225972.012
40 43 1277624.62
40 44 8140716.734
40 45 2366729.999
40 46 504136.1333
40 47 3784394.023
40 48 5807271.093
40 49 4132627.224
40 50 2933678.778
40 51 8796034.336
40 52 6907560.414
40 53 10777133.94
40 54 4922691.509
40 55 6946710.782
40 56 8749009.085
40 57 7655392.025
40 58 6634747.881
40 59 5557027.72
40 60 1946458.936
40 61 8139978.739
40 62 8734959.744
40 63 3188680.964
40 64 5965555.193
40 65 2345085.003
40 66 7778296.785
40 67 10165664.16
40 68 5246606.47
40 69 7335253.136
40 70 7573268.146
40 71 10111983.07
40 72 8322646.64
40 73 4507005.322
40 74 2976032.46
40 75 3935031.512
40 76 4425954.392
40 77 7869028.228
40 78 6655809.024
40 79 2103525.141
40 80 5111237.415
40 81 7322274.828
40 82 8665589.828
40 83 3425232.428
40 84 4912300.568
40 85 3578292.255
40 86 3728183.586
40 87 8405914.539
40 88 2210417.527
40 89 3943161.888
40 90 8344969.27
40 91 4884237.33
40 92 3153756.872
40 93 8679652.807
40 94 397677.706
40 95 8704240.005
40 96 7864428.242
40 97 3937441.347
40 98 4855259.926
40 99 2097492.204
41 42 5602859.663
41 43 2587600.608
41 44 5004910.961
41 45 3864041.033
41 46 4103500.881
41 47 4151450.962
41 48 3869501.718
41 49 3152523.592
41 50 3277410.847
41 51 6158729.599
41 52 3628206.239
41 53 7235405.842
41 54 1670023.269
41 55 3387962.007
41 56 5750375.919
41 57 3817711.979
41 58 5421568.32
41 59 3296006.378
41 60 2359229.495
41 61 5077450.329
41 62 5319897.638
41 63 4209557.658
41 64 2462118.871
41 65 2169719.202
41 66 4251456.896
41 67 6517692.168
41 68 4329072.492
41 69 4384728.062
41 70 5066738.189
41 71 6428514.359
41 72 4611117.136
41 73 1195789.104
41 74 2105253.368
41 75 1926565.348
41 76 2930178.984
41 77 5660687.863
41 78 5154207.521
41 79 5141375.87
41 80 4222658.655
41 81 4078978.773
41 82 5982178.362
41 83 1432007.966
41 84 3709921.33
41 85 1450874.742
41 86 321819.4633
41 87 4862956.502
41 88 4431270.584
41 89 2026385.178
41 90 4539850.975
41 91 1577543.834
41 92 1869561.479
41 93 6070738.288
41 94 4195169.012
41 95 5752886.65
41 96 4496914.055
41 97 762658.1796
41 98 3053793.309
41 99 2430338.501
42 43 7353743.788
42 44 8529895.866
42 45 6470475.041
42 46 8161034.074
42 47 9748886.101
42 48 8989092.297
42 49 8715577.617
42 50 8832035.871
42 51 10132120.23
42 52 2303428.242
42 53 3844088.54
42 54 6580013.871
42 55 3033148.446
42 56 9290530.318
42 57 5377539.882
42 58 2867274.775
42 59 2670336.079
42 60 7635097.11
42 61 8707980.299
42 62 2313494.477
42 63 5974948.518
42 64 3421520.814
42 65 7596668.597
42 66 7188657.294
42 67 3917583.714
42 68 3621030.965
42 69 8418262.636
42 70 9448128.131
42 71 4077403.189
42 72 6674393.537
42 73 6348899.624
42 74 5257872.809
42 75 4356505.97
42 76 3829592.655
42 77 945537.2709
42 78 2424428.166
42 79 10139557.58
42 80 3705766.647
42 81 7751310.338
42 82 444365.3014
42 83 4984376.861
42 84 9165250.292
42 85 7041967.741
42 86 5923297.636
42 87 2756723.219
42 88 9691389.577
42 89 7561366.717
42 90 6022954.364
42 91 4027939.397
42 92 7465453.602
42 93 10099665.98
42 94 8387715.734
42 95 916318.8121
42 96 7737270.93
42 97 6269870.822
42 98 8414742.966
42 99 6129772.839
43 44 6947035.226
43 45 2483557.125
43 46 1617186.583
43 47 3301729.729
43 48 4800846.451
43 49 3240610.226
43 50 2295042.394
43 51 7708146.247
43 52 5825818.638
43 53 9645460.869
43 54 3668752.803
43 55 5788462.781
43 56 7586197.644
43 57 6381930.184
43 58 6143324.867
43 59 4701712.919
43 60 902130.521
43 61 6959394.381
43 62 7634123.132
43 63 3226231.348
43 64 4809816.227
43 65 1267652.205
43 66 6522449.278
43 67 8995235.257
43 68 4773647.044
43 69 6165373.115
43 70 6494700.788
43 71 8928619.98
43 72 7048636.08
43 73 3240438.461
43 74 2164648.695
43 75 2997239.368
43 76 3697363.207
43 77 7112390.367
43 78 6074965.411
43 79 2793784.365
43 80 4637659.315
43 81 6103330.185
43 82 7782879.414
43 83 2390918.083
43 84 4033636.06
43 85 2365326.709
43 86 2452999.118
43 87 7263314.474
43 88 2402136.302
43 89 2808516.83
43 90 7067566.385
43 91 3743517.992
43 92 2019508.16
43 93 7596457.663
43 94 1649614.623
43 95 7742296.745
43 96 6630877.591
43 97 2663938.554
43 98 3825775.799
43 99 1428409.074
44 45 8828734.761
44 46 8552094.135
44 47 5735864.307
44 48 2924930.416
44 49 4475007.019
44 50 5761769.993
44 51 1634588.062
44 52 6273278.238
44 53 7674120.763
44 54 3391338.063
44 55 5503560.83
44 56 793720.1679
44 57 3243878.749
44 58 9702439.853
44 59 7402695.911
44 60 6197565.689
44 61 208848.8056
44 62 6821008.352
44 63 9214413.957
44 64 5415781.84
44 65 5801995.563
44 66 1370517.833
44 67 6737927.181
44 68 8955612.191
44 69 867440.7907
44 70 1545457.453
44 71 6505879.465
44 72 2192242.147
44 73 3877574.009
44 74 7107601.01
44 75 6724569.761
44 76 7621549.031
44 77 9077455.716
44 78 9300050.159
44 79 8399584.82
44 80 8879782.799
44 81 934769.6825
44 82 8715175.751
44 83 6396366.1
44 84 4007783.578
44 85 4581708.739
44 86 4891458.986
44 87 6173645.664
44 88 7410436.219
44 89 4211906.632
44 90 2898145.796
44 91 5602530.92
44 92 4990888.107
44 93 1629274.988
44 94 8537256.175
44 95 8120536.877
44 96 801407.3472
44 97 4469817.972
44 98 3553371.067
44 99 7359187.147
45 46 2038772.135
45 47 5771341.272
45 48 7100788.114
45 49 5666728.613
45 50 4776558.361
45 51 9832551.273
45 52 5708032.624
45 53 9572417.934
45 54 5438596.42
45 55 6004259.976
45 56 9546308.201
45 57 7430446.263
45 58 4438192.498
45 59 3933086.828
45 60 3362010.282
45 61 8883022.101
45 62 7495993.194
45 63 822091.1331
45 64 5095695.427
45 65 3678094.818
45 66 8112245.83
45 67 9123058.747
45 68 3088646.672
45 69 8142721.131
45 70 8658251.614
45 71 9125840.594
45 72 8403855.173
45 73 4951324.338
45 74 1898152.181
45 75 2765989.718
45 76 2715358.229
45 77 5938782.108
45 78 4546576.257
45 79 4457037.13
45 80 2962113.448
45 81 7916429.139
45 82 6913884.581
45 83 2660282.152
45 84 6450450.057
45 85 4446002.881
45 86 3940124.95
45 87 7321518.133
45 88 4522351.178
45 89 5021561.495
45 90 8222754.348
45 91 4093787.598
45 92 4298224.16
45 93 9731156.352
45 94 2306472.045
45 95 7108319.422
45 96 8357038.929
45 97 4363344.925
45 98 6129555.575
45 99 1475034.511
46 47 4287938.264
46 48 6278780.103
46 49 4618069.023
46 50 3434524.306
46 51 9251150.421
46 52 6971777.572
46 53 10862418.58
46 54 5285204.715
46 55 7067190.471
46 56 9176542.456
46 57 7921211.661
46 58 6415741.632
46 59 5505882.695
46 60 2383500.689
46 61 8558519.032
46 62 8803285.421
46 63 2849628.731
46 64 6090215.046
46 65 2782428.707
46 66 8137467.526
46 67 10284908.5
46 68 5036424.906
46 69 7758610.361
46 70 8030071.004
46 71 10243231.63
46 72 8644966.831
46 73 4851730.713
46 74 2967759.497
46 75 3953581.672
46 76 4334690.026
46 77 7750543.596
46 78 6471427.297
46 79 2437722.904
46 80 4903324.335
46 81 7716996.291
46 82 8603725.023
46 83 3508435.754
46 84 5401489.012
46 85 3973675.769
46 86 4015252.917
46 87 8507063.837
46 88 2669946.661
46 89 4375399.851
46 90 8633270.643
46 91 5007398.424
46 92 3582434.321
46 93 9136057.627
46 94 268024.5001
46 95 8684955.516
46 96 8247573.295
46 97 4267889.186
46 98 5319874.935
46 99 2093063.52
47 48 2839715.225
47 49 1385587.758
47 50 1031551.957
47 51 5791094.211
47 52 7742365.549
47 53 11076961.39
47 54 3755120.023
47 55 7381066.655
47 56 6096886.371
47 57 6809758.711
47 58 9163274.517
47 59 7314009.081
47 60 2499481.697
47 61 5648668.642
47 62 9323764.32
47 63 6527760.202
47 64 6544140.979
47 65 2326032.554
47 66 6004372.241
47 67 10254876.21
47 68 7859913.811
47 69 4870992.881
47 70 4629784.646
47 71 10113607.5
47 72 6858479.457
47 73 3699310.362
47 74 5158285.826
47 75 5670063.548
47 76 6594577.368
47 77 9745957.769
47 78 9003021.531
47 79 2935100.58
47 80 7729107.87
47 81 5211950.209
47 82 10132704.65
47 83 4996525.099
47 84 1737747.817
47 85 2749328.735
47 86 3834239.762
47 87 8791665.587
47 88 1977545.879
47 89 2377875.271
47 90 7203262.044
47 91 5728797.951
47 92 2283659.3
47 93 5664127.127
47 94 4117056.726
47 95 9894149.263
47 96 5817192.3
47 97 3551135.702
47 98 2264818.174
47 99 4645141.891
48 49 1728754.808
48 50 3056607.211
48 51 3042945.446
48 52 6724430.421
48 53 9341580.245
48 54 2429741.578
48 55 6128663.648
48 56 3258045.537
48 57 4736577.036
48 58 9272629.646
48 59 7063630.652
48 60 3922424.913
48 61 2822167.012
48 62 7924413.499
48 63 7682957.568
48 64 5567597.975
48 65 3535961.908
48 66 3444688.218
48 67 8439267.854
48 68 8196063.919
48 69 2075072.091
48 70 1832652.735
48 71 8252325.466
48 72 4389557.84
48 73 2762781.652
48 74 5759939.631
48 75 5792511.229
48 76 6798507.735
48 77 9261047.04
48 78 8976872.831
48 79 5642317.658
48 80 8087264.752
48 81 2549188.719
48 82 9293863.836
48 83 5236944.111
48 84 1102364.417
48 85 2697971.571
48 86 3600481.787
48 87 7307061.612
48 88 4645099.062
48 89 2085829.315
48 90 4889550.504
48 91 5175336.16
48 92 2812313.605
48 93 2920054.363
48 94 6198952.617
48 95 8870620.916
48 96 3131954.096
48 97 3113084.175
48 98 977158.005
48 99 5670618.833
49 50 1329878.22
49 51 4771424.413
49 52 6601087.536
49 53 9777233.413
49 54 2425624.487
49 55 6167681.114
49 56 4920964.945
49 57 5436761.343
49 58 8468152.448
49 59 6437778.992
49 60 2338688.09
49 61 4410987.771
49 62 8092617.967
49 63 6330962.679
49 64 5394528.445
49 65 1991076.473
49 66 4637605.303
49 67 8935672.196
49 68 7251359.401
49 69 3608539.083
49 70 3557035.681
49 71 8785378.669
49 72 5477512.988
49 73 2450345.954
49 74 4619541.26
49 75 4913137.006
49 76 5899977.23
49 77 8812240.161
49 78 8246511.787
49 79 3944355.712
49 80 7128954.787
49 81 3876871.435
49 82 9075957.789
49 83 4270495.354
49 84 793679.0593
49 85 1705825.805
49 86 2832619.207
49 87 7534976.854
49 88 2948442.896
49 89 1156245.513
49 90 5817920.874
49 91 4697880.889
49 92 1472130.082
49 93 4648744.604
49 94 4517401.089
49 95 8775241.414
49 96 4481826.354
49 97 2446627.403
49 98 925312.5398
49 99 4326472.1
50 51 6099483.098
50 52 6903659.335
50 53 10384766.97
50 54 3220614.873
50 55 6607355.639
50 56 6239002.779
50 57 6322888.428
50 58 8145315.154
50 59 6343609.717
50 60 1469269.198
50 61 5710083.119
50 62 8553646.59
50 63 5518343.216
50 64 5723421.267
50 65 1305688.632
50 66 5789921.954
50 67 9598974.4
50 68 6833877.256
50 69 4900351.323
50 70 4886671.059
50 71 9475492.422
50 72 6560248.778
50 73 3047608.596
50 74 4131688.434
50 75 4676014.824
50 76 5582645.504
50 77 8785717.588
50 78 7995674.857
50 79 2637844.622
50 80 6702517.555
50 81 5101351.784
50 82 9226771.738
50 83 4000675.567
50 84 2041462.553
50 85 1985646.757
50 86 2972708.235
50 87 8053448.225
50 88 1652904.129
50 89 1819821.109
50 90 6812162.078
50 91 4840076.922
50 92 1436997.136
50 93 5976331.759
50 94 3298911.741
50 95 9026938.028
50 96 5699567.012
50 97 2771344.437
50 98 2217970.564
50 99 3615880.423
51 52 7856969.193
51 53 9266733.732
51 54 4488730.749
51 55 7099754.156
51 56 1024866.604
51 57 4877997.186
51 58 11160284.19
51 59 8856280.479
51 60 6869465.467
51 61 1439266.821
51 62 8455490.488
51 63 10310104.83
51 64 6937029.076
51 65 6472038.659
51 66 3004821.364
51 67 8332758.416
51 68 10319868.23
51 69 1821293.95
51 70 1223792.582
51 71 8095678.121
51 72 3792390.087
51 73 4968768.066
51 74 8246321.823
51 75 8001222.655
51 76 8949057.818
51 77 10647875.64
51 78 10778785.63
51 79 8667179.466
51 80 10233602.34
51 81 2394462.23
51 82 10329755.49
51 83 7588550.377
51 84 4100733.698
51 85 5409318.687
51 86 5983061.374
51 87 7807975.977
51 88 7672301.664
51 89 4900561.863
51 90 4508529.102
51 91 6997315.09
51 92 5688907.688
51 93 127554.7703
51 94 9191822.723
51 95 9745506.905
51 96 2434426.054
51 97 5513489.534
51 98 3948807.683
51 99 8360619.848
52 53 3898944.639
52 54 4346474.543
52 55 794504.797
52 56 7046843.983
52 57 3233444.967
52 58 3852242.707
52 59 1999178.366
52 60 5891048.348
52 61 6444492.23
52 62 1831516.003
52 63 5489600.16
52 64 1206561.656
52 65 5767370.601
52 66 4958280.896
52 67 3417461.309
52 68 3748859.592
52 69 6122869.372
52 70 7146481.082
52 71 3433787.867
52 72 4554260.034
52 73 4171041.013
52 74 4027311.327
52 75 3036283.78
52 76 3075249.565
52 77 2810246.088
52 78 3374559.446
52 79 8590591.24
52 80 3753952.67
52 81 5467352.409
52 82 2573705.784
52 83 3482341.328
52 84 6979428.137
52 85 4993797.9
52 86 3931123.38
52 87 1620748.6
52 88 7989993.532
52 89 5447825.59
52 90 3971564.735
52 91 2113894.678
52 92 5481170.86
52 93 7819772.711
52 94 7154660.344
52 95 2177528.14
52 96 5490935.32
52 97 4194388.036
52 98 6208779.836
52 99 4882725.863
53 54 7352281.567
53 55 3864566.657
53 56 8262332.104
53 57 4642976.518
53 58 6684868.129
53 59 5690666.67
53 60 9589229.802
53 61 7882172.22
53 62 2077943.976
53 63 9276056.476
53 64 4837304.361
53 65 9400104.651
53 66 6367156.321
53 67 936587.8418
53 68 7191014.564
53 69 7963878.748
53 70 9035890.019
53 71 1171462.609
53 72 5482586.217
53 73 7379634.642
53 74 7926126.023
53 75 6935228.085
53 76 6879912.955
53 77 4784064.326
53 78 6217972.241
53 79 12354717.99
53 80 7242021.737
53 81 7231305.939
53 82 3569565.111
53 83 7359051.942
53 84 9936423.241
53 85 8400005.63
53 86 7494328.754
53 87 2383839.154
53 88 11665768.62
53 89 8699100.431
53 90 4778764.04
53 91 5904079.144
53 92 8953256.238
53 93 9283578.356
53 94 11038550.13
53 95 2929917.004
53 96 6919789.243
53 97 7616951.533
53 98 9146826.536
53 99 8777858.99
54 55 3819709.926
54 56 4111330.926
54 57 3102498.569
54 58 6909675.117
54 59 4660965.19
54 60 3052937.564
54 61 3445093.094
54 62 5709593.86
54 63 5850571.036
54 64 3163640.212
54 65 2694392.427
54 66 2855664.775
54 67 6510971.606
54 68 5921591.264
54 69 2724196.124
54 70 3407770.464
54 71 6363429.368
54 72 3456055.968
54 73 488878.0445
54 74 3764135.513
54 75 3546623.872
54 76 4527064.78
54 77 6831552.915
54 78 6589105.327
54 79 5662268.308
54 80 5824035.364
54 81 2489942.942
54 82 6899479.572
54 83 3100789.974
54 84 2656715.551
54 85 1398073.73
54 86 1510628.621
54 87 5132822.429
54 88 4765377.269
54 89 1409643.267
54 90 3617785.359
54 91 2759749.922
54 92 1949513.121
54 93 4400841.674
54 94 5309210.563
54 95 6516307.806
54 96 2978715.19
54 97 1079241.201
54 98 1871784.619
54 99 3967931.096
55 56 6271519.843
55 57 2439107.824
55 58 4603434.63
55 59 2587356.546
55 60 5731265.846
55 61 5678774.374
55 62 1946763.522
55 63 5885515.69
55 64 981332.8412
55 65 5557669.786
55 66 4176604.56
55 67 3219753.826
55 68 4372918.682
55 69 5390511.321
55 70 6430994.515
55 71 3177447.227
55 72 3759967.036
55 73 3717344.701
55 74 4207801.522
55 75 3248484.946
55 76 3511714.77
55 77 3597303.07
55 78 4133967.137
55 79 8490703.63
55 80 4361057.061
55 81 4718401.164
55 82 3255007.587
55 83 3564037.967
55 84 6475984.346
55 85 4643953.569
55 86 3662126.986
55 87 1481500.935
55 88 7817047.617
55 89 5031828.015
55 90 3184245.705
55 91 2063166.808
55 92 5170636.97
55 93 7066618.29
55 94 7227187.305
55 95 2753552.938
55 96 4715771.742
55 97 3843312.995
55 98 5691079.752
55 99 5013985.156
56 57 3961595.54
56 58 10496086.7
56 59 8196412.697
56 60 6802664.505
56 61 676018.2858
56 62 7524561.433
56 63 9955885.181
56 64 6206455.839
56 65 6403929.057
56 66 2103627.501
56 67 7330418.784
56 68 9744793.688
56 69 1421715.561
56 70 1543396.531
56 71 7090870.736
56 72 2807344.485
56 73 4600105.635
56 74 7855579.798
56 75 7500068.577
56 76 8405753.465
56 77 9854336.788
56 78 10093064.71
56 79 8865312.997
56 80 9667872.908
56 81 1714811.171
56 82 9464787.155
56 83 7154826.326
56 84 4360340.821
56 85 5228165.702
56 86 5620445.868
56 87 6880639.734
56 88 7869075.029
56 89 4805850.115
56 90 3527083.931
56 91 6392763.933
56 92 5596375.993
56 93 1071213.191
56 94 9146631.319
56 95 8856627.635
56 96 1556011.485
56 97 5183059.916
56 98 4022894.719
56 99 8072797.485
57 58 6980749.611
57 59 4799556.061
57 60 5974091.764
57 61 3439569.009
57 62 3577994.237
57 63 7544232.973
57 64 2729467.289
57 65 5666934.869
57 66 1873364.624
57 67 3722612.198
57 68 6546243.539
57 69 3364906.495
57 70 4446271.244
57 71 3524636.014
57 72 1320869.957
57 73 3330581.709
57 74 5533035.399
57 75 4783190.523
57 76 5418263.16
57 77 6021207.341
57 78 6527102.429
57 79 8701644.647
57 80 6505875.496
57 81 2632920.415
57 82 5522507.138
57 83 4770482.821
57 84 5443722.101
57 85 4427439.278
57 86 3929228.943
57 87 2930070.5
57 88 7841651.655
57 89 4509948.66
57 90 824535.3511
57 91 3424764.355
57 92 5003425.152
57 93 4866887.828
57 94 8009062.747
57 95 4898250.918
57 96 2443646.869
57 97 3796186.917
57 98 4678366.38
57 99 6129828.354
58 59 2304363.961
58 60 6726786.85
58 61 9842352.071
58 62 4908285.934
58 63 3734043.145
58 64 4325391.443
58 65 6840106.549
58 66 8509261.491
58 67 6638805.405
58 68 1389327.648
58 69 9343035.993
58 70 10232951.55
58 71 6759136.551
58 72 8284165.092
58 73 6517902.491
58 74 4030157.527
58 75 3555362.263
58 76 2576877.334
58 77 1984069.086
58 78 491944.4831
58 79 8719281.989
58 80 1525505.954
58 81 8804183.089
58 82 3225208.871
58 83 4203776.922
58 84 9102937.957
58 85 6789333.632
58 86 5715678.535
58 87 5131408.699
58 88 8532632.992
58 89 7411436.907
58 90 7765963.585
58 91 4185563.979
58 92 7023475.828
58 93 11097932.73
58 94 6675387.427
58 95 3763727.924
58 96 8980095.157
58 97 6184169.331
58 98 8474549.019
58 99 4724218.749
59 60 5052516.999
59 61 7540327.878
59 62 3636061.366
59 63 3585535.272
59 64 2079428.329
59 65 5063068.323
59 66 6231316.772
59 67 5342988.238
59 68 1786615.762
59 69 7039839.723
59 70 7940748.238
59 71 5387719.109
59 72 6072141.782
59 73 4301510.452
59 74 2587650.837
59 75 1715743.999
59 76 1218639.858
59 77 2447749.56
59 78 1937014.645
59 79 7477878.822
59 80 1774233.509
59 81 6500983.612
59 82 3108761.767
59 83 2374837.629
59 84 7003757.621
59 85 4732109.547
59 86 3610817.939
59 87 3584226.477
59 88 7067435.761
59 89 5322304.601
59 90 5610171.605
59 91 1905633.864
59 92 5063783.113
59 93 8794532.864
59 94 5727041.378
59 95 3195568.653
59 96 6688968.962
59 97 4043160.964
59 98 6323540.747
59 99 3460054.927
60 61 6194332.654
60 62 7643861.673
60 63 4074410.578
60 64 4779402.838
60 65 399359.1253
60 66 5892495.757
60 67 8876840.321
60 68 5393923.906
60 69 5388906.205
60 70 5649714.952
60 71 8785866.564
60 72 6501596.378
60 73 2685995.601
60 74 2697444.392
60 75 3344921.447
60 76 4189788.918
60 77 7498669.109
60 78 6604758.028
60 79 2786215.959
60 80 5260902.775
60 81 5391633.084
60 82 8048704.165
60 83 2677761.326
60 84 3131934.197
60 85 1666754.535
60 86 2129524.069
60 87 7211279.722
60 88 2098952.427
60 89 1996913.224
60 90 6599169.912
60 91 3777541.026
60 92 1207651.386
60 93 6755086.725
60 94 2344019.501
60 95 7926902.864
60 96 5945022.208
60 97 2177904.966
60 98 2952521.023
60 99 2146713.02
61 62 7017474.885
61 63 9284597.682
61 64 5568326.167
61 65 5797091.082
61 66 1567305.048
61 67 6945912.383
61 68 9075238.493
61 69 814185.4257
61 70 1360396.892
61 71 6714139.46
61 72 2400661.62
61 73 3933388.062
61 74 7182407.018
61 75 6824453.928
61 76 7732614.016
61 77 9245363.67
61 78 9444536.58
61 79 8346409.885
61 80 8997244.631
61 81 1044286.3
61 82 8898112.718
61 83 6479608.353
61 84 3914687.249
61 85 4595716.021
61 86 4952122.929
61 87 6369636.397
61 88 7354289.55
61 89 4201679.096
61 90 3105517.519
61 91 5725037.579
61 92 4986685.35
61 93 1428481.983
61 94 8537146.939
61 95 8308420.255
61 96 996096.6691
61 97 4520046.15
61 98 3494681.05
61 99 7410757.87
62 63 7215851.117
62 64 2865005.733
62 65 7487506.023
62 66 5450682.275
62 67 1751982.298
62 68 5218995.74
62 69 6897543.622
62 70 7974369.558
62 71 1852679.778
62 72 4756514.473
62 73 5645567.696
62 74 5856027.557
62 75 4864255.82
62 76 4810819.22
62 77 3216993.351
62 78 4420287.862
62 79 10378958.72
62 80 5256666.672
62 81 6177249.306
62 82 2251219.434
62 83 5310265.252
62 84 8361026.628
62 85 6590162.304
62 86 5601606.388
62 87 649091.9073
62 88 9738045.59
62 89 6966175.593
62 90 4051203.149
62 91 3894948.189
62 92 7117111.062
62 93 8444865.168
62 94 8985471.323
62 95 1521071.508
62 96 6021444.175
62 97 5789934.478
62 98 7570235.69
62 99 6714005.289
63 64 5042108.28
63 65 4360999.953
63 66 8399198.788
63 67 8897764.642
63 68 2443802.022
63 69 8574294.162
63 70 9162622.177
63 71 8922982.865
63 72 8602856.331
63 73 5362329.336
63 74 2113380.567
63 75 2765382.432
63 76 2415370.354
63 77 5364065.073
63 78 3895433.098
63 79 5276066.934
63 80 2329532.908
63 81 8288059.088
63 82 6413111.221
63 83 2859203.08
63 84 7102654.215
63 85 4993162.515
63 86 4340281.469
63 87 7109608.305
63 88 5338729.536
63 89 5597324.324
63 90 8355843.686
63 91 4130314.886
63 92 4915944.001
63 93 10214085.87
63 94 3117651.419
63 95 6677502.512
63 96 8689806.899
63 97 4798485.476
63 98 6724052.206
63 99 2017430.761
64 65 4625046.051
64 66 4186756.666
64 67 4200339.07
64 68 3817149.285
64 69 5150075.867
64 70 6128364.948
64 71 4153082.906
64 72 3992767.862
64 73 2967724.448
64 74 3260969.685
64 75 2329751.286
64 76 2751358.835
64 77 3759020.065
64 78 3900377.249
64 79 7525100.708
64 80 3778911.447
64 81 4547647.193
64 82 3735904.55
64 83 2593392.207
64 84 5780848.998
64 85 3794814.595
64 86 2753829.531
64 87 2453939.34
64 88 6873041.65
64 89 4241375.113
64 90 3547377.065
64 91 1083281.875
64 92 4293631.792
64 93 6887239.089
64 94 6247724.579
64 95 3382395.56
64 96 4671052.11
64 97 2993487.431
64 98 5015399.127
64 99 4047403.814
65 66 5519770.911
65 67 8665215.406
65 68 5534196.837
65 69 4990893.485
65 70 5253022.066
65 71 8565129.475
65 72 6149562.461
65 73 2352253.415
65 74 2833329.622
65 75 3379585.819
65 76 4277154.432
65 77 7509811.135
65 78 6690847.635
65 79 3044663.382
65 80 5403670.429
65 81 5002222.514
65 82 8001494.245
65 83 2704330.906
65 84 2780009.394
65 85 1298087.026
65 86 1906978.509
65 87 7031573.78
65 88 2267260.832
65 89 1598079.028
65 90 6270334.685
65 91 3664262.837
65 92 811110.8163
65 93 6358011.83
65 94 2742722.828
65 95 7843869.209
65 96 5559895.857
65 97 1881854.942
65 98 2562976.804
65 99 2384604.597
66 67 5431124.774
66 68 7866392.823
66 69 1629416.695
66 70 2677636.241
66 71 5207298.59
66 72 970547.9411
66 73 3289023.698
66 74 6290255.228
66 75 5764973.395
66 76 6588216.421
66 77 7768440.177
66 78 8087065.545
66 79 8379050.471
66 80 7802353.714
66 81 932231.3279
66 82 7361239.207
66 83 5540546.434
66 84 4387268.852
66 85 4225840.854
66 86 4218051.68
66 87 4803179.474
66 88 7427084.989
66 89 4036147.068
66 90 1602183.266
66 91 4531013.086
66 92 4734695.002
66 93 2995632.199
66 94 8164779.051
66 95 6756884.266
66 96 571401.1058
66 97 3882947.646
66 98 3740151.816
66 99 6679325.621
67 68 6966138.781
67 69 7030471.611
67 70 8101219.736
67 71 255264.454
67 72 4546721.071
67 73 6569256.171
67 74 7395085.944
67 75 6414910.615
67 76 6482733.145
67 77 4857632.8
67 78 6154349.809
67 79 11657451.93
67 80 7000557.652
67 81 6298454.65
67 82 3736959.897
67 83 6778208.109
67 84 9063713.27
67 85 7614060.14
67 86 6759538.723
67 87 1802171.438
67 88 10932020.13
67 89 7879358.548
67 90 3842198.569
67 91 5282903.389
67 92 8176709.79
67 93 8348694.266
67 94 10446758.22
67 95 3020831.002
67 96 5983255.026
67 97 6844907.345
67 98 8277304.64
67 99 8221617.94
68 69 8500537.779
68 70 9313907.899
68 71 7039772.627
68 72 7791192.706
68 73 5489452.051
68 74 2702198.828
68 75 2403573.809
68 76 1399553.065
68 77 2935544.618
68 78 1459435.965
68 79 7329954.433
68 80 136693.6557
68 81 8031193.925
68 82 4045916.972
68 83 2992750.715
68 84 7924841.996
68 85 5611716.632
68 86 4597017.881
68 87 5272782.775
68 88 7154068.404
68 89 6245494.749
68 90 7364396.721
68 91 3354059.953
68 92 5786756.622
68 93 10246399.28
68 94 5294165.533
68 95 4406209.09
68 96 8285474.668
68 97 5082988.602
68 98 7344819.039
68 99 3348555.605
69 70 1081496.772
69 71 6812868.996
69 72 2591508.14
69 73 3212017.595
69 74 6486423.645
69 75 6194645.921
69 76 7133605.35
69 77 8887810.609
69 78 8966221.741
69 79 7537662.576
69 80 8415356.088
69 81 733954.7729
69 82 8643177.892
69 83 5806053.665
69 84 3146919.387
69 85 3806455.963
69 86 4234015.62
69 87 6249599.082
69 88 6547022.343
69 89 3393737.851
69 90 3226616.109
69 91 5176193.596
69 92 4181514.919
69 93 1755001.487
69 94 7732688.703
69 95 8096540.748
69 96 1158046.772
69 97 3783767.122
69 98 2688220.032
69 99 6667920.968
70 71 7880769.871
70 72 3617417.821
70 73 3871031.481
70 74 7125958.022
70 75 6953082.18
70 76 7925752.635
70 77 9883479.311
70 78 9876620.578
70 79 7472602.553
70 80 9220348.565
70 81 1813954.801
70 82 9685997.437
70 83 6497957.991
70 84 2912537.658
70 85 4218725.514
70 86 4866054.78
70 87 7327014.855
70 88 6475828.138
70 89 3690753.136
70 90 4279683.992
70 91 6047586.117
70 92 4475296.202
70 93 1106385.468
70 94 7968831.579
70 95 9153890.245
70 96 2153654.616
70 97 4384832.732
70 98 2725092.972
70 99 7191596.992
71 72 4313776.894
71 73 6437711.103
71 74 7374291.967
71 75 6400423.087
71 76 6507946.92
71 77 5011878.404
71 78 6271984.781
71 79 11569873.55
71 80 7069551.675
71 81 6082101.452
71 82 3916754.681
71 83 6741479.804
71 84 8895867.878
71 85 7492692.556
71 86 6662548.243
71 87 1813376.181
71 88 10830168.51
71 89 7741307.672
71 90 3613476.75
71 91 5236205.659
71 92 8058939.712
71 93 8113097.338
71 94 10399841.51
71 95 3192385.944
71 96 5756150.951
71 97 6731191.017
71 98 8111893.426
71 99 8190406.083
72 73 3824423.362
72 74 6528691.996
72 75 5878750.749
72 76 6601456.307
72 77 7337569.706
72 78 7835753.299
72 79 9097311.381
72 80 7742607.321
72 81 1902688.062
72 82 6798679.3
72 83 5763236.771
72 84 5292191.664
72 85 4854129.461
72 86 4642257.282
72 87 4122231.234
72 88 8171220.559
72 89 4761197.823
72 90 719919.869
72 91 4557291.568
72 92 5398572.168
72 93 3804065.51
72 94 8698097.708
72 95 6150071.68
72 96 1464534.458
72 97 4385242.777
72 98 4607319.34
72 99 7024169.821
73 74 3279332.472
73 75 3099229.49
73 76 4090984.713
73 77 6542621.906
73 78 6214964.42
73 79 5373151.36
73 80 5388162.06
73 81 2970949.787
73 82 6687981.849
73 83 2627553.973
73 84 2817882.499
73 85 1098200.835
73 86 1022088.933
73 87 5097990.039
73 88 4514289.886
73 89 1324387.857
73 90 3918132.997
73 91 2423019.42
73 92 1675900.122
73 93 4878976.421
73 94 4888181.362
73 95 6348556.473
73 96 3445155.93
73 97 600896.9574
73 98 2069512.867
73 99 3481937.04
74 75 991927.1537
74 76 1532807.18
74 77 4959325.232
74 78 3925945.508
74 79 4903070.369
74 80 2570924.272
74 81 6178953.658
74 82 5695376.294
74 83 766535.0296
74 84 5336148.767
74 85 3074062.015
74 86 2263684.47
74 87 5599080.066
74 88 4565100.873
74 89 3707599.938
74 90 6328108.555
74 91 2219268.403
74 92 3147673.182
74 93 8154679.97
74 94 3171064.567
74 95 5730826.63
74 96 6576429.559
74 97 2741126.23
74 98 4839551.362
74 99 881331.1805
75 76 1007426.216
75 77 4155829.869
75 78 3345582.132
75 79 5785229.766
75 80 2296132.868
75 81 5790158.848
75 82 4786266.157
75 83 675456.1933
75 84 5553124.823
75 85 3237159.769
75 86 2194460.143
75 87 4615853.881
75 88 5352107.732
75 89 3864138.126
75 90 5598634.138
75 91 1365005.936
75 92 3476168.745
75 93 7920782.513
75 94 4150060.123
75 95 4774961.723
75 96 6117099.904
75 97 2679464.614
75 98 4948871.442
75 99 1860798.742
76 77 3447663.511
76 78 2416025.013
76 79 6416038.542
76 80 1297411.249
76 81 6691069.308
76 82 4273261.507
76 83 1629948.773
76 84 6553096.447
76 85 4236791.571
76 86 3201739.508
76 87 4694591.665
76 88 6097791.726
76 89 4866687.174
76 90 6242780.308
76 91 2060101.276
76 92 4448667.641
76 93 8872626.172
76 94 4565997.988
76 95 4407881.838
76 96 6978131.078
76 97 3685829.508
76 98 5955802.584
76 99 2352028.321
77 78 1586729.951
77 79 9859780.446
77 80 3039924.254
77 81 8253863.863
77 82 1248925.511
77 83 4821076.499
77 84 9327435.925
77 85 7111207.005
77 86 5981708.098
77 87 3599684.726
77 88 9496751.796
77 89 7673537.169
77 90 6719424.16
77 91 4133965.597
77 92 7480099.081
77 93 10606059.27
77 94 7991086.053
77 95 1860980.69
77 96 8298906.033
77 97 6377575.266
77 98 8607697.285
77 99 5799128.413
78 79 8717776.898
78 80 1584464.302
78 81 8410522.427
78 82 2802954.938
78 83 4011917.516
78 84 8856713.613
78 85 6552924.275
78 86 5457447.607
78 87 4639464.663
78 88 8475572.495
78 89 7165404.65
78 90 7305641.587
78 91 3840830.351
78 92 6820802.138
78 93 10719639.1
78 94 6725407.784
78 95 3306661.548
78 96 8567558.133
78 97 5914103.169
78 98 8205671.129
78 99 4676579.108
79 80 7193832.45
79 81 7727429.809
79 82 10571111.88
79 83 5184398.248
79 84 4566445.777
79 85 4282134.229
79 86 4915479.532
79 87 9972188.906
79 88 997473.4025
79 89 4345971.329
79 90 9276244.404
79 91 6486027.92
79 92 3714472.709
79 93 8541661.972
79 94 2172434.064
79 95 10535615.83
79 96 8321278.68
79 97 4926443.004
79 98 4852087.797
79 99 4065765.5
80 81 7953588.52
80 82 4134053.135
80 83 2875316.152
80 84 7805998.869
80 85 5494273.488
80 86 4487174.461
80 87 5294025.715
80 88 7017516.183
80 89 6128787.853
80 90 7325817.864
80 91 3281690.708
80 92 5663036.332
80 93 10159062.01
80 94 5160625.252
80 95 4477509.742
80 96 8215632.269
80 97 4974354.312
80 98 7231122.033
80 99 3212271.927
81 82 7962485.414
81 83 5463860.883
81 84 3542101.156
81 85 3745288.729
81 86 3976365.001
81 87 5528601.804
81 88 6753214.157
81 89 3439838.679
81 90 2508394.984
81 91 4680754.027
81 92 4194786.881
81 93 2352954.062
81 94 7716468.59
81 95 7400486.599
81 96 605561.9708
81 97 3568517.321
81 98 2956833.792
81 99 6451017.403
82 83 5407575.677
82 84 9505844.658
82 85 7413541.355
82 86 6301206.361
82 87 2770982.521
82 88 10111996.06
82 89 7920161.079
82 90 6128154.09
82 91 4404719.623
82 92 7849198.638
82 93 10302116.27
82 94 8829691.84
82 95 736655.7084
82 96 7917682.598
82 97 6633943.636
82 98 8747470.335
82 99 6568806.616
83 84 4932495.085
83 85 2619060.024
83 86 1649220.029
83 87 4998736.218
83 88 4707826.213
83 89 3253516.053
83 90 5563027.215
83 91 1519075.6
83 92 2819712.515
83 93 7501506.477
83 94 3679574.945
83 95 5351378.998
83 96 5842108.815
83 97 2140721.032
83 98 4360513.129
83 99 1455465.162
84 85 2316369.582
84 86 3400736.265
84 87 7774443.101
84 88 3571906.767
84 89 1691995.478
84 90 5717912.508
84 91 5193543.747
84 92 2202912.735
84 93 3975251.485
84 94 5293491.22
84 95 9155717.875
84 96 4142131.104
84 97 2961746.296
84 98 792630.4288
84 99 5091341.243
85 86 1129524.567
85 87 6076496.007
85 88 3416089.68
85 89 637100.2123
85 90 4996112.306
85 91 3014519.278
85 92 578160.3855
85 93 5303540.067
85 94 3971658.812
85 95 7151010.402
85 96 4287000.506
85 97 802703.8209
85 98 1765499.138
85 99 2990932.728
86 87 5130098.993
86 88 4174186.463
86 89 1712729.269
86 90 4620448.698
86 91 1896586.746
86 92 1555094.546
86 93 5891045.816
86 94 4087844.082
86 95 6064865.82
86 96 4425188.054
86 97 491648.7118
86 98 2760371.061
86 99 2478551.748
87 88 9294014.638
87 89 6422188.492
87 90 3422735.292
87 91 3525125.635
87 92 6617075.661
87 93 7796722.167
87 94 8675952.857
87 95 2069063.267
87 96 5373704.187
87 97 5282368.966
87 98 6982219.426
87 99 6433688.6
88 89 3410035.122
88 90 8382504.096
88 91 5876402.085
88 92 2838734.606
88 93 7546995.138
88 94 2440622.927
88 95 10014661.52
88 96 7350294.316
88 97 4117069.983
88 98 3859625.271
88 99 3808500.268
89 90 4993295.819
89 91 3549308.688
89 92 793295.3764
89 93 4789762.411
89 94 4340792.329
89 95 7620616.604
89 96 4015409.471
89 97 1297120.206
89 98 1134632.765
89 99 3584954.469
90 91 4243874.488
90 92 5561851.062
90 93 4517604.558
90 94 8708010.949
90 95 5466159.85
90 96 2143037.901
90 97 4433242.624
90 98 4991484.553
90 99 6897146.38
91 92 3446000.303
91 93 6929870.382
91 94 5164490.968
91 95 4188576.448
91 96 4934284.789
91 97 2252444.102
91 98 4477958.406
91 99 2974465.382
92 93 5576998.787
92 94 3551173.845
92 95 7619936.725
92 96 4757031.837
92 97 1336492.107
92 98 1836212.565
92 99 2899252.643
93 94 9075209.357
93 95 9723515.093
93 96 2424273.802
93 97 5419299.636
93 98 3830225.65
93 99 8260106.86
94 95 8898073.338
94 96 8256547.255
94 97 4313552.827
94 98 5249430.97
94 99 2291028.282
95 96 7319933.719
95 97 6356250.839
95 98 8382712.454
95 99 6612070.871
96 97 4046051.507
96 98 3562304.961
96 99 6903224.193
97 98 2292028.041
97 99 2890739.304
98 99 4708374.227
