4950
0 1 2424750.646
0 2 3011853.83
0 3 4956687.284
0 4 4885618.435
0 5 1852232.279
0 6 2169643.918
0 7 5497511.229
0 8 3188431.733
0 9 3904662.195
0 10 1577028.123
0 11 2941480.119
0 12 3401006.253
0 13 4796374.76
0 14 3180252.694
0 15 4986810.483
0 16 3305009.562
0 17 888300.3986
0 18 4042308.504
0 19 3528158.837
0 20 1926943.373
0 21 1499762.085
0 22 2160273.317
0 23 4692037.342
0 24 2207863.149
0 25 2435328.385
0 26 4167344.993
0 27 3861532.827
0 28 4462434.231
0 29 5257597.453
0 30 5424243.235
0 31 5327245.1
0 32 4417588.158
0 33 1436889.777
0 34 812330.8147
0 35 2271483.777
0 36 4479417.046
0 37 3574359.528
0 38 322723.9524
0 39 3998563.609
0 40 1082847.655
0 41 3989712.534
0 42 3666232.308
0 43 5989730.753
0 44 3343147.045
0 45 5227984.389
0 46 1099531.031
0 47 4481437.374
0 48 4263534.959
0 49 3172117.638
0 50 1819469.983
0 51 3089558.34
0 52 2657436.65
0 53 4129013.742
0 54 3959978.27
0 55 3925754.472
0 56 5206686.728
0 57 3692723.106
0 58 4790966.826
0 59 2635172.871
0 60 3078725.479
0 61 6038227.867
0 62 679072.4968
0 63 5425291.703
0 64 2247854.687
0 65 1582380.81
0 66 3535618.679
0 67 3056478.488
0 68 4450655.188
0 69 3722293.932
0 70 2012946.836
0 71 4576189.774
0 72 4292710.215
0 73 2627607.147
0 74 4840196.782
0 75 2714851.021
0 76 4737277.53
0 77 6077760.551
0 78 4828227.041
0 79 1819320.038
0 80 2557865.801
0 81 2672433.638
0 82 565243.0809
0 83 5460429.538
0 84 3128013.839
0 85 6202104.08
0 86 5243457.621
0 87 2327266.161
0 88 6501425.415
0 89 4919274.43
0 90 1063622.978
0 91 6048844.245
0 92 3839803.963
0 93 5381480.904
0 94 5235530.207
0 95 5934321.151
0 96 5681174.399
0 97 2292611.964
0 98 2419765.985
0 99 4322371.58
1 2 3098792.376
1 3 6726829.191
1 4 6174618.737
1 5 3999981.597
1 6 3995055.696
1 7 5612100.962
1 8 958817.7593
1 9 3743496.846
1 10 2093046.472
1 11 4356060.052
1 12 3149389.082
1 13 7155147.999
1 14 796557.0454
1 15 7390074.665
1 16 2612991.935
1 17 3275534.159
1 18 5166738.492
1 19 5405964.348
1 20 3924278.877
1 21 1045055.362
1 22 1385473.442
1 23 6094790.435
1 24 1095204.961
1 25 715278.242
1 26 5301812.685
1 27 1810369.543
1 28 2998397.302
1 29 2888506.055
1 30 3024122.815
1 31 5594973.828
1 32 5930838.821
1 33 3750683.053
1 34 1750200.805
1 35 4150014.296
1 36 6902760.957
1 37 1159003.238
1 38 2747227.929
1 39 1701938.968
1 40 2925954.244
1 41 5884213.649
1 42 5378117.342
1 43 4047602.245
1 44 976900.9128
1 45 5089880.097
1 46 2588694.864
1 47 2234869.707
1 48 6169893.538
1 49 5565661.286
1 50 2535863.268
1 51 671253.1661
1 52 4931808.509
1 53 5281310.055
1 54 5894594.424
1 55 5910271.611
1 56 5899191.572
1 57 6040734.334
1 58 2513262.732
1 59 5059823.377
1 60 2857269.037
1 61 3644382.433
1 62 1859984.698
1 63 5312621.83
1 64 287303.8717
1 65 3308783.041
1 66 1547497.345
1 67 4096693.648
1 68 3460599.892
1 69 4242667.788
1 70 2849520.252
1 71 2460237.595
1 72 3133195.084
1 73 5039820.491
1 74 6873588.652
1 75 3651299.1
1 76 4658889.44
1 77 8452600.663
1 78 3437028.216
1 79 2776108.809
1 80 586912.1259
1 81 3711324.25
1 82 2542033.067
1 83 7852603.722
1 84 3107690.423
1 85 7023597.072
1 86 5749996.491
1 87 3662863.829
1 88 4424102.899
1 89 3044491.367
1 90 3486604.572
1 91 7347435.686
1 92 2388169.249
1 93 3003916.515
1 94 5767844.383
1 95 5734709.348
1 96 8089393.983
1 97 4222956.698
1 98 4740038.139
1 99 6073099.126
2 3 7890729.409
2 4 7897302.746
2 5 4740596.113
2 6 2401414.014
2 7 2616621.754
2 8 4007980.147
2 9 893486.7373
2 10 1483586.466
2 11 5950822.061
2 12 501893.503
2 13 5884293.135
2 14 3252833.157
2 15 7022286.038
2 16 5473435.879
2 17 3656448.317
2 18 2320965.694
2 19 3350909.105
2 20 4887517.647
2 21 2448192.269
2 22 1715769.13
2 23 7702127.676
2 24 2003725.356
2 25 3719837.42
2 26 2444733.342
2 27 2890218.261
2 28 6091488.59
2 29 5468567.366
2 30 5460938.239
2 31 2538022.081
2 32 7420630.123
2 33 4214816.363
2 34 3208207.138
2 35 5251711.937
2 36 6330024.049
2 37 3869794.516
2 38 3132306.784
2 39 3434119.927
2 40 4091934.342
2 41 3752318.272
2 42 3096063.359
2 43 7053498.095
2 44 3887473.262
2 45 2240244.161
2 46 1989266.134
2 47 3607345.657
2 48 4005722.485
2 49 4712666.772
2 50 1199779.65
2 51 3349473.06
2 52 5319519.023
2 53 7127405.681
2 54 6847466.809
2 55 6785112.281
2 56 8131108.527
2 57 4881995.42
2 58 3893753.596
2 59 4652010.785
2 60 394815.3483
2 61 6041236.156
2 62 3172680.779
2 63 2448414.336
2 64 2822950.227
2 65 4593631.269
2 66 4633496.343
2 67 1444345.738
2 68 1837655.792
2 69 1170262.781
2 70 1100890.566
2 71 3395018.813
2 72 1905686.375
2 73 4876892.451
2 74 7625926.551
2 75 1123211.961
2 76 1753499.188
2 77 7136250.729
2 78 6528178.129
2 79 1286056.598
2 80 2617560.799
2 81 1265218.376
2 82 3558674.57
2 83 6686142.29
2 84 5676685.358
2 85 9170005.08
2 86 8112524.814
2 87 1624608.654
2 88 7330971.65
2 89 3212948.456
2 90 3482928.36
2 91 9059876.342
2 92 2037439.419
2 93 4676866.712
2 94 8112891.945
2 95 2944789.5
2 96 7023335.761
2 97 2667669.446
2 98 3784922.055
2 99 3708900.75
3 4 1482202.763
3 5 3150205.075
3 6 6089459.494
3 7 10143187.66
3 8 6972176.438
3 9 8776876.004
3 10 6525780.491
3 11 2407331.2
3 12 8321531.384
3 13 5484291.37
3 14 7501489.016
3 15 3619226.253
3 16 5276529.524
3 17 4234357.909
3 18 8124970.78
3 19 6674210.905
3 20 3029826.179
3 21 6216020.676
3 22 7047601.161
3 23 1206324.877
3 24 7018102.217
3 25 6259775.39
3 26 8210232.526
3 27 8497376.826
3 28 6608091.807
3 29 8799740.744
3 30 9078744.736
3 31 9899770.15
3 32 1035812.532
3 33 3683625.67
3 34 5159354.72
3 35 2694700.351
3 36 3979224.743
3 37 7598767.522
3 38 4775918.687
3 39 8420293.926
3 40 3967414.148
3 41 6904412.773
3 42 7072527.548
3 43 8343314.997
3 44 7277737.807
3 45 10009935.83
3 46 5901739.805
3 47 8958254.947
3 48 7042774.916
3 49 4576907.425
3 50 6697121.062
3 51 7333606.372
3 52 2750808.417
3 53 2030871.483
3 54 1079154.427
3 55 1191127.835
3 56 2972249.961
3 57 5101523.912
3 58 9224628.826
3 59 3960652.069
3 60 8010924.693
3 61 9580235.685
3 62 5107562.906
3 63 10185051.55
3 64 6706700.202
3 65 3492167.478
3 66 6870484.772
3 67 7462312.669
3 68 9406609.18
3 69 8339514.132
3 70 6808145.058
3 71 9178851.272
3 72 9236359.371
3 73 3564665.937
3 74 1016428.785
3 75 7282897.653
3 76 9527501.194
3 77 6063406.713
3 78 6669451.754
3 79 6614626.097
3 80 7132336.451
3 81 7183451.831
3 82 4490268.455
3 83 5481677.304
3 84 4413398.401
3 85 2997612.515
3 86 3391327.172
3 87 6720790.297
3 88 9019352.922
3 89 9682513.849
3 90 4449372.168
3 91 1790798.421
3 92 8720069.554
3 93 9601105.268
3 94 3333701.058
3 95 10702545.11
3 96 5354584.792
3 97 5973816.368
3 98 4955069.38
3 99 7420043.255
4 5 3352076.737
4 6 6465106.341
4 7 10337576.41
4 8 6226410.056
4 9 8789674.216
4 10 6441874.012
4 11 1951480.133
4 12 8273925.749
4 13 6585642.278
4 14 6896728.563
4 15 4936351.289
4 16 4272418.002
4 17 4365174.81
4 18 8543551.174
4 19 7308569.113
4 20 3105928.228
4 21 5882095.242
4 22 6773846.395
4 23 335888.338
4 24 6682685.72
4 25 5600853.759
4 26 8645352.343
4 27 7984626.609
4 28 5481672.666
4 29 7866249.297
4 30 8165044.029
4 31 10135380.35
4 32 702067.891
4 33 3912028.238
4 34 4848930.657
4 35 2727965.311
4 36 5171214.97
4 37 6880777.751
4 38 4793969.587
4 39 7806156.869
4 40 3806164.386
4 41 7612498.165
4 42 7659604.78
4 43 7153473.835
4 44 6553581.729
4 45 10107566.15
4 46 5947877.928
4 47 8346286.629
4 48 7792562.202
4 49 5418082.572
4 50 6703843.506
4 51 6711174.065
4 52 3380687.722
4 53 905628.9447
4 54 1960220.462
4 55 2128825.602
4 56 1490465.802
4 57 6013696.2
4 58 8582667.078
4 59 4691825.618
4 60 7945483.645
4 61 8614698.778
4 62 4834908.359
4 63 10300829.04
4 64 6216239.3
4 65 3303735.024
4 66 6005850.335
4 67 7738211.872
4 68 9212029.045
4 69 8533763.13
4 70 6876824.616
4 71 8622548.659
4 72 8988366.9
4 73 4290640.034
4 74 2446686.459
4 75 7482953.674
4 76 9617125.818
4 77 7323194.774
4 78 5475936.772
4 79 6680393.575
4 80 6659351.034
4 81 7406753.501
4 82 4342679.585
4 83 6705142.673
4 84 3417439.029
4 85 1697102.891
4 86 1913781.398
4 87 6976157.138
4 88 7834814.067
4 89 9212965.196
4 90 4691129.068
4 91 1185501.543
4 92 8381042.649
4 93 8855706.495
4 94 1855464.842
4 95 10812968.13
4 96 6627922.702
4 97 6409286.827
4 98 5569366.299
4 99 8107859.457
5 6 3113255.365
5 7 7046998.765
5 8 4535159.372
5 9 5627554.648
5 10 3393018.308
5 11 1626400.948
5 12 5173112.052
5 13 4134530.799
5 14 4795465.669
5 15 3567778.651
5 16 3692320.677
5 17 1084688.528
5 18 5191733.314
5 19 4050128.001
5 20 328541.173
5 21 3258996.462
5 22 4004428.429
5 23 3096015.129
5 24 4025470.959
5 25 3746572.898
5 26 5294379.355
5 27 5629004.321
5 28 5094189.489
5 29 6584023.236
5 30 6805261.928
5 31 6824572.172
5 32 2768639.443
5 33 562606.244
5 34 2263477.862
5 35 652169.8777
5 36 3268103.629
5 37 5061020.343
5 38 1636617.156
5 39 5679586.044
5 40 1086602.111
5 41 4408576.878
5 42 4363034.778
5 43 6821614.658
5 44 4775228.582
5 45 6877090.34
5 46 2751535.198
5 47 6193210.73
5 48 4624842.283
5 49 2568865.559
5 50 3547308.326
5 51 4664115.584
5 52 967512.7786
5 53 2786859.75
5 54 2119796.376
5 55 2076527.573
5 56 4083052.961
5 57 3212175.648
5 58 6489566.758
5 59 1785303.262
5 60 4865311.995
5 61 7387706.278
5 62 2172035.348
5 63 7057881.05
5 64 3897988.758
5 65 888089.7328
5 66 4675920.901
5 67 4404374.668
5 68 6287835.737
5 69 5237607.341
5 70 3661036.878
5 71 6338350.951
5 72 6141746.163
5 73 1498198.906
5 74 2989290.994
5 75 4179210.168
5 76 6391516.876
5 77 5259076.14
5 78 5350664.895
5 79 3466667.593
5 80 4276245.68
5 81 4091451.528
5 82 1486513.036
5 83 4595354.917
5 84 3087272.253
5 85 4892879.372
5 86 4259090.27
5 87 3645696.285
5 88 7427252.532
5 89 6739075.27
5 90 1347740.022
5 91 4440090.165
5 92 5687064.859
5 93 7001859.79
5 94 4232162.987
5 95 7574820.934
5 96 4705120.099
5 97 3065960.103
5 98 2365967.923
5 99 4873352.237
6 7 4102936.557
6 8 4924704.68
6 9 3115023.35
6 10 1998617.016
6 11 4664407.551
6 12 2902550.779
6 13 3529675.494
6 14 4556630.974
6 15 4655805.514
6 16 5462597.256
6 17 2178802.297
6 18 2078480.327
6 19 1423996.491
6 20 3376166.526
6 21 2959219.257
6 22 2956975.46
6 23 6203766.651
6 24 3198597.954
6 25 4294932.428
6 26 2182099.527
6 27 4745689.988
6 28 6541469.922
6 29 6851737.553
6 30 6944733.052
6 31 3833229.419
6 32 5866496.233
6 33 2555726.28
6 34 2895116.852
6 35 3748893.234
6 36 3944705.413
6 37 5105074.302
6 38 2011669.013
6 39 5126281.539
6 40 3009903.511
6 41 1902635.677
6 42 1499762.826
6 43 7940868.56
6 44 4969763.738
6 45 4086598.85
6 46 1414929.883
6 47 5475123.017
6 48 2187468.778
6 49 2322650.946
6 50 1682672.697
6 51 4550285.09
6 52 3349438.433
6 53 5866064.283
6 54 5010383.101
6 55 4909409.223
6 56 7096726.196
6 57 2489465.674
6 58 5791624.477
6 59 2384976.771
6 60 2721951.088
6 61 7565036.016
6 62 2777098.23
6 63 4229595.565
6 64 3729104.205
6 65 3406334.949
6 66 5411441.999
6 67 1413001.462
6 68 4237844.72
6 69 2352264.94
6 70 1485934.066
6 71 5396536.385
6 72 4272927.244
6 73 2687791.821
6 74 5619769.42
6 75 1382822.294
6 76 3639790.583
6 77 4813474.601
6 78 6930552.661
6 79 1415633.773
6 80 3820159.509
6 81 1245858.188
6 82 2646821.941
6 83 4320587.01
6 84 5287013.102
6 85 7982050.2
6 86 7204402.331
6 87 791624.3324
6 88 8383560.924
6 89 5426140.682
6 90 1792428.023
6 91 7535716.47
6 92 4206984.128
6 93 6521191.464
6 94 7187510.997
6 95 4738726.75
6 96 4644067.1
6 97 275345.6997
6 98 1417255.719
6 99 2171174.763
7 8 6451649.52
7 9 1868886.115
7 10 4070897.28
7 11 8419375.579
7 12 2463496.094
7 13 6876487.349
7 14 5585021.071
7 15 8553921.486
7 16 8078006.142
7 17 5984497.85
7 18 2386513.668
7 19 4181176.053
7 20 7249804.241
7 21 5060330.916
7 22 4270354.822
7 23 10113620.41
7 24 4534684.849
7 25 6277348.966
7 26 2385285.592
7 27 4844243.812
7 28 8602883.383
7 29 7548015.039
7 30 7458468.451
7 31 361862.107
7 32 9804767.86
7 33 6489381.934
7 34 5801727.663
7 35 7626438.59
7 36 7800051.253
7 37 6176781.327
7 38 5549226.498
7 39 5460642.356
7 40 6574079.595
7 41 4337890.332
7 42 3743278.22
7 43 9366786.904
7 44 6270469.334
7 45 690221.3394
7 46 4404979.194
7 47 5415828.534
7 48 4464611.523
7 49 6237418.923
7 50 3706237.774
7 51 5724316.96
7 52 7432576.682
7 53 9619559.163
7 54 9069088.279
7 55 8979756.447
7 56 10690331.55
7 57 6145614.852
7 58 5617908.585
7 59 6466304.335
7 60 2768963.056
7 61 7961033.529
7 62 5754781.515
7 63 546175.1259
7 64 5354198.693
7 65 7062752.33
7 66 7092928.767
7 67 2694420.696
7 68 2727090.791
7 69 1809406.017
7 70 3484833.192
7 71 5055834.677
7 72 3097568.874
7 73 6787434.276
7 74 9720172.492
7 75 2867906.096
7 76 971100.3086
7 77 7919441.474
7 78 9042656.479
7 79 3678222.694
7 80 5071290.885
7 81 2960852.718
7 82 6061213.543
7 83 7657119.755
7 84 8292235.796
7 85 11699541.24
7 86 10694641.13
7 87 3422751.39
7 88 9542022.641
7 89 4496777.201
7 90 5707312.946
7 91 11470383.08
7 92 3773733.255
7 93 6366833.189
7 94 10692226.99
7 95 791387.8756
7 96 8039269.076
7 97 4276144.134
7 98 5448854.084
7 99 3982584.878
8 9 4587946.658
8 10 3050582.137
8 11 4564884.511
8 12 4006418.256
8 13 7979030.033
8 14 951200.5412
8 15 8041655.917
8 16 2199310.639
8 17 3973216.537
8 18 6121099.287
8 19 6342608.459
8 20 4399245.928
8 21 1966077.085
8 22 2314454.922
8 23 6197895.892
8 24 2016854.663
8 25 790713.1975
8 26 6255993.922
8 27 2087311.451
8 28 2178648.749
8 29 2079540.099
8 30 2276150.617
8 31 6460851.808
8 32 6088088.885
8 33 4381908.099
8 34 2418471.743
8 35 4560064.901
8 36 7609174.796
8 37 660263.7983
8 38 3507063.101
8 39 1686619.534
8 40 3450876.516
8 41 6821566.299
8 42 6327800.572
8 43 3089967.625
8 44 337392.7046
8 45 5892549.916
8 46 3511034.497
8 47 2198851.174
8 48 7107230.368
8 49 6360534.481
8 50 3494638.109
8 51 766572.9764
8 52 5497289.344
8 53 5320783.136
8 54 6245123.229
8 55 6285109.452
8 56 5721742.47
8 57 6869778.437
8 58 2391143.296
8 59 5795831.249
8 60 3736047.562
8 61 2874103.366
8 62 2546802.582
8 63 6114696.971
8 64 1245038.875
8 65 3741252.707
8 66 642459.0863
8 67 5053325.694
8 68 4108641.777
8 69 5166209.385
8 70 3808323.773
8 71 2554406.427
8 72 3745664.706
8 73 5728075.735
8 74 7248611.322
8 75 4607843.831
8 76 5486026.4
8 77 9265166.746
8 78 2616162.767
8 79 3733704.792
8 80 1394184.227
8 81 4669494.409
8 82 3174887.034
8 83 8648721.303
8 84 2902763.608
8 85 6852523.922
8 86 5506971.818
8 87 4618805.379
8 88 3470336.888
8 89 3282859.414
8 90 4244276.874
8 91 7362940.185
8 92 2958977.876
8 93 2638036.838
8 94 5533979.846
8 95 6507255.1
8 96 8864693.31
8 97 5143727.916
8 98 5578686.465
8 99 7022939.465
9 10 2362506.24
9 11 6842234.768
9 12 598833.3538
9 13 6475648.355
9 14 3739088.472
9 15 7770665.602
9 16 6233765.518
9 17 4542897.714
9 18 2410335.458
9 19 3820818.892
9 20 5779112.527
9 21 3239450.872
9 22 2413365.198
9 23 8595489.469
9 24 2670285.98
9 25 4413008.053
9 26 2505835.616
9 27 3109628.982
9 28 6734324.157
9 29 5801341.829
9 30 5745640.485
9 31 1880237.626
9 32 8314031.573
9 33 5096819.836
9 34 4070643.872
9 35 6144219.925
9 36 7057552.32
9 37 4341116.673
9 38 4024812.006
9 39 3711064.482
9 40 4983804.149
9 41 4159774.639
9 42 3487876.581
9 43 7541884.729
9 44 4416939.705
9 45 1388091.527
9 46 2878248.919
9 47 3757595.634
9 48 4382331.339
9 49 5435442.615
9 50 2092817.627
9 51 3870007.291
9 52 6181774.64
9 53 8015527.795
9 54 7729164.574
9 55 7663483.863
9 56 9002125.76
9 57 5534905.469
9 58 4003817.113
9 59 5447838.918
9 60 921177.2686
9 61 6287318.628
9 62 4042989.858
9 63 1605851.698
9 64 3487307.425
9 65 5485940.23
9 66 5228168.557
9 67 1880007.607
9 68 1373033.052
9 69 1112203.05
9 70 1971512.887
9 71 3457370.044
9 72 1613223.957
9 73 5696889.132
9 74 8492095.024
9 75 1737221.559
9 76 923480.8801
9 77 7683452.471
9 78 7174050.035
9 79 2163190.384
9 80 3203611.119
9 81 1879944.465
9 82 4449390.806
9 83 7282141.556
9 84 6495171.678
9 85 10049628.49
9 86 8972141.902
9 87 2324162.957
9 88 7753459.811
9 89 3074185.907
9 90 4354053.051
9 91 9953103.052
9 92 2082845.705
9 93 4784305.133
9 94 8974200.867
9 95 2081326.347
9 96 7635794.763
9 97 3362964.405
9 98 4529274.349
9 99 4008914.278
10 11 4491058.901
10 12 1832059.017
10 13 5422650.158
10 14 2572510.05
10 15 6133048.173
10 16 4122261.825
10 17 2334688.773
10 18 3122523.133
10 19 3362497.433
10 20 3497474.282
10 21 1153285.941
10 22 964542.6004
10 23 6259180.992
10 24 1200378.35
10 25 2548856.518
10 26 3257861.285
10 27 2789610.095
10 28 4927023.386
10 29 4881102.506
10 30 4959076.938
10 31 3952045.527
10 32 5991426.812
10 33 2910852.771
10 34 1731350.685
10 35 3847447.468
10 36 5515276.157
10 37 3142668.837
10 38 1756424.438
10 39 3133362.077
10 40 2638759.382
10 41 3835593.949
10 42 3298145.841
10 43 6132921.719
10 44 3042498.231
10 45 3723790.439
10 46 782808.1432
10 47 3505908.933
10 48 4119851.553
10 49 3979751.912
10 50 458338.816
10 51 2583607.867
10 52 4094179.63
10 53 5655634.602
10 54 5512499.073
10 55 5467538.626
10 56 6647579.487
10 57 4325509.376
10 58 3824694.992
10 59 3697694.02
10 60 1505030.591
10 61 5577288.513
10 62 1690305.631
10 63 3931131.944
10 64 1810067.78
10 65 3142434.237
10 66 3607181.43
10 67 2043619.708
10 68 2897496.87
10 69 2404349.176
10 70 774874.6875
10 71 3470959.548
10 72 2776013.976
10 73 3829070.339
10 74 6355904.91
10 75 1605408.011
10 76 3236413.821
10 77 6725859.101
10 78 5349681.38
10 79 683126.6999
10 80 1834690.309
10 81 1643851.939
10 82 2100052.017
10 83 6182760.04
10 84 4238853.261
10 85 7688129.715
10 86 6632442.17
10 87 1571290.766
10 88 6516573.742
10 89 3627400.449
10 90 2272552.241
10 91 7612785.212
10 92 2447335.407
10 93 4536078.665
10 94 6632025.347
10 95 4428314.832
10 96 6471739.061
10 97 2255532.401
10 98 3057339.63
10 99 3991535.932
11 12 6323013.542
11 13 5550229.955
11 14 5117099.389
11 15 4471669.164
11 16 2980432.264
11 17 2499796.855
11 18 6730677.289
11 19 5673447.042
11 20 1315887.325
11 21 3959978.071
11 22 4840565.414
11 23 1791030.369
11 24 4765276.25
11 25 3858694.446
11 26 6840566.485
11 27 6150209.196
11 28 4381079.184
11 29 6417048.903
11 30 6689019.645
11 31 8230050.897
11 32 1581082.861
11 33 2137675.802
11 34 2913605.104
11 35 983106.2134
11 36 4411039.518
11 37 5193380.272
11 38 2870647.868
11 39 6036174.775
11 40 1859179.188
11 41 6034974.479
11 42 5976005.972
11 43 6149598.155
11 44 4871504.238
11 45 8168898.189
11 46 4017209.475
11 47 6576189.403
11 48 6250093.102
11 49 4097012.28
11 50 4760949.185
11 51 4943861.463
11 52 2108235.484
11 53 1209764.945
11 54 1804583.497
11 55 1897285.502
11 56 2458797.15
11 57 4738166.049
11 58 6835122.633
11 59 3309560.109
11 60 5994210.759
11 61 7205776.493
11 62 2891932.914
11 63 8364929.474
11 64 4361449.683
11 65 1360085
11 66 4477168.41
11 67 5864787.27
11 68 7270241.158
11 69 6623861.186
11 70 4944314.614
11 71 6816034.731
11 72 7055871.745
11 73 2953690.206
11 74 2801983.49
11 75 5582837.577
11 76 7678206.021
11 77 6546477.895
11 78 4521283.857
11 79 4748506.064
11 80 4797846.404
11 81 5515810.182
11 82 2393145.095
11 83 5884999.944
11 84 2156180.206
11 85 3323065.425
11 86 2636959.656
11 87 5103446.58
11 88 6808867.596
11 89 7359467.463
11 90 2872302.654
11 91 3128794.637
11 92 6471323.942
11 93 7195356.931
11 94 2608361.262
11 95 8875056.375
11 96 5919020.408
11 97 4648318.375
11 98 3989913.736
11 99 6498335.703
12 13 6375734.503
12 14 3178167.758
12 15 7522742.343
12 16 5635719.348
12 17 4092718.199
12 18 2636912.942
12 19 3811614.694
12 20 5304186.967
12 21 2648679.54
12 22 1814607.851
12 23 8090037.439
12 24 2072274.865
12 25 3815158.556
12 26 2750656.689
12 27 2644228.027
12 28 6143637.532
12 29 5301349.081
12 30 5265597.844
12 31 2454476.864
12 32 7818594.391
12 33 4658502.782
12 34 3509229.908
12 35 5662348.257
12 36 6831694.829
12 37 3787088.326
12 38 3548344.475
12 39 3225331.828
12 40 4470202.36
12 41 4197388.608
12 42 3533041.766
12 43 6989104.072
12 44 3846827.262
12 45 1980730.082
12 46 2427133.149
12 47 3331012.637
12 48 4442637.185
12 49 5214545.962
12 50 1628296.323
12 51 3300356.1
12 52 5784409.986
12 53 7483520.421
12 54 7287920.313
12 55 7230857.738
12 56 8441975.576
12 57 5380518.141
12 58 3599397.659
12 59 5146877.087
12 60 335481.8132
12 61 5825776.948
12 62 3489196.952
12 63 2200372.397
12 64 2890742.776
12 65 4973814.929
12 66 4644728.982
12 67 1874267.117
12 68 1339846.294
12 69 1374013.346
12 70 1577299.651
12 71 3074363.133
12 72 1436758.448
12 73 5364983.111
12 74 8085181.912
12 75 1599768.263
12 76 1522121.229
12 77 7621125.722
12 78 6583140.377
12 79 1753083.717
12 80 2616878.562
12 81 1744604.133
12 82 3931910.042
12 83 7178804.707
12 84 5906834.857
12 85 9499566.875
12 86 8402022.698
12 87 2122875.368
12 88 7222890.313
12 89 2808338.959
12 90 3942999.441
12 91 9444443.964
12 92 1689584.055
12 93 4385389.212
12 94 8405359.72
12 95 2665377.657
12 96 7518414.78
12 97 3167923.936
12 98 4286431.521
12 99 4119750.633
13 14 7840828.611
13 15 2185430.699
13 16 7737513.38
13 17 4110193.126
13 18 4492492.97
13 19 2720547.638
13 20 4448870.644
13 21 6130024.799
13 22 6380985.879
13 23 6252104.014
13 24 6580824.479
13 25 7231640.202
13 26 4491905.547
13 27 8212178.263
13 28 9078822.387
13 29 10033320.34
13 30 10179270.18
13 31 6530112.007
13 32 5883854.778
13 33 3912815.266
13 34 5594378.995
13 35 4639941.357
13 36 1550180.319
13 37 8313512.649
13 38 4483966.551
13 39 8529179.423
13 40 4911854.678
13 41 2546803.986
13 42 3139858.964
13 43 10720626.12
13 44 8111227.92
13 45 7114926.505
13 46 4687762.056
13 47 8926303.556
13 48 2469317.627
13 49 1649248.311
13 50 5183170.969
13 51 7789675.862
13 52 3442666.774
13 53 6440583.189
13 54 4634078.754
13 55 4467755.973
13 56 7794802.59
13 57 1114972.369
13 58 9245439.757
13 59 2369294.616
13 60 6230487.276
13 61 10799239.88
13 62 5461205.778
13 63 7191943.135
13 64 6932119.765
13 65 4968563.518
13 66 8324898.523
13 67 4598176.806
13 68 7714375.398
13 69 5486892.342
13 70 5013120.025
13 71 8887042.436
13 72 7782602.199
13 73 2640647.108
13 74 4567036.478
13 75 4781079.907
13 76 6760149.288
13 77 1305594.244
13 78 9384256.159
13 79 4925986.912
13 80 7133227.257
13 81 4635209.298
13 82 4934694.419
13 83 806506.4604
13 84 7209313.338
13 85 8282264.116
13 86 8081154.821
13 87 4266045.278
13 88 11266877.08
13 89 8953631.285
13 90 3764777.845
13 91 7268111.689
13 92 7734967.961
13 93 9940496.775
13 94 8040763.636
13 95 7640329.864
13 96 1170873.313
13 97 3254367.038
13 98 2417189.699
13 99 2971464.377
14 15 8162110.79
14 16 3082633.142
14 17 4047000.983
14 18 5479679.871
14 19 5935002.89
14 20 4720647.248
14 21 1718515.553
14 22 1674822.907
14 23 6832973.178
14 24 1390431.876
14 25 1302500.174
14 26 5612166.349
14 27 1166370.896
14 28 3115297.397
14 29 2312555.568
14 30 2388325.797
14 31 5619325.19
14 32 6683854.306
14 33 4535753.357
14 34 2540533.955
14 35 4943291.954
14 36 7657469.576
14 37 617105.9696
14 38 3500405.449
14 39 919243.6908
14 40 3722487.832
14 41 6407837.238
14 42 5858059.736
14 43 3812283.888
14 44 696182.2752
14 45 5001359.723
14 46 3191244.073
14 47 1459133.425
14 48 6691832.702
14 49 6279056.74
14 50 2970222.267
14 51 200425.3106
14 52 5723797.13
14 53 5996418.371
14 54 6684352.928
14 55 6702523.763
14 56 6526040.225
14 57 6726263.774
14 58 1724848.368
14 59 5807704.696
14 60 2939026.995
14 61 3008409.324
14 62 2646143.429
14 63 5222109.529
14 64 932539.4409
14 65 4102346.714
14 66 1572854.046
14 67 4442970.243
14 68 3166554.61
14 69 4423092.728
14 70 3264546.746
14 71 1731298.449
14 72 2799119.129
14 73 5806053.759
14 74 7666551.384
14 75 4002961.901
14 76 4614546.163
14 77 9143884.691
14 78 3549119.578
14 79 3232893.662
14 80 737907.9718
14 81 4086317.161
14 82 3331969.098
14 83 8557490.999
14 84 3703043.181
14 85 7656665.464
14 86 6342728.732
14 87 4120713.919
14 88 4079889.577
14 89 2396479.904
14 90 4233668.085
14 91 8059689.752
14 92 2010720.409
14 93 2213388.605
14 94 6365515.97
14 95 5596706.834
14 96 8807358.425
14 97 4802256.086
14 98 5424363.713
14 99 6547465.338
15 16 7201759.998
15 17 4115561.075
15 18 6202412.347
15 19 4425466.405
15 20 3789578.605
15 21 6481547.526
15 22 7001402.936
15 23 4603830.664
15 24 7123286.404
15 25 7251731.448
15 26 6235879.731
15 27 8805046.664
15 28 8622614.872
15 29 10113185.76
15 30 10317461.13
15 31 8232725.692
15 32 4265784.497
15 33 3660490.97
15 34 5653934.992
15 35 3800952.911
15 36 760974.4846
15 37 8514259.991
15 38 4671234.493
15 39 8983018.072
15 40 4615802.945
15 41 4423649.161
15 42 4877777.419
15 43 10370217.44
15 44 8251991.789
15 45 8665791.87
15 46 5350770.529
15 47 9455558.716
15 48 4434591.083
15 49 2344850.989
15 50 6046910.917
15 51 8060637.381
15 52 2611733.511
15 53 5039162.439
15 54 3024455.071
15 55 2860153.001
15 56 6318931.221
15 57 2439095.405
15 58 9768571.381
15 59 2435444.864
15 60 7300470.739
15 61 10913369.78
15 62 5535914.881
15 63 8781419.092
15 64 7231357.179
15 65 4445509.852
15 66 8231082.122
15 67 5995120.677
15 68 8834444.597
15 69 6943889.707
15 70 5982130.654
15 71 9516340.05
15 72 8813229.048
15 73 2360464.885
15 74 2618051.802
15 75 6037275.251
15 76 8249332.825
15 77 2456813.891
15 78 8844968.59
15 79 5837682.92
15 80 7540804.982
15 81 5897784.369
15 82 4873078.854
15 83 1924814.672
15 84 6497070.858
15 85 6584490.274
15 86 6673842.925
15 87 5446544.051
15 88 10986510.06
15 89 9756046.702
15 90 3959101.844
15 91 5395699.999
15 92 8578927.088
15 93 10367984.09
15 94 6624457.776
15 95 9269001.19
15 96 1744826.746
15 97 4413679.339
15 98 3242892.718
15 99 4917721.809
16 17 3690834.184
16 18 7170919.731
16 19 6832869.29
16 20 3428080.733
16 21 3027582.36
16 22 3822803.074
16 23 4313643.116
16 24 3584445.5
16 25 1897746.745
16 26 7303634.11
16 27 4248793.099
16 28 1425802.72
16 29 3594625.651
16 30 3896275.811
16 31 8011094.778
16 32 4289434.715
16 33 3825497.097
16 34 2580062.311
16 35 3406169.033
16 36 6958381.646
16 37 2844072.115
16 38 3524651.178
16 39 3885827.65
16 40 2830140.66
16 41 7292182.749
16 42 6962355.879
16 43 3192239.326
16 44 2534051.577
16 45 7613217.414
16 46 4180625.082
16 47 4395010.3
16 48 7563614.264
16 49 6100172.027
16 50 4564491.377
16 51 2882366.761
16 52 4603246.327
16 53 3389162.832
16 54 4784708.625
16 55 4871959.606
16 56 3563661.052
16 57 6711578.319
16 58 4570453.936
16 59 5373868.557
16 60 5315748.139
16 61 4344470.207
16 62 2690426.79
16 63 7834225.391
16 64 2810478.961
16 65 2808249.297
16 66 1802095.529
16 67 6108656.916
16 68 6073140.899
16 69 6517426.248
16 70 4865411.047
16 71 4753142.273
16 72 5745077.718
16 73 5159288.827
16 74 5780832.573
16 75 5692922.73
16 76 7157141.402
16 77 8923440.913
16 78 1658771.83
16 79 4717475.411
16 80 3199702.29
16 81 5701496.67
16 82 2924835.916
16 83 8264357.794
16 84 866702.0558
16 85 4687519.056
16 86 3320546.77
16 87 5474031.137
16 88 3838898.259
16 89 5469450.368
16 90 4098755.365
16 91 5338335.272
16 92 4989759.201
16 93 4696896.131
16 94 3350642.776
16 95 8282766.852
16 96 8392281.968
16 97 5597192.01
16 98 5562715.695
16 99 7625613.034
17 18 4232989.108
17 19 3329761.565
17 20 1265418.041
17 21 2386063.139
17 22 3026863.582
17 23 4131192.402
17 24 3090990.884
17 25 3193914.815
17 26 4344621.837
17 27 4749666.146
17 28 4983632.838
17 29 6052667.483
17 30 6237209.669
17 31 5773062.362
17 32 3820400.651
17 33 576523.5212
17 34 1556481.446
17 35 1642664.31
17 36 3639661.292
17 37 4408791.685
17 38 601006.425
17 39 4880540.104
17 40 908441.5806
17 41 3748225.53
17 42 3569889.61
17 43 6610483.369
17 44 4158668.673
17 45 5797652.849
17 46 1667983.494
17 47 5367689.595
17 48 3998554.671
17 49 2461225.416
17 50 2465257.179
17 51 3945574.135
17 52 1783636.114
17 53 3708225.899
17 54 3195236.482
17 55 3140993.517
17 56 4918610.613
17 57 3043222.061
17 58 5676149.712
17 59 1827630.028
17 60 3788413.492
17 61 6844072.56
17 62 1431779.655
17 63 5980799.618
17 64 3117332.035
17 65 1233990.115
17 66 4248683.931
17 67 3375618.834
17 68 5231751.646
17 69 4176270.359
17 70 2576793.798
17 71 5464344.564
17 72 5103758.994
17 73 1765687.695
17 74 4021217.714
17 75 3121122.772
17 76 5310971.398
17 77 5357233.533
17 78 5308729.759
17 79 2382174.547
17 80 3442152.065
17 81 3041966.946
17 82 827057.2316
17 83 4719353.355
17 84 3308152.618
17 85 5822859.311
17 86 5027954.643
17 87 2613165.909
17 88 7162108.095
17 89 5796655.135
17 90 432479.6426
17 91 5486413.752
17 92 4695555.318
17 93 6255542.047
17 94 5010194.861
17 95 6497202.145
17 96 4910384.988
17 97 2194902.236
17 98 1875640.064
17 99 4158328.988
18 19 1797475.535
18 20 5452115.659
18 21 4275702.767
18 22 3826575.585
18 23 8280999.228
18 24 4124131.199
18 25 5670245.842
18 26 135432.9217
18 27 5211121.767
18 28 8048864.704
18 29 7751499.48
18 30 7761843.784
18 31 2046595.664
18 32 7941604.829
18 33 4633734.885
18 34 4618616.078
18 35 5826039.762
18 36 5443851.616
18 37 6091994.902
18 38 3967815.322
18 39 5747752.644
18 40 5010188.952
18 41 1966054.393
18 42 1356796.663
18 43 9210033.551
18 44 6059511.51
18 45 2654619.654
18 46 3010789.047
18 47 5927016.802
18 48 2122721.75
18 49 3923879.124
18 50 2664203.581
18 51 5546220.307
18 52 5374233.702
18 53 7936307.33
18 54 7047302.182
18 55 6936583.454
18 56 9145333.902
18 57 3775736.766
18 58 6210012.52
18 59 4261416.344
18 60 2706016.864
18 61 8350547.126
18 62 4526265.298
18 63 2710846.231
18 64 4879440.137
18 65 5441222.336
18 66 6707470.138
18 67 1078907.309
18 68 3783368.134
18 69 1301155.323
18 70 2347946.238
18 71 5700097.868
18 72 4002815.489
18 73 4620620.85
18 74 7583473.475
18 75 1520184.72
18 76 2364792.096
18 77 5567982.009
18 78 8469694.824
18 79 2469419.775
18 80 4784267.005
18 81 1481964.674
18 82 4581288.844
18 83 5277937.115
18 84 7142794.154
18 85 10052410.29
18 86 9231526.947
18 87 1719709.614
18 88 9545132.492
18 89 5433900.711
18 90 3864494.953
18 91 9609027.091
18 92 4321971.028
18 93 6994601.341
18 94 9217853.836
18 95 3148262.114
18 96 5658001.185
18 97 2154949.227
18 98 3226703.161
18 99 1676036.622
19 20 4357951.091
19 21 4376560.585
19 22 4294318.928
19 23 7014919.415
19 24 4555910.165
19 25 5718928.336
19 26 1817539.54
19 27 6012609.213
19 28 7951802.378
19 29 8241950.737
19 30 8321037.504
19 31 3843917.471
19 32 6654383.08
19 33 3545143.649
19 34 4290503.729
19 35 4701443.002
19 36 3664733.23
19 37 6499220.329
19 38 3321129.282
19 39 6443309.265
19 40 4226591.091
19 41 479140.3945
19 42 452378.8181
19 43 9364861.727
19 44 6377282.462
19 45 4394778.066
19 46 2837216.112
19 47 6749262.769
19 48 764671.6123
19 49 2219365.888
19 50 2985603.008
19 51 5941412.742
19 52 3967882.326
19 53 6830617.142
19 54 5618933.864
19 55 5487900.032
19 56 8132071.354
19 57 1988347.939
19 58 7059772.535
19 59 2714710.525
19 60 3730575.867
19 61 8938388.513
19 62 4167542.183
19 63 4475380.044
19 64 5135270.235
19 65 4548444.395
19 66 6835119.142
19 67 1951408.129
19 68 5124977.528
19 69 2784789.887
19 70 2723663.02
19 71 6622795.852
19 72 5247480.5
19 73 3109676.011
19 74 6019269.389
19 75 2230127.581
19 76 4042456.742
19 77 3871842.425
19 78 8334707.729
19 79 2715738.21
19 80 5197151.977
19 81 2092517.734
19 82 3947713.476
19 83 3518876.659
19 84 6589716.391
19 85 8920042.134
19 86 8291711.38
19 87 1861069.051
19 88 9805281.642
19 89 6545742.761
19 90 2900101.986
19 91 8284169.096
19 92 5340443.545
19 93 7813201.962
19 94 8268065.796
19 95 4932461.862
19 96 3891238.134
19 97 1241842.518
19 98 1742266.041
19 99 830487.5192
20 21 3253159.062
20 22 4042426.171
20 23 2866416.471
20 24 4039196.073
20 25 3617118.192
20 26 5557951.647
20 27 5603760.788
20 28 4840841.909
20 29 6425683.733
20 30 6657079.849
20 31 7037832.106
20 32 2555583.621
20 33 826511.7046
20 34 2221654.236
20 35 378227.7981
20 36 3533777.906
20 37 4949705.506
20 38 1756567.461
20 39 5618665.483
20 40 1004390.688
20 41 4723830.571
20 42 4661235.702
20 43 6581619.982
20 44 4654408.099
20 45 7054636.582
20 46 2902460.249
20 47 6140825.907
20 48 4943505.845
20 49 2894254.472
20 50 3688402.763
20 51 4579317.733
20 52 1179097.179
20 53 2496539.097
20 54 2046918.973
20 55 2029598.596
20 56 3774662.381
20 57 3538030.687
20 58 6430700.757
20 59 2108679.976
20 60 4988982.367
20 61 7229955.221
20 62 2145681.198
20 63 7240359.321
20 64 3844705.48
20 65 668923.6526
20 66 4499731.215
20 67 4632608.441
20 68 6377385.921
20 69 5441687.217
20 70 3825162.753
20 71 6307245.879
20 72 6213104.367
20 73 1808699.976
20 74 2975944.967
20 75 4386309.499
20 76 6566555.473
20 77 5556909.156
20 78 5083075.023
20 79 3629074.982
20 80 4240469.218
20 81 4305640.977
20 82 1484572.237
20 83 4892134.222
20 84 2791298.336
20 85 4609784.583
20 86 3940828.733
20 87 3870821.194
20 88 7197171.5
20 89 6741829.121
20 90 1589039.961
20 91 4221013.082
20 92 5723870.875
20 93 6913941.644
20 94 3915005.099
20 95 7756059.577
20 96 4989967.801
20 97 3344578.861
20 98 2687119.128
20 99 5183591.697
21 22 907639.0084
21 23 5749205.218
21 24 806454.9466
21 25 1398878.847
21 26 4411017.146
21 27 2375540.789
21 28 3773825.624
21 29 3931066.611
21 30 4056596.164
21 31 4984466.138
21 32 5531649.15
21 33 2915234.482
21 34 1057853.458
21 35 3540554.856
21 36 5953627.509
21 37 2191172.938
21 38 1810793.652
21 39 2501483.897
21 40 2260956.433
21 41 4855548.262
21 42 4369930.247
21 43 5015476.215
21 44 2021561.72
21 45 4627267.886
21 46 1547443.214
21 47 2981795.462
21 48 5141199.42
21 49 4560620.97
21 50 1611615.728
21 51 1659676.877
21 52 4131316.146
21 53 5030273.157
21 54 5292013.916
21 55 5282161.791
21 56 5863722.383
21 57 5015054.142
21 58 3291251.798
21 59 4100589.874
21 60 2318618.454
21 61 4678345.653
21 62 1111752.584
21 63 4845270.5
21 64 802745.375
21 65 2723882.313
21 66 2480815.494
21 67 3196798.685
21 68 3353266.161
21 69 3500788.354
21 70 1927791.175
21 71 3088563.371
21 72 3109217.13
21 73 4121091.245
21 74 6227372.514
21 75 2758444.942
21 76 4158116.034
21 77 7431182.547
21 78 4197273.699
21 79 1819687.461
21 80 1059300.366
21 81 2795939.158
21 82 1775689.899
21 83 6840576.91
21 84 3258688.328
21 85 6952655.101
21 86 5790967.765
21 87 2683341.778
21 88 5431643.411
21 89 3488670.062
21 90 2530615.322
21 91 7067573.606
21 92 2514330.558
21 93 3893990.697
21 94 5798210.197
21 95 5313917.965
21 96 7088861.834
21 97 3181978.244
21 98 3712854.14
21 99 5064719.082
22 23 6631586.153
22 24 298638.7293
22 25 2011598.781
22 26 3960484.135
22 27 1837965.312
22 28 4375775.012
22 29 3983487.648
22 30 4038590.389
22 31 4231383.605
22 32 6402504.018
22 33 3592330.31
22 34 1927033.736
22 35 4355590.914
22 36 6412379.751
22 37 2276014.458
22 38 2425941.15
22 39 2170005.936
22 40 3080437.694
22 41 4761549.061
22 42 4194021.131
22 43 5392297.26
22 44 2233281.658
22 45 3790414.927
22 46 1703961.372
22 47 2545320.465
22 48 5043475.121
22 49 4910566.568
22 50 1310093.483
22 51 1723321.641
22 52 4809823.342
22 53 5929870.272
22 54 6089272.366
22 55 6066209.46
22 56 6770249.052
22 57 5279435.429
22 58 2864477.792
22 59 4572101.326
22 60 1501400.135
22 61 4651629.989
22 62 1954660.637
22 63 4011461.514
22 64 1107341.217
22 65 3564869.708
22 66 2928283.006
22 67 2775479.367
22 68 2447399.809
22 69 2857782.985
22 70 1593987.686
22 71 2533418.942
22 72 2215439.787
22 73 4661773.378
22 74 6993364.092
22 75 2332877.771
22 76 3336728.269
22 77 7685291.459
22 78 4812678.448
22 79 1578773.626
22 80 958747.3966
22 81 2412588.45
22 82 2560957.015
22 83 7135301.95
22 84 4133569.675
22 85 7860283.935
22 86 6692207.627
22 87 2456722.603
22 88 5718964.618
22 89 2775395.577
22 90 3064781.186
22 91 7958777.037
22 92 1683108.197
22 93 3571537.729
22 94 6700436.511
22 95 4462907.09
22 96 7417646.472
22 97 3217261.911
22 98 3999822.228
22 99 4880126.815
23 24 6553639.359
23 25 5545959.838
23 26 8380573.134
23 27 7901138.15
23 28 5571193.757
23 29 7897215.086
23 30 8190568.394
23 31 9904161.309
23 32 372607.3145
23 33 3658286.246
23 34 4704597.104
23 35 2488607.836
23 36 4835334.336
23 37 6846897.665
23 38 4583031.265
23 39 7747526.709
23 40 3620547.903
23 41 7310898.855
23 42 7372422.997
23 43 7270337.566
23 44 6520292.697
23 45 9900248.316
23 46 5738509.935
23 47 8288440.244
23 48 7486717.671
23 49 5099302.434
23 50 6504865.112
23 51 6651331.476
23 52 3071634.744
23 53 929443.5553
23 54 1624601.954
23 55 1793139.372
23 56 1782096.59
23 57 5690450.57
23 58 8533070.842
23 59 4380631.97
23 60 7764202.474
23 61 8656964.49
23 62 4682199.551
23 63 10090558.72
23 64 6121370.805
23 65 3116899.538
23 66 6010811.203
23 67 7495810.961
23 68 9059769.252
23 69 8306643.108
23 70 6667115.861
23 71 8551311.869
23 72 8846902.04
23 73 3978253.889
23 74 2137036.162
23 75 7252301.877
23 76 9410427.054
23 77 6987587.637
23 78 5590904.554
23 79 6470508.43
23 80 6562064.899
23 81 7172027.715
23 82 4159820.981
23 83 6369258.391
23 84 3449553.839
23 85 2030166.538
23 86 2191577.246
23 87 6734948.709
23 88 7950638.694
23 89 9121913.73
23 90 4441648.206
23 91 1359240.238
23 92 8258058.087
23 93 8834201.211
23 94 2134821.03
23 95 10604402.53
23 96 6292714.789
23 97 6139191.82
23 98 5273627.181
23 99 7809298.991
24 25 1742894.318
24 26 4258161.062
24 27 1682529.357
24 28 4091421.395
24 29 3702602.43
24 30 3766982.341
24 31 4506233.834
24 32 6337934.391
24 33 3644380.584
24 34 1863264.041
24 35 4336472.334
24 36 6553805.776
24 37 1984936.42
24 38 2494519.03
24 39 1949134.184
24 40 3056217.697
24 41 5026148.763
24 42 4468826.215
24 43 5093658.559
24 44 1935400.395
24 45 4036636.969
24 46 1893066.129
24 47 2360548.68
24 48 5309234.302
24 49 5080926.73
24 50 1580816.361
24 51 1429707.469
24 52 4865057.892
24 53 5824830.599
24 54 6083370.568
24 55 6068554.164
24 56 6618582.559
24 57 5473512.015
24 58 2679183.352
24 59 4704848.209
24 60 1769598.876
24 61 4382963.64
24 62 1910597.034
24 63 4258650.646
24 64 823238.4506
24 65 3526281.965
24 66 2633411.914
24 67 3070535.35
24 68 2586833.113
24 69 3152290.795
24 70 1874233.585
24 71 2393073.508
24 72 2320770.534
24 73 4771395.836
24 74 7007089.166
24 75 2627089.551
24 76 3591639.018
24 77 7886303.895
24 78 4529297.08
24 79 1845488.567
24 80 664395.6803
24 81 2703937.397
24 82 2555216.085
24 83 7325296.913
24 84 3937400.732
24 85 7718848.358
24 86 6524162.324
24 87 2731105.197
24 88 5422138.128
24 89 2715053.919
24 90 3168682.62
24 91 7868149.772
24 92 1707883.042
24 93 3359734.352
24 94 6534610.547
24 95 4699560.832
24 96 7598993.251
24 97 3453453.531
24 98 4183538.363
24 99 5157455.811
25 26 5805651.915
25 27 2439856.893
25 28 2389953.777
25 29 2864569.94
25 30 3066712.837
25 31 6242977.832
25 32 5410229.634
25 33 3592645.15
25 34 1645816.863
25 35 3790327.29
25 36 6825068.956
25 37 1348632.548
25 38 2748910.764
25 39 2205383.731
25 40 2661380.621
25 41 6197468.887
25 42 5742343.578
25 43 3645989.873
25 44 1040420.095
25 45 5774310.62
25 46 2884929.998
25 47 2745439.551
25 48 6482010.713
25 49 5602795.51
25 50 3006735.328
25 51 1112003.334
25 52 4707563.795
25 53 4698675.838
25 54 5495395.949
25 55 5528628.924
25 56 5236161.194
25 57 6127441.576
25 58 2987359.369
25 59 5019976.409
25 60 3510290.361
25 61 3662310.006
25 62 1776878.364
25 63 5996738.599
25 64 931283.4774
25 65 2963852.858
25 66 1121887.707
25 67 4591611.344
25 68 4175798.231
25 69 4834561.069
25 70 3323653.634
25 71 3033797.275
25 72 3847812.174
25 73 4943045.943
25 74 6493812.862
25 75 4150845.399
25 76 5333672.458
25 77 8510441.983
25 78 2820745.645
25 79 3218565.495
25 80 1302120.462
25 81 4192702.716
25 82 2388573.021
25 83 7887624.434
25 84 2423105.296
25 85 6365126.016
25 86 5068711.635
25 87 4077502.651
25 88 4104503.932
25 89 3680397.867
25 90 3480040.571
25 91 6759988.105
25 92 3097792.175
25 93 3347021.737
25 94 5088889.652
25 95 6428401.493
25 96 8095811.882
25 97 4496359.884
25 98 4846251.491
25 99 6435069.679
26 27 5334835.254
26 28 8184099.398
26 29 7881826.046
26 30 7890535.553
26 31 2038401.316
26 32 8039453.033
26 33 4737737.307
26 34 4749343.727
26 35 5930983.244
26 36 5476146.442
26 37 6224832.499
26 38 4088470.963
26 39 5874303.054
26 40 5128896.476
26 41 1953441.602
26 42 1369730.898
26 43 9344788.819
26 44 6193560.939
26 45 2686894.072
26 46 3140746.601
26 47 6048914.967
26 48 2094045.698
26 49 3972537.104
26 50 2799549.442
26 51 5679582.049
26 52 5459526.224
26 53 8045040.321
26 54 7133446.338
26 55 7020831.667
26 56 9259571.314
26 57 3803420.005
26 58 6330437.515
26 59 4331027.228
26 60 2827745.072
26 61 8478143.415
26 62 4656228.887
26 63 2732443.601
26 64 5014518.302
26 65 5556531.046
26 66 6842742.467
26 67 1214242.114
26 68 3878223.221
26 69 1402288.979
26 70 2483242.834
26 71 5818018.135
26 72 4105182.672
26 73 4694853.068
26 74 7656826.88
26 75 1655614.298
26 76 2417576.093
26 77 5547004.411
26 78 8604800.571
26 79 2604071.496
26 80 4917947.077
26 81 1616932.842
26 82 4704156.556
26 83 5271953.347
26 84 7271321.544
26 85 10161237.19
26 86 9349034.696
26 87 1847734.904
26 88 9678771.22
26 89 5541982.16
26 90 3971796.304
26 91 9705512.131
26 92 4437928.848
26 93 7115436.63
26 94 9334935.909
26 95 3156694.227
26 96 5653985.731
26 97 2247086.159
26 98 3297042.76
26 99 1632429.731
27 28 4182062.323
27 29 2705321.95
27 30 2636261.766
27 31 4941448.927
27 32 7729209.295
27 33 5288805.242
27 34 3382193.509
27 35 5866952.755
27 36 8235249.535
27 37 1546541.182
27 38 4160265.538
27 39 617879.324
27 40 4600860.338
27 41 6462615.895
27 42 5849701.913
27 43 4579407.137
27 44 1781513.21
27 45 4204120.78
27 46 3541925.999
27 47 736995.9607
27 48 6736634.36
27 49 6747661.317
27 50 3063741.407
27 51 1366773.815
27 52 6506409.285
27 53 7091672.08
27 54 7622576.033
27 55 7624133.224
27 56 7675926.466
27 57 7114274.036
27 58 1048223.84
27 59 6387218.614
27 60 2509665.165
27 61 3183199.341
27 62 3461376.663
27 63 4415878.157
27 64 1791519.776
27 65 5031237.487
27 66 2664684.99
27 67 4274072.215
27 68 2213306.505
27 69 4006485.15
27 70 3294917.253
27 71 714693.7411
27 72 1824749.966
27 73 6451041.36
27 74 8578632.939
27 75 3870486.094
27 76 3885144.557
27 77 9514970.212
27 78 4603143.235
27 79 3333033.747
27 80 1367878.857
27 81 3984832.902
27 82 4142605.425
27 83 8971045.077
27 84 4858487.429
27 85 8804976.493
27 86 7501960.335
27 87 4151638.95
27 88 4704575.66
27 89 1240834.632
27 90 4848257.357
27 91 9157798.919
27 92 1072985.58
27 93 1807444.549
27 94 7523670.803
27 95 4727429.21
27 96 9255364.832
27 97 5013923.251
27 98 5837643.433
27 99 6510110.365
28 29 2630394.023
28 30 2953749.69
28 31 8592819.583
28 32 5594403.387
28 33 5183747.349
28 34 3668296.455
28 35 4830692.757
28 36 8362162.663
28 37 2635604.301
28 38 4725185.822
28 39 3667058.412
28 40 4172399.442
28 41 8423755.73
28 42 8026888.384
28 43 1770397.882
28 44 2426227.538
28 45 8060141.856
28 46 5170806.888
28 47 4081974.26
28 48 8703228.821
28 49 7431992.032
28 50 5385292.43
28 51 2941247.179
28 52 6018871.787
28 53 4642908.122
28 54 6184037.475
28 55 6277921.604
28 56 4516827.956
28 57 8026315.34
28 58 4163880.399
28 59 6730760.248
28 60 5855415.889
28 61 3264421.212
28 62 3795734.581
28 63 8282702.474
28 64 3269160.241
28 65 4206383.322
28 66 1542731.941
28 67 6970082.637
28 68 6281743.311
28 69 7220061.976
28 70 5701035.875
28 71 4500070.416
28 72 5913679.331
28 73 6539676.413
28 74 7170632.133
28 75 6532268.2
28 76 7643136.566
28 77 10290375.52
28 78 439887.8
28 79 5584986.022
28 80 3532482.972
28 81 6567830.096
28 82 4176613.685
28 83 9635836.157
28 84 2227061.763
28 85 5576906.667
28 86 4180118.658
28 87 6420022.928
28 88 2428521.466
28 89 5282619.555
28 90 5367580.722
28 91 6455115.324
28 92 5124448.752
28 93 4051706.281
28 94 4224353.064
28 95 8682799.454
28 96 9778452.07
28 97 6710611.686
28 98 6826920.864
28 99 8710303.492
29 30 323626.6399
29 31 7646036.386
29 32 7847792.035
29 33 6456226.413
29 34 4497321.438
29 35 6551947.005
29 36 9688437.703
29 37 1747289.863
29 38 5578256.688
29 39 2092798.453
29 40 5507105.734
29 41 8716284.81
29 42 8170580.468
29 43 2087800.697
29 44 1922222.373
29 45 6901298.988
29 46 5462541.397
29 47 2186427.695
29 48 9000783.74
29 49 8426722.536
29 50 5282775.827
29 51 2301761.424
29 52 7550435.104
29 53 6978051.284
29 54 8172323.986
29 55 8229445.564
29 56 7072968.602
29 57 8920449.724
29 58 2083414.235
29 59 7874169.896
29 60 5117264.358
29 61 804276.0676
29 62 4624890.986
29 63 7110005.087
29 64 3134358.161
29 65 5759084.189
29 66 1948431.523
29 67 6735227.181
29 68 4876934.537
29 69 6627349.034
29 70 5576036.665
29 71 2605125.618
29 72 4488868.019
29 73 7806951.944
29 74 9182077.148
29 75 6299706.58
29 76 6590425.338
29 77 11325883.39
29 78 2895347.791
29 79 5545178.02
29 80 3048006.493
29 81 6388718.874
29 82 5252892.728
29 83 10716002.19
29 84 4450571.532
29 85 8163963.77
29 86 6766417.926
29 87 6433267.174
29 88 2042855.45
29 89 3356818.688
29 90 6317715.705
29 91 8926057.841
29 92 3774295.254
29 93 1621651.99
29 94 6806751.921
29 95 7396276.769
29 96 10938294.89
29 97 7090250.939
29 98 7622360.264
29 99 8859967.527
30 31 7570831.074
30 32 8134547.79
30 33 6657284.142
30 34 4680839.269
30 35 6795142.978
30 36 9876603.898
30 37 1866374.714
30 38 5746331.057
30 39 2040305.696
30 40 5723530.358
30 41 8792551.322
30 42 8232603.266
30 43 2346049.861
30 44 2081600.93
30 45 6801945.757
30 46 5570654.967
30 47 2054215.244
30 48 9075943.991
30 49 8584914.974
30 50 5346357.594
30 51 2404049.842
30 52 7769615.685
30 53 7273985.42
30 54 8433330.845
30 55 8486739.122
30 56 7388246.045
30 57 9064835.864
30 58 1910383.691
30 59 8051638.245
30 60 5099270.497
30 61 622187.1983
30 62 4805883.467
30 63 7007004.011
30 64 3254456.587
30 65 5992941.156
30 66 2212206.785
30 67 6762756.24
30 68 4762794.999
30 69 6609255.157
30 70 5632089.078
30 71 2454116.818
30 72 4377737.49
30 73 7997817.193
30 74 9442610.766
30 75 6332389.564
30 76 6509013.727
30 77 11476300.38
30 78 3217948.959
30 79 5612309.041
30 80 3125777.441
30 81 6427136.579
30 82 5447900.293
30 83 10873447.81
30 84 4747824.09
30 85 8481794.038
30 86 7084656.377
30 87 6495115.606
30 88 2228604.061
30 89 3178001.676
30 90 6487255.08
30 91 9231923.767
30 92 3690707.345
30 93 1365042.716
30 94 7124606.191
30 95 7274839.689
30 96 11103882.47
30 97 7189072.894
30 98 7763911.388
30 99 8918189.297
31 32 9589248.653
31 33 6264268.715
31 34 5675506.566
31 35 7415553.485
31 36 7476880.413
31 37 6220663.617
31 38 5360461.436
31 39 5553578.96
31 40 6396037.341
31 41 3988136.817
31 42 3402470.299
31 43 9420284.876
31 44 6296108.567
31 45 941309.1821
31 46 4228935.22
31 47 5542671.126
31 48 4109852.233
31 49 5925848.325
31 50 3564289.605
31 51 5749176.068
31 52 7176100.545
31 53 9434793.38
31 54 8823159.05
31 55 8729623.953
31 56 10531515.83
31 57 5816379.61
31 58 5759259.274
31 59 6179307.94
31 60 2737785.811
31 61 8089028.883
31 62 5621239.942
31 63 855144.841
31 64 5329278.387
31 65 6878495.562
31 66 7099135.603
31 67 2437737.134
31 68 2891676.778
31 69 1607040.551
31 70 3322675.569
31 71 5199030.429
31 72 3246834.978
31 73 6508772.993
31 74 9452755.36
31 75 2652485.55
31 76 1068127.757
31 77 7563664.515
31 78 9031810.327
31 79 3511979.439
31 80 5070873.93
31 81 2733461.154
31 82 5892400.332
31 83 7307815.64
31 84 8188858.803
31 85 11525492.63
31 86 10549444.7
31 87 3183485.911
31 88 9620091.923
31 89 4678625.126
31 90 5479580.97
31 91 11258146.23
31 92 3880225.896
31 93 6520096.389
31 94 10545163.33
31 95 1153244.511
31 96 7690863.889
31 97 3993787.94
31 98 5155533.277
31 99 3625610.572
32 33 3331119.171
32 34 4479030.657
32 35 2180535.561
32 36 4476584.447
32 37 6729440.135
32 38 4292341.525
32 39 7601780.874
32 40 3358498.697
32 41 6945791.072
32 42 7015847.953
32 43 7319559.385
32 44 6404369.577
32 45 9606011.425
32 46 5446675.571
32 47 8142532.532
32 48 7119458.505
32 49 4727437.432
32 50 6221381.376
32 51 6506801.747
32 52 2704000.571
32 53 995597.1697
32 54 1264223.577
32 55 1433096.403
32 56 2072482.635
32 57 5317877.856
32 58 8395430.253
32 59 4011462.484
32 60 7495568.683
32 61 8618614.764
32 62 4448231.745
32 63 9793603.296
32 64 5941678.882
32 65 2857002.616
32 66 5937967.747
32 67 7172925.823
32 68 8817382.103
32 69 7996113.201
32 70 6373552.181
32 71 8390998.557
32 72 8615240.392
32 73 3608678.484
32 74 1866794.607
32 75 6939554.994
32 76 9117043.146
32 77 6633939.41
32 78 5643144.765
32 79 6177048.187
32 80 6378697.796
32 81 6855858.26
32 82 3897833.827
32 83 6011505.025
32 84 3422890.127
32 85 2399170.782
32 86 2460324.941
32 87 6413669.296
32 88 7997168.478
32 89 8940379.398
32 90 4116361.987
32 91 1671590.615
32 92 8045417.792
32 93 8725926.579
32 94 2406097.279
32 95 10308680.67
32 96 5942124.041
32 97 5795211.63
32 98 4912390.393
32 99 7445754.424
33 34 2002642.933
33 35 1194191.43
33 36 3250805.86
33 37 4859124.244
33 38 1171710.433
33 39 5391424.753
33 40 1014337.846
33 41 3924174.028
33 42 3838768.18
33 43 6867037.602
33 44 4592509.356
33 45 6329773.442
33 46 2231392.515
33 47 5889249.66
33 48 4152865.628
33 49 2284283.073
33 50 3030206.782
33 51 4421725.821
33 52 1220679.844
33 53 3323024.331
33 54 2632728.132
33 55 2572358.714
33 56 4594428.854
33 57 2911067.63
33 58 6193859.621
33 59 1549149.399
33 60 4357672.296
33 61 7254943.208
33 62 1890766.292
33 63 6508101.959
33 64 3614721.14
33 65 1089803.731
33 66 4597399.247
33 67 3842129.311
33 68 5807524.146
33 69 4680240.309
33 70 3126124.044
33 71 6002780.577
33 72 5680203.962
33 73 1375662.898
33 74 3445179.404
33 75 3621518.705
33 76 5845795.918
33 77 5106708.273
33 78 5476184.809
33 79 2933632.92
33 80 3961910.725
33 81 3531777.188
33 82 1214733.425
33 83 4452457.877
33 84 3322299.669
33 85 5435673.167
33 86 4746571.579
33 87 3084001.867
33 88 7446229.195
33 89 6356064.157
33 90 785553.078
33 91 5002623.449
33 92 5265870.484
33 93 6749052.987
33 94 4723017.546
33 95 7025376.362
33 96 4606071.937
33 97 2518383.905
33 98 1916198.171
33 99 4373489.892
34 35 2492083.552
34 36 5195785.706
34 37 2860339.049
34 38 1112002.518
34 39 3416530.28
34 40 1218916.707
34 41 4759495.401
34 42 4393021.667
34 43 5177561.492
34 44 2603500.627
34 45 5446043.004
34 46 1610195.286
34 47 3930065.506
34 48 5037474.826
34 49 3959779.934
34 50 2115599.456
34 51 2420476.313
34 52 3183304.995
34 53 4014758.908
34 54 4247151.511
34 55 4243847.88
34 56 4933060.196
34 57 4495929.653
34 58 4226133.724
34 59 3377401.217
34 60 3173960.561
34 61 5287705.521
34 62 133774.207
34 63 5656132.164
34 64 1634568.256
34 65 1667908.12
34 66 2730837.617
34 67 3575888.745
34 68 4363729.472
34 69 4103025.499
34 70 2385020.01
34 71 4085943.959
34 72 4142451.89
34 73 3318335.093
34 74 5196576.574
34 75 3182742.622
34 76 4961228.639
34 77 6867838.285
34 78 4044859.584
34 79 2214159.439
34 80 2019418.829
34 81 3172333.758
34 82 791857.9477
34 83 6242596.463
34 84 2544231.461
34 85 5993685.125
34 86 4904478.057
34 87 2906952.976
34 88 5690426.934
34 89 4532787.111
34 90 1835355.691
34 91 6033269.88
34 92 3570658.038
34 93 4752984.927
34 94 4905295.343
34 95 6147953.959
34 96 6450186.59
34 97 3048732.167
34 98 3230442.934
34 99 5065372.301
35 36 3619347.572
35 37 5134932.412
35 38 2119429.537
35 39 5851099.945
35 40 1280296.374
35 41 5055918.346
35 42 5015060.235
35 43 6589163.433
35 44 4830744.176
35 45 7426617.136
35 46 3270337.479
35 47 6379605.833
35 48 5268592.402
35 49 3136764.638
35 50 4051992.095
35 51 4793036.401
35 52 1244909.04
35 53 2135144.533
35 54 1755863.985
35 55 1761210.314
35 56 3433899.547
35 57 3780502.225
35 58 6662985.77
35 59 2347103.481
35 60 5344525.832
35 61 7354996.119
35 62 2428803.576
35 63 7613429.402
35 64 4091030.2
35 65 841282.4582
35 66 4610711.807
35 67 5010789.31
35 68 6715722.52
35 69 5818688.207
35 70 4195331.025
35 71 6564018.074
35 72 6541762.279
35 73 2010199.977
35 74 2723583.08
35 75 4763779.392
35 76 6938054.448
35 77 5699174.348
35 78 5044235.018
35 79 3998996.197
35 80 4499581.56
35 81 4683617.899
35 82 1795969.252
35 83 5033940.64
35 84 2702468.721
35 85 4243675.149
35 86 3620046.644
35 87 4249035.48
35 88 7219815.751
35 89 7024619.84
35 90 1965049.397
35 91 3843988.879
35 92 6032203.419
35 93 7117462.714
35 94 3591409.146
35 95 8128756.727
35 96 5104759.673
35 97 3711240.721
35 98 3007986.367
35 99 5523689.313
36 37 8045306.314
36 38 4157916.577
36 39 8448837.678
36 40 4249620.785
36 41 3666024.652
36 42 4117006.139
36 43 10083130.41
36 44 7798283.635
36 45 7923067.161
36 46 4733273.648
36 47 8904825.901
36 48 3683902.973
36 49 1622231.182
36 50 5396581.839
36 51 7568911.12
36 52 2376593.815
36 53 5141650.149
36 54 3212409.188
36 55 3043546.142
36 56 6470263.567
36 57 1678130.056
36 58 9220889.387
36 59 1853856.706
36 60 6621450.815
36 61 10482172.78
36 62 5071416.857
36 63 8035087.763
36 64 6725031.316
36 65 4155779.933
36 66 7847660.251
36 67 5260847.935
36 68 8153763.049
36 69 6206905.542
36 70 5311311.457
36 71 8941465.529
36 72 8148876.213
36 73 1882520.034
36 74 3033062.665
36 75 5320922.825
36 76 7512421.333
36 77 2170936.261
36 78 8615470.745
36 79 5175981.459
36 80 7008614.638
36 81 5179621.083
36 82 4436904.047
36 83 1535380.084
36 84 6312477.386
36 85 6856601.913
36 86 6793144.704
36 87 4736281.776
36 88 10678720.06
36 89 9142453.908
36 90 3424440.434
36 91 5769718.784
36 92 7950968.874
36 93 9847513.271
36 94 6747877.373
36 95 8519777.412
36 96 1511002.165
36 97 3694851.378
36 98 2545639.188
36 99 4163279.601
37 38 3897073.018
37 39 1062750.649
37 40 3974899.373
37 41 6974676.376
37 42 6438883.202
37 43 3202240.275
37 44 327216.7727
37 45 5580645.843
37 46 3715806.969
37 47 1552395.933
37 48 7259602.936
37 49 6724111.894
37 50 3555549.555
37 51 559273.7573
37 52 6012386.161
37 53 5975217.725
37 54 6844026.539
37 55 6876832.302
37 56 6379343.723
37 57 7198914.207
37 58 1732545.445
37 59 6208469.563
37 60 3553526.585
37 61 2487613.798
37 62 2979591.099
37 63 5800027.032
37 64 1390326.956
37 65 4303805.787
37 66 1133522.351
37 67 5050102.46
37 68 3691253.952
37 69 5040056.817
37 70 3855897.469
37 71 1928165.117
37 72 3312441.933
37 73 6174346.666
37 74 7842139.168
37 75 4608463.72
37 76 5205685.598
37 77 9611455.493
37 78 3057104.388
37 79 3813710.685
37 80 1321247.093
37 81 4688257.647
37 82 3644398.262
37 83 9011438.783
37 84 3562441.516
37 85 7509690.992
37 86 6159378.416
37 87 4704470.229
37 88 3462934.542
37 89 2682840.356
37 90 4637832.14
37 91 8020706.107
37 92 2524871.349
37 93 2002398.692
37 94 6187287.171
37 95 6159557.998
37 96 9246749.646
37 97 5342974.308
37 98 5897733.576
37 99 7130762.414
38 39 4311989.832
38 40 1050650.098
38 41 3773066.492
38 42 3490769.758
38 43 6279607.712
38 44 3665034.652
38 45 5317222.67
38 46 1155481.235
38 47 4790002.919
38 48 4041603.527
38 49 2854665.328
38 50 1932650.785
38 51 3411449.176
38 52 2384554.86
38 53 4074335.546
38 54 3756261.281
38 55 3711515.72
38 56 5206949.319
38 57 3383997.254
38 58 5100981.393
38 59 2312603.838
38 60 3235260.102
38 61 6359916.508
38 62 978387.827
38 63 5508208.291
38 64 2567869.845
38 65 1518906.839
38 66 3842501.921
38 67 3026044.219
38 68 4652268.512
38 69 3753770.61
38 70 2084200.668
38 71 4874844.282
38 72 4513934.522
38 73 2310995.686
38 74 4607592.614
38 75 2718590.148
38 76 4827412.018
38 77 5761731.038
38 78 5080725.135
38 79 1887607.539
38 80 2870061.592
38 81 2659759.211
38 82 635440.5932
38 83 5141841.163
38 84 3280924.137
38 85 6170214.439
38 86 5270686.782
38 87 2275275.868
38 88 6800471.965
38 89 5196739.672
38 90 741074.9733
38 91 5942268.373
38 92 4095196.315
38 93 5698805.251
38 94 5259133.188
38 95 6021557.977
38 96 5360088.65
38 97 2102472.168
38 98 2122694.882
38 99 4129743.646
39 40 4616532.456
39 41 6903447.964
39 42 6310137
39 43 3969159.325
39 44 1353915.179
39 45 4821928.429
39 46 3841649.684
39 47 540971.6999
39 48 7182026.925
39 49 7014041.738
39 50 3462267.188
39 51 1096195.996
39 52 6593611.466
39 53 6904038.47
39 54 7596528.992
39 55 7611767.147
39 56 7390179.617
39 57 7420556.005
39 58 812207.3051
39 59 6594981.075
39 60 3065307.798
39 61 2608012.858
39 62 3513668.779
39 63 5033757.464
39 64 1782265.059
39 65 5009818.064
39 66 2194339.516
39 67 4777011.372
39 68 2826033.674
39 69 4573181.997
39 70 3720807.803
39 71 868465.1321
39 72 2436767.634
39 73 6622569.827
39 74 8574628.237
39 75 4358769.909
39 76 4499881.56
39 77 9834744.618
39 78 4076509.784
39 79 3733446.092
39 80 1442352.316
39 81 4464260.923
39 82 4202788.674
39 83 9269883.467
39 84 4564671.263
39 85 8521707.952
39 86 7187310.203
39 87 4587368.309
39 88 4086697.684
39 89 1622805.886
39 90 5029914.907
39 91 8964607.702
39 92 1690828.757
39 93 1412018.256
39 94 7213013.68
39 95 5343085.719
39 96 9538057.398
39 97 5387255.736
39 98 6127144.374
39 99 6982944.659
40 41 4651881.895
40 42 4447621.082
40 43 5853016.64
40 44 3688652.161
40 45 6310831.802
40 46 2169325.025
40 47 5137243.833
40 48 4904694.863
40 49 3270710.339
40 50 2902078.572
40 51 3585680.952
40 52 2046441.226
40 53 3047398.878
40 54 3031432.042
40 55 3025323.18
40 56 4156575.811
40 57 3882045.465
40 58 5428311.04
40 59 2558409.055
40 60 4143728.61
40 61 6309912.325
40 62 1149408.229
40 63 6507981.675
40 64 2840699.813
40 65 503676.7709
40 66 3615564.827
40 67 4076648.464
40 68 5465385.044
40 69 4789173.412
40 70 3091925.301
40 71 5303328.565
40 72 5277603.148
40 73 2385671.862
40 74 3977775.41
40 75 3763482.59
40 76 5820125.023
40 77 6118552.591
40 78 4472431.79
40 79 2897061.675
40 80 3236537.055
40 81 3708369.088
40 82 539642.0833
40 83 5465707.456
40 84 2402012.796
40 85 5129480.785
40 86 4222615.526
40 87 3325355.595
40 88 6435042.633
40 89 5747361.855
40 90 1340121.138
40 91 4974247.277
40 92 4753666.893
40 93 5922908.522
40 94 4210225.596
40 95 7017166.465
40 96 5620091.552
40 97 3060187.771
40 98 2771122.667
40 99 5052522.475
41 42 671910.0013
41 43 9843316.098
41 44 6854946.913
41 45 4616271.509
41 46 3316288.032
41 47 7199600.329
41 48 285707.0925
41 49 2360070.368
41 50 3451652.346
41 51 6416512.51
41 52 4244033.001
41 53 7172734.636
41 54 5866481.098
41 55 5728054.639
41 56 8489740.266
41 57 2002458.244
41 58 7508294.051
41 59 2953799.562
41 60 4138527.004
41 61 9409109.281
41 62 4635373.801
41 63 4676864.888
41 64 5612940.957
41 65 4953137.327
41 66 7314000.203
41 67 2323579.776
41 68 5490948.652
41 69 3087334.876
41 70 3182698.044
41 71 7062458.478
41 72 5633675.125
41 73 3356618.527
41 74 6198715.773
41 75 2642077.82
41 76 4298272.538
41 77 3604348.847
41 78 8804342.44
41 79 3182919.564
41 80 5670173.468
41 81 2510127.339
41 82 4394490.726
41 83 3319679.007
41 84 7029460.094
41 85 9245765.817
41 86 8664434.707
41 87 2316276.328
41 88 10284421.95
41 89 6960417.765
41 90 3316147.351
41 91 8554377.096
41 92 5762994.5
41 93 8266305.441
41 94 8638835.186
41 95 5109760.908
41 96 3703065.589
41 97 1713492.285
41 98 2054726.341
41 99 520572.1234
42 43 9382596.751
42 44 6338521.992
42 45 3980660.808
42 46 2863432.848
42 47 6586203.245
42 48 910125.0898
42 49 2661302.457
42 50 2888041.996
42 51 5879609.447
42 52 4347467.086
42 53 7149807.442
42 54 6010002.551
42 55 5883213.93
42 56 8433149.704
42 57 2440242.305
42 58 6891538.053
42 59 3121629.547
42 60 3485370.723
42 61 8845132.183
42 62 4276115.958
42 63 4052745.784
42 64 5100159.22
42 65 4801420.001
42 66 6847479.247
42 67 1658960.644
42 68 4820652.754
42 69 2418725.234
42 70 2601356.501
42 71 6433614.411
42 72 4968210.13
42 73 3510172.233
42 74 6440453.505
42 75 1998030.515
42 76 3645821.194
42 77 4251762.914
42 78 8421003.553
42 79 2625830.796
42 80 5123362.811
42 81 1872244.677
42 82 4125270.479
42 83 3930823.158
42 84 6771693.123
42 85 9250850.918
42 86 8575710.491
42 87 1737818.545
42 88 9797994.702
42 89 6308176.665
42 90 3149020.303
42 91 8657534.787
42 92 5117953.018
42 93 7656599.586
42 94 8554384.372
42 95 4501478.577
42 96 4308055.86
42 97 1391142.496
42 98 2120133.652
42 99 695138.8931
43 44 3167490.534
43 45 8754534.529
43 46 6530369.791
43 47 4193647.9
43 48 10127730.46
43 49 9071699.257
43 50 6581149.234
43 51 3704277.578
43 52 7760670.208
43 53 6349033.629
43 54 7951130.451
43 55 8046808.795
43 56 6050656.89
43 57 9643733.408
43 58 4139351.189
43 59 8401634.708
43 60 6750139.648
43 61 2299022.653
43 62 5310661.13
43 63 8971127.761
43 64 4334491.727
43 65 5934460.599
43 66 2535227.739
43 67 8143278.53
43 68 6792713.59
43 69 8221651.913
43 70 6895971.405
43 71 4627145.435
43 72 6404045.869
43 73 8237118.887
43 74 8933699.842
43 75 7697793.341
43 76 8396310.846
43 77 11959147.87
43 78 1679437.584
43 79 6815153.133
43 80 4445167.51
43 81 7758921.918
43 82 5786439.428
43 83 11312018.92
43 84 3993854.563
43 85 7030856.837
43 86 5667883.839
43 87 7694117.943
43 88 681423.5198
43 89 5403671.03
43 90 6967089.424
43 91 8054489.694
43 92 5641283.688
43 93 3704847.598
43 94 5719145.115
43 95 9303167.577
43 96 11473080.45
43 97 8139822.569
43 98 8402157.507
43 99 10076556.06
44 45 5693384.421
44 46 3565348.564
44 47 1862151.794
44 48 7140518.908
44 49 6507735.305
44 50 3472447.091
44 51 546943.499
44 52 5731514.114
44 53 5648015.757
44 54 6531894.736
44 55 6567218.594
44 56 6059084.697
44 57 6998240.069
44 58 2054285.786
44 59 5970286.612
44 60 3593090.706
44 61 2695255.581
44 62 2726889.022
44 63 5914522.406
44 64 1242015.653
44 65 4003524.593
44 66 888742.8142
44 67 5002958.985
44 68 3859006.398
44 69 5054621.27
44 70 3780481.363
44 71 2222345.013
44 72 3488370.935
44 73 5921835.306
44 74 7532074.997
44 75 4558386.365
44 76 5300994.532
44 77 9404550.148
44 78 2857634.934
44 79 3722435.236
44 80 1279202.154
44 81 4629455.159
44 82 3378914.007
44 83 8796929.795
44 84 3239498.223
44 85 7189896.354
44 86 5843955.725
44 87 4613195.308
44 88 3488761.299
44 89 2959433.866
44 90 4405846.758
44 91 7693673.194
44 92 2698827.928
44 93 2324039.786
44 94 5871105.135
44 95 6292268.826
44 96 9023788.71
44 97 5199310.609
44 98 5700250.891
44 99 7032774.12
45 46 4161756.345
45 47 4753117.959
45 48 4776854.931
45 49 6325556.036
45 50 3409443.546
45 51 5150420.592
45 52 7344743.608
45 53 9354990.019
45 54 8945980.767
45 55 8867770.104
45 56 10371350.62
45 57 6303467.317
45 58 4946630.377
45 59 6471575.33
45 60 2308659.353
45 61 7294558.694
45 62 5412662.285
45 63 222780.1785
45 64 4844080.688
45 65 6808935.072
45 66 6535007.73
45 67 2685277.168
45 68 2051416.327
45 69 1735601.278
45 70 3233214.299
45 71 4384440.919
45 72 2428530.943
45 73 6765451.982
45 74 9651770.353
45 75 2751547.983
45 76 490707.2664
45 77 8220498.631
45 78 8499868.468
45 79 3429819.856
45 80 4531286.701
45 81 2868503.728
45 82 5783437.953
45 83 7910273.902
45 84 7883238.729
45 85 11407676.09
45 86 10350335.73
45 87 3343448.573
45 88 8908326.325
45 89 3810613.838
45 90 5560875.311
45 91 11259487.55
45 92 3131140.584
45 93 5689127.244
45 94 10351338.27
45 95 706533.5411
45 96 8285198.095
45 97 4292606.835
45 98 5482793.924
45 99 4319040.439
46 47 4244729.828
46 48 3601522.226
46 49 3208422.412
46 50 798867.3567
46 51 3167293.812
46 52 3373372.908
46 53 5214826.999
46 54 4861984.805
46 55 4803750.455
46 56 6306217.433
46 57 3581028.634
46 58 4563988.503
46 59 2915633.25
46 60 2129278.219
46 61 6192638.491
46 62 1515498.874
46 63 4353209.461
46 64 2329632.912
46 65 2658630.841
46 66 3998505.228
46 67 1983952.291
46 68 3609369.411
46 69 2623197.205
46 70 929014.4983
46 71 4234313.618
46 72 3521277.138
46 73 3055923.613
46 74 5663309.976
46 75 1621057.393
46 76 3671932.183
46 77 5993258.435
46 78 5571871.004
46 79 732523.0703
46 80 2464743.007
46 81 1588769.583
46 82 1664671.476
46 83 5434590.909
46 84 4134685.77
46 85 7297521.946
46 86 6339716.035
46 87 1296762.124
46 88 6968689.264
46 89 4409960.447
46 90 1532439.702
46 91 7097745.494
46 92 3228467.058
46 93 5252749.905
46 94 6332605.828
46 95 4866223.68
46 96 5714007.226
46 97 1634647.001
46 98 2296146.918
46 99 3553540.696
47 48 7473616.904
47 49 7441337.537
47 50 3794825.51
47 51 1637131.821
47 52 7097741.236
47 53 7443831.842
47 54 8127818.362
47 55 8140754.806
47 56 7915910.086
47 57 7824084.282
47 58 319271.9201
47 59 7052310.658
47 60 3221191.284
47 61 2546712.037
47 62 4022719.029
47 63 4956123.972
47 64 2296976.067
47 65 5538516.853
47 66 2663248.471
47 67 5004669.761
47 68 2709389.608
47 69 4702561.198
47 70 4030317.703
47 71 436522.9525
47 72 2325756.899
47 73 7096104.632
47 74 9102514.811
47 75 4604608.139
47 76 4476226.885
47 77 10230515.7
47 78 4475781.901
47 79 4064854.46
47 80 1927434.602
47 81 4720159.936
47 82 4711444.374
47 83 9679080.047
47 84 5091844.327
47 85 9047270.726
47 86 7705769.093
47 87 4888226.296
47 88 4227486.429
47 89 1227452.045
47 90 5496998.059
47 91 9503613.954
47 92 1675655.838
47 93 1073238.929
47 94 7732576.472
47 95 5220909.29
47 96 9957293.611
47 97 5741991.246
47 98 6540094.699
47 99 7245292.264
48 49 2473264.434
48 50 3733406.52
48 51 6701329.422
48 52 4415458.338
48 53 7375387.653
48 54 6016916.153
48 55 5874588.485
48 56 8700323.005
48 57 2052225.057
48 58 7781394.909
48 59 3112665.826
48 60 4394347.862
48 61 9692156.967
48 62 4912669.541
48 63 4826484.585
48 64 5898520.804
48 65 5194059.046
48 66 7598910.616
48 67 2568865.862
48 68 5724505.522
48 69 3296332.283
48 70 3461850.978
48 71 7331428.11
48 72 5877197.601
48 73 3516607.462
48 74 6309136.107
48 75 2902750.185
48 76 4478139.727
48 77 3455435.033
48 78 9082220.171
48 79 3465184.409
48 80 5954272.719
48 81 2773545.216
48 82 4659623.834
48 83 3216926.22
48 84 7289095.142
48 85 9437094.292
48 86 8883737.04
48 87 2594742.893
48 88 10569848.81
48 89 7217185.819
48 90 3566080.986
48 91 8713791.371
48 92 6024252.954
48 93 8541456.742
48 94 8857004.8
48 95 5244680.875
48 96 3604377.861
48 97 1994563.392
48 98 2260725.92
48 99 502147.0653
49 50 3818473.221
49 51 6213945.059
49 52 2060489.419
49 53 5112150.702
49 54 3570707.552
49 55 3421968.839
49 56 6467427.194
49 57 644373.2008
49 58 7760087.601
49 59 789704.7063
49 60 5011728.678
49 61 9202043.597
49 62 3827365.724
49 63 6445658.253
49 64 5356804.591
49 65 3359937.875
49 66 6687180.068
49 67 3650691.072
49 68 6541301.387
49 69 4600193.535
49 70 3711498.009
49 71 7442630.524
49 72 6548182.95
49 73 1153963.377
49 74 3839674.403
49 75 3699075.599
49 76 5905341.027
49 77 2908058.465
49 78 7741941.346
49 79 3586111.838
49 80 5591467.039
49 81 3558135.364
49 82 3286466.139
49 83 2289295.154
49 84 5601995.472
49 85 7096835.445
49 86 6707626.213
49 87 3114157.515
49 88 9620574.318
49 89 7592090.382
49 90 2124999.692
49 91 6276443.345
49 92 6387412.222
49 93 8424577.272
49 94 6673080.495
49 95 6938185.607
49 96 2528476.453
49 97 2073141.183
49 98 938591.7732
49 99 2880629.285
50 51 2996671.415
50 52 4165559.36
50 53 5945604.239
50 54 5660138.06
50 55 5602561.48
50 56 6985364.014
50 57 4106557.292
50 58 4110555.362
50 59 3624693.451
50 60 1332767.931
50 61 5960731.304
50 62 2057311.655
50 63 3608620.478
50 64 2250520.419
50 65 3401632.359
50 66 4059548.964
50 67 1585308.201
50 68 2832164.361
50 69 1988110.672
50 70 317128.162
50 71 3715342.406
50 72 2772072.985
50 73 3801568.891
50 74 6460386.059
50 75 1147454.415
50 76 2918800.744
50 77 6478396.84
50 78 5807648.095
50 79 271230.7602
50 80 2236783.515
50 81 1186373.753
50 82 2374110.09
50 83 5960230.731
50 84 4649058.639
50 85 8005437.633
50 86 6989541.025
50 87 1150491.653
50 88 6954833.704
50 89 3783216.212
50 90 2322735.05
50 91 7863213.016
50 92 2571456.452
50 93 4846583.328
50 94 6986579.29
50 95 4115939.224
50 96 6265580.968
50 97 1952779.62
50 98 2881601.894
50 99 3577345.759
51 52 5600175.669
51 53 5809775.232
51 54 6528455.672
51 55 6549869.417
51 56 6328474.083
51 57 6674703.532
51 58 1891570.126
51 59 5723193.745
51 60 3049211.946
51 61 3026217.329
51 62 2531127.878
51 63 5371870.272
51 64 857967.8049
51 65 3953188.863
51 66 1399106.295
51 67 4498792.601
51 68 3342496.878
51 69 4518379.387
51 70 3297881.303
51 71 1924046.973
51 72 2979108.249
51 73 5709018.652
51 74 7514746.016
51 75 4056073.779
51 76 4755190.248
51 77 9090524.49
51 78 3377131.978
51 79 3254483.66
51 80 765314.9034
51 81 4133621.648
51 82 3212111.879
51 83 8497414.125
51 84 3504715.784
51 85 7459308.485
51 86 6143426.952
51 87 4145321.335
51 88 4000052.221
51 89 2596295.28
51 90 4148978.534
51 91 7871803.742
51 92 2192769.073
51 93 2337763.62
51 94 6166409.96
51 95 5754720.665
51 96 8740660.34
51 97 4790354.942
51 98 5372520.53
51 99 6571519.005
52 53 3055001.122
52 54 1674310.958
52 55 1563067.749
52 56 4412542.741
52 57 2683504.307
52 58 7399618.044
52 59 1311788.724
52 60 5498140.601
52 61 8353900.743
52 62 3080831.68
52 63 7508884.09
52 64 4812385.209
52 65 1834460.137
52 66 5643273.38
52 67 4740322.7
52 68 6979351.922
52 69 5642143.47
52 70 4218864.395
52 71 7219844.103
52 72 6870110.566
52 73 913418.3422
52 74 2311660.725
52 75 4595794.565
52 76 6871523.218
52 77 4460629.533
52 78 6255113.771
52 79 4034630.427
52 80 5171907.189
52 81 4486313.946
52 82 2392519.613
52 83 3796062.766
52 84 3936805.842
52 85 5045164.676
52 86 4667416.832
52 87 4015486.219
52 88 8374890.558
52 89 7576269.124
52 90 1842840.746
52 91 4316647.974
52 92 6478831.518
52 93 7935633.979
52 94 4630456.444
52 95 8025207.527
52 96 3860081.768
52 97 3224501.249
52 98 2228697.562
52 99 4747489.377
53 54 2032443.555
53 55 2189123.87
53 56 1358759.384
53 57 5738495.657
53 58 7678498.727
53 59 4343266.05
53 60 7151716.369
53 61 7733579.592
53 62 4011796.413
53 63 9553722.426
53 64 5331385.523
53 65 2557053.521
53 66 5105617.827
53 67 7074471.743
53 68 8375152.025
53 69 7828022.793
53 70 6139201.68
53 71 7724063.727
53 72 8139483.169
53 73 3958798.576
53 74 2816169.647
53 75 6789957.144
53 76 8864382.612
53 77 7312332.561
53 78 4670057.813
53 79 5944121.531
53 80 5775462.708
53 81 6724355.617
53 82 3571555.14
53 83 6667616.852
53 84 2527654.056
53 85 2116197.087
53 86 1651677.792
53 87 6313198.606
53 88 7028581.192
53 89 8323233.572
53 90 4073816.941
53 91 2066127.073
53 92 7514774.866
53 93 7950557.571
53 94 1607302.194
53 95 10061508.66
53 96 6642860.999
53 97 5840961.618
53 98 5118392.715
53 99 7648990.415
54 55 168872.8279
54 56 3294913.796
54 57 4130034.534
54 58 8407472.54
54 59 2913442.158
54 60 6982886.537
54 61 8968264.811
54 62 4180791.416
54 63 9118577.181
54 64 5844134.831
54 65 2592674.296
54 66 6224423.509
54 67 6385467.949
54 68 8405731.558
54 69 7267470.485
54 70 5757965.039
54 71 8318523.095
54 72 8252512.569
54 73 2512422.113
54 74 1009809.899
54 75 6212228.611
54 76 8465453.862
54 77 5370789.8
54 78 6312476.31
54 79 5566024.715
54 80 6255014.486
54 81 6110774.56
54 82 3530764.366
54 83 4747281.47
54 84 3957432.407
54 85 3652260.351
54 86 3651537.277
54 87 5646338.781
54 88 8612337.914
54 89 8778677.808
54 90 3386165.924
54 91 2706058.663
54 92 7770769.438
54 93 8838952.884
54 94 3601443.885
54 95 9636025.692
54 96 4681180.204
54 97 4895275.479
54 98 3890149.99
54 99 6378496.341
55 56 3460483.56
55 57 3974943.947
55 58 8423483.498
55 59 2777509.212
55 60 6929035.318
55 61 9027382.452
55 62 4172886.499
55 63 9038008.094
55 64 5851723.095
55 65 2602246.539
55 66 6281015.31
55 67 6292083.806
55 68 8363713.472
55 69 7181423.743
55 70 5692001.892
55 71 8323371.117
55 72 8217609.858
55 73 2378656.006
55 74 965597.8444
55 75 6128320.703
55 76 8389038.441
55 77 5202098.696
55 78 6415493.983
55 79 5501313.209
55 80 6257700.769
55 81 6024393.764
55 82 3513438.355
55 83 4578408.654
55 84 4053447.202
55 85 3820198.733
55 86 3814224.465
55 87 5557631.483
55 88 8705148.637
55 89 8770685.645
55 90 3313080.895
55 91 2858253.961
55 92 7749001.434
55 93 8867623.651
55 94 3764531.517
55 95 9555279.73
55 96 4512882.216
55 97 4787567.714
55 98 3764762.052
55 99 6241522.28
56 57 7095734.217
56 58 8111887.48
56 59 5694726.066
56 60 8106591.16
56 61 7765204.234
56 62 4959634.051
56 63 10578342.75
56 64 6007925.805
56 65 3705139.762
56 66 5365719.171
56 67 8232904.293
56 68 9204871.92
56 69 8928332.334
56 70 7210061.651
56 71 8246379.522
56 72 8932088.101
56 73 5313560.5
56 74 3918234.875
56 75 7916104.426
56 76 9883825.446
56 77 8640412.977
56 78 4414688.57
56 79 7019661.518
56 80 6447515.921
56 81 7864225.713
56 82 4641630.782
56 83 8001977.833
56 84 2825812.19
56 85 1131529.968
56 86 440448.8307
56 87 7479342.946
56 88 6726407.447
56 89 8916148.107
56 90 5311484.096
56 91 2035215.208
56 92 8247119.099
56 93 8260206.478
56 94 380459.3907
56 95 11075504.19
56 96 7961694.025
56 97 7095074.205
56 98 6439757.306
56 99 8956327.412
57 58 8143342.202
57 59 1433798.514
57 60 5210816.139
57 61 9684999.788
57 62 4362368.133
57 63 6404021.559
57 64 5817154.945
57 65 3993330.457
57 66 7226443.769
57 67 3684155.095
57 68 6719540.733
57 69 4612870.567
57 70 3955957.759
57 71 7795095.069
57 72 6762337.827
57 73 1788083.507
57 74 4302430.711
57 75 3807977.208
57 76 5912283.002
57 77 2417999.991
57 78 8345525.785
57 79 3855739.572
57 80 6020112.38
57 81 3662594.835
57 82 3860022.816
57 83 1857472.768
57 84 6232907.657
57 85 7700377.405
57 86 7342651.155
57 87 3257691.602
57 88 10179364.37
57 89 7887765.202
57 90 2676986.657
57 91 6832863.52
57 92 6671830.525
57 93 8832358.281
57 94 7307328.072
57 95 6878964.632
57 96 2160456.437
57 97 2217654.395
57 98 1302239.936
57 99 2511226.055
58 59 7367999.683
58 60 3504578.948
58 61 2352559.763
58 62 4321467.152
58 63 5144622.631
58 64 2591579.072
58 65 5821706.505
58 66 2804686.136
58 67 5301260.985
58 68 2895508.025
58 69 4973186.569
58 70 4343114.034
58 71 562215.9553
58 72 2520341.628
58 73 7408656.879
58 74 9386553.237
58 75 4905744.318
58 76 4691183.866
58 77 10549587.45
58 78 4542561.26
58 79 4380262.437
58 80 2234105.44
58 81 5023185.301
58 82 5010582.924
58 83 9998351.635
58 84 5293782.292
58 85 9242178.828
58 86 7889286.763
58 87 5199018.815
58 88 4122685.079
58 89 1273474.935
58 90 5810690.357
58 91 9733444.918
58 92 1923292.662
58 93 786053.004
58 94 7917869.922
58 95 5386239.998
58 96 10276433.66
58 97 6058958.346
58 98 6859300.656
58 99 7547490.387
59 60 4905231.136
59 61 8662050.251
59 62 3249290.502
59 63 6613245.504
59 64 4875743.423
59 65 2600000.779
59 66 6074595.837
59 67 3793108.607
59 68 6436233.19
59 69 4736954.823
59 70 3582383.464
59 71 7095579.609
59 72 6396326.293
59 73 403941.8843
59 74 3329304.915
59 75 3747678.123
59 76 6022820.553
59 77 3560559.679
59 78 7025332.194
59 79 3427261.12
59 80 5154881.097
59 81 3618163.304
59 82 2648614.709
59 83 2910415.055
59 84 4842117.195
59 85 6355986.623
59 86 5926527.054
59 87 3147018.483
59 88 8969258.787
59 89 7321037.992
59 90 1574402.231
59 91 5602370.45
59 92 6144054.154
59 93 7994157.04
59 94 5892918.399
59 95 7120613.678
59 96 3085287.168
59 97 2190936.785
59 98 1034740.364
59 99 3465056.105
60 61 5673267.903
60 62 3154667.304
60 63 2526959.375
60 64 2592086.12
60 65 4647405.11
60 66 4370239.831
60 67 1837475.764
60 68 1533977.198
60 69 1510619.013
60 70 1322848.726
60 71 3001974.492
60 72 1552794.03
60 73 5108251.689
60 74 7792498.166
60 75 1500484.628
60 76 1842679.092
60 77 7492033.263
60 78 6294245.411
60 79 1484870.378
60 80 2342100.679
60 81 1638912.429
60 82 3604812.941
60 83 7029393.712
60 84 5575527.804
60 85 9164901.629
60 86 8066682.533
60 87 1964490.707
60 88 7006311.318
60 89 2822851.777
60 90 3655303.004
60 91 9117517.536
60 92 1642706.935
60 93 4288737.267
60 94 8069957.514
60 95 2997339.39
60 96 7360912.145
60 97 2993177.321
60 98 4077130.786
60 99 4102555.461
61 62 5413973.815
61 63 7494652.764
61 64 3876381.288
61 65 6563303.003
61 66 2747853.709
61 67 7361750.515
61 68 5245150.155
61 69 7180292.478
61 70 6243901.113
61 71 2913122.709
61 72 4866095.571
61 73 8601737.712
61 74 9978072.404
61 75 6934249.702
61 76 7022885.462
61 77 12095491.04
61 78 3464156.43
61 79 6227527.388
61 80 3745275.266
61 81 7031513.848
61 82 6048988.571
61 83 11490967.09
61 84 5207414.023
61 85 8838619.32
61 86 7440691.732
61 87 7108295.202
61 88 2003891.561
61 89 3580991.801
61 90 7100499.593
61 91 9654494.91
61 92 4214452.991
61 93 1673236.572
61 94 7483672.075
61 95 7738014.142
61 96 11719042.94
61 97 7810113.56
61 98 8384417.592
61 99 9529194.98
62 63 5620961.99
62 64 1731747.703
62 65 1616254.538
62 66 2864252.657
62 67 3490757.425
62 68 4378484.373
62 69 4040930.215
62 70 2317438.415
62 71 4168378.002
62 72 4167262.565
62 73 3195855.967
62 74 5121559.552
62 75 3104466.28
62 76 4926106.596
62 77 6735401.368
62 78 4169694.539
62 79 2141894.142
62 80 2104373.693
62 81 3089114.094
62 82 689152.2877
62 83 6110907.676
62 84 2623805.589
62 85 6010396.524
62 86 4942620.684
62 87 2810829.491
62 88 5824177.373
62 89 4598290.125
62 90 1703392.251
62 91 6017597.103
62 92 3614020.918
62 93 4859492.031
62 94 4941872.745
62 95 6116210.11
62 96 6319910.087
62 97 2926107.374
62 98 3096712.608
62 99 4946027.632
63 64 5066605.866
63 65 7004844.749
63 66 6757149.099
63 67 2820809.297
63 68 2249520.297
63 69 1878359.031
63 70 3424196.032
63 71 4582679.168
63 72 2630398.115
63 73 6914029.794
63 74 9812921.34
63 75 2913090.045
63 76 694934.1686
63 77 8277894.412
63 78 8722414.503
63 79 3620726.69
63 80 4754030.445
63 81 3025160.11
63 82 5982556.432
63 83 7983263.16
63 84 8100091.803
63 85 11611049.54
63 86 10560607.76
63 87 3499106.647
63 88 9120448.32
63 89 3994139.646
63 90 5735771.066
63 91 11449735.52
63 92 3343018.476
63 93 5881865.283
63 94 10561184.55
63 95 517496.0498
63 96 8360766.095
63 97 4427969.787
63 98 5616010.916
63 99 4359334.634
64 65 3251552.947
64 66 1833264.89
64 67 3809478.572
64 68 3273022.734
64 69 3961624.018
64 70 2563587.683
64 71 2475791.496
64 72 2961168.44
64 73 4874287.472
64 74 6811159.823
64 75 3364068.049
64 76 4406223.147
64 77 8232678.075
64 78 3706633.017
64 79 2492771.001
64 80 444638.2138
64 81 3424539.711
64 82 2420748.408
64 83 7639606.343
64 84 3247500.311
64 85 7126160.494
64 86 5877323.513
64 87 3380933.645
64 88 4706554.019
64 89 3000643.281
64 90 3301515.09
64 91 7395283.911
64 92 2242745.72
64 93 3138435.261
64 94 5892614.282
64 95 5497118.058
64 96 7884057.617
64 97 3961334.39
64 98 4515050.169
64 99 5794891.274
65 66 3831034.59
65 67 4535580.938
65 68 5962802.202
65 69 5271539.554
65 70 3584812.437
65 71 5725909.04
65 72 5769321.469
65 73 2356869.808
65 74 3564851.563
65 75 4237223.211
65 76 6318254.494
65 77 6124702.648
65 78 4467020.464
65 79 3389199.55
65 80 3663393.291
65 81 4176062.438
65 82 1042999.737
65 83 5463137.452
65 84 2242927.799
65 85 4651782.616
65 86 3798246.512
65 87 3778295.953
65 88 6542950.213
65 89 6198107.801
65 90 1652941.004
65 91 4470672.058
65 92 5230209.489
65 93 6280547.963
65 94 3781948.397
65 95 7515044.132
65 96 5584409.618
65 97 3428890.287
65 98 2989253.267
65 99 5378690.443
66 67 5633715.441
66 68 4739073.773
66 69 5785640.96
66 70 4375899.195
66 71 3055206.261
66 72 4371807.434
66 73 5967483.392
66 74 7234098.624
66 75 5189006.954
66 76 6127870.573
66 77 9594540.202
66 78 1978031.799
66 79 4287404.978
66 80 2028845.16
66 81 5242979.516
66 82 3426180.361
66 83 8963968.078
66 84 2602699.146
66 85 6488568.487
66 86 5114957.607
66 87 5161979.097
66 88 2982747.167
66 89 3816041.767
66 90 4562361.244
66 91 7107582.39
66 92 3582963.937
66 93 2894967.936
66 94 5146978.07
66 95 7148718.826
66 96 9158951.902
66 97 5616216.487
66 98 5953861.328
66 99 7541577.516
67 68 3174481.446
67 69 951300.9623
67 70 1269072.074
67 71 4820442.495
67 72 3310159.565
67 73 4100792.941
67 74 7025846.243
67 75 445488.3487
67 76 2254933.56
67 77 5804320.845
67 78 7391332.444
67 79 1395193.714
67 80 3734050.977
67 81 407265.0968
67 82 3612044.117
67 83 5404635.426
67 84 6114336.562
67 85 9182966.553
67 86 8291531.064
67 87 762453.8224
67 88 8491530.815
67 89 4656469.104
67 90 3056650.041
67 91 8844168.954
67 92 3478668.122
67 93 6077874.682
67 94 8281441.118
67 95 3327531.462
67 96 5761256.6
67 97 1607772.578
67 98 2797545.528
67 99 2265214.531
68 69 2484304.318
68 70 2854962.217
68 71 2333409.1
68 72 389477.638
68 73 6630487.228
68 74 9252685.2
68 75 2934718.67
68 76 1830301.851
68 77 8954943.382
68 78 6715588.36
68 79 3010143.554
68 80 2873694.625
68 81 3080276.562
68 82 4929724.374
68 83 8517932.635
68 84 6506476.919
68 85 10302060.69
68 86 9109415.778
68 87 3461909.596
68 88 6902248.345
68 89 1790711.374
68 90 5141459.61
68 91 10395608.38
68 92 1166520.69
68 93 3639753.651
68 94 9120479.88
68 95 2520615.621
68 96 8858206.739
68 97 4505090.038
68 98 5608570.52
68 99 5368353.251
69 70 1727160.465
69 71 4447646.741
69 72 2702962.79
69 73 5035670.797
69 74 7941011.503
69 75 1058766.867
69 76 1305596.009
69 77 6656075.512
69 78 7653856.535
69 79 1912323.663
69 80 3780837.46
69 81 1157032.773
69 82 4287537.007
69 83 6291184.13
69 84 6636161.776
69 85 9918654.191
69 86 8952948.961
69 87 1626788.342
69 88 8500995.847
69 89 4142589.407
69 90 3898848.377
69 91 9662639.176
69 92 3061689.859
69 93 5759218.217
69 94 8947566.622
69 95 2390270.599
69 96 6655928.645
69 97 2557317.417
69 98 3747831.935
69 99 2905673.644
70 71 3925982.424
70 72 2837961.133
70 73 3789611.428
70 74 6526219.259
70 75 833904.1396
70 76 2743707.234
70 77 6299335.329
70 78 6122678.469
70 79 196608.4152
70 80 2535098.021
70 81 869257.258
70 82 2576380.697
70 83 5799903.999
70 84 4926877.163
70 85 8214742.687
70 86 7227674.318
70 87 867384.8255
70 88 7265435.095
70 89 3940786.294
70 90 2384354.465
70 91 8026354.768
70 92 2721888.664
70 93 5090958.469
70 94 7222939.484
70 95 3937358.207
70 96 6116002.827
70 97 1760950.893
70 98 2773354.864
70 99 3286203.848
71 72 1958276.376
71 73 7163763.055
71 74 9280195.677
71 75 4438434.224
71 76 4130902.734
71 77 10187163.87
71 78 4898843.877
71 79 3980918.008
71 80 2066796.583
71 81 4561418.131
71 82 4851853.281
71 83 9652565.74
71 84 5420675.876
71 85 9377768.968
71 86 8049806.021
71 87 4767624.234
71 88 4647956.175
71 89 792491.8304
71 90 5560920.803
71 91 9788580.419
71 92 1386668.787
71 93 1328192.327
71 94 8074761.943
71 95 4828266.159
71 96 9942606.831
71 97 5667838.593
71 98 6526752.485
71 99 7078396.277
72 73 6569229.663
72 74 9121526.534
72 75 3027222.839
72 76 2179809.989
72 77 9040474.863
72 78 6345997.848
72 79 2975728.663
72 80 2547975.071
72 81 3170281.9
72 82 4747550.59
72 83 8582017.427
72 84 6206211.111
72 85 10036919.23
72 86 8823732.124
72 87 3516629.129
72 88 6513032.778
72 89 1468483.74
72 90 5044425.188
72 91 10173528.91
72 92 789693.4932
72 93 3273889.228
72 94 8836537.253
72 95 2909788.117
72 96 8913613.868
72 97 4544980.914
72 98 5610650.944
72 99 5543959.741
73 74 2962906.473
73 75 4023943.011
73 76 6308386.088
73 77 3767863.612
73 78 6816932.392
73 79 3623503.121
73 80 5180341.167
73 81 3899953.991
73 82 2554601.434
73 83 3106411.603
73 84 4583759.485
73 85 5958457.854
73 86 5555031.697
73 87 3425417.55
73 88 8820526.127
73 89 7430160.158
73 90 1602842.42
73 91 5198717.779
73 92 6273236.049
73 93 8009057.243
73 94 5520071.719
73 95 7424916.405
73 96 3239079.595
73 97 2515162.489
73 98 1402286.729
73 99 3866804.518
74 75 6900778.59
74 76 9180630.956
74 77 5071355.883
74 78 7283570.637
74 79 6339993.943
74 80 7213654.015
74 81 6787985.544
74 82 4453457.412
74 83 4505866.018
74 84 4943990.591
74 85 4013036.5
74 86 4320149.021
74 87 6314892.164
74 88 9598909.381
74 89 9715470.653
74 90 4143370.512
74 91 2777734.942
74 92 8676214.152
74 93 9833220.698
74 94 4264659.747
74 95 10328362.4
74 96 4360324.185
74 97 5467089.179
74 98 4360530.667
74 99 6719055.523
75 76 2286178.505
75 77 6021528.739
75 78 6955056.24
75 79 976210.9314
75 80 3291022.719
75 81 145983.0653
75 82 3277645.423
75 83 5585653.608
75 84 5726492.297
75 85 8888800.851
75 86 7958276.626
75 87 600660.9328
75 88 8047090.595
75 89 4319152.489
75 90 2840165.794
75 91 8607211.672
75 92 3121599.51
75 93 5677399.885
75 94 7950355.478
75 95 3429507.313
75 96 5930068.273
75 97 1626075.739
75 98 2799999.777
75 99 2642004.201
76 77 7897404.599
76 78 8083018.841
76 79 2940288.922
76 80 4110657.014
76 81 2408448.186
76 82 5292840.898
76 83 7560868.443
76 84 7410032.235
76 85 10918204.99
76 86 9865698.349
76 87 2883029.907
76 88 8576718.89
76 89 3620595.772
76 90 5079482.555
76 91 10769656.06
76 92 2818839.85
76 93 5452315.22
76 94 9866252.668
76 95 1197140.103
76 96 7930920.725
76 97 3855312.859
76 98 5045942.229
76 99 4040798.961
77 78 10579069.87
77 79 6218692.843
77 80 8437966.419
77 81 5876526.454
77 82 6184285.677
77 83 665406.3296
77 84 8345812.707
77 85 8997515.948
77 86 8963918.013
77 87 5530048.84
77 88 12518847.48
77 89 10239417.98
77 90 5032911.147
77 91 7847076.895
77 92 9020183.588
77 93 11246008.01
77 94 8918757.613
77 95 8700108.669
77 96 712049.9937
77 97 4538384.601
77 98 3719522.879
77 99 3938883.643
78 79 6003102.386
78 80 3972363.315
78 81 6987974.409
78 82 4514289.284
78 83 9920933.77
78 84 2372956.571
78 85 5437193.785
78 86 4051548.925
78 87 6830473.661
78 88 2360046.254
78 89 5685365.339
78 90 5702945.391
78 91 6396723.617
78 92 5556460.541
78 93 4383878.145
78 94 4099674.624
78 95 9121727.645
78 96 10050950.09
78 97 7092872.527
78 98 7166544.619
78 99 9101285.669
79 80 2497578.686
79 81 988503.508
79 82 2383422.455
79 83 5706560.937
79 84 4758159.322
79 85 8021420.345
79 86 7040663.611
79 87 891386.8306
79 88 7199318.868
79 89 4032094.931
79 90 2196875.379
79 91 7829747.175
79 92 2816391.048
79 93 5117522.522
79 94 7035426.621
79 95 4133955.864
79 96 6015944.818
79 97 1687255.451
79 98 2647659.027
79 99 3317067.175
80 81 3368326.917
80 82 2790806.956
80 83 7860242.574
80 84 3675407.609
80 85 7567273.963
80 86 6311339.496
80 87 3386900.01
80 88 4760868.445
80 89 2561706.622
80 90 3587954.23
80 91 7838964.907
80 92 1811697.468
80 93 2840382.5
80 94 6327527.837
80 95 5166541.343
80 96 8119091.802
80 97 4067401.92
80 98 4720309.37
80 99 5813848.155
81 82 3232135.825
81 83 5439728.68
81 84 5712912.654
81 85 8827491.902
81 86 7914028.122
81 87 475013.224
81 88 8117812.188
81 89 4454051.813
81 90 2748004.018
81 91 8525102.771
81 92 3252992.872
81 93 5792253.211
81 94 7905066.454
81 95 3540376.899
81 96 5784086.215
81 97 1485012.874
81 98 2662930.249
81 99 2525280.533
82 83 5546006.186
82 84 2646905.668
82 85 5638402.356
82 86 4681926.315
82 87 2874085.724
82 88 6335271.525
82 89 5262211.87
82 90 1190980.053
82 91 5512746.372
82 92 4240589.961
82 93 5544721.789
82 94 4673263.155
82 95 6489959.791
82 96 5733588.907
82 97 2735850.046
82 98 2652417.398
82 99 4760445.406
83 84 7681615.897
83 85 8387665.536
83 86 8319201.356
83 87 5065594.172
83 88 11877060.11
83 89 9737911.796
83 90 4407585.036
83 91 7271076.802
83 92 8520334.955
83 93 10681899.58
83 94 8274811.135
83 95 8425941.346
83 96 389269.1491
83 97 4045705.801
83 98 3142759.406
83 99 3716626.921
84 85 3957304.143
84 86 2645639.562
84 87 5423593.418
84 88 4655583.184
84 89 6096937.04
84 90 3737173.21
84 91 4505177.397
84 92 5486905.625
84 93 5484982.808
84 94 2665909.008
84 95 8572212.35
84 96 7780402.7
84 97 5382745.59
84 98 5171171.446
84 99 7406039.672
85 86 1398309.837
85 87 8422847.162
85 88 7696898.694
85 89 10045477.44
85 90 6189925.526
85 91 1456007.055
85 92 9361627.056
85 93 9381389.189
85 94 1357214.026
85 95 12113592.31
85 96 8296949.334
85 97 7954044.296
85 98 7192739.984
85 99 9731520.635
86 87 7545546.901
86 88 6340179.225
86 89 8738747.794
86 90 5434349.628
86 91 2459861.401
86 92 8120050.224
86 93 8002147.646
86 94 59995.01788
86 95 11051514.9
86 96 8293108.306
86 97 7219101.676
86 98 6624901.033
86 99 9119863.508
87 88 8086951.528
87 89 4729983.812
87 90 2298516.515
87 91 8084541.186
87 92 3514019.03
87 93 5952385.439
87 94 7534300.505
87 95 4013808.658
87 96 5399888.391
87 97 1048133.94
87 98 2205434.478
87 99 2426960.747
88 89 5395780.728
88 90 7503896.178
88 91 8733635.028
88 92 5777455.937
88 93 3580799.221
88 94 6391998.694
88 95 9422820.036
88 96 12049340.67
88 97 8593947.791
88 98 8920832.692
88 99 10493128.3
89 90 5838086.751
89 91 10389021.29
89 92 1219253.524
89 93 1918780.86
89 94 8761118.13
89 95 4186447.177
89 96 10047759.92
89 97 5701373.051
89 98 6659130.882
89 99 6918289.238
90 91 5787750.985
90 92 4697515.016
90 93 6424408.787
90 94 5414948.4
90 95 6253255.754
90 96 4620786.246
90 97 1785290.165
90 98 1464859.171
90 99 3729421.737
91 92 9565988.95
91 93 9980022.297
91 94 2401876.824
91 95 11963631.33
91 96 7136750.164
91 97 7459518.456
91 98 6543240.349
91 99 9061612.01
92 93 2706840.243
92 94 8135339.545
92 95 3661906.352
92 96 8832189.262
92 97 4482241.182
92 98 5451964.826
92 99 5743790.481
93 94 8035740.187
93 95 6098452.736
93 96 10949450.79
93 97 6785109.871
93 98 7539156.122
93 99 8317520.084
94 95 11052993.29
94 96 8246875.309
94 97 7200025.039
94 98 6597577.63
94 99 9095806.742
95 96 8806262.695
95 97 4932734.063
95 98 6118637.569
95 99 4766524.775
96 97 4370319.648
96 98 3417868.22
96 99 4104531.52
97 98 1190789.735
97 99 2030573.449
98 99 2540020.557
