4950
0 1 5768168.45
0 2 5156924.237
0 3 4259250.966
0 4 6176221.58
0 5 5579841.572
0 6 6706739.089
0 7 5012288.237
0 8 5203914.932
0 9 4699051.016
0 10 1865404.866
0 11 4972301.554
0 12 5912667.364
0 13 2793703.146
0 14 6063848.426
0 15 4701296.597
0 16 4317484.476
0 17 6565911.86
0 18 6628511.567
0 19 2711176.44
0 20 5108061.551
0 21 2510618.813
0 22 3442041.262
0 23 5962891.916
0 24 6555586.317
0 25 1636939.345
0 26 2471706.456
0 27 2739521.568
0 28 3868353.983
0 29 5855719.489
0 30 3140531.565
0 31 7470895.015
0 32 2760426.428
0 33 3040346.122
0 34 4932581.461
0 35 7132955.183
0 36 3105336.684
0 37 3402143.015
0 38 2133643.347
0 39 4327304.388
0 40 4311774.945
0 41 2812414.592
0 42 2467262.996
0 43 3577898.263
0 44 2341792.334
0 45 7047744.283
0 46 3916135.855
0 47 3451811.161
0 48 5507605.264
0 49 5386448.564
0 50 2982512.916
0 51 3114031.038
0 52 3318403.853
0 53 6968401.634
0 54 2220159.152
0 55 4791177.931
0 56 1869508.402
0 57 6466389.381
0 58 451904.1168
0 59 4744592.747
0 60 3830095.378
0 61 6450824.698
0 62 2629105.44
0 63 480947.6834
0 64 5378566.571
0 65 4640763.566
0 66 7179010.531
0 67 3903553.551
0 68 380908.3952
0 69 1012588.73
0 70 2912981.689
0 71 5233601.197
0 72 5268000.358
0 73 7651080.034
0 74 5293518.311
0 75 3717753.452
0 76 4506916.52
0 77 5629627.175
0 78 4559693.285
0 79 3976584.979
0 80 4772986.139
0 81 3435247.194
0 82 4608014.271
0 83 3048636.82
0 84 3100544.66
0 85 3762940.189
0 86 4226169.529
0 87 2882473.192
0 88 3871919.741
0 89 5875617.272
0 90 1952301.957
0 91 2995089.827
0 92 4781552.844
0 93 6579071.951
0 94 4759434.769
0 95 5981361.033
0 96 5022664.951
0 97 5836507.327
0 98 2796751.608
0 99 5233276.861
1 2 10338482.45
1 3 1522517.828
1 4 11814058.79
1 5 518428.6372
1 6 12044233.56
1 7 6508722.067
1 8 676140.6103
1 9 1325739.351
1 10 6343316.615
1 11 8992011.897
1 12 10351549.79
1 13 5686938.72
1 14 7483575.733
1 15 10181939.28
1 16 3206763.33
1 17 11582916.19
1 18 8114107.661
1 19 4618054.469
1 20 10875406.86
1 21 8123284.725
1 22 9193179.178
1 23 198443.0611
1 24 8506816.69
1 25 4246612.673
1 26 7051364.061
1 27 4562806.325
1 28 9632494.134
1 29 9710560.531
1 30 8865445.552
1 31 8095966.353
1 32 3036283.233
1 33 4780630.693
1 34 8379916.888
1 35 8773406.01
1 36 8867174.075
1 37 7049939.207
1 38 4669060.169
1 39 9989851.441
1 40 8405836.595
1 41 7798403.41
1 42 7737114.117
1 43 4852845.845
1 44 3882511.185
1 45 12317326
1 46 9355769.762
1 47 3367920.433
1 48 8862949.05
1 49 11056958.18
1 50 8243132.138
1 51 8183370.771
1 52 7516075.578
1 53 12575507.06
1 54 5726521.727
1 55 1002528.79
1 56 4712459.952
1 57 9707625.891
1 58 6211341.971
1 59 7615280.843
1 60 9283400.321
1 61 11535031.54
1 62 5447738.352
1 63 5913854.062
1 64 10598167.77
1 65 2103765.69
1 66 8698534.747
1 67 9552104.375
1 68 6095734.101
1 69 5901293.317
1 70 6213166.127
1 71 10476833.17
1 72 10957202.62
1 73 13131074.07
1 74 11061573.8
1 75 8982779.873
1 76 10160015.23
1 77 8158220.229
1 78 10051667.02
1 79 2143987.536
1 80 5298436.834
1 81 3995728.01
1 82 2106414.978
1 83 7028409.294
1 84 8867878.384
1 85 7560160.875
1 86 9250406.123
1 87 3056812.585
1 88 3554495.024
1 89 11231896.28
1 90 5680501.01
1 91 8746154.624
1 92 8473070.009
1 93 11903422.56
1 94 1091575.334
1 95 9554777.503
1 96 4234825.538
1 97 750887.4995
1 98 7969375.43
1 99 8218621.705
2 3 8973688.461
2 4 2280861.952
2 5 10297879.87
2 6 1730103.618
2 7 5710790.009
2 8 9683025.634
2 9 9060131.495
2 10 3997306.376
2 11 7998861.436
2 12 1835431.748
2 13 4855728.693
2 14 5978709.273
2 15 1026688.235
2 16 7724617.954
2 17 1431737.885
2 18 6094651.456
2 19 7814195.825
2 20 3203964.043
2 21 2779298.901
2 22 3651428.607
2 23 10535675.56
2 24 5562532.881
2 25 6218253.797
2 26 3292577.868
2 27 5897260.827
2 28 3394337.733
2 29 2830536.737
2 30 2708094.753
2 31 7323139.382
2 32 7642406.764
2 33 8101829.9
2 34 3407876.17
2 35 6135409.237
2 36 3074232.058
2 37 3661230.485
2 38 5677531.474
2 39 1912644.304
2 40 2584301.016
2 41 2546023.495
2 42 5385845.801
2 43 6030204.387
2 44 6456774.968
2 45 1978849.75
2 46 1365483.303
2 47 8597462.961
2 48 3541262.451
2 49 2078141.269
2 50 2188988.676
2 51 5828971.851
2 52 6989578.186
2 53 2717767.47
2 54 7004074.622
2 55 9342039.66
2 56 7006558.831
2 57 3922210.126
2 58 4875528.339
2 59 4193676.472
2 60 1455426.602
2 61 1296415.17
2 62 7517606.954
2 63 5358779.437
2 64 269109.3596
2 65 8591404.647
2 66 6285462.096
2 67 1963542.442
2 68 5035693.395
2 69 5799833.165
2 70 4356802.729
2 71 213579.0618
2 72 2174869.058
2 73 2912492.757
2 74 3341380.838
2 75 1440026.06
2 76 1833620.566
2 77 4647413.242
2 78 5211693.692
2 79 8228595.56
2 80 6570287.57
2 81 6650521.606
2 82 8568600.514
2 83 7068076.1
2 84 3392287.674
2 85 7553560.079
2 86 1103401.307
2 87 7294535.159
2 88 9028683.995
2 89 997953.5064
2 90 6771935.306
2 91 3721332.155
2 92 3069441.348
2 93 1585438.809
2 94 9503238.354
2 95 3297550.429
2 96 7603987.126
2 97 10610488.32
2 98 5593406.728
2 99 4032555.733
3 4 10353682.63
3 5 1338049.117
3 6 10658058.3
3 7 5754712.87
3 8 1074876.815
3 9 962599.7194
3 10 4983494.627
3 11 7624977.646
3 12 9138483.583
3 13 4520999.268
3 14 6828389.783
3 15 8753467.187
3 16 2625934.333
3 17 10264681.38
3 18 7481745.096
3 19 3242077.39
3 20 9367003.36
3 21 6655136.057
3 22 7674860.184
3 23 1712462.124
3 24 7780573.557
3 25 2789586.37
3 26 5716937.869
3 27 3415097.701
3 28 8117479.784
3 29 8604108.705
3 30 7375068.761
3 31 7687286.401
3 32 1514387.416
3 33 3464224.57
3 34 7311713.182
3 35 8136548.975
3 36 7363274.652
3 37 5871611.211
3 38 3381768.728
3 39 8518701.302
3 40 7210552.443
3 41 6427869.57
3 42 6225670.356
3 43 3920645.683
3 44 2558558.376
3 45 10948242.02
3 46 7930165.071
3 47 2109989.058
3 48 7833887.192
3 49 9586075.456
3 50 6837202.634
3 51 6688481.83
3 52 6087896.429
3 53 11125058.79
3 54 4280582.048
3 55 652660.7467
3 56 3226955.975
3 57 8733038.093
3 58 4698901.343
3 59 6628465.453
3 60 7854512.477
3 61 10201792.13
3 62 4054833.246
3 63 4392689.036
3 64 9227925.187
3 65 1747532.187
3 66 8088347.753
3 67 8083103.586
3 68 4580037.203
3 69 4382157.613
3 70 5031070.516
3 71 9100598.085
3 72 9480810.708
3 73 11715097.11
3 74 9551566.846
3 75 7586599.272
3 76 8691727.733
3 77 7278190.658
3 78 8536534.276
3 79 1212489.13
3 80 4659803.521
3 81 3046452.532
3 82 1724907.741
3 83 5606516.427
3 84 7355432.452
3 85 6180299.211
3 86 7902730.042
3 87 1706793.594
3 88 2455926.143
3 89 9836898.502
3 90 4211265.498
3 91 7228127.254
3 92 7359093.766
3 93 10519495.24
3 94 529606.7642
3 95 8503270.437
3 96 3832911.793
3 97 1637105.091
3 98 6465330.934
3 99 7240393.194
4 5 11691034.64
4 6 1585640.874
4 7 7895695.814
4 8 11193658.96
4 9 10610285.33
4 10 5605763.096
4 11 7475389.248
4 12 3968708.585
4 13 6723925.314
4 14 8239944.563
4 15 1754069.155
4 16 9533359.445
4 17 2604758.863
4 18 8373667.151
4 19 8540768.612
4 20 1856850.911
4 21 3699470.625
4 22 3346511.882
4 23 12012311.5
4 24 7843169.017
4 25 7570628.331
4 26 5036586.575
4 27 7644620.118
4 28 2881633.744
4 29 5067958.403
4 30 3061167.735
4 31 9601297.67
4 32 8901609.734
4 33 8751872.408
4 34 5676736.748
4 35 8413217.987
4 36 3213620.519
4 37 5708528.271
4 38 7299074.536
4 39 1848996.863
4 40 4807057.175
4 41 4228665.923
4 42 5421889.483
4 43 7950833.733
4 44 7989102.409
4 45 1958897.49
4 46 2540810.245
4 47 9553827.689
4 48 5821502.21
4 49 809625.3086
4 50 3677076.231
4 51 5622270.613
4 52 6926960.75
4 53 807600.0082
4 54 7511999.586
4 55 10813054.47
4 56 7843511.894
4 57 6150887.054
4 58 5783767.8
4 59 6427911.404
4 60 2595735.99
4 61 2384776.116
4 62 8043751.775
4 63 6208156.931
4 64 2078474.19
4 65 10277716.11
4 66 8564497.018
4 67 2275994.331
4 68 5931176.145
4 69 6501818.75
4 70 6278158.508
4 71 2067939.037
4 72 963221.5567
4 73 1701634.141
4 74 1857658.7
4 75 3038644.602
4 76 1669605.466
4 77 6923608.429
4 78 4268214.593
4 79 9799436.333
4 80 8647383.124
4 81 8447535.196
4 82 10250999.46
4 83 7156372.49
4 84 3385362.109
4 85 7453512.762
4 86 3155854.964
4 87 8770586.203
4 88 9901542.287
4 89 1459713.808
4 90 7332011.41
4 91 3667620.104
4 92 5334566.247
4 93 1597820.576
4 94 10872860.93
4 95 5544758.272
4 96 9591760.586
4 97 11970944.01
4 98 5500223.777
4 99 6304960.719
5 6 11988392.5
5 7 6736275.551
5 8 906237.5452
5 9 1492639.589
5 10 6302527.875
5 11 8576923.608
5 12 10402851.86
5 13 5750883.175
5 14 7746832.797
5 15 10090532.56
5 16 3449860.082
5 17 11574450.56
5 18 8386593.881
5 19 4226281.792
5 20 10683020.87
5 21 7992093.89
5 22 8974594.748
5 23 593637.4341
5 24 8751223.25
5 25 4127370.472
5 26 7028322.079
5 27 4628180.11
5 28 9424470.081
5 29 9813057.901
5 30 8705616.571
5 31 8430945.817
5 32 2820397.743
5 33 4363269.389
5 34 8496779.32
5 35 9046562.166
5 36 8685142.849
5 37 7112923.785
5 38 4666879.588
5 39 9854772.077
5 40 8463510.071
5 41 7752001.11
5 42 7440431.017
5 43 5007340.533
5 44 3855222.335
5 45 12274413.88
5 46 9266787.051
5 47 2950040.11
5 48 8997543.745
5 49 10922001.33
5 50 8170359.081
5 51 7858947.366
5 52 7136336.498
5 53 12463021.64
5 54 5365765.026
5 55 1029066.184
5 56 4391730.851
5 57 9866153.099
5 58 6014315.6
5 59 7763741.038
5 60 9191480.156
5 61 11516756.46
5 62 5057604.709
5 63 5687103.597
5 64 10553757
5 65 2366470.502
5 66 8979483.362
5 67 9419633.128
5 68 5890322.358
5 69 5631056.876
5 70 6271627.105
5 71 10427969.6
5 72 10815526.4
5 73 13051097.36
5 74 10865491.38
5 75 8918081.296
5 76 10028261.2
5 77 8348907.185
5 78 9759737.962
5 79 2233653.203
5 80 5554294.48
5 81 4134503.689
5 82 2362187.941
5 83 6646468.675
5 84 8667453.828
5 85 7154443.49
5 86 9221037.785
5 87 3007319.02
5 88 3093333.569
5 89 11168934.89
5 90 5338038.141
5 91 8529135.03
5 92 8569825.88
5 93 11849269.94
5 94 820902.2198
5 95 9681275.33
5 96 4546181.982
5 97 358256.2107
5 98 7658585.736
5 99 8372272.312
6 7 7322707.4
6 8 11393212.26
6 9 10774950.38
6 10 5701556.654
6 11 8809123.277
6 12 2830942.82
6 13 6585174.571
6 14 7460552.584
6 15 2030182.069
6 16 9454213.344
6 17 1165323.496
6 18 7482803.705
6 19 9281074.361
6 20 3327658.698
6 21 4218489.261
6 22 4493769.583
6 23 12241930.66
6 24 6896768.842
6 25 7883668.71
6 26 5012521.636
6 27 7625865.845
6 28 4093760.41
6 29 4006287.021
6 30 3858207.659
6 31 8707155.457
6 32 9292013.992
6 33 9539187.203
6 34 4909466.909
6 35 7416092.893
6 36 4135899.922
6 37 5370525.376
6 38 7393603.977
6 39 2696452.232
6 40 4206633.326
6 41 4246305.769
6 42 6485190.001
6 43 7753262.952
6 44 8161999.931
6 45 413425.1631
6 46 2790675.154
6 47 10157754.96
6 48 4908765.005
6 49 2058804.214
6 50 3824837.109
6 51 6801307.626
6 52 8062944.158
6 53 1448353.402
6 54 8367740.13
6 55 11045102.06
6 56 8510203.773
6 57 5028786.665
6 58 6378068.304
6 59 5762263.361
6 60 2876709.622
6 61 985682.8784
6 62 8895216.513
6 63 6846329.783
6 64 1462209.634
6 65 10319168.96
6 66 7578542.155
6 67 2997095.487
6 68 6536127.611
6 69 7233132.469
6 70 6083910.398
6 71 1571655.536
6 72 2235921.366
6 73 1225773.556
6 74 3371433.156
6 75 3072011.77
6 76 2527038.269
6 77 6083052.319
6 78 5700070.889
6 79 9944674.559
6 80 8248981.236
6 81 8380612.62
6 82 10296112.42
6 83 8224627.391
6 84 4393069.224
6 85 8613039.041
6 86 2833315.921
6 87 8992772.459
6 88 10561336.2
6 89 831710.4608
6 90 8156449.44
6 91 4714008.321
6 92 4594298.046
6 93 145364.2648
6 94 11186888.44
6 95 4485597.213
6 96 9309926.988
6 97 12294896.04
6 98 6625791.621
6 99 5502980.845
7 8 5862416.871
7 9 5243707.405
7 10 3422443.578
7 11 9963831.262
7 12 4763767.581
7 13 2218716.657
7 14 1137890.061
7 15 6185503.645
7 16 3301961.981
7 17 6423603.965
7 18 1785346.458
7 19 6955299.553
7 20 8012179.331
7 21 5278942.185
7 22 7114680.183
7 23 6669439.924
7 24 2026337.33
7 25 4301891.824
7 26 3396713.769
7 27 2713044.04
7 28 7281228.552
7 29 3749331.082
7 30 6109896.123
7 31 2458745.457
7 32 5279789.275
7 33 7340317.1
7 34 2483656.941
7 35 2415131.725
7 36 6403368.377
7 37 2313209.468
7 38 3196206.158
7 39 6583563.13
7 40 3129180.445
7 41 4024596.102
7 42 7254829.843
7 43 1902639.743
7 44 3748004.753
7 45 7426710.48
7 46 5539567.643
7 47 6812036.463
7 48 2738448.342
7 49 7415982.649
7 50 4605093.405
7 51 7932262.294
7 52 8328791.753
7 53 8424028.225
7 54 7046341.306
7 55 5727247.265
7 56 6196341.023
7 57 3370032.944
7 58 5238375.95
7 59 1582951.558
7 60 5524813.467
7 61 6480792.38
7 62 7297872.313
7 63 5493200.687
7 64 5965509.995
7 65 4405087.729
7 66 2394879.845
7 67 6228572.452
7 68 5300376.045
7 69 6001540.529
7 70 2217171.149
7 71 5916952.151
7 72 7419867.562
7 73 8548225.172
7 74 8209425.474
7 75 4978027.047
7 76 6669925.743
7 77 1730104.378
7 78 8774743.635
7 79 4568566.951
7 80 1252866.982
7 81 2730793.656
7 82 4402386.168
7 83 8054011.876
7 84 6649003.65
7 85 8771978.212
7 86 4739905.009
7 87 4341925.457
7 88 7350063.231
7 89 6702430.872
7 90 6792900.709
7 91 6792310.292
7 92 2756596.121
7 93 7181323.499
7 94 6183518.838
7 95 3424132.275
7 96 2456402.063
7 97 7094435.02
7 98 7597284.307
7 99 2023246.049
8 9 649679.2254
8 10 5691782.513
8 11 8695214.918
8 12 9676806.894
8 13 5012082.483
8 14 6856657.731
8 15 9546871.238
8 16 2564125.507
8 17 10917751.94
8 18 7493166.177
8 19 4309565.204
8 20 10300911.96
8 21 7511940.672
8 22 8642505.896
8 23 865061.8032
8 24 7869696.868
8 25 3642404.315
8 26 6392839.235
8 27 3888401.614
8 28 9072178.64
8 29 9034904.285
8 30 8270855.866
8 31 7524790.65
8 32 2528886.189
8 33 4517572.641
8 34 7705140.903
8 35 8153095.378
8 36 8288188.331
8 37 6374772.277
8 38 4008053.994
8 39 9378048.096
8 40 7730829.106
8 41 7146948.989
8 42 7268685.324
8 43 4181944.102
8 44 3232922.938
8 45 11661717.66
8 46 8720351.075
8 47 3133627.494
8 48 8190325.773
8 49 10443942.98
8 50 7601673.969
8 51 7747118.453
8 52 7162766.584
8 53 11948994.48
8 54 5355108.096
8 55 431544.1853
8 56 4294922.416
8 57 9039537.819
8 58 5651955.905
8 59 6944614.147
8 60 8649440.626
8 61 10872374.39
8 62 5126486.339
8 63 5381794.423
8 64 9943846.553
8 65 1469115.393
8 66 8083354.022
8 67 8939312.774
8 68 5543870.529
8 69 5412662.567
8 70 5538616.07
8 71 9824121.281
8 72 10348268.33
8 73 12489045.54
8 74 10489643.45
8 75 8337159.431
8 76 9546071.14
8 77 7498393.248
8 78 9570968.662
8 79 1471057.992
8 80 4665859.193
8 81 3321729.025
8 82 1467316.549
8 83 6681320.891
8 84 8302964.073
8 85 7251708.416
8 86 8592002.468
8 87 2423510.313
8 88 3413898.753
8 89 10583954.63
8 90 5282710.887
8 91 8195142.712
8 92 7797096.92
8 93 11251855.38
8 94 858174.9609
8 95 8881193.553
8 96 3641265.656
8 97 1254912.263
8 98 7516840.617
8 99 7549132.596
9 10 5076520.671
9 11 8464783.506
9 12 9029856.471
9 13 4365271.844
9 14 6257952.16
9 15 8947906.448
9 16 1961604.44
9 17 10282943.95
9 18 6900055.447
9 19 4111128.933
9 20 9769499.438
9 21 6942900.019
9 22 8140471.632
9 23 1512831.25
9 24 7258919.203
9 25 3098374.334
9 26 5767881.226
9 27 3242592.858
9 28 8558479.759
9 29 8385328.632
9 30 7719916.413
9 31 6985213.203
9 32 2143878.258
9 33 4363756.225
9 34 7056155.533
9 35 7559863.085
9 36 7755025.427
9 37 5727319.715
9 38 3382601.205
9 39 8805917.85
9 40 7083557.321
9 41 6530272.777
9 42 6862755.41
9 43 3537097.454
9 44 2626985.389
9 45 11038066.28
9 46 8121604.982
9 47 3050316.283
9 48 7543141.625
9 49 9869424.91
9 50 6996765.299
9 51 7374083.439
9 52 6882114.675
9 53 11358332.69
9 54 5071188.268
9 55 520176.4765
9 56 3974407.347
9 57 8396520.144
9 58 5150361.132
9 59 6299370.49
9 60 8052463.344
9 61 10240588.26
9 62 4900185.368
9 63 4914390.994
9 64 9322204.995
9 65 907725.409
9 66 7495650.792
9 67 8366547.233
9 68 5051860.91
9 69 4995922.573
9 70 4892234.344
9 71 9204424.04
9 72 9778423.712
9 73 11880709.31
9 74 9960815.694
9 75 7726656.277
9 76 8971328.827
9 77 6863985.988
9 78 9143355.81
9 79 832654.8499
9 80 4065241.121
9 81 2673770.118
9 82 896558.6739
9 83 6410804.522
9 84 7785710.724
9 85 7017704.426
9 86 7965979.814
9 87 1851450.548
9 88 3416421.414
9 89 9969537.563
9 90 4970474.56
9 91 7693811.892
9 92 7147418.175
9 93 10633004.81
9 94 1088639.013
9 95 8233143.455
9 96 3094409.946
9 97 1850743.392
9 98 7127172.98
9 99 6904950.967
10 11 6617778.108
10 12 4304009.467
10 13 1357212.29
10 14 4372106.767
10 15 3895821.635
10 16 3946424.945
10 17 5285220.699
10 18 4886796.427
10 19 4438077.761
10 20 5101197.65
10 21 2146292.84
10 22 3853893.645
10 23 6540851.03
10 24 4749317.486
10 25 2279162.087
10 26 753065.6781
10 27 2051831.229
10 28 4116990.859
10 29 4070696.816
10 30 3019215.552
10 31 5836856.502
10 32 3716900.261
10 33 4798198.948
10 34 3072739.959
10 35 5345535.961
10 36 3216730.43
10 37 1539825.443
10 38 1705599.725
10 39 3886678.548
10 40 2527711.367
10 41 1455262.318
10 42 3846181.565
10 43 2534324.807
10 44 2460805.457
10 45 5975623.701
10 46 3075253.631
10 47 4885107.26
10 48 3650068.571
10 49 4915076.338
10 50 1937327.407
10 51 4522247.814
10 52 5042912.636
10 53 6322525.891
10 54 4084295.598
10 55 5345458.586
10 56 3579835.902
10 57 4613274.144
10 58 1937582.517
10 59 2902070.52
10 60 3013576.758
10 61 5218590.954
10 62 4474621.568
10 63 2311125.24
10 64 4255550.301
10 65 4677359.539
10 66 5406379.624
10 67 3456172.891
10 68 2040703.239
10 69 2863820.07
10 70 1205621.545
10 71 4133518.705
10 72 4851322.545
10 73 6806185.511
10 74 5303357.501
10 75 2652084.25
10 76 4032105.811
10 77 3790727.334
10 78 5418926.31
10 79 4248658.076
10 80 3548629.161
10 81 2867521.522
10 82 4651463.221
10 83 4840018.6
10 84 3398289.681
10 85 5534555.339
10 86 2919349.004
10 87 3297423.094
10 88 5379161.605
10 89 4893173.852
10 90 3816380.051
10 91 3479141.653
10 92 2939953.043
10 93 5560415.894
10 94 5513000.183
10 95 4152845.146
10 96 4198612.884
10 97 6618623.12
10 98 4187150.776
10 99 3371263.896
11 12 9518264.726
11 13 7749604.671
11 14 10977178.55
11 15 7052746.432
11 16 8904302.485
11 17 9311685.689
11 18 11504431.43
11 19 4386568.457
11 20 5632589.145
11 21 5599013.999
11 22 4370445.96
11 23 9140962.713
11 24 11346625.85
11 25 6186634.55
11 26 6949085.414
11 27 7645863.609
11 28 4722634.513
11 29 9943703.645
11 30 5317299.711
11 31 12416701.04
11 32 6372418.504
11 33 4214029.678
11 34 9412042.677
11 35 11953184.69
11 36 4933484.62
11 37 8088388.332
11 38 7039396.577
11 39 6197686.636
11 40 8559758.012
11 41 6805140.165
11 42 2856391.136
11 43 8521109.266
11 44 6972949.279
11 45 9222442.694
11 46 6694916.464
11 47 5628110.749
11 48 9937126.201
11 49 6782487.396
11 50 6540311.98
11 51 2245271.621
11 52 1689830.455
11 53 8188313.737
11 54 3423120.703
11 55 8277622.265
11 56 4543253.968
11 57 10814792.31
11 58 4726269.623
11 59 9471786.174
11 60 6614954.493
11 61 9113004.975
11 62 3570783.309
11 63 4496684.424
11 64 8084165.859
11 65 8825211.532
11 66 12020034.74
11 67 6042543.372
11 68 4664883.86
11 69 4042470.416
11 70 7793842.37
11 71 7938670.879
11 72 6602900.072
11 73 9164464.61
11 74 5674786.19
11 75 6934031.732
11 76 6340673.556
11 77 10353763.3
11 78 3264932.808
11 79 8041863.623
11 80 9726838.879
11 81 8233326.655
11 82 8790957.323
11 83 2096338.997
11 84 4608734.107
11 85 1447114.067
11 86 7618299.025
11 87 7110474.798
11 88 5536835.955
11 89 8151913.592
11 90 3576978.783
11 91 4282299.922
11 92 9166527.908
11 93 8742630.152
11 94 7919973.416
11 95 10222518.73
11 96 9828439.657
11 97 8653428.838
11 98 2549235.102
11 99 9857220.383
12 13 4664728.137
12 14 4717293.913
12 15 2835607.526
12 16 7411504.049
12 17 1744724.559
12 18 4679043.316
12 19 8620764.568
12 20 5036949.557
12 21 3976078.417
12 22 5287283.056
12 23 10541802.48
12 24 4077770.364
12 25 6564979.291
12 26 3556905.301
12 27 5788808.037
12 28 5106908.028
12 29 1178589.187
12 30 4222647.534
12 31 5895142.371
12 32 7993262.851
12 33 8952863.451
12 34 2280412.166
12 35 4586189.319
12 36 4618202.416
12 37 3302981.882
12 38 5758218.088
12 39 3688582.747
12 40 1946701.76
12 41 3105129.208
12 42 6758118.798
12 43 5640831.274
12 44 6584234.287
12 45 2810247.209
12 46 2867331.749
12 47 9183389.579
12 48 2137094.734
12 49 3898068.8
12 50 3097526.688
12 51 7288508.395
12 52 8329071.398
12 53 4195746.051
12 54 8007864.846
12 55 9392894.784
12 56 7769471.767
12 57 2209246.754
12 58 5750540.774
12 59 3184501.3
12 60 2937247.069
12 61 1864604.476
12 62 8483385.324
12 63 6231710.052
12 64 1944345.537
12 65 8409808.797
12 66 4749532.838
12 67 3639092.317
12 68 5903971.88
12 69 6745313.579
12 70 4138435.861
12 71 2013642.416
12 72 4004582.349
12 73 4010798.56
12 74 5176591.494
12 75 2586129.151
12 76 3636166.07
12 77 3326868.731
12 78 6942840.104
12 79 8208026.454
12 80 5846934.731
12 81 6414543.008
12 82 8393057.597
12 83 8324577.403
12 84 4952336.927
12 85 8890698.875
12 86 1904083.373
12 87 7433362.279
12 88 9667965.049
12 89 2514940.46
12 90 7752944.067
12 91 5264581.658
12 92 2034774.303
12 93 2710731.265
12 94 9659347.42
12 95 1655426.095
12 96 7006149.947
12 97 10741091.4
12 98 7014404.152
12 99 2798175.349
13 14 3283697.189
13 15 4974319.967
13 16 2869072.702
13 17 5972190.567
13 18 3872436.989
13 19 4908979.509
13 20 6399465.22
13 21 3469102.454
13 22 5210106.283
13 23 5877074.443
13 24 3880689.008
13 25 2313356.33
13 26 1697933.246
13 27 1124924.456
13 28 5462921.849
13 29 4084248.648
13 30 4343001.027
13 31 4677202.565
13 32 3579134.578
13 33 5292332.006
13 34 2814942.891
13 35 4418694.467
13 36 4562276.842
13 37 1363687.009
13 38 1242214.672
13 39 5108092.103
13 40 2718946.123
13 41 2499947.295
13 42 5078139.235
13 43 1234492.749
13 44 2029549.602
13 45 6803379.993
13 46 4190149.923
13 47 5005974.342
13 48 3363094.542
13 49 6091272.174
13 50 3076087.537
13 51 5754575.863
13 52 6110204.451
13 53 7389020.221
13 54 4867792.301
13 55 4733838.726
13 56 4099564.507
13 57 4303583.613
13 58 3028606.759
13 59 2260336.243
13 60 4144164.351
13 61 5951161.926
13 62 5157755.28
13 63 3274642.905
13 64 5124448.711
13 65 3779731.023
13 66 4446116.103
13 67 4693523.498
13 68 3084744.117
13 69 3786798.887
13 70 527822.9262
13 71 5026106.118
13 72 6048265.73
13 73 7756805.856
13 74 6601870.022
13 75 3688900.51
13 76 5237027.759
13 77 3072125.18
13 78 6767493.394
13 79 3543848.437
13 80 2191808.575
13 81 1801746.274
13 82 3760093.165
13 83 5837796.753
13 84 4753040.232
13 85 6554754.643
13 86 3754549.155
13 87 2842053.471
13 88 5538867.724
13 89 5823763.865
13 90 4608838.165
13 91 4836115.343
13 92 2839858.78
13 93 6440176.981
13 94 5030744.774
13 95 4006223.782
13 96 2901355.444
13 97 6094365.412
13 98 5421006.025
13 99 2851978.008
14 15 6606806.309
14 16 4297085.355
14 17 6452066.393
14 18 656417.7439
14 19 8087089.355
14 20 8590369.168
14 21 6033740.689
14 22 7877609.866
14 23 7633909.572
14 24 1069056.315
14 25 5433895.419
14 26 4206398.159
14 27 3850649.325
14 28 7990125.331
14 29 3578749.273
14 30 6816764.745
14 31 1493942.78
14 32 6412295.55
14 33 8472299.074
14 34 2572696.063
14 35 1308221.472
14 36 7143385.686
14 37 3042820.433
14 38 4324330.291
14 39 7123997.18
14 40 3449078.511
14 41 4713815.644
14 42 8216750.095
14 43 3032755.072
14 44 4885612.233
14 45 7502497.689
14 46 6057719.367
14 47 7947095.16
14 48 2580215.468
14 49 7853300.113
14 50 5257299.497
14 51 8891658.761
14 52 9366163.469
14 53 8683163.157
14 54 8145032.703
14 55 6755875.429
14 56 7319863.353
14 57 2893572.644
14 58 6256295.901
14 59 1850141.35
14 60 6058802.146
14 61 6546421.75
14 62 8412408.943
14 63 6543819.73
14 64 6212967.965
14 65 5388014.181
14 66 1267658.729
14 67 6811192.165
14 68 6330767.77
14 69 7065781.848
14 70 3183397.513
14 71 6191635.261
14 72 7881667.375
14 73 8677315.674
14 74 8780947.691
14 75 5497584.93
14 76 7185671.116
14 77 1390453.401
14 78 9583969.013
14 79 5627503.154
14 80 2192735.896
14 81 3838259.511
14 82 5389342.059
14 83 9112441.983
14 84 7415264.914
14 85 9826126.332
14 86 5133538.824
14 87 5465708.593
14 88 8484737.607
14 89 6935383.271
14 90 7888276.901
14 91 7592219.567
14 92 2909270.359
14 93 7326043.824
14 94 7237000.972
14 95 3157449.304
14 96 3290716.157
14 97 8103503.337
14 98 8556807.003
14 99 1959492.058
15 16 7798553.46
15 17 2261439.676
15 18 6800917.547
15 19 7251566.495
15 20 2213174.496
15 21 2197267.264
15 22 2683799.09
15 23 10380362.07
15 24 6315806.554
15 25 5964469.925
15 26 3294353.212
15 27 5916582.058
15 28 2389103.423
15 29 3739526.55
15 30 1863874.81
15 31 8016243.553
15 32 7344242.65
15 33 7509080.172
15 34 4086281.974
15 35 6913394.067
15 36 2184998.039
15 37 3963741.447
15 38 5599726.824
15 39 891809.6386
15 40 3158319.549
15 41 2486713.759
15 42 4541816.055
15 43 6198812.867
15 44 6320921.151
15 45 2403264.436
15 46 826530.5683
15 47 8146302.66
15 48 4323080.75
15 49 1246553.002
15 50 1958594.681
15 51 4928841.018
15 52 6140636.569
15 53 2428977.91
15 54 6343451.403
15 55 9179429.42
15 56 6485723.114
15 57 4825105.342
15 58 4358176.248
15 59 4767630.884
15 60 899160.9836
15 61 2069652.548
15 62 6869500.109
15 63 4821814.081
15 64 1043937.914
15 65 8572814.979
15 66 7053830.432
15 67 1027646.294
15 68 4515163.65
15 69 5203007.346
15 70 4524477.192
15 71 909288.7523
15 72 1286800.081
15 73 2966774.607
15 74 2365773.642
15 75 1285893.311
15 76 807234.8852
15 77 5344606.73
15 78 4192583.084
15 79 8127384.238
15 80 6899757.666
15 81 6712410.176
15 82 8547086.181
15 83 6263374.244
15 84 2479203.776
15 85 6700098.683
15 86 1473283.587
15 87 7126172.905
15 88 8540688.156
15 89 1217648.894
15 90 6129175.672
15 91 2809779.901
15 92 3740073.534
15 93 1914098.431
15 94 9278969.306
15 95 4184818.295
15 96 7837738.082
15 97 10384711.85
15 98 4717784.786
15 99 4717065.741
16 17 8818779.79
16 18 4938456.36
16 19 4902640.458
16 20 8999439.789
16 21 6048425.318
16 22 7561737.187
16 23 3368615.208
16 24 5305572.222
16 25 2767660.793
16 26 4505372.832
16 27 1894626.85
16 28 7909207.755
16 29 6645229.047
16 30 6901954.151
16 31 5065084.622
16 32 2794060.938
16 33 5246075.907
16 34 5297514.838
16 35 5598280.53
16 36 7032778.211
16 37 4152956.41
16 38 2343092.656
16 39 7832770.125
16 40 5483005.688
16 41 5312044.357
16 42 6757830.722
16 43 1771157.383
16 44 1991656.701
16 45 9670257.82
16 46 6992887.401
16 47 4243440.837
16 48 5739856.464
16 49 8859079.768
16 50 5856744.685
16 51 7371384.827
16 52 7225008.719
16 53 10225107.47
16 54 5520430.298
16 55 2465414.563
16 56 4423380.747
16 57 6542682.805
16 58 4740600.841
16 59 4478658.653
16 60 6937990.242
16 61 8807482.211
16 62 5538340.979
16 63 4689412.789
16 64 7993250.488
16 65 1103316.151
16 66 5534443.033
16 67 7400926.765
16 68 4698245.734
16 69 4979175.292
16 70 3376932.567
16 71 7893693.198
16 72 8797573.626
16 73 10622566.43
16 74 9199833.649
16 75 6521058.095
16 76 7978428.324
16 77 4964612.175
16 78 8862674.99
16 79 1421858.492
16 80 2104445.07
16 81 1086168.784
16 82 1100463.053
16 83 6810833.815
16 84 7144539.121
16 85 7501378.133
16 86 6622857.767
16 87 1851723.53
16 88 4734402.497
16 89 8689391.615
16 90 5336822.253
16 91 7134778.191
16 92 5437143.134
16 93 9309231.819
16 94 2974498.752
16 95 6441295.455
16 96 1219473.637
16 97 3806795.185
16 98 7072675.625
16 99 5068254.646
17 18 6423633.334
17 19 9237671.241
17 20 4120845.308
17 21 4210972
17 22 4941277.619
17 23 11778273.53
17 24 5819450.749
17 25 7547110.548
17 26 4547806.776
17 27 7064616.904
17 28 4618345.314
17 29 2919665.597
17 30 4088753.666
17 31 7638221.396
17 32 8981622.567
17 33 9529207.591
17 34 3955036.742
17 35 6315601.904
17 36 4433810.082
17 37 4669422.44
17 38 6915588.101
17 39 3119880.808
17 40 3388905.84
17 41 3867900.6
17 42 6776846.904
17 43 7071829.417
17 44 7719429.919
17 45 1069898.646
17 46 2787139.267
17 47 9992918.491
17 48 3874654.948
17 49 2841175.989
17 50 3584561.341
17 51 7186532.654
17 52 8380263.807
17 53 2608081.32
17 54 8435804.641
17 55 10596101.01
17 56 8423767.191
17 57 3902359.622
17 58 6297756.622
17 59 4842455.403
17 60 2877986.641
17 61 224943.9308
17 62 8949199.838
17 63 6782575.046
17 64 1263415.199
17 65 9750331.631
17 66 6481131.063
17 67 3284286.104
17 68 6457902.443
17 69 7229606.363
17 70 5450657.232
17 71 1416455.656
17 72 2997179.647
17 73 2278957.59
17 74 4207345.393
17 75 2852641.507
17 76 2989966.411
17 77 5062966.245
17 78 6367059.434
17 79 9450638.307
17 80 7435185.076
17 81 7771124.878
17 82 9729991.567
17 83 8477373.516
17 84 4736667.461
17 85 8942410.712
17 86 2380543.681
17 87 8567659.383
17 88 10434050.89
17 89 1258169.508
17 90 8203525.976
17 91 5067588.957
17 92 3667068.543
17 93 1077268.342
17 94 10793673
17 95 3390375.74
17 96 8550346.22
17 97 11896626.58
17 98 6967564.108
17 99 4513512.935
18 19 8715686.492
18 20 8856904.372
18 21 6422478.537
18 22 8256783.932
18 23 8261306.859
18 24 649182.8972
18 25 6064425.717
18 26 4649295.436
18 27 4492734.159
18 28 8336852.733
18 29 3506449.518
18 30 7170965.185
18 31 1229828.695
18 32 7064477.199
18 33 9101017.186
18 34 2714800.08
18 35 659980.0585
18 36 7514065.438
18 37 3476065.352
18 38 4951692.797
18 39 7380267.157
18 40 3661219.584
18 41 5084171.02
18 42 8715642.645
18 43 3685601.794
18 44 5531814.706
18 45 7488546.722
18 46 6313442.099
18 47 8597382.827
18 48 2578389.462
18 49 8043847.033
18 50 5598729.217
18 51 9386876.743
18 52 9912961.527
18 53 8764284.43
18 54 8740229.21
18 55 7400747.519
18 56 7938869.22
18 57 2663289.888
18 58 6798248.739
18 59 2162545
18 60 6323385.143
18 61 6538125.625
18 62 9021476.935
18 63 7106286.731
18 64 6313685.004
18 65 6024050.79
18 66 611484.0694
18 67 7094570.151
18 68 6880482.888
18 69 7636351.281
18 70 3723453.191
18 71 6308152.614
18 72 8086057.541
18 73 8683447.662
18 74 9042390.109
18 75 5762291.174
18 76 7427248.013
18 77 1456576.627
18 78 9982859.502
18 79 6279097.951
18 80 2836539.77
18 81 4494631.385
18 82 6026347.129
18 83 9674913.029
18 84 7799305.584
18 85 10384394.92
18 86 5335149.342
18 87 6120801.001
18 88 9135392.112
18 89 7018178.251
18 90 8481045.295
18 91 7994927.059
18 92 3061002.496
18 93 7353700.047
18 94 7886738.825
18 95 3047592.428
18 96 3900709.85
18 97 8742600.099
18 98 9053089.375
18 99 2083855.906
19 20 7145803.54
19 21 5070397.336
19 22 5364675.929
19 23 4774289.902
19 24 8782915.632
19 25 2653448.174
19 26 5127206.03
19 27 4258314.123
19 28 5853153.873
19 29 8505356.523
19 30 5499323.842
19 31 9327803.696
19 32 2135820.514
19 33 385332.7578
19 34 7474354.462
19 35 9299019.397
19 36 5328942.063
19 37 5894066.122
19 38 3764034.042
19 39 6727765.607
19 40 6959040.747
19 41 5523437.785
19 42 3475702.375
19 43 5139636.489
19 44 3282763.178
19 45 9643950.468
19 46 6515949.688
19 47 1299762.252
19 48 8053712.004
19 49 7731403.08
19 50 5670133.729
19 51 3757358.537
19 52 2912100.575
19 53 9348134.823
19 54 1204397.105
19 55 3894513.611
19 56 858978.1183
19 57 9021556.786
19 58 2939980.513
19 59 7122731.517
19 60 6426306.349
19 61 9110484.492
19 62 831346.1155
19 63 2455441.11
19 64 8021480.812
19 65 4579898.044
19 66 9310513.299
19 67 6343091.671
19 68 2779868.73
19 69 2052360.241
19 70 5224715.357
19 71 7872460.813
19 72 7586656.408
19 73 10127314.76
19 74 7299552.315
19 75 6385624.476
19 76 6912034.721
19 77 7970065.427
19 78 5744972.518
19 79 3795324.348
19 80 6289789.986
19 81 4545339.45
19 82 4546812.274
19 83 2421529.1
19 84 5191427.806
19 85 2946164.197
19 86 6925559.288
19 87 3054534.711
19 88 1430080.065
19 89 8458691.904
19 90 1275507.242
19 91 4957245.11
19 92 7370206.882
19 93 9161570.257
19 94 3537810.898
19 95 8587213.107
19 96 6009996.669
19 97 4341628.174
19 98 3617876.1
19 99 7676051.984
20 21 2958559.688
20 22 1781141.15
20 23 11070501.25
20 24 8417580.256
20 25 6671130.371
20 26 4739946.962
20 27 7122541.681
20 28 1294229.292
20 29 5946458.475
20 30 2097495.707
20 31 10046778.46
20 32 7862828.602
20 33 7305872.371
20 34 6167520.822
20 35 9029769.556
20 36 2014474.034
20 37 5702488.128
20 38 6665047.542
20 39 1478788.721
20 40 5199944.253
20 41 4007073.296
20 42 3802472.404
20 43 7620895.594
20 44 7228959.169
20 45 3732465.364
20 46 2543612.044
20 47 8272063.281
20 48 6468856.343
20 49 1288136.966
20 50 3415504.744
20 51 3889377.94
20 52 5204673.939
20 53 2557335.038
20 54 6029541.746
20 55 9893620.439
20 56 6544013.617
20 57 7026917.144
20 58 4669088.589
20 59 6741923.202
20 60 2534771.449
20 61 3897832.636
20 62 6551833.958
20 63 5013829.041
20 64 3138732.9
20 65 9583164.584
20 66 9161338.102
20 67 1785662.66
20 68 4793299.993
20 69 5186982.022
20 70 6053055.045
20 71 3040834.285
20 72 1124532.979
20 73 3532636.604
20 74 202431.3358
20 75 3096614.72
20 76 1455898.817
20 77 7413387.156
20 78 2411367.495
20 79 9002570.278
20 80 8521074.57
20 81 7941925.581
20 82 9553085.898
20 83 5485501.99
20 84 2018741.534
20 85 5706702.66
20 86 3565394.901
20 87 7922205.788
20 88 8556532.374
20 89 2862913.473
20 90 5886157.877
20 91 2199580.647
20 92 5825733.931
20 93 3295774.179
20 94 9863772.826
20 95 6383539.176
20 96 9291303.236
20 97 10929751.69
20 98 3817687.08
20 99 6787740.842
21 22 1844782.692
21 23 8321252.715
21 24 6109876.233
21 25 3876788.186
21 26 1887370.183
21 27 4165723.829
21 28 2013613.772
21 29 4347582.059
21 30 874475.2333
21 31 7526904.528
21 32 5204423.653
21 33 5342130.624
21 34 3964125.315
21 35 6737289.594
21 36 1124785.544
21 37 2999137.467
21 38 3725461
21 39 1866645.044
21 40 3034672.759
21 41 1344106.745
21 42 2788905.616
21 43 4676216.034
21 44 4343413.418
21 45 4575003.14
21 46 1446945.483
21 47 5949734.445
21 48 4435669.265
21 49 2933682.746
21 50 946446.6271
21 51 3353972.297
21 52 4353108.314
21 53 4478524.519
21 54 4224925.823
21 55 7124289.882
21 56 4291737.152
21 57 5257280.958
21 58 2161065.896
21 59 4262601.188
21 60 1356779.457
21 61 4066592.389
21 62 4739943.438
21 63 2627981.016
21 64 2967368.172
21 65 6678640.853
21 66 6838905.304
21 67 1428941.416
21 68 2318415.933
21 69 3033654.38
21 70 3172571.539
21 71 2815918.657
21 72 2836487.728
21 73 5140482.473
21 74 3160306.221
21 75 1424125.242
21 76 2037261.658
21 77 5076262.536
21 78 3560516.5
21 79 6146183.748
21 80 5632110.292
21 81 4985378.554
21 82 6649828.514
21 83 4364282.69
21 84 1381545.328
21 85 4915176.467
21 86 2081076.196
21 87 5094095.666
21 88 6344169.212
21 89 3391755.316
21 90 3994417.543
21 91 1577547.345
21 92 3674913.592
21 93 4095760.174
21 94 7173572.538
21 95 4645903.785
21 96 6343681.242
21 97 8271537.865
21 98 3061250.428
21 99 4499427.088
22 23 9385858.448
22 24 7922928.511
22 25 5057777.723
22 26 3717997.778
22 27 5744697.448
22 28 490939.6453
22 29 5912046.666
22 30 1127929.049
22 31 9370309.931
22 32 6162045.289
22 33 5527901.131
22 34 5732195.326
22 35 8550449.246
22 36 748796.5098
22 37 4843763.22
22 38 5223479.267
22 39 1830881.009
22 40 4770553.622
22 41 3172787.347
22 42 2078256.992
22 43 6369558.078
22 44 5685471.085
22 45 4903842.822
22 46 2420139.768
22 47 6498366.106
22 48 6160655.984
22 49 2564251.898
22 50 2680376.882
22 51 2310164.845
22 52 3594050.674
22 53 4137475.633
22 54 4254997.935
22 55 8226328.741
22 56 4771968.011
22 57 6907842.339
22 58 2991746.134
22 59 6094505.904
22 60 2352605.872
22 61 4742856.492
22 62 4780237.657
22 63 3287555.516
22 64 3720402.201
22 65 8035342.005
22 66 8657905.53
22 67 1688034.274
22 68 3099263.551
22 69 3418640.939
22 70 4970279.591
22 71 3577421.257
22 72 2393306.528
22 73 5034985.3
22 74 1938663.256
22 75 2788216.993
22 76 1981849.909
22 77 6888829.342
22 78 1748638.266
22 79 7405169.84
22 80 7398796.826
22 81 6549265.484
22 82 8003728.89
22 83 3809893.602
22 84 465679.2893
22 85 4133343.536
22 86 3450027.762
22 87 6312802.744
22 88 6776187.369
22 89 3794653.67
22 90 4106518.588
22 91 447370.7062
22 92 5422072.693
22 93 4414246.546
22 94 8159398.038
22 95 6272338.255
22 96 8011626.487
22 97 9208438.461
22 98 2159080.644
22 99 6296484.531
23 24 8661893.805
23 25 4444520.505
23 26 7248036.011
23 27 4753462.294
23 28 9826211.918
23 29 9894411.609
23 30 9062384.818
23 31 8221535.906
23 32 3226839.905
23 33 4927439.716
23 34 8561957.772
23 35 8920054.199
23 36 9062835.27
23 37 7239632.88
23 38 4865160.532
23 39 10187791.11
23 40 8595749.719
23 41 7995992.037
23 42 7918705.342
23 43 5030679.634
23 44 4080061.382
23 45 12514525.01
23 46 9554184.966
23 47 3513401.053
23 48 9041940.275
23 49 11254933.72
23 50 8441381.258
23 51 8359503.381
23 52 7677432.822
23 53 12773902.45
23 54 5892891.453
23 55 1200965.734
23 56 4888062.318
23 57 9882025.297
23 58 6405479.306
23 59 7792304.614
23 60 9481831.648
23 61 11731011.59
23 62 5604992.289
23 63 6105041.572
23 64 10795504.54
23 65 2265495.491
23 66 8842801.211
23 67 9750099.048
23 68 6289114.399
23 69 6086766.978
23 70 6403660.765
23 71 10674346.79
23 72 11154977.19
23 73 13329341.69
23 74 11256401.28
23 75 9180838.007
23 76 10358048.15
23 77 8326597.541
23 78 10234522.46
23 79 2335719.498
23 80 5452841.884
23 81 4177258.534
23 82 2269928.635
23 83 7188936.052
23 84 9062166.154
23 85 7712537.478
23 86 9447156.198
23 87 3255132.766
23 88 3679015.796
23 89 11429832.7
23 90 5851636.699
23 91 8938931.772
23 92 8658059.923
23 93 12101067.53
23 94 1264886.422
23 95 9734929.711
23 96 4373606.754
23 97 732876.42
23 98 8148320.207
23 99 8394443.965
24 25 6151451.735
24 26 4418947.097
24 27 4637096.106
24 28 7970234.128
24 29 2899991.213
24 30 6817675.086
24 31 1820327.461
24 32 7246049.111
24 33 9167332.106
24 34 2250372.599
24 35 627643.3981
24 36 7175282.072
24 37 3260120.811
24 38 5038516.226
24 39 6938825.108
24 40 3223486.979
24 41 4765827.544
24 42 8524468.05
24 43 3899249.861
24 44 5685277.528
24 45 6887414.143
24 46 5877856.067
24 47 8759770.055
24 48 2022124.482
24 49 7550847.944
24 50 5245378.635
24 51 9187749.131
24 52 9791932.405
24 53 8203517.06
24 54 8718057.674
24 55 7747734.727
24 56 7980034.199
24 57 2018624.918
24 58 6684220.738
24 59 1881810.953
24 60 5894959.314
24 61 5941591.87
24 62 9031558.449
24 63 7026026.689
24 64 5771543.901
24 65 6404873.646
24 66 744400.1042
24 67 6676960.113
24 68 6779043.136
24 69 7568158.628
24 70 3647366.608
24 71 5775254.137
24 72 7602548.397
24 73 8088126.682
24 74 8598371.051
24 75 5338357.841
24 76 6974031.433
24 77 1034263.992
24 78 9663198.812
24 79 6594506.448
24 80 3209060.45
24 81 4748959.456
24 82 6404248.86
24 83 9582610.741
24 84 7472792.626
24 85 10282121.52
24 86 4865591.76
24 87 6335747.347
24 88 9298749.07
24 89 6463179.954
24 90 8454495.843
24 91 7687422.806
24 92 2591997.451
24 93 6770413.431
24 94 8209304.428
24 95 2431497.529
24 96 4344619.435
24 97 9109017.926
24 98 8856775.721
24 99 1639490.946
25 26 3031730.66
25 27 1616868.554
25 28 5465792.877
25 29 6213428.999
25 30 4628764.784
25 31 6687574.446
25 32 1438047.039
25 33 3038547.968
25 34 5043294.511
25 35 6654187.15
25 36 4656657.363
25 37 3474274.022
25 38 1114727.597
25 39 5743276.844
25 40 4712082.018
25 41 3682472.913
25 42 4007165.096
25 43 2513169.33
25 44 788452.1585
25 45 8184217.316
25 46 5142002.235
25 47 2713404.021
25 48 5612711.51
25 49 6810465.026
25 50 4058917.831
25 51 4608122.261
25 52 4497852.051
25 53 8337915.271
25 54 2897675.845
25 55 3248680.584
25 56 1918455.888
25 57 6571781.848
25 58 2086423.455
25 59 4569858.676
25 60 5065730.613
25 61 7469676.068
25 62 3051746.145
25 63 1945863.614
25 64 6467254.319
25 65 3004531.997
25 66 6661628.465
25 67 5305691.349
25 68 2009631.707
25 69 2212035.475
25 70 2704996.385
25 71 6335790.482
25 72 6710794.761
25 73 8927652.853
25 74 6862501.755
25 75 4812278.725
25 76 5913784.29
25 77 5383444.835
25 78 6183892.964
25 79 2347418.057
25 80 3698153.967
25 81 2057294.327
25 82 2971653.196
25 83 4111671.901
25 84 4691736.902
25 85 4821811.095
25 86 5169088.19
25 87 1255694.844
25 88 3239215.701
25 89 7058799.188
25 90 2677048.512
25 91 4613024.391
25 92 5001796.552
25 93 7746618.463
25 94 3314502.713
25 95 6212192.955
25 96 3643562.011
25 97 4420545.452
25 98 4314788.811
25 99 5152187.447
26 27 2632436.555
26 28 3898894.012
26 29 3386747.922
26 30 2738057.758
26 31 5698506.256
26 32 4469114.517
26 33 5477902.09
26 34 2514061.427
26 35 5036694.68
26 36 3011809.285
26 37 1173230.314
26 38 2385485.438
26 39 3414264.799
26 40 1840843.886
26 41 808115.5299
26 42 4110261.227
26 43 2932220.654
26 44 3175175.083
26 45 5270186.06
26 46 2497533.155
26 47 5627009.065
26 48 3075623.053
26 49 4393707.96
26 50 1378204.19
26 51 4769970.175
26 52 5451009.402
26 53 5719763.527
26 54 4677207.091
26 55 6058236.082
26 56 4268589.713
26 57 4019434.995
26 58 2437801.884
26 59 2537140.66
26 60 2448789.71
26 61 4488672.066
26 62 5100619.384
26 63 2872029.391
26 64 3555617.006
26 65 5314572.656
26 66 5118395.523
26 67 3005554.811
26 68 2567802.711
26 69 3422385.094
26 70 1313124.384
26 71 3440867.062
26 72 4350476.118
26 73 6145448.135
26 74 4941731.254
26 75 2015925.982
26 76 3540332.288
26 77 3409881.385
26 78 5390247.471
26 79 4936125.155
26 80 3781591.081
26 81 3419525.176
26 82 5290585.706
26 83 5302729.468
26 84 3252318.552
26 85 5970998.161
26 86 2199219.461
26 87 4021018.48
26 88 6115227.523
26 89 4218501.094
26 90 4410802.861
26 91 3401446.795
26 92 2327517.366
26 93 4869621.948
26 94 6245875.205
26 95 3513520.993
26 96 4595393.311
26 97 7349044.714
26 98 4440043.356
26 99 2911102.904
27 28 6066220.339
27 29 5192878.277
27 30 5026867.743
27 31 5072135.679
27 32 2616245.944
27 33 4642028.968
27 34 3897052.389
27 35 5103255.501
27 36 5178305.229
27 37 2488610.554
27 38 608990.9805
27 39 5938368.318
27 40 3843593.916
27 41 3433789.715
27 42 5197307.371
27 43 901935.1636
27 44 1048207.732
27 45 7863333.388
27 46 5105692.288
27 47 4122761.351
27 48 4424883.86
27 49 6965026.933
27 50 3967634.774
27 51 5851867.685
27 52 5961536.69
27 53 8345249.876
27 54 4475669.626
27 55 3609425.215
27 56 3534523.277
27 57 5339695.089
27 58 3103210.267
27 59 3246297.287
27 60 5048903.525
27 61 7033688.392
27 62 4663061.744
27 63 3185516.333
27 64 6164037.776
27 65 2695022.112
27 66 5097811.523
27 67 5507042.374
27 68 3101773.296
27 69 3603633.802
27 70 1650376.316
27 71 6056711.219
27 72 6902955.617
27 73 8774058.515
27 74 7323755.358
27 75 4645992.42
27 76 6083802.388
27 77 3970590.785
27 78 7148587.789
27 79 2419246.934
27 80 2104842.902
27 81 819690.7797
27 82 2672858.947
27 83 5617238.298
27 84 5312304.697
27 85 6337299.232
27 86 4794239.096
27 87 1772064.458
27 88 4661758.698
27 89 6843633.044
27 90 4239652.687
27 91 5331061.968
27 92 3947914.659
27 93 7481762.192
27 94 3917962.997
27 95 5089110.834
27 96 2308515.879
27 97 4973172.098
27 98 5531312.257
27 99 3856141.565
28 29 5814546.92
28 30 1174825.123
28 31 9477169.073
28 32 6607361.206
28 33 6018470.061
28 34 5747955.95
28 35 8595920.333
28 36 900692.9649
28 37 4982781.229
28 38 5566236.38
28 39 1502790.764
28 40 4774282.974
28 41 3278859.383
28 42 2558183.009
28 43 6649180.463
28 44 6067660.618
28 45 4506348.752
28 46 2269269.772
28 47 6979042.477
28 48 6142744.746
28 49 2114889.433
28 50 2738617.23
28 51 2745546.686
28 52 4045814.959
28 53 3665068.218
28 54 4745927.904
28 55 8659250.504
28 56 5251413.428
28 57 6841576.705
28 58 3421846.178
28 59 6177248.435
28 60 2215476.777
28 61 4412235.114
28 62 5271144.394
28 63 3741581.36
28 64 3432954.414
28 65 8422972.983
28 66 8710879.19
28 67 1467958.974
28 68 3537448.537
28 69 3895449.194
28 70 5184958.748
28 71 3297216.823
28 72 1939824.046
28 73 4577706.846
28 74 1458027.359
28 75 2710673.148
28 76 1629070.233
28 77 6939596.614
28 78 1836177.595
28 79 7810484.936
28 80 7638862.58
28 81 6878564.921
28 82 8391883.258
28 83 4280197.084
28 84 774907.1089
28 85 4576117.631
28 86 3336776.261
28 87 6721366.005
28 88 7262468.507
28 89 3432080.283
28 90 4596669.401
28 91 907695.8846
28 92 5425506.95
28 93 4022731.411
28 94 8607294.738
28 95 6199255.129
28 96 8305685.983
28 97 9663802.397
28 98 2619303.982
28 99 6333422.636
29 30 4794196.016
29 31 4718575.712
29 32 7597362.862
29 33 8860666.881
29 34 1348748.052
29 35 3409899.875
29 36 5190635.908
29 37 2757405.749
29 38 5278280.498
29 39 4515309.513
29 40 1547020.416
29 41 3198419.352
29 42 7109499.244
29 43 4887934.094
29 44 6096478.813
29 45 3987430.307
29 46 3550343.187
29 47 8908675.304
29 48 1022058.029
29 49 4902742.81
29 50 3403626.619
29 51 7698582.138
29 52 8615334.791
29 53 5350237.524
29 54 8045581.559
29 55 8787877.09
29 56 7646426.551
29 57 1091908.289
29 58 5781818.22
29 59 2219192.31
29 60 3599743.199
29 61 3043188.669
29 62 8482261.836
29 63 6238405.576
29 64 2996676.162
29 65 7693280.544
29 66 3572301.531
29 67 4372030.362
29 68 5922893.54
29 69 6781017.347
29 70 3584706.284
29 71 3032917.056
29 72 4987485.452
29 73 5189338.955
29 74 6104327.764
29 75 3123908.683
29 76 4499494.546
29 77 2193669.545
29 78 7634168.095
29 79 7585430.771
29 80 4908985.801
29 81 5719244.856
29 82 7680148.563
29 83 8544183.124
29 84 5522502.282
29 85 9164360.093
29 86 2477806.482
29 87 6923939.394
29 88 9418682.278
29 89 3636537.052
29 90 7781233.317
29 91 5807837.794
29 92 1245105.414
29 93 3883620.667
29 94 9110560.938
29 95 481899.8667
29 96 6102445.31
29 97 10161365.34
29 98 7398556.129
29 99 1729629.061
30 31 8304970.509
30 32 5893280.803
30 33 5729284.217
30 34 4612704.781
30 35 7444566.523
30 36 398425.6995
30 37 3808529.688
30 38 4568385.013
30 39 1228553.836
30 40 3646946.937
30 41 2104263.753
30 42 2688181.039
30 43 5550486.693
30 44 5149434.213
30 45 4247971.257
30 46 1377704.123
30 47 6492661.623
30 48 5034066.796
30 49 2258819.179
30 50 1573807.057
30 51 3123082.683
30 52 4291526.55
30 53 3864455.1
30 54 4524047.977
30 55 7872915.467
30 56 4784562.978
30 57 5781616.772
30 58 2732188.251
30 59 5009481.269
30 60 1297868.075
30 61 3911222.544
30 62 5054530.421
30 63 3147608.991
30 64 2828682.816
30 65 7498580.15
30 66 7555880.334
30 67 861944.1261
30 68 2876030.409
30 69 3450908.155
30 70 4036877.23
30 71 2677164.09
30 72 2131766.978
30 73 4629441.756
30 74 2297954.112
30 75 1675204.587
30 76 1412819.106
30 77 5784772.638
30 78 2874481.704
30 79 6937956.823
30 80 6501068.821
30 81 5845891.701
30 82 7468978.698
30 83 4400578.358
30 84 733179.5256
30 85 4853917.972
30 86 2349684.463
30 87 5868564.748
30 88 6844509.052
30 89 3072238.025
30 90 4323785.4
30 91 1042299.188
30 92 4298941.201
30 93 3753572.157
30 94 7884774.773
30 95 5147570.763
30 96 7217438.799
30 97 8970922.051
30 98 2885703.716
30 99 5185405.255
31 32 7506896.838
31 33 9710398.39
31 34 3934009.239
31 35 1420718.587
31 36 8634791.649
31 37 4536639.51
31 38 5605211.267
31 39 8573843.51
31 40 4865540.235
31 41 6203788.948
31 42 9682601.355
31 43 4189453.274
31 44 6059880.631
31 45 8705357.732
31 46 7506187.326
31 47 9049912.22
31 48 3806967.136
31 49 9261016.524
31 50 6741083.703
31 51 10359002.59
31 52 10786663.17
31 53 9993928.624
31 54 9488018.49
31 55 7502586.324
31 56 8601337.073
31 57 3817591.768
31 58 7690443.972
31 59 3311468.416
31 60 7512076.532
31 61 7757515.439
31 62 9719045.742
31 63 7951826.74
31 64 7543166.111
31 65 6080069.468
31 66 1248946.124
31 67 8274641.809
31 68 7755964.289
31 69 8459676.183
31 70 4636675.284
31 71 7536681.436
31 72 9299416.267
31 73 9903829.455
31 74 10234772.94
31 75 6950198.91
31 76 8627115.735
31 77 2678900.691
31 78 11077911.63
31 79 6476146.973
31 80 3099923.577
31 81 4879378.66
31 82 6089257.278
31 83 10512405.43
31 84 8908346.846
31 85 11230615.47
31 86 6546649.192
31 87 6523114.827
31 88 9579528.919
31 89 8247983.895
31 90 9237698.312
31 91 9086162.345
31 92 4279686.77
31 93 8578988.247
31 94 8034016.43
31 95 4251732.621
31 96 3891006.23
31 97 8777574.225
31 98 10023877.57
31 99 3302693.214
32 33 2461856.867
32 34 6381034.74
32 35 7691564.388
32 36 5865309.138
32 37 4841784.714
32 38 2339837.751
32 39 7057832.63
32 40 6119486.377
32 41 5114640.721
32 42 4741779.187
32 43 3379592.531
32 44 1574421.221
32 45 9601158.689
32 46 6528627.007
32 47 1543524.547
32 48 6938272.279
32 49 8123276.354
32 50 5469938.9
32 51 5235451.779
32 52 4757879.463
32 53 9682900.058
32 54 2954615.516
32 55 2099730.233
32 56 1842178.52
32 57 7882663.838
32 58 3193940.063
32 59 5822657.461
32 60 6449177.621
32 61 8901123.876
32 62 2848897.176
32 63 2878383.947
32 64 7888239.079
32 65 2465102.61
32 66 7674618.782
32 67 6626014.733
32 68 3070998.907
32 69 2883779.339
32 70 4033433.332
32 71 7754297.464
32 72 8011804.619
32 73 10311016.16
32 74 8045744.821
32 75 6225664.708
32 76 7233897.661
32 77 6580282.309
32 78 7042089.364
32 79 1677788.692
32 80 4409412.136
32 81 2627692.532
32 82 2431294.843
32 83 4295354.508
32 84 5848078.443
32 85 4929880.628
32 86 6602160.754
32 87 995506.9891
32 88 2076831.379
32 89 8463792.297
32 90 2836391.084
32 91 5715597.1
32 92 6369221.71
32 93 9156676.987
32 94 2000980.05
32 95 7565313.269
32 96 3949363.559
32 97 3077695.304
32 98 4995745.54
32 99 6424066.73
33 34 7843636.433
33 35 9684174.99
33 36 5538553.33
33 37 6265211.035
33 38 4149358.635
33 39 6955357.966
33 40 7313742.514
33 41 5850560.249
33 42 3573778.821
33 43 5521623.871
33 44 3661329.692
33 45 9907760.019
33 46 6789071.81
33 47 1414143.358
33 48 8423123.057
33 49 7942324.652
33 50 5975123.38
33 51 3789840.416
33 52 2832823.808
33 53 9559418.172
33 54 1283489.566
33 55 4112752.029
33 56 1221405.46
33 57 9390789.876
33 58 3239486.883
33 59 7501987.746
33 60 6698829.956
33 61 9396994.412
33 62 795238.4877
33 63 2752145.352
33 64 8303481.109
33 65 4878283.872
33 66 9695817.65
33 67 6580911.653
33 68 3080252.852
33 69 2308976.955
33 70 5603662.923
33 71 8153370.734
33 72 7793265.001
33 73 10358155.28
33 74 7453095.323
33 75 6680475.787
33 76 7139408.496
33 77 8351437.024
33 78 5794787.322
33 79 4098642.338
33 80 6667720.275
33 81 4917742.003
33 82 4845739.36
33 83 2344697.492
33 84 5382552.875
33 85 2794596.547
33 86 7234866.919
33 87 3404377.586
33 88 1396134.564
33 89 8721141.003
33 90 1424395.442
33 91 5133545.198
33 92 7734376.09
33 93 9422260.476
33 94 3717276.75
33 95 8950101.462
33 96 6367517.179
33 97 4449714.049
33 98 3682444.908
33 99 8052703.481
34 35 2866571.49
34 36 4983639.434
34 37 1583878.192
34 38 4042567.285
34 39 4688732.902
34 40 977180.8534
34 41 2641601.411
34 42 6556722.918
34 43 3544248.247
34 44 4844115.27
34 45 4979595.246
34 46 3627542.83
34 47 7756386.338
34 48 579511.0918
34 49 5329084.978
34 50 3055647.989
34 51 7194907.377
34 52 7954965.95
34 53 6110601.142
34 54 7152649.468
34 55 7469178.11
34 56 6622254.239
34 57 1547215.658
34 58 4944571.228
34 59 905113.5235
34 60 3645382.494
34 61 4026066.755
34 62 7547186.546
34 63 5361319.237
34 64 3640379.37
34 65 6350185.7
34 66 2994536.518
34 67 4429152.863
34 68 5068337.231
34 69 5914906.452
34 70 2348690.245
34 71 3621118.206
34 72 5371872.163
34 73 6132415.652
34 74 6348949.695
34 75 3090314.916
34 76 4726181.783
34 77 1258334.394
34 78 7480159.039
34 79 6264712.769
34 80 3588089.927
34 81 4384706.662
34 82 6337632.603
34 83 7816403.105
34 84 5293442.662
34 85 8480755.709
34 86 2623394.769
34 87 5652300.243
34 88 8279101.635
34 89 4363171.339
34 90 6884836.445
34 91 5530774.669
34 92 346214.1095
34 93 4772188.917
34 94 7810585.937
34 95 1192643.656
34 96 4769830.519
34 97 8847606.147
34 98 6873805.258
34 99 631409.0903
35 36 7802729.784
35 37 3872868.152
35 38 5539496.42
35 39 7551408.572
35 40 3842338.457
35 41 5393208.806
35 42 9137738.564
35 43 4317487.199
35 44 6147601.173
35 45 7385498.664
35 46 6492974.393
35 47 9219174.193
35 48 2598078.852
35 49 8143274.199
35 50 5872581.873
35 51 9802899.364
35 52 10387742.93
35 53 8748311.017
35 54 9277141.34
35 55 8060150.032
35 56 8509081.442
35 57 2437653.642
35 58 7275820.28
35 59 2501120.953
35 60 6511815.054
35 61 6449127.262
35 62 9576449.013
35 63 7606546.063
35 64 6336663.542
35 65 6683980.819
35 66 173035.6045
35 67 7295606.053
35 68 7366642.748
35 69 8144757.64
35 70 4220082.163
35 71 6347103.053
35 72 8199348.713
35 73 8592576.958
35 74 9209072.64
35 75 5956763.809
35 76 7583010.567
35 77 1661904.432
35 78 10290841.91
35 79 6935582.863
35 80 3495831.852
35 81 5138910.308
35 82 6686311.493
35 83 10169100.69
35 84 8100428.691
35 85 10872250.93
35 86 5471738.876
35 87 6757028.444
35 88 9757814.51
35 89 7016216.66
35 90 9015254.05
35 91 8314835.425
35 92 3205194.066
35 93 7293435.619
35 94 8544452.509
35 95 2930783.74
35 96 4556429.377
35 97 9402579.446
35 98 9471241.878
35 99 2263121.978
36 37 4117399.831
36 38 4690340.43
36 39 1450053.456
36 40 4023190.884
36 41 2432225.031
36 42 2359597.294
36 43 5749651.279
36 44 5223279.976
36 45 4534046.942
36 46 1764559.47
36 47 6372986.073
36 48 5415255.767
36 49 2403998.047
36 50 1931703.267
36 51 2756759.227
36 52 3955872.703
36 53 4021220.049
36 54 4305909.792
36 55 7882502.332
36 56 4650765.282
36 57 6173153.26
36 58 2674477.199
36 59 5351523.464
36 60 1687446.95
36 61 4249708.052
36 62 4837935.064
36 63 3051736.618
36 64 3180540.06
36 65 7579402.393
36 66 7910948.109
36 67 1158485.949
36 68 2806894.656
36 69 3298802.296
36 70 4289051.319
36 71 3030797.55
36 72 2257716.616
36 73 4836082.196
36 74 2206585.888
36 75 2073344.937
36 76 1629607.104
36 77 6141314.49
36 78 2496631.157
36 79 6989635.077
36 80 6739455.123
36 81 5993258.76
36 82 7548926.478
36 83 4091462.286
36 84 334926.7012
36 85 4515100.797
36 86 2748062.392
36 87 5907994.949
36 88 6701007.965
36 89 3372972.564
36 90 4120188.75
36 91 651579.2894
36 92 4674416.578
36 93 4038742.733
36 94 7864771.283
36 95 5540668.664
36 96 7407964.167
36 97 8939334.931
36 98 2534297.09
36 99 5547923.094
37 38 2522034.556
37 39 4287822.336
37 40 1356337.933
37 41 1712824.951
37 42 5265034.521
37 43 2403096.491
37 44 3343265.541
37 45 5553875.397
37 46 3262898.05
37 47 6183889.644
37 48 2161904.033
37 49 5165963.797
37 50 2292000.052
37 51 5930170.592
37 52 6552236.47
37 53 6306484.412
37 54 5617016.306
37 55 6097205.431
37 56 5044257.306
37 57 3129473.571
37 58 3467808.325
37 59 1383850.774
37 60 3240037.986
37 61 4666732.677
37 62 5992170.874
37 63 3850949.67
37 64 3929064.096
37 65 5117613
37 66 3950149.129
37 67 3921685.612
37 68 3577132.669
37 69 4403567.241
37 70 841694.0319
37 71 3849611.059
37 72 5155209.19
37 73 6572139.806
37 74 5900591.246
37 75 2709510.338
37 76 4383686.496
37 77 2269620.747
37 78 6541734.563
37 79 4907307.493
37 80 2939555.639
37 81 3123790.812
37 82 5099683.728
37 83 6368869.96
37 84 4379664.176
37 85 7055954.78
37 86 2592944.341
37 87 4178410.678
37 88 6703257.386
37 89 4654168.086
37 90 5349261.024
37 91 4550021.075
37 92 1529115.101
37 93 5225247.615
37 94 6385657.493
37 95 2738267.346
37 96 3942788.118
37 97 7455176.098
37 98 5598382.006
37 99 1831591.704
38 39 5544881.799
38 40 3839073.622
38 41 3152362.619
38 42 4595698.713
38 43 1489336.888
38 44 826645.3189
38 45 7655573.859
38 46 4777157.869
38 47 3769551.534
38 48 4598454.032
38 49 6590738.886
38 50 3641257.734
38 51 5247349.592
38 52 5356464.258
38 53 8024386.379
38 54 3899832.621
38 55 3680543.423
38 56 3001507.279
38 57 5543893.686
38 58 2506600.581
38 59 3498508.976
38 60 4713274.187
38 61 6865987.554
38 62 4113834.475
38 63 2576826.508
38 64 5939699.023
38 65 2978709.936
38 66 5547646.878
38 67 5108004.696
38 68 2499131.349
38 69 2996926.177
38 70 1698348.63
38 71 5822557.951
38 72 6516931.772
38 73 8509457.979
38 74 6864658.476
38 75 4356479.042
38 76 5698954.796
38 77 4289355.502
38 78 6580432.128
38 79 2551330.319
38 80 2698210.642
38 81 1338892.947
38 82 2951925.48
38 83 5017859.62
38 84 4802556.618
38 85 5738727.258
38 86 4584273.03
38 87 1675430.462
38 88 4304511.937
38 89 6591575.678
38 90 3658149.583
38 91 4800609.758
38 92 4041648.205
38 93 7251359.732
38 94 3905267.051
38 95 5229300.462
38 96 2897236.527
38 97 4996938.214
38 98 4928271.247
38 99 4093540.516
39 40 3721712.834
39 41 2634952.1
39 42 3788963.244
39 43 6342047.546
39 44 6197402.889
39 45 3100139.74
39 46 1067656.537
39 47 7713091.58
39 48 4996087.817
39 49 1067477.697
39 50 2042316.654
39 51 4119251.208
39 52 5368332.591
39 53 2645336.309
39 54 5740745.727
39 55 8990934.332
39 56 6010146.296
39 57 5584111.525
39 58 3935970.836
39 59 5274082.881
39 60 1066127.091
39 61 2917150.781
39 62 6272233.192
39 63 4365557.917
39 64 1933173.321
39 65 8516778.766
39 66 7682631.291
39 67 439501.3774
39 68 4084372.611
39 69 4679369.924
39 70 4715645.387
39 71 1800918.6
39 72 974046.1562
39 73 3402887.837
39 74 1662135.902
39 75 1626462.327
39 76 184270.5923
39 77 5935186.085
39 78 3301024.363
39 79 8004593.818
39 80 7165484.065
39 81 6753907.453
39 82 8488802.477
39 83 5529613.499
39 84 1696632.138
39 85 5920648.613
39 86 2093145.466
39 87 6958779.244
39 88 8070916.995
39 89 1966439.01
39 90 5545850.783
39 91 2018328.414
39 92 4347046.591
39 93 2606017.46
39 94 9035399.541
39 95 4938586.268
39 96 8008698.926
39 97 10130573.06
39 98 3932591.744
39 99 5309237.753
40 41 1754617.923
40 42 5705347.558
40 43 3716883.934
40 44 4665457.794
40 45 4338584.209
40 46 2657039.345
40 47 7388393.467
40 48 1401208.63
40 49 4404867.504
40 50 2106060.081
40 51 6325498.61
40 52 7160092.845
40 53 5301192.637
40 54 6509580.997
40 55 7450387.876
40 56 6100070.354
40 57 2257725.936
40 58 4252787.207
40 59 1620882.037
40 60 2671997.677
40 61 3413454.434
40 62 6939950.255
40 63 4702130.21
40 64 2836887.31
40 65 6467376.982
40 66 3967882.23
40 67 3453578.675
40 68 4390357.203
40 69 5248244.924
40 70 2193687.406
40 71 2792435.379
40 72 4436793.974
40 73 5429834.704
40 74 5383563.505
40 75 2114880.626
40 76 3766061.467
40 77 2213477.703
40 78 6519190.52
40 79 6262761.328
40 80 4056286.992
40 81 4472075.27
40 82 6450117.624
40 83 7059258.727
40 84 4338016.064
40 85 7699691.294
40 86 1685170.321
40 87 5509735.305
40 88 7892510.351
40 89 3573531.105
40 90 6244213.358
40 91 4585743.8
40 92 652138.1347
40 93 4063719.365
40 94 7728220.75
40 95 1696453.536
40 96 5161455.26
40 97 8803923.489
40 98 6011760.06
40 99 1588176.027
41 42 3951033.272
41 43 3732293.368
41 44 3915933.959
41 45 4522728.012
41 46 1690722.941
41 47 6160811.726
41 48 3140422.893
41 49 3593284.294
41 50 594755.2471
41 51 4571967.525
41 52 5422519.445
41 53 4913349.039
41 54 4914488.82
41 55 6800066.724
41 56 4677260.853
41 57 4010841.986
41 58 2649245.487
41 59 2922279.321
41 60 1644327.502
41 61 3787217.717
41 62 5382013.897
41 63 3127901.382
41 64 2802114.554
41 65 6106010.175
41 66 5494988.591
41 67 2241551.056
41 68 2801026.147
41 69 3648144.758
41 70 2082971.737
41 71 2678642.056
41 72 3555761.631
41 73 5358201.877
41 74 4207048.303
41 75 1212503.042
41 76 2752149.283
41 77 3732355.823
41 78 4902110.552
41 79 5701197.341
41 80 4531879.838
41 81 4225962.956
41 82 6081315.302
41 83 5346002.602
41 84 2715372.456
41 85 5968462.781
41 86 1487630.43
41 87 4749945.89
41 88 6623530.747
41 89 3439605.814
41 90 4656418.187
41 91 2921635.801
41 92 2371030.768
41 93 4105161.069
41 94 6957447.632
41 95 3430469.222
41 96 5389357.564
41 97 8064558.785
41 98 4257286.844
41 99 3159593.625
42 43 6007537.921
42 44 4767115.529
42 45 6887157.454
42 46 4029289.934
42 47 4712227.808
42 48 7080747.538
42 49 4631537.234
42 50 3714618.173
42 51 677475.9407
42 52 1604087.635
42 53 6215360.485
42 54 2292469.222
42 55 6838077.819
42 56 3057467.466
42 57 7961800.239
42 58 2098745.524
42 59 6644037.518
42 60 3942297.563
42 61 6598939.392
42 62 2792049.952
42 63 2068419.707
42 64 5515898.937
42 65 6965634.833
42 66 9212166.113
42 67 3517472.133
42 68 2096628.052
42 69 1867581.466
42 70 5046833.402
42 71 5363934.439
42 72 4464083.747
42 73 7102920.483
42 74 3931517.535
42 75 4179277.314
42 76 3961085.618
42 77 7520078.996
42 78 2319642.985
42 79 6239383.122
42 80 7180512.34
42 81 5902206.997
42 82 6931675.158
42 83 1743808.775
42 84 2092535.166
42 85 2167731.737
42 86 4855466.849
42 87 5172033.244
42 88 4905589.11
42 89 5732007.761
42 90 2203435.382
42 91 1776803.749
42 92 6310161.058
42 93 6392215.061
42 94 6656447.889
42 95 7374849.627
42 96 7489241.522
42 97 7626109.123
42 98 342916.9383
42 99 7010490.275
43 44 1874039.387
43 45 7950359.682
43 46 5421195.519
43 47 4916155.403
43 48 4011746.132
43 49 7324873.536
43 50 4310423.973
43 51 6672102.104
43 52 6841436.031
43 53 8605318.653
43 54 5377103.91
43 55 3979596.689
43 56 4431596.986
43 57 4860204.003
43 58 3909406.467
43 59 2762673.965
43 60 5376575.655
43 61 7069551.624
43 62 5563010.22
43 63 4038725.103
43 64 6299284.71
43 65 2805941.298
43 66 4296280.013
43 67 5926096.487
43 68 3925675.177
43 69 4480099.75
43 70 1681840.947
43 71 6208796.036
43 72 7282672.668
43 73 8940987.969
43 74 7823318.579
43 75 4912938.732
43 76 6471492.982
43 77 3359271.237
43 78 7861121.048
43 79 2781640.444
43 80 1208939.962
43 81 877794.1868
43 82 2793451.247
43 83 6507010.631
43 84 5920416.485
43 85 7227985.114
43 86 4937511.892
43 87 2440728.907
43 88 5453182.342
43 89 7011232.377
43 90 5139986.012
43 91 5977042.123
43 92 3670270.195
43 93 7607913.934
43 94 4381616.265
43 95 4706892.169
43 96 1670896.826
43 97 5363463.613
43 98 6346052.215
43 99 3367895.332
44 45 8435508.276
44 46 5494631.773
44 47 3074751.841
44 48 5391831.523
44 49 7256779.495
44 50 4370738.706
44 51 5380030.232
44 52 5284802.492
44 53 8732879.178
44 54 3657822.297
44 55 2885289.96
44 56 2627948.731
44 57 6326788.079
44 58 2776990.247
44 59 4254003.939
44 60 5425666.9
44 61 7663675.132
44 62 3770412.766
44 63 2698867.616
44 64 6715923.581
44 65 2356428.665
44 66 6138882.794
44 67 5757980.892
44 68 2722288.429
44 69 2996197.001
44 70 2512085.134
44 71 6594322.595
44 72 7171324.896
44 73 9256870.246
44 74 7424933.47
44 75 5104291.279
44 76 6359464.16
44 77 5005865.015
44 78 6900526.459
44 79 1810337.185
44 80 3007078.733
44 81 1292946.326
44 82 2325776.272
44 83 4893883.745
44 84 5293654.557
44 85 5600906.596
44 86 5371948.876
44 87 851988.1767
44 88 3613755.255
44 89 7351266.906
44 90 3446783.654
44 91 5247047.394
44 92 4856538.432
44 93 8021045.709
44 94 3083998.951
44 95 6034570.174
44 96 2862021.008
44 97 4180571.132
44 98 5081071.68
44 99 4858392.1
45 46 3135595.59
45 47 10499488.87
45 48 4930663.532
45 49 2469235.091
45 50 4131698.39
45 51 7210174.673
45 52 8468267.551
45 53 1698892.316
45 54 8746674.457
45 55 11320730.42
45 56 8864689.329
45 57 4970357.071
45 58 6729686.124
45 59 5852883.99
45 60 3223649.402
45 61 956202.3459
45 62 9272740.826
45 63 7201991.953
45 64 1720666.964
45 65 10558350.84
45 66 7550984.612
45 67 3388888.438
45 68 6888509.169
45 69 7599689.774
45 70 6293790.491
45 71 1848569.935
45 72 2646922.252
45 73 1211249.02
45 74 3770913.298
45 75 3375677.29
45 76 2932966.152
45 77 6116020.597
45 78 6110831.214
45 79 10206259.12
45 80 8394244.004
45 81 8603870.828
45 82 10536133.57
45 83 8624790.374
45 84 4796051.59
45 85 9019515.715
45 86 3073744.589
45 87 9272431.91
45 88 10910675.87
45 89 1186905.077
45 90 8532131.699
45 91 5118448.098
45 92 4677708.465
45 93 495314.3831
45 94 11477647.5
45 95 4459590.229
45 96 9479384.709
45 97 12585303.23
45 98 7031792.272
45 99 5554455.708
46 47 7367482.214
46 48 3954965.228
46 49 1913702.181
46 50 1139125.697
46 51 4495592.939
46 52 5631484.97
46 53 3247438.888
46 54 5661933.913
46 55 8353280.007
46 56 5729889.675
46 57 4593154.297
46 58 3594330.099
46 59 4207614.349
46 60 91127.44848
46 61 2631651.387
46 62 6180662.448
46 63 4068326.267
46 64 1529924.006
46 65 7752519.114
46 66 6622075.992
46 67 825693.8448
46 68 3753333.679
46 69 4480494.136
46 70 3759567.491
46 71 1377091.811
46 72 1893223.466
46 73 3785815.807
46 74 2729249.454
46 75 563277.1059
46 76 1132888.724
46 77 4870202.356
46 78 4100178.298
46 79 7301554.702
46 80 6175530.007
46 81 5906941.826
46 82 7726510.195
46 83 5703097.783
46 84 2095457.184
46 85 6195992.374
46 86 1076047.277
46 87 6299810.129
46 88 7775204.522
46 89 1959488.196
46 90 5435774.653
46 91 2415813.823
46 92 3287803.571
46 93 2663143.963
46 94 8456228.979
46 95 3948022.227
46 96 7073151.579
46 97 9562547.133
46 98 4247793.361
46 99 4245176.527
47 48 8326113.665
47 49 8749970.493
47 50 6411556.154
47 51 5038640.717
47 52 4206420.442
47 53 10356477.79
47 54 2489801.27
47 55 2744058.838
47 56 1728481.745
47 57 9284683.229
47 58 3792333.537
47 59 7266094.904
47 60 7281075.252
47 61 9886874.192
47 62 2124045.629
47 63 3347715.056
47 64 8824394.099
47 65 3679257.04
47 66 9206437.836
47 67 7305241.651
47 68 3638117.469
47 69 3086915.54
47 70 5417264.742
47 71 8680874.679
47 72 8616351.545
47 73 11081044.12
47 74 8436126.003
47 75 7157574.235
47 76 7896200.492
47 77 8055506.73
47 78 7009338.949
47 79 2937992.145
47 80 5951532.006
47 81 4170533.755
47 82 3649236.157
47 83 3715501.151
47 84 6276013.087
47 85 4204684.185
47 86 7627146
47 87 2530155.369
47 88 539003.5086
47 89 9326928.902
47 90 2517831.911
47 91 6072484.287
47 92 7708504.435
47 93 10030594.97
47 94 2313682.848
47 95 8922069.67
47 96 5436725.618
47 97 3047732.989
47 98 4880668.832
47 99 7856115.841
48 49 5547405.119
48 50 3506161.113
48 51 7710343.892
48 52 8501521.813
48 53 6188303.923
48 54 7727280.92
48 55 7968639.046
48 56 7201746.187
48 57 967877.7419
48 58 5511208.721
48 59 1262494.207
48 60 3983800.879
48 61 3975905.508
48 62 8124688.824
48 63 5932927.939
48 64 3749489.892
48 65 6810538.335
48 66 2745341.133
48 67 4773805.236
48 68 5637179.106
48 69 6486155.559
48 70 2911789.251
48 71 3753740.447
48 72 5607002.637
48 73 6116107.494
48 74 6642772.324
48 75 3445015.561
48 76 5014892.743
48 77 1189775.265
48 78 7908509.736
48 79 6763892.013
48 80 3922822.266
48 81 4869587.658
48 82 6799716.034
48 83 8373195.228
48 84 5733351.244
48 85 9031709.962
48 86 2903671.951
48 87 6189487.463
48 88 8850401.043
48 89 4444516.239
48 90 7459558.254
48 91 5985261.751
48 92 770649.062
48 93 4778182.143
48 94 8326629.049
48 95 704099.8852
48 96 5125919.727
48 97 9350543.562
48 98 7392890.436
48 99 715384.5802
49 50 3016804.828
49 51 4860152.564
49 52 6156116.898
49 53 1617225.084
49 54 6703701.945
49 55 10057769.21
49 56 7037176.466
49 57 5994510.954
49 58 4987615.061
49 59 6013117.208
49 60 1950990.027
49 61 2617101.792
49 62 7235553.77
49 63 5406318.28
49 64 1956179.106
49 65 9567035.891
49 66 8286268.186
49 67 1504916.666
49 68 5133334.524
49 69 5693619.061
49 70 5670872.08
49 71 1886764.954
49 72 179652.7358
49 73 2471757.547
49 74 1366172.641
49 75 2456990.977
49 76 898122.3806
49 77 6587285.317
49 78 3641596.217
49 79 9065485.825
49 80 8087794.029
49 81 7776160.547
49 82 9539489.286
49 83 6370890.253
49 84 2579991.809
49 85 6690063.524
49 86 2719822.307
49 87 8023639.503
49 88 9094196.817
49 89 1583823.032
49 90 6522726.783
49 91 2867931.192
49 92 4982913.808
49 93 2016765.44
49 94 10102502.43
49 95 5363480.875
49 96 8982205.985
49 97 11197046.92
49 98 4723116.549
49 99 5960286.503
50 51 4295086.862
50 52 5253659.492
50 53 4385470.295
50 54 4948923.304
50 55 7241348.963
50 56 4845570.904
50 57 4313066.318
50 58 2735710.518
50 59 3438631.26
50 60 1081356.572
50 61 3475327.956
50 62 5442461.122
50 63 3223159.32
50 64 2424997.53
50 65 6614598.826
50 66 5982698.305
50 67 1646811.986
50 68 2894873.166
50 69 3702945.634
50 70 2673393.68
50 71 2287326.936
50 72 2972287.138
50 73 4888004.381
50 74 3614968.051
50 75 756109.5434
50 76 2163509.249
50 77 4211937.201
50 78 4426366.842
50 79 6173514.581
50 80 5126329.348
50 81 4771237.62
50 82 6588762.004
50 83 5230224.171
50 84 2237920.202
50 85 5811500.608
50 86 1263419.778
50 87 5186492.027
50 88 6849523.093
50 89 3000333.436
50 90 4701695.047
50 91 2479728.985
50 92 2753431.836
50 93 3688192.418
50 94 7365393.012
50 95 3699695.754
50 96 5972646.442
50 97 8473259.026
50 98 3997117.69
50 99 3616262.287
51 52 1315297.311
51 53 6394365.286
51 54 2553270.086
51 55 7315574.268
51 56 3471458.552
51 57 8577203.797
51 58 2763198.06
51 59 7306331.25
51 60 4412337.095
51 61 6998325.129
51 62 2994671.849
51 63 2692377.069
51 64 5936785.993
51 65 7528485.803
51 66 9879344.872
51 67 3902630.719
51 68 2750818.565
51 69 2417432.655
51 70 5723700.634
51 71 5787376.472
51 72 4685368.74
51 73 7321459.206
51 74 3989682.314
51 75 4702381.44
51 76 4279826.804
51 77 8179150.76
51 78 2009085.164
51 79 6786182.575
51 80 7849913.46
51 81 6542167.734
51 82 7494268.362
51 83 1633233.641
51 84 2450024.504
51 85 1831275.776
51 86 5385378.32
51 87 5736728.757
51 88 5168716.657
51 89 6084607.23
51 90 2531096.317
51 91 2119202.907
51 92 6939898.795
51 93 6718803.99
51 94 7094629.654
51 95 7980722.644
51 96 8134838.608
51 97 8022748.13
51 98 335150.7847
51 99 7661339.059
52 53 7704030.782
52 54 1811727.659
52 55 6736966.56
52 56 2915842.931
52 57 9414067.432
52 58 3114884.163
52 59 7933362.609
52 60 5544032.127
52 61 8201232.268
52 62 2082635.903
52 63 2838347.323
52 64 7119756.278
52 65 7187785.584
52 66 10445564.79
52 67 5114293.074
52 68 3035398.675
52 69 2361622.583
52 70 6190197.099
52 71 6967872.725
52 72 5983170.262
52 73 8623318.247
52 74 5303920.648
52 75 5762500.696
52 76 5535916.293
52 77 8821218.376
52 78 3205659.652
52 79 6410213.431
52 80 8048897.191
52 81 6543496.881
52 82 7153383.332
52 83 490919.3304
52 84 3674884.409
52 85 564782.7742
52 86 6432128.315
52 87 5448303.95
52 88 4224982.901
52 89 7322988.559
52 90 1926139.364
52 91 3350126.8
52 92 7735812.803
52 93 7974345.194
52 94 6428337.069
52 95 8850043.695
52 96 8138854.947
52 97 7252918.852
52 98 1438249.912
52 99 8357011.008
53 54 8318574.382
53 55 11573491.11
53 56 8648375.265
53 57 6404973.311
53 58 6581075.877
53 59 6911037.343
53 60 3311453.005
53 61 2414534.333
53 62 8850231.874
53 63 7009673.905
53 64 2472837.583
53 65 10999876.28
53 66 8906156.83
53 67 3064853.554
53 68 6729705.492
53 69 7308267.936
53 70 6924799.26
53 71 2508759.158
53 72 1768423.69
53 73 997271.6733
53 74 2517859.769
53 75 3704688.324
53 76 2463537.127
53 77 7332425.007
53 78 4946925.592
53 79 10542267.7
53 80 9241982.197
53 81 9139146.775
53 82 10973914.12
53 83 7944898.435
53 84 4190413.995
53 85 8224103.544
53 86 3717098.55
53 87 9525578.865
53 88 10707153.18
53 89 1748581.875
53 90 8139360.022
53 91 4468972.604
53 92 5777086.927
53 93 1531655.166
53 94 11646360.39
53 95 5832126.809
53 96 10226968.45
53 97 12747096.12
53 98 6283769.726
53 99 6727997.246
54 55 4928074.143
54 56 1120183.382
54 57 8684730.891
54 58 2269371.335
54 59 6942305.138
54 60 5570878.815
54 61 8290438.222
54 62 532031.503
54 63 1807531.147
54 64 7189784.961
54 65 5402164.386
54 66 9310852.031
54 67 5383712.481
54 68 2123905.421
54 69 1267677.502
54 70 5073995.961
54 71 7037612.761
54 72 6550240.822
54 73 9140192.9
54 74 6174213.791
54 75 5613471.777
54 76 5923833.295
54 77 7821613.869
54 78 4542076.914
54 79 4619377.623
54 80 6578648.12
54 81 4948036.568
54 82 5367898.716
54 83 1341236.979
54 84 4130494.549
54 85 1990528.744
54 86 6210656.131
54 87 3699750.741
54 88 2624859.515
54 89 7560769.62
54 90 267916.8788
54 91 3869822.343
54 92 6997440.373
54 93 8256179.931
54 94 4635747.542
54 95 8190724.383
54 96 6513503.271
54 97 5505415.654
54 98 2417174.331
54 99 7445888.249
55 56 3864340.094
55 57 8837558.358
55 58 5237696.659
55 59 6734814.605
55 60 8280874.757
55 61 10544901.31
55 62 4707387.413
55 63 4959546.714
55 64 9600953.602
55 65 1427672.029
55 66 7998784.683
55 67 8552853.031
55 68 5127081.856
55 69 4983321.835
55 70 5256931.468
55 71 9478704.873
55 72 9959282.663
55 73 12129164.26
55 74 10081319.78
55 75 7981919.359
55 76 9160490.841
55 77 7325524.819
55 78 9141587.143
55 79 1204884.776
55 80 4564321.524
55 81 3105856.053
55 82 1415848.021
55 83 6256599.518
55 84 7891538.119
55 85 6832847.146
55 86 8256438.604
55 87 2054856.949
55 88 3055599.57
55 89 10231586.29
55 90 4853079.713
55 91 7778972.759
55 92 7545459.297
55 93 10904559.54
55 94 585011.5217
55 95 8652901.749
55 96 3612400.451
55 97 1383999.746
55 98 7085529.279
55 99 7343526.708
56 57 8169395.958
56 58 2136154.919
56 59 6290209.853
56 60 5641331.707
56 61 8302646.993
56 62 1142483.406
56 63 1664004.456
56 64 7220570.482
56 65 4282243.566
56 66 8527256.82
56 67 5610665.512
56 68 1976742.174
56 69 1358541.603
56 70 4392077.108
56 71 7073168.47
56 72 6900224.893
56 73 9395070.538
56 74 6708906.66
56 75 5571557.63
56 76 6193976.552
56 77 7145663.362
56 78 5376124.545
56 79 3500168.678
56 80 5611963.912
56 81 3918972.938
56 82 4247960.347
56 83 2456603.121
56 84 4548108.867
56 85 3109081.096
56 86 6094465.155
56 87 2588774.519
56 88 2061452.975
56 89 7683135.802
56 90 996083.6373
56 91 4344498.784
56 92 6513937.185
56 93 8387288.183
56 94 3623205.109
56 95 7730288.558
56 96 5453420.95
56 97 4569421.642
56 98 3267006.557
56 99 6835976.975
57 58 6457225.215
57 59 2105631.581
57 60 4636099.346
57 61 4049361.643
57 62 9087225.543
57 63 6886127.576
57 64 4084811.087
57 65 7631102.12
57 66 2607826.777
57 67 5418549.581
57 68 6586359.571
57 69 7438495.764
57 70 3867535.895
57 71 4123911.558
57 72 6078285.179
57 73 6181009.882
57 74 7187600.324
57 75 4132951.388
57 76 5575769.123
57 77 1644215.708
57 78 8645006.711
57 79 7635595.652
57 80 4611489.764
57 81 5731704.353
57 82 7622627.697
57 83 9301703.178
57 84 6500155.838
57 85 9950570.128
57 86 3517220.703
57 87 7110496.334
57 88 9810680.303
57 89 4710294.587
57 90 8417227.615
57 91 6770862.751
57 92 1692101.607
57 93 4913129.646
57 94 9216903.423
57 95 645917.2635
57 96 5821345.913
57 97 10221511.68
57 98 8265915.301
57 99 1494648.866
58 59 4838968.14
58 60 3506045.17
58 61 6171943.139
58 62 2733110.919
58 63 487477.5106
58 64 5086255.623
58 65 5088602.456
58 66 7331644.008
58 67 3519894.494
58 68 160173.9961
58 69 1001726.289
58 70 3076309.263
58 71 4938295.46
58 72 4863798.334
58 73 7289079.995
58 74 4852814.47
58 75 3445655.478
58 76 4117543.519
58 77 5727765.064
58 78 4124928.096
58 79 4428129.321
58 80 5087849.869
58 81 3829586.944
58 82 5055988.277
58 83 2902688.804
58 84 2656766.379
58 85 3597933.262
58 86 3996463.635
58 87 3334007.212
58 88 4183393.678
58 89 5549621.038
58 90 2008780.087
58 91 2544589.247
58 92 4765232.393
58 93 6253896.516
58 94 5194775.61
58 95 5942486.109
58 96 5403818.59
58 97 6265276.79
58 98 2436658.853
58 99 5293102.201
59 60 4209207.589
59 61 4903750.386
59 62 7290862.63
59 63 5204865.99
59 64 4439878.663
59 65 5553330.003
59 66 2588797.613
59 67 4965291.497
59 68 4942326.943
59 69 5754124.657
59 70 1898407.479
59 71 4404086.3
59 72 6037149.3
59 73 6987856.817
59 74 6931865.711
59 75 3647779.375
59 76 5335674.817
59 77 888823.2298
59 78 7823027.452
59 79 5531796.63
59 80 2691626.749
59 81 3629625.584
59 82 5543141.953
59 83 7741656.879
59 84 5637646.999
59 85 8433231.001
59 86 3296049.078
59 87 5018294.052
59 88 7799202.663
59 89 5173156.484
59 90 6675716.837
59 91 5837390.069
59 92 1176108.198
59 93 5622426.588
59 94 7111289.831
59 95 1965980.447
59 96 3883333.554
59 97 8118508.1
59 98 6975657.156
59 99 611963.4396
60 61 2722761.809
60 62 6089698.756
60 63 3979394.171
60 64 1621035.694
60 65 7689991.748
60 66 6639337.478
60 67 790089.234
60 68 3664926.73
60 69 4390161.269
60 70 3719889.795
60 71 1468214.105
60 72 1922651.466
60 73 3863237.796
60 74 2723084.477
60 75 561884.8643
60 76 1145345.164
60 77 4883538.541
60 78 4042547.19
60 79 7233568.231
60 80 6144400.614
60 81 5852365.719
60 82 7663789.699
60 83 5613760.16
60 84 2019591.67
60 85 6108611.507
60 86 1122182.407
60 87 6228049.205
60 88 7687534.087
60 89 2045950.362
60 90 5344845.465
60 91 2338030.392
60 92 3307471.967
60 93 2749914.513
60 94 8380187.305
60 95 3991676.933
60 96 7031656.875
60 97 9486147.076
60 98 4162727.01
60 99 4259864.972
61 62 8806529.205
61 63 6655101.145
61 64 1101727.872
61 65 9724455.841
61 66 6613175.175
61 67 3095968.788
61 68 6332107.833
61 69 7093388.231
61 70 5433228.347
61 71 1254668.391
61 72 2773840.188
61 73 2146538.922
61 74 3983230.482
61 75 2733102.291
61 76 2783180.517
61 77 5160352.349
61 78 6152449.056
61 79 9407951.034
61 80 7468376.543
61 81 7752434.309
61 82 9703482.404
61 83 8306479.388
61 84 4548424.713
61 85 8762446.266
61 86 2301529.148
61 87 8509452.404
61 88 10321925.25
61 89 1034919.423
61 90 8061009.015
61 91 4879149.521
61 92 3727792.516
61 93 884122.4219
61 94 10731196.95
61 95 3519096.187
61 96 8569938.258
61 97 11835972.11
61 98 6783993.532
61 99 4598431.825
62 63 2255698.546
62 64 7706793.478
62 65 5313778.737
62 66 9602168.925
62 67 5913634.063
62 68 2581144.476
62 69 1741049.514
62 70 5404175.001
62 71 7554956.328
62 72 7081856.822
62 73 9672052.437
62 74 6694097.827
62 75 6118606.445
62 76 6455398.695
62 77 8161926.85
62 78 4999662.653
62 79 4526384.707
62 80 6749335.505
62 81 5061357.016
62 82 5280032.939
62 83 1591760.01
62 84 4661604.626
62 85 2125466.001
62 86 6705683.638
62 87 3690599.662
62 88 2181668.15
62 89 8086421.911
62 90 745673.8739
62 91 4398841.254
62 92 7406974.249
62 93 8782873.939
62 94 4365268.274
62 95 8609873.82
62 96 6589820.286
62 97 5170311.906
62 98 2889922.884
62 99 7812314.476
63 64 5567180.414
63 65 4933270.385
63 66 7654369.735
63 67 3958130.917
63 68 329232.7962
63 69 553864.4445
63 70 3387671.323
63 71 5418616.046
63 72 5276189.252
63 73 7738136.723
63 74 5191101.933
63 75 3931143.954
63 76 4548563.541
63 77 6091691.004
63 78 4252133.758
63 79 4234118.666
63 80 5238685.972
63 81 3851983.806
63 82 4899768.863
63 83 2569198.689
63 84 2995296.437
63 85 3282486.291
63 86 4483904.246
63 87 3147770.751
63 88 3720824.53
63 89 6019649.262
63 90 1542830.937
63 91 2842524.391
63 92 5196245.042
63 93 6723716.375
63 94 4872571.379
63 95 6384970.981
63 96 5448062.519
63 97 5922464.6
63 98 2385819.605
63 99 5682292.38
64 65 8857798.446
64 66 6489078.144
64 67 2042301.607
64 68 5246276.926
64 69 5997606.495
64 70 4625871.863
64 71 153290.629
64 72 2070063.505
64 73 2643860.442
64 74 3263799.946
64 75 1670567.098
64 76 1831170.238
64 77 4871642.38
64 78 5230045.075
64 79 8490986.431
64 80 6834885.635
64 81 6918738.433
64 82 8834880.31
64 83 7213980.264
64 84 3489714.055
64 85 7682478.9
64 86 1371176.935
64 87 7551960.647
64 88 9250162.821
64 89 737205.5976
64 90 6961430.903
64 91 3820420.901
64 92 3305101.801
64 93 1317820.471
64 94 9757378.225
64 95 3470562.225
64 96 7871850.931
64 97 10864941.45
64 98 5711527.782
64 99 4261312.624
65 66 6614614.847
65 67 8078601.648
65 68 5014135.563
65 69 5112457.121
65 70 4304727.889
65 71 8748954.133
65 72 9490121.35
65 73 11459970.36
65 74 9779700.867
65 75 7317222.03
65 76 8673419.738
65 77 6063703.944
65 78 9183392.48
65 79 787396.0939
65 80 3198353.892
65 81 1995388.884
65 82 34455.62464
65 83 6737324.747
65 84 7648585.559
65 85 7387222.456
65 86 7488705.827
65 87 1793746.682
65 88 4108864.142
65 89 9532364.705
65 90 5262042.318
65 91 7594508.369
65 92 6470163.797
65 93 10175275.76
65 94 1984273.238
65 95 7508851.814
65 96 2189137.189
65 97 2720582.846
65 98 7255719.278
65 99 6149624.818
66 67 7421327.886
66 68 7419494.32
66 69 8189700.536
66 70 4266709.482
66 71 6497521.279
66 72 8340290.317
66 73 8757393.901
66 74 9341770.826
66 75 6082747.864
66 76 7716875.139
66 77 1771404.541
66 78 10395658.55
66 79 6883985.505
66 80 3436794.417
66 81 5105900.47
66 82 6617765.127
66 83 10219943.43
66 84 8205995.042
66 85 10925552.02
66 86 5607283.778
66 87 6732164.049
66 88 9744628.751
66 89 7171920.651
66 90 9050055.846
66 91 8416137.567
66 92 3335605.986
66 93 7455254.767
66 94 8489459.457
66 95 3094193.308
66 96 4473305.269
66 97 9334753.674
66 98 9546954.827
66 99 2383141.889
67 68 3670485.549
67 69 4291295.894
67 70 4313451.348
67 71 1896156.373
67 72 1413356.759
67 73 3785954.485
67 74 1981400.387
67 75 1338845.07
67 76 608630.1539
67 77 5661016.996
67 78 3304114.985
67 79 7565094.782
67 80 6772205.447
67 81 6323672.355
67 82 8050544.073
67 83 5244950.015
67 84 1452606.384
67 85 5673149.612
67 86 1901330.445
67 87 6519651.428
67 88 7672116.204
67 89 2218575.019
67 90 5180592.173
67 91 1783458.68
67 92 4093134.207
67 93 2894007.357
67 94 8600622.268
67 95 4773256.556
67 96 7594877.29
67 97 9696991.493
67 98 3690170.274
67 99 5039598.309
68 69 858184.099
68 70 3157033.12
68 71 5098256.95
68 72 5007748.354
68 73 7442926.954
68 74 4975182.295
68 75 3605756.348
68 76 4266383.738
68 77 5830730.191
68 78 4180298.793
68 79 4341346.246
68 80 5112960.846
68 81 3809737.958
68 82 4981221.494
68 83 2803571.165
68 84 2777175.491
68 85 3506066.077
68 86 4155120.153
68 87 3247888.567
68 88 4025753.287
68 89 5707992.12
68 90 1861481.435
68 91 2651921.548
68 92 4894928.648
68 93 6412252.311
68 94 5071794.353
68 95 6077324.61
68 96 5393156.797
68 97 6137094.951
68 98 2429558.97
68 99 5405816.918
69 70 3924677.317
69 71 5847005.878
69 72 5553220.445
69 73 8076405.034
69 74 5353398.855
69 75 4388123.18
69 76 4863609.637
69 77 6640129.055
69 78 4158310.98
69 79 4376631.433
69 80 5687309.127
69 81 4215899.816
69 82 5078297.172
69 83 2053067.174
69 84 3189744.627
69 85 2772816.987
69 86 4966360.162
69 87 3319780.739
69 88 3402267.615
69 89 6413338.192
69 90 1008288.008
69 91 2987972.431
69 92 5748042.662
69 93 7115124.323
69 94 4831772.137
69 95 6933996.721
69 96 5816381.429
69 97 5839652.322
69 98 2144740.253
69 99 6235080.538
70 71 4531973.244
70 72 5637617.54
70 73 7264445.134
70 74 6254852.919
70 75 3239673.365
70 76 4835064.337
70 77 2758656.66
70 78 6588296.088
70 79 4069594.35
70 80 2469179.477
70 81 2320470.221
70 82 4285462.43
70 83 5953942.517
70 84 4506746.79
70 85 6661635.045
70 86 3259815.202
70 87 3341158.159
70 88 5944211.393
70 89 5332982.153
70 90 4809444.054
70 91 4621872.798
70 92 2344651.331
70 93 5938691.151
70 94 5544333.969
70 95 3532045.968
70 96 3314753.736
70 97 6613579.257
70 98 5388550.924
70 99 2458223.64
71 72 1990959.366
71 73 2732505.623
71 74 3171885.406
71 75 1531619.37
71 76 1706043.166
71 77 4860991.079
71 78 5100963.52
71 79 8373801.711
71 80 6766024.865
71 81 6816830.027
71 82 8725722.31
71 83 7061039.919
71 84 3341365.281
71 85 7530732.667
71 86 1272252.064
71 87 7428153.712
71 88 9104748.671
71 89 804632.2608
71 90 6809660.271
71 91 3671920.239
71 92 3282373.952
71 93 1428900.078
71 94 9629914.048
71 95 3502265.289
71 96 7791366.264
71 97 10737700.43
71 98 5560780.898
71 99 4246023.576
72 73 2641693.061
72 74 1215289.08
72 75 2446959.673
72 76 819291.6942
72 77 6630069.731
72 78 3464149.67
72 79 8978186.392
72 80 8066983.44
72 81 7716598.073
72 82 9462225.772
72 83 6201849.165
72 84 2422314.49
72 85 6515762.811
72 86 2752880.354
72 87 7930397.002
72 88 8955070.176
72 89 1739024.473
72 90 6372178.423
72 91 2705108.05
72 92 5025713.962
72 93 2191539.894
72 94 9995442.507
72 95 5443643.316
72 96 8944215.405
72 97 11087553.66
72 98 4551409.697
72 99 6002273.579
73 74 3504884.483
73 75 4154329.049
73 76 3218949.597
73 77 7295945.796
73 78 5934008.823
73 79 11054426.73
73 80 9465652.22
73 81 9543223.883
73 82 11435873.71
73 83 8842646.097
73 84 5039232.519
73 85 9152696.624
73 86 4004638.057
73 87 10074334.43
73 88 11456288.98
73 89 1933196.09
73 90 8948122.484
73 91 5335348.096
73 92 5819059.936
73 93 1366951.786
73 94 12241582.88
73 95 5664099.195
73 96 10514692.67
73 97 13348167.88
73 98 7192916.908
73 99 6721855.495
74 75 3284918.172
74 76 1627950.251
74 77 7596971.739
74 78 2429477.709
74 79 9196054.271
74 80 8722688.079
74 81 8143069.533
74 82 9749537.943
74 83 5597487.606
74 84 2198319.036
74 85 5797269.9
74 86 3740679.018
74 87 8114473.742
74 88 8713936.134
74 89 2949867.198
74 90 6036077.736
74 91 2365708.979
74 92 6006379.094
74 93 3347962.111
74 94 10046710.73
74 95 6545360.276
74 96 9493715.135
74 97 11110072.35
74 98 3932425.231
74 99 6970704.671
75 76 1696165.61
75 77 4324238.019
75 78 4514545.533
75 79 6900098.033
75 80 5632929.963
75 81 5435361.904
75 82 7292318.804
75 83 5786892.479
75 84 2407403.497
75 85 6326248.407
75 86 684510.3678
75 87 5927613.886
75 88 7589155.634
75 89 2250981.868
75 90 5373910.823
75 91 2705008.776
75 92 2754784.352
75 93 2934433.098
75 94 8115255.677
75 95 3492560.856
75 96 6553886.78
75 97 9223253.031
75 98 4429651.486
75 99 3701653.487
76 77 5977774.955
76 78 3400102.707
76 79 8167818.454
76 80 7276620.295
76 81 6897743.312
76 82 8645672.277
76 83 5703012.861
76 84 1868679.898
76 85 6086563.068
76 86 2112906.636
76 87 7125557.786
76 88 8254834.895
76 89 1813377.695
76 90 5729513.375
76 91 2187369.459
76 92 4382543.303
76 93 2440026.401
76 94 9209229.979
76 95 4931430.439
76 96 8135671.374
76 97 10305421.7
76 98 4098960.181
76 99 5350484.337
77 78 8628939.626
77 79 6135762.617
77 80 2978656.519
77 81 4236610.525
77 82 6057709.765
77 83 8630451.508
77 84 6438529.416
77 85 9321937.164
77 86 3880306.535
77 87 5728045.156
77 88 8591984.891
77 89 5584077.436
77 90 7555538.526
77 91 6653774.257
77 92 1604548.368
77 93 5950214.678
77 94 7740535.732
77 95 1790601.283
77 96 4185866.805
77 97 8706550.703
77 98 7849742.644
77 99 628114.6409
78 79 8484777.086
78 80 8955196.468
78 81 7918773.795
78 82 9150050.74
78 83 3603829.497
78 84 2190672.83
78 85 3610267.399
78 86 5159443.894
78 87 7399902.11
78 88 7165798.491
78 89 5136337.437
78 90 4491513.164
78 91 1991755.218
78 92 7170699.716
78 93 5653025.323
78 94 8973575.177
78 95 8006448.35
78 96 9453743.641
78 97 9945353.124
78 98 2128975.72
78 99 8040865.03
79 80 3451107.328
79 81 1905209.211
79 82 753693.0469
79 83 5956466.917
79 84 7035871.168
79 85 6602418.849
79 86 7133819.817
79 87 1094122.335
79 88 3393685.434
79 89 9140778.855
79 90 4484075.219
79 91 6960427.962
79 92 6344000.679
79 93 9802543.596
79 94 1615034.922
79 95 7448042.632
79 96 2638082.865
79 97 2587142.536
79 98 6521209.211
79 99 6141184.302
80 81 1782194.155
80 82 3198793.932
80 83 7715950.57
80 84 6939868.278
80 85 8436912.604
80 86 5525073.952
80 87 3423411.125
80 88 6480109.419
80 89 7567925.408
80 90 6344157.357
80 91 7027761.667
80 92 3812211.032
80 93 8104746.426
80 94 5053004.228
80 95 4621721.322
80 96 1210417.652
80 97 5911133.986
80 98 7521061.8
80 99 3212283.496
81 82 1978518.952
81 83 6166659.388
81 84 6121228.621
81 85 6878493.981
81 86 5547637.769
81 87 1646456.267
81 88 4700705.222
81 89 7610350.558
81 90 4732721.778
81 91 6130964.826
81 92 4487247.511
81 93 8235854.147
81 94 3503979.238
81 95 5559486.895
81 96 1600599.042
81 97 4489826.046
81 98 6229518.64
81 99 4237775.98
82 83 6702990.014
82 84 7617444.734
82 85 7353050.305
82 86 7466034.69
82 87 1759731.331
82 88 4080364.043
82 89 9508622.482
82 90 5227653.085
82 91 7562763.479
82 92 6455998.487
82 93 10152271.32
82 94 1968948.846
82 95 7497610.724
82 96 2198267.708
82 97 2717001.539
82 98 7221620.629
82 99 6140205.592
83 84 3834432.995
83 85 721692.9274
83 86 6442938.526
83 87 5014349.099
83 88 3738568.866
83 89 7463160.473
83 90 1480926.191
83 91 3520549.631
83 92 7613955.884
83 93 8129564.109
83 94 5941531.836
83 95 8755104.674
83 96 7754844.911
83 97 6762067.613
83 98 1668445.658
83 99 8189671.514
84 85 4230107.849
84 86 3082861.197
84 87 5947178.545
84 88 6582719.555
84 89 3648541.726
84 90 3958766.164
84 91 330939.448
84 92 4988136.422
84 93 4301449.55
84 94 7848950.985
84 95 5869211.709
84 96 7568104.677
84 97 8911877.863
84 98 2243082.799
84 99 5850451.246
85 86 6994957.699
85 87 5689257.513
85 88 4150911.689
85 89 7878630.775
85 90 2164849.408
85 91 3903665.057
85 92 8268195.172
85 93 8526175.484
85 94 6483328.627
85 95 9392242.505
85 96 8462886.259
85 97 7244103.532
85 98 1988092.043
85 99 8869837.768
86 87 6214488.347
86 88 8078561.261
86 89 2073720.499
86 90 5964451.509
86 91 3385067.592
86 92 2277870.895
86 93 2688766.07
86 94 8432269.576
86 95 2871995.283
86 96 6528613.555
86 97 9537963.637
86 98 5110320.846
86 99 3252199.411
87 88 3056807.503
87 89 8177771.823
87 90 3533502.513
87 91 5867652.335
87 92 5680735.238
87 93 8852634.992
87 94 2232024.903
87 95 6844816.304
87 96 2968243.341
87 97 3329873.495
87 98 5462232.298
87 99 5628198.526
88 89 9732418.94
88 90 2705120.715
88 91 6361166.507
88 92 8225103.089
88 93 10436686.58
88 94 2563316.037
88 95 9440530.383
88 96 5937167.394
88 97 3130329.186
88 98 5042029.122
88 99 8387419.683
89 90 7345491.293
89 91 3975464.125
89 92 4031192.668
89 93 704279.5116
89 94 10365330.46
89 95 4116874.067
89 96 8595997.767
89 97 11473271.11
89 98 5891172.056
89 99 4979534.482
90 91 3709414.826
90 92 6730226.641
90 93 8043053.961
90 94 4589019.885
90 95 7924305.449
90 96 6307400.192
90 97 5493762.826
90 98 2362887.295
90 99 7178309.363
91 92 5232792.307
91 93 4624322.908
91 94 7713497.5
91 95 6144296.224
91 96 7609259.575
91 97 8764447.955
91 98 1915795.296
91 99 6074892.381
92 93 4455635.094
92 94 7865484.555
92 95 1219134.471
92 96 4974779.219
92 97 8917563.577
92 98 6622266.177
92 99 977422.7077
93 94 11048437.59
93 95 4363785.323
93 96 9164803.696
93 97 12156435.36
93 98 6538269.011
93 99 5367801.11
94 95 9000726.957
94 96 4150898.606
94 97 1108007.701
94 98 6883996.05
94 99 7722732.661
95 96 5826774.702
95 97 10033122.37
95 98 7673448.649
95 99 1409497.12
96 97 4896045.518
96 98 7819367.773
96 99 4418090.989
97 98 7833362.769
97 99 8727410.039
98 99 7335133.584
