4950
0 1 5279244.84
0 2 9605178.809
0 3 5128197.275
0 4 4717193.342
0 5 6095020.381
0 6 5196473.45
0 7 2052040.018
0 8 6161676.444
0 9 4469725.601
0 10 7704180.315
0 11 4091654.922
0 12 7980222.722
0 13 6526136.733
0 14 8749350.791
0 15 3978670.358
0 16 9266704.867
0 17 6145819.702
0 18 5629695.286
0 19 7878100.469
0 20 2582041.126
0 21 6187509.385
0 22 4951229.695
0 23 6652086.714
0 24 1685076.411
0 25 10554145.43
0 26 7448310.211
0 27 11421286.15
0 28 9154338.229
0 29 7408513.723
0 30 7803344.94
0 31 5571731.169
0 32 8804451.251
0 33 9733743.441
0 34 7705883.565
0 35 12011964.6
0 36 6244099.652
0 37 9717601.247
0 38 9312624.283
0 39 10691424.28
0 40 7863144.414
0 41 9479380.537
0 42 9053401.145
0 43 6742849.266
0 44 11067234.13
0 45 1160617.519
0 46 2231405.872
0 47 6091049.392
0 48 5944330.651
0 49 10311412.56
0 50 8027872.658
0 51 8026931.99
0 52 5591712.259
0 53 2310550.582
0 54 9928311.516
0 55 2173711.075
0 56 8876835.935
0 57 8664506.965
0 58 7278840.11
0 59 1586127.69
0 60 4935367.097
0 61 8793640.395
0 62 6055758.823
0 63 8705697.366
0 64 9747790.977
0 65 4924853.607
0 66 7716944.251
0 67 3340952.27
0 68 7472521.1
0 69 9363946.237
0 70 9478045.413
0 71 3748756.553
0 72 5751420.977
0 73 4752241.573
0 74 8827593.651
0 75 2196030.982
0 76 8047977.629
0 77 9771682.43
0 78 9482952.433
0 79 3849901.74
0 80 10756850.65
0 81 8258479.26
0 82 9043494.5
0 83 9405610.457
0 84 10276981.06
0 85 5291035.425
0 86 9951562.886
0 87 8357320.153
0 88 2670152.878
0 89 610880.4133
0 90 7395993.394
0 91 8967586.965
0 92 4997326.118
0 93 7435165.075
0 94 3530706.408
0 95 2338179.304
0 96 9954333.087
0 97 7854655.64
0 98 7815578.113
0 99 5849501.555
1 2 5898915.732
1 3 2799345.768
1 4 2189931.153
1 5 1620934.073
1 6 1915697.514
1 7 3228598.597
1 8 3434315.48
1 9 1311046.993
1 10 2768064.055
1 11 2174913.307
1 12 2734576.815
1 13 1343339.926
1 14 4777994.176
1 15 3070784.82
1 16 4224502.95
1 17 1384907.197
1 18 2009313.813
1 19 4596953.216
1 20 3565493.303
1 21 2563228
1 22 4404657.568
1 23 2613089.841
1 24 4661899.561
1 25 5386263.748
1 26 3757420.21
1 27 6313747.857
1 28 4094931.24
1 29 2322417.259
1 30 4750732.686
1 31 1825313.035
1 32 6225095.832
1 33 5111764.847
1 34 2537136.658
1 35 6733269.806
1 36 2651631.832
1 37 5090644.759
1 38 5378317.645
1 39 5911979.33
1 40 3494469.951
1 41 4872670.705
1 42 4981242.112
1 43 3297098.671
1 44 5943158.558
1 45 5153031.231
1 46 3523761.567
1 47 4513625.296
1 48 3581728.323
1 49 5560101.995
1 50 3967684.826
1 51 5079573.216
1 52 2150151.168
1 53 3153390.278
1 54 4676715.985
1 55 3120376.762
1 56 5294389.492
1 57 6568534.78
1 58 3479838.172
1 59 4376655.619
1 60 428324.3274
1 61 3958996.886
1 62 1741617.155
1 63 5988784
1 64 5292817.574
1 65 495172.4628
1 66 4921869.112
1 67 3051866.45
1 68 3164429.265
1 69 4092982.233
1 70 4441630.308
1 71 2621221.302
1 72 4173598.881
1 73 2002921.375
1 74 4320275.32
1 75 3630655.781
1 76 5052742.937
1 77 4695947.499
1 78 4259568.912
1 79 2218419.945
1 80 5690565.288
1 81 5451969.584
1 82 7123357.212
1 83 4146625.321
1 84 5011675.462
1 85 456977.867
1 86 4746655.321
1 87 3466511.646
1 88 3050377.821
1 89 5667387.914
1 90 2595639.121
1 91 4086822.782
1 92 3275465.419
1 93 5890028.77
1 94 2191856.167
1 95 3512098.762
1 96 5193367.226
1 97 5250670.175
1 98 3002276.786
1 99 2187633.247
2 3 8670482.272
2 4 8088226.202
2 5 4288247.685
2 6 4636293.775
2 7 7918424.966
2 8 9116287.801
2 9 5641190.727
2 10 3628288.938
2 11 8017225.614
2 12 4666981.1
2 13 5958943.797
2 14 9300338.562
2 15 8916982.88
2 16 3497479.536
2 17 4520143.636
2 18 4253268.796
2 19 1741681.9
2 20 7032204.262
2 21 8103441.313
2 22 5138283.845
2 23 7874276.043
2 24 9821417.04
2 25 4349818.498
2 26 8856480.182
2 27 4374552.753
2 28 3572395.513
2 29 4164137.855
2 30 1892625.984
2 31 7560499.754
2 32 11467093.83
2 33 2120142.854
2 34 6098887.779
2 35 6614129.454
2 36 8178676.129
2 37 8585553.349
2 38 9761406.032
2 39 2777301.541
2 40 8047902.364
2 41 8489447.287
2 42 1053125.306
2 43 8699493.459
2 44 7670817.539
2 45 10064251.07
2 46 8802927.903
2 47 3940449.542
2 48 9342397.894
2 49 2570683.039
2 50 8672607.692
2 51 10322186.12
2 52 4216970.185
2 53 7400270.252
2 54 6162056.317
2 55 7743871.854
2 56 10040514.43
2 57 2777820.569
2 58 8590196.247
2 59 8085015.113
2 60 5863485.279
2 61 7532499.153
2 62 4195303.904
2 63 1798079.241
2 64 9014352.604
2 65 5798859.324
2 66 10277646.31
2 67 6264236.421
2 68 2752226.996
2 69 5682152.848
2 70 7221220.909
2 71 5880099.809
2 72 4131347.853
2 73 7900650.015
2 74 8326923.109
2 75 7409147.853
2 76 10273277.18
2 77 3665327.894
2 78 4480368.566
2 79 8001895.504
2 80 7776357.734
2 81 10701317.23
2 82 3157879.716
2 83 5884011.307
2 84 5154198.611
2 85 5505222.962
2 86 4427555.693
2 87 7182263.754
2 88 6974701.766
2 89 10180126.73
2 90 7013722.647
2 91 2974902.755
2 92 9165830.341
2 93 3553881.062
2 94 6264299.483
2 95 7267472.474
2 96 8373888.624
2 97 10639823.99
2 98 7148144.056
2 99 4011998.995
3 4 704977.1413
3 5 4417377.358
3 6 4544105.106
3 7 3580668.144
3 8 1066114.19
3 9 3597345.278
3 10 5294425.659
3 11 1241510.067
3 12 4783731.284
3 13 2978935.486
3 14 3640390.134
3 15 1195605.19
3 16 6497864.397
3 17 4154527.991
3 18 4743559.052
3 19 7393994.122
3 20 4799696.75
3 21 1260600.01
3 22 6616945.248
3 23 1807058.618
3 24 3735595.913
3 25 7362299.29
3 26 2340277.294
3 27 8345696.987
3 28 6358001.11
3 29 4763773.401
3 30 7538629.376
3 31 1205799.281
3 32 3980563.082
3 33 7657433.868
3 34 3710054.292
3 35 8030047.247
3 36 1278535.509
3 37 4788853.02
3 38 4189864.93
3 39 8319856.999
3 40 2955614.492
3 41 4553732.732
3 42 7717064.89
3 43 1634797.741
3 44 6545050.885
3 45 4406660.014
3 46 2897814.638
3 47 7044179.461
3 48 970554.2387
3 49 8005572.658
3 50 2970803.564
3 51 3007114.283
3 52 4862891.732
3 53 3998612.255
3 54 5852872.047
3 55 3613481.469
3 56 3754624.303
3 57 9298897.54
3 58 2205910.088
3 59 5071826.472
3 60 2950591.072
3 61 4103450.724
3 62 4540950.221
3 63 8771478.643
3 64 4733115.734
3 65 3033412.185
3 66 2732611.481
3 67 4723449.158
3 68 5919841.681
3 69 5478850.573
3 70 4944313.871
3 71 4522879.183
3 72 6669198.565
3 73 854871.7461
3 74 3893949.529
3 75 4604355.273
3 76 3014011.824
3 77 6885353.578
3 78 6186865.206
3 79 1473912.268
3 80 6160910.214
3 81 3303057.207
3 82 9843139.438
3 83 5427451.546
3 84 6678435.414
3 85 3233571.464
3 86 6683035.942
3 87 3786719.655
3 88 4230997.884
3 89 5225080.29
3 90 2931967.067
3 91 6531804.349
3 92 535581.7438
3 93 8505645.277
3 94 3859878.249
3 95 4564025.345
3 96 5098563.465
3 97 2961741.767
3 98 3262186.153
3 99 4946691.468
4 5 3808708.174
4 6 3862434.718
4 7 3013790.264
4 8 1690544.713
4 9 2899783.37
4 10 4814552.514
4 11 641911.8167
4 12 4429593.29
4 13 2615770.505
4 14 4050975.136
4 15 1102742.007
4 16 6110392.887
4 17 3569681.733
4 18 4080446.102
4 19 6758789.425
4 20 4150030.795
4 21 1470551.021
4 22 5913235.148
4 23 1955018.65
4 24 3478890.618
4 25 7071072.296
4 26 2759757.321
4 27 8046749.538
4 28 5972136.022
4 29 4302656.611
4 30 6891143.026
4 31 980037.4402
4 32 4645129.886
4 33 7186639.234
4 34 3524819.696
4 35 7931283.531
4 36 1527275.461
4 37 5027864.325
4 38 4630332.248
4 39 7901807.938
4 40 3167220.785
4 41 4789500.357
4 42 7159628.459
4 43 2067060.932
4 44 6601937.925
4 45 4123453.216
4 46 2504316.23
4 47 6344130.028
4 48 1660657.002
4 49 7572930.883
4 50 3312100.901
4 51 3626068.497
4 52 4193522.353
4 53 3375049.021
4 54 5750567.923
4 55 3025070.5
4 56 4268175.239
4 57 8622153.764
4 58 2570406.045
4 59 4498434.938
4 60 2292143.866
4 61 4202918.057
4 62 3920910.471
4 63 8118052.855
4 64 5034531.813
4 65 2371706.264
4 66 3371348.723
4 67 4035628.429
4 68 5347876.748
4 69 5313987.885
4 70 4986488.756
4 71 3822316.473
4 72 5967831.648
4 73 188682.1671
4 74 4131330.272
4 75 3980978.373
4 76 3625677.219
4 77 6527066.692
4 78 5894350.333
4 79 891872.8092
4 80 6243103.624
4 81 3942987.948
4 82 9163050.426
4 83 5288008.185
4 84 6463971.086
4 85 2603001.546
4 86 6395139.297
4 87 3823824.073
4 88 3575418.941
4 89 4885405.629
4 90 2895601.618
4 91 6090341.993
4 92 1098255.033
4 93 7810388.537
4 94 3162469.898
4 95 3930143.683
4 96 5295151.573
4 97 3623908.131
4 98 3278299.428
4 99 4290477.605
5 6 1123514.646
5 7 4116033.645
5 8 4987160.705
5 9 1635446.566
5 10 1629943.374
5 11 3734776.301
5 12 2270578.535
5 13 2132901.699
5 14 5884521.407
5 15 4635987.386
5 16 3191919.066
5 17 356243.1928
5 18 829926.6671
5 19 2996015.248
5 20 3842560.747
5 21 4039499.648
5 22 3642781.187
5 23 3954566.869
5 24 5855490.071
5 25 4532699.134
5 26 5068622.378
5 27 5348914.629
5 28 3088655.363
5 29 1472692.679
5 30 3173419.193
5 31 3380846.096
5 32 7643053.263
5 33 3725853.277
5 34 2956475.056
5 35 6314294.891
5 36 4123893.332
5 37 5800105.254
5 38 6452551.352
5 39 4631430.509
5 40 4547073.086
5 41 5616219.367
5 42 3403853.732
5 43 4728515.592
5 44 6056869.758
5 45 6236875.931
5 46 4751419.373
5 47 3349805.679
5 48 5165929.927
5 49 4257359.026
5 50 5115270.252
5 51 6481511.923
5 52 991834.5737
5 53 3790741.935
5 54 4555348.463
5 55 3963060.926
5 56 6507893.032
5 57 5069726.652
5 58 4786127.673
5 59 4855853.783
5 60 1585763.897
5 61 4608009.416
5 62 180702.4449
5 63 4415205.186
5 64 6103884.11
5 65 1528472.226
5 66 6364915.868
5 67 3109681.616
5 68 1589682.978
5 69 3908537.628
5 70 4804438.317
5 71 2601151.429
5 72 3086245.248
5 73 3622446.264
5 74 5187430.581
5 75 4072867.179
5 76 6445690.41
5 77 3702768.213
5 78 3575199.215
5 79 3734096.091
5 80 5910457.218
5 81 6862348.037
5 82 5633153.038
5 83 4034183.013
5 84 4461839.21
5 85 1217171.806
5 86 3991120.169
5 87 4125318.787
5 88 3497934.378
5 89 6581730.015
5 90 3498539.73
5 91 2873330.924
5 92 4896381.148
5 93 4551489.264
5 94 2579262.286
5 95 3928949.279
5 96 5786287.67
5 97 6710752.92
5 98 3813938.502
5 99 841054.0336
6 7 3331480.269
6 8 5304244.789
6 9 1040893.665
6 10 2698737.833
6 11 3603104.702
6 12 3390196.662
6 13 2932364.69
6 14 6627435.355
6 15 4465821.619
6 16 4232888.198
6 17 1380295.29
6 18 433438.319
6 19 3055211.435
6 20 2800807.836
6 21 4475087.069
6 22 2622226.758
6 23 4519836.933
6 24 5198946.935
6 25 5601904.539
6 26 5663881.171
6 27 6375097.588
6 28 4140946.823
6 29 2594858.479
6 30 3121115.585
6 31 3715355.834
6 32 8138184.596
6 33 4538673.456
6 34 3934841.269
6 35 7434852.231
6 36 4563795.709
6 37 6732731.604
6 38 7217916.654
6 39 5507307.896
6 40 5309567.611
6 41 6534128.847
6 42 3926329.491
6 43 5212182.122
6 44 7147196.047
6 45 5489381.83
6 46 4166645.092
6 47 2598086.214
6 48 5412965.058
6 49 5125806.714
6 50 5827583.81
6 51 6994861.688
6 52 420461.5758
6 53 2893860.189
6 54 5666961.821
6 55 3162694.766
6 56 7183160.305
6 57 4760508.59
6 58 5384202.974
6 59 3848260.34
6 60 1622012.286
6 61 5549629.831
6 62 999052.6293
6 63 4308800.697
6 64 6998326.67
6 65 1534383.684
6 66 6832902.291
6 67 2035991.879
6 68 2276091.811
6 69 5022060.18
6 70 5834745.271
6 71 1534833.369
6 72 2263159.565
6 73 3693446.87
6 74 6049258.817
6 75 3077769.791
6 76 6968349.045
6 77 4745059.583
6 78 4685220.189
6 79 3527254.31
6 80 6981591.658
6 81 7366482.129
6 82 5300662.005
6 83 5141637.6
6 84 5578998.675
6 85 1471693.996
6 86 5086908.185
6 87 5055796.997
6 88 2535103.811
6 89 5723629.28
6 90 4316651.99
6 91 3846344.398
6 92 4952787.552
6 93 3991107.932
6 94 1685557.142
6 95 2930649.217
6 96 6759850.914
6 97 7157386.456
6 98 4679106.631
6 99 658180.0788
7 8 4646009.702
7 9 2480816.305
7 10 5697585.38
7 11 2375485.351
7 12 5930076.208
7 13 4493483.531
7 14 7038858.079
7 15 2645263.102
7 16 7252998.211
7 17 4133486.266
7 18 3754002.122
7 19 6246532.677
7 20 1488322.893
7 21 4432262.402
7 22 3931369.525
7 23 4835540.755
7 24 1932527.734
7 25 8519586.917
7 26 5762619.35
7 27 9401061.323
7 28 7136791.783
7 29 5376705.468
7 30 6231771.426
7 31 3724898.539
7 32 7520921.736
7 33 7814835.277
7 34 5683118.097
7 35 9961867.387
7 36 4501600.803
7 37 7847696.682
7 38 7628282.868
7 39 8744191.48
7 40 6022181.533
7 41 7611686.593
7 42 7256127.403
7 43 5078308.605
7 44 9068074.684
7 45 2157990.259
7 46 1175816.771
7 47 4844018.812
7 48 4515747.831
7 49 8367897.892
7 50 6269971.692
7 51 6587355.663
7 52 3747429.024
7 53 654115.4171
7 54 7888920.449
7 55 177108.9593
7 56 7281923.309
7 57 7434719.869
7 58 5555911.847
7 59 1491242.364
7 60 2884117.159
7 61 6857906.552
7 62 4097408.244
7 63 7277648.712
7 64 7925542.93
7 65 2875489.597
7 66 6307438.51
7 67 1900839.46
7 68 5576769.217
7 69 7317596.921
7 70 7497016.424
7 71 2106839.582
7 72 4461193.048
7 73 2993781.648
7 74 6975232.628
7 75 1145517.184
7 76 6594679.888
7 77 7753518.223
7 78 7437032.54
7 79 2127324.392
7 80 8773547.359
7 81 6875172.973
7 82 7890754.523
7 83 7363474.164
7 84 8225555.621
7 85 3244557.914
7 86 7909224.045
7 87 6402660.712
7 88 1107710.599
7 89 2479444.29
7 90 5445734.798
7 91 6983894.11
7 92 3629998.827
7 93 6322366.306
7 94 1656763.145
7 95 1171439.627
7 96 8050664.697
7 97 6514253.109
7 98 5870582.31
7 99 3988187.906
8 9 4437825.593
8 10 5584425.181
8 11 2291129.36
8 12 4872263.676
8 13 3191124.445
8 14 2694547.206
8 15 2186862.612
8 16 6594238.68
8 17 4681546.78
8 18 5441572.728
8 19 7981296.184
8 20 5838692.824
8 21 1036172.386
8 22 7540398.183
8 23 1447015.88
8 24 4703257.181
8 25 7280775.416
8 26 1442090.157
8 27 8262084.463
8 28 6454559.636
8 29 5036171.251
8 30 8158566.664
8 31 1611911.631
8 32 2959465.181
8 33 7884615.459
8 34 3587057.882
8 35 7642441.099
8 36 975733.0295
8 37 4011790.747
8 38 3205077.292
8 39 8441016.59
8 40 2302209.973
8 41 3786995.545
8 42 8117267.491
8 43 821402.5355
8 44 5964221.476
8 45 5381267.477
8 46 3938666.853
8 47 7870060.071
8 48 365698.4727
8 49 8157214.768
8 50 2134095.157
8 51 1944617.238
8 52 5577736.332
8 53 5051640.482
8 54 5511749.11
8 55 4676130.918
8 56 2717473.282
8 57 10002696.53
8 58 1403356.25
8 59 6137247.995
8 60 3682235.412
8 61 3535760.334
8 62 5133202.339
8 63 9400189.443
8 64 3882993.96
8 65 3769948.357
8 66 1681228.364
8 67 5715307.743
8 68 6376950.732
8 69 5242310.734
8 70 4423045.564
8 71 5475502.878
8 72 7507031.542
8 73 1783318.887
8 74 3147905.368
8 75 5657967.335
8 76 1949426.058
8 77 6923982.144
8 78 6131224.355
8 79 2530890.223
8 80 5553599.482
8 81 2252989.417
8 82 10557647.38
8 83 5154022.28
8 84 6487668.869
8 85 3890459.42
8 86 6608825.367
8 87 3325622.286
8 88 5265188.456
8 89 6224688.127
8 90 2651998.156
8 91 6723070.506
8 92 1205184.986
8 93 9295114.432
8 94 4828191.592
8 95 5612710.886
8 96 4366686.571
8 97 1938932.477
8 98 2870559.69
8 99 5621661.086
9 10 3234502.816
9 11 2585154.533
9 12 3618202.204
9 13 2607306.658
9 14 6062027.25
9 15 3433504.283
9 16 4797696.76
9 17 1680333.417
9 18 1388392.368
9 19 4092439.551
9 20 2379852.246
9 21 3706740.023
9 22 3153911.848
9 23 3849704.465
9 24 4258473.06
9 25 6101581.902
9 26 4983072.566
9 27 6953689.721
9 28 4686726.568
9 29 2961976.436
9 30 4161986.304
9 31 2909951.887
9 32 7343995.163
9 33 5343032.853
9 34 3763599.788
9 35 7717274.889
9 36 3795395.005
9 37 6397462.362
9 38 6665649.553
9 39 6264099.245
9 40 4796563.221
9 41 6181138.237
9 42 4875609.79
9 43 4455780.419
9 44 7136885.695
9 45 4610734.755
9 46 3185027.274
9 47 3448023.023
9 48 4507051.807
9 49 5888491.179
9 50 5248755.103
9 51 6226303.079
9 52 1441839.919
9 53 2179725.6
9 54 5772603.843
9 55 2327729.708
9 56 6543076.257
9 57 5761057.843
9 58 4712941.486
9 59 3313498.131
9 60 894004.5224
9 61 5255206.636
9 62 1620482.798
9 63 5344933.28
9 64 6603827.753
9 65 817477.2969
9 66 6034999.437
9 67 1774636.117
9 68 3129223.179
9 69 5152644.899
9 70 5689674.449
9 71 1317896.472
9 72 3076490.257
9 73 2742645.653
9 74 5631286.23
9 75 2532748.078
9 76 6206882.694
9 77 5303953.847
9 78 5069230.038
9 79 2495409.32
9 80 6913442.736
9 81 6586662.446
9 82 6291057.415
9 83 5237103.28
9 84 5909894.082
9 85 1025143.439
9 86 5519997.677
9 87 4760165.366
9 88 1941591.295
9 89 4947780.927
9 90 3905343.602
9 91 4506409.171
9 92 3972322.734
9 93 4910923.872
9 94 1011438.176
9 95 2396874.26
9 96 6489039.051
9 97 6341316.19
9 98 4308659.973
9 99 1629347.069
10 11 4920889.701
10 12 1160201.588
10 13 2393304.596
10 14 5709928.342
10 15 5800683.627
10 16 1564755.701
10 17 1564277.09
10 18 2312305.274
10 19 3001922.223
10 20 5468687.919
10 21 4552706.701
10 22 4946517.901
10 23 4274499.172
10 24 7351691.211
10 25 2907056.84
10 26 5229661.611
10 27 3722359.859
10 28 1458907.78
10 29 549299.459
10 30 3295700.944
10 31 4112880.904
10 32 7838844.06
10 33 2372093.89
10 34 2499767.007
10 35 4799819.594
10 36 4621723.721
10 37 5185484.632
10 38 6201483.025
10 39 3144665.018
10 40 4430995.246
10 41 5051125.709
10 42 2586390.101
10 43 5102455.63
10 44 4887222.964
10 45 7780287.177
10 46 6223492.711
10 47 4326788.286
10 48 5844253.781
10 49 2792263.761
10 50 5053881.011
10 51 6695310.292
10 52 2433739.973
10 53 5408791.608
10 54 3301210.195
10 55 5552175.548
10 56 6434172.618
10 57 5295459.879
10 58 4965275.44
10 59 6485793.818
10 60 2938286.596
10 61 4046664.271
10 62 1710561.837
10 63 4418181.651
10 64 5574017.552
10 65 2913225.615
10 66 6657598.18
10 67 4724840.249
10 68 1201257.199
10 69 2668977.355
10 70 3941175.559
10 71 4217790.579
10 72 4175789.941
10 73 4627911.075
10 74 4792208.034
10 75 5702775.112
10 76 6645857.26
10 77 2074074.672
10 78 2021713.539
10 79 4982699.564
10 80 4834041.068
10 81 7073880.46
10 82 5849921.548
10 83 2839133.411
10 84 2935326.423
10 85 2538011.524
10 86 2393811.03
10 87 3641945.832
10 88 5126729.614
10 89 8174702.706
10 90 3387347.528
10 91 1321998.334
10 92 5819797.639
10 93 5167648.37
10 94 4204408.079
10 95 5558892.614
10 96 5055886.112
10 97 7020805.735
10 98 3543156.595
10 99 2186417.565
11 12 4682099.657
11 13 2909083.76
11 14 4691154.105
11 15 901403.2059
11 16 6307730.026
11 17 3545376.839
11 18 3876521.974
11 19 6595957.413
11 20 3558265.997
11 21 2100559.049
11 22 5453538.086
11 23 2561996.724
11 24 2929429.617
11 25 7354185.344
11 26 3401448.97
11 27 8317031.376
11 28 6172494.285
11 29 4440924.175
11 30 6700063.532
11 31 1508303.026
11 32 5222022.971
11 33 7280052.408
11 34 3935843.43
11 35 8359544.97
11 36 2161441.694
11 37 5633010.86
11 38 5271844.673
11 39 8052714.776
11 40 3774686.745
11 41 5394565.702
11 42 7133810.857
11 43 2708756.559
11 44 7127364.912
11 45 3552310.918
11 46 1899091.303
11 47 5978196.081
11 48 2208840.353
11 49 7709300.869
11 50 3946042.205
11 51 4235373.43
11 52 3969735.84
11 53 2760731.209
11 54 6189116.315
11 55 2392616.248
11 56 4907241.092
11 57 8346195.741
11 58 3209328.955
11 59 3863048.358
11 60 2153749.134
11 61 4762504.741
11 62 3821926.618
11 63 7906948.271
11 64 5656177.9
11 65 2219690.49
11 66 3968980.031
11 67 3507533.003
11 68 5314854.103
11 69 5713489.693
11 70 5513715.344
11 71 3345528.53
11 72 5593816.752
11 73 661183.2713
11 74 4739740.305
11 75 3366994.572
11 76 4238495.343
11 77 6750683.737
11 78 6185740.54
11 79 249964.0304
11 80 6782477.639
11 81 4540339.904
11 82 8874936.992
11 83 5705648.882
11 84 6816143.379
11 85 2520419.52
11 86 6686235.651
11 87 4359469.825
11 88 2990520.865
11 89 4283884.729
11 90 3410452.712
11 91 6228041.694
11 92 1453044.384
11 93 7466804.567
11 94 2673023.335
11 95 3323809.059
11 96 5885603.197
11 97 4203206.845
11 98 3811576.779
11 99 4101993.559
12 13 1816611.716
12 14 4634101.396
12 15 5498970.653
12 16 1726272.173
12 17 2029592.811
12 18 3084473.484
12 19 4161721.292
12 20 5983866.897
12 21 3841664.316
12 22 5866242.824
12 23 3467762.764
12 24 7383199.695
12 25 2677166.894
12 26 4295393.475
12 27 3634946.817
12 28 1586086.33
12 29 854140.6406
12 30 4455778.843
12 31 3578687.738
12 32 6865733.699
12 33 3061786.039
12 34 1451655.422
12 35 4100975.08
12 36 3896978.643
12 37 4028439.627
12 38 5098121.639
12 39 3570225.012
12 40 3405720.611
12 41 3898977.744
12 42 3613859.951
12 43 4281110.062
12 44 3834295.656
12 45 7886886.591
12 46 6245826.119
12 47 5376407.39
12 48 5172742.985
12 49 3286287.939
12 50 4030503.459
12 51 5747789.141
12 52 3235663.534
12 53 5761979.388
12 54 2293110.781
12 55 5807365.906
12 56 5379724.48
12 57 6455538.529
12 58 4049204.25
12 59 6929908.565
12 60 3046473.631
12 61 2902797.261
12 62 2416998.808
12 63 5571511.358
12 64 4423340.362
12 65 3055394.471
12 66 5747024.09
12 67 5303749.196
12 68 2358295.578
12 69 1644597.405
12 70 2786359.39
12 71 4799656.426
12 72 5185771.912
12 73 4255082.509
12 74 3671139.031
12 75 6150656.944
12 76 5693278.57
12 77 2103043.962
12 78 1527295.977
12 79 4798829.737
12 80 3737525.401
12 81 6118601.341
12 82 7009478.69
12 83 1784264.846
12 84 2300844.578
12 85 2692520.085
12 86 2020387.042
12 87 2521400.307
12 88 5558979.58
12 89 8391415.1
12 90 2419713.005
12 91 1889107.112
12 92 5319311.855
12 93 6303025.826
12 94 4629617.688
12 95 6015067.923
12 96 3895859.967
12 97 6111203.99
12 98 2495354.939
12 99 3029524.602
13 14 3753363.758
13 15 3695122.309
13 16 3519834.545
13 17 1778022.552
13 18 2850028.488
13 19 4982599.271
13 20 4908579.104
13 21 2160190.181
13 22 5544725.195
13 23 1922862.425
13 24 5723448.07
13 25 4460141.508
13 26 2978850.143
13 27 5432794.373
13 28 3380159.903
13 29 1845172.363
13 30 5206894.938
13 31 1773728.385
13 32 5587016.588
13 33 4713426.309
13 34 1200053.669
13 35 5525188.052
13 36 2230640.854
13 37 3821312.755
13 38 4326751.676
13 39 5342174.944
13 40 2417067.739
13 41 3614788.243
13 42 4942434.062
13 43 2743173.242
13 44 4607237.135
13 45 6276829.371
13 46 4600969.306
13 47 5443556.487
13 48 3455310.137
13 49 5032538.253
13 50 2982846.439
13 51 4425808.956
13 52 3015954.699
13 53 4477196.568
13 54 3404323.889
13 55 4401895.555
13 56 4377947.937
13 57 7161808.107
13 58 2699468.175
13 59 5707832.506
13 60 1765928.753
13 61 2657322.142
13 62 2310307.496
13 63 6434713.368
13 64 4068791.351
13 65 1820762.937
13 66 4346593.473
13 67 4375690.58
13 68 3259054.231
13 69 2862674.702
13 70 3098825.927
13 71 3924583.396
13 72 5148377.029
13 73 2443998.641
13 74 3116899.87
13 75 4969740.167
13 76 4383899.411
13 77 3918632.276
13 78 3285714.163
13 79 3051170.004
13 80 4348074.407
13 81 4808346.32
13 82 7727533.951
13 83 2887274.298
13 84 3912229.356
13 85 1593821.972
13 86 3786883.874
13 87 2160642.453
13 88 4392170.224
13 89 6869869.939
13 90 1387849.009
13 91 3567589.395
13 92 3513889.369
13 93 6684281.595
13 94 3532332.769
13 95 4853152.04
13 96 3888067.674
13 97 4704394.207
13 98 1748627.695
13 99 2941496.906
14 15 4830553.897
14 16 6094711.662
14 17 5528707.881
14 18 6591927.4
14 19 8615922.759
14 20 7998083.651
14 21 2606874.541
14 22 9181834.669
14 23 2260671.681
14 24 7369676.238
14 25 6258606.349
14 26 1302002.21
14 27 7154100.089
14 28 5972695.928
14 29 5213846.185
14 30 8870162.226
14 31 3355040.373
14 32 2480212.104
14 33 7587615.612
14 34 3210582
14 35 5842553.025
14 36 2537457.814
14 37 1599905.217
14 38 606536.2215
14 39 7831650.337
14 40 1337772.345
14 41 1445634.071
14 42 8247274.197
14 43 2008720.844
14 44 3832008.32
14 45 8043803.881
14 46 6519579.528
14 47 9185956.662
14 48 3008548.133
14 49 7646256.19
14 50 813891.4748
14 51 1675078
14 52 6755698.594
14 53 7317109.654
14 54 4042775.052
14 55 7029590.437
14 56 778877.1441
14 57 10858267.87
14 58 1483484.414
14 59 8501884.089
14 60 5172263.006
14 61 1924285.902
14 62 6062787.033
14 63 10067149.19
14 64 1299312.956
14 65 5254019.531
14 66 1903989.688
14 67 7679961.085
14 68 6812870.624
14 69 4094828.467
14 70 2669598.588
14 71 7320018.888
14 72 8877982.826
14 73 4048617.677
14 74 1101406.86
14 75 7908830.115
14 76 1605101.659
14 77 6240752.827
14 78 5306673.747
14 79 4940466.893
14 80 3394446.791
14 81 1913334.086
14 82 11423764.07
14 83 3925951.784
14 84 5273811.66
14 85 5179429.254
14 86 5675999.766
14 87 2146926.056
14 88 7421908.668
14 89 8865127.841
14 90 2400579.795
14 91 6448080.709
14 92 3895251.114
14 93 10435496.24
14 94 6765422.206
14 95 7833231.436
14 96 2026784.688
14 97 2164671.451
14 98 2169366.974
14 99 6693421.999
15 16 7155938.797
15 17 4445489.309
15 18 4757207.789
15 19 7481172.023
15 20 4024880.719
15 21 2409206.889
15 22 6143548.811
15 23 2941952.849
15 24 2540643.383
15 25 8155248.113
15 26 3532959.147
15 27 9127094.997
15 28 7019131.081
15 29 5309712.161
15 30 7576835.477
15 31 2073815.51
15 32 4911889.44
15 33 8165896.623
15 34 4627491.566
15 35 9030386.099
15 36 2441915.949
15 37 5972591.264
15 38 5371120.382
15 39 8921671.812
15 40 4126302.384
15 41 5736288.767
15 42 8035155.704
15 43 2828986.743
15 44 7657294.2
15 45 3213350.722
15 46 1770291.858
15 47 6760692.288
15 48 1968671.249
15 49 8583049.847
15 50 4166003.85
15 51 4058906.03
15 52 4843674.749
15 53 3172426.769
15 54 6848851.71
15 55 2719866.585
15 56 4904333.879
15 57 9182335.493
15 58 3401300.222
15 59 4105508.103
15 60 3053760.517
15 61 5233256.89
15 62 4721793.782
15 63 8774583.53
15 64 5927027.809
15 65 3118314.874
15 66 3756333.515
15 67 4123540.671
15 68 6216156.641
15 69 6416670.501
15 70 6044906.602
15 71 4042870.793
15 72 6371848.882
15 73 1257414.135
15 74 5075458.504
15 75 3757214.946
15 76 4076802.664
15 77 7586481.484
15 78 6980234.553
15 79 938591.1501
15 80 7286663.691
15 81 4310353.696
15 82 9702923.69
15 83 6389643.612
15 84 7564122.957
15 85 3421817.512
15 86 7481379.287
15 87 4880592.257
15 88 3495425.015
15 89 4042110.346
15 90 3972782.205
15 91 7099964.661
15 92 1027310.864
15 93 8260594.26
15 94 3371277.41
15 95 3746955.226
15 96 6271156.314
15 97 3924187.683
15 98 4340482.935
15 99 4986095.632
16 17 3121773.444
16 18 3827169.464
16 19 3644522.254
16 20 7021391.179
16 21 5565980.346
16 22 6285759.197
16 23 5178003.848
16 24 8866785.349
16 25 1392659.437
16 26 5936823.446
16 27 2157654.891
16 28 140247.7296
16 29 1906360.783
16 30 3974184.938
16 31 5292092.074
16 32 8445774.183
16 33 1514126.445
16 34 3083338.299
16 35 3529282.65
16 36 5619856.378
16 37 5170341.948
16 38 6482778.703
16 39 1847232.118
16 40 4977499.766
16 41 5101660.25
16 42 2518801.544
16 43 5981043.156
16 44 4196682.667
16 45 9316838.443
16 46 7732107.245
16 47 5486599.516
16 48 6897948.497
16 49 1585539.2
16 50 5589538.571
16 51 7362282.211
16 52 3931308.429
16 53 6973358.513
16 54 2664986.66
16 55 7110149.143
16 56 6866506.24
16 57 5826486.657
16 58 5706289.826
16 59 8045974.362
16 60 4447977.44
16 61 4214109.317
16 62 3262036.252
16 63 4837672.083
16 64 5618414.974
16 65 4432305.708
16 66 7390391.013
16 67 6267811.656
16 68 2260301.777
16 69 2203028.522
16 70 3775052.664
16 71 5763308.625
16 72 5413883.559
16 73 5930759.131
16 74 5042618.905
16 75 7263807.499
16 76 7303832.799
16 77 512395.8345
16 78 985311.0342
16 79 6399022.941
16 80 4281809.731
16 81 7722704.768
16 82 6334302.658
16 83 2405208.336
16 84 1770194.962
16 85 4054030.66
16 86 1060172.269
16 87 3950707.121
16 88 6689836.024
16 89 9731849.1
16 90 4074597.152
16 91 597248.1443
16 92 7033152.545
16 93 6022173.233
16 94 5768852.015
16 95 7119378.047
16 96 4921994.263
16 97 7752470.675
16 98 4069519.553
16 99 3671394.464
17 18 1150352.057
17 19 3302261.216
17 20 3987100.414
17 21 3718271.766
17 22 3957730.44
17 23 3614887.608
17 24 5807298.224
17 25 4422437.795
17 26 4722780.774
17 27 5275478.095
17 28 3008523.866
17 29 1293415.628
17 30 3493956.666
17 31 3083528.286
17 32 7304502.982
17 33 3799116.284
17 34 2614806.973
17 35 6113650.141
17 36 3801498.332
17 37 5453566.921
17 38 6096340.487
17 39 4662471.274
17 40 4191169.416
17 41 5267561.951
17 42 3596495.985
17 43 4396941.353
17 44 5767448.367
17 45 6221087.005
17 46 4687164.291
17 47 3701651.944
17 48 4872665.806
17 49 4295816.007
17 50 4760792.36
17 51 6142273.125
17 52 1316914.59
17 53 3859949.171
17 54 4290894.8
17 55 3988932.992
17 56 6154500.443
17 57 5409742.912
17 58 4440520.404
17 59 4971613.098
17 60 1434552.271
17 61 4261903.746
17 62 536092.8585
17 63 4734370.335
17 64 5752869.463
17 65 1393358.902
17 66 6031482.33
17 67 3283529.694
17 68 1779649.274
17 69 3647994.653
17 70 4480840.384
17 71 2776848.191
17 72 3432102.955
17 73 3381713.36
17 74 4833369.828
17 75 4187445.771
17 76 6105431.212
17 77 3625867.239
17 78 3411329.906
17 79 3565810.746
17 80 5607165.962
17 81 6523665.371
17 82 5974089.086
17 83 3763592.607
17 84 4276535.694
17 85 1038521.825
17 86 3849980.664
17 87 3777059.408
17 88 3602198.992
17 89 6611215.83
17 90 3142319.061
17 91 2864719.03
17 92 4645902.081
17 93 4906977.08
17 94 2671620.744
17 95 4046698.773
17 96 5447094.421
17 97 6379561.88
17 98 3459253.912
17 99 1189570.886
18 19 2725533.132
18 20 3225166.091
18 21 4562666.943
18 22 2813334.14
18 23 4555598.877
18 24 5606887.605
18 25 5204261.858
18 26 5692697.184
18 27 5961244.306
18 28 3739504.089
18 29 2261001.768
18 30 2824110.175
18 31 3834466.698
18 32 8215837.779
18 33 4105235.449
18 34 3763014.011
18 35 7083021.657
18 36 4650314.985
18 37 6594932.263
18 38 7172581.71
18 39 5074810.353
18 40 5260800.346
18 41 6405007.307
18 42 3512109.564
18 43 5285229.035
18 44 6885177.218
18 45 5910951.752
18 46 4558810.233
18 47 2594680.437
18 48 5576098.329
18 49 4693189.01
18 50 5804513.606
18 51 7062414.611
18 52 167857.7444
18 53 3326023.9
18 54 5375249.459
18 55 3586727.663
18 56 7180836.497
18 57 4566032.79
18 58 5410661.7
18 59 4277072.8
18 60 1792968.16
18 61 5404585.797
18 62 668928.4309
18 63 4040421.25
18 64 6883649.225
18 65 1710615.114
18 66 6918405.056
18 67 2453238.631
18 68 1842826.568
18 69 4727349.807
18 70 5629028.987
18 71 1957518.852
18 72 2301030.169
18 73 3904119.894
18 74 5951375.706
18 75 3508841.194
18 76 7031990.944
18 77 4338482.522
18 78 4318721.787
18 79 3821987.349
18 80 6740381.936
18 81 7438763.547
18 82 5117867.364
18 83 4857331.085
18 84 5221398.466
18 85 1552351.924
18 86 4705971.254
18 87 4916526.548
18 88 2968409.883
18 89 6155454.493
18 90 4236177.084
18 91 3425547.322
18 92 5177952.378
18 93 3898197.61
18 94 2114635.595
18 95 3361586.627
18 96 6595819.368
18 97 7252281.523
18 98 4575682.457
18 99 241517.7943
19 20 5300089.541
19 21 7019091.495
19 22 3442667.737
19 23 6886895.26
19 24 8167397.37
19 25 4874960.725
19 26 7961037.852
19 27 5228521.596
19 28 3655007.133
19 29 3429129.308
19 30 330291.5753
19 31 6376744.427
19 32 10568313.18
19 33 2833710.857
19 34 5440866.909
19 35 7138756.185
19 36 7101638.758
19 37 8186308.031
19 38 9138806.998
19 39 3797181.533
19 40 7296810.831
19 41 8048100.692
19 42 1563129.723
19 43 7685831.595
19 44 7732321.985
19 45 8375845.202
19 46 7187486.475
19 47 2292741.902
19 48 8161636.496
19 49 3467084.546
19 50 7903959.444
19 51 9406203.507
19 52 2651661.326
19 53 5703468.305
19 54 6141949.109
19 55 6070312.123
19 56 9303983.572
19 57 2294311.426
19 58 7682037.837
19 59 6348152.692
19 60 4471684.301
19 61 7037967.581
19 62 2858379.721
19 63 1454756.446
19 64 8569199.54
19 65 4396138.652
19 66 9313455.578
19 67 4539395.326
19 68 1818678.758
19 69 5555371.559
19 70 6932410.302
19 71 4175310.237
19 72 2429662.528
19 73 6576597.286
19 74 7758641.442
19 75 5683099.338
19 76 9365405.209
19 77 4013486.662
19 78 4564589.65
19 79 6547065.464
19 80 7740112.408
19 81 9788717.196
19 82 2848091.572
19 83 5743941.069
19 84 5413204.193
19 85 4161098.719
19 86 4702189.378
19 87 6615393.558
19 88 5267687.376
19 89 8458444.837
19 90 6228247.015
19 91 3047566.629
19 92 7855636.75
19 93 2394740.848
19 94 4605849.622
19 95 5543046.874
19 96 8055791.021
19 97 9666017.059
19 98 6453422.493
19 99 2495077.191
20 21 5429026.158
20 22 2525714.747
20 23 5739298.514
20 24 3239479.916
20 25 8374685.357
20 26 6780400.025
20 27 9170968.496
20 28 6923919.844
20 29 5279435.55
20 30 5221348.039
20 31 4647263.377
20 32 8780259.485
20 33 7297954.557
20 34 6096743.338
20 35 10084687.14
20 36 5508993.744
20 37 8582983.216
20 38 8602010.376
20 39 8285250.892
20 40 6847827.793
20 41 8355410.322
20 42 6521973.475
20 43 6138961.061
20 44 9493830.512
20 45 3236812.069
20 46 2661586.642
20 47 3567139.148
20 48 5766290.262
20 49 7903051.323
20 50 7196161.152
20 51 7775716.293
20 52 3153611.193
20 53 862947.8495
20 54 8151622.639
20 55 1356045.843
20 56 8344018.44
20 57 6167185.632
20 58 6542592.841
20 59 1069641.515
20 60 3143792.667
20 61 7493857.263
20 62 3760070.799
20 63 6141520.61
20 64 8731085.486
20 65 3094392.368
20 66 7519878.835
20 67 789133.6968
20 68 5039054.433
20 69 7532487.39
20 70 8007123.037
20 71 1267746.95
20 72 3208045.691
20 73 4078478.365
20 74 7757488.2
20 75 422197.0776
20 76 7774219.575
20 77 7533719.868
20 78 7397767.698
20 79 3332210.165
20 80 9252874.478
20 81 8091651.439
20 82 6584811.438
20 83 7616121.672
20 84 8260756.377
20 85 3384719.342
20 86 7828475.372
20 87 7008637.984
20 88 579370.3165
20 89 3173128.845
20 90 6094152.578
20 91 6647100.915
20 92 4946454.22
20 93 4987191.882
20 94 1383872.011
20 95 327818.9727
20 96 8723508.016
20 97 7761076.8
20 98 6515540.036
20 99 3419545.667
21 22 6858088.542
21 23 547258.2624
21 24 4913883.902
21 25 6294390.109
21 26 1351655.987
21 27 7278388.226
21 28 5426065.348
21 29 4003896.049
21 30 7210886.229
21 31 806617.2995
21 32 3663122.776
21 33 6848451.045
21 34 2597113.612
21 35 6807759.514
21 36 89006.58247
21 37 3574746.839
21 38 3199690.571
21 39 7411733.092
21 40 1719465.35
21 41 3337130.075
21 42 7096535.756
21 43 749186.9865
21 44 5284646.107
21 45 5571010.552
21 46 3973026.439
21 47 7069717.399
21 48 1333162.716
21 49 7124579.256
21 50 1846099.635
21 51 2525465.218
21 52 4708800.933
21 53 4720399.48
21 54 4641370.911
21 55 4423095.555
21 56 2917592.02
21 57 9094537.208
21 58 1125561.63
21 59 5896252.669
21 60 2874204.647
21 61 2843027.171
21 62 4194895.395
21 63 8452038.427
21 64 3565354.161
21 65 2962381.823
21 66 2358646.567
21 67 5178078.501
21 68 5374715.924
21 69 4312096.602
21 70 3686199.337
21 71 4868609.218
21 72 6721664.73
21 73 1447263.908
21 74 2676454.337
21 75 5317088.899
21 76 2503037.278
21 77 5905683.695
21 78 5133810.095
21 79 2347420.94
21 80 4900544.202
21 81 2893167.911
21 82 9654460.472
21 83 4242557.643
21 84 5540822.405
21 85 3017173.905
21 86 5618412.916
21 87 2532649.786
21 88 4850031.801
21 89 6350086.703
21 90 1721686.343
21 91 5687310.692
21 92 1721003.385
21 93 8452689.967
21 94 4264792.106
21 95 5247589.304
21 96 3863106.228
21 97 2689614.931
21 98 2018388.793
21 99 4724821.962
22 23 6997339.422
22 24 5763648.656
22 25 7672134.412
22 26 8134692.631
22 27 8271331.224
22 28 6231198.177
22 29 5020572.299
22 30 3246663.927
22 31 6057308.642
22 32 10476859.91
22 33 6034146.05
22 34 6552631.06
22 35 9734185.314
22 36 6946512.811
22 37 9354139.649
22 38 9780654.206
22 39 7049084.218
22 40 7885329.931
22 41 9154076.508
22 42 4937426.126
22 43 7607271.33
22 44 9689063.387
22 45 5743592.828
22 46 5092935.448
22 47 1228599.653
22 48 7568267.459
22 49 6682988.97
22 50 8372254.366
22 51 9371592.027
22 52 2651191.309
22 53 3277927.361
22 54 8158083.825
22 55 3770437.18
22 56 9689463.364
22 57 3718344.32
22 58 7862750.024
22 59 3368290.307
22 60 4022342.437
22 61 8171830.592
22 62 3476279.762
22 63 3875748.906
22 64 9613514.687
22 65 3937639.986
22 66 9170138.694
22 67 2064695.845
22 68 4030150.016
22 69 7509697.387
22 70 8438266.643
22 71 2109268.226
22 72 1013014.439
22 73 5782480.095
22 74 8658137.95
22 75 2945568.866
22 76 9354113.378
22 77 6769538.75
22 78 6957085.3
22 79 5283728.824
22 80 9552382.344
22 81 9727482.139
22 82 4094010.304
22 83 7649227.098
22 84 7874111.829
22 85 4008142.741
22 86 7278387.786
22 87 7677811.808
22 88 2828121.862
22 89 5561714.194
22 90 6921181.631
22 91 5766921.775
22 92 6906194.649
22 93 2486197.477
22 94 2783661.148
22 95 2848197.367
22 96 9380966.249
22 97 9466032.132
22 98 7293349.336
22 99 2838217.421
23 24 5426015.19
23 25 5833812.575
23 26 1144516.941
23 27 6815076.268
23 28 5039164.966
23 29 3726626.969
23 30 7098463.983
23 31 1112590.702
23 32 3689655.105
23 33 6512527.279
23 34 2142242.372
23 35 6272847.029
23 36 545280.1568
23 37 3073516.634
23 38 2866299.602
23 39 7024785.646
23 40 1213312.737
23 41 2835082.98
23 42 6849205.152
23 43 827976.3341
23 44 4738010.102
23 45 6076401.95
23 46 4455160.168
23 47 7115289.945
23 48 1786760.716
23 49 6752121.45
23 50 1457176.018
23 51 2527398.326
23 52 4710450.649
23 53 5074051.582
23 54 4113451.901
23 55 4811966.284
23 56 2693376.474
23 57 9023801.857
23 58 867100.4296
23 59 6275283.404
23 60 2975775.981
23 61 2298205.465
23 62 4120814.573
23 63 8333848.847
23 64 3100148.229
23 65 3061357.979
23 66 2427570.68
23 67 5424594.5
23 68 5181687.013
23 69 3808286.274
23 70 3138961.688
23 71 5077501.19
23 72 6782437.151
23 73 1900814.112
23 74 2178311.355
23 75 5659980.249
23 76 2491123.635
23 77 5491154.287
23 78 4686200.028
23 79 2802191.04
23 80 4355580.52
23 81 2908814.056
23 82 9587579.759
23 83 3729288.395
23 84 5047890.553
23 85 3048232.326
23 86 5162258.016
23 87 1986641.154
23 88 5164170.668
23 89 6838794.475
23 90 1211523.688
23 91 5342620.643
23 92 2265208.457
23 93 8452727.571
23 94 4509150.63
23 95 5580427.184
23 96 3343273.644
23 97 2783193.375
23 98 1478824.805
23 99 4695535.23
24 25 10047177.01
24 26 6073393.118
24 27 10974545.76
24 28 8741093.793
24 29 6960919.079
24 30 8160384.414
24 31 4429612.486
24 32 7194692.317
24 33 9581310.854
24 34 6826898.367
24 35 11239466.33
24 36 4955854.499
24 37 8488627.411
24 38 7903692.027
24 39 10469251.6
24 40 6631412.257
24 41 8250997.932
24 42 9118759.553
24 43 5369623.792
24 44 10056644.44
24 45 679096.7705
24 46 1138219.659
24 47 6747422.808
24 48 4443556.459
24 49 10100710.36
24 50 6703609.633
24 51 6487060.894
24 52 5619155.784
24 53 2540581.497
24 54 9085466.094
24 55 2109577.651
24 56 7410796.169
24 57 9346831.213
24 58 5939716.455
24 59 2640107.184
24 60 4419746.268
24 61 7678961.745
24 62 5866686.08
24 63 9209636.377
24 64 8460845.153
24 65 4439627.931
24 66 6167664.299
24 67 3801689.455
24 68 7387510.583
24 69 8579251.159
24 70 8442566.047
24 71 4039067.296
24 72 6369991.149
24 73 3565057.904
24 74 7590330.456
24 75 2823517.957
24 76 6514395.758
24 77 9348788.431
24 78 8910436.24
24 79 2727298.89
24 80 9709271.909
24 81 6690648.417
24 82 9790079.58
24 83 8587764.543
24 84 9618717.035
24 85 4816740.733
24 86 9402231.282
24 87 7286166.371
24 88 3004701.839
24 89 1554339.197
24 90 6339678.672
24 91 8667662.263
24 92 3502936.737
24 93 8205964.15
24 94 3562475.034
24 95 2915502.495
24 96 8769288.499
24 97 6274587.67
24 98 6738415.109
24 99 5846297.342
25 26 6387377.149
25 27 984762.5153
25 28 1466812.398
25 29 3145697.638
25 30 5203987.385
25 31 6173102.518
25 32 8716300.146
25 33 2235226.798
25 34 3698031.913
25 35 2289152.177
25 36 6333047.382
25 37 5041324.026
25 38 6535909.739
25 39 1828901.892
25 40 5350885.619
25 41 5036981.319
25 42 3532081.139
25 43 6576323.347
25 44 3511727.2
25 45 10533272.98
25 46 8908971.204
25 47 6840641.376
25 48 7614565.49
25 49 1847533.744
25 50 5912669.011
25 51 7719145.456
25 52 5313786.272
25 53 8281080.478
25 54 2296325.095
25 55 8384776.191
25 56 7035206.821
25 57 6931004.35
25 58 6197474.546
25 59 9384900.004
25 60 5661365.474
25 61 4337445.874
25 62 4617598.475
25 63 5918146.302
25 64 5510662.508
25 65 5657486.944
25 66 7804755.647
25 67 7631591.491
25 68 3642399.877
25 69 2172842.615
25 70 3656828.742
25 71 7124769.997
25 72 6785845.199
25 73 6902488.193
25 74 5158737.087
25 75 8600898.772
25 76 7654728.746
25 77 903946.087
25 78 1177544.451
25 79 7475191.375
25 80 3727437.363
25 81 8051683.799
25 82 7401430.028
25 83 2333337.849
25 84 1031000.281
25 85 5281941.187
25 86 679273.9972
25 87 4225378.845
25 88 8020038.307
25 89 10996788.38
25 90 4639529.321
25 91 1915709.443
25 92 7894072.511
25 93 7269700.635
25 94 7091922.282
25 95 8458120.417
25 96 4705413.885
25 97 8154545.08
25 98 4507899.721
25 99 5056111.242
26 27 7344401.946
26 28 5802761.588
26 29 4692675.436
26 30 8185075.12
26 31 2142168.377
26 32 2616931.796
26 33 7353911.862
26 34 2859207.902
26 35 6429393.605
26 36 1273414.747
26 37 2580122.047
26 38 1870825.458
26 39 7761156.879
26 40 1056790.803
26 41 2360711.448
26 42 7815905.117
26 43 706780.9675
26 44 4619490.01
26 45 6746102.648
26 46 5218051.903
26 47 8258432.949
26 48 1785601.099
26 49 7522171.989
26 50 701626.7893
26 51 1465717.214
26 52 5849048.404
26 53 6069141.186
26 54 4388101.205
26 55 5761011
26 56 1573033.347
26 57 10130313.56
26 58 282685.9539
26 59 7235969.128
26 60 4115876.664
26 61 2267143.014
26 62 5238557.467
26 63 9413532.327
26 64 2441282.875
26 65 4202033.736
26 66 1454310.265
26 67 6515325.925
26 68 6216681.277
26 69 4242834.451
26 70 3159384.286
26 71 6188727.602
26 72 7926693.098
26 73 2768877.806
26 74 1741868.899
26 75 6667234.128
26 76 1417382.992
26 77 6183237.463
26 78 5304790.832
26 79 3651312.353
26 80 4195820.135
26 81 1845301.983
26 82 10695317.97
26 83 4117034.409
26 84 5493756.768
26 85 4192427.615
26 86 5743343.586
26 87 2193324.803
26 88 6201501.642
26 89 7563939.304
26 90 1875749.969
26 91 6182693.377
26 92 2620755.914
26 93 9587076.761
26 94 5600123.311
26 95 6598814.151
26 96 2950215.117
26 97 1817599.344
26 98 1889652.477
26 99 5826776.66
27 28 2267047.572
27 29 4029780.142
27 30 5547316.158
27 31 7154751.556
27 32 9625460.505
27 33 2407195.048
27 34 4681603.071
27 35 2405610.644
27 36 7316517.721
27 37 5857823.537
27 38 7395609.5
27 39 1604374.681
27 40 6300655.393
27 41 5876822.991
27 42 3743110.387
27 43 7551422.17
27 44 4100152.668
27 45 11444835.97
27 46 9836785.652
27 47 7346841.9
27 48 8597241.485
27 49 1822286.709
27 50 6849067.336
27 51 8652989.938
27 52 6055628.963
27 53 9130528.591
27 54 3127265.368
27 55 9260671.064
27 56 7925871.487
27 57 7096425.928
27 58 7161323.442
27 59 10200759.83
27 60 6568712.843
27 61 5245321.45
27 62 5415151.194
27 63 6081839.636
27 64 6326960.165
27 65 6559204.19
27 66 8749967.172
27 67 8411009.371
27 68 4271656.112
27 69 3107123.032
27 70 4510388.887
27 71 7908994.35
27 72 7337874.486
27 73 7876616.582
27 74 6052807.719
27 75 9419337.427
27 76 8587556.712
27 77 1649747.437
27 78 2159007.119
27 79 8431882.834
27 80 4385488.282
27 81 8977940.437
27 82 7520284.967
27 83 3251003.919
27 84 1880947.998
27 85 6181426.936
27 86 1663519.293
27 87 5167763.003
27 88 8846775.468
27 89 11880505.09
27 90 5617401.087
27 91 2548087.959
27 92 8877839.064
27 93 7595672.296
27 94 7926474.093
27 95 9274555.679
27 96 5494669.559
27 97 9096145.432
27 98 5473334.081
27 99 5791830.164
28 29 1780215.274
28 30 3983699.967
28 31 5152216.365
28 32 8316762.121
28 33 1624152.489
28 34 2947740.715
28 35 3551866.27
28 36 5480076.65
28 37 5067949.832
28 38 6366249.875
28 39 1986630.393
28 40 4847333.249
28 41 4995078.657
28 42 2578610.934
28 43 5843017.98
28 44 4145368.645
28 45 9194837.583
28 46 7605775.317
28 47 5453483.887
28 48 6757949.166
28 49 1720862.345
28 50 5460663.078
28 51 7230513.633
28 52 3847406.85
28 53 6864156.071
28 54 2597730.693
28 55 6995118.3
28 56 6743332.931
28 57 5857287.935
28 58 5571115.932
28 59 7944349.824
28 60 4323444.367
28 61 4098343.238
28 62 3163854.609
28 63 4874830.084
28 64 5513454.392
28 65 4309080.934
28 66 7256594.885
28 67 6174080.2
28 68 2215017.493
28 69 2114118.819
28 70 3677305.701
28 71 5668529.089
28 72 5371223.637
28 73 5792738.746
28 74 4925023.63
28 75 7161515.415
28 76 7172322.888
28 77 617344.2231
28 78 930598.2097
28 79 6265253.31
28 80 4217436.105
28 81 7591771.448
28 82 6370563.512
28 83 2316387.185
28 84 1760880.39
28 85 3930758.116
28 86 1072526.667
28 87 3827332.122
28 88 6585596.858
28 89 9616044.496
28 90 3938822.943
28 91 624881.066
28 92 6893316.576
28 93 6023061.015
28 94 5662553.45
28 95 7017501.647
28 96 4826659.564
28 97 7618899.698
28 98 3938247.145
28 99 3589359.746
29 30 3705232.468
29 31 3575696.731
29 32 7305381.459
29 33 2893778.054
29 34 2015381.755
29 35 4841782.331
29 36 4072656.739
29 37 4779006.833
29 38 5720550.622
29 39 3612509.607
29 40 3918399.109
29 41 4630509.783
29 42 3127716.422
29 43 4554499.743
29 44 4688104.502
29 45 7417418.641
29 46 5825856.956
29 47 4524798.972
29 48 5298206.985
29 49 3274194.859
29 50 4538309.695
29 51 6158306.721
29 52 2405951.084
29 53 5139222.381
29 54 3138312.855
29 55 5240087.539
29 56 5926551.545
29 57 5709555.553
29 58 4426069.69
29 59 6263899.186
29 60 2543622.259
29 61 3615282.342
29 62 1601913.401
29 63 4868623.049
29 64 5148284.432
29 65 2530866.525
29 66 6115384.32
29 67 4567082.434
29 68 1611145.133
29 69 2490380.124
29 70 3601185.651
29 71 4058901.062
29 72 4331648.727
29 73 4117453.098
29 74 4330033.36
29 75 5479907.442
29 76 6109775.443
29 77 2390376.481
29 78 2118338.949
29 79 4516983.257
29 80 4589331.375
29 81 6537796.987
29 82 6269987.672
29 83 2636217.255
29 84 2992346.188
29 85 2152690.331
29 86 2558688.381
29 87 3186377.138
29 88 4893460.651
29 89 7855452.47
29 90 2864294.692
29 91 1790678.548
29 92 5291835.482
29 93 5485872.227
29 94 3961910.734
29 95 5339573.211
29 96 4682040.643
29 97 6478174.846
29 98 3044520.332
29 99 2189091.886
30 31 6549254.1
30 32 10785490.28
30 33 3147405.022
30 34 5710151.161
30 35 7468877.39
30 36 7294624.106
30 37 8474412.954
30 38 9399961.681
30 39 4098999.514
30 40 7545598.743
30 41 8332353.909
30 42 1854363.32
30 43 7889348.865
30 44 8053255.712
30 45 8342878.01
30 46 7206325.152
30 47 2061440.409
30 48 8327796.457
30 49 3775521.083
30 50 8148238.085
30 51 9622804.601
30 52 2733242.034
30 53 5669381.643
30 54 6461588.162
30 55 6054854.314
30 56 9549342.794
30 57 2004519.894
30 58 7904810.864
30 59 6255961.849
30 60 4599156.749
30 61 7319411.734
30 62 3025440.378
30 63 1241819.929
30 64 8851921.013
30 65 4520669.152
30 66 9521624.816
30 67 4476222.442
30 68 2101509.965
30 69 5870906.311
30 70 7233198.859
30 71 4139947.405
30 72 2238727.953
30 73 6711334.732
30 74 8029769.968
30 75 5614176.053
30 76 9583512.728
30 77 4343653.92
30 78 4891378.675
30 79 6639554.918
30 80 8056227.875
30 81 10005054.8
30 82 2564984.075
30 83 6058190.68
30 84 5742476.824
30 85 4306747.948
30 86 5032142.186
30 87 6890295.535
30 88 5224735.625
30 89 8390799.489
30 90 6476321.519
30 91 3377342.359
30 92 7989348.301
30 93 2065978.022
30 94 4608377.554
30 95 5477037.89
30 96 8351584.128
30 97 9871588.549
30 98 6713186.538
30 99 2603763.313
31 32 4438938.461
31 33 6466465.935
31 34 2564970.639
31 35 6956743.365
31 36 893541.7025
31 37 4147563.882
31 38 3956936.715
31 39 7115643.178
31 40 2302085.335
31 41 3909654.616
31 42 6582773.527
31 43 1553163.539
31 44 5631842.552
31 45 5059595.944
31 46 3404858.109
31 47 6300263.854
31 48 1789532.739
31 49 6803665.599
31 50 2562693.987
31 51 3316365.713
31 52 3973552.022
31 53 3965059.56
31 54 4775074.526
31 55 3699550.567
31 56 3714263.913
31 57 8392038.104
31 58 1896495.768
31 59 5162926.661
31 60 2098999.507
31 61 3254274.5
31 62 3523947.313
31 63 7790551.382
31 64 4202835.795
31 65 2187391.52
31 66 3129902.192
31 67 4375211.621
31 68 4810237.035
31 69 4352169.604
31 70 4016431.336
31 71 4062024.736
31 72 5946027.865
31 73 866083.9567
31 74 3262320.502
31 75 4554333.67
31 76 3297403.494
31 77 5680974.947
31 78 4996023.899
31 79 1734299.577
31 80 5279916.323
31 81 3677531.167
31 82 8947830.947
31 83 4319177.68
31 84 5522655.761
31 85 2282170.677
31 86 5494293.68
31 87 2857116.86
31 88 4069685.072
31 89 5787877.389
31 90 1918918.728
31 91 5333037.246
31 92 1741231.303
31 93 7704366.262
31 94 3460914.441
31 95 4478208.33
31 96 4385260.967
31 97 3445847.417
31 98 2309696.808
31 99 4011190.2
32 33 9903387.898
32 34 5414823.753
32 35 8282528.602
32 36 3574391.039
32 37 3978032.314
32 38 2389232.065
32 39 10231458.11
32 40 3471632.458
32 41 3873303.755
32 42 10423313.22
32 43 2930713.611
32 44 6212219.961
32 45 7859498.763
32 46 6665624.899
32 47 10732413.32
32 48 3016225.674
32 49 10021293.23
32 50 2856240.474
32 51 1162720.026
32 52 8365137.972
32 53 7973740.827
32 54 6521793.236
32 55 7570262.95
32 56 1733677.016
32 57 12712753.7
32 58 2891172.886
32 59 9002973.724
32 60 6533629.143
32 61 4381362.778
32 62 7807783.263
32 63 12018436.9
32 64 3567309.089
32 65 6621981.187
32 66 1309203.238
32 67 8674772.924
32 68 8832996.429
32 69 6544650.174
32 70 5149711.609
32 71 8428792.183
32 72 10382402.09
32 73 4742783.871
32 74 3576894.75
32 75 8578052.532
32 76 1203124.168
32 77 8639181.288
32 78 7720948.491
32 79 5451174.478
32 80 5779893.75
32 81 780841.138
32 82 13276149.72
32 83 6384037.846
32 84 7744519.768
32 85 6677349.037
32 86 8115294.059
32 87 4523270.402
32 88 8210970.414
32 89 8748116.168
32 90 4459665.066
32 91 8739696.428
32 92 3896287.57
32 93 12111462.31
32 94 7785938.725
32 95 8542009.314
32 96 4405857.347
32 97 1021235.558
32 98 4384610.29
32 99 8368436.847
33 34 4497594.083
33 35 4514393.88
33 36 6910976.182
33 37 6683232.899
33 38 7989067.281
33 39 1017181.309
33 40 6432081.849
33 41 6615785.437
33 42 1340151.334
33 43 7333150.735
33 44 5581803.474
33 45 9953767.243
33 46 8473783.36
33 47 5022346.78
33 48 8164043.267
33 49 649832.518
33 50 7051450.176
33 51 8799559.603
33 52 4153868.507
33 53 7426390.616
33 54 4120055.804
33 55 7654829.284
33 56 8355015.376
33 57 4727062.72
33 58 7110347.626
33 59 8362546.131
33 60 5230717.587
33 61 5721891.456
33 62 3722780.016
33 63 3710561.615
33 64 7132309.169
33 65 5192272.177
33 66 8806988.639
33 67 6511363.163
33 68 2264192.467
33 69 3705362.158
33 70 5284887.427
33 71 6037335.226
33 72 5058418.076
33 73 6999998.554
33 74 6547148.588
33 75 7605244.875
33 76 8743488.995
33 77 1568243.381
33 78 2450334.678
33 79 7329908.118
33 80 5714650.419
33 81 9166661.298
33 82 5180354.84
33 83 3906682.016
33 84 3046868.474
33 85 4830846.748
33 86 2328490.869
33 87 5440724.728
33 88 7073244.644
33 89 10251904.83
33 90 5478602.203
33 91 1172835.919
33 92 8185575.428
33 93 5188991.682
33 94 6208461.305
33 95 7457755.58
33 96 6428367.131
33 97 9170949.415
33 98 5518792.994
33 99 3891177.653
34 35 4423701.554
34 36 2635015.827
34 37 2849130.126
34 38 3706136.773
34 39 4919553.153
34 40 1955221.366
34 41 2674702.06
34 42 5046898.856
34 43 2916105.743
34 44 3407543.598
34 45 7405530.438
34 46 5722886.199
34 47 6297780.053
34 48 3917221.28
34 49 4668555.312
34 50 2580424.567
34 51 4302238.343
34 52 3930329.856
34 53 5677247.327
34 54 2258589.931
34 55 5595791.464
34 56 3942011.379
34 57 7711820.903
34 58 2623623.39
34 59 6907630.313
34 60 2953645.897
34 61 1658007.149
34 62 3135260.623
34 63 6883582.751
34 64 3177634.418
34 65 3002598.112
34 66 4313470.748
34 67 5538212.109
34 68 3625202.257
34 69 1789180.254
34 70 1928235.062
34 71 5071912.137
34 72 6042573.731
34 73 3378977.258
34 74 2319828.513
34 75 6167253.081
34 76 4246617.715
34 77 3361899.779
34 78 2544212.328
34 79 4110912.304
34 80 3156267.765
34 81 4670777.494
34 82 8274479.818
34 83 1770150.025
34 84 2968385.047
34 85 2738619.397
34 86 3023432.302
34 87 1191777.508
34 88 5587462.131
34 89 8031220.165
34 90 991334.4505
34 91 3328697.526
34 92 4232792.1
34 93 7406410.771
34 94 4715904.84
34 95 6049231.506
34 96 2832834.188
34 97 4676776.885
34 98 1049290.473
34 99 3797388.508
35 36 6817261.259
35 37 4307516.853
35 38 5908673.669
35 39 3937496.548
35 40 5392909.257
35 41 4411775.842
35 42 5821123.421
35 43 6840510.505
35 44 2131756.561
35 45 11801682.88
35 46 10123726.08
35 47 9003206.28
35 48 8005337.846
35 49 4059089.627
35 50 5798169.023
35 51 7491799.002
35 52 7216738.135
35 53 9842449.017
35 54 2182088.63
35 55 9851656.164
35 56 6550973.749
35 57 9220133.753
35 58 6326250.23
35 59 11025230.43
35 60 7092080.526
35 61 4162252.315
35 62 6437664.725
35 63 8207238.392
35 64 4739762.725
35 65 7112864.757
35 66 7667415.328
35 67 9396885.971
35 68 5757434.807
35 69 2662563.263
35 70 3272074.292
35 71 8890494.888
35 72 8908855.133
35 73 7793499.738
35 74 4812300.557
35 75 10248220.5
35 76 7422090.327
35 77 3125354.707
35 78 2779177.116
35 79 8532528.667
35 80 2536351.026
35 81 7755149.492
35 82 9689266.435
35 83 2654392.465
35 84 1864751.03
35 85 6765482.209
35 86 2479928.151
35 87 4316821.106
35 88 9656117.798
35 89 12383521
35 90 5098403.353
35 91 4113471.739
35 92 8524049.949
35 93 9530632.833
35 94 8728597.748
35 95 10113776.22
35 96 3884339.422
35 97 7973380.268
35 98 4794647.821
35 99 6978496.768
36 37 3534139.186
36 38 3127736.099
36 39 7466307.414
36 40 1684477.131
36 41 3297049.677
36 42 7169805.006
36 43 660809.1654
36 44 5272181.512
36 45 5615446.777
36 46 4025976.99
36 47 7158571.878
36 48 1285261.711
36 49 7181564.674
36 50 1785062.282
36 51 2436458.716
36 52 4796708.079
36 53 4796253.12
36 54 4655235.832
36 55 4494591.46
36 56 2836032.331
36 57 9180507.718
36 58 1054317.228
36 59 5968483.673
36 60 2963207.021
36 61 2827697.466
36 62 4279892.251
36 63 8535609.292
36 64 3514640.255
36 65 3051382.131
36 66 2270255.799
36 67 5262725.108
36 68 5452472.098
36 69 4336849.686
36 70 3678763.156
36 71 4955181.532
36 72 6810624.097
36 73 1512166.944
36 74 2636049.526
36 75 5393896.181
36 76 2414066.161
36 77 5954696.124
36 78 5175353.869
36 79 2409326.167
36 80 4884513.303
36 81 2804226.691
36 82 9740628.32
36 83 4263514.62
36 84 5569773.107
36 85 3105366.255
36 86 5658026.444
36 87 2530312.067
36 88 4929857.749
36 89 6399999.213
36 90 1741901.259
36 91 5748207.041
36 92 1721737.273
36 93 8540883.222
36 94 4349837.188
36 95 5325475.491
36 96 3829432.753
36 97 2602029.797
36 98 2023883.667
36 99 4811813.334
37 38 1602446.107
37 39 6752223.953
37 40 1860644.141
37 41 238463.2877
37 42 7545934.816
37 43 3214195.914
37 44 2244273.445
37 45 9144714.177
37 46 7528459.185
37 47 9145918.337
37 48 4362991.481
37 49 6625301.454
37 50 1879791.768
37 51 3274161.169
37 52 6762759.314
37 53 8010731.161
37 54 2746540.369
37 55 7805607.667
37 56 2252325.432
37 57 10477806.77
37 58 2619368.479
37 59 9239302.057
37 60 5517029.416
37 61 1192201.966
37 62 5979797.393
37 63 9599747.518
37 64 469797.4498
37 65 5585657.838
37 66 3500494.15
37 67 8136020.021
37 68 6372903.667
37 69 2993102.853
37 70 1408278.272
37 71 7711714.749
37 72 8885515.11
37 73 4972197.477
37 74 898300.2115
37 75 8568499.357
37 76 3204282.599
37 77 5203722.811
37 78 4262551.461
37 79 5870328.323
37 80 1808173.622
37 81 3493640.531
37 82 11034287.56
37 83 2796835.977
37 84 4015564.729
37 85 5406357.247
37 86 4541237.96
37 87 1678862.896
37 88 8027975.535
37 89 9912310.051
37 90 2498167.669
37 91 5624533.278
37 92 5150150.69
37 93 10241319.42
37 94 7250580.013
37 95 8471581.344
37 96 430906.4709
37 97 3763945.976
37 98 2088812.794
37 99 6640981.351
38 39 8172741.647
38 40 1911863.11
38 41 1529929.262
38 42 8708856.43
38 43 2571724.088
38 44 3824195.663
38 45 8580324.237
38 46 7081315.093
38 47 9767261.278
38 48 3496258.384
38 49 8008570.368
38 50 1419658.345
38 51 1860261.444
38 52 7337221.488
38 53 7915984.768
38 54 4268345.332
38 55 7622299.178
38 56 714549.4613
38 57 11394596.06
38 58 2074134.052
38 59 9095887.48
38 60 5774998.848
38 61 2268907.672
38 62 6631715.372
38 63 10585980.11
38 64 1178261.913
38 65 5856323.282
38 66 2149423.166
38 67 8286492.657
38 68 7327739.983
38 69 4403540.221
38 70 2885946.71
38 71 7926016.296
38 72 9463632.393
38 73 4635243.598
38 74 1442843.355
38 75 8509194.577
38 76 1795410.201
38 77 6591224.182
38 78 5648657.768
38 79 5521628.421
38 80 3393331.769
38 81 1992221.164
38 82 11959332.46
38 83 4221959.23
38 84 5527060.504
38 85 5775566.544
38 86 5985831.086
38 87 2579175.362
38 88 8025407.103
38 89 9412277.315
38 90 2956166.422
38 91 6868897.176
38 92 4410236.073
38 93 11000071.83
38 94 7371926.514
38 95 8434865.688
38 96 2024621.93
38 97 2333359.693
38 98 2686839.148
38 99 7268201.808
39 40 6778607.929
39 41 6720086.924
39 42 2248189.331
39 43 7825566.455
39 44 5340164.252
39 45 10867547.21
39 46 9349225.748
39 47 6022897.806
39 48 8742953.372
39 49 382206.1281
39 50 7380044.596
39 51 9169859.628
39 52 5133513.748
39 53 8381098.46
39 54 4046631.647
39 55 8588176.626
39 56 8609560.075
39 57 5523498.703
39 58 7537351.867
39 59 9346197.638
39 60 6074417.784
39 61 5916766.475
39 62 4647622.252
39 63 4514292.108
39 64 7216613.635
39 65 6044117.135
39 66 9211706.117
39 67 7501132.486
39 68 3246425.096
39 69 3774671.216
39 70 5345794.963
39 71 7020662.104
39 72 6069394.454
39 73 7718724.858
39 74 6751224.298
39 75 8582764.49
39 76 9109658.065
39 77 1592885.168
39 78 2526369.744
39 79 8123064.5
39 80 5545480.29
39 81 9523844.456
39 82 5931374.469
39 83 3963748.368
39 84 2823961.846
39 85 5673034.923
39 86 2212487.395
39 87 5710799.083
39 88 8041253.958
39 89 11198205.37
39 90 5910306.501
39 91 1825889.848
39 92 8853992.135
39 93 6104157.963
39 94 7161017.359
39 95 8435382.919
39 96 6446868.409
39 97 9572016.469
39 98 5880415.174
39 99 4868608.373
40 41 1622294.34
40 42 6997294.639
40 43 1481263.083
40 44 3662462.407
40 45 7285401.357
40 46 5668458.535
40 47 7855468.017
40 48 2667469.99
40 49 6557145.299
40 50 625328.5961
40 51 2391668.134
40 52 5425373.416
40 53 6225031.675
40 54 3332129.42
40 55 5989761.491
40 56 2009892.631
40 57 9528665.951
40 58 934056.1687
40 59 7441418.782
40 60 3902608.237
40 61 1241447.497
40 62 4725521.391
40 63 8750213.785
40 64 1903875.533
40 65 3980934.968
40 66 2454874.626
40 67 6468377.051
40 68 5503373.543
40 69 3194897.469
40 70 2135713.037
40 71 6081442.645
40 72 7552160.17
40 73 3113554.493
40 74 965082.6949
40 75 6799015.359
40 76 2331090.05
40 77 5190632.615
40 78 4291815.18
40 79 4013730.7
40 80 3254819.262
40 81 2746379.643
40 82 10094439.03
40 83 3064174.454
40 84 4442572.714
40 85 3877195.48
40 86 4716309.74
40 87 1138343.845
40 88 6280262.283
40 89 8051901.94
40 90 1069291.628
40 91 5270126.078
40 92 3355454.663
40 93 9097810.346
40 94 5561522.392
40 95 6711009.121
40 96 2144965.587
40 97 2808012.39
40 98 913663.9009
40 99 5358274.57
41 42 7445645.695
41 43 2985428.336
41 44 2387119.208
41 45 8906730.061
41 46 7290000.311
41 47 8964760.086
41 48 4140185.444
41 49 6580523.642
41 50 1659183.047
41 51 3118540.781
41 52 6572864.4
41 53 7778258.842
41 54 2752294.301
41 55 7570418.294
41 56 2140108.27
41 57 10336704.39
41 58 2390828.783
41 59 9005929.173
41 60 5298231.336
41 61 1019451.567
41 62 5796350.265
41 63 9468889.841
41 64 525926.7841
41 65 5367831.643
41 66 3331848.853
41 67 7914794.726
41 68 6231619.156
41 69 2948167.244
41 70 1381230.889
41 71 7493859.329
41 72 8699408.146
41 73 4733741.984
41 74 661008.3396
41 75 8337657.958
41 76 3048474.307
41 77 5157946.508
41 78 4213955.876
41 79 5631947.236
41 80 1949568.59
41 81 3355441.055
41 82 10894959.2
41 83 2756555.012
41 84 4018163.877
41 85 5194980.808
41 86 4514621.991
41 87 1490957.16
41 88 7799021.885
41 89 9673872.28
41 90 2277669.041
41 91 5539106.335
41 92 4919031.964
41 93 10077729.05
41 94 7026764.99
41 95 8241553.976
41 96 599915.0116
41 97 3607348.49
41 98 1874014.607
41 99 6456409.144
42 43 7676145.804
42 44 6714978.259
42 45 9414003.095
42 46 8060466.359
42 47 3836700.478
42 48 8354712.379
42 49 1938418.739
42 50 7622237.638
42 51 9281478.831
42 52 3508837.281
42 53 6786918.038
42 54 5176259.155
42 55 7085898.798
42 56 8988118.836
42 57 3400054.311
42 58 7551628.286
42 59 7590252.457
42 60 4989497.522
42 61 6483357.463
42 62 3336176.814
42 63 2386136.901
42 64 7971038.076
42 65 4931902.119
42 66 9242929.714
42 67 5735907.913
42 68 1819130.78
42 69 4670447.753
42 70 6191313.513
42 71 5304867.63
42 72 3931744.964
42 73 6971115.291
42 74 7275211.596
42 75 6870732.25
42 76 9231761.104
42 77 2757456.168
42 78 3503164.667
42 79 7137910.742
42 80 6796039.035
42 81 9659751.621
42 82 3871670.059
42 83 4871265.737
42 84 4239320.057
42 85 4613519.62
42 86 3507835.493
42 87 6129801.899
42 88 6388092.387
42 89 9606762.932
42 90 5966866.121
42 91 1963654.446
42 92 8222746.493
42 93 3862739.283
42 94 5602958.86
42 95 6724980.035
42 96 7343440.473
42 97 9605832.584
42 98 6096189.326
42 99 3273497.494
43 44 5142878.762
43 45 6041383.907
43 46 4512161.317
43 47 7809075.843
43 48 1186302.835
43 49 7560193.925
43 50 1352252.871
43 51 1782744.885
43 52 5434438.113
43 53 5406582.259
43 54 4727465.455
43 55 5082853.323
43 56 2211279.171
43 57 9795539.287
43 58 594831.2929
43 59 6558063.935
43 60 3619005.144
43 61 2717422.147
43 62 4889541.868
43 63 9127936.183
43 64 3117315.71
43 65 3706995.861
43 66 1637414.626
43 67 5913508.356
43 68 5998739.914
43 69 4492935.625
43 70 3607257.503
43 71 5612739.084
43 72 7463828.043
43 73 2089318.652
43 74 2338331.697
43 75 6008313.354
43 76 1757610.793
43 77 6277590.04
43 78 5447236.83
43 79 2958688.063
43 80 4732306.315
43 81 2155212.637
43 82 10357483.74
43 83 4392643.498
43 84 5745368.313
43 85 3747804.895
43 86 5912286.592
43 87 2527422.307
43 88 5559608.289
43 89 6857343.251
43 90 1939944.692
43 91 6161928.32
43 92 1940439.715
43 93 9180854.886
43 94 5002392.743
43 95 5945400.227
43 96 3557725.317
43 97 1982635.558
43 98 2101896.105
43 99 5439666.985
44 45 10673554.74
44 46 8998455.275
44 47 9199184.153
44 48 6329118.224
44 49 5325638.776
44 50 3937810.714
44 51 5505659.805
44 52 7043029.106
44 53 9083804.124
44 54 1595068.231
44 55 8988511.3
44 56 4494360.332
44 57 9983466.982
44 58 4575373.758
44 59 10315066.18
44 60 6355839.004
44 61 2446459.98
44 62 6217234.447
44 63 9013585.937
44 64 2646237.336
44 65 6401012.675
44 66 5714775.268
44 67 8906176.057
44 68 6051619.682
44 69 2218367.239
44 70 1615574.552
44 71 8424612.684
44 72 9018585.87
44 73 6497896.239
44 74 2897574.821
44 75 9573813.859
44 76 5435593.508
44 77 4014235.146
44 78 3215194
44 79 7336201.08
44 80 437571.8038
44 81 5736476.161
44 82 10506491.86
44 83 2055298.654
44 84 2546279.67
44 85 6115363.719
44 86 3253395.601
44 87 2778656.366
44 88 8992307.595
44 89 11355827.83
44 90 3716965.902
44 91 4769596.337
44 92 6987681.95
44 93 10026125.43
44 94 8110393.309
44 95 9454625.898
44 96 1813381.466
44 97 5994411.378
44 98 3323677.151
44 99 6851357.496
45 46 1683051.458
45 47 6801461.765
45 48 5122648.056
45 49 10494185.72
45 50 7371243.136
45 51 7164202.02
45 52 5905396.646
45 53 2673799.05
45 54 9661492.101
45 55 2328348.313
45 56 8089753.225
45 57 9403198.064
45 58 6608272.699
45 59 2447842.782
45 60 4876169.069
45 61 8313516.746
45 62 6231107.974
45 63 9338986.322
45 64 9125342.77
45 65 4886552.671
45 66 6844118.796
45 67 3894474.948
45 68 7727252.787
45 69 9139142.119
45 70 9062229.524
45 71 4203584.683
45 72 6436742.185
45 73 4199470.661
45 74 8246664.777
45 75 2815211.311
45 76 7191992.513
45 77 9807537.069
45 78 9412582.874
45 79 3337635.598
45 80 10333509.15
45 81 7364624.945
45 82 9820477.11
45 83 9156265.432
45 84 10147169.67
45 85 5264752.265
45 86 9899067.197
45 87 7911011.671
45 88 3120619.431
45 89 893903.2675
45 90 6958763.326
45 91 9085321.357
45 92 4181707.309
45 93 8219877.433
45 94 3812482.253
45 95 2931701.524
45 96 9418468.6
45 97 6946894.286
45 98 7363169.407
45 99 6145784.576
46 47 5956727.89
46 48 3737657.586
46 49 8982947.771
46 50 5805852.973
46 51 5829006.858
46 52 4586249.276
46 53 1826039.526
46 54 7979498.105
46 55 1325875.761
46 56 6649801.548
46 57 8526568.362
46 58 5052762.903
46 59 2447909.379
46 60 3287489.377
46 61 6656599.243
46 62 4772681.214
46 63 8305408.524
46 64 7538253.181
46 65 3310267.394
46 66 5526467.49
46 67 3040815.359
46 68 6303419.387
46 69 7461601.802
46 70 7389739.7
46 71 3170467.313
46 72 5568793.857
46 73 2557671.134
46 74 6633341.633
46 75 2299077.541
46 76 5846370.092
46 77 8212498.402
46 78 7773115.695
46 79 1671473.023
46 80 8663839.981
46 81 6078992.164
46 82 8998985.055
46 83 7475904.155
46 84 8486953.956
46 85 3686135.143
46 86 8264469.141
46 87 6243774.528
46 88 2265198.225
46 89 2384972.15
46 90 5287696.692
46 91 7541873.618
46 92 2797397.646
46 93 7449443.352
46 94 2606430.453
46 95 2340500.822
46 96 7784607.791
46 97 5688325.254
46 98 5696513.926
46 99 4800072.636
47 48 7952891.723
47 49 5670826.018
47 50 8395994.889
47 51 9591816.477
47 52 2430306.783
47 53 4209803.488
47 54 7623222.018
47 55 4671851.836
47 56 9765884.385
47 57 2603064.831
47 58 7977940.885
47 59 4505967.557
47 60 4201312.945
47 61 7953792.75
47 62 3169306.162
47 63 2654741.621
47 64 9453688.511
47 65 4112911.535
47 66 9425528.682
47 67 2947376.176
47 68 3248403.517
47 69 6983860.916
47 70 8092519.897
47 71 2797479.061
47 72 391640.5024
47 73 6189920.946
47 74 8533752.295
47 75 3987306.221
47 76 9565831.013
47 77 5939513.19
47 78 6262250.459
47 79 5847325.47
47 80 9113791.568
47 81 9962428.098
47 82 3046750.581
47 83 7144029.336
47 84 7171976.368
47 85 4068722.588
47 86 6523666.716
47 87 7473830.037
47 88 3745397.623
47 89 6697823.147
47 90 6827867.79
47 91 4926486.068
47 92 7402788.152
47 93 1506066.326
47 94 3429630.833
47 95 3870045.435
47 96 9116572.484
47 97 9745968.479
47 98 7158554.791
47 99 2512646.088
48 49 8452850.539
48 50 2483367.12
48 51 2092618.051
48 52 5706000.115
48 53 4957584.308
48 54 5870652.321
48 55 4558834.918
48 56 2968843.407
48 57 10142129.48
48 58 1763595.589
48 59 6003641.164
48 60 3795631.87
48 61 3901456.523
48 62 5305054.673
48 63 9567770.113
48 64 4220969.593
48 65 3881958.786
48 66 1797515.084
48 67 5692246.645
48 68 6595002.682
48 69 5591780.131
48 70 4788628.442
48 71 5482274.06
48 72 7583464.004
48 73 1785886.833
48 74 3505288.195
48 75 5562127.234
48 76 2108794.557
48 77 7238633.495
48 78 6459520.897
48 79 2435320.234
48 80 5917766.946
48 81 2361279.26
48 82 10693140.28
48 83 5506956.221
48 84 6834084.691
48 85 4033541.08
48 86 6940645.393
48 87 3688638.415
48 88 5199360.816
48 89 5978997.719
48 90 2997123.622
48 91 7008154.09
48 92 947877.8181
48 93 9396788.732
48 94 4823110.158
48 95 5525850.212
48 96 4722978
48 97 2001363.243
48 98 3227965.058
48 99 5765571.757
49 50 7165688.743
49 51 8944710.596
49 52 4751411.126
49 53 8001254.875
49 54 3960000.405
49 55 8211243.581
49 56 8421914.466
49 57 5274244.039
49 58 7291758.623
49 59 8964080.967
49 60 5713148.515
49 61 5743332.45
49 62 4270682.118
49 63 4259553.367
49 64 7085366.762
49 65 5681126.934
49 66 8975539.306
49 67 7118932.551
49 68 2864221.672
49 69 3633549.28
49 70 5217084.915
49 71 6638517.5
49 72 5708228.319
49 73 7388749.908
49 74 6577068.163
49 75 8200898.595
49 76 8885773.358
49 77 1422581.514
49 78 2366812.893
49 79 7774709.206
49 80 5503330.497
49 81 9303373.085
49 82 5702410.642
49 83 3828533.735
49 84 2783239.374
49 85 5311717.128
49 86 2117771.607
49 87 5511355.357
49 88 7660033.658
49 89 10819676.95
49 90 5659680.551
49 91 1483545.884
49 92 8538519.574
49 93 5801097.674
49 94 6781274.825
49 95 8053506.415
49 96 6337311.226
49 97 9337422.667
49 98 5651727.997
49 99 4486563.704
50 51 1806598.603
50 52 5967003.676
50 53 6527724.725
50 54 3817396.506
50 55 6253873.049
50 56 1401319.478
50 57 10124979.81
50 58 765119.746
50 59 7722293.398
50 60 4359668.548
50 61 1654776.702
50 62 5291939.069
50 63 9358250.209
50 64 1765605.382
50 65 4441763.182
50 66 1909583.027
50 67 6868337.687
50 68 6117033.636
50 69 3743669.749
50 70 2528492.455
50 71 6506362.847
50 72 8082903.963
50 73 3293149.237
50 74 1046163.194
50 75 7115733.858
50 76 1742642.694
50 77 5789169.821
50 78 4879612.379
50 79 4193357.885
50 80 3510201.202
50 81 2147170.328
50 82 10690941.68
50 83 3599314.213
50 84 4977496.988
50 85 4373603.477
50 86 5290786.263
50 87 1688537.137
50 88 6621285.597
50 89 8172055.229
50 90 1678531.504
50 91 5891609.231
50 92 3292119.381
50 93 9665785.722
50 94 5954289.324
50 95 7037167.881
50 96 2248952.502
50 97 2248679.708
50 98 1536400.892
50 99 5913658.604
51 52 7213205.19
51 53 6995302.666
51 54 5596630.844
51 55 6620060.562
51 56 1158893.27
51 57 11551047.7
51 58 1734691.695
51 59 8078274.554
51 60 5399585.68
51 61 3427953.018
51 62 6646844.997
51 63 10855981.46
51 64 2942418.884
51 65 5487725.243
51 66 330109.2477
51 67 7619229.653
51 68 7675328.724
51 69 5549256.89
51 70 4261794.419
51 71 7348144.696
51 72 9246062.342
51 73 3701951.046
51 74 2685215.574
51 75 7601664.618
51 76 70078.28087
51 77 7582300.417
51 78 6680635.511
51 79 4475503.398
51 80 5068105.569
51 81 382550.849
51 82 12114661.44
51 83 5402126.276
51 84 6778325.446
51 85 5529428.77
51 86 7096532.684
51 87 3494974.87
51 88 7200109.014
51 89 8035466.851
51 90 3330587.194
51 91 7630858.661
51 92 3032850.028
51 93 10959836.31
51 94 6718460.499
51 95 7554679.445
51 96 3701794.612
51 97 489818.4007
51 98 3293008.448
51 99 7211764.337
52 53 3296512.616
52 54 5527880.243
52 55 3577668.108
52 56 7341461.871
52 57 4438573.911
52 58 5567236.407
52 59 4212692.104
52 60 1914526.436
52 61 5572367.812
52 62 825980.7913
52 63 3938197.198
52 64 7051402.871
52 65 1830272.83
52 66 7065971.041
52 67 2373956.207
52 68 1890053.692
52 69 4879646.678
52 70 5794021.134
52 71 1887381.611
52 72 2133926.97
52 73 4019319.259
52 74 6118701.95
52 75 3451521.061
52 76 7183430.825
52 77 4441292.914
52 78 4447556.341
52 79 3906314.459
52 80 6901373.189
52 81 7588837.001
52 82 4987435.129
52 83 5011785.592
52 84 5353574.193
52 85 1693561.738
52 86 4826887.882
52 87 5084371.641
52 88 2923858.14
52 89 6125977.947
52 90 4402533.286
52 91 3513392.298
52 92 5289547.466
52 93 3746654.616
52 94 2096712.504
52 95 3304038.662
52 96 6763090.108
52 97 7398163.411
52 98 4743048.037
52 99 266335.5123
53 54 7825095.438
53 55 501889.7244
53 56 7617807.898
53 57 6807002.278
53 58 5844146.772
53 59 1237210.163
53 60 2762376.257
53 61 6967259.943
53 62 3746785.148
53 63 6682572.434
53 64 8124813.231
53 65 2734063.714
53 66 6729487.594
53 67 1262447.901
53 68 5167895.528
53 69 7229529.793
53 70 7547412.072
53 71 1529785.635
53 72 3830450.257
53 73 3322605.369
53 74 7159368.53
53 75 606362.3552
53 76 6997340.423
53 77 7481083.997
53 78 7238220.158
53 79 2524723.95
53 80 8813721.741
53 81 7300667.127
53 82 7255178.92
53 83 7292730.027
53 84 8062191.69
53 85 3077058.036
53 86 7695055.824
53 87 6494911.371
53 88 464488.834
53 89 2829923.227
53 90 5553587.016
53 91 6660790.782
53 92 4113415.637
53 93 5679794.484
53 94 1220165.374
53 95 575067.537
53 96 8182888.912
53 97 6957930.065
53 98 5979388.974
53 99 3550170.32
54 55 7790031.584
54 56 4808489.664
54 57 8401769.949
54 58 4249847.065
54 59 9036326.179
54 60 5063243.681
54 61 2169169.572
54 62 4706735.771
54 63 7440518.728
54 64 3216225.993
54 65 5095504.219
54 66 5725838.934
54 67 7515751.618
54 68 4457747.676
54 69 648538.4443
54 70 1383690.149
54 71 7020597.397
54 72 7454443.182
54 73 5614700.412
54 74 2945277.781
54 75 8272968.671
54 76 5529113.576
54 77 2566613.997
54 78 1682134.042
54 79 6368233.017
54 80 1620411.681
54 81 5902917.087
54 82 8929784.553
54 83 535506.8962
54 84 1269025.311
54 85 4773910.12
54 86 1842968.875
54 87 2207549.868
54 88 7682824.92
54 89 10273056.95
54 90 2924136.634
54 91 3215614.931
54 92 6351879.924
54 93 8431147.656
54 94 6772414.163
54 95 8145418.862
54 96 2410894.279
54 97 6058022.797
54 98 2643391.663
54 99 5322438.519
55 56 7290885.953
55 57 7260883.11
55 58 5548369.361
55 59 1475301.56
55 60 2764720.593
55 61 6800634.303
55 62 3940610.642
55 63 7100800.204
55 64 7893633.104
55 65 2752078.041
55 66 6344943.579
55 67 1731551.764
55 68 5413119.075
55 69 7212919.888
55 70 7425098.074
55 71 1929985.759
55 72 4288315.964
55 73 2994055.425
55 74 6938386.831
55 75 1041052.664
55 76 6625544.455
55 77 7612179.438
55 78 7309319.581
55 79 2147547.059
55 80 8699849.171
55 81 6914259.465
55 82 7718581.649
55 83 7262687.379
55 84 8105371.5
55 85 3117344.501
55 86 7778773.107
55 87 6340505.611
55 88 942948.9591
55 89 2622570.616
55 90 5386567.218
55 91 6833559.776
55 92 3687912.774
55 93 6152574.491
55 94 1484356.528
55 95 1048897.709
55 96 8000329.035
55 97 6559715.665
55 98 5812192.675
55 99 3819999.879
56 57 11526107.31
56 58 1832921.62
56 59 8765547.902
56 60 5667149.037
56 61 2702849.15
56 62 6683454.048
56 63 10757988.85
56 64 1863029.74
56 65 5752105.37
56 66 1463022.83
56 67 8088300.986
56 68 7513175.412
56 69 4873130.514
56 70 3429257.029
56 71 7760077.055
56 72 9444714.541
56 73 4299371.49
56 74 1876485.346
56 75 8219222.98
56 76 1097026.287
56 77 7018227.897
56 78 6085027.709
56 79 5156405.423
56 80 4059469.6
56 81 1278372.461
56 82 12092078.07
56 83 4703250.484
56 84 6046581.886
56 85 5717306.741
56 86 6454703.768
56 87 2916002.843
56 88 7764725.395
56 89 8939926.364
56 90 3076176.599
56 91 7210169.397
56 92 3908392.845
56 93 11055264.42
56 94 7173146.041
56 95 8155140.228
56 96 2682333.668
56 97 1623010.87
56 98 2893229.243
56 99 7297875.474
57 58 9848457.469
57 59 7078877.79
57 60 6353040.091
57 61 9323931.581
57 62 4906255.295
57 63 1016638.806
57 64 10856420.59
57 65 6268479.874
57 66 11432762.48
57 67 5545155.355
57 68 4105290.307
57 69 7829941.583
57 70 9225992.145
57 71 5356101.894
57 72 2976860.295
57 73 8451414.29
57 74 10031649.39
57 75 6588211.223
57 76 11514797.12
57 77 6131314.239
57 78 6783937.789
57 79 8248411.858
57 80 10010491.09
57 81 11932019.38
57 82 565982.9114
57 83 8021493.438
57 84 7589392.044
57 85 6112974.156
57 86 6862552.669
57 87 8893836.754
57 88 6342568.041
57 89 9274076.613
57 90 8459904.99
57 91 5234463.268
57 92 9713286.243
57 93 1286155.511
57 94 5950873.849
57 95 6472428.54
57 96 10350075.87
57 97 11776259.64
57 98 8708071.57
57 99 4381036.505
58 59 7021769.293
58 60 3842075.427
58 61 2174066.738
58 62 4955956.292
58 63 9134092.769
58 64 2529883.152
58 65 3927876.465
58 66 1699476.942
58 67 6261729.2
58 68 5941920.614
58 69 4069658.11
58 70 3068973.703
58 71 5927857.439
58 72 7647221.859
58 73 2565146.312
58 74 1745804.305
58 75 6439317.567
58 76 1689088.633
58 77 5965605.277
58 78 5099216.364
58 79 3458308.377
58 80 4159550.199
58 81 2116101.482
58 82 10413392.05
58 83 3952823.545
58 84 5323675.365
58 85 3913044.577
58 86 5546358.287
58 87 2043113.757
58 88 5964426.095
58 89 7413223.727
58 90 1633900.207
58 91 5938074.597
58 92 2533708.649
58 93 9304657.519
58 94 5346038.614
58 95 6367612.725
58 96 2965188.713
58 97 2063853.16
58 98 1689660.236
58 99 5544235.907
59 60 3975728.85
59 61 8203166.108
59 62 4785727.257
59 63 7128193.311
59 64 9343974.045
59 65 3940982.214
59 66 7797160.538
59 67 1858594.025
59 68 6101292.447
59 69 8432520.005
59 70 8783583.524
59 71 2325733.023
59 72 4169800.663
59 73 4469356.772
59 74 8382260.864
59 75 784284.827
59 76 8085827.356
59 77 8557570.109
59 78 8378387.68
59 79 3616015.15
59 80 10048564.04
59 81 8364171.902
59 82 7462096.728
59 83 8502402.814
59 84 9223390.738
59 85 4268668.829
59 86 8821593.714
59 87 7731744.618
59 88 1372124.066
59 89 2195204.488
59 90 6789011.229
59 91 7689340.025
59 92 5107604.859
59 93 5853940.221
59 94 2304110.716
59 95 926948.9218
59 96 9416811.089
59 97 7999786.955
59 98 7214951.213
59 99 4477818.34
60 61 4387274.55
60 62 1668181.559
60 63 5826321.49
60 64 5714676.239
60 65 88405.46331
60 66 5225631.01
60 67 2623611.008
60 68 3173353.849
60 69 4467915.009
60 70 4864679.611
60 71 2196122.371
60 72 3848778.026
60 73 2113447.404
60 74 4741003.978
60 75 3221354.026
60 76 5376296.268
60 77 4933796.404
60 78 4559024.636
60 79 2148426.586
60 80 6109355.771
60 81 5766813.107
60 82 6900917.181
60 83 4530496.341
60 84 5341616.179
60 85 401437.3511
60 86 5037132.463
60 87 3894835.106
60 88 2636972.769
60 89 5347034.002
60 90 3020680.912
60 91 4259013.09
60 92 3390398.732
60 93 5612971.789
60 94 1766468.845
60 95 3099713.98
60 96 5621629.492
60 97 5544661.094
60 98 3429147.142
60 99 1998800.436
61 62 4787651.173
61 63 8464435.862
61 64 1533088.217
61 65 4451500.641
61 66 3559059.166
61 67 7010862.312
61 68 5220053.916
61 69 2170666.883
61 70 895115.4517
61 71 6572829.721
61 72 7693643.177
61 73 4114951.034
61 74 834512.7035
61 75 7506401.749
61 76 3360660.584
61 77 4329604.468
61 78 3390397.459
61 79 4985138.833
61 80 2057524.673
61 81 3739224.246
61 82 9883263.774
61 83 2004116.901
61 84 3364800.408
61 85 4250178.26
61 86 3751895.277
61 87 496817.1996
61 88 6950684.63
61 89 9035990.293
61 90 1414932.245
61 91 4610807.413
61 92 4541274.98
61 93 9058401.081
61 94 6140584.824
61 95 7402251.012
61 96 1234409.636
61 97 3889079.67
61 98 988868.774
61 99 5448935.959
62 63 4266990.617
62 64 6284391.187
62 65 1604342.422
62 66 6526609.425
62 67 3014481.327
62 68 1536963.938
62 69 4059003.579
62 70 4977542.262
62 71 2507244.987
62 72 2907320.496
62 73 3735906.571
62 74 5368119.577
62 75 4005008.549
62 76 6611689.649
62 77 3774203.947
62 78 3686253.424
62 79 3810582.8
62 80 6076122.207
62 81 7027265.289
62 82 5468845.429
62 83 4188418.11
62 84 4580444.108
62 85 1318935.151
62 86 4091167.885
62 87 4305417.692
62 88 3437069.733
62 89 6552645.998
62 90 3678229.034
62 91 2915581.77
62 92 5012889.804
62 93 4374063.638
62 94 2529051.895
62 95 3859858.443
62 96 5964102.009
62 97 6870995.781
62 98 3994562.326
62 99 662274.0928
63 64 9992116.534
63 65 5746346.942
63 66 10758737.81
63 67 5444550.185
63 68 3258565.709
63 69 6883391.159
63 70 8316333.411
63 71 5170816.289
63 72 2961983.956
63 73 7939748.529
63 74 9197751.344
63 75 6552163.682
63 76 10815842.02
63 77 5127336.822
63 78 5804441.153
63 79 7836037.391
63 80 9055616.726
63 81 11238406.27
63 82 1496745.865
63 83 7077975.787
63 84 6593656.699
63 85 5542586.36
63 86 5864683.546
63 87 8051162.038
63 88 6224822.283
63 89 9306851.614
63 90 7681993.249
63 91 4250225.57
63 92 9216193.145
63 93 1831407.139
63 94 5699177.039
63 95 6423575.945
63 96 9451755.123
63 97 11109689.92
63 98 7902427.516
63 99 3827599.307
64 65 5787301.755
64 66 3193097.785
64 67 8318602.195
64 68 6751909.798
64 69 3451891.006
64 70 1870853.068
64 71 7909927.136
64 72 9182005.788
64 73 4995995.893
64 74 975870.7725
64 75 8694695.561
64 76 2873525.084
64 77 5663119.939
64 78 4720501.003
64 79 5899093.222
64 80 2216518.329
64 81 3130018.848
64 82 11415333.24
64 83 3257249.859
64 84 4485249.542
64 85 5633343.46
64 86 5006728.208
64 87 1986947.698
64 88 8167993.825
64 89 9914608.53
64 90 2702833.597
64 91 6061585.15
64 92 5055656.565
64 93 10584006.18
64 94 7421456.111
64 95 8603759.556
64 96 860098.2554
64 97 3430356.553
64 98 2320165.358
64 99 6942438.748
65 66 5314008.458
65 67 2560204.047
65 68 3117819.138
65 69 4495783.563
65 70 4918142.253
65 71 2126103.267
65 72 3760421.682
65 73 2194046.603
65 74 4814297.176
65 75 3181963.3
65 76 5464345.959
65 77 4921078.518
65 78 4562517.969
65 79 2207205.746
65 80 6158861.728
65 81 5855067.055
65 82 6815816.225
65 83 4561903.517
65 84 5353513.212
65 85 378322.8216
65 86 5037773.508
65 87 3958147.13
65 88 2595190.088
65 89 5344209.705
65 90 3090798.308
65 91 4232182.305
65 92 3469866.891
65 93 5525186.726
65 94 1713567.149
65 95 3058272.811
65 96 5685905.662
65 97 5633064.227
65 98 3497148.732
65 99 1918791.496
66 67 7386070.584
66 68 7604931.854
66 69 5642847.266
66 70 4415343.812
66 71 7129172.018
66 72 9074345.643
66 73 3457637.394
66 74 2855499.28
66 75 7335604.122
66 76 376412.9844
66 77 7630450.827
66 78 6742539.092
66 79 4205690.521
66 80 5277897.669
66 81 571773.0066
66 82 11994830.2
66 83 5503878.288
66 84 6883122.439
66 85 5375503.654
66 86 7171033.069
66 87 3582251.724
66 88 6946387.562
66 89 7717612.982
66 90 3328394.254
66 91 7635273.94
66 92 2729078.889
66 93 10810947.73
66 94 6491363.904
66 95 7292351.694
66 96 3923578.213
66 97 364377.6518
66 98 3333064.338
66 99 7075648.393
67 68 4254718.976
67 69 6885956.854
67 70 7463853.298
67 71 508618.8277
67 72 2568358.866
67 73 3931989.296
67 74 7342849.442
67 75 1144931.985
67 76 7610713.189
67 77 6780126.121
67 78 6681654.286
67 79 3311848.599
67 80 8687301.515
67 81 7954885.078
67 82 5993079.03
67 83 6981121.824
67 84 7558102.273
67 85 2799753.636
67 86 7100681.225
67 87 6518092.462
67 88 798021.6322
67 89 3919090.058
67 90 5637897.493
67 91 5878743.802
67 92 4951642.746
67 93 4421526.879
67 94 915790.9102
67 95 1003712.101
67 96 8245232.549
67 97 7654058.927
67 98 6050278.573
67 99 2640272.762
68 69 3839985.069
68 70 5142198.723
68 71 3775565.918
68 72 3156216.145
68 73 5159649.501
68 74 5941176.244
68 75 5341571.328
68 76 7630904.17
68 77 2739434.751
68 78 3016682.406
68 79 5321471.259
68 80 6018396.418
68 81 8057396.51
68 82 4663438.126
68 83 4017947.141
68 84 3923973.523
68 85 2794791.305
68 86 3279910.543
68 87 4796936.998
68 88 4809564.246
68 89 7996378.322
68 90 4438511.076
68 91 1739503.929
68 92 6418695.464
68 93 3978708.8
68 94 3952998.441
68 95 5194090.131
68 96 6253362.348
68 97 7963298.399
68 98 4645777.092
68 99 1626990.474
69 70 1586065.571
69 71 6388409.768
69 72 6810534.783
69 73 5167258.848
69 74 2999133.026
69 75 7664478.428
69 76 5484388.331
69 77 2211229.105
69 78 1269522.676
69 79 5879615.459
69 80 2185460.13
69 81 5879449.576
69 82 8365195.419
69 83 202290.9201
69 84 1254522.984
69 85 4164496.113
69 86 1583946.293
69 87 2060650.018
69 88 7073141.303
69 89 9725634.282
69 90 2597007.207
69 91 2709360.755
69 92 5993407.608
69 93 7818161.121
69 94 6156990.392
69 95 7534901.392
69 96 2723257.365
69 97 5989477.337
69 98 2393326.384
69 99 4673902.273
70 71 6999812.103
70 72 7866601.142
70 73 4882509.156
70 74 1582462.225
70 75 8058671.584
70 76 4193064.372
70 77 3795736.961
70 78 2855516.771
70 79 5724597.304
70 80 1278805.855
70 81 4552268.849
70 82 9774851.311
70 83 1388820.761
70 84 2641906.979
70 85 4665293.87
70 86 3136669.535
70 87 1164372.193
70 88 7486047.841
70 89 9753632.19
70 90 2103587.442
70 91 4249211.959
70 92 5399675.969
70 93 9084285.007
70 94 6630902.681
70 95 7945395.271
70 96 1152667.827
70 97 4734213.05
70 98 1708189.346
70 99 5635533.543
71 72 2406884.9
71 73 3700798.932
71 74 6935557.499
71 75 1572988.69
71 76 7335652.107
71 77 6275690.175
71 78 6173108.063
71 79 3174549.5
71 80 8213506.681
71 81 7693653.584
71 82 5831516.164
71 83 6486557.968
71 84 7050286.057
71 85 2336081.459
71 86 6592215.951
71 87 6077954.992
71 88 1094602.011
71 89 4308596.31
71 90 5216563.359
71 91 5380852.126
71 92 4798532.396
71 93 4300107.033
71 94 674561.4461
71 95 1425878.987
71 96 7806789.707
71 97 7411468.693
71 98 5623086.583
71 99 2152921.775
72 73 5815651.858
72 74 8252312.297
72 75 3626053.694
72 76 9221363.106
72 77 5882043.807
72 78 6148160.129
72 79 5460425.049
72 80 8917005.273
72 81 9614807.925
72 82 3431475.261
72 83 6964310.497
72 84 7063010.339
72 85 3734266.428
72 86 6434606.729
72 87 7209112.249
72 88 3365972.284
72 89 6355708.584
72 90 6535688.101
72 91 4870825.988
72 92 7021981.192
72 93 1897667
72 94 3038005.23
72 95 3505369.049
72 96 8870444.09
72 97 9391597.159
72 98 6876576.266
72 99 2245217.856
73 74 4078622.515
73 75 3926646.14
73 76 3698242.314
73 77 6350381.486
73 78 5726462.008
73 79 903281.6956
73 80 6145442.874
73 81 4028119.662
73 82 8993837.723
73 83 5145944.903
73 84 6307318.587
73 85 2418753.816
73 86 6227479.327
73 87 3722943.017
73 88 3501085.26
73 89 4942601.69
73 90 2783866.85
73 91 5905867.32
73 92 1279040.937
73 93 7650836.345
73 94 3047592.147
73 95 3869529.673
73 96 5227573.619
73 97 3722126.318
73 98 3175667.168
73 99 4112245.687
74 75 7725786.42
74 76 2615994.911
74 77 5164044.586
74 78 4224863.364
74 79 4978519.616
74 80 2467312.761
74 81 2969978.319
74 82 10594257.24
74 83 2827240.425
74 84 4172423.289
74 85 4667489.303
74 86 4582340.903
74 87 1151034.325
74 88 7195710.912
74 89 9016467.64
74 90 1737894.009
74 91 5426245.971
74 92 4265391.103
74 93 9702025.023
74 94 6445628.725
74 95 7633298.659
74 96 1219452.466
74 97 3162957.881
74 98 1375766.813
74 99 6021211.451
75 76 7603681.117
75 77 7775187.029
75 78 7594909.854
75 79 3130446.732
75 80 9316947.306
75 81 7906716.349
75 82 7006950.749
75 83 7738290.037
75 84 8442110.222
75 85 3500220.725
75 86 8037418.764
75 87 7028206.051
75 88 592227.1714
75 89 2776880.291
75 90 6096505.958
75 91 6912506.399
75 92 4711459.547
75 93 5409343.541
75 94 1521942.806
75 95 147490.072
75 96 8728730.57
75 97 7562878.355
75 98 6521173.698
75 99 3715157.575
76 77 7521558.542
76 78 6618563.685
76 79 4479709.72
76 80 4998040.274
76 81 428040.0939
76 82 12078666.58
76 83 5336604.103
76 84 6712409.459
76 85 5501583.975
76 86 7033181.507
76 87 3431175.829
76 88 7198020.218
76 89 8061524.22
76 90 3277340.815
76 91 7575314.481
76 92 3051911.425
76 93 10929871.62
76 94 6708381.812
76 95 7555405.484
76 96 3631842.629
76 97 559663.3779
76 98 3234333.091
76 99 7179663.234
77 78 944566.6317
77 79 6850750.609
77 80 4148995.573
77 81 7934269.145
77 82 6621188.754
77 83 2406930.145
77 84 1489737.274
77 85 4542820.121
77 86 762600.6791
77 87 4117944.837
77 88 7200468.285
77 89 10232854.61
77 90 4347772.915
77 91 1013090.87
77 92 7420874.25
77 93 6405452.477
77 94 6278441.14
77 95 7630884.228
77 96 4921002.546
77 97 7989491.42
77 98 4297415.753
77 99 4180636.987
78 79 6312004.375
78 80 3296873.444
78 81 7026773.642
78 82 7299693.383
78 83 1467469.598
78 84 917148.7
78 85 4192608.967
78 86 501171.8717
78 87 3197902.966
78 88 7006826.165
78 89 9905926.133
78 90 3507388.533
78 91 1555384.754
78 92 6719294.765
78 93 6914050.223
78 94 6074710.018
78 95 7455387.331
78 96 3988022.189
78 97 7098555.926
78 98 3415222.044
78 99 4205036.463
79 80 6996461.672
79 81 4776548.006
79 82 8771564.285
79 83 5878192.138
79 84 6963318.962
79 85 2530488.252
79 86 6811356.267
79 87 4574740.601
79 88 2768896.612
79 89 4053579.083
79 90 3621178.392
79 91 6297181.708
79 92 1640041.181
79 93 7342575.935
79 94 2500070.029
79 95 3091034.256
79 96 6117809.361
79 97 4434003.92
79 98 4027109.365
79 99 4052369.235
80 81 5299398.773
80 82 10542243.54
80 83 2001319.055
80 84 2724021.479
80 85 5888653.145
80 86 3398792.891
80 87 2423166.361
80 88 8740244.128
80 89 11030686.79
80 90 3376147.685
80 91 4836011.145
80 92 6594129.259
80 93 9996898.641
80 94 7872142.781
80 95 9201134.507
80 96 1377446.394
80 97 5556887.309
80 98 2971017.528
80 99 6721229.253
81 82 12495477.6
81 83 5727553.81
81 84 7099899.258
81 85 5903016.122
81 86 7435818.451
81 87 3833438.574
81 88 7518118.486
81 89 8243526.513
81 90 3703994.093
81 91 7999289.564
81 92 3283506.292
81 93 11335454.72
81 94 7058435.196
81 95 7863875.843
81 96 3924262.693
81 97 435817.6827
81 98 3653586.127
81 99 7589759.662
82 83 8558144.561
82 84 8090008.016
82 85 6667247.466
82 86 7360690.983
82 87 9455279.109
82 88 6790983.507
82 89 9654257.05
82 90 9025620.039
82 91 5746173.622
82 92 10251743.45
82 93 1608332.575
82 94 6441483.258
82 95 6896471.821
82 96 10902175.96
82 97 12337611.8
82 98 9272672.275
82 99 4936744.084
83 84 1379450.294
83 85 4238872.357
83 86 1764181.763
83 87 1926149.489
83 88 7147969.178
83 89 9756976.243
83 90 2521670.504
83 91 2910800.809
83 92 5936630.357
83 93 7996654.651
83 94 6237021.549
83 95 7610486.399
83 96 2522500.823
83 97 5847549.613
83 98 2290808.534
83 99 4811406.704
84 85 4992907.663
84 86 731495.0508
84 87 3305080.588
84 88 7851433.24
84 89 10678638.36
84 90 3836965.371
84 91 2367337.214
84 92 7200529.819
84 93 7783888.676
84 94 6920168.487
84 95 8304821.776
84 96 3675202.304
84 97 7226076.558
84 98 3647333.563
84 99 5114193.349
85 86 4665290.508
85 87 3753761.295
85 88 2909331.052
85 89 5717016.428
85 90 2930798.303
85 91 3858229.913
85 92 3697024.127
85 93 5435520.295
85 94 2001614.616
85 95 3371672.569
85 96 5481771.373
85 97 5705727.027
85 98 3321323.573
85 99 1732742.677
86 87 3602581.619
86 88 7451785.643
86 89 10381907.11
86 90 3973238.438
86 91 1655244.868
86 92 7214801.921
86 93 7082212.972
86 94 6520463.023
86 95 7896500.306
86 96 4234805.422
86 97 7523951.721
86 98 3857423.573
86 99 4576929.249
87 88 6468830.711
87 89 8615779.436
87 90 961331.2767
87 91 4303106.057
87 92 4251718.596
87 93 8597788.575
87 94 5651246.35
87 95 6922170.886
87 96 1728906.88
87 97 3929818
87 98 547893.1447
87 99 4965636.488
88 89 3219086.872
88 90 5545414.145
88 91 6350465.15
88 92 4393676.742
88 93 5217125.161
88 94 932145.5037
88 95 463122.4104
88 96 8177207.098
88 97 7191019.612
88 98 5968570.776
88 99 3183617.102
89 90 7656550.932
89 91 9454141.847
89 92 5033353.357
89 93 8045924.726
89 94 4043854.183
89 95 2915605.052
89 96 10169487.22
89 97 7828434.619
89 98 8069746.417
89 99 6380093.057
90 91 4307066.709
90 92 3427748.325
90 93 8043967.774
90 94 4753645.389
90 95 5994402.558
90 96 2632359.374
90 97 3692352.726
90 98 426089.0879
90 99 4320425.824
91 92 7063460.341
91 93 5427583.357
91 94 5444393.515
91 95 6766363.819
91 96 5401635.592
91 97 7999336.567
91 98 4356462.562
91 99 3248429.335
92 93 8880398.535
92 94 4126032.456
92 95 4687347.488
92 96 5481485.741
92 97 2900822.058
92 98 3739163.921
92 99 5388657.577
93 94 4935665.328
93 95 5302100.726
93 96 10165115.23
93 97 11140673.64
93 98 8339951.679
93 99 3761287.776
94 95 1385451.045
94 96 7373598.544
94 97 6766602.449
94 98 5170500.166
94 99 2343726.728
95 96 8626734.28
95 97 7525021.369
95 98 6418419.106
95 99 3567699.906
96 97 4191446.056
96 98 2208639.852
96 99 6626335.682
97 98 3692217.298
97 99 7413120.338
98 99 4646223.444
