4950
0 1 8910182.537
0 2 8033773.748
0 3 8313321.832
0 4 7534425.543
0 5 10111417.93
0 6 4216295.624
0 7 8941575.463
0 8 7149344.897
0 9 11963664.08
0 10 3024693.863
0 11 7142924.065
0 12 6403416.468
0 13 2298423.694
0 14 2430326.03
0 15 3751160.024
0 16 824719.2974
0 17 3899717.626
0 18 5108828.8
0 19 6487238.639
0 20 4555004.23
0 21 7149821.048
0 22 5726520.625
0 23 5770676.091
0 24 9324868.908
0 25 5910675.545
0 26 6855079.859
0 27 7161416.382
0 28 7183391.478
0 29 9684653.855
0 30 7267958.534
0 31 6176313.039
0 32 5589093.126
0 33 10083535.33
0 34 9508957.422
0 35 5541691.466
0 36 4822011.76
0 37 8094594.371
0 38 3734374.548
0 39 2559184.714
0 40 8569777.427
0 41 912682.307
0 42 5664208.168
0 43 8887573.896
0 44 8321223.629
0 45 3195724.863
0 46 7790175.439
0 47 4103600.22
0 48 5691865.127
0 49 2254692.398
0 50 7753579.027
0 51 4811629.394
0 52 8226495.153
0 53 9058394.22
0 54 3779828.942
0 55 6081464.781
0 56 4030758.927
0 57 8025952.422
0 58 4754723.236
0 59 7038872.854
0 60 4623244.306
0 61 1939914.928
0 62 7034863.946
0 63 7003446.669
0 64 6455648.609
0 65 1922954.603
0 66 8391774.683
0 67 6074625.309
0 68 7522997.024
0 69 5870926.167
0 70 9354582.002
0 71 5558476.827
0 72 2529543.636
0 73 12665080.26
0 74 6924386.427
0 75 9812713.816
0 76 9510145.664
0 77 9139190.725
0 78 6777193.263
0 79 6456016.279
0 80 9148184.079
0 81 8605540.003
0 82 5733517.39
0 83 2638998.398
0 84 7504812.085
0 85 2415986.175
0 86 6905570.669
0 87 786816.0863
0 88 8505074.472
0 89 7203963.228
0 90 12006264.68
0 91 6551194.44
0 92 4105790.576
0 93 1929586.797
0 94 8141411.206
0 95 6667345.484
0 96 4069389.446
0 97 7714418.071
0 98 6584998.889
0 99 6653301.079
1 2 3966652.624
1 3 5290244.766
1 4 5504852.546
1 5 8086455.396
1 6 4969101.127
1 7 4816134.746
1 8 9350731.318
1 9 6831635.977
1 10 6004078.714
1 11 1844446.289
1 12 9885879.275
1 13 8843811.623
1 14 9193792.805
1 15 6800493.948
1 16 8223611.065
1 17 7412995.709
1 18 8089566.328
1 19 3146682.936
1 20 4620524.239
1 21 6541450.861
1 22 8071353.307
1 23 3210287.501
1 24 4479087.772
1 25 9453257.308
1 26 8901472.939
1 27 5816683.39
1 28 10619149.31
1 29 4997972.653
1 30 3875059.747
1 31 5359564.898
1 32 8180141.616
1 33 8436694.835
1 34 2538844.382
1 35 3423582.39
1 36 4207623.382
1 37 4804114.977
1 38 5645464.356
1 39 6388862.29
1 40 4957137.217
1 41 8003570.795
1 42 4220555.26
1 43 4756385.912
1 44 590915.0181
1 45 8314611.667
1 46 1809257.593
1 47 8344849.195
1 48 3442660.819
1 49 6657679.247
1 50 1398944.072
1 51 5083494.152
1 52 6338255.912
1 53 3579162.36
1 54 6820323.38
1 55 6526523.585
1 56 6414168.593
1 57 3586745.397
1 58 8314586.217
1 59 1950260.277
1 60 4437701.863
1 61 9179630.369
1 62 2962635.421
1 63 2850991.82
1 64 10630010.58
1 65 8147727.834
1 66 11170423.34
1 67 3717864.973
1 68 7999874.861
1 69 6356105.633
1 70 5483645.409
1 71 4451250.844
1 72 8400694.184
1 73 7476267.279
1 74 3970552.367
1 75 4483143.746
1 76 4369339.354
1 77 2024175.28
1 78 10291264.31
1 79 3142272.865
1 80 728933.8025
1 81 8519217.109
1 82 4379647.677
1 83 8288238.278
1 84 1881975.223
1 85 6696289.972
1 86 2362781.127
1 87 8214041.259
1 88 11123174.78
1 89 11126142.82
1 90 7011545.923
1 91 9334346.017
1 92 7384901.293
1 93 7530632.234
1 94 11649121.22
1 95 7731387.069
1 96 8985127.622
1 97 1504709.321
1 98 2382824.146
1 99 3128992.29
2 3 1330461.998
2 4 1641019.291
2 5 4203800.135
2 6 3981233.05
2 7 1158783.87
2 8 5723467.175
2 9 4160954.594
2 10 6018766.971
2 11 4049179.656
2 12 6508430.508
2 13 6955178.455
2 14 7241895.645
2 15 4636730.868
2 16 7213618.878
2 17 4983144.098
2 18 5048901
2 19 5356147.246
2 20 3720457.614
2 21 2783756.285
2 22 4796853.296
2 23 3364932.539
2 24 1322243.429
2 25 6184831.619
2 26 5313843.896
2 27 2068647.771
2 28 7111459.754
2 29 1783963.491
2 30 783464.4585
2 31 2211298.003
2 32 4956437.228
2 33 4520275.412
2 34 2235556.356
2 35 4389526.854
2 36 3740630.697
2 37 837478.8096
2 38 6252842.826
2 39 6108552.936
2 40 1075673.313
2 41 7183941.702
2 42 2429162.749
2 43 1087500.318
2 44 3793879.767
2 45 6074295.163
2 46 2303567.815
2 47 5706900.494
2 48 3047835.488
2 49 6150005.9
2 50 2890907.607
2 51 3222170.671
2 52 2376328.135
2 53 1147619.021
2 54 4631306.448
2 55 3177545.741
2 56 4243593.799
2 57 380100.9402
2 58 5410040.378
2 59 3093015.932
2 60 3817607.712
2 61 7438690.215
2 62 1624494.421
2 63 5456271.346
2 64 7324115.919
2 65 6537895.722
2 66 7455014.461
2 67 5720117.532
2 68 4198015.756
2 69 3130595.401
2 70 1832485.291
2 71 2491195.358
2 72 6451611.829
2 73 4894240.479
2 74 1119394.573
2 75 1782528.466
2 76 1480922.648
2 77 2315404.208
2 78 6852518.86
2 79 5318777.757
2 80 3464335.112
2 81 4583488.997
2 82 2313420.841
2 83 6305032.605
2 84 4726796.502
2 85 6614812.117
2 86 4688815.959
2 87 7586412.44
2 88 7381424.431
2 89 7677787.739
2 90 4259579.501
2 91 5863296.236
2 92 4857476.46
2 93 7469090.669
2 94 8042442.943
2 95 4135969.372
2 96 6352696.384
2 97 4450038.73
2 98 4071844.459
2 99 5489524.243
3 4 846625.3332
3 5 2901160.314
3 6 4596506.131
3 7 897369.8144
3 8 4740648.972
3 9 3655654.433
3 10 6713067.087
3 11 5319808.852
3 12 5676929.595
3 13 6895172.872
3 14 7136888.481
3 15 4654996.292
3 16 7490228.748
3 17 4822565.224
3 18 4522117.24
3 19 6552200.079
3 20 4412090.049
3 21 1873429.68
3 22 4130675.673
3 23 4414719.337
3 24 1503173.419
3 25 5438235.486
3 26 4378156.568
3 27 1339337.183
3 28 6174591.352
3 29 1558981.507
3 30 1751084.77
3 31 2138517.545
3 32 4313816.043
3 33 3199353.017
3 34 3333694.731
3 35 5459951.459
3 36 4564388.416
3 37 506596.0472
3 38 7088369.253
3 39 6708353.528
3 40 471484.5858
3 41 7530625.855
3 42 3112325.264
3 43 893131.3677
3 44 5123946.381
3 45 5911877.041
3 46 3628083.547
3 47 5366783.37
3 48 4030382.38
3 49 6674664.816
3 50 4211476.771
3 51 3639891.028
3 52 1102906.206
3 53 2045273.558
3 54 4637565.161
3 55 2650041.919
3 56 4313298.42
3 57 1709441.747
3 58 4939265.9
3 59 4354625.212
3 60 4582050.204
3 61 7414123.007
3 62 2818462.833
3 63 6696980.009
3 64 6510896.136
3 65 6625355.711
3 66 6366423.952
3 67 6868651.265
3 68 3114511.209
3 69 2720525.227
3 70 1047246.489
3 71 3075216.902
3 72 6398086.644
3 73 4351821.315
3 74 1943195.232
3 75 1999572.781
3 76 1765247.552
3 77 3538309.313
3 78 5968854.093
3 79 6512224.814
3 80 4762359.119
3 81 3329372.546
3 82 2911032.411
3 83 6246653.227
3 84 6015876.162
3 85 7237851.517
3 86 5932637.672
3 87 7975982.58
3 88 6274423.801
3 89 6765868.693
3 90 3693037.322
3 91 4992498.592
3 92 4657409.742
3 93 8046510.106
3 94 7020455.361
3 95 3262110.024
3 96 5970503.653
3 97 5755004.62
3 98 5285927.075
3 99 6699372.599
4 5 3145617.287
4 6 3990046.707
4 7 1699912.121
4 8 4098407.138
4 9 4467773.403
4 10 6106817.839
4 11 5243532.614
4 12 4948317.111
4 13 6058361.896
4 14 6295580.675
4 15 3840113.789
4 16 6714474.837
4 17 3981789.427
4 18 3692990.613
4 19 6341153.699
4 20 3851684.685
4 21 1157029.257
4 22 3330731.922
4 23 4100589.815
4 24 2278370.94
4 25 4672432.369
4 26 3702203.234
4 27 506555.3071
4 28 5505245.143
4 29 2398904.9
4 30 1667498.107
4 31 1374183.346
4 32 3508493.187
4 33 3350898.71
4 34 3855302.086
4 35 5134017.546
4 36 4077293.137
4 37 945906.36
4 38 6557746.688
4 39 6056075.884
4 40 1257310.801
4 41 6774889.127
4 42 2614379.446
4 43 1678925.866
4 44 5252019.765
4 45 5068439.416
4 46 3738956.074
4 47 4521347.557
4 48 3676501.16
4 49 5990004.827
4 50 4287918.942
4 51 2974381.552
4 52 996620.5302
4 53 2641190.034
4 54 3820578.211
4 55 1808947.055
4 56 3513183.085
4 57 1989824.726
4 58 4103598.447
4 59 4285759.337
4 60 4057820.269
4 61 6580135.225
4 62 2737785.975
4 63 6547487.817
4 64 5776510.312
4 65 5810784.353
4 66 5814399.717
4 67 6596398.541
4 68 2557504.045
4 69 1873912.647
4 70 1876989.757
4 71 2524194.824
4 72 5563177.494
4 73 5148793.861
4 74 1707760.777
4 75 2794758.212
4 76 2535406.696
4 77 3955890.034
4 78 5267867.346
4 79 6298406.386
4 80 5061965.343
4 81 3021811.378
4 82 2381193.689
4 83 5411611.52
4 84 5965943.701
4 85 6590685.688
4 86 5799249.614
4 87 7231155.874
4 88 5740418.676
4 89 6082853.605
4 90 4491884.804
4 91 4281028.916
4 92 3814160.106
4 93 7371989.42
4 94 6411821.841
4 95 2541341.742
4 96 5128280.191
4 97 5749171.37
4 98 5121322.984
4 99 6504601.613
5 6 7055452.115
5 7 3276716.504
5 8 4225593.239
5 9 3480490.288
5 10 9142325.791
5 11 8220779.544
5 12 5447694.369
5 13 8229378.843
5 14 8368655.741
5 15 6380819.266
5 16 9329017.362
5 17 6239690.349
5 18 5303556.689
5 19 9427823.386
5 20 6955832.559
5 21 3002678.669
5 22 4698118.304
5 23 7229053.2
5 24 3707634.051
5 25 5492854.3
5 26 4122982.737
5 27 3249775.806
5 28 5534550.926
5 29 3294500.77
5 30 4632698.982
5 31 4358760.909
5 32 4886294.166
5 33 436491.5284
5 34 5834016.427
5 35 8268974.993
5 36 7213002.552
5 37 3406879.428
5 38 9659491.457
5 39 9027342.134
5 40 3147338.265
5 41 9470960.374
5 42 5755602.033
5 43 3333552.974
5 44 7977765.51
5 45 7168465.913
5 46 6505438.996
5 47 6367390.683
5 48 6814326.413
5 49 8902695.314
5 50 7094282.606
5 51 6000489.356
5 52 2160879.286
5 53 4569605.564
5 54 6348294.7
5 55 4047256.493
5 56 6165828.696
5 57 4572456.619
5 58 5750589.199
5 59 7255315.465
5 60 7179777.923
5 61 8766817.544
5 62 5713706.228
5 63 9590916.823
5 64 6204911.508
5 65 8231982.155
5 66 5147283.183
5 67 9715601.044
5 68 2840791.574
5 69 4282017.557
5 70 2647904.16
5 71 5651303.782
5 72 7791435.24
5 73 3816116.478
5 74 4775695.159
5 75 3925995.398
5 76 3895288.603
5 77 6182231.314
5 78 5531723.07
5 79 9386692.102
5 80 7493436.882
5 81 2027686.233
5 82 5517156.476
5 83 7647392.347
5 84 8916366.613
5 85 9562566.066
5 86 8828534.455
5 87 9955840.838
5 88 4991813.277
5 89 6125584.655
5 90 3351966.793
5 91 4783349.411
5 92 6036417.869
5 93 10282714.07
5 94 5976512.474
5 95 3609412.286
5 96 6795515.463
5 97 8650727.279
5 98 8173761.432
5 99 9581128.257
6 7 5025315.463
6 8 5854056.238
6 9 8099298.456
6 10 2120043.526
6 11 3446007.25
6 12 5872001.25
6 13 3881214.856
6 14 4234137.075
6 15 2095702.392
6 16 3435344.081
6 17 2786796.906
6 18 3923556.026
6 19 3565022.999
6 20 354678.555
6 21 4162480.842
6 22 4218935.408
6 23 1773473.677
6 24 5303074.42
6 25 5343208.33
6 26 5402462.637
6 27 3806264.132
6 28 6726687.409
6 29 5734689.721
6 30 3197776.428
6 31 2696855.765
6 32 4230176.258
6 33 7180132.803
6 34 5292676.885
6 35 2157124.198
6 36 796690.2022
6 37 4248726.849
6 38 2617140.9
6 39 2134371.198
6 40 4725481.244
6 41 3318000.902
6 42 1553359.211
6 43 4961939.327
6 44 4408892.15
6 45 3466195.025
6 46 3616032.787
6 47 3738648.925
6 48 1547148.965
6 49 2173721.449
6 50 3671330.212
6 51 1065742.746
6 52 4913469.219
6 53 4912169.649
6 54 2129847.613
6 55 3343510.244
6 56 1819379.83
6 57 3904467.476
6 58 3954441.28
6 59 3020028.806
6 60 562313.4575
6 61 4211421.582
6 62 2821562.782
6 63 4006229.167
6 64 6438122.903
6 65 3180711.608
6 66 7640341.591
6 67 3501617.971
6 68 5234612.484
6 69 3069014.432
6 70 5563049.446
6 71 1531303.65
6 72 3454673.044
6 73 8826841.32
6 74 2867059.21
6 75 5752385.749
6 76 5454285.339
6 77 4930300.167
6 78 6322412.558
6 79 3519120.651
6 80 5071427.078
6 81 6217774.607
6 82 1704531.786
6 83 3352833.283
6 84 4039352.461
6 85 2653296.005
6 86 3528154.56
6 87 3668116.089
6 88 7664523.008
6 89 7089450.462
6 90 8176940.651
6 91 5545012.655
6 92 2845042.385
6 93 3492395.706
6 94 7838827.591
6 95 4527699.961
6 96 4306167.313
6 97 4099656.768
6 98 2948775.068
6 99 3767193.427
7 8 5623185.476
7 9 3074350.732
7 10 7104783.58
7 11 5143730.135
7 12 6573542.099
7 13 7655494.962
7 14 7913223.795
7 15 5372698.653
7 16 8116954.611
7 17 5604137.879
7 18 5392878.846
7 19 6491907.707
7 20 4792143.702
7 21 2770622.391
7 22 5019473.613
7 23 4522645.948
7 24 610419.1809
7 25 6334833.016
7 26 5268784.034
7 27 2205673.274
7 28 7061315.623
7 29 747110.2558
7 30 1881308.574
7 31 2837352.221
7 32 5200588.376
7 33 3643700.325
7 34 2612762.44
7 35 5548303.081
7 36 4856772.676
7 37 861676.2527
7 38 7381909.646
7 39 7159584.477
7 40 442724.5362
7 41 8123842.85
7 42 3479251.458
7 43 71549.89795
7 44 4741225.309
7 45 6701029.636
7 46 3322058.372
7 47 6202507.527
7 48 4196916.716
7 49 7169822.782
7 50 3913130.16
7 51 4165571.926
7 52 1914068.17
7 53 1314417.747
7 54 5359630.843
7 55 3505024.256
7 56 5007339.387
7 57 1446789.786
7 58 5801676.52
7 59 4203400.215
7 60 4915840.674
7 61 8164112.279
7 62 2779056.014
7 63 6568167.592
7 64 7407736.796
7 65 7329848.503
7 66 7213721.011
7 67 6869466.912
7 68 3981816.449
7 69 3548461.629
7 70 698892.9849
7 71 3499509.304
7 72 7153930.33
7 73 3801606.802
7 74 2179754.356
7 75 1103132.683
7 76 872105.6239
7 77 2913842.926
7 78 6862052.107
7 79 6455654.002
7 80 4216834.197
7 81 4090280.64
7 82 3323431.397
7 83 7003423.96
7 84 5795311.852
7 85 7676854.765
7 86 5801743.108
7 87 8549210.965
7 88 7114416.181
7 89 7655105.304
7 90 3153388.732
7 91 5887770.817
7 92 5449938.4
7 93 8515842.632
7 94 7887897.935
7 95 4159183.193
7 96 6818698.873
7 97 5494306.976
7 98 5204434.313
7 99 6618937.688
8 9 7451170.416
8 10 7434588.203
8 11 8604778.804
8 12 1231188.933
8 13 4909267.895
8 14 4910264.92
8 15 4079711.392
8 16 6520197.726
8 17 3530861.213
8 18 2147221.238
8 19 9262053.676
8 20 5979194.39
8 21 2942681.75
8 22 1661546.047
8 23 7027817.149
8 24 6233588.926
8 25 1415892.977
8 26 464775.8844
8 27 3656232.484
8 28 1445357.335
8 29 6158362.304
8 30 5524143.545
8 31 4009768.304
8 32 1706854.284
8 33 3952559.249
8 34 7951897.007
8 35 7850113.77
8 36 6442031.184
8 37 5027072.55
8 38 8224843.405
8 39 7100637.649
8 40 5212101.223
8 41 6798575.019
8 42 5419890.011
8 43 5628491.464
8 44 8986643.464
8 45 3955129.202
8 46 7541820.633
8 47 3049349.216
8 48 6580592.729
8 49 6816289.748
8 50 8003345.193
8 51 4951404.789
8 52 3746281.512
8 53 6730572.185
8 54 4036275.672
8 55 2853222.661
8 56 4152465.738
8 57 6046873.15
8 58 2414849.925
8 59 7755753.302
8 60 6278897.661
8 61 5393138.804
8 62 6394544.302
8 63 9622202.774
8 64 1985079.006
8 65 5261704.655
8 66 1846816.099
8 67 9304792.632
8 68 1667266.241
8 69 3066149.943
8 70 5440680.367
8 71 5197923.318
8 72 4619801.692
8 73 7926704.362
8 74 5384941.998
8 75 6702343.811
8 76 6494979.915
8 77 8020016.343
8 78 1328094.911
8 79 9215293.866
8 80 9018018.87
8 81 2199971.459
8 82 5188883.696
8 83 4513714.386
8 84 9327293.763
8 85 7566872.699
8 86 8978600.74
8 87 7284758.59
8 88 1836368.97
8 89 2049123.263
8 90 7372163.02
8 91 654281.5607
8 92 3356099.692
8 93 8019253.334
8 94 2321996.762
8 95 1621429.48
8 96 3162773.394
8 97 9218617.943
8 98 8291118.35
8 99 9457552.536
9 10 10170688.63
9 11 7738226.71
9 12 8609916.68
9 13 10514365.08
9 14 10738141.36
9 15 8305814.815
9 16 11139648.35
9 17 8432086.621
9 18 7925092.652
9 19 9198912.128
9 20 7861352.786
9 21 5191264.639
9 22 7421519.117
9 23 7466464.904
9 24 2868817.92
9 25 8528498.054
9 26 7235596.596
9 27 4905743.34
9 28 8851883.814
9 29 2377457.803
9 30 4929991.574
9 31 5793467.61
9 32 7616739.547
9 33 3895274.707
9 34 4295890.374
9 35 8450119.444
9 36 7901517.523
9 37 3885213.583
9 38 10409906.3
9 39 10233654.57
9 40 3404979.631
9 41 11167359.43
9 42 6551079.615
9 43 3137363.256
9 44 6984042.259
9 45 9504063.647
9 46 5865022.746
9 47 8877062.69
9 48 7188831.46
9 49 10242491.26
9 50 6402345.773
9 51 7227585.571
9 52 4032364.294
9 53 3573354.975
9 54 8287113.799
9 55 6175817.905
9 56 7968621.498
9 57 4341696.063
9 58 8369604.864
9 59 6891358.048
9 60 7974051.684
9 61 11040500.21
9 62 5685642.351
9 63 9172033.622
9 64 9420643.895
9 65 10276839.16
9 66 8596550.018
9 67 9646003
9 68 5843149.378
9 69 6299932.392
9 70 2610155.388
9 71 6573755.943
9 72 10023095.12
9 73 733656.1127
9 74 5244053.104
9 75 2552057.898
9 76 2798660.33
9 77 4835381.47
9 78 8778916.908
9 79 9168846.89
9 80 6112293.878
9 81 5357896.079
9 82 6397771.765
9 83 9871491.222
9 84 8280613.393
9 85 10749847.21
9 86 8432669.32
9 87 11602694.2
9 88 8448333.468
9 89 9456834.929
9 90 209442.8272
9 91 7910715.238
9 92 8255732.11
9 93 11590188.02
9 94 9406844.755
9 95 6376955.166
9 96 9434430.609
9 97 7924377.811
9 98 7930126.083
9 99 9293715.06
10 11 4187222.29
10 12 7161475.899
10 13 3926249.301
10 14 4259135.172
10 15 3355775.837
10 16 2513645.734
10 17 3956334.771
10 18 5321222.09
10 19 3466137.369
10 20 2314214.695
10 21 6196570.584
10 22 5777323.149
10 23 3056630.103
10 24 7336498.041
10 25 6612538.796
10 26 7017664.805
10 27 5901763.158
10 28 8031081.98
10 29 7795435.427
10 30 5242183.662
10 31 4790609.624
10 32 5730494.69
10 33 9244717.756
10 34 7002477.012
10 35 2583296.14
10 36 2307538.265
10 37 6352298.357
10 38 898447.1681
10 39 520422.7306
10 40 6825222.969
10 41 2184957.653
10 42 3629272.524
10 43 7039228.731
10 44 5413590.137
10 45 4085726.044
10 46 5140979.394
10 47 4738266.393
10 48 3137927.403
10 49 917226.4553
10 50 4980163.401
10 51 3146563.21
10 52 7016087.706
10 53 6850101.388
10 54 3399208.097
10 55 5278788.426
10 56 3315028.125
10 57 5891955.086
10 58 5187980.275
10 59 4242396.135
10 60 2202922.432
10 61 3993062.131
10 62 4658917.673
10 63 3982986.983
10 64 7550399.831
10 65 3103635.743
10 66 9092141.074
10 67 3079338.845
10 68 7118253.56
10 69 5007832.451
10 70 7666057.665
10 71 3639572.583
10 72 3713406.663
10 73 10901866.25
10 74 4927161.981
10 75 7756455.128
10 76 7465402.524
10 77 6553844.995
10 78 7606361.888
10 79 3433921.991
10 80 6329348.381
10 81 8156010.957
10 82 3807860.18
10 83 3692797.101
10 84 4494724.925
10 85 695458.2042
10 86 3893891.83
10 87 2266819.959
10 88 9149732.378
10 89 8273632.063
10 90 10257409.48
10 91 7001698.91
10 92 4105328.976
10 93 1563367.58
10 94 9126855.379
10 95 6335592.861
10 96 5113395.743
10 97 4724783.751
10 98 3632118.574
10 99 3636441.901
11 12 8934550.479
11 13 7299356.659
11 14 7655490.266
11 15 5462027.885
11 16 6493258.883
11 17 6127174.462
11 18 7029972.622
11 19 1500861.938
11 20 3127294.098
11 21 6072343.029
11 22 7140805.517
11 23 1712425.587
11 24 5014307.883
11 25 8450766.513
11 26 8141019.735
11 27 5408257.435
11 28 9734591.06
11 29 5563673.889
11 30 3608406.96
11 31 4644733.894
11 32 7213703.643
11 33 8505047.79
11 34 3626510.988
11 35 1606614.217
11 36 2649563.552
11 37 4814914.453
11 38 3801028.192
11 39 4596280.172
11 40 5124777.846
11 41 6246301.731
11 42 3190603.497
11 43 5073799.999
11 44 1267563.464
11 45 6904854.974
11 46 1878455.787
11 47 7085212.195
11 48 2097343.364
11 49 4889532.648
11 50 1343062.682
11 51 3853844.851
11 52 6205844.141
11 53 4185817.453
11 54 5489439.593
11 55 5761778.918
11 56 5114444.573
11 57 3707686.277
11 58 7174964.004
11 59 966160.3236
11 60 2884986.536
11 61 7583240.096
11 62 2518942.426
11 63 1439611.704
11 64 9608704.566
11 65 6553202.744
11 66 10451594.61
11 67 2026202.978
11 68 7485311.413
11 69 5538892.528
11 70 5841996.751
11 71 3418426.62
11 72 6891792.764
11 73 8441611.368
11 74 3537734.718
11 75 5205109.179
11 76 4999122.406
11 77 3069085.479
11 78 9367246.347
11 79 1479527.23
11 80 2312192.444
11 81 8203548.682
11 82 3416291.64
11 83 6794852.402
11 84 732581.2022
11 85 4874524.046
11 86 697495.572
11 87 6424723.05
11 88 10433452.75
11 89 10184162.69
11 90 7890411.332
11 91 8467718.578
11 92 6140101.242
11 93 5696997.984
11 94 10816772.57
11 95 7037796.02
11 96 7692046.026
11 97 658345.0496
11 98 558065.6785
11 99 1566202.865
12 13 4108084.382
12 14 4037349.969
12 15 3873723.264
12 16 5865139.257
12 17 3217385.746
12 18 1949585.609
12 19 9406192.806
12 20 6062799.826
12 21 3810028.177
12 22 1815518.182
12 23 7274988.597
12 24 7179857.95
12 25 548937.6261
12 26 1374706.688
12 27 4463767.134
12 28 870745.6333
12 29 7166089.302
12 30 6186070.409
12 31 4547953.749
12 32 1722632.6
12 33 5182340.301
12 34 8740851.563
12 35 7982524.109
12 36 6554859.412
12 37 5894146.661
12 38 8008831.926
12 39 6765501.26
12 40 6144031.769
12 41 6186994.686
12 42 5763073.994
12 43 6569572.276
12 44 9469064.739
12 45 3296023.981
12 46 8096148.759
12 47 2463116.887
12 48 6849673.438
12 49 6436929.889
12 50 8501978
12 51 5119598.881
12 52 4770481.647
12 53 7582204.972
12 54 3832162.784
12 55 3397758.484
12 56 4063680.778
12 57 6797373.562
12 58 1978045.554
12 59 8158667.638
12 60 6362230.286
12 61 4537507.402
12 62 6931065.166
12 63 9810806.161
12 64 835238.988
12 65 4608960.706
12 66 2001930.299
12 67 9373588.667
12 68 2768762.636
12 69 3537753.531
12 70 6473909.188
12 71 5530238.834
12 72 3917161.451
12 73 9110503.034
12 74 5991896.835
12 75 7672002.918
12 76 7441791.086
12 77 8743689.498
12 78 451759.0791
12 79 9359588.838
12 80 9629881.563
12 81 3426547.635
12 82 5560267.03
12 83 3840278.358
12 84 9635166.764
12 85 7181955.753
12 86 9226304.297
12 87 6652148.304
12 88 2104240.052
12 89 1250250.38
12 90 8540783.206
12 91 702891.5705
12 92 3093163.833
12 93 7514856.4
12 94 1978935.413
12 95 2415702.785
12 96 2334763.42
12 97 9574116.674
12 98 8559935.782
12 99 9606745.947
13 14 357228.5795
13 15 2319279.579
13 16 1861359.625
13 17 2082956.358
13 18 2987845.021
13 19 7108813.37
13 20 4225263.221
13 21 5412476.683
13 22 3618489.291
13 23 5654276.863
13 24 8136490.714
13 25 3624522.029
13 26 4652965.839
13 27 5608624.039
13 28 4885376.013
13 29 8397497.102
13 30 6268488.153
13 31 4822440.651
13 32 3456241.485
13 33 8140866.818
13 34 8808527.205
13 35 5846159.857
13 36 4665154.018
13 37 6795280.75
13 38 4819171.9
13 39 3417779.042
13 40 7238012.869
13 41 2237356.32
13 42 4895851.455
13 43 7613728.088
13 44 8288686.599
13 45 1060991.751
13 46 7375215.747
13 47 1920453.929
13 48 5403223.898
13 49 3020325.013
13 50 7514979.562
13 51 3943353.82
13 52 6561475.211
13 53 8077692.866
13 54 2323890.595
13 55 4363978.795
13 56 2718980.67
13 57 7050866.324
13 58 2580605.907
13 59 6893607.074
13 60 4429796.621
13 61 538456.3124
13 62 6382130.034
13 63 7608428.722
13 64 4171077.257
13 65 824122.4147
13 66 6093502.72
13 67 6848765.147
13 68 5490072.241
13 69 4217293.689
13 70 7935211.712
13 71 4714458.426
13 72 503879.1919
13 73 11174768.04
13 74 5938402.916
13 75 8654898.786
13 76 8358466.451
13 77 8553167.02
13 78 4478785.441
13 79 7068016.741
13 80 8898930.611
13 81 6546545.522
13 82 4861770.315
13 83 652707.3744
13 84 7837470.841
13 85 3643528.48
13 86 7280656.715
13 87 2643746.271
13 88 6207834.411
13 89 4922364.37
13 90 10524203.22
13 91 4291140.121
13 92 2265145.511
13 93 3680024.032
13 94 5855826.232
13 95 4652044.279
13 96 1778373.389
13 97 7942734.705
13 98 6775887.688
13 99 7302894.858
14 15 2615955.307
14 16 2096083.7
14 17 2314340.749
14 18 3084656.272
14 19 7463309.496
14 20 4576947.58
14 21 5603501.581
14 22 3711244.449
14 23 6007515.183
14 24 8405308.12
14 25 3579723.227
14 26 4683557.05
14 27 5835668.119
14 28 4781655.176
14 29 8652214.456
14 30 6566965.878
14 31 5088444.383
14 32 3539155.648
14 33 8262995.788
14 34 9124552.265
14 35 6203285.552
14 36 5019623.306
14 37 7055176.101
14 38 5148717.699
14 39 3747092.065
14 40 7491108.411
14 41 2485322.349
14 42 5222256.453
14 43 7873321.577
14 44 8640248.98
14 45 1235670.874
14 46 7713286.564
14 47 2009790.395
14 48 5752144.627
14 49 3348459.832
14 50 7860787.762
14 51 4269940.602
14 52 6760307.84
14 53 8370517.127
14 54 2617020.912
14 55 4569844.131
14 56 3021154.585
14 57 7348127.997
14 58 2656292.167
14 59 7243796.845
14 60 4784121.914
14 61 502267.6223
14 62 6709105.92
14 63 7963641.552
14 64 4030663.973
14 65 1167525.636
14 66 5999930.739
14 67 7199215.666
14 68 5595478.874
14 69 4438595.596
14 70 8171950.809
14 71 5036472.3
14 72 812134.8039
14 73 11390102.24
14 74 6240017.066
14 75 8925768.226
14 76 8631075.512
14 77 8878167.66
14 78 4385695.862
14 79 7422651.026
14 80 9242028.754
14 81 6635846.361
14 82 5180516.719
14 83 947855.8708
14 84 8194663.632
14 85 3951508.104
14 86 7637844.537
14 87 2859243.473
14 88 6122465.784
14 89 4776659.807
14 90 10742452.73
14 91 4277320.985
14 92 2483490.74
14 93 3938099.774
14 94 5715581.038
14 95 4770828.024
14 96 1748166.05
14 97 8299309.039
14 98 7132645.096
14 99 7657036.919
15 16 2953072.213
15 17 692887.0257
15 18 1973922.284
15 19 5656509.015
15 20 2360766.531
15 21 3401107.6
15 22 2426539.508
15 23 3750211.268
15 24 5833670.728
15 25 3329883.525
15 26 3668563.423
15 27 3433666.494
15 28 4742547.305
15 29 6118680.398
15 30 3951496.532
15 31 2536575.615
15 32 2374739.884
15 33 6379757.236
15 34 6519115.571
15 35 4252820.397
15 36 2861375.467
15 37 4511064.101
15 38 4164223.541
15 39 3028911.188
15 40 4966703.748
15 41 3093176.487
15 42 2662440.411
15 43 5327382.73
15 44 6282222.416
15 45 1535940.236
15 46 5200702.791
15 47 1643619.507
15 48 3403164.03
15 49 2769780.315
15 50 5421448.907
15 51 1729802.104
15 52 4479039.454
15 53 5758575.351
15 54 43439.41834
15 55 2336448.124
15 56 409645.1949
15 57 4733211.456
15 58 1905549.5
15 59 4880146.149
15 60 2639669.867
15 61 2804938.547
15 62 4139735.182
15 63 6101880.578
15 64 4375713.484
15 65 1971024.814
15 66 5754187.562
15 67 5559161.44
15 68 3944082.182
15 69 2119946.989
15 70 5702073.161
15 71 2459011.445
15 72 1816401.83
15 73 8988746.594
15 74 3624067.803
15 75 6348742.36
15 76 6050478.61
15 77 6294398.692
15 78 4324928.328
15 79 5610892.597
15 80 6761634.785
15 81 5024733.212
15 82 2590304.639
15 83 1671685.506
15 84 6097012.533
15 85 3513265.347
15 86 5608826.33
15 87 3582008.038
15 88 5804271.222
15 89 5054248.504
15 90 8331995.792
15 91 3654248.629
15 92 781451.2498
15 93 4062940.864
15 94 5852645.044
15 95 3106950.137
15 96 2230529.309
15 97 6120372.155
15 98 4999659.839
15 99 5858747.204
16 17 3157528.599
16 18 4428891.046
16 19 5959089.044
16 20 3780503.978
16 21 6354099.271
16 22 5032580.05
16 23 5048160.758
16 24 8502164.492
16 25 5349795.222
16 26 6198976.154
16 27 6346906.248
16 28 6679281.4
16 29 8860174.049
16 30 6450078.007
16 31 5353979.324
16 32 4907626.65
16 33 9313640.646
16 34 8722432.12
16 35 4909523.701
16 36 4078538.693
16 37 7269882.073
16 38 3326387.319
16 39 2004771.69
16 40 7745132.15
16 41 398401.1288
16 42 4854890.186
16 43 8063036.168
16 44 7638235.372
16 45 2582888.826
16 46 7034478.265
16 47 3475727.204
16 48 4938742.842
16 49 1640911.664
16 50 7026711.781
16 51 3991646.583
16 52 7418715.995
16 53 8245302.317
16 54 2983748.892
16 55 5288936.544
16 56 3217421.544
16 57 7211146.405
16 58 4106784.165
16 59 6323845.209
16 60 3870243.957
16 61 1681921.572
16 62 6243982.616
16 63 6475641.483
16 64 6005952.101
16 65 1263049.804
16 66 7866331.36
16 67 5591938.17
16 68 6787059.587
16 69 5071706.238
16 70 8530858.676
16 71 4743463.551
16 72 1948447.948
16 73 11841810.43
16 74 6106367.546
16 75 8991398.304
16 76 8688797.91
16 77 8365520.398
16 78 6262485.526
16 79 5924480.584
16 80 8427233.609
16 81 7872788.347
16 82 4917689.242
16 83 2028268.558
16 84 6902850.45
16 85 2021498.381
16 86 6309418.2
16 87 790831.5309
16 88 7967818.596
16 89 6758556.774
16 90 11182981.99
16 91 5946348.655
16 92 3362779.979
16 93 1849052.939
16 94 7684596.975
16 95 5931670.241
16 96 3543379.038
16 97 7087227.479
16 98 5938013.115
16 99 6135967.912
17 18 1385289.49
17 19 6349067.346
17 20 3044101.302
17 21 3347899.598
17 22 1924315.624
17 23 4414904.792
17 24 6107220.191
17 25 2669780.889
17 26 3149383.263
17 27 3526579.834
17 28 4088092.732
17 29 6340851.959
17 30 4353234.858
17 31 2794710.401
17 32 1833434.139
17 33 6192049.488
17 34 6975510.975
17 35 4943741.316
17 36 3545934.735
17 37 4748620.299
17 38 4793176.327
17 39 3587253.029
17 40 5179361.349
17 41 3371347.163
17 42 3221501.577
17 43 5565735.443
17 44 6908147.806
17 45 1098440.502
17 46 5766806.656
17 47 959480.8356
17 48 4051709.547
17 49 3288807.473
17 50 6023536.239
17 51 2330293.913
17 52 4486661.457
17 53 6124906.571
17 54 657231.1678
17 55 2288141.981
17 56 1013591.925
17 57 5123185.492
17 58 1239468.963
17 59 5512109.795
17 60 3326905.94
17 61 2613135.025
17 62 4668148.303
17 63 6792907.7
17 64 3690191.759
17 65 1994865.639
17 66 5136391.552
17 67 6250616.079
17 68 3629835.841
17 69 2134403.322
17 70 5858543.961
17 71 3003122.722
17 72 1598271.362
17 73 9091868.031
17 74 4043645.374
17 75 6629876.709
17 76 6338184.15
17 77 6790491.63
17 78 3666515.938
17 79 6303412.833
17 80 7337659.798
17 81 4715322.795
17 82 3113707.289
17 83 1447467.419
17 84 6772358.671
17 85 4039955.38
17 86 6291971.767
17 87 3866594.172
17 88 5197065.163
17 89 4377847.341
17 90 8441258.228
17 91 3054159.758
17 92 206082.3678
17 93 4500679.733
17 94 5193532.153
17 95 2774250.206
17 96 1575162.909
17 97 6785151.628
17 98 5674878.045
17 99 6551306.262
18 19 7458113.548
18 20 4113919.536
18 21 2740969.592
18 22 630680.1478
18 23 5350739.861
18 24 5963522.726
18 25 1431531.154
18 26 1781119.453
18 27 3187881.255
18 28 2803878.253
18 29 6080662.815
18 30 4579833.722
18 31 2893260.005
18 32 480302.066
18 33 5182015.385
18 34 7220646.022
18 35 6034722.083
18 36 4607298.102
18 37 4596388.195
18 38 6138050.805
18 39 4967332.2
18 40 4950301.159
18 41 4684153.583
18 42 3896475.108
18 43 5370647.223
18 44 7639789.806
18 45 1945704.792
18 46 6335092.527
18 47 1075112.781
18 48 4935378.659
18 49 4673793.588
18 50 6692845.909
18 51 3188921.954
18 52 3892928.745
18 53 6183859.383
18 54 1930887.438
18 55 1897453.743
18 56 2122984.625
18 57 5278486.334
18 58 452479.8302
18 59 6293319.126
18 60 4413056.181
18 61 3514603.979
18 62 5176150.363
18 63 7866926.149
18 64 2578737.747
18 65 3190309.001
18 66 3780515.149
18 67 7424834.067
18 68 2510823.373
18 69 1918540.219
18 70 5483101.773
18 71 3662299.776
18 72 2610011.168
18 73 8529206.651
18 74 4332051.422
18 75 6484034.956
18 76 6216294.177
18 77 7140859.757
18 78 2399201.425
18 79 7411550.879
18 80 7898588.871
18 81 3558923.476
18 82 3715062.147
18 83 2483363.749
18 84 7719718.364
18 85 5424878.435
18 86 7294707.954
18 87 5175530.112
18 88 3830849.745
18 89 3180628.782
18 90 7901407.517
18 91 1681120.327
18 92 1218278.094
18 93 5874140.012
18 94 3916590.847
18 95 1694543.342
18 96 1520774.858
18 97 7676848.135
18 98 6636169.69
18 99 7658902.304
19 20 3344800.113
19 21 7012522.926
19 22 7686627.474
19 23 2295708.996
19 24 6424307.363
19 25 8887142.215
19 26 8799125.55
19 27 6415609.21
19 28 10248234.92
19 29 6970684.843
19 30 4802180.254
19 31 5496666.402
19 32 7724034.654
19 33 9676727.017
19 34 5127205.066
19 35 1423794.886
19 36 2851444.074
19 37 6059209.566
19 38 2824488.768
19 39 3957968.942
19 40 6418604.68
19 41 5647574.326
19 42 3940157.663
19 43 6420701.486
19 44 2640446.77
19 45 6931101.761
19 46 3337140.758
19 47 7295134.227
19 48 2750215.742
19 49 4320108.831
19 50 2834952.451
19 51 4317899.881
19 52 7332653.571
19 53 5629923.14
19 54 5691857.89
19 55 6507935.045
19 56 5381007.274
19 57 5045225.467
19 58 7515380.457
19 59 2314688.387
19 60 3047107.682
19 61 7294742.709
19 62 3745299.863
19 63 517012.1041
19 64 9998017.504
19 65 6304529.644
19 66 11091123.83
19 67 573523.9684
19 68 8345556.078
19 69 6255487.314
19 70 7182805.07
19 71 4134164.762
19 72 6773169.704
19 73 9909606.834
19 74 4655679.344
19 75 6652993.738
19 76 6431372.306
19 77 4569932.582
19 78 9853542.481
19 79 46797.90234
19 80 3731235.103
19 81 9173135.772
19 82 4192685.086
19 83 6704130.798
19 84 1281218.884
19 85 4086422.685
19 86 818939.9746
19 87 5718062.193
19 88 11096475.08
19 89 10636628.54
19 90 9344919.185
19 91 9027610.045
19 92 6409971.554
19 93 4801632.909
19 94 11355383.93
19 95 7783707.56
19 96 7839844.948
19 97 1643198.643
19 98 1288102.751
19 99 202238.9689
20 21 4120744.57
20 22 4366686.756
20 23 1436239.382
20 24 5042136.832
20 25 5542379.734
20 26 5521941.132
20 27 3709711.064
20 28 6908655.824
20 29 5488952.719
20 30 2939184.856
20 31 2614012.984
20 32 4392389.039
20 33 7100657.733
20 34 4956909.269
20 35 1922571.12
20 36 502349.0868
20 37 4039970.999
20 38 2707210.721
20 39 2391644.158
20 40 4511640.648
20 41 3652462.81
20 42 1315064.7
20 43 4727047.502
20 44 4063433.762
20 45 3777564.748
20 46 3263529.982
20 47 4002160.786
20 48 1192894.907
20 49 2469140.674
20 50 3317282.023
20 51 1062055.613
20 52 4800917.587
20 53 4615946.708
20 54 2391879.565
20 55 3370980.578
20 56 2049610.677
20 57 3621582.543
20 58 4176902.198
20 59 2670573.171
20 60 301065.8539
20 61 4562373.059
20 62 2494621.502
20 63 3765013.228
20 64 6656749.861
20 65 3532584.661
20 66 7786124.29
20 67 3330618.066
20 68 5264918.813
20 69 3099516.164
20 70 5352975.165
20 71 1339062.367
20 72 3791999.246
20 73 8591525.35
20 74 2617678.383
20 75 5479283.05
20 76 5183611.504
20 77 4585913.57
20 78 6510994.282
20 79 3298310.98
20 80 4716984.131
20 81 6217532.232
20 82 1501078.585
20 83 3686598.095
20 84 3740844.092
20 85 2894355.367
20 86 3248309.847
20 87 3989452.694
20 88 7802476.423
20 89 7291831.498
20 90 7945400
20 91 5703131.928
20 92 3085139.505
20 93 3751930.468
20 94 8018109.369
20 95 4594447.405
20 96 4586977.102
20 97 3783766.915
20 98 2645022.477
20 99 3545942.137
21 22 2285300.506
21 23 4718839.885
21 24 3373324.056
21 25 3565413.345
21 26 2545587.25
21 27 730741.4692
21 28 4348856.18
21 29 3401371.141
21 30 2666803.744
21 31 1538594.697
21 32 2474832.74
21 33 3057263.806
21 34 5009271.146
21 35 5698895.873
21 36 4457989.355
21 37 2095259.287
21 38 6778831.885
21 39 6049032.592
21 40 2336595.559
21 41 6479838.268
21 42 3091826.336
21 43 2763293.528
21 44 6238833.577
21 45 4369878.539
21 46 4743333.043
21 47 3690960.028
21 48 4267446.276
21 49 5908696.803
21 50 5257492.906
21 51 3096953.37
21 52 1164022.552
21 53 3796477.846
21 54 3371049.3
21 55 1070617.228
21 56 3166646.846
21 57 3116377.192
21 58 3181196.983
21 59 5145341.572
21 60 4378544.86
21 61 5948839.543
21 62 3653036.729
21 63 7281027.347
21 64 4642323.172
21 65 5308155.816
21 66 4680699.896
21 67 7192003.661
21 68 1458441.445
21 69 1284808.983
21 70 2760276.976
21 71 2926682.869
21 72 4941419.1
21 73 5812179.813
21 74 2599066.752
21 75 3872957.491
21 76 3634804.645
21 77 5090335.868
21 78 4117566.689
21 79 6967510.303
21 80 6145949.698
21 81 2160756.299
21 82 2837330.992
21 83 4791848.594
21 84 6804527.274
21 85 6582084.145
21 86 6562651.216
21 87 6961450.21
21 88 4615098.757
21 89 4928579.016
21 90 5175465.194
21 91 3133551.98
21 92 3154341.512
21 93 7285282.549
21 94 5259209.154
21 95 1394891.991
21 96 4243665.049
21 97 6629144.518
21 98 5868947.366
21 99 7190882.392
22 23 5503214.316
22 24 5607918.793
22 25 1403739.94
22 26 1242057.728
22 27 2825952.071
22 28 2593826.981
22 29 5678269.65
22 30 4410670.286
22 31 2747987.51
22 32 195865.6013
22 33 4563800.567
22 34 7010443.066
22 35 6265595.095
22 36 4843649.239
22 37 4263431.13
22 38 6563374.542
22 39 5454211.031
22 40 4578043.854
22 41 5274880.267
22 42 3958231.227
22 43 5004029.392
22 44 7653748.882
22 45 2575189.131
22 46 6284771.576
22 47 1703485.409
22 48 5068671.127
22 49 5182206.485
22 50 6686525.712
22 51 3370741.887
22 52 3403216.679
22 53 5907727.714
22 54 2383196.204
22 55 1626530.699
22 56 2491507.391
22 57 5059980.54
22 58 1059071.588
22 59 6349032.481
22 60 4667701.227
22 61 4144713.849
22 62 5119382.852
22 63 8070121.288
22 64 2573990.151
22 65 3804878.451
22 66 3421949.007
22 67 7697211.764
22 68 1886599.929
22 69 1735248.057
22 70 5045488.146
22 71 3726712.341
22 72 3237746.326
22 73 8005862.82
22 74 4198550.502
22 75 6120748.661
22 76 5865838.563
22 77 6978261.067
22 78 2232995.252
22 79 7639841.317
22 80 7825496.457
22 81 2928550.418
22 82 3750036.545
22 83 3109087.384
22 84 7848715.697
22 85 5930580.087
22 86 7459463.936
22 87 5768445.362
22 88 3446444.167
22 89 3061738.805
22 90 7387729.126
22 91 1341445.147
22 92 1734625.279
22 93 6423217.155
22 94 3683658.864
22 95 1094362.149
22 96 2098824.277
22 97 7775118.968
22 98 6783945.64
22 99 7884972.902
23 24 4600000.109
23 25 6778683.531
23 26 6563156.467
23 27 4136779.849
23 28 8092306.962
23 29 5116578.743
23 30 2686552.667
23 31 3201083.247
23 32 5562161.703
23 33 7451114.573
23 34 3956904.088
23 35 1045338.075
23 36 997559.773
23 37 3948544.408
23 38 3025693.765
23 39 3339755.196
23 40 4361625.911
23 41 4858129.415
23 42 1647165.183
23 43 4451624.79
23 44 2641317.663
23 45 5205650.943
23 46 2084795.139
23 47 5373213.221
23 48 455718.7407
23 49 3547845.945
23 50 1982918.866
23 51 2162345.845
23 52 5097162.204
23 53 3962767.857
23 54 3777330.313
23 55 4231873.974
23 56 3402479.749
23 57 3130872.781
23 58 5476452.656
23 59 1277505.702
23 60 1229256.426
23 61 5974150.921
23 62 1780886.397
23 63 2603263.844
23 64 7926631.769
23 65 4941443.539
23 66 8869165.039
23 67 2497700.963
23 68 6052760.132
23 69 3986834.576
23 70 5178736.611
23 71 1848977.256
23 72 5226837.801
23 73 8198060.636
23 74 2472950.209
23 75 4943622.786
23 76 4675166.456
23 77 3497755.917
23 78 7713895.692
23 79 2250299.618
23 80 3379818.108
23 81 6879586.669
23 82 1898384.139
23 83 5122570.86
23 84 2372895.748
23 85 3741228.923
23 86 1956527.285
23 87 5119881.455
23 88 8864022.316
23 89 8521250.154
23 90 7583482.337
23 91 6841153.976
23 92 4430077.808
23 93 4618482.68
23 94 9186873.067
23 95 5512553.472
23 96 5979859.439
23 97 2370636.781
23 98 1285570.073
23 99 2478288.695
24 25 6934377.411
24 26 5878581.192
24 27 2784668.226
24 28 7671668.605
24 29 549463.2882
24 30 2105448.528
24 31 3316896.145
24 32 5786645.815
24 33 4099189.904
24 34 2126394.895
24 35 5593934.249
24 36 5048992.644
24 37 1374873.702
24 38 7545593.506
24 39 7430772.036
24 40 1036755.626
24 41 8485902.463
24 42 3750386.442
24 43 610298.9417
24 44 4471657.137
24 45 7205660.205
24 46 3145335.722
24 47 6743210.602
24 48 4320748.095
24 49 7470413.497
24 50 3722901.362
24 51 4517973.63
24 52 2517949.2
24 53 899981.7448
24 54 5823585.475
24 55 4068621.207
24 56 5455404.75
24 57 1472905.287
24 58 6364532.879
24 59 4110931.329
24 60 5133950.697
24 61 8636271.118
24 62 2820189.351
24 63 6452693.748
24 64 8013594.662
24 65 7772182.501
24 66 7817385.081
24 67 6839728.428
24 68 4590960.261
24 69 4093765.568
24 70 1061677.773
24 71 3804900.467
24 72 7633156.624
24 73 3601835.163
24 74 2437944.21
24 75 524831.6814
24 76 262141.1449
24 77 2500640.056
24 78 7471117.709
24 79 6390999.645
24 80 3836383.143
24 81 4670533.791
24 82 3626887.431
24 83 7483793.638
24 84 5625215.667
24 85 7936401.22
24 86 5693879.525
24 87 8895723.612
24 88 7716027.526
24 89 8265219.852
24 90 2983544.429
24 91 6495617.054
24 92 5961322.802
24 93 8791324.299
24 94 8496293.262
24 95 4764635.564
24 96 7368158.918
24 97 5300124.783
24 98 5139709.633
24 99 6536177.92
25 26 1374056.048
25 27 4175228.879
25 28 1419212.923
25 29 6959539.076
25 30 5814149.258
25 31 4150102.257
25 32 1275151.444
25 33 5264187.23
25 34 8406243.554
25 35 7464204.759
25 36 6037216.467
25 37 5615509.4
25 38 7460322.218
25 39 6217305.658
25 40 5898185.996
25 41 5664226.379
25 42 5295538.409
25 43 6325418.19
25 44 9022144.824
25 45 2771648.012
25 46 7675410.365
25 47 1921841.246
25 48 6359421.682
25 49 5890117.402
25 50 8062690.982
25 51 4618159.096
25 52 4598908.648
25 53 7282924.592
25 54 3288600.041
25 55 3026956.829
25 56 3529719.126
25 57 6456484.39
25 58 1430315.434
25 59 7694489.513
25 60 5840771.029
25 61 4075103.743
25 62 6510372.659
25 63 9298130.287
25 64 1176932.949
25 65 4089592.918
25 66 2531073.772
25 67 8844358.632
25 68 2707122.377
25 69 3137746.92
25 70 6290070.2
25 71 5061693.472
25 72 3405441.147
25 73 9061243.099
25 74 5601417.759
25 75 7437720.178
25 76 7194987.345
25 77 8381235.052
25 78 996741.2686
25 79 8840630.641
25 80 9222689.3
25 81 3507889.755
25 82 5101379.007
25 83 3321808.749
25 84 9145102.742
25 85 6635886.577
25 86 8725065.615
25 87 6134022.757
25 88 2621926.262
25 89 1749672.437
25 90 8472090.568
25 91 763594.0187
25 92 2548677.322
25 93 6978829.784
25 94 2524190.818
25 95 2198213.951
25 96 1846342.508
25 97 9094624.272
25 98 8064253.532
25 99 9088163.183
26 27 3245375.188
26 28 1803351.91
26 29 5831982.369
26 30 5087953.16
26 31 3553457.715
26 32 1316135.431
26 33 3890133.405
26 34 7547076.409
26 35 7388239.058
26 36 5982266.13
26 37 4639681.686
26 38 7796800.026
26 39 6696158.769
26 40 4849075.015
26 41 6462574.58
26 42 4955450.83
26 43 5270173.536
26 44 8531818.169
26 45 3661791.765
26 46 7093281.165
26 47 2754429.346
26 48 6115835.504
26 49 6421831.229
26 50 7549318.059
26 51 4490557.453
26 52 3423775.621
26 53 6341925.75
26 54 3625228.635
26 55 2393389.462
26 56 3721063.943
26 57 5629556.088
26 58 2100391.14
26 59 7294579.562
26 60 5821216.842
26 61 5153840.974
26 62 5942659.678
26 63 9157980.964
26 64 2195918.319
26 65 4949119.642
26 66 2310808.378
26 67 8845403.134
26 68 1394180.003
26 69 2602908.331
26 70 5127176.57
26 71 4733274.631
26 72 4330923.268
26 73 7741275.439
26 74 4939948.603
26 75 6358276.492
26 76 6140626.176
26 77 7599826.177
26 78 1598657.675
26 79 8752374.926
26 80 8578597.222
26 81 2134641.548
26 82 4724924.079
26 83 4216353.293
26 84 8863149.878
26 85 7170910.2
26 86 8513826.586
26 87 6952681.916
26 88 2300897.567
26 89 2388187.041
26 90 7167720.011
26 91 676009.3657
26 92 2966451.671
26 93 7649124.854
26 94 2754162.34
26 95 1185171.579
26 96 2951277.795
26 97 8755869.981
26 98 7826365.607
26 99 8994395.112
27 28 5044464.4
27 29 2897561.707
27 30 1941818.868
27 31 1111371.685
27 32 3002771.202
27 33 3394048.544
27 34 4301960.196
27 35 5146682.533
27 36 3990118.724
27 37 1440758.502
27 38 6410483.89
27 39 5811803.184
27 40 1762957.57
27 41 6428782.836
27 42 2558585.027
27 43 2185375.473
27 44 5524580.745
27 45 4603878.65
27 46 4023149.271
27 47 4030857.431
27 48 3694653.042
27 49 5716843.288
27 50 4546315.643
27 51 2755615.825
27 52 1118403.316
27 53 3118439.916
27 54 3410983.96
27 55 1311056.046
27 56 3130657.705
27 57 2392014.183
27 58 3601130.855
27 59 4467650.297
27 60 3941800.119
27 61 6135191.478
27 62 2951807.147
27 63 6657692.57
27 64 5288623.59
27 65 5397578.034
27 66 5409702.467
27 67 6630288.972
27 68 2185318.47
27 69 1398523.586
27 70 2344445.851
27 71 2427600.063
27 72 5117852.032
27 73 5571242.424
27 74 1896102.356
27 75 3301312.767
27 76 3041283.202
27 77 4366199.184
27 78 4793862.756
27 79 6371494.396
27 80 5415447.317
27 81 2795351.267
27 82 2309533.253
27 83 4966272.389
27 84 6138337.936
27 85 6347951.642
27 86 5925307.344
27 87 6894937.026
27 88 5345420.419
27 89 5614831.047
27 90 4918103.458
27 91 3805075.463
27 92 3352200.244
27 93 7101769.628
27 94 5976868.929
27 95 2070353.451
27 96 4631387.061
27 97 5947771.054
27 98 5236146.259
27 99 6587783.358
28 29 7603395.444
28 30 6854072.877
28 31 5260809.932
28 32 2531086.639
28 33 5216547.967
28 34 9346200.46
28 35 8824528.069
28 36 7397248.93
28 37 6442994.211
28 38 8879492.144
28 39 7632180.431
28 40 6645977.226
28 41 7011560.51
28 42 6550165.457
28 43 7064893.958
28 44 10221689.95
28 45 4130013.44
28 46 8818162.556
28 47 3320958.85
28 48 7660579.233
28 49 7300480.25
28 50 9246742.588
28 51 5946631.574
28 52 5191158.569
28 53 8145263.799
28 54 4700815.781
28 55 4095245.59
28 56 4924672.572
28 57 7421191.963
28 58 2848787.403
28 59 8935592.069
28 60 7208912.965
28 61 5283915.502
28 62 7656976.086
28 63 10645172.56
28 64 879969.9623
28 65 5431844.606
28 66 1224286.675
28 67 10227143.6
28 68 3112120.245
28 69 4265038.324
28 70 6885981.787
28 71 6319318.495
28 72 4732188.698
28 73 9299836.126
28 74 6684577.719
28 75 8144367.862
28 76 7933408.182
28 77 9386747.863
28 78 426349.3518
28 79 10201546.51
28 80 10330125.37
28 81 3521046.591
28 82 6338039.264
28 83 4664473.555
28 84 10442206.1
28 85 8043841.699
28 86 10047371.72
28 87 7469026.941
28 88 1363666.802
28 89 607535.8088
28 90 8764006.367
28 91 1284811.864
28 92 3962571.92
28 93 8358898.92
28 94 1112918.963
28 95 2975596.391
28 96 3135983.536
28 97 10368055.83
28 98 9374929.182
28 99 10448151.71
29 30 2553458.583
29 31 3582622.676
29 32 5863791.531
29 33 3703480.985
29 34 2581070.139
29 35 6120458.855
29 36 5524198.868
29 37 1607870.083
29 38 8035776.454
29 39 7868264.816
29 40 1161567.062
29 41 8862667.582
29 42 4182784.161
29 43 797586.7652
29 44 5009022.658
29 45 7436378.137
29 46 3694620.188
29 47 6918762.576
29 48 4821793.585
29 49 7890055.504
29 50 4271335.147
29 51 4899530.602
29 52 2412302.767
29 53 1429222.508
29 54 6105296.546
29 55 4207139.957
29 56 5754278.488
29 57 1986177.656
29 58 6498192.039
29 59 4658194.823
29 60 5597220.551
29 61 8907788.008
29 62 3341600.031
29 63 7001925.165
29 64 8001262.929
29 65 8076802.609
29 66 7663737.915
29 67 7381845.616
29 68 4495152.818
29 69 4266685.453
29 70 743310.6809
29 71 4217013.389
29 72 7896489.208
29 73 3110483.343
29 74 2871509.898
29 75 636199.2285
29 76 632854.8735
29 77 2998185.128
29 78 7430623.237
29 79 6937085.48
29 80 4340280.097
29 81 4449229.544
29 82 4039745.502
29 83 7745787.754
29 84 6173885.125
29 85 8380858.277
29 86 6242735.778
29 87 9284436.385
29 88 7551861.461
29 89 8204453.754
29 90 2476701.816
29 91 6471125.39
29 92 6183609.023
29 93 9227084.146
29 94 8375774.561
29 95 4766055.227
29 96 7527122.716
29 97 5847329.387
29 98 5685174.306
29 99 7083834.062
30 31 1686582.71
30 32 4552191.488
30 33 4901650.955
30 34 2652219.73
30 35 3728289.2
30 36 2977077.969
30 37 1266989.216
30 38 5500612.63
30 39 5325777.531
30 40 1677222.37
30 41 6411462.407
30 42 1645852.58
30 43 1812843.694
30 44 3592105.335
30 45 5429050.769
30 46 2083986.178
30 47 5136291.62
30 48 2331026.787
30 49 5366836.033
30 50 2622196.098
30 51 2460335.98
30 52 2601246.145
30 53 1818126.516
30 54 3949950.858
30 55 2790744.366
30 56 3549507.998
30 57 782974.7903
30 58 4904696.297
30 59 2643520.286
30 60 3044064.623
30 61 6738681.435
30 62 1089471.564
30 63 4958887.114
30 64 6978362.427
30 65 5814049.748
30 66 7319615.873
30 67 5119585.58
30 68 4125075.939
30 69 2684261.869
30 70 2505021.842
30 71 1714397.777
30 72 5766878.492
30 73 5662193.086
30 74 343763.5021
30 75 2561256.485
30 76 2260894.489
30 77 2568776.52
30 78 6560352.23
30 79 4761957.71
30 80 3495352.199
30 81 4684876.835
30 82 1537362.032
30 83 5623057.807
30 84 4321523.085
30 85 5833337.373
30 86 4198152.845
30 87 6809142.568
30 88 7264494.116
30 89 7395216.391
30 90 5021880.022
30 91 5578970.234
30 92 4245176.734
30 93 6686213.916
30 94 7841620.207
30 95 3904451.82
30 96 5790694.017
30 97 4090439.188
30 98 3541246.408
30 99 4951344.479
31 32 2879628.189
31 33 4488692.467
31 34 4331484.861
31 35 4164791.067
31 36 2925970.852
31 37 1975753.696
31 38 5306180.268
31 39 4708051.39
31 40 2430474.452
31 41 5404646.667
31 42 1560330.254
31 43 2793437.542
31 44 4978642.872
31 45 3892445.409
31 46 3557394.146
31 47 3495807.776
31 48 2746525.888
31 49 4625941.475
31 50 3997042.532
31 51 1644268.992
31 52 2226340.721
31 53 3358909.149
31 54 2522749.828
31 55 1167055.529
31 56 2180205.698
31 57 2401029.992
31 58 3224235.627
31 59 3760405.185
31 60 2858446.944
31 61 5327748.27
31 62 2396929.486
31 63 5786778.597
31 64 5321947.383
31 65 4500121.308
31 66 5848250.475
31 67 5658978.985
31 68 2858683.664
31 69 1012755.256
31 70 3183451.273
31 71 1388360.786
31 72 4319823.247
31 73 6489863.796
31 74 1451911.192
31 75 3837921.094
31 76 3544612.803
31 77 4250817.273
31 78 4941144.511
31 79 5451151.854
31 80 5081941.862
31 81 3690670.598
31 82 1306122.649
31 83 4169836.581
31 84 5375618.453
31 85 5243999.346
31 86 5087691.216
31 87 5858335.518
31 88 5816707.217
31 89 5777434.712
31 90 5831171.918
31 91 3976297.143
31 92 2657361.354
31 93 6009984.954
31 94 6292148.766
31 95 2407511.921
31 96 4143015.58
31 97 5236698.581
31 98 4392003.685
31 99 5679010.58
32 33 4746487.416
32 34 7163302.027
32 35 6301094.165
32 36 4875551.045
32 37 4437443.177
32 38 6529750.866
32 39 5393811.553
32 40 4758690.307
32 41 5159415.962
32 42 4040514.312
32 43 5184107.688
32 44 7753875.195
32 45 2421225.098
32 46 6400391.283
32 47 1536706.799
32 48 5132690.541
32 49 5111768.246
32 50 6791256.225
32 51 3416110.549
32 52 3597023.743
32 53 6072917.179
32 54 2331304.075
32 55 1780014.669
32 56 2471383.914
32 57 5213027.114
32 58 882945.0065
32 59 6436803.555
32 60 4693365.165
32 61 3979030.906
32 62 5235285.854
32 63 8115819.835
32 64 2451729.877
32 65 3670533.967
32 66 3416150.411
32 67 7720218.303
32 68 2066722.438
32 69 1869320.305
32 70 5235058.959
32 71 3807619.343
32 72 3087355.311
32 73 8201670.14
32 74 4331537.96
32 75 6300903.773
32 76 6043890.119
32 77 7120915.436
32 78 2153850.007
32 79 7677289.387
32 80 7947880.14
32 81 3096779.024
32 82 3839152.28
32 83 2962105.7
32 84 7916825.37
32 85 5861881.86
32 86 7516627.278
32 87 5651560.937
32 88 3451182.222
32 89 2972866.231
32 90 7583313.127
32 91 1315011.231
32 92 1652592.624
32 93 6333016.943
32 94 3632675.361
32 95 1286985.706
32 96 1909269.472
32 97 7852090.721
32 98 6845684.588
32 99 7923292.366
33 34 6223559.518
33 35 8484713.101
33 36 7381945.457
33 37 3705583.336
33 38 9794002.685
33 39 9106128.818
33 40 3482356.567
33 41 9472716.491
33 42 5936751.961
33 43 3697426.305
33 44 8308752.838
33 45 7080892.749
33 46 6823594.466
33 47 6254353.197
33 48 7026943.094
33 49 8963476.003
33 50 7409260.807
33 51 6117669.931
33 52 2354337.957
33 53 4947831.703
33 54 6345335.258
33 55 4064732.153
33 56 6189506.317
33 57 4894206.512
33 58 5622377.837
33 59 7538895.968
33 60 7335774.638
33 61 8675946.16
33 62 5989155.759
33 63 9857636.679
33 64 5917252.842
33 65 8186816.097
33 66 4770904.556
33 67 9945622.144
33 68 2680752.121
33 69 4313100.47
33 70 3037514.211
33 71 5818213.787
33 72 7716966.19
33 73 4201510.404
33 74 5021474.033
33 75 4337519.715
33 76 4295080.953
33 77 6556521.573
33 78 5238397.196
33 79 9634784.575
33 80 7857326.364
33 81 1759633.046
33 82 5692685.741
33 83 7575798.291
33 84 9208793.116
33 85 9639333.504
33 86 9099022.643
33 87 9961659.05
33 88 4610953.006
33 89 5799462.53
33 90 3760213.142
33 91 4535958.485
33 92 5986883.638
33 93 10336841.15
33 94 5608878.968
33 95 3492320.435
33 96 6649709.241
33 97 8953458.083
33 98 8435348.894
33 99 9834814.633
34 35 4727024.639
34 36 4753170.679
34 37 2949571.327
34 38 6953882.747
34 39 7240121.653
34 40 2898452.532
34 41 8609080.838
34 42 3933362.67
34 43 2570972.757
34 44 2707849.62
34 45 8031589.438
34 46 1914784.482
34 47 7783802.598
34 48 3883151.147
34 49 7391104.426
34 50 2304629.601
34 51 4877668.298
34 52 4435943.422
34 53 1303428.343
34 54 6523160.745
34 55 5384460.979
34 56 6110069.85
34 57 1950490.935
34 58 7554755.668
34 59 2959014.812
34 60 4921930.295
34 61 9248353.902
34 62 2480549.049
34 63 5009100.656
34 64 9553130.2
34 65 8273480.793
34 66 9658740.858
34 67 5638131.735
34 68 6394520.901
34 69 5309552.547
34 70 3186982.452
34 71 4098790.72
34 72 8314648.313
34 73 4952341.509
34 74 2938272.722
34 75 2001990.684
34 76 1953170.125
34 77 562777.2811
34 78 9087815.481
34 79 5104939.252
34 80 1828740.925
34 81 6658527.458
34 82 3947261.84
34 83 8176717.21
34 84 4067146.731
34 85 7676664.298
34 86 4318463.647
34 87 8939551.762
34 88 9577126.848
34 89 9913342.84
34 90 4473817.3
34 91 8098639.739
34 92 6879070.418
34 93 8556947.842
34 94 10267106.51
34 95 6371022.382
34 96 8439380.011
34 97 3692675.673
34 98 3948213.475
34 99 5186439.205
35 36 1427683.464
35 37 4992225.162
35 38 2278702.528
35 39 2990628.852
35 40 5400626.004
35 41 4649972.457
35 42 2607097.428
35 43 5476987.195
35 44 2834065.809
35 45 5577961.441
35 46 2812435.288
35 47 5895493.623
35 48 1458003.244
35 49 3291556.423
35 50 2511694.806
35 51 2900305.806
35 52 6130410.818
35 53 4906863.707
35 54 4286925.499
35 55 5125883.883
35 56 3965165.965
35 57 4136086.08
35 58 6097395.428
35 59 1787288.895
35 60 1626600.24
35 61 6085304.025
35 62 2779926.784
35 63 1849168.024
35 64 8578649.253
35 65 5067255.217
35 66 9674480.769
35 67 1494528.182
35 68 6987084.358
35 69 4867529.55
35 70 6212140.167
35 71 2780439.196
35 72 5474933.242
35 73 9178666.036
35 74 3518271.823
35 75 5909304.188
35 76 5651803.95
35 77 4217000.5
35 78 8429774.866
35 79 1377146.291
35 80 3789133.568
35 81 7855395.974
35 82 2861568.283
35 83 5393490.218
35 84 2008907.261
35 85 3273596.84
35 86 1435765.978
35 87 4818759.668
35 88 9682634.606
35 89 9213807.863
35 90 8574477.246
35 91 7606100.946
35 92 4997479.729
35 93 4108803.744
35 94 9931941.535
35 95 6393623.927
35 96 6455696.548
35 97 2177991.048
35 98 1049640.08
35 99 1624229.075
36 37 4155895.595
36 38 2531265.483
36 39 2491026.878
36 40 4613947.582
36 41 3910353.993
36 42 1465603.588
36 43 4788943.87
36 44 3638539.781
36 45 4261279.808
36 46 2970385.446
36 47 4503599.84
36 48 876047.6527
36 49 2642511.696
36 50 2952423.752
36 51 1493981.892
36 52 5052124.215
36 53 4542573.086
36 54 2892935.998
36 55 3776609.785
36 56 2551783.991
36 57 3592542.006
36 58 4677342.929
36 59 2268513.527
36 60 235918.5132
36 61 4977729.473
36 62 2355473.409
36 63 3265003.776
36 64 7155824.895
36 65 3944877.873
36 66 8258277.556
36 67 2863268.529
36 68 5662986.25
36 69 3509770.651
36 70 5455375.969
36 71 1563814.229
36 72 4246443.183
36 73 8634679.141
36 74 2682326.13
36 75 5456398.045
36 76 5168116.981
36 77 4343051.463
36 78 7002099.739
36 79 2804811.893
36 80 4355264.116
36 81 6585495.423
36 82 1696638.86
36 83 4146898.421
36 84 3246986.496
36 85 2950573.088
36 86 2747523.821
36 87 4204381.748
36 88 8270514.875
36 89 7786881.719
36 90 7997498.285
36 91 6182913.147
36 92 3587426.142
36 93 3828266.606
36 94 8505199.115
36 95 5023097.187
36 96 5085275.114
36 97 3302966.994
36 98 2153900.272
36 99 3051888.702
37 38 6686637.695
37 39 6377021.314
37 40 480843.8583
37 41 7286087.141
37 42 2727022.359
37 43 818460.808
37 44 4624746.672
37 45 5846411.877
37 46 3124924.508
37 47 5368819.917
37 48 3577860.322
37 49 6367328.805
37 50 3706836.127
37 51 3343501.86
37 52 1543693.463
37 53 1703536.654
37 54 4497955.451
37 55 2699298.57
37 56 4146704.222
37 57 1217507.804
37 58 4992722.461
37 59 3850197.467
37 60 4190222.151
37 61 7302945.623
37 62 2319236.915
37 63 6196393.935
37 64 6722400.333
37 65 6469214.949
37 66 6710236.315
37 67 6385562.766
37 68 3445980.741
37 69 2718930.546
37 70 1314441.39
37 71 2717545.9
37 72 6293399.735
37 73 4602384.23
37 74 1491724.178
37 75 1899389.929
37 76 1622281.09
37 77 3105005.026
37 78 6211430.07
37 79 6019696.805
37 80 4294283.015
37 81 3762075.46
37 82 2545987.938
37 83 6143022.716
37 84 5509671.369
37 85 6900973.883
37 86 5431250.774
37 87 7718192.882
37 88 6627606.9
37 89 7023838.062
37 90 3946489.232
37 91 5225451.255
37 92 4597539.931
37 93 7726530.551
37 94 7331864.012
37 95 3485473.068
37 96 5993307.93
37 97 5248444.151
37 98 4788686.013
37 99 6203939.693
38 39 1401714.923
38 40 7145165.707
38 41 2967364.68
38 42 3977045.594
38 43 7313421.05
38 44 5064930.248
38 45 4976995.588
38 46 5046190.868
38 47 5606526.151
38 48 3231628.594
38 49 1800278.826
38 50 4787010.755
38 51 3682809.235
38 52 7507207.634
38 53 6969786.619
38 54 4207337.267
38 55 5926293.378
38 56 4075954.115
38 57 6075804.87
38 58 6031225.566
38 59 4055631.849
38 60 2508350.197
38 61 4867170.98
38 62 4765985.349
38 63 3330151.205
38 64 8422113.752
38 65 3997968.975
38 66 9917667.602
38 67 2360653.409
38 68 7800082.894
38 69 5651890.016
38 70 7986427.297
38 71 4036941.434
38 72 4611849.914
38 73 11143562.11
38 74 5212347.531
38 75 7926642.915
38 76 7646964.504
38 77 6464151.56
38 78 8456368.925
38 79 2799797.275
38 80 6058726.842
38 81 8810610.932
38 82 4189684.011
38 83 4590742.298
38 84 3978003.021
38 85 1323745.85
38 86 3385106.984
38 87 2950031.909
38 88 9968445.304
38 89 9139349.101
38 90 10512242.29
38 91 7818419.982
38 92 4930771.394
38 93 1977154.96
38 94 9980930.591
38 95 7047733.848
38 96 6000341.846
38 97 4258479.079
38 98 3271982.425
38 99 2970784.884
39 40 6855318.96
39 41 1691725.872
39 42 3685594.095
39 43 7096291.65
39 44 5798084.187
39 45 3627489.54
39 46 5416793.565
39 47 4320824.633
39 48 3356971.18
39 49 399142.1668
39 50 5303013.586
39 51 3082378.247
39 52 6930191.715
39 53 6999142.054
39 54 3072097.205
39 55 5086655.155
39 56 3042866.357
39 57 6012569.909
39 58 4803191.942
39 59 4571290.087
39 60 2344222.173
39 61 3473905.963
39 62 4837835.429
39 63 4474898.006
39 64 7121303.203
39 65 2597489.714
39 66 8717776.728
39 67 3588319.082
39 68 6884693.763
39 69 4821334.334
39 70 7690294.453
39 71 3662649.998
39 72 3223525.75
39 73 10961008.59
39 74 4998535.357
39 75 7870900.651
39 76 7574998.135
39 77 6814957.402
39 78 7206237.031
39 79 3924202.752
39 80 6675556.41
39 81 7940519.668
39 82 3837363.454
39 83 3211051.07
39 84 4945740.828
39 85 536153.1243
39 86 4346786.658
39 87 1828529.488
39 88 8782596.111
39 89 7852104.988
39 90 10310642.22
39 91 6641402.064
39 92 3749353.983
39 93 1360643.682
39 94 8719443.698
39 95 6079815.897
39 96 4662467.971
39 97 5157625.204
39 98 4038376.993
39 99 4132813.852
40 41 7764543.267
40 42 3197142.37
40 43 427257.0805
40 44 4830765.021
40 45 6274812.195
40 46 3362413.12
40 47 5764926.75
40 48 4007055.875
40 49 6847737.371
40 50 3953072.845
40 51 3824316.984
40 52 1547262.587
40 53 1599335.348
40 54 4952238.845
40 55 3063488.741
40 56 4608449.531
40 57 1431126.489
40 58 5359795.977
40 59 4167590.734
40 60 4655374.957
40 61 7750022.483
40 62 2674801.67
40 63 6529209.428
40 64 6977470.567
40 65 6930013.873
40 66 6831433.69
40 67 6767134.271
40 68 3583604.821
40 69 3111075.888
40 70 842415.6829
40 71 3194194.311
40 72 6737555.013
40 73 4121570.416
40 74 1935791.15
40 75 1542887.633
40 76 1298231.881
40 77 3137718.999
40 78 6438843.246
40 79 6380428.854
40 80 4397527.179
40 81 3761253.652
40 82 3021567.581
40 83 6586685.261
40 84 5801359.123
40 85 7378370.742
40 86 5761886.63
40 87 8197908.038
40 88 6737360.231
40 89 7236949.049
40 90 3465649.752
40 91 5461286.921
40 92 5022126.993
40 93 8205852.763
40 94 7490203.763
40 95 3728513.863
40 96 6378936.594
40 97 5520492.046
40 98 5137861.273
40 99 6555899.497
41 42 4791557.495
41 43 8067675.244
41 44 7415300.565
41 45 2892617.969
41 46 6879441.648
41 47 3768717.833
41 48 4781306.021
41 49 1358543.972
41 50 6841007.421
41 51 3968202.075
41 52 7516844.141
41 53 8188382.277
41 54 3127384.15
41 55 5423800.148
41 56 3317846.01
41 57 7160533.731
41 58 4384171.414
41 59 6127028.161
41 60 3713312.994
41 61 2079218.834
41 62 6139359.484
41 63 6164586.118
41 64 6356410.403
41 65 1579722.68
41 66 8188882.119
41 67 5262204.574
41 68 6988162.096
41 69 5195042.985
41 70 8564162.757
41 71 4697534.235
41 72 2282052.25
41 73 11876445.47
41 74 6068824.92
41 75 8965975.012
41 76 8663806.269
41 77 8233085.962
41 78 6591995.335
41 79 5614354.946
41 80 8236054.211
41 81 8074509.69
41 82 4874174.458
41 83 2347739.355
41 84 6627644.894
41 85 1650574.175
41 86 6030580.216
41 87 495350.9377
41 88 8285712.546
41 89 7108735.784
41 90 11217945.96
41 91 6238977.938
41 92 3573716.959
41 93 1453977.565
41 94 8030087.653
41 95 6135501.034
41 96 3879534.189
41 97 6826543.722
41 98 5688914.652
41 99 5820209.143
42 43 3414758.11
42 44 3748721.499
42 45 4198343.932
42 46 2545985.068
42 47 4134175.465
42 48 1191453.063
42 49 3721016.113
42 50 2822417.82
42 51 952544.4585
42 52 3595657.6
42 53 3396826.863
42 54 2674593.433
42 55 2594952.802
42 56 2257093.116
42 57 2371558.279
42 58 4098196.51
42 59 2399069.86
42 60 1469733.055
42 61 5321018.479
42 62 1486854.971
42 63 4245884.132
42 64 6465412.49
42 65 4340150.911
42 66 7266143.812
42 67 4100321.922
42 68 4405888.363
42 69 2358958.899
42 70 4038882.017
42 71 234196.8672
42 72 4410121.902
42 73 7280180.587
42 74 1313700.035
42 75 4204820.44
42 76 3905445.394
42 77 3657388.635
42 78 6189765.245
42 79 3894402.933
42 80 4116181.942
42 81 5249391.259
42 82 254549.6697
42 83 4277898.825
42 84 3908752.71
42 85 4198929.789
42 86 3569123.177
42 87 5176095.601
42 88 7252613.427
42 89 7013216.313
42 90 6632603.023
42 91 5279046.833
42 92 3176441.973
42 93 5044977.361
42 94 7627666.362
42 95 3876846.407
42 96 4781473.239
42 97 3818327.168
42 98 2876802.394
42 99 4124708.932
43 44 4677083.037
43 45 6663151.159
43 46 3254279.707
43 47 6172069.538
43 48 4126730.03
43 49 7108494.524
43 50 3845550.98
43 51 4107427.845
43 52 1931533.13
43 53 1269676.872
43 54 5314746.251
43 55 3480052.086
43 56 4960086.462
43 57 1375680.497
43 58 5777065.667
43 59 4132826.64
43 60 4849157.865
43 61 8121040.139
43 62 2707518.509
43 63 6497733.073
43 64 7403295.749
43 65 7282423.814
43 66 7229350.685
43 67 6797956.03
43 68 3991704.881
43 69 3518381.666
43 70 768310.9782
43 71 3437251.422
43 72 7111800.019
43 73 3865511.884
43 74 2113296.391
43 75 1116797.923
43 76 872238.6988
43 77 2862575.167
43 78 6861768.245
43 79 6384416.358
43 80 4161014.088
43 81 4118567.177
43 82 3260911.612
43 83 6961448.695
43 84 5726445.118
43 85 7612930.996
43 86 5731229.551
43 87 8491709.367
43 88 7131590.467
43 89 7657406.323
43 90 3218366.622
43 91 5885618.386
43 92 5413055.77
43 93 8453011.415
43 94 7898544.299
43 95 4154337.925
43 96 6790527.57
43 97 5426358.369
43 98 5133279.69
43 99 6547921.168
44 45 7785532.142
44 46 1514086.676
44 47 7848638.071
44 48 2898436.624
44 49 6068165.286
44 50 985232.9711
44 51 4578653.193
44 52 6133088.652
44 53 3580057.086
44 54 6303717.358
44 55 6143161.54
44 56 5902523.863
44 57 3416589.147
44 58 7846247.92
44 59 1404748.575
44 60 3870535.537
44 61 8615312.186
44 62 2599303.644
44 63 2400195.835
44 64 10197058.22
44 65 7582685.973
44 66 10819109.25
44 67 3204177.925
44 68 7694033.903
44 69 5957878.815
44 70 5428099.615
44 71 3982057.882
44 72 7851770.461
44 73 7654160.187
44 74 3642508.615
44 75 4544457.227
44 76 4394577.428
44 77 2153324.582
44 78 9882611.312
44 79 2631200.805
44 80 1092851.336
44 81 8273693.307
44 82 3925092.554
44 83 7742159.343
44 84 1423130.059
44 85 6106080.363
44 86 1834338.34
44 87 7623533.777
44 88 10779791.98
44 89 10714751.98
44 90 7154586.054
44 91 8937969.757
44 92 6889059.851
44 93 6942099.816
44 94 11267958.1
44 95 7374487.97
44 96 8482896.955
44 97 1034675.951
44 98 1796678.615
44 99 2645385.165
45 46 6735465.145
45 47 908022.2063
45 48 4890783.94
45 49 3260669.679
45 50 6944281.524
45 51 3263033.113
45 52 5525308.881
45 53 7213119.377
45 54 1524321.71
45 55 3334188.746
45 56 1942323.46
45 57 6204058.68
45 58 1563568.46
45 59 6380858.186
45 60 4028288.196
45 61 1598447.801
45 62 5673699.677
45 63 7406476.378
45 64 3526970.364
45 65 1320121.111
45 66 5297425.374
45 67 6751682.151
45 68 4435729.885
45 69 3205791.509
45 70 6943362.538
45 71 3993571.48
45 72 669474.2045
45 73 10154640.03
45 74 5112297.239
45 75 7728282.968
45 76 7436419.152
45 77 7822334.171
45 78 3707440.54
45 79 6887344.088
45 80 8293631.537
45 81 5498443.275
45 82 4121262.527
45 83 558983.8166
45 84 7505053.839
45 85 3979212.758
45 86 6984389.824
45 87 3363691.435
45 88 5393119.538
45 89 4272043.532
45 90 9507340.098
45 91 3367283.321
45 92 1254469.602
45 93 4231318.713
45 94 5173698.371
45 95 3594065.839
45 96 1039322.047
45 97 7561072.745
45 98 6414841.229
45 99 7131423.095
46 47 6670270.132
46 48 2098323.303
46 49 5604007.843
46 50 591970.7662
46 51 3472678.129
46 52 4621623.423
46 53 2307375
46 54 5214899.471
46 55 4723313.373
46 56 4798776.125
46 57 1933055.903
46 58 6585916.267
46 59 1061883.576
46 60 3167310.995
46 61 7763630.414
46 62 1165403.121
46 63 3317631.086
46 64 8852120.885
46 65 6748901.027
46 66 9361355.854
46 67 3806219.571
46 68 6201252.921
46 69 4560236.627
46 70 4019700.902
46 71 2764259.294
46 72 6904324.695
46 73 6573123.846
46 74 2161931.646
46 75 3327038.664
46 76 3121785.214
46 77 1420074.825
46 78 8496047.214
46 79 3308491.105
46 80 1574526.986
46 81 6760767.181
46 82 2664919.089
46 83 6779337.407
46 84 2482810.59
46 85 5825965.16
46 86 2569215.717
46 87 7171723.031
46 88 9314858.099
46 89 9331882.09
46 90 6014640.725
46 91 7533691.253
46 92 5716211.14
46 93 6703225.823
46 94 9842458.546
46 95 5922203.527
46 96 7321238.855
46 97 2172403.655
46 98 2088865.453
46 99 3428696.55
47 48 5005641.745
47 49 3981816.276
47 50 6950743.416
47 51 3271212.069
47 52 4854901.999
47 53 6854501.744
47 54 1610955.124
47 55 2722211.583
47 56 1970770.088
47 57 5885605.571
47 58 661279.2083
47 59 6457283.898
47 60 4283036.283
47 61 2442425.306
47 62 5549462.044
47 63 7744253.765
47 64 2816023.271
47 65 2214270.783
47 66 4451591.48
47 67 7180057.757
47 68 3585836.85
47 69 2654056.263
47 70 6370104.693
47 71 3909305.013
47 72 1576609.165
47 73 9503135.436
47 74 4846465.149
47 75 7267971.057
47 76 6986307.724
47 77 7634698.361
47 78 2894662.996
47 79 7249733.462
47 80 8244399.258
47 81 4631430.396
47 82 4005997.006
47 83 1465204.761
47 84 7731828.515
47 85 4723386.975
47 86 7250402.924
47 87 4248462.304
47 88 4536722.381
47 89 3535379.965
47 90 8865526.212
47 91 2471471.781
47 92 960017.3264
47 93 5058712.017
47 94 4399560.239
47 95 2763115.824
47 96 657170.3804
47 97 7742996.111
47 98 6634353.726
47 99 7497322.242
48 49 3518209.483
48 50 2124432.812
48 51 1756829.064
48 52 4672720.044
48 53 3744637.095
48 54 3427414.949
48 55 3777899.895
48 56 3038474.2
48 57 2848369.979
48 58 5078072.378
48 59 1494967.689
48 60 1069235.177
48 61 5751961.551
48 62 1539017.81
48 63 3057400.398
48 64 7513753.308
48 65 4723672.634
48 66 8423502.683
48 67 2935637.628
48 68 5597146.85
48 69 3534393.713
48 70 4835615.717
48 71 1394477.604
48 72 4958034.822
48 73 7922203.31
48 74 2088806.991
48 75 4695029.321
48 76 4416162.571
48 77 3467250.293
48 78 7286115.104
48 79 2704655.146
48 80 3524345.94
48 81 6427981.881
48 82 1442897.015
48 83 4846066.868
48 84 2785936.94
48 85 3800488.334
48 86 2398448.689
48 87 5080269.375
48 88 8416403.779
48 89 8097805.839
48 90 7297289.284
48 91 6404088.496
48 92 4053928.938
48 93 4680647.837
48 94 8751626.804
48 95 5059041.389
48 96 5624284.456
48 97 2749863.501
48 98 1715877.925
48 99 2933645.139
49 50 5526810.871
49 51 3034774
49 52 6833469.01
49 53 7082408.103
49 54 2812246.716
49 55 4916963.933
49 56 2828662.166
49 57 6078111.236
49 58 4486969.103
49 59 4803278.512
49 60 2469628.385
49 61 3075839.78
49 62 4954743.058
49 63 4836299.647
49 64 6769370.09
49 65 2201359.701
49 66 8402132.904
49 67 3967049.617
49 68 6675747.635
49 69 4657701.272
49 70 7675309.223
49 71 3673043.062
49 72 2836011.507
49 73 10965715.34
49 74 5032483.47
49 75 7924723.158
49 76 7625970.941
49 77 6985456.082
49 78 6874167.197
49 79 4285039.82
49 80 6913029.748
49 81 7742454.138
49 82 3850390.122
49 83 2828815.395
49 84 5271412.774
49 85 751173.6042
49 86 4675502.792
49 87 1572061.558
49 88 8471980.909
49 89 7504657.14
49 90 10311856.15
49 91 6338681.439
49 92 3460196.05
49 93 1384926.529
49 94 8380897.32
49 95 5856642.599
49 96 4298667.831
49 97 5468004.673
49 98 4331841.921
49 99 4498759.871
50 51 3697248.642
50 52 5189984.465
50 53 2868521.264
50 54 5439798.243
50 55 5162765.683
50 56 5030292.712
50 57 2522757.531
50 58 6915651.96
50 59 738820.2411
50 60 3170658.378
50 61 7874016.181
50 62 1614081.25
50 63 2769890.901
50 64 9238956.981
50 65 6847120.833
50 66 9834572.435
50 67 3335088.659
50 68 6711379.708
50 69 4981758.7
50 70 4610361.909
50 71 3052654.381
50 72 7059824.559
50 73 7102268.022
50 74 2659435.115
50 75 3880473.241
50 76 3687747.569
50 77 1757996.971
50 78 8911911.003
50 79 2810275.806
50 80 1403173.617
50 81 7307072.743
50 82 2981053.546
50 83 6942325.315
50 84 1902786.372
50 85 5674021.08
50 86 2040555.204
50 87 7098593.478
50 88 9794752.729
50 89 9745408.724
50 90 6557570.443
50 91 7962358.414
50 92 5991119.444
50 93 6540666.003
50 94 10288351.92
50 95 6390070.425
50 96 7593341.347
50 97 1582730.34
50 98 1647655.767
50 99 2908841.716
51 52 3869563.993
51 53 4266882.125
51 54 1745820.786
51 55 2309494.25
51 56 1333465.09
51 57 3228961.145
51 58 3321246.362
51 59 3186201.926
51 60 1350495.91
51 61 4371617.785
51 62 2439247.269
51 63 4700329.623
51 64 5764289.445
51 65 3399699.315
51 66 6774264.925
51 67 4356609.39
51 68 4203825.774
51 69 2037617.309
51 70 4645148.651
51 71 780960.5948
51 72 3457819.07
51 73 7945884.89
51 74 2116610.849
51 75 5001618.58
51 76 4699124.6
51 77 4609820.608
51 78 5561528.652
51 79 4271102.084
51 80 5031838.425
51 81 5166168.71
51 82 943700.7517
51 83 3326194.053
51 84 4533713.17
51 85 3616517.08
51 86 4107398.571
51 87 4384922.196
51 88 6782663.956
51 89 6363221.519
51 90 7289768.265
51 91 4712183.907
51 92 2312842.206
51 93 4408810.454
51 94 7048263.978
51 95 3535789.275
51 96 3904431.007
51 97 4506636.695
51 98 3447463.293
51 99 4515508.783
52 53 3143411.811
52 54 4452669.666
52 55 2198643.155
52 56 4203456.951
52 57 2754443.957
52 58 4337285.361
52 59 5242788.004
52 60 5020606.167
52 61 7096123.848
52 62 3688615.845
52 63 7529703.682
52 64 5604368.808
52 65 6420491.667
52 66 5299877.002
52 67 7592638.539
52 68 2085626.857
52 69 2370861.344
52 70 1704110.85
52 71 3490744.261
52 72 6084348.185
52 73 4648253.836
52 74 2685142.25
52 75 2964474.971
52 76 2775447.107
52 77 4635853.742
52 78 5022057.221
52 79 7290189.566
52 80 5837878.235
52 81 2227419.165
52 82 3356375.405
52 83 5933882.591
52 84 6922109.246
52 85 7466337.937
52 86 6777093.485
52 87 7988476.079
52 88 5200454.517
52 89 5792195.344
52 90 4012791.127
52 91 4071254.007
52 92 4297759.478
52 93 8218330.025
52 94 5982656.989
52 95 2403060.265
52 96 5402810.892
52 97 6690018.782
52 98 6104192.946
52 99 7494190.046
53 54 5755135.116
53 55 4300327.056
53 56 5360070.256
53 57 1038624.531
53 58 6551672.336
53 59 3318936.245
53 60 4660721.654
53 61 8553079.663
53 62 2205705.762
53 63 5624949.445
53 64 8406265.351
53 65 7632174.916
53 66 8400736.852
53 67 6072648.823
53 68 5139160.427
53 69 4267858.46
53 70 1927343.026
53 71 3502391.301
53 72 7574975.692
53 73 4292061.734
53 74 2158067.124
53 75 1023138.338
53 76 820972.8496
53 77 1613954.61
53 78 7908289.558
53 79 5599028.304
53 80 2941477.066
53 81 5360517.95
53 82 3329480.492
53 83 7429774.082
53 84 4769303.414
53 85 7483256.405
53 86 4875125.722
53 87 8568701.893
53 88 8312992.806
53 89 8724031.142
53 90 3715488.868
53 91 6920629.989
53 92 6002207.586
53 93 8354434.303
53 94 9033377.545
53 95 5181772.562
53 96 7499978.789
53 97 4433590.17
53 98 4357291.161
53 99 5730109.985
54 55 2305215.534
54 56 418024.1623
54 57 4731180.726
54 58 1865055.532
54 59 4902259.726
54 60 2672100.018
54 61 2813391.038
54 62 4149643.672
54 63 6136065.081
54 64 4336752.518
54 65 1990233.601
54 66 5711226.47
54 67 5596865.991
54 68 3904644.017
54 69 2091137.837
54 70 5684465.091
54 71 2469292.775
54 72 1820456.196
54 73 8968830.14
54 74 3623745.489
54 75 6339345.975
54 76 6041439.63
54 77 6301915.089
54 78 4283435.654
54 79 5646195.187
54 80 6777213.583
54 81 4985756.788
54 82 2598549.811
54 83 1674662.403
54 84 6126486.7
54 85 3556016.573
54 86 5640161.476
54 87 3616831.868
54 88 5761129.897
54 89 5014042.366
54 90 8312319.902
54 91 3611103.853
54 92 740583.2022
54 93 4103599.742
54 94 5811097.123
54 95 3066641.772
54 96 2202620.527
54 97 6147766.835
54 98 5029040.429
54 99 5894096.602
55 56 2124881.542
55 57 3433978.064
55 58 2297024.443
55 59 4902900.406
55 60 3654683.836
55 61 4897939.414
55 62 3563906.416
55 63 6835090.566
55 64 4187819.29
55 65 4238137.391
55 66 4697398.746
55 67 6612286.996
55 68 1894499.306
55 69 274781.9307
55 70 3648003.227
55 71 2383500.073
55 72 3885705.87
55 73 6820910.463
55 74 2595899.254
55 75 4590438.224
55 76 4320189.02
55 77 5355245.262
55 78 3781705.646
55 79 6461574.313
55 80 6239241.154
55 81 2884765.148
55 82 2354388.146
55 83 3735249.494
55 84 6488125.852
55 85 5613431.771
55 86 6164021.313
55 87 5908677.028
55 88 4673435.483
55 89 4618063.009
55 90 6174898.932
55 91 2811360.259
55 92 2099397.896
55 93 6280992.606
55 94 5125659.252
55 95 1281906.197
55 96 3320461.77
55 97 6369131.601
55 98 5471145.867
55 99 6697745.232
56 57 4331942.316
56 58 2135200.446
56 59 4503610.636
56 60 2339822.061
56 61 3195173.323
56 62 3731643.427
56 63 5812205.605
56 64 4618828.88
56 65 2322526.53
56 66 5884548.211
56 67 5316528.186
56 68 3847851.222
56 69 1883827.934
56 70 5360152.744
56 71 2051269.761
56 72 2217688.472
56 73 8658805.7
56 74 3220007.059
56 75 5967672.054
56 76 5668232.952
56 77 5884927.568
56 78 4515127.973
56 79 5334884.265
56 80 6362632.754
56 81 4914060.983
56 82 2181056.862
56 83 2074895.772
56 84 5763757.051
56 85 3552091.125
56 86 5291375.295
56 87 3796150.219
56 88 5922478.991
56 89 5272841.539
56 90 8000830.598
56 91 3779643.203
56 92 1036006.935
56 93 4171261.383
56 94 6037586.931
56 95 3036962.293
56 96 2586228.107
56 97 5772259.24
56 98 4666630.126
56 99 5582981.439
57 58 5623245.516
57 59 2760032.066
57 60 3690443.077
57 61 7521655.853
57 62 1356215.917
57 63 5125611.661
57 64 7606144.358
57 65 6595209.702
57 66 7795461.789
57 67 5427883.069
57 68 4545831.009
57 69 3363184.866
57 70 2140484.836
57 71 2467727.353
57 72 6549013.874
57 73 5074738.244
57 74 1120216.041
57 75 1864550.278
57 76 1575775.82
57 77 1974270.479
57 78 7151577.607
57 79 5009083.032
57 80 3090598.815
57 81 4956521.403
57 82 2293652.652
57 83 6404885.664
57 84 4374563.849
57 85 6507725.272
57 86 4358548.174
57 87 7547627.892
57 88 7725633.426
57 89 7980706.691
57 90 4454212.118
57 91 6163304.132
57 92 5009303.472
57 93 7371993.611
57 94 8368279.351
57 95 4447013.003
57 96 6537087.063
57 97 4089756.615
57 98 3757659.166
57 99 5172310.626
58 59 6478827.717
58 60 4470854.112
58 61 3099393.561
58 62 5437136.382
58 63 7941909.767
58 64 2483685.385
58 65 2851505.218
58 66 3915635.909
58 67 7447592.27
58 68 2945613.305
58 69 2286828.276
58 70 5912555.908
58 71 3865627.103
58 72 2233036.631
58 73 8977326.392
58 74 4640839.185
58 75 6886947.713
58 76 6614818.824
58 77 7450947.421
58 78 2427054.67
58 79 7469183.664
58 80 8156964.573
58 81 3979556.039
58 82 3935984.624
58 83 2116254.498
58 84 7849243.109
58 85 5236407.049
58 86 7400402.006
58 87 4869915.603
58 88 3985554.995
58 89 3149336.149
58 90 8347938.172
58 91 1868741.005
58 92 1124693.007
58 93 5630226.255
58 94 3954231.779
58 95 2141265.353
58 96 1069424.688
58 97 7827813.447
58 98 6757149.975
58 99 7717247.374
59 60 2495089.868
59 61 7231355.059
59 62 1554385.264
59 63 2365588.513
59 64 8864394.808
59 65 6200097.915
59 66 9600245.063
59 67 2757478.541
59 68 6573828.04
59 69 4694948.102
59 70 4899711.025
59 71 2633082.043
59 72 6451945.598
59 73 7606339.115
59 74 2584205.323
59 75 4341951.21
59 76 4117029.949
59 77 2435817.994
59 78 8582002.337
59 79 2282440.164
59 80 2110050.188
59 81 7261834.847
59 82 2599008.927
59 83 6340756.935
59 84 1680378.204
59 85 4936636.316
59 86 1598563.512
59 87 6373837.631
59 88 9573768.709
59 89 9408315.816
59 90 7034349.51
59 91 7657930.038
59 92 5499003.969
59 93 5802291.076
59 94 10002188.4
59 95 6166629.272
59 96 7087272.7
59 97 1484312.125
59 98 1039039.545
59 99 2425896.907
60 61 4744903.873
60 62 2494373.64
60 63 3472395.872
60 64 6952111.705
60 65 3712187.16
60 66 8086939.576
60 67 3029691.637
60 68 5547002.416
60 69 3384583.265
60 70 5497788.348
60 71 1533627.772
60 72 4010526.903
60 73 8706215.241
60 74 2736137.119
60 75 5554596.131
60 76 5262850.99
60 77 4525159.586
60 78 6810684.446
60 79 3000699.841
60 80 4573828.129
60 81 6488911.898
60 82 1682215.49
60 83 3911046.204
60 84 3477962.487
60 85 2822589.622
60 86 2972095.484
60 87 4021192.638
60 88 8102920.687
60 89 7590014.109
60 90 8064741.144
60 91 6004195.395
60 92 3373870.607
60 93 3694616.195
60 94 8318597.713
60 95 4886105.519
60 96 4859637.276
60 97 3537895.331
60 98 2386567.495
60 99 3248523.081
61 62 6802460.109
61 63 7802205.959
61 64 4530222.329
61 65 1032905.043
61 66 6502131.733
61 67 6998361.781
61 68 6020993.03
61 69 4747040.019
61 70 8456228.49
61 71 5149564.948
61 72 1017409.404
61 73 11703953.38
61 74 6404858.66
61 75 9152613.024
61 76 8854823.723
61 77 8974961.054
61 78 4887775.874
61 79 7255658.373
61 80 9267397.085
61 81 7073244.849
61 82 5302840.1
61 83 1169018.387
61 84 8090234.053
61 85 3623294.927
61 86 7520399.448
61 87 2415592.365
61 88 6624356.724
61 89 5274920.038
61 90 11052461.43
61 91 4764874.633
61 92 2798546.761
61 93 3530529.926
61 94 6214443.352
61 95 5185703.124
61 96 2236227.718
61 97 8217197.776
61 98 7048423.095
61 99 7484415.425
62 63 3878619.975
62 64 7686993.946
62 65 5812142.739
62 66 8222472.998
62 67 4096528.119
62 68 5102742.775
62 69 3396113.807
62 70 3456870.323
62 71 1680810.641
62 72 5896972.034
62 73 6417174.392
62 74 1055833.303
62 75 3167097.061
62 76 2895324.33
62 77 2172551.655
62 78 7332135.954
62 79 3706674.078
62 80 2722618.89
62 81 5734730.509
62 82 1555602.631
62 83 5764643.655
62 84 3233557.813
62 85 5305840.323
62 86 3114994.905
62 87 6484037.018
62 88 8181359.446
62 89 8167739.97
62 90 5803676.471
62 91 6372229.956
62 92 4603455.687
62 93 6182672.383
62 94 8687528.276
62 95 4778643.478
62 96 6204168.697
62 97 3011589.226
62 98 2469883.565
62 99 3886395.26
63 64 10420781.93
63 65 6807546.908
63 66 11459200.5
63 67 1005840.701
63 68 8644806.798
63 69 6589695.673
63 70 7264989.569
63 71 4451852.024
63 72 7265221.008
63 73 9871831.774
63 74 4844571.574
63 75 6643371.75
63 76 6438717.476
63 77 4446663.174
63 78 10255842.55
63 79 551272.7509
63 80 3488585.056
63 81 9437095.647
63 82 4493988.824
63 83 7193040.616
63 84 978105.3527
63 85 4600636.606
63 86 767468.7956
63 87 6233355.8
63 88 11458476.35
63 89 11047549.34
63 90 9326185.855
63 91 9411427.054
63 92 6845649.133
63 93 5306717.095
63 94 11748373.52
63 95 8115803.515
63 96 8300292.05
63 97 1366298.429
63 98 1426175.675
63 99 361713.3055
64 65 4785302.605
64 66 2066016.653
64 67 9929585.619
64 68 3588078.612
64 69 4309192.991
64 70 7308109.402
64 71 6231336.983
64 72 4078492.945
64 73 9908064.312
64 74 6772035.334
64 75 8506674.663
64 76 8275453.559
64 77 9542452.541
64 78 683555.7997
64 79 9951759.06
64 80 10398012.37
64 81 4177239.186
64 82 6274487.304
64 83 4030006.147
64 84 10297204.42
64 85 7499256.644
64 86 9865275.73
64 87 6796378.5
64 88 2221114.609
64 89 752605.7561
64 90 9346906.894
64 91 1533487.464
64 92 3601055.227
64 93 7744477.247
64 94 1685793.854
64 95 3248974.81
64 96 2493463.43
64 97 10255391.95
64 98 9211522.509
64 99 10199773.75
65 66 6610864.642
65 67 6032980.985
65 68 5604338.531
65 69 4049677.806
65 70 7672550.444
65 71 4180653.008
65 72 706926.1565
65 73 10959031.59
65 74 5475029.068
65 75 8281155.56
65 76 7980514.554
65 77 7982342.945
65 78 5012348.862
65 79 6264370.279
65 80 8242845.59
65 81 6685239.263
65 82 4340493.918
65 83 768685.7345
65 84 7068383.098
65 85 2845421.138
65 86 6503017.579
65 87 2044430.461
65 88 6709641.281
65 89 5536786.573
65 90 10302553.49
65 91 4683833.685
65 92 2199934.214
65 93 2965508.508
65 94 6454186.943
65 95 4749313.355
65 96 2301242.291
65 97 7189261.937
65 98 6020532.435
65 99 6497070.408
66 67 11116558.48
66 68 3264305.486
66 69 4912909.568
66 70 6923852.899
66 71 7043500.36
66 72 5918011.598
66 73 8963363.193
66 74 7199993.487
66 75 8249807.211
66 76 8073769.503
66 77 9767943.115
66 78 1615388.493
66 79 11044331.25
66 80 10813840.57
66 81 3277442.579
66 82 7035651.606
66 83 5842179.221
66 84 11173955.93
66 85 9150911.703
66 86 10821914.71
66 87 8653800.295
66 88 187112.6517
66 89 1462374.052
66 90 8483381.733
66 91 2105101.565
66 92 4988689.761
66 93 9509742.436
66 94 858682.3957
66 95 3444669.069
66 96 4329761.658
66 97 11064910.21
66 98 10135627.29
66 99 11287833.71
67 68 8479438.171
67 69 6351292.017
67 70 7552497.702
67 71 4274949.241
67 72 6542656.49
67 73 10362849.83
67 74 4942780.742
67 75 7094699.155
67 76 6862062.786
67 77 5085508.586
67 78 9823894.167
67 79 575593.1565
67 80 4292159.09
67 81 9349406.159
67 82 4354865.748
67 83 6484575.917
67 84 1854612.237
67 85 3659935.062
67 86 1371685.234
67 87 5296088.983
67 88 11131542.15
67 89 10589302.31
67 90 9786164.341
67 91 9032597.304
67 92 6328864.908
67 93 4329213.893
67 94 11338743.99
67 95 7874221.27
67 96 7695880.033
67 97 2215633.417
67 98 1719145.77
67 99 648064.0363
68 69 2167592.422
68 70 3774236.789
68 71 4213205.401
68 72 5086515.87
68 73 6358481.701
68 74 4051944.594
68 75 5048705.047
68 76 4850988.12
68 77 6513275.406
68 78 2970240.997
68 79 8299685.319
68 80 7598260.339
68 81 1086412.328
68 82 4154445.849
68 83 4950590.826
68 84 8217775.284
68 85 7398926.208
68 86 7945426.252
68 87 7483117.475
68 88 3184628.135
68 89 3716384.77
68 90 5778062.366
68 91 2067981.972
68 92 3424346.741
68 93 8002307.568
68 94 3906999.686
68 95 855863.8371
68 96 3969144.028
68 97 8057877.318
68 98 7249751.94
68 99 8530595.794
69 70 3741440.369
69 71 2142067.175
69 72 3730784.13
69 73 6957477.55
69 74 2463672.787
69 75 4618086.354
69 76 4340000.851
69 77 5252933.825
69 78 3936022.217
69 79 6209024.512
69 80 6092854.364
69 81 3158883.45
69 82 2123989.889
69 83 3579470.425
69 84 6262462.514
69 85 5349474.632
69 86 5926420.856
69 87 5677001.473
69 88 4895396.106
69 89 4771687.57
69 90 6307171.06
69 91 2980602.866
69 92 1955805.522
69 93 6025774.935
69 94 5313204.838
69 95 1528225.811
69 96 3274397.323
69 97 6153070.49
69 98 5235288.486
69 99 6446454.314
70 71 4031945.79
70 72 7439534.461
70 73 3312432.924
70 74 2775113.341
70 75 1361533.913
70 76 1266731.673
70 77 3541244.359
70 78 6724953.931
70 79 7146091.338
70 80 4864882.745
70 81 3706067.35
70 82 3860398.887
70 83 7288001.404
70 84 6494122.872
70 85 8214945.818
70 86 6498250.669
70 87 9004605.799
70 88 6810660.517
70 89 7489161.533
70 90 2653814.635
70 91 5775196.782
70 92 5689579.695
70 93 9038137.061
70 94 7641762.977
70 95 4091906.608
70 96 6959357.244
70 97 6192093.668
70 98 5896181.903
70 99 7312049.857
71 72 4224692.462
71 73 7299690.055
71 74 1372729.488
71 75 4273429.7
71 76 3972083.579
71 77 3842610.191
71 78 5957638.503
71 79 4088112.858
71 80 4336835.828
71 81 5077566.846
71 82 178013.1637
71 83 4090072.962
71 84 4134140.476
71 85 4184278.618
71 86 3784527.674
71 87 5095441.82
71 88 7031943.324
71 89 6780437.85
71 90 6648408.152
71 91 5049641.447
71 92 2953030.091
71 93 5016870.937
71 94 7398561.808
71 95 3664893.769
71 96 4558309.989
71 97 4048743.509
71 98 3094306.124
71 99 4321216.108
72 73 10687056.37
72 74 5437659.566
72 75 8151352.916
72 76 7854799.644
72 77 8066127.35
72 78 4314471.444
72 79 6731189.821
72 80 8437208.334
72 81 6155011.275
72 82 4369470.655
72 83 151613.0325
72 84 7450329.599
72 85 3514270.366
72 86 6904171.396
72 87 2737159.922
72 88 6020516.09
72 89 4830108.414
72 90 10035315.99
72 91 4024667.607
72 92 1787393.294
72 93 3671175.481
72 94 5748671.133
72 95 4239449.043
72 96 1597738.191
72 97 7540290.486
72 98 6377400.806
72 99 6970018.381
73 74 5974806.73
73 75 3274155.722
73 76 3526950.004
73 77 5501125.339
73 78 9253497.399
73 79 9880227.008
73 80 6751739.646
73 81 5781747.809
73 82 7124136.677
73 83 10535572.9
73 84 8970251.013
73 85 11478401.15
73 86 9137441.637
73 87 12315378.68
73 88 8807181.251
73 89 9900136.519
73 90 658830.876
73 91 8417191.193
73 92 8911642.195
73 93 12316553.55
73 94 9791248.26
73 95 6942665.192
73 96 10045503.9
73 97 8609469.813
73 98 8645377.17
73 99 10000877.01
74 75 2900919.566
74 76 2599836.282
74 77 2810719.478
74 78 6377369.155
74 79 4613966.895
74 80 3645550.97
74 81 4682681.586
74 82 1195284.391
74 83 5294734.065
74 84 4262649.553
74 85 5509514.023
74 86 4093152.296
74 87 6468134.392
74 88 7152927.176
74 89 7213637.918
74 90 5330563.859
74 91 5403305.204
74 92 3942271.27
74 93 6358324.935
74 94 7692810.452
74 95 3763918.84
74 96 5502578.409
74 97 4057756.293
74 98 3419093.349
74 99 4813418.251
75 76 302613.0429
75 77 2462079.247
75 78 7954327.95
75 79 6622149.754
75 80 3802082.176
75 81 5059511.591
75 82 4095748.847
75 83 8002272.344
75 84 5776300.663
75 85 8369612.045
75 86 5896001.264
75 87 9368822.931
75 88 8142577.204
75 89 8741246.27
75 90 2692401.241
75 91 6983735.571
75 92 6484946.574
75 93 9231188.271
75 94 8946166.208
75 95 5259235.361
75 96 7892473.654
75 97 5433154.893
75 98 5380112.093
75 99 6752429.268
76 77 2365624.248
76 78 7733253.348
76 79 6399435.585
76 80 3708033.554
76 81 4916282.829
76 82 3794333.209
76 83 7705935.053
76 84 5589387.555
76 85 8075346.847
76 86 5685582.248
76 87 9067331.524
76 88 7971275.241
76 89 8527157.555
76 90 2928339.38
76 91 6757721.759
76 92 6195184.302
76 93 8935483.492
76 94 8755620.079
76 95 5026480.938
76 96 7613886.168
76 97 5254541.643
76 98 5152431.01
76 99 6536339.671
77 78 9108206.538
77 79 4548359.418
77 80 1342972.047
77 81 6862334.98
77 82 3704423.31
77 83 7932383.233
77 84 3504584.076
77 85 7235515.312
77 86 3759229.801
77 87 8545530.498
77 88 9696048.709
77 89 9940242.664
77 90 5009226.599
77 91 8121989.827
77 92 6708556.44
77 93 8114305.88
77 94 10341754.31
77 95 6415777.014
77 96 8291867.394
77 97 3130807.277
77 98 3405374.602
77 99 4626483.87
78 79 9806911.573
78 80 10020715.07
78 81 3504510.538
78 82 5982995.226
78 83 4244375.157
78 84 10070621.67
78 85 7617492.813
78 86 9666820.766
78 87 7051631.251
78 88 1737779.999
78 89 836410.498
78 90 8700256.968
78 91 989258.9099
78 92 3544137.845
78 93 7934872.289
78 94 1527844.122
78 95 2726579.716
78 96 2720504.899
78 97 10004546.02
78 98 8998193.788
78 99 10053921.01
79 80 3720892.804
79 81 9128160.412
79 82 4147008.857
79 83 6661744.135
79 84 1283110.145
79 85 4057138.015
79 86 803872.0922
79 87 5687815.127
79 88 11049701.1
79 89 10590130.47
79 90 9314275.076
79 91 8980828.741
79 92 6364020.47
79 93 4776755.002
79 94 11308664.42
79 95 7737240.961
79 96 7795050.582
79 97 1640352.059
79 98 1252993.289
79 99 248107.2418
80 81 8047051.564
80 82 4239414.949
80 83 8316330.194
80 84 2510481.038
80 85 7024802.147
80 86 2920606.049
80 87 8483044.763
80 88 10756225.65
80 89 10857120.22
80 90 6294195.422
80 91 9048637.33
80 92 7289634.371
80 93 7880775.228
80 94 11332743.65
80 95 7397183.932
80 96 8894836.078
80 97 2122446.558
80 98 2796966.703
80 99 3738231.901
81 82 4994853.28
81 83 6021472.019
81 84 8933683.552
81 85 8459367.221
81 86 8712832.142
81 87 8569430.466
81 88 3145967.413
81 89 4119074.853
81 90 5259384.091
81 91 2776340.589
81 92 4510010.169
81 93 9077803.676
81 94 4060169.034
81 95 1941125.433
81 96 4967975.446
81 97 8739872.846
81 98 8020897.904
81 99 9351050.702
82 83 4233164.961
82 84 4138601.368
82 85 4357827.731
82 86 3811204.638
82 87 5273077.151
82 88 7019379.165
82 89 6809630.845
82 90 6473306.296
82 91 5062823.881
82 92 3054236.989
82 93 5192502.21
82 94 7409880.422
82 95 3635660.419
82 96 4658198.736
82 97 4036794.549
82 98 3117423.683
82 99 4376542.151
83 84 7361280.987
83 85 3521793.436
83 86 6819578.945
83 87 2812560.483
83 88 5941220.562
83 89 4779971.536
83 90 9883780.498
83 91 3925913.935
83 92 1637560.802
83 93 3714473.201
83 94 5692690.234
83 95 4101860.05
83 96 1539039.118
83 97 7445121.402
83 98 6284429.197
83 99 6901858.212
84 85 5159723.24
84 86 601007.533
84 87 6759925.232
84 88 11157810.57
84 89 10883608.12
84 90 8441200.377
84 91 9179677.389
84 92 6795999.519
84 93 5935896.257
84 94 11528666.72
84 95 7765658.888
84 96 8326368.328
84 97 388499.0829
84 98 1097523.799
84 99 1247966.854
85 86 4558849.697
85 87 1636218.087
85 88 9221794.775
85 89 8238002.29
85 90 10829421.25
85 91 7089623.515
85 92 4210796.654
85 93 880399.6942
85 94 9120210.351
85 95 6587249.615
85 96 5018531.482
85 97 5401215.489
85 98 4320949.169
85 99 4246947.341
86 87 6159393.107
86 88 10814095.81
86 89 10470614.38
86 90 8583589.055
86 91 8797670.161
86 92 6327104.568
86 93 5337899.929
86 94 11143085.96
86 95 7445870.595
86 96 7831715.692
86 97 885523.1062
86 98 695694.8082
86 99 869295.6071
87 88 8753761.616
87 89 7548973.009
87 90 11657411.05
87 91 6719864.117
87 92 4069042.902
87 93 1177663.243
87 94 8475383.346
87 95 6630644.889
87 96 4333376.78
87 97 6981598.75
87 98 5866862.27
87 99 5881109.126
88 89 1638864.489
88 90 8332829.602
88 91 2150026.913
88 92 5044434.335
88 93 9595154.07
88 94 1039075.112
88 95 3409502.087
88 96 4438242.491
88 97 11042533.54
88 98 10125882.15
88 99 11292372.55
89 90 9367659.031
89 91 1818252.864
89 92 4273970.085
89 93 8494271.448
89 94 940794.4255
89 95 3544649.117
89 96 3241984.02
89 97 10824202.83
89 98 9806571.696
89 99 10837702.1
90 91 7843517.849
90 92 8262285.915
90 93 11665071.92
90 94 9299174.382
90 95 6333841.806
90 96 9414796.621
90 97 8087529.775
90 98 8072410.221
90 99 9442561.451
91 92 2896743.963
91 93 7498949.28
91 94 2349113.585
91 95 1739991.674
91 96 2529439.325
91 97 9097192.909
91 98 8119918.822
91 99 9226104.497
92 93 4688669.933
92 94 5071957.162
92 95 2568890.262
92 96 1605280.784
92 97 6797042.891
92 98 5699435.378
92 99 6612112.66
93 94 9403561.777
93 95 7169612.939
93 96 5252491.338
93 97 6198035.494
93 98 5148817.656
93 99 4946796.203
94 95 3937301.143
94 96 4153837.428
94 97 11445465.24
94 98 10467221.34
94 99 11554967.42
95 96 3192466.167
95 97 7639370.926
95 98 6752820.192
95 99 7974645.625
96 97 8350366.534
96 98 7229276.515
96 99 8041581.917
97 98 1168786.358
97 99 1626063.407
98 99 1418051.354
