4950
0 1 1414821.005
0 2 1290630.015
0 3 9820199.648
0 4 4578484.381
0 5 4110733.811
0 6 5718484.01
0 7 7497107.635
0 8 6109335.059
0 9 5298915.482
0 10 5942478.467
0 11 3572184.799
0 12 7974191.33
0 13 9645567.139
0 14 6411080.765
0 15 3241631.231
0 16 1820820.726
0 17 4135066.352
0 18 3286105.572
0 19 5830018.472
0 20 1782228.216
0 21 4081192.825
0 22 9991194.507
0 23 6040916.306
0 24 7273728.955
0 25 3300180.48
0 26 10565157.82
0 27 7962632.758
0 28 2156849.098
0 29 4543743.625
0 30 8256552.444
0 31 298114.6018
0 32 10785224.61
0 33 7686533.675
0 34 2969200.609
0 35 6201660.21
0 36 7340454.943
0 37 6875592.225
0 38 7442656.697
0 39 6793257.833
0 40 4732314.007
0 41 4771525.882
0 42 7760034.13
0 43 6612843.186
0 44 3464881.54
0 45 7803171.125
0 46 6469434.668
0 47 3843747.944
0 48 7211402.583
0 49 5893137.665
0 50 773207.5433
0 51 9112028.938
0 52 8170585.264
0 53 7439825.804
0 54 7931961.303
0 55 6794394.684
0 56 2160726.852
0 57 6335863.45
0 58 10433965.92
0 59 6228190.512
0 60 3411716.702
0 61 544492.2552
0 62 4920710.316
0 63 9061442.602
0 64 3711406.255
0 65 8120910.093
0 66 2525928.804
0 67 1273922.7
0 68 1374486.292
0 69 4597686.177
0 70 6481835.649
0 71 6113035.927
0 72 6820559.159
0 73 904096.5061
0 74 7902006.126
0 75 2894053.538
0 76 8499400.59
0 77 8319226.014
0 78 7809190.068
0 79 4276761.561
0 80 11791630.75
0 81 7497927.762
0 82 7502944.48
0 83 2587050.262
0 84 8459938.191
0 85 3360185.946
0 86 9674906.774
0 87 7692054.73
0 88 8485421.475
0 89 3148772.88
0 90 7187833.089
0 91 3011849.237
0 92 2716729.949
0 93 2948032.128
0 94 3679470.583
0 95 2914631.525
0 96 8764842.138
0 97 4281157.852
0 98 8823963.549
0 99 8168199.247
1 2 2424151.814
1 3 8731766.316
1 4 4848203.733
1 5 2705271.75
1 6 4536199.833
1 7 7727158.703
1 8 5830184.882
1 9 5225211.783
1 10 4849456.117
1 11 2161631.307
1 12 8210935.478
1 13 8650486.627
1 14 5030787.13
1 15 2797248.667
1 16 1630668.736
1 17 4573481.905
1 18 3520180.615
1 19 4418235.695
1 20 1619933.649
1 21 3594985.752
1 22 8757306.402
1 23 4628903.558
1 24 6333307.491
1 25 2882429.497
1 26 9485867.623
1 27 7638808.417
1 28 2580271.167
1 29 3234415.165
1 30 7759408.185
1 31 1318477.359
1 32 9699756.249
1 33 6421948.744
1 34 2251597.149
1 35 5465149.792
1 36 5973051.842
1 37 6271229.812
1 38 6032995.499
1 39 5380522.612
1 40 3669617.566
1 41 3421203.932
1 42 8029550.654
1 43 6955549.036
1 44 2317398.286
1 45 7611666.008
1 46 5274157.086
1 47 2571894.515
1 48 5810396.535
1 49 5993101.171
1 50 1487928.712
1 51 7872749.036
1 52 6922529.141
1 53 6066492.568
1 54 6689431.636
1 55 5856999.03
1 56 1754321.59
1 57 5970786.943
1 58 9273530.884
1 59 4823933.222
1 60 3415727.883
1 61 899311.1091
1 62 3595372.747
1 63 8034997.073
1 64 3450017.246
1 65 7568545.855
1 66 1800045.632
1 67 670066.4056
1 68 265633.1445
1 69 3193881.885
1 70 5077063.25
1 71 6467479.024
1 72 6012184.723
1 73 2282541.607
1 74 6919224.384
1 75 2111197.547
1 76 7477755.125
1 77 7012271.105
1 78 7431603.123
1 79 4360244.048
1 80 10761465.95
1 81 6750925.679
1 82 6388713.32
1 83 1831372.563
1 84 8111719.277
1 85 3204028.873
1 86 8446874.405
1 87 6350165.138
1 88 7455929.604
1 89 3069305.861
1 90 6354721.854
1 91 2845827.522
1 92 3000082.028
1 93 1914473.477
1 94 4265976.504
1 95 3108342.56
1 96 7700446.246
1 97 4543191.333
1 98 7434296.344
1 99 6764275.678
2 3 11067721.88
2 4 5633169.855
2 5 4916043.881
2 6 6920603.665
2 7 8509751.814
2 8 7340168.918
2 9 6479206.251
2 10 7181492.29
2 11 4520707.349
2 12 8976662.976
2 13 10916960.97
2 14 7072803.171
2 15 4526315.353
2 16 3107081.664
2 17 5114571.718
2 18 4408815.386
2 19 6637741.159
2 20 1758523.45
2 21 5363536.742
2 22 11169618.77
2 23 6847753.233
2 24 8551593.812
2 25 4582176.88
2 26 11816308.37
2 27 9192703.766
2 28 3278541.664
2 29 5658072.891
2 30 9522856.697
2 31 1582954.773
2 32 12034618.86
2 33 8841230.29
2 34 4254983.226
2 35 7492289.083
2 36 8377989.271
2 37 8159294.5
2 38 8355866.837
2 39 7686549.678
2 40 5975869.071
2 41 5841032.136
2 42 8746803.584
2 43 7575612.298
2 44 4669855.887
2 45 8995501.785
2 46 7666802.071
2 47 4385193.119
2 48 7936414.536
2 49 6995892.627
2 50 2010173.927
2 51 10286214.41
2 52 9337925.909
2 53 8064601.301
2 54 9102961.64
2 55 8071915.927
2 56 2173323.791
2 57 7584936.546
2 58 11653930.33
2 59 7176245.76
2 60 4610798.666
2 61 1752261.871
2 62 5494623.635
2 63 10325422.18
2 64 4966742.351
2 65 9396063.025
2 66 3806527.336
2 67 1949816.174
2 68 2265707.077
2 69 5561040.964
2 70 7426100.133
2 71 7079320.486
2 72 8110017.98
2 73 1350924.072
2 74 9173711.748
2 75 4173494.919
2 76 9763797.797
2 77 9436368.013
2 78 9053143.717
2 79 5422594.368
2 80 13057155.92
2 81 8788490.203
2 82 8738306.086
2 83 3865532.993
2 84 9693924.267
2 85 4601545.768
2 86 10857003.43
2 87 8768461.522
2 88 9747941.31
2 89 4378449.242
2 90 8476354.109
2 91 4263764.629
2 92 3851538.111
2 93 3311990.048
2 94 4588005.238
2 95 4072068.32
2 96 10018493.94
2 97 5349731.601
2 98 9809406.141
2 99 9107694.34
3 4 8144700.931
3 5 7324871.78
3 6 4226420.678
3 7 8519619.12
3 8 5959032.812
3 9 6897756.366
3 10 3888127.27
3 11 7121370.414
3 12 8731630.34
3 13 907209.6043
3 14 7322452.336
3 15 6930753.294
3 16 8159803.629
3 17 8679195.136
3 18 8134649.067
3 19 6561036.128
3 20 10179207.8
3 21 6280016.996
3 22 1692061.909
3 23 6499582.648
3 24 2749655.013
3 25 6923444.373
3 26 756585.7433
3 27 5600292.93
3 28 8696061.203
3 29 5692243.842
3 30 4594804.859
3 31 9558833.919
3 32 968079.8658
3 33 2883801.743
3 34 6913293.892
3 35 4211464.525
3 36 4267896.418
3 37 4328156.354
3 38 5353946.519
3 39 5680239.116
3 40 5091930.707
3 41 5704677.059
3 42 8827579.816
3 43 8802497.137
3 44 6417261.794
3 45 6324296.091
3 46 3538040.341
3 47 8430599.843
3 48 6845972.382
3 49 7556032.122
3 50 9268313.129
3 51 1851007.386
3 52 2418066.895
3 53 7545821.938
3 54 2532264.152
3 55 3180316.797
3 56 10092005.01
3 57 5548303.34
3 58 988350.9285
3 59 5494488.678
3 60 7593653.631
3 61 9318219.622
3 62 8021755.91
3 63 935531.4655
3 64 6925872.96
3 65 4270918.414
3 66 7319592.517
3 67 9358332.535
3 68 8954933.083
3 69 6340476.299
3 70 5410198.514
3 71 8713092.518
3 72 3535092.77
3 73 10329910.78
3 74 2077669.067
3 75 6954203.299
3 76 1426027.238
3 77 2986223.597
3 78 5291825.382
3 79 7574202.035
3 80 2100917.724
3 81 3376354.445
3 82 2345309.758
3 83 7253390.624
3 84 5509648.256
3 85 7300871.697
3 86 1598682.514
3 87 3725794.065
3 88 1414198.283
3 89 7536073.405
3 90 3183155.066
3 91 7460770.657
3 92 8344673.431
3 93 9216327.442
3 94 9092286.169
3 95 8126155.608
3 96 1069453.337
3 97 8118406.863
3 98 4469966.526
3 99 4995677.57
4 5 6551918.922
4 6 5481956.931
4 7 2923577.284
4 8 2416780.986
4 9 1332473.598
4 10 5202308.411
4 11 5754418.086
4 12 3404055.198
4 13 7577032.921
4 14 8710505.414
4 15 2570368.525
4 16 3219675.132
4 17 665442.1132
4 18 1334427.692
4 19 7760020.313
4 20 6208384.267
4 21 2445854.175
4 22 9073979.136
4 23 7925120.097
4 24 5442091.329
4 25 2483697.552
4 26 8753307.963
4 27 4016349.007
4 28 2425074.759
4 29 5477004.346
4 30 4706855.372
4 31 4315163.892
4 32 8977613.888
4 33 7343699.94
4 34 3277629.802
4 35 3952530.631
4 36 7875786.952
4 37 3939397.42
4 38 8600088.169
4 39 8167152.974
4 40 4452299.653
4 41 5871644.079
4 42 3202296.777
4 43 2107751.556
4 44 4373972.255
4 45 3598612.301
4 46 6037321.219
4 47 7046221.121
4 48 9162792.856
4 49 1396230.403
4 50 3827421.297
4 51 8351740.306
4 52 7626240.925
4 53 9688161.084
4 54 7400367.445
4 55 5091421.062
4 56 6489367.296
4 57 2820193.979
4 58 9041531.945
4 59 7483585.633
4 60 1521520.696
4 61 4492836.386
4 62 7772783.262
4 63 7216192.738
4 64 1923276.409
4 65 4748322.173
4 66 3462008.204
4 67 5341316.157
4 68 5071975.346
4 69 6283616.323
4 70 7693976.365
4 71 1624473.042
4 72 4611983.108
4 73 4302802.286
4 74 6090365.456
4 75 3441460.657
4 76 6731691.323
4 77 8148910.048
4 78 4011703.902
4 79 719658.077
4 80 9635182.937
4 81 4879328.38
4 82 6376527.893
4 83 3491282.271
4 84 4514013.358
4 85 1875963.401
4 86 8763638.644
4 87 7917832.484
4 88 6754837.511
4 89 1886723.712
4 90 4962359.286
4 91 2147709.053
4 92 1889466.48
4 93 6718288.183
4 94 1262629.202
4 95 1743989.158
4 96 7140414.121
4 97 305771.4973
4 98 9393541.093
4 99 9075285.189
5 6 3297175.582
5 7 9119846.072
5 8 6575640.59
5 9 6397571.474
5 10 3859726.796
5 11 797541.9966
5 12 9584626.865
5 13 7512727.293
5 14 2359616.983
5 15 3998270.683
5 16 3703848.557
5 17 6509887.292
5 18 5387794.465
5 19 1728399.399
5 20 3392618.552
5 21 4436123.538
5 22 6892842.829
5 23 1939501.682
5 24 5555834.463
5 25 4090024.984
5 26 8067023.917
5 27 8104687.387
5 28 4818019.364
5 29 1844226.492
5 30 7871614.965
5 31 4021880.059
5 32 8253572.086
5 33 4581222.362
5 34 3277751.194
5 35 5338146.46
5 36 3691418.177
5 37 6318257.045
5 38 3461993.28
5 39 2784746.994
5 40 3125041.804
5 41 1671496.434
5 42 9462890.06
5 43 8561595.438
5 44 2274669.252
5 45 8323418.307
5 46 3839575.545
5 47 1107922.031
5 48 3105616.004
5 49 7333514.439
5 50 4118631.151
5 51 6030851.063
5 52 5107107.622
5 53 3400554.058
5 54 4912421.468
5 55 5154486.792
5 56 3136050.33
5 57 6540253.463
5 58 7623812.65
5 59 2347865.039
5 60 5038196.728
5 61 3604520.824
5 62 1242964.715
5 63 6851326.584
5 64 4701919.37
5 65 7582438.22
5 66 3122033.515
5 67 2978740.308
5 68 2745600.107
5 69 984856.9929
5 70 2582843.267
5 71 8124594.216
5 72 5623629.473
5 73 4987813.138
5 74 5956063.083
5 75 3111050.26
5 76 6351523.81
5 77 4958765.977
5 78 7812932.348
5 79 5894071.165
5 80 9425789.189
5 81 6414408.924
5 82 5087709.158
5 83 3081560.067
5 84 8491818.081
5 85 4676734.496
5 86 6615734.753
5 87 4178492.268
5 88 6308993.902
5 89 4680500.092
5 90 5856724.231
5 91 4418868.091
5 92 5025096.327
5 93 2010871.979
5 94 6391445.871
5 95 5019737.299
5 96 6431809.958
5 97 6277068.344
5 98 4977336.775
5 99 4229178.413
6 7 7244493.476
6 8 4333959.24
6 9 4682951.986
6 10 618199.0598
6 11 2942574.689
6 12 7642394.369
6 13 4273987.694
6 14 4239101.046
6 15 3336245.435
6 16 4235102.142
6 17 5780941.691
6 18 4872716.249
6 19 3229867.269
6 20 5953134.034
6 21 3059806.695
6 22 4280457.409
6 23 3290932.247
6 24 2278512.615
6 25 3372950.308
6 26 4983004.458
6 27 5387696.045
6 28 5033379.584
6 29 1505521.27
6 30 4904356.802
6 31 5480510.465
6 32 5190458.006
6 33 2052030.499
6 34 3025632.947
6 35 2489856.742
6 36 2409703.554
6 37 3451455.573
6 38 3288797.609
6 39 3045247.877
6 40 1130575.553
6 41 1628775.365
6 42 7603211.779
6 43 7018164.274
6 44 2254804.426
6 45 5804264.858
6 46 751998.5229
6 47 4389542.669
6 48 4278505.269
6 49 5632264.415
6 50 5262340.222
6 51 3409012.036
6 52 2487979.594
6 53 4954700.998
6 54 2244664.902
6 55 1921208.445
6 56 5869103.273
6 57 4121076.662
6 58 4737856.261
6 59 2436936.239
6 60 4329408.144
6 61 5192785.537
6 62 4269217.519
6 63 3622416.272
6 64 3682767.804
6 65 4569763.56
6 66 3339293.85
6 67 5146085.527
6 68 4748453.889
6 69 2349918.103
6 70 2559834.668
6 71 6706971.433
6 72 2521468.981
6 73 6337191.026
6 74 2661041.52
6 75 3005487.364
6 76 3094338.04
6 77 2799889.283
6 78 5052051.843
6 79 4769480.466
6 80 6298289.106
6 81 3273229.432
6 82 1887540.81
6 83 3267921.393
6 84 5675281.196
6 85 3942308.969
6 86 3961675.422
6 87 2443321.144
6 88 3058277.071
6 89 4116614.111
6 90 2670135.418
6 91 3941078.876
6 92 4857682.928
6 93 5045602.34
6 94 5981023.291
6 95 4698237.187
6 96 3237008.625
6 97 5315017.195
6 98 3911585.951
6 99 3640316.768
7 8 2935049.544
7 9 2728308.798
7 10 6774187.338
7 11 8338109.49
7 12 483806.8134
7 13 7736009.615
7 14 11073509.71
7 15 5175815.522
7 16 6098261.705
7 17 3395213.366
7 18 4249301.632
7 19 10066835
7 20 9128287.847
7 21 4693273.4
7 22 9851116.606
7 23 10201834.85
7 24 6248816.763
7 25 5080778.278
7 26 8943123.074
7 27 3024336.333
7 28 5347695.968
7 29 7729677.449
7 30 4051621.612
7 31 7237124.159
7 32 9142773.182
7 33 8697808.787
7 34 5898169.113
7 35 4969296.238
7 36 9604569.402
7 37 4339388.271
7 38 10531820.66
7 39 10229553.02
7 40 6466134.922
7 41 8115287.779
7 42 358885.294
7 43 1016461.557
7 44 6850005.858
7 45 2284461.177
7 46 7577976.003
7 47 9761631.342
7 48 11370781.73
7 49 1789963.399
7 50 6750220.969
7 51 9317189.016
7 52 8823112.556
7 53 11975293.62
7 54 8639137.914
7 55 6094706.848
7 56 9400582.252
7 57 3233775.221
7 58 9502739.555
7 59 9569042.604
7 60 4317074.18
7 61 7414691.257
7 62 10362472.64
7 63 7612791.169
7 64 4453873.867
7 65 4309893.432
7 66 6186496.07
7 67 8248400.521
7 68 7961231.111
7 69 8663657.938
7 70 9739140.601
7 71 1466791.234
7 72 5393070.947
7 73 7163585.16
7 74 6744611.311
7 75 6074053.907
7 76 7278987.587
7 77 9484482.446
7 78 3275678.655
7 79 3372018.779
7 80 9451406.685
7 81 5207522.786
7 82 7440757.194
7 83 6199816.318
7 84 3318584.143
7 85 4581412.601
7 86 9581638.708
7 87 9490863.04
7 88 7325184.392
7 89 4674108.939
7 90 5607434.331
7 91 4917086.229
7 92 4811168.704
7 93 9554549.189
7 94 3942099.251
7 95 4652478.495
7 96 7715492.943
7 97 3226108.301
7 98 10979529.27
7 99 10851889.72
8 9 1086970.405
8 10 3843830.621
8 11 5842424.293
8 12 3313113.261
8 13 5299019.437
8 14 8318748.676
8 15 3033016.718
8 16 4355324.108
8 17 3060434.922
8 18 3069642.699
8 19 7295889.215
8 20 7413397.896
8 21 2272971.35
8 22 7106146.504
8 23 7412421.348
8 24 3428708.144
8 25 2948011.361
8 26 6503128.04
8 27 1853589.126
8 28 4112635.591
8 29 4989092.87
8 30 2328444.64
8 31 5813363.237
8 32 6721455.827
8 33 5777947.822
8 34 3648576.082
8 35 2051184.038
8 36 6673163.956
8 37 1633006.103
8 38 7621828.351
8 39 7353504.992
8 40 3658047.692
8 41 5355856.138
8 42 3291188.603
8 43 2915365.226
8 44 4331477.186
8 45 1798125.989
8 46 4643114.896
8 47 7381571.16
8 48 8534497.18
8 49 1599524.033
8 50 5344358.347
8 51 6495025.453
8 52 5931699.509
8 53 9168158.412
8 54 5737527.953
8 55 3208741.694
8 56 7584503.684
8 57 420646.4729
8 58 6906753.122
8 59 6707984.281
8 60 2742057.613
8 61 5832370.746
8 62 7804499.344
8 63 5024098.305
8 64 2417247.283
8 65 2336942.389
8 66 4057236.845
8 67 6459223.677
8 68 6092356.11
8 69 5972848.059
8 70 6863135.935
8 71 2764130.64
8 72 2554318.493
8 73 6130977.44
8 74 4001740.679
8 75 3817198.633
8 76 4600931.366
8 77 6571978.478
8 78 1727966.709
8 79 2116897.189
8 80 7285796.261
8 81 2592190.438
8 82 4564580.052
8 83 4041820.957
8 84 2353763.377
8 85 2749542.407
8 86 6816844.483
8 87 6556364.11
8 88 4636398.428
8 89 2963443.426
8 90 2833412.895
8 91 3102916.261
8 92 3558086.365
8 93 7423756.377
8 94 3613594.16
8 95 3317469.904
8 96 5032242.924
8 97 2515027.155
8 98 8046342.87
8 99 7920870.631
9 10 4294851.925
9 11 5620833.09
9 12 3187900.587
9 13 6290764.603
9 14 8355664.548
9 15 2512527.248
9 16 3647649.584
9 17 1973551.4
9 18 2098498.557
9 19 7355505.575
9 20 6744478.993
9 21 1965375.063
9 22 7926666.138
9 23 7496564.798
9 24 4250837.555
9 25 2417974.9
9 26 7480494.181
9 27 2798347.23
9 28 3204837.312
9 29 5017941.757
9 30 3400224.678
9 31 5010180.414
9 32 7702658.841
9 33 6373078.622
9 34 3217784.753
9 35 2775080.261
9 36 7088406.091
9 37 2629197.716
9 38 7934107.717
9 39 7582166.766
9 40 3797358.593
9 41 5407370.514
9 42 3077455.405
9 43 2338722.848
9 44 4124791.831
9 45 2517408.289
9 46 5130800.721
9 47 7076535.017
9 48 8685292.073
9 49 970870.3197
9 50 4525745.624
9 51 7252277.989
9 52 6597366.413
9 53 9272884.226
9 54 6384402.763
9 55 3948639.611
9 56 6961492.647
9 57 1487733.916
9 58 7818954.179
9 59 6910232.368
9 60 1889048.191
9 61 5088296.226
9 62 7640535.534
9 63 5963727.237
9 64 1799697.538
9 65 3423213.933
9 66 3552385.032
9 67 5811746.969
9 68 5477266.546
9 69 5938950.069
9 70 7094512.653
9 71 2033324.455
9 72 3392050.941
9 73 5215815.571
9 74 4874550.866
9 75 3394468.758
9 76 5502494.463
9 77 7180136.95
9 78 2743639.571
9 79 1091232.751
9 80 8323147.694
9 81 3581043.868
9 82 5281968.503
9 83 3555203.435
9 84 3305247.97
9 85 2023752.525
9 86 7624716.348
9 87 7051912.437
9 88 5530878.389
9 89 2186769.928
9 90 3720588.165
9 91 2385742.664
9 92 2633618.381
9 93 6959658.207
9 94 2532137.34
9 95 2407496.778
9 96 5922704.646
9 97 1432163.317
9 98 8546643.07
9 99 8323256.349
10 11 3440322.797
10 12 7156523.134
10 13 3828998.812
10 14 4853276.617
10 15 3277504.97
10 16 4344147.803
10 17 5560705.543
10 18 4733061.892
10 19 3846769.201
10 20 6334625.734
10 21 2853430.281
10 22 4176102.624
10 23 3904550.344
10 24 1696126.616
10 25 3297401.612
10 26 4639748.74
10 27 4799299.604
10 28 5032611.38
10 29 2029192.04
10 30 4290899.093
10 31 5687519.228
10 32 4855937.254
10 33 2150984.549
10 34 3099620.055
10 35 1917173.027
10 36 2830394.818
10 37 2857207.129
10 38 3801950.703
10 39 3613951.508
10 40 1210808.64
10 41 2207495.482
10 42 7131737.591
10 43 6610554.012
10 44 2532287.205
10 45 5241420.89
10 46 839303.7012
10 47 4937351.531
10 48 4865458.922
10 49 5220408.048
10 50 5423237.102
10 51 3341281.506
10 52 2492441.746
10 53 5550321.271
10 54 2253306.047
10 55 1311897.778
10 56 6282998.64
10 57 3599387.142
10 58 4502152.776
10 59 3029011.104
10 60 4178730.701
10 61 5434141.275
10 62 4869502.774
10 63 3196245.874
10 64 3507527.038
10 65 3953965.731
10 66 3471820.833
10 67 5485122.295
10 68 5077973.031
10 69 2935159.747
10 70 3135424.317
10 71 6328140.157
10 72 1904701.695
10 73 6495028.016
10 74 2146263.082
10 75 3114764.911
10 76 2646442.585
10 77 2950863.045
10 78 4459878.487
10 79 4505568.186
10 80 5914402.449
10 81 2655333.638
10 82 1560812.151
10 83 3402973.501
10 84 5073484.171
10 85 3812265.973
10 86 3853171.693
10 87 2757116.945
10 88 2619238.412
10 89 4011499.404
10 90 2054324.036
10 91 3867827.193
10 92 4790104.973
10 93 5529480.091
10 94 5817758.95
10 95 4607859.532
10 96 2851012.425
10 97 5063436.92
10 98 4252299.412
10 99 4077745.379
11 12 8805269.062
11 13 7216181.69
11 14 3090781.939
11 15 3202944.394
11 16 2950321.422
11 17 5716205.346
11 18 4594957.117
11 19 2320507.33
11 20 3187984.838
11 21 3665800.735
11 22 6874987.496
11 23 2526348.947
11 24 5117907.394
11 25 3295118.145
11 26 7874632.267
11 27 7424653.415
11 28 4061115.056
11 29 1438761.906
11 30 7252526.836
11 31 3441643.867
11 32 8072868.788
11 33 4525135.993
11 34 2481139.497
11 35 4731661.761
11 36 3870997.328
11 37 5693585.628
11 38 3871406.395
11 39 3221622.084
11 40 2535592.321
11 41 1443247.796
11 42 8679285.102
11 43 7767967.558
11 44 1513951.647
11 45 7608292.603
11 46 3584449.293
11 47 1586422.658
11 48 3759132.042
11 49 6549879.558
11 50 3472497.462
11 51 5994669.157
11 52 5047217.718
11 53 4125054.184
11 54 4831639.623
11 55 4686232.482
11 56 3021338.79
11 57 5830015.9
11 58 7518169.64
11 59 2665294.8
11 60 4240795.826
11 61 3040261.96
11 62 2029246.188
11 63 6562827.282
11 64 3909592.706
11 65 6980115.141
11 66 2329271.983
11 67 2576838.049
11 68 2265528.285
11 69 1040589.081
11 70 2917723.868
11 71 7328937.081
11 72 5082783.434
11 73 4411888.762
11 74 5582046.256
11 75 2313808.401
11 76 6036886.522
11 77 5016507.236
11 78 7144406.281
11 79 5097999.755
11 80 9212928.451
11 81 5874791.74
11 82 4812917.073
11 83 2287076.713
11 84 7828949.612
11 85 3879371.319
11 86 6580235.679
11 87 4294158.291
11 88 6000738.407
11 89 3883506.838
11 90 5347809.439
11 91 3621993.451
11 92 4243659.321
11 93 2103747.331
11 94 5609317.44
11 95 4230923.804
11 96 6167610.334
11 97 5479585.428
11 98 5289753.747
11 99 4604774.177
12 13 7924658.158
12 14 11516878.28
12 15 5651394.64
12 16 6582068.479
12 17 3862979.146
12 18 4731594.002
12 19 10506641.45
12 20 9610421.771
12 21 5152912.287
12 22 10109300.37
12 23 10638397.25
12 24 6549675.522
12 25 5556286.807
12 26 9123199.271
12 27 3163156.945
12 28 5826914.207
12 29 8171334.709
12 30 4195547.698
12 31 7715674.577
12 32 9317202.401
12 33 9039329.078
12 34 6372486.455
12 35 5320090.707
12 36 9984757.675
12 37 4634664.532
12 38 10931190.98
12 39 10644073.75
12 40 6893749.321
12 41 8554690.692
12 42 273526.9832
12 43 1431158.42
12 44 7312599.951
12 45 2421896.96
12 46 7949669.81
12 47 10236885.14
12 48 11797831.86
12 49 2263584.996
12 50 7229349.578
12 51 9604841.417
12 52 9144356.907
12 53 12409504.22
12 54 8966988.158
12 55 6422222.885
12 56 9883806.898
12 57 3581385.707
12 58 9718472.928
12 59 9988063.878
12 60 4800431.31
12 61 7896229.739
12 62 10827530.98
12 63 7838223.009
12 64 4929184.148
12 65 4480917.265
12 66 6665512.622
12 67 8731818.366
12 68 8445033.255
12 69 9113534.652
12 70 10153405.71
12 71 1909798.914
12 72 5706920.478
12 73 7628843.739
12 74 7017839.616
12 75 6548611.231
12 76 7530103.238
12 77 9818567.811
12 78 3446982.458
12 79 3855235.717
12 80 9567718.026
12 81 5466749.461
12 82 7757891.479
12 83 6678057.906
12 84 3393892.541
12 85 5062389.345
12 86 9847403.6
12 87 9853596.311
12 88 7578891.316
12 89 5157018.454
12 90 5899612.681
12 91 5399322.775
12 92 5292587.979
12 93 10036958.17
12 94 4400154.156
12 95 5135370.561
12 96 7965017.01
12 97 3707266.891
12 98 11336969.47
12 99 11232512.65
13 14 7776977.659
13 15 6614999.145
13 16 7918929.079
13 17 8144533.52
13 18 7694357.509
13 19 6942793.887
13 20 10161213.11
13 21 5900282.783
13 22 2584545.629
13 23 6906299.643
13 24 2386295.432
13 25 6595871.698
13 26 1213998.879
13 27 4772152.35
13 28 8351134.755
13 29 5777873.452
13 30 3751643.292
13 31 9372055.073
13 32 1425850.623
13 33 3338588.229
13 34 6690137.767
13 35 3729955.097
13 36 4784292.937
13 37 3671352.655
13 38 5918412.226
13 39 6165698.036
13 40 4981017.495
13 41 5851721.191
13 42 8033537.421
13 43 8077595.284
13 44 6339006.018
13 45 5506055.417
13 46 3673245.478
13 47 8619334.919
13 48 7385847.511
13 49 6879943.544
13 50 9045383.935
13 51 2602445.087
13 52 2953170.859
13 53 8098929.003
13 54 3003661.081
13 55 2860459.743
13 56 10111436.21
13 57 4880609.576
13 58 1859350.032
13 59 5892048.724
13 60 7169799.448
13 61 9165632.607
13 62 8320566.729
13 63 662691.3009
13 64 6521202.336
13 65 3445146.507
13 66 7121252.024
13 67 9297717.859
13 68 8887251.334
13 69 6532582.386
13 70 5842699.174
13 71 8021560.171
13 72 3037036.399
13 73 10087203.93
13 74 1743576.888
13 75 6752870.742
13 76 1183667.813
13 77 3618678.415
13 78 4477676.164
13 79 7051057.602
13 80 2161282.966
13 81 2712278.417
13 82 2425166.171
13 83 7058968.33
13 84 4649523.802
13 85 6909749.315
13 86 2457052.439
13 87 4275676.694
13 88 1216108.795
13 89 7152468.768
13 90 2658916.103
13 91 7106051.78
13 92 7956474.497
13 93 9319539.299
13 94 8594354.993
13 95 7727684.242
13 96 1106407.644
13 97 7578706.419
13 98 5199855.493
13 99 5647575.031
14 15 6142659.195
14 16 6040809.989
14 17 8744010.792
14 18 7633417.395
14 19 1027036.236
14 20 5394004.568
14 21 6411179.347
14 22 6372192.811
14 23 948989.0938
14 24 6390366.322
14 25 6227621.354
14 26 7984741.782
14 27 9591935.373
14 28 7151869.377
14 29 3345893.211
14 30 9143412.752
14 31 6348277.974
14 32 8125804.984
14 33 4453209.969
14 34 5455897.186
14 35 6693040.849
14 36 3066621.893
14 37 7674179.802
14 38 2141811.782
14 39 1651130.624
14 40 4661281.154
14 41 2966723.448
14 42 11427253.73
14 43 10626525.83
14 44 4336589.287
14 45 9946375.243
14 46 4409198.854
14 47 2700500.46
14 48 931918.5064
14 49 9321447.212
14 50 6471719.942
14 51 5643780.657
14 52 4904766.411
14 53 1041002.849
14 54 4800363.944
14 55 6114963.756
14 56 5044044.911
14 57 8191467.575
14 58 7310131.593
14 59 1917435.875
14 60 7231312.489
14 61 5926668.412
14 62 1608130.371
14 63 7136480.795
14 64 6801389.386
14 65 8807089.338
14 66 5385283.484
14 67 5206410.685
14 68 5036638.866
14 69 2432134.879
14 70 1935333.078
14 71 10221516.66
14 72 6757429.989
14 73 7304004.972
14 74 6567444.422
14 75 5305498.107
14 76 6753800.089
14 77 4431356.953
14 78 9264920.284
14 79 8018882.177
14 80 9338577.195
14 81 7491453.416
14 82 5505832.467
14 83 5335482.1
14 84 9903231.142
14 85 6846931.313
14 86 6170473.619
14 87 3624328.315
14 88 6696005.841
14 89 6889027.912
14 90 6876742.77
14 91 6632473.378
14 92 7317779.024
14 93 3820565.279
14 94 8679028.781
14 95 7287971.252
14 96 6678252.931
14 97 8454602.101
14 98 3664822.863
14 99 2834858.389
15 16 1420884.008
15 17 2638989.001
15 18 1590743.053
15 19 5203356.659
15 20 4388773.871
15 21 841709.312
15 22 7444681.297
15 23 5374227.584
15 24 4233106.832
15 25 95170.76069
15 26 7643366.303
15 27 4848312.549
15 28 1772941.348
15 29 2969207.191
15 30 5039182.162
15 31 2945337.296
15 32 7869871.874
15 33 5368915.348
15 34 726044.2275
15 35 3002327.05
15 36 5592052.309
15 37 3633961.989
15 38 6175799.35
15 39 5688350.48
15 40 2207677.697
15 41 3357559.119
15 42 5508206.909
15 43 4566196.432
15 44 1807124.153
15 45 4818337.358
15 46 4025972.687
15 47 4585816.006
15 48 6621785.169
15 49 3387873.339
15 50 2532301.451
15 51 6618464.642
15 52 5757979.507
15 53 7127919.078
15 54 5515767.245
15 55 3769267.352
15 56 4551563.882
15 57 3183548.227
15 58 7676611.379
15 59 5006658.104
15 60 1106080.77
15 61 2878370.74
15 62 5230759.984
15 63 6087660.505
15 64 722262.7342
15 65 4886940.498
15 66 1044875.842
15 67 3431407.598
15 68 3059790.249
15 69 3720752.565
15 70 5231914.901
15 71 4126331.384
15 72 3656968.891
15 73 3511532.112
15 74 4897246.886
15 75 900121.0231
15 76 5533609.46
15 77 6134448.574
15 78 4653772.818
15 79 1896451.627
15 80 8776148.338
15 81 4286131.791
15 82 4755111.23
15 83 1043521.562
15 84 5327666.818
15 85 708781.6504
15 86 7121914.27
15 87 5739483.436
15 88 5532392.073
15 89 808901.7935
15 90 4035999.61
15 91 605744.5904
15 92 1522617.568
15 93 4452894.252
15 94 2707257.178
15 95 1365366.298
15 96 5861691.184
15 97 2312117.169
15 98 7149313.86
15 99 6724473.284
16 17 2979353.828
16 18 1897664.774
16 19 5235119.099
16 20 3096829.495
16 21 2261201.843
16 22 8496047.917
16 23 5432776.94
16 24 5534112.377
16 25 1481053.618
16 26 8892067.332
16 27 6200315.744
16 28 1114247.312
16 29 3368983.053
16 30 6447731.291
16 31 1524911.366
16 32 9115865.652
16 33 6277320.915
16 34 1248798.637
16 35 4395314.111
16 36 6203279.114
16 37 5054807.329
16 38 6556196.16
16 39 5974312.72
16 40 3150371.479
16 41 3694815.959
16 42 6399173.198
16 43 5327423.084
16 44 2114419.814
16 45 6098648.588
16 46 4979057.204
16 47 3952082.241
16 48 6685271.86
16 49 4375141.723
16 50 1132629.712
16 51 7635663.128
16 52 6722979.797
16 53 7075221.53
16 54 6479525.639
16 55 5058474.19
16 56 3324573.962
16 57 4552313.957
16 58 8839118.077
16 59 5327947.543
16 60 1796123.177
16 61 1479307.933
16 62 4826036.142
16 63 7358997.462
16 64 1938113.497
16 65 6304209.203
16 66 899127.7063
16 67 2170358.716
16 68 1863287.5
16 69 3791376.213
16 70 5575923.883
16 71 4841403.619
16 72 5029062.512
16 73 2171804.937
16 74 6180827.259
16 75 1233859.488
16 76 6798253.893
16 77 6983754.38
16 78 6028057.688
16 79 2736573.317
16 80 10076603.64
16 81 5688283.712
16 82 5892358.191
16 83 970914.997
16 84 6690561.299
16 85 1630787.993
16 86 8174377.146
16 87 6460433.077
16 88 6789947.496
16 89 1464022.626
16 90 5401915.297
16 91 1267612.19
16 92 1406336.313
16 93 3506546.391
16 94 2742399.361
16 95 1486692.177
16 96 7093361.119
16 97 2915251.378
16 98 7752764.571
16 99 7205188.129
17 18 1123121.248
17 19 7827878.011
17 20 5830027.638
17 21 2722807.409
17 22 9537241.983
17 23 8003443.218
17 24 5951194.542
17 25 2565253.477
17 26 9306965.275
17 27 4681748.162
17 28 2031673.893
17 29 5606663.04
17 30 5364412.235
17 31 3890285.635
17 32 9532684.871
17 33 7711640.283
17 34 3290988.056
17 35 4469279.78
17 36 8140355.69
17 37 4539768.402
17 38 8794713.149
17 39 8323258.444
17 40 4702977.649
17 41 5996141.029
17 42 3637390.85
17 43 2478835.217
17 44 4430005.416
17 45 4255548.207
17 46 6383462.161
17 47 6905125.423
17 48 9255231.727
17 49 2026807.853
17 50 3413715.522
17 51 8787987.17
17 52 8024923.491
17 53 9744890.53
17 54 7793223.028
17 55 5575349.837
17 56 6138482.812
17 57 3455551.897
17 58 9555830.695
17 59 7640473.594
17 60 1532986.084
17 61 4114940.769
17 62 7703697.015
17 63 7757469.35
17 64 2108765.081
17 65 5396644.711
17 66 3387870.316
17 67 5008728.835
17 68 4777658.657
17 69 6341096.923
17 70 7862080.902
17 71 1979101.199
17 72 5145244.389
17 73 3768767.675
17 74 6610790.892
17 75 3438560.626
17 76 7258054.101
17 77 8510248.42
17 78 4675517.817
17 79 1107246.612
17 80 10225717.43
17 81 5465107.161
17 82 6821607.249
17 83 3429149.773
17 84 5179090.951
17 85 1933530.728
17 86 9222642.226
17 87 8224143.808
17 88 7277511.23
17 89 1857584.227
17 90 5506578.965
17 91 2111849.257
17 92 1576272.937
17 93 6477282.367
17 94 605595.2458
17 95 1510893.623
17 96 7657241.845
17 97 566650.3867
17 98 9679816.512
17 99 9312083.683
18 19 6729747.213
18 20 4878999.572
18 21 1899830.129
18 22 8833287.987
18 23 6909116.371
18 24 5385350.146
18 25 1531109.235
18 26 8806394.282
18 27 4881471.677
18 28 1135485.895
18 29 4548262.793
18 30 5377581.696
18 31 3012112.02
18 32 9034102.646
18 33 6869539.001
18 34 2193060.407
18 35 3964446.983
18 36 7173673.042
18 37 4273122.374
18 38 7764980.084
18 39 7268625.137
18 40 3758787.646
18 41 4932044.162
18 42 4534797.684
18 43 3437504.009
18 44 3339974.594
18 45 4610201.448
18 46 5526117.752
18 47 5790948.787
18 48 8164622.618
18 49 2607119.651
18 50 2521843.248
18 51 8041630.335
18 52 7224610.958
18 53 8640181.987
18 54 6986239.614
18 55 4963230.644
18 56 5155556.197
18 57 3391758.026
18 58 8956065.99
18 59 6588753.086
18 60 556249.4921
18 61 3166736.824
18 62 6580640.769
18 63 7240022.315
18 64 1235876.624
18 65 5332208.362
18 66 2265884.34
18 67 4006917.49
18 68 3740245.749
18 69 5242504.27
18 70 6816944.306
18 71 2947572.31
18 72 4657381.466
18 73 3122166.904
18 74 6058645.536
18 75 2332572.898
18 76 6710093.468
18 77 7652801.738
18 78 4793631.768
18 79 1017612.833
18 80 9829305.796
18 81 5118284.395
18 82 6111481.577
18 83 2308461.801
18 84 5388722.288
18 85 930414.6294
18 86 8513108.006
18 87 7300920.302
18 88 6720471.106
18 89 782213.3078
18 90 5036908.459
18 91 1016928.798
18 92 569634.1002
18 93 5403864.116
18 94 1118077.949
18 95 411844.8913
18 96 7081590.65
18 97 1028702.311
18 98 8727489.727
18 99 8314385.455
19 20 5063317.543
19 21 5423213.76
19 22 5783429.16
19 23 211198.1662
19 24 5420189.678
19 25 5285000.087
19 26 7255729.663
19 27 8567439.523
19 28 6331812.816
19 29 2337878.677
19 30 8132238.164
19 31 5727923.432
19 32 7413156.166
19 33 3678386.116
19 34 4538405.511
19 35 5670214.587
19 36 2423125.475
19 37 6653496.867
19 38 1837909.829
19 39 1169266.002
19 40 3637849.28
19 41 1951952.785
19 42 10421676.32
19 43 9641878.148
19 44 3399007.349
19 45 8919339.113
19 46 3454552.35
19 47 2459323.648
19 48 1450803.169
19 49 8323739.534
19 50 5788477.612
19 51 4990293.949
19 52 4167754.737
19 53 1929515.552
19 54 4030265.446
19 55 5124359.72
19 56 4766002.876
19 57 7165187.916
19 58 6654042.405
19 59 1067678.625
19 60 6302924.648
19 61 5315142.373
19 62 1599177.924
19 63 6290263.799
19 64 5841327.279
19 65 7799510.463
19 66 4514684.421
19 67 4706044.107
19 68 4471034.453
19 69 1487310.922
19 70 1192002.677
19 71 9246120.97
19 72 5751241.522
19 73 6697491.68
19 74 5639107.797
19 75 4397600.304
19 76 5873779.503
19 77 3804348.423
19 78 8241615.563
19 79 7059638.029
19 80 8622282.401
19 81 6495142.939
19 82 4604461.937
19 83 4459495.369
19 84 8882818.099
19 85 5911486.926
19 86 5548643.19
19 87 2978859.708
19 88 5818993.611
19 89 5970395.608
19 90 5884043.408
19 91 5718476.716
19 92 6450020.693
19 93 3565588.584
19 94 7799300.026
19 95 6401312.63
19 96 5836890.112
19 97 7512680.423
19 98 3417286.111
19 99 2615374.649
20 21 5202228.485
20 22 10051062.3
20 23 5268559.682
20 24 7885555.822
20 25 4469888.754
20 26 10935774.66
20 27 9237085.192
20 28 3802661.082
20 29 4527907.653
20 30 9377872.104
20 31 1968025.658
20 32 11143585.84
20 33 7699018.057
20 34 3870603.633
20 35 7076309.753
20 36 7027892.368
20 37 7890911.364
20 38 6850682.447
20 39 6171322.882
20 40 5196233.173
20 41 4616427.982
20 42 9410499.685
20 43 8289514.823
20 44 3835680.538
20 45 9180314.209
20 46 6662165.972
20 47 2693672.046
20 48 6284308.707
20 49 7448357.343
20 50 2422293.58
20 51 9167881.632
20 52 8216949.877
20 53 6360474.272
20 54 7995118.321
20 55 7414132.487
20 56 423728.4895
20 57 7571506.214
20 58 10651751.95
20 59 5730957.191
20 60 4880707.321
20 61 1717813.477
20 62 3794196.594
20 63 9530734.884
20 64 5008277.507
20 65 9188460.689
20 66 3416022.804
20 67 959471.1953
20 68 1355210.842
20 69 4186554.307
20 70 5970995.877
20 71 7791765.48
20 72 7608448.669
20 73 2550991.429
20 74 8447453.411
20 75 3731120.381
20 76 8980291.824
20 77 8204354.731
20 78 9038078.535
20 79 5807004.297
20 80 12240563.59
20 81 8356621.873
20 82 7836292.866
20 83 3449719.264
20 84 9715070.632
20 85 4725140.19
20 86 9751659.582
20 87 7473359.773
20 88 8953833.334
20 89 4559557.201
20 90 7943322.161
20 91 4361818.457
20 92 4318935.772
20 93 1581796.632
20 94 5417105.102
20 95 4477848.965
20 96 9173356.213
20 97 5903982.14
20 98 8367888.264
20 99 7620725.415
21 22 6933568.299
21 23 5573418.445
21 24 3542573.065
21 25 781367.5328
21 26 6971570.597
21 27 4046746.183
21 28 2456081.372
21 29 3095502.865
21 30 4200442.149
21 31 3784346.864
21 32 7199190.875
21 33 5001831.423
21 34 1377070.203
21 35 2216817.027
21 36 5436707.645
21 37 2795865.538
21 38 6158265.374
21 39 5742833.2
21 40 2006680.862
21 41 3489805.57
21 42 5040985.724
21 43 4218679.758
21 44 2161661.232
21 45 4071014.975
21 46 3666254.984
21 47 5156320.678
21 48 6786516.417
21 49 2918192.793
21 50 3362902.946
21 51 6143545.344
21 52 5338076.42
21 53 7349322.713
21 54 5101843.566
21 55 3099702.114
21 56 5344729.507
21 57 2378181.087
21 58 7075690.271
21 59 5061091.258
21 60 1344063.236
21 61 3719175.983
21 62 5678849.242
21 63 5406015.438
21 64 663958.8556
21 65 4045267.847
21 66 1800278.362
21 67 4242861.462
21 68 3859921.93
21 69 3985152.294
21 70 5264210.802
21 71 3830439.746
21 72 2892938.207
21 73 4314962.951
21 74 4215514.411
21 75 1544402.232
21 76 4862997.983
21 77 5795529.868
21 78 3836868.056
21 79 1726594.65
21 80 8055987.232
21 81 3479462.199
21 82 4212390.764
21 83 1778672.808
21 84 4516849.832
21 85 1021224.435
21 86 6613304.725
21 87 5503046.922
21 88 4868358.78
21 89 1256897.282
21 90 3275800.22
21 91 1212322.2
21 92 2065215.264
21 93 5151348.504
21 94 2965877.088
21 95 1846814.398
21 96 5217768.636
21 97 2259749.776
21 98 6965661.793
21 99 6630181.827
22 23 5674932.98
22 24 3684809.98
22 25 7458668.582
22 26 1964558.162
22 27 7054363.347
22 28 9207165.603
22 29 5541376.497
22 30 6092884.747
22 31 9758258.337
22 32 2005298.181
22 33 2352050.11
22 34 7262336.905
22 35 5152067.386
22 36 3361005.278
22 37 5531091.479
22 38 4260743.391
22 39 4735451.45
22 40 5346599.663
22 41 5435974.569
22 42 10177568.26
22 43 10014919.01
22 44 6527126.875
22 45 7749330.599
22 46 3528708.653
22 47 7958504.834
22 48 5742214.256
22 49 8694956.785
22 50 9541408.29
22 51 885276.7937
22 52 1837538.56
22 53 6396807.708
22 54 2067957.539
22 55 3986589.279
22 56 9895862.763
22 57 6720920.095
22 58 1052984.702
22 59 4742416.03
22 60 8277628.488
22 61 9460166.748
22 62 7351868.438
22 63 2357481.306
22 64 7597502.982
22 65 5744515.264
22 66 7607374.01
22 67 9328631.743
22 68 8948965.359
22 69 5946254.761
22 70 4591451.813
22 71 9862548.624
22 72 4557419.354
22 73 10616498.55
22 74 3115203.059
22 75 7262190.758
22 76 2580630.375
22 77 1980209.808
22 78 6724600.045
22 79 8436359.19
22 80 3140701.971
22 81 4644932.675
22 82 2723642.136
22 83 7536644.906
22 84 7028673.511
22 85 7935572.087
22 86 322949.9787
22 87 2805035.17
22 88 2530634.745
22 89 8149759.895
22 90 4277435.374
22 91 8025159.17
22 92 8943526.532
22 93 8883921.332
22 94 9874733.08
22 95 8749403.026
22 96 2148597.432
22 97 8997400.02
22 98 3059421.346
22 99 3732595.757
23 24 5447835.723
23 25 5454702.046
23 26 7185224.18
23 27 8652191.315
23 28 6526754.784
23 29 2480296.438
23 30 8195009.137
23 31 5938046.877
23 32 7338120.518
23 33 3616028.958
23 34 4716475.394
23 35 5751448.261
23 36 2315323.417
23 37 6730125.595
23 38 1657613.688
23 39 1002513.318
23 40 3756200.953
23 41 2089226.403
23 42 10557476.88
23 43 9791440.438
23 44 3573437.835
23 45 9018178.688
23 46 3470873.018
23 47 2652051.643
23 48 1259051.947
23 49 8466026.596
23 50 5996111.035
23 51 4895963.756
23 52 4094770.574
23 53 1776807.792
23 54 3967352.139
23 55 5167106.073
23 56 4967895.479
23 57 7271923.2
23 58 6563060.522
23 59 1014254.602
23 60 6476077.707
23 61 5525587.793
23 62 1753735.402
23 63 6257749.574
23 64 6004201.647
23 65 7858232.816
23 66 4703235.007
23 67 4916875.533
23 68 4682212.938
23 69 1668727.629
23 70 1096604.814
23 71 9400434.721
23 72 5808536.053
23 73 6907765.432
23 74 5642350.325
23 75 4578323.52
23 76 5854556.126
23 77 3700014.74
23 78 8323367.724
23 79 7221898.665
23 80 8549228.92
23 81 6542917.27
23 82 4593497.461
23 83 4647094.975
23 84 8958633.736
23 85 6082854.54
23 86 5447515.552
23 87 2875434.84
23 88 5798443.653
23 89 6146554.203
23 90 5928647.592
23 91 5896086.767
23 92 6637204.187
23 93 3763789.582
23 94 7983332.57
23 95 6584761.814
23 96 5802085.206
23 97 7680837.294
23 98 3242176.327
23 99 2432405.348
24 25 4216917.499
24 26 3429257.883
24 27 3711425.039
24 28 5980506.103
24 29 3722755.044
24 30 2956169.097
24 31 6996799.968
24 32 3656945.88
24 33 2611379.407
24 34 4310516.219
24 35 1489748.942
24 36 3862324.17
24 37 1915038.952
24 38 4990425.513
24 39 4976705.091
24 40 2694187.664
24 41 3899529.331
24 42 6588578.573
24 43 6343232.443
24 44 4050614.94
24 45 4312742.388
24 46 1985699.457
24 47 6631686.206
24 48 6261040.928
24 49 5011477.799
24 50 6662137.812
24 51 3074365.661
24 52 2618696.479
24 53 6972848.347
24 54 2466861.559
24 55 479756.5467
24 56 7872271.546
24 57 3055105.211
24 58 3604674.347
24 59 4491346.577
24 60 4845880.772
24 61 6803640.217
24 62 6546814.143
24 63 1863471.701
24 64 4181333.943
24 65 2588103.766
24 66 4747800.85
24 67 6991925.747
24 68 6578744.53
24 69 4625189.83
24 70 4539005.898
24 71 6178827.747
24 72 874556.8133
24 73 7701287.827
24 74 673940.7522
24 75 4379753.222
24 76 1324802.385
24 77 3330945.226
24 78 3359461.107
24 79 4844040.706
24 80 4546852.778
24 81 1228821.728
24 82 1238606.925
24 83 4687150.583
24 84 3852885.967
24 85 4561008.164
24 86 3390571.77
24 87 3555487.15
24 88 1335926.627
24 89 4799368.575
24 90 660564.0148
24 91 4737787.545
24 92 5607274.401
24 93 7189087.404
24 94 6348378.395
24 95 5384934.453
24 96 1707192.34
24 97 5395466.603
24 98 4948286.655
24 99 5042603.192
25 26 7632686.296
25 27 4767797.418
25 28 1773564.48
25 29 3041416.211
25 30 4970817.406
25 31 3003178.688
25 32 7859468.415
25 33 5399281.133
25 34 820137.0039
25 35 2964968.164
25 36 5644714.914
25 37 3577165.046
25 38 6241089.021
25 39 5758972.445
25 40 2247106.033
25 41 3431110.956
25 42 5413329.337
25 43 4473367.558
25 44 1891212.358
25 45 4730948.12
25 46 4055210.37
25 47 4680860.274
25 48 6700743.885
25 49 3292753.271
25 50 2582815.239
25 51 6636768.563
25 52 5782499.344
25 53 7210585.827
25 54 5540776.027
25 55 3756097.064
25 56 4636678.85
25 57 3104690.969
25 58 7677697.367
25 59 5076685.751
25 60 1032792.263
25 61 2946343.438
25 62 5323324.222
25 63 6074530.005
25 64 627125.7523
25 65 4823294.286
25 66 1137776.571
25 67 3513391.983
25 68 3144357.265
25 69 3803752.453
25 70 5300438.657
25 71 4034810.949
25 72 3625486.918
25 73 3549213.04
25 74 4883282.921
25 75 994645.8324
25 76 5522094.028
25 77 6168736.325
25 78 4576591.036
25 79 1805861.037
25 80 8756564.412
25 81 4243771.224
25 82 4762618.171
25 83 1137580.932
25 84 5248842.005
25 85 631927.608
25 86 7136068.829
25 87 5784346.985
25 88 5522015.155
25 89 752749.225
25 90 4005745.367
25 91 571506.3598
25 92 1494006.957
25 93 4546269.593
25 94 2649037.95
25 95 1325309.481
25 96 5854931.85
25 97 2228377.681
25 98 7200452.748
25 99 6783596.078
26 27 5964099.224
26 28 9402429.611
26 29 6447074.507
26 30 4936779.305
26 31 10301857.25
26 32 227778.0988
26 33 3580032.082
26 34 7647692.915
26 35 4855992.623
26 36 4919100.452
26 37 4871949.94
26 38 5968049.352
26 39 6335597.398
26 40 5840666.591
26 41 6454549.179
26 42 9237203.77
26 43 9291571.295
26 44 7170468.019
26 45 6702012.772
26 46 4292593.281
26 47 9171289.089
26 48 7465588.75
26 49 8088651.133
26 50 10005009.41
26 51 2392448.068
26 52 3090476.712
26 53 8154163.63
26 54 3228653.166
26 55 3878072.689
26 56 10848193.73
26 57 6086008.691
26 58 948724.2648
26 59 6188052.12
26 60 8271277.748
26 61 10065852.3
26 62 8738717.401
26 63 1566982.438
26 64 7609755.678
26 65 4642451.176
26 66 8058993.263
26 67 10113732.03
26 68 9709896.66
26 69 7083438.35
26 70 6090787.609
26 71 9233100.715
26 72 4168188.909
26 73 11063443.93
26 74 2756061.425
26 75 7692674.249
26 76 2111011.733
26 77 3587925.094
26 78 5677596.864
26 79 8206848.783
26 80 1369118.003
26 81 3911801.796
26 82 3101264.414
26 83 7993382.898
26 84 5814982.071
26 85 7990263.908
26 86 1992028.027
26 87 4365763.166
26 88 2110981.278
26 89 8228446.683
26 90 3801001.294
26 91 8162603.503
26 92 9036480.896
26 93 9967686.441
26 94 9739262.19
26 95 8814039.979
26 96 1801145.8
26 97 8742878.144
26 98 4957320.918
26 99 5550570.156
27 28 5953233.271
27 29 6376729.024
27 30 1032758.041
27 31 7666468.822
27 32 6155922.312
27 33 6318178.038
27 34 5416523.08
27 35 2902043.263
27 36 7482098.381
27 37 1944003.821
27 38 8552906.975
27 39 8411844.266
27 40 5019202.416
27 41 6703451.641
27 42 3293078.971
27 43 3576120.872
27 44 5948858.391
27 45 743362.392
27 46 5461454.537
27 47 9000211.112
27 48 9663502.177
27 49 2770070.301
27 50 7197947.262
27 51 6638261.817
27 52 6318345.063
27 53 10342345.33
27 54 6176522.668
27 55 3732680.283
27 56 9390665.441
27 57 1668579.666
27 58 6588630.144
27 59 7823740.972
27 60 4588467.801
27 61 7679097.465
27 62 9296787.24
27 63 4731953.644
27 64 4263448.302
27 65 1329657.389
27 66 5847023.968
27 67 8279415.938
27 68 7903042.877
27 69 7384214.484
27 70 7934703.053
27 71 3685412.207
27 72 2993153.811
27 73 7972992.177
27 74 4048839.98
27 75 5577182.87
27 76 4483241.939
27 77 7040438.642
27 78 352400.658
27 79 3887947.975
27 80 6427088.109
27 81 2506458.76
27 82 4949202.79
27 83 5824559.539
27 84 507363.6892
27 85 4602536.392
27 86 6813312.501
27 87 7236048.473
27 88 4538159.252
27 89 4816958.362
27 90 3056147.626
27 91 4954291.88
27 92 5391873.098
27 93 9150804.054
27 94 5274414.009
27 95 5154697.656
27 96 4908352.636
27 97 4189152.086
27 98 8656593.292
27 99 8702456.181
28 29 4365721.687
28 30 6373230.149
28 31 1890161.045
28 32 9629474.964
28 33 7083631.774
28 34 2032877.719
28 35 4668706.003
28 36 7157147.128
28 37 5142599.482
28 38 7589482.423
28 39 7028823.643
28 40 3907096.024
28 41 4715666.883
28 42 5618735.887
28 43 4487796.577
28 44 3097150.874
28 45 5722244.495
28 46 5750522.845
28 47 5034788.174
28 48 7782615.901
28 49 3740448.866
28 50 1402525.276
28 51 8372117.643
28 52 7494418.398
28 53 8184636
28 54 7251014.302
28 55 5524462.871
28 56 4106833.368
28 57 4396263.995
28 58 9449388.973
28 59 6369976.869
28 60 1373959.677
28 61 2085427.931
28 62 5934493.536
28 63 7841602.514
28 64 1884003.863
28 65 6291639.995
28 66 1862562.86
28 67 2979685.812
28 68 2767031.37
28 69 4872947.733
28 70 6613700.101
28 71 3989531.968
28 72 5348607.217
28 73 2019760.585
28 74 6649781.287
28 75 2099517.003
28 76 7291431.996
28 77 7827772.334
28 78 5839550.224
28 79 2144512.822
28 80 10509205.79
28 81 5908720.284
28 82 6526521.52
28 83 1928165.263
28 84 6458629.474
28 85 1484976.267
28 86 8884231.366
28 87 7368258.26
28 88 7292539.445
28 89 1237034.753
28 90 5731617.732
28 91 1245355.167
28 92 572996.4778
28 93 4494675.73
28 94 1685747.263
28 95 799808.3748
28 96 7627900.206
28 97 2125663.316
28 98 8716732.888
28 99 8211160.02
29 30 6070028.309
29 31 4344811.237
29 32 6648192.794
29 33 3194936.456
29 34 2385262.246
29 35 3539893.912
29 36 2845579.173
29 37 4529626.514
29 38 3235355.028
29 39 2720441.143
29 40 1359207.29
29 41 395302.013
29 42 8084208.851
29 43 7311989.586
29 44 1268696.139
29 45 6664806.173
29 46 2154522.847
29 47 2908934.757
29 48 3693348.952
29 49 5986697.862
29 50 4226579.581
29 51 4656167.537
29 52 3703838.89
29 53 4257096.052
29 54 3476293.248
29 55 3312654.193
29 56 4409637.766
29 57 4889385.157
29 58 6124987.058
29 59 2040849.761
29 60 4074029.404
29 61 4000590.674
29 62 2944452.31
29 63 5124102.679
29 64 3554174.366
29 65 5768748.73
29 66 2508043.225
29 67 3788056.522
29 68 3413617.375
29 69 1007675.554
29 70 2272495.893
29 71 6925234.527
29 72 3785406.285
29 73 5273363.713
29 74 4156811.165
29 75 2281760.951
29 76 4599478.888
29 77 3781429.419
29 78 6068664.216
29 79 4765890.875
29 80 7779484.617
29 81 4574448.361
29 82 3375253.21
29 83 2440246.624
29 84 6735718.384
29 85 3673177.727
29 86 5236215.373
29 87 3154215.637
29 88 4562749.523
29 89 3768767.808
29 90 4012731.255
29 91 3533303.166
29 92 4358970.693
29 93 3542509.085
29 94 5653855.249
29 95 4265666.895
29 96 4729718.463
29 97 5245624.1
29 98 4386083.064
29 99 3846081.043
30 31 7958452.933
30 32 5126477.553
30 33 5554850.527
30 34 5507820.713
30 35 2533909.786
30 36 6810378.855
30 37 1559039.09
30 38 7922362.223
30 39 7850578.31
30 40 4746575.756
30 41 6358771.591
30 42 4325080.194
30 43 4551483.753
30 44 5846995.412
30 45 1775854.323
30 46 4850215.148
30 47 8838885.74
30 48 9124896.515
30 49 3599959.395
30 50 7512714.035
30 51 5731356.571
30 52 5496231.06
30 53 9822852.99
30 54 5376995.723
30 55 3084276.016
30 56 9487371.481
30 57 1986114.362
30 58 5582047.981
30 59 7305310.36
30 60 5001616.335
30 61 7917025.334
30 62 9014471.748
30 63 3748812.891
30 64 4558429.953
30 65 371054.3973
30 66 5962233.813
30 67 8419842.988
30 68 8024934.133
30 69 7069510.088
30 70 7388988.81
30 71 4612745.495
30 72 2391221.695
30 73 8374627.21
30 74 3180936.17
30 75 5652083.635
30 76 3547527.007
30 77 6234262.645
30 78 795530.6554
30 79 4444635.607
30 80 5402467.353
30 81 1730116.334
30 82 4166383.258
30 83 5928268.226
30 84 940561.0358
30 85 4934708.773
30 86 5865417.062
30 87 6510994.978
30 88 3606238.734
30 89 5169751.3
30 90 2340482.688
30 91 5261438.988
30 92 5837280.768
30 93 9115721.715
30 94 5932132.378
30 95 5592692.366
30 96 3960324.562
30 97 4832123.109
30 98 7881127.718
30 99 7998730.395
31 32 10522687.77
31 33 7464632.594
31 34 2688140.313
31 35 5910915.391
31 36 7160504.524
31 37 6579224.809
31 38 7302393.075
31 39 6661102.443
31 40 4476715.528
31 41 4588514.761
31 42 7504886.431
31 43 6364350.511
31 44 3232028.893
31 45 7511508.891
31 46 6232317.206
31 47 3835602.995
31 48 7127475.95
31 49 5617600.528
31 50 490358.3037
31 51 8881331.642
31 52 7943348.079
31 53 7382858.54
31 54 7703579.326
31 55 6517851.516
31 56 2321360.651
31 57 6038312.435
31 58 10184414.77
31 59 6080753.612
31 60 3121807.404
31 61 422883.307
31 62 4891765.224
31 63 8792171.021
31 64 3413745.958
31 65 7823214.76
31 66 2250840.081
31 67 1326260.656
31 68 1334751.391
31 69 4453168.084
31 70 6334722.996
31 71 5864809.21
31 72 6533347.327
31 73 970742.7439
31 74 7628763.975
31 75 2619211.238
31 76 8230082.479
31 77 8110223.408
31 78 7511879.972
31 79 3995356.341
31 80 11520936.22
31 81 7206490.54
31 82 7248326.193
31 83 2313712.607
31 84 8163368.818
31 85 3063932.964
31 86 9440783.392
31 87 7498222.447
31 88 8217108.727
31 89 2854197.958
31 90 6901906.02
31 91 2714645.684
31 92 2442512.69
31 93 3003679.857
31 94 3454545.318
31 95 2634299.935
31 96 8500933.149
31 97 4015701.212
31 98 8658161.388
31 99 8018047.015
32 33 3743630.062
32 34 7870958.457
32 35 5083141.732
32 36 5059196.747
32 37 5091228.865
32 38 6090613.811
32 39 6475152.777
32 40 6058752.552
32 41 6648849.876
32 42 9434326.835
32 43 9501475.563
32 44 7385341.151
32 45 6895405.361
32 46 4493872.063
32 47 9356347.475
32 48 7588355.388
32 49 8304955.579
32 50 10227806.47
32 51 2506263.658
32 52 3245401.555
32 53 8271516.974
32 54 3393464.773
32 55 4105237.336
32 56 11052344.73
32 57 6303799.44
32 58 957738.599
32 59 6345829.653
32 60 8499049.991
32 61 10284655.64
32 62 8907668.104
32 63 1794760.531
32 64 7837516.003
32 65 4837866.771
32 66 8280959.331
32 67 10325687.98
32 68 9922602.351
32 69 7270978.183
32 70 6242289.473
32 71 9447397.515
32 72 4394997.882
32 73 11287037.78
32 74 2983676.679
32 75 7914894.236
32 76 2338165.011
32 77 3712718.337
32 78 5873621.102
32 79 8432984.265
32 80 1212835.403
32 81 4131144.271
32 82 3312467.188
32 83 8215165.757
32 84 5996262.85
32 85 8217953.933
32 86 2067843.98
32 87 4502532.069
32 88 2337527.419
32 89 8456074.172
32 90 4027172.904
32 91 8389872.204
32 92 9264135.38
32 93 10163039.92
32 94 9966106.622
32 95 9041765.903
32 96 2023308.208
32 97 8968417.071
32 98 5035092.732
32 99 5650945.453
33 34 5077026.298
33 35 3729647.501
33 36 1453881.199
33 37 4456084.87
33 38 2607849.598
33 39 2828448.787
33 40 3176806.914
33 41 3084523.746
33 42 9048827.945
33 43 8644665.757
33 44 4237574.709
33 45 6895709.866
33 46 1344830.361
33 47 5667405.99
33 48 4052229.878
33 49 7261331.371
33 50 7278609.614
33 51 1469656.407
33 52 526287.8865
33 53 4768479.848
33 54 351881.5072
33 55 2627828.362
33 56 7546467.746
33 57 5464487.367
33 58 3046868.132
33 59 2611197.918
33 60 6317771.038
33 61 7149817.505
33 62 5165544.35
33 63 2717449.568
33 64 5651719.431
33 65 5184404.295
33 66 5378928.045
33 67 6982870.27
33 68 6607426.179
33 69 3617013.588
33 70 2529356.443
33 71 8398877.253
33 72 3364176.393
33 73 8350201.854
33 74 2449826.052
33 75 5052523.954
33 76 2417521.772
33 77 807879.7383
33 78 5965820.957
33 79 6652448.796
33 80 4948390.798
33 81 3837252.283
33 82 1389601.526
33 83 5307242.215
33 84 6462222.251
33 85 5943037.317
33 86 2055113.748
33 87 998508.7921
33 88 2353345.251
33 89 6131812.171
33 90 3262189.078
33 91 5970337.47
33 92 6891320.083
33 93 6552967.198
33 94 7962605.267
33 95 6722058.819
33 96 2258900.425
33 97 7211774.364
33 98 2338429.347
33 99 2485191.776
34 35 3263854.213
34 36 5130874.592
34 37 4026853.106
34 38 5619977.404
34 39 5096625.525
34 40 1917535.308
34 41 2758482.491
34 42 6232076.458
34 43 5291120.783
34 44 1148230.381
34 45 5445970.017
34 46 3759497.947
34 47 3864803.249
34 48 5971581.499
34 49 4109022.339
34 50 2358798.209
34 51 6408261.344
34 52 5507018.154
34 53 6453912.441
34 54 5263191.744
34 55 3832245.351
34 56 3987267.826
34 57 3749291.054
34 58 7590923.488
34 59 4421919.041
34 60 1776846.41
34 61 2524021.936
34 62 4507180.39
34 63 6120676.677
34 64 1444990.996
34 65 5319392.248
34 66 463515.9842
34 67 2913816.896
34 68 2517113.445
34 69 3051153.036
34 70 4656874.936
34 71 4848331.96
34 72 3859999.225
34 73 3416622.164
34 74 4948392.718
34 75 176713.0889
34 76 5559145.235
34 77 5806952.464
34 78 5195469.873
34 79 2617091.697
34 80 8843928.604
34 81 4561030.349
34 82 4644307.405
34 83 421542.2576
34 84 5879773.24
34 85 1401812.266
34 86 6940050.814
34 87 5335397.379
34 88 5549243.473
34 89 1433819.497
34 90 4223035.208
34 91 1180098.01
34 92 1974016.664
34 93 3781089.211
34 94 3280813.874
34 95 1885145.031
34 96 5847888.694
34 97 3009077.558
34 98 6691780.163
34 99 6210747.436
35 36 4697569.518
35 37 991806.6363
35 38 5712542.44
35 39 5527601.146
35 40 2213364.018
35 41 3840089.967
35 42 5321504.403
35 43 4946701.893
35 44 3375714.246
35 45 3324327.673
35 46 2651944.234
35 47 6316369.308
35 48 6768342.786
35 49 3582703.906
35 50 5523790.203
35 51 4485452.721
35 52 3883467.359
35 53 7442571.187
35 54 3686868.094
35 55 1178230.707
35 56 7135021.74
35 57 1738961.027
35 58 5090790.545
35 59 4926730.884
35 60 3442984.025
35 61 5782556.952
35 62 6483767.305
35 63 3295734.595
35 64 2806059.754
35 65 2248974.851
35 66 3726322.751
35 67 6135176.517
35 68 5726015.983
35 69 4543001.857
35 70 5045755.376
35 71 4743534.621
35 72 692934.6251
35 73 6513417.855
35 74 2141902.795
35 75 3376083.052
35 76 2788844.695
35 77 4521300.592
35 78 2571983.387
35 79 3363285.97
35 80 5869015.041
35 81 1297925.338
35 82 2528222.813
35 83 3677669.168
35 84 3216251.254
35 85 3200785.286
35 86 4849636.262
35 87 4536075.961
35 88 2808392.955
35 89 3447087.676
35 90 1073563.877
35 91 3428224.788
35 92 4242791.364
35 93 6652882.804
35 94 4884443.456
35 95 4009319.564
35 96 3190178.622
35 97 3910657.684
35 98 6016918.159
35 99 5941452.234
36 37 5555858.815
36 38 1161680.01
36 39 1416507.723
36 40 3437579.791
36 41 2572094.029
36 42 9962067.18
36 43 9419701.282
36 44 4089238.942
36 45 7995329.481
36 46 2045660.904
36 47 4693231.576
36 48 2601578.584
36 49 8031252.215
36 50 7067323.557
36 51 2586824.079
36 52 1853068.299
36 53 3315956.828
36 54 1780711.802
36 55 3752774.75
36 56 6808715.581
36 57 6416775.154
36 58 4255520.101
36 59 1401014.313
36 60 6648850.45
36 61 6796148.438
36 62 4002393.778
36 63 4170128.004
36 64 6031694.716
36 65 6445286.669
36 66 5324203.297
36 67 6444032.658
36 68 6112644.251
36 69 2844157.272
36 70 1231806.879
36 71 9115366.589
36 72 4489148.962
36 73 8103955.982
36 74 3829688.337
36 75 5057809.782
36 76 3863091.868
36 77 1384764.171
36 78 7131994.595
36 79 7159318.968
36 80 6271987.855
36 81 5080695.238
36 82 2734304.047
36 83 5254145.055
36 84 7683083.957
36 85 6250632.603
36 86 3132616.804
36 87 561804.7927
36 88 3799876.127
36 89 6397412.443
36 90 4472109.575
36 91 6192683.634
36 92 7079129.951
36 93 5701048.593
36 94 8291435.78
36 95 6950413.381
36 96 3712106.805
36 97 7696309.572
36 98 1561247.597
36 99 1247758.16
37 38 6613452.175
37 39 6468265.706
37 40 3194200.674
37 41 4831892.023
37 42 4676365.362
37 43 4496628.834
37 44 4294168.579
37 45 2447047.009
37 46 3524129.452
37 47 7279976.317
37 48 7722593.553
37 49 3227922.239
37 50 6157820.971
37 51 4977836.905
37 52 4520325.828
37 53 8404986.209
37 54 4353210.118
37 55 1831615.047
37 56 7979791.763
37 57 1220150.831
37 58 5281874.967
37 59 5884602.345
37 60 3813219.509
37 61 6497926.862
37 62 7472440.749
37 63 3394069.939
37 64 3264206.115
37 65 1308790.14
37 66 4488158.997
37 67 6937617.983
37 68 6535701.182
37 69 5533820.042
37 70 5992046.883
37 71 4386078.585
37 72 1091910.678
37 73 7087340.401
37 74 2416031.811
37 75 4160387.064
37 76 2988116.234
37 77 5213102.881
37 78 1602702.341
37 79 3481891.372
37 80 5696408.167
37 81 960150.1849
37 82 3132484.469
37 83 4448238.202
37 84 2229323.947
37 85 3660514.088
37 86 5253133.608
37 87 5337267.919
37 88 3027538.277
37 89 3907030.971
37 90 1268065.776
37 91 3949557.366
37 92 4651775.727
37 93 7568099.656
37 94 5037328.996
37 95 4407505.71
37 96 3423149.08
37 97 3974383.204
37 98 6786660.903
37 99 6786018.355
38 39 680429.9689
38 40 4163227.056
38 41 2874122.659
38 42 10890636.58
38 43 10272645.27
38 44 4497097.666
38 45 9033560.813
38 46 3091763.019
38 47 4293991.366
38 48 1497809.284
38 49 8895203.802
38 50 7286840.314
38 51 3585284.701
38 52 2967615.653
38 53 2191911.984
38 54 2922897.421
38 55 4844835.445
38 56 6573956.286
38 57 7397275.895
38 58 5233014.562
38 59 1232255.065
38 60 7270413.436
38 61 6907844.762
38 62 3404401.53
38 63 5315873.231
38 64 6701192.82
38 65 7560714.004
38 66 5726985.79
38 67 6406983.041
38 68 6126932.679
38 69 2849374.865
38 70 981115.2355
38 71 9936389.888
38 72 5569577.224
38 73 8269389.746
38 74 4986968.974
38 75 5516478.244
38 76 5022581.094
38 77 2380132.165
38 78 8205668.879
38 79 7880597.056
38 80 7297787.21
38 81 6196930.669
38 82 3890402.26
38 83 5661401.144
38 84 8777744.012
38 85 6867775.195
38 86 4080034.489
38 87 1642967.359
38 88 4959021.308
38 89 6982900.48
38 90 5582063.596
38 91 6755537.867
38 92 7593964.932
38 93 5389063.61
38 94 8877304.001
38 95 7496197.957
38 96 4859731.192
38 97 8393837.406
38 98 1586203.729
38 99 778127.4327
39 40 3785214.294
39 41 2338643.824
39 42 10588178.11
39 43 9913745.378
39 44 3956817.024
39 45 8848133.546
39 46 3005962.818
39 47 3617867.211
39 48 1284687.733
39 49 8550595.885
39 50 6663123.111
39 51 3993690.577
39 52 3262477.632
39 53 2000375.94
39 54 3170330.49
39 55 4769255.03
39 56 5893537.471
39 57 7160189.162
39 58 5661032.019
39 59 683816.5475
39 60 6791733.989
39 61 6261808.369
39 62 2756176.166
39 63 5536167.015
39 64 6251500.675
39 65 7497613.711
39 66 5168879.063
39 67 5739076.775
39 68 5466678.629
39 69 2217479.067
39 70 490687.9031
39 71 9556746.621
39 72 5466478.557
39 73 7630273.323
39 74 5064595.945
39 75 4981901.666
39 76 5185756.579
39 77 2782312.321
39 78 8070538.495
39 79 7450228.621
39 80 7687850.431
39 81 6145631.387
39 82 3976747.043
39 83 5105574.416
39 84 8671350.001
39 85 6390034.97
39 86 4525435.691
39 87 1973216.543
39 88 5125305.604
39 89 6489179.406
39 90 5525540.584
39 91 6253248.463
39 92 7065185.573
39 93 4709469.312
39 94 8372639.16
39 95 6981100.786
39 96 5076764.058
39 97 7947150.515
39 98 2248685.906
39 99 1456779.533
40 41 1705232.496
40 42 6823685.716
40 43 6128881.75
40 44 1361472.464
40 45 5308778.307
40 46 1845831.32
40 47 4113324.967
40 48 4904821.416
40 49 4766595.983
40 50 4216449.001
40 51 4490738.402
40 52 3592985.314
40 53 5519506.318
40 54 3349192.644
40 55 2229709.374
40 56 5178134.742
40 57 3538031.766
40 58 5711118.67
40 59 3113092.352
40 60 3222561.868
40 61 4226465.924
40 62 4285119.015
40 63 4367109.823
40 64 2594618.442
40 65 4459965.807
40 66 2267977.214
40 67 4317798.873
40 68 3906663.388
40 69 2365659.68
40 70 3298442.599
40 71 5778345.1
40 72 2551679.477
40 73 5289734.42
40 74 3254004.536
40 75 1916819.287
40 76 3808759.093
40 77 3930464.039
40 78 4713945.991
40 79 3733237.82
40 80 7096578.434
40 81 3342236.383
40 82 2771610.685
40 83 2198278.449
40 84 5384814.394
40 85 2829442.322
40 86 5024642.095
40 87 3542133.081
40 88 3787990.705
40 89 2994764.652
40 90 2833987.504
40 91 2813134.339
40 92 3727938.281
40 93 4536941.037
40 94 4872429.243
40 95 3571592.918
40 96 4044566.609
40 97 4262807.33
40 98 4979312.989
40 99 4623600.673
41 42 8470389.376
41 43 7705260.71
41 44 1624247.086
41 45 7012464.055
41 46 2183941.421
41 47 2771820.797
41 48 3298162.552
41 49 6376804.954
41 50 4502616.978
41 51 4554144.786
41 52 3605278.892
41 53 3865814.992
41 54 3388563.635
41 55 3515238.502
41 56 4463503.183
41 57 5243263.812
41 58 6076971.189
41 59 1663842.842
41 60 4463200.057
41 61 4227037.566
41 62 2675103.776
41 63 5191908.12
41 64 3948621.498
41 65 6047974.544
41 66 2853420.902
41 67 3934376.993
41 68 3579121.346
41 69 728552.5716
41 70 1901806.782
41 71 7319872.208
41 72 4036792.797
41 73 5532841.003
41 74 4284968.807
41 75 2647123.501
41 76 4684911.143
41 77 3607514.777
41 78 6389501.331
41 79 5160925.137
41 80 7802430.657
41 81 4818461.804
41 82 3429433.458
41 83 2787503.377
41 84 7049874.034
41 85 4063032.772
41 86 5139161.017
41 87 2929010.255
41 88 4643672.542
41 89 4154100.045
41 90 4239251.4
41 91 3915892.986
41 92 4729290.932
41 93 3514503.14
41 94 6034226.447
41 95 4642538.281
41 96 4780170.606
41 97 5639189.208
41 98 4087211.163
41 99 3510587.512
42 43 1181021.23
42 44 7195101.758
42 45 2549753.661
42 46 7934303.453
42 47 10093194.08
42 48 11728148.93
42 49 2129484.471
42 50 7020193.433
42 51 9653628.013
42 52 9169276.498
42 53 12331371.68
42 54 8986957.636
42 55 6441891.15
42 56 9690206.673
42 57 3584342.782
42 58 9812531.883
42 59 9927373.274
42 60 4627337.629
42 61 7694302.853
42 62 10705134.32
42 63 7926005.581
42 64 4787111.567
42 65 4596830.121
42 66 6512059.82
42 67 8540216.282
42 68 8260478.023
42 69 9015274.009
42 70 10097787.75
42 71 1669562.605
42 72 5736306.831
42 73 7397552.748
42 74 7075555.428
42 75 6407553.755
42 76 7602140.575
42 77 9833918.497
42 78 3560955.952
42 79 3684495.855
42 80 9714643.64
42 81 5532663.721
42 82 7785562.74
42 83 6527032.836
42 84 3554496.248
42 85 4902725.536
42 86 9910752.424
42 87 9846006.825
42 88 7649323.493
42 89 4987294.16
42 90 5944209.693
42 91 5233539.959
42 92 5091596.713
42 93 9868524.461
42 94 4163986.527
42 95 4941471.616
42 96 8038198.014
42 97 3507192.872
42 98 11333884.42
42 99 11209480.56
43 44 6322838.846
43 45 2887365.794
43 46 7440431.131
43 47 9119783.413
43 48 10997239.27
43 49 1390148.791
43 50 5883694.804
43 51 9410180.842
43 52 8828399.233
43 53 11567718.6
43 54 8627068.812
43 55 6117075.66
43 56 8582826.489
43 57 3294014.103
43 58 9769110.965
43 59 9238964.582
43 60 3598818.101
43 61 6571710.234
43 62 9796616.717
43 63 7874701.51
43 64 3860187.291
43 65 4750183.178
43 66 5526329.52
43 67 7439473.478
43 68 7177684.205
43 69 8196383.163
43 70 9427324.307
43 71 499819.1055
43 72 5469191.363
43 73 6225291.562
43 74 6903192.096
43 75 5462751.111
43 76 7484707.332
43 77 9446976.338
43 78 3755976.067
43 79 2681083.114
43 80 9923003.788
43 81 5430393.737
43 82 7472375.725
43 83 5548869.386
43 84 3959773.559
43 85 3913809.118
43 86 9728625.812
43 87 9364913.345
43 88 7524050.555
43 89 3964899.44
43 90 5737634.984
43 91 4220753.893
43 92 3979680.698
43 93 8824167.343
43 94 2988767.11
43 95 3848793.289
43 96 7919743.244
43 97 2412399.893
43 98 10860821.36
43 99 10657681.76
44 45 6104762.219
44 46 3004927.116
44 47 3058297.721
44 48 4826261.323
44 49 5067007.949
44 50 3045504.775
44 51 5649401.753
44 52 4711807.087
44 53 5321385.87
44 54 4471716.076
44 55 3581079.082
44 56 3828469.812
44 57 4332323.324
44 58 6984076.451
44 59 3286779.112
44 60 2903947.795
44 61 2937981.856
44 62 3517232.55
44 63 5719235.55
44 64 2471654.645
44 65 5599089.746
44 66 1240418.843
44 67 2958802.16
44 68 2549065.684
44 69 1914192.003
44 70 3526034.96
44 71 5901716.346
44 72 3829106.686
44 73 4114100.549
44 74 4615261.83
44 75 1025257.309
44 76 5163207.269
44 77 4907258.131
44 78 5680955.165
44 79 3685837.488
44 80 8444321.805
44 81 4604084.019
44 82 4077136.715
44 83 1172045.462
44 84 6369094.37
44 85 2513822.177
44 86 6210344.789
44 87 4352350.924
44 88 5140338.333
44 89 2573346.73
44 90 4142535.701
44 91 2324488.706
44 92 3108556.76
44 93 3278021.057
44 94 4428450.893
44 95 3031341.255
44 96 5383162.746
44 97 4119137.678
44 98 5641027.67
44 99 5114693.637
45 46 5955297.658
45 47 9161608.225
45 48 10077948.67
45 49 2256725.4
45 50 7030997.583
45 51 7300833.599
45 52 6931265.585
45 53 10740837.09
45 54 6776732.314
45 55 4277328.633
45 56 9364921.286
45 57 1783871.739
45 58 7312428.592
45 59 8236039.904
45 60 4392705.102
45 61 7564664.066
45 62 9539922.532
45 63 5444418.772
45 64 4172039.77
45 65 2060934.585
45 66 5850123.042
45 67 8231102.33
45 68 7872084.015
45 69 7665531.941
45 70 8363982.827
45 71 3045018.392
45 72 3535281.496
45 73 7731326.568
45 74 4703771.857
45 75 5615062.717
45 76 5170771.721
45 77 7640031.315
45 78 1032614.611
45 79 3594102.926
45 80 7168318.014
45 81 3146018.448
45 82 5549187.748
45 83 5836502.428
45 84 1072415.458
45 85 4471036.434
45 86 7500356.275
45 87 7784314.606
45 88 5223376.451
45 89 4663157.495
45 90 3652190.284
45 91 4832667.547
45 92 5150845.542
45 93 9221858.532
45 94 4859302.589
45 95 4924624.618
45 96 5600774.025
45 97 3809651.533
45 98 9230237.132
45 99 9229780.261
46 47 4946535.945
46 48 4287074.1
46 49 6050503.736
46 50 6013243.208
46 51 2659001.066
46 52 1747630.908
46 53 4994583.937
46 54 1503796.332
46 55 1766020.405
46 56 6560025.727
46 57 4375178.627
46 58 4001510.402
46 59 2505725.173
46 60 4975227.837
46 61 5942566.456
46 62 4690144.95
46 63 3011754.392
46 64 4311826.374
46 65 4494390.327
46 66 4085428.312
46 67 5874903.819
46 68 5481298.466
46 69 2859649.296
46 70 2557477.37
46 71 7164069.75
46 72 2479778.772
46 73 7088231.101
46 74 2195794.775
46 75 3746930.833
46 76 2518988.663
46 77 2129660.173
46 78 5113948.632
46 79 5337316.55
46 80 5628616.552
46 81 3139761.902
46 82 1248135.995
46 83 4014275.244
46 84 5690024.347
46 85 4598874.548
46 86 3209731.454
46 87 1924571.223
46 88 2473834.957
46 89 4786982.655
46 90 2519748.994
46 91 4626459.06
46 92 5547941.743
46 93 5683243.152
46 94 6622066.225
46 95 5377431.348
46 96 2596260.357
46 97 5893296.019
46 98 3420456.751
46 99 3290059.84
47 48 3594293.765
47 49 7973302.889
47 50 4059526.574
47 51 7105531.711
47 52 6191988.876
47 53 3679550.782
47 54 6003020.764
47 55 6217922.326
47 56 2351903.598
47 57 7390619.13
47 58 8713628.972
47 59 3305103.139
47 60 5527882.384
47 61 3416477.229
47 62 1109484.681
47 63 7958221.163
47 64 5307846.751
47 65 8565211.116
47 66 3593483.317
47 67 2585444.498
47 68 2502112.954
47 69 2092381.51
47 70 3516300.188
47 71 8658399.616
47 72 6650581.778
47 73 4747844.18
47 74 7050559.529
47 75 3688474.071
47 76 7456006.29
47 77 6004765.594
47 78 8724386.557
47 79 6439881.071
47 80 10531460.37
47 81 7443103.13
47 82 6194589.801
47 83 3572374.256
47 84 9410176.033
47 85 5207157.283
47 86 7688245.88
47 87 5206006.814
47 88 7414099.752
47 89 5161400.654
47 90 6902293.566
47 91 4902395.448
47 92 5350112.095
47 93 1128806.25
47 94 6694182.573
47 95 5394310.844
47 96 7539575.243
47 97 6754448.425
47 98 5863157.234
47 99 5072112.717
48 49 9656147.554
48 50 7212867.887
48 51 5082756.983
48 52 4446045.305
48 53 720301.6744
48 54 4382287.896
48 55 6047245.342
48 56 5945530.45
48 57 8364283.757
48 58 6726503.425
48 59 1842204.56
48 60 7725700.327
48 61 6709707.59
48 62 2523191.64
48 63 6769672.12
48 64 7239827.51
48 65 8774117.624
48 66 5962244.137
48 67 6039897.163
48 68 5840295.863
48 69 2927268.174
48 70 1736039.974
48 71 10616956.15
48 72 6736975.742
48 73 8092765.217
48 74 6343427.289
48 75 5835263.038
48 76 6442806.066
48 77 3877693.384
48 78 9325176.322
48 79 8455348.602
48 80 8795103.382
48 81 7425547.338
48 82 5252164.828
48 83 5906146.882
48 84 9935283.08
48 85 7330554.408
48 86 5571504.359
48 87 3123284.225
48 88 6381121.867
48 89 7399475.431
48 90 6805390.457
48 91 7150404.248
48 92 7896224.911
48 93 4721366.266
48 94 9241520.703
48 95 7842791.387
48 96 6310981.236
48 97 8923347.991
48 98 2869136.892
48 99 2060981.512
49 50 5127248.757
49 51 8062857.5
49 52 7456076.475
49 53 10242554.75
49 54 7251203.785
49 55 4759073.813
49 56 7697353.149
49 57 2007789.1
49 58 8506028.653
49 59 7879681.184
49 60 2579343.92
49 61 5751763.689
49 62 8575679.17
49 63 6621639.383
49 64 2665635.413
49 65 3719637.703
49 66 4405681.162
49 67 6542420.379
49 68 6234972.984
49 69 6900812.83
49 70 8062459.578
49 71 1167641.312
49 72 4137719.731
49 73 5678531.618
49 74 5597649.162
49 75 4285089.929
49 76 6200222.933
49 77 8065168.816
49 78 2838009.594
49 79 1641696.607
49 80 8822120.166
49 81 4183648.101
49 82 6110872.443
49 83 4416718.096
49 84 3243947.072
49 85 2811717.937
49 86 8402044.419
49 87 7974921.727
49 88 6235313.991
49 89 2924480.709
49 90 4429376.123
49 91 3157359.336
49 92 3176409.7
49 93 7790471.698
49 94 2632077.711
49 95 2986475.252
49 96 6631056.867
49 97 1654760.887
49 98 9470822.632
49 99 9270527.602
50 51 8671308.576
50 52 7743525.077
50 53 7511781.07
50 54 7501590.862
50 55 6185422.012
50 56 2753505.349
50 57 5579067.969
50 58 9925274.127
50 59 6056635.908
50 60 2638923.138
50 61 734015.4548
50 62 5076238.74
50 63 8479374.525
50 64 2957716.425
50 65 7387191.135
50 66 1952472.418
50 67 1682991.232
50 68 1584686.71
50 69 4445652.235
50 70 6310018.049
50 71 5384501.353
50 72 6161078.058
50 73 1075138.59
50 74 7305198.985
50 75 2315027.977
50 76 7917907.756
50 77 7952020.923
50 78 7050060.192
50 79 3505941.862
50 80 11201203.23
50 81 6814260.918
50 82 6980429.224
50 83 2020623.653
50 84 7696728.025
50 85 2597756.313
50 86 9221533.249
50 87 7374806.391
50 88 7908018.547
50 89 2381390.615
50 90 6534367.907
50 91 2255257.675
50 92 1952274.711
50 93 3321106.758
50 94 2996190.144
50 95 2144441.02
50 96 8204506.426
50 97 3527240.06
50 98 8589345.001
50 99 7981452.306
51 52 952356.2027
51 53 5765431.732
51 54 1183396.054
51 55 3307275.174
51 56 9015966.272
51 57 6128249.374
51 58 1668701.417
51 59 3933924.665
51 60 7485382.604
51 61 8579755.587
51 62 6536958.741
51 63 2167696.366
51 64 6806685.346
51 65 5368521.755
51 66 6743677.4
51 67 8443355.077
51 68 8063838.141
51 69 5076351.105
51 70 3801846.438
51 71 9226915.022
51 72 3944301.528
51 73 9746073.651
51 74 2597388.439
51 75 6402367.274
51 76 2193386.087
51 77 1213446.798
51 78 6296274.75
51 79 7695404.384
51 80 3712532.402
51 81 4156435.894
51 82 1976371.615
51 83 6672640.319
51 84 6671587.459
51 85 7133143.437
51 86 586424.0092
51 87 2025090.182
51 88 2131617.778
51 89 7341039.212
51 90 3709771.612
51 91 7206106.927
51 92 8127388.996
51 93 8014300.094
51 94 9100757.923
51 95 7939690.272
51 96 1815142.681
51 97 8258221.803
51 98 2620089.672
51 99 3162272.738
52 53 5154292.119
52 54 243834.7797
52 55 2729196.175
52 56 8068439.909
52 57 5594520.696
52 58 2524400.419
52 59 3100486.86
52 60 6669698.954
52 61 7636496.302
52 62 5674845.035
52 63 2368305.779
52 64 5996168.456
52 65 5125485.045
52 66 5827214.146
52 67 7491207.682
52 68 7112330.866
52 69 4143286.834
52 70 3000487.331
52 71 8607652.963
52 72 3437863.194
52 73 8817278.368
52 74 2324485.234
52 75 5492374.314
52 76 2157308.218
52 77 747624.1703
52 78 5967756.932
52 79 6948633.783
52 80 4455110.18
52 81 3813489.96
52 82 1387891.226
52 83 5755808.188
52 84 6421831.877
52 85 6304705.659
52 86 1534710.044
52 87 1325007.582
52 88 2090881.725
52 89 6502930.952
52 90 3279238.853
52 91 6353870.107
52 92 7276480.682
52 93 7079024.653
52 94 8303935.646
52 95 7098200.269
52 96 1921514.694
52 97 7510841.426
52 98 2415981.732
52 99 2723864.422
53 54 5096174.132
53 55 6750264.671
53 56 5994330.204
53 57 9012476.693
53 58 7396353.534
53 59 2521394.728
53 60 8224326.325
53 61 6960733.191
53 62 2570486.203
53 63 7485751.075
53 64 7770476.565
53 65 9474392.268
53 66 6403304.81
53 67 6223054.652
53 68 6066107.593
53 69 3407234.645
53 70 2437771.153
53 71 11174642.65
53 72 7432727.805
53 73 8335458.492
53 74 7062710.892
53 75 6308251.305
53 76 7162460.918
53 77 4568108.694
53 78 10006498.83
53 79 8988855.638
53 80 9474471.937
53 81 8130029.864
53 82 5972035.035
53 83 6351576.8
53 84 10623634.86
53 85 7835193.564
53 86 6239370.601
53 87 3829692.451
53 88 7100659.526
53 89 7887598.801
53 90 7510028.661
53 91 7633388.176
53 92 8338634.279
53 93 4779117.497
53 94 9696503.961
53 95 8301965.519
53 96 7027373.289
53 97 9438880.247
53 98 3445277.127
53 99 2675038.276
54 55 2545339.842
54 56 7851892.541
54 57 5407211.305
54 58 2711426.306
54 59 2963048.501
54 60 6431637.844
54 61 7398589.426
54 62 5514589.009
54 63 2393026.957
54 64 5758969.296
54 65 5005941.338
54 66 5583954.934
54 67 7261943.916
54 68 6881233.56
54 69 3942663.843
54 70 2879447.13
54 71 8399462.284
54 72 3265359.028
54 73 8575545.152
54 74 2226343.939
54 75 5248744.885
54 76 2127092.189
54 77 864100.4777
54 78 5824956.709
54 79 6719831.582
54 80 4597227.544
54 81 3677531.143
54 82 1228307.738
54 83 5512571.427
54 84 6296011.634
54 85 6065331.006
54 86 1760062.5
54 87 1288429.864
54 88 2061603.424
54 89 6262514.414
54 90 3126290.066
54 91 6112205.949
54 92 7034782.494
54 93 6874468.566
54 94 8067671.398
54 95 6857344.013
54 96 1937002.832
54 97 7281649.847
54 98 2507372.82
54 99 2743401.35
55 56 7406506.351
55 57 2865421.967
55 58 3996887.646
55 59 4241919.914
55 60 4418149.054
55 61 6323884.246
55 62 6181197.098
55 63 2318526.462
55 64 3747266.339
55 65 2728692.183
55 66 4268476.164
55 67 6516776.8
55 68 6103425.995
55 69 4243676.334
55 70 4312991.551
55 71 5921211.981
55 72 742842.8339
55 73 7227049.983
55 74 1128229.712
55 75 3900361.296
55 76 1767074.81
55 77 3397014.611
55 78 3381570.725
55 79 4469213.275
55 80 5019242.958
55 81 1380750.112
55 82 1355912.362
55 83 4207669.201
55 84 3933966.358
55 85 4120620.603
55 86 3680253.6
55 87 3509113.69
55 88 1769763.98
55 89 4355852.73
55 90 762359.2408
55 91 4284750.656
55 92 5164445.022
55 93 6743997.678
55 94 5950330.17
55 95 4945996.305
55 96 2119727.05
55 97 5026581.788
55 98 4955216.726
55 99 4969791.715
56 57 7722229.27
56 58 10529782.85
56 59 5483788.142
56 60 5119966.532
56 61 2028717.394
56 62 3437755.56
56 63 9472797.313
56 64 5198969.049
56 65 9284093.254
56 66 3545338.035
56 67 1154932.773
56 68 1492842.893
56 69 3982901.173
56 70 5718437.385
56 71 8087114.894
56 72 7640897.658
56 73 2959137.061
56 74 8414101.717
56 75 3837079.443
56 76 8928108.661
56 77 8020033.719
56 78 9179302.903
56 79 6056429.492
56 80 12167095.81
56 81 8401822.868
56 82 7756599.142
56 83 3571480.626
56 84 9861177.68
56 85 4937746.748
56 86 9601572.457
56 87 7271209.705
56 88 8898808.248
56 89 4786744.319
56 90 7965161.842
56 91 4576022.126
56 92 4603729.204
56 93 1224271.982
56 94 5747364.359
56 95 4749047.018
56 96 9102807.324
56 97 6183883.443
56 98 8110133.275
56 99 7348294.241
57 58 6500410.756
57 59 6527892.054
57 60 3022553.547
57 61 6031409.784
57 62 7756065.605
57 63 4614100.013
57 64 2624682.041
57 65 1957613.219
57 66 4178454.17
57 67 6613200.561
57 68 6235198.659
57 69 5886847.738
57 70 6671462.355
57 71 3166976.416
57 72 2184139.308
57 73 6406255.501
57 74 3609906.374
57 75 3911212.176
57 76 4199955.561
57 77 6250826.327
57 78 1475755.274
57 79 2475251.067
57 80 6865472.715
57 81 2176833.591
57 82 4217385.883
57 83 4156228.805
57 84 2144182.06
57 85 2983472.055
57 86 6435385.445
57 87 6272781.999
57 88 4237061.983
57 89 3210551.832
57 90 2443640.614
57 91 3324592.685
57 92 3854413.787
57 93 7496331.566
57 94 3997018.136
57 95 3610496.611
57 96 4633050.934
57 97 2902916.148
57 98 7755626.331
57 99 7663652.374
58 59 5593622.867
58 60 8407600.885
58 61 9916880.074
58 62 8188622.239
58 63 1895647.494
58 64 7732081.78
58 65 5259217.901
58 66 7973385.354
58 67 9876295.482
58 68 9482630.801
58 69 6652436.012
58 70 5467875.366
58 71 9667380.941
58 72 4433047.212
58 73 10996415.94
58 74 2951340.387
58 75 7614422.6
58 76 2316467.918
58 77 2878856.847
58 78 6279903.696
58 79 8448640.344
58 80 2095624.176
58 81 4338748.68
58 82 2946791.823
58 83 7904791.755
58 84 6494170.443
58 85 8095363.524
58 86 1157229.47
58 87 3693791.413
58 88 2289015.984
58 89 8323843.957
58 90 4098738.419
58 91 8229371.313
58 92 9130377.113
58 93 9579335.259
58 94 9945654.989
58 95 8920108.555
58 96 1901118.494
58 97 8999937.961
58 98 4103455.35
58 99 4749802.376
59 60 6109356.463
59 61 5690502.133
59 62 2609496.753
59 63 5243695.976
59 64 5567685.513
59 65 6959360.721
59 66 4507845.299
59 67 5226909.537
59 68 4929857.66
59 69 1630616.255
59 70 253982.8448
59 71 8878323.956
59 72 4914262.722
59 73 7045697.024
59 74 4650343.199
59 75 4310700.78
59 76 4844516.75
59 77 2762750.502
59 78 7486663.997
59 79 6766844.076
59 80 7554690.152
59 81 5622648.515
59 82 3589734.538
59 83 4443361.847
59 84 8102240.798
59 85 5707477.718
59 86 4498518.372
59 87 1940937.91
59 88 4787810.407
59 89 5808645.147
59 90 5003783.052
59 91 5574122.915
59 92 6393127.605
59 93 4341459.262
59 94 7694625.948
59 95 6305091.682
59 96 4787875.114
59 97 7263334.067
59 98 2640938.56
59 99 1940394.28
60 61 3204873.801
60 62 6254235.825
60 63 6704349.904
60 64 680187.5439
60 65 4928089.447
60 66 1940522.108
60 67 3965226.16
60 68 3655922.123
60 69 4817702.782
60 70 6332539.545
60 71 3131248.503
60 72 4135105.33
60 73 3389379.607
60 74 5519704.617
60 75 1933941.969
60 76 6170549.93
60 77 7103202.966
60 78 4467407.165
60 79 945470.1133
60 80 9311948.013
60 81 4627077.682
60 82 5556267.974
60 83 1970018.572
60 84 5092427.454
60 85 402639.5965
60 86 7957327.936
60 87 6763219.681
60 88 6179572.031
60 89 366595.486
60 90 4516547.185
60 91 626320.8788
60 92 841958.7725
60 93 5241623.034
60 94 1651629.419
60 95 596387.9431
60 96 6537611.504
60 97 1239313.599
60 98 8198691.391
60 99 7802804.145
61 62 4469401.609
61 63 8573163.619
61 64 3415940.531
61 65 7763541.678
61 66 2067594.255
61 67 951774.4931
61 68 914411.7963
61 69 4060570.629
61 70 5944307.594
61 71 6074031.949
61 72 6383890.285
61 73 1383379.135
61 74 7422649.666
61 75 2431533.14
61 76 8011553.426
61 77 7777661.495
61 78 7507113.431
61 79 4114088.605
61 80 11304916.24
61 81 7080479.06
61 82 6992914.196
61 83 2123529.945
61 84 8169815.764
61 85 3094136.723
61 86 9144738.792
61 87 7147885.143
61 88 7995686.542
61 89 2905245.397
61 90 6745561.775
61 91 2733996.009
61 92 2603647.994
61 93 2610652.217
61 94 3719236.248
61 95 2770007.867
61 96 8267308.362
61 97 4189012.242
61 98 8281595.465
61 99 7629892.914
62 63 7659168.642
62 64 5938816.581
62 65 8711672.94
62 66 4322418.217
62 67 3677477.93
62 68 3558738.763
62 69 1950621.1
62 70 2773518.825
62 71 9355426.451
62 72 6711133.89
62 73 5823410.931
62 74 6874545.685
62 75 4337704.274
62 76 7197773.426
62 77 5372226.459
62 78 8996838.435
62 79 7124085.051
62 80 10107793.42
62 81 7493564.442
62 82 5916223.374
62 83 4287159.44
62 84 9669729.731
62 85 5900841.07
62 86 7105687.584
62 87 4549575.499
62 88 7148708.232
62 89 5893044.423
62 90 6912474.61
62 91 5630997.064
62 92 6188824.478
62 93 2215838.252
62 94 7551926.277
62 95 6201561.964
62 96 7218157.57
62 97 7493416.512
62 98 4990603.044
62 99 4172518.257
63 64 6042925.73
63 65 3409069.454
63 66 6542722.995
63 67 8677188.973
63 68 8268230.999
63 69 5870666.769
63 70 5201192.147
63 71 7779809.506
63 72 2612506.4
63 73 9530532.822
63 74 1191851.778
63 75 6174809.146
63 76 562089.4598
63 77 3068478.984
63 78 4412768.313
63 79 6654262.122
63 80 2731942.861
63 81 2445196.063
63 82 1763637.573
63 83 6478818.885
63 84 4679662.649
63 85 6424043.125
63 86 2159062.288
63 87 3677690.324
63 88 579127.8435
63 89 6662761.854
63 90 2253936.76
63 91 6600045.074
63 92 7470537.587
63 93 8666548.12
63 94 8180151.449
63 95 7247495.236
63 96 459408.4472
63 97 7195191.017
63 98 4694418.9
63 99 5087473.497
64 65 4446997.33
64 66 1753452.649
64 67 4060040.049
64 68 3707394.259
64 69 4370486.404
64 70 5782078.464
64 71 3431146.572
64 72 3494307.577
64 73 3832240.746
64 74 4855230.504
64 75 1620469.901
64 76 5504966.654
64 77 6441323.735
64 78 4099075.885
64 79 1218428.988
64 80 8670429.902
64 81 4027340.505
64 82 4876085.167
64 83 1758517.294
64 84 4755859.727
64 85 399300.7654
64 86 7277261.226
64 87 6123658.869
64 88 5512443.665
64 89 647621.1053
64 90 3877253.409
64 91 703165.9964
64 92 1436995.144
64 93 5159961.043
64 94 2310924.189
64 95 1206538.167
64 96 5866946.349
64 97 1695735.366
64 98 7572980.63
64 99 7205577.296
65 66 5778271.592
65 67 8232978.212
65 68 7833542.967
65 69 6763402.535
65 70 7038733.975
65 71 4776969.139
65 72 2049762.035
65 73 8277104.1
65 74 2811535.01
65 75 5457499.67
65 76 3189263.071
65 77 5863279.298
65 78 1035874.735
65 79 4432763.366
65 80 5174386.54
65 81 1364731.909
65 82 3795716.811
65 83 5740886.2
65 84 1304431.649
65 85 4832314.212
65 86 5512318.115
65 87 6142032.524
65 88 3247074.42
65 89 5072479.53
65 90 1979075.375
65 91 5147047.959
65 92 5768798.682
65 93 8874939.644
65 94 5949350.39
65 95 5523247.289
65 96 3606034.539
65 97 4851672.291
65 98 7510146.077
65 99 7630616.446
66 67 2457618.132
66 68 2065629.582
66 69 3037366.936
66 70 4751202.477
66 71 5066802.036
66 72 4317446.394
66 73 3023208.166
66 74 5377926.456
66 75 368381.7876
66 76 5980679.178
66 77 6084871.411
66 78 5634067.542
66 79 2846610.337
66 80 9270512.315
66 81 5023087.814
66 82 5028067.764
66 83 71790.61002
66 84 6315900.342
66 85 1614351.706
66 86 7286257.808
66 87 5568425.101
66 88 5968553.23
66 89 1575678.804
66 90 4678065.708
66 91 1314311.367
66 92 1936291.128
66 93 3408713.856
66 94 3293889.019
66 95 1904733.476
66 96 6257896.849
66 97 3176441.315
66 98 6878858.457
66 99 6353937.949
67 68 413615.6928
67 69 3615654.41
67 70 5476496.79
67 71 6945269.322
67 72 6681066.819
67 73 2173608.417
67 74 7571036.943
67 75 2777279.334
67 76 8121815.628
67 77 7541537.947
67 78 8078975.646
67 79 4901534.926
67 80 11399522.41
67 81 7420897.259
67 82 7013220.814
67 83 2492517.42
67 84 8756453.847
67 85 3788575.358
67 86 9021914.906
67 87 6850192.28
67 88 8098481.6
67 89 3633487.469
67 90 7022307.479
67 91 3426053.761
67 92 3460058.169
67 93 1680590.038
67 94 4643184.123
67 95 3598832.318
67 96 8334911.549
67 97 5035615.912
67 98 7861847.139
67 99 7157898.866
68 69 3305439.444
68 70 5181672.908
68 71 6687399.917
68 72 6268697.428
68 73 2270220.084
68 74 7159265.1
68 75 2376064.844
68 76 7712239.901
68 77 7181468.79
68 78 7696667.711
68 79 4598813.976
68 80 10992064.57
68 81 7010202.891
68 82 6610339.324
68 83 2096979.743
68 84 8376507.281
68 85 3454421.63
68 86 8640474.661
68 87 6504304.817
68 88 7689374.241
68 89 3313573.404
68 90 6609235.386
68 91 3094603.452
68 92 3209916.551
68 93 1748020.204
68 94 4449445.632
68 95 3328899.299
68 96 7928531.128
68 97 4766455.807
68 98 7554090.431
68 99 6867860.521
69 70 1884167.491
69 71 7789470.181
69 72 4760828.226
69 73 5420033.856
69 74 4996747.625
69 75 2910600.23
69 76 5375675.227
69 77 4040435.173
69 78 7076320.914
69 79 5588531.879
69 80 8441373.943
69 81 5544372.532
69 82 4107457.79
69 83 2980194.168
69 84 7742892.968
69 85 4427966.759
69 86 5662504.637
69 87 3289522.566
69 88 5332024.049
69 89 4483528.879
69 90 4967246.389
69 91 4231244.161
69 92 4969484.335
69 93 2938046.56
69 94 6314609.616
69 95 4916077.594
69 96 5448858.725
69 97 6032130.127
69 98 4249179.863
69 99 3570938.367
70 71 9073048.393
70 72 5000963.974
70 73 7299675.916
70 74 4661744.553
70 75 4548523.642
70 76 4822350.417
70 77 2612407.654
70 78 7594719.443
70 79 6976092.759
70 80 7453776.956
70 81 5692403.462
70 82 3585811.101
70 83 4686222.47
70 84 8200845.691
70 85 5930242.773
70 86 4357484.038
70 87 1786899.086
70 88 4763887.539
70 89 6035937.067
70 90 5072354.467
70 91 5803693.822
70 92 6629616.06
70 93 4566921.371
70 94 7925174.81
70 95 6538156.433
70 96 4743071.574
70 97 7477712.324
70 98 2397376.145
70 99 1687242.519
71 72 5305235.573
71 73 5729429.739
71 74 6764593.211
71 75 5017913.347
71 76 7364708.992
71 77 9204860.019
71 78 3823583.175
71 79 2231358.727
71 80 9926890.072
71 81 5337511.299
71 82 7270496.417
71 83 5091889.912
71 84 4107829.284
71 85 3459506.831
71 86 9569346.734
71 87 9085150.703
71 88 7400473.328
71 89 3497842.535
71 90 5596222.486
71 91 3756076.368
71 92 3485217.295
71 93 8342483.307
71 94 2494530.774
71 95 3359314.057
71 96 7796343.498
71 97 1926927.434
71 98 10579698.56
71 99 10346140.39
72 73 7166669.755
72 74 1483377.756
72 75 3957841.582
72 76 2119878.626
72 77 4123418.934
72 78 2642847.377
72 79 4041758.807
72 80 5177492.46
72 81 792524.3127
72 82 2050971.012
72 83 4264163.618
72 84 3210469.847
72 85 3887315.354
72 86 4264663.499
72 87 4251949.146
72 88 2144294.993
72 89 4132686.654
72 90 383239.9829
72 91 4105202.819
72 92 4931300.379
72 93 7079199.301
72 94 5571109.157
72 95 4699096.059
72 96 2533198.257
72 97 4583620.025
72 98 5695620.053
72 99 5710527.559
73 74 8351031.635
73 75 3382621.405
73 76 8969931.576
73 77 9017118.48
73 78 7856780.592
73 79 4139696.679
73 80 12246140.33
73 81 7792004.237
73 82 8050564.706
73 83 3092158.945
73 84 8478331.949
73 85 3444803.29
73 86 10296658.51
73 87 8426721.946
73 88 8961746.376
73 89 3205958.752
73 90 7544156.329
73 91 3138332.047
73 92 2584669.989
73 93 3837572.947
73 94 3237242.189
73 95 2818823.758
73 96 9264207.645
73 97 4025796.711
73 98 9611984.283
73 99 8981086.506
74 75 5009552.763
74 76 651744.0866
74 77 3069094.242
74 78 3703973.827
74 79 5504300.74
74 80 3896041.562
74 81 1559155.995
74 82 1096874.844
74 83 5315500.809
74 84 4113996.557
74 85 5234463.711
74 86 2838216.728
74 87 3442372.85
74 88 666903.7054
74 89 5472398.002
74 90 1168402.089
74 91 5408228.075
74 92 6280490.554
74 93 7675213.625
74 94 7016044.301
74 95 6058604.364
74 96 1050399.889
74 97 6052560.288
74 98 4731220.022
74 99 4934386.517
75 76 5612790.224
75 77 5770941.785
75 78 5352194.748
75 79 2786567.225
75 80 8902298.954
75 81 4670911.247
75 82 4668135.754
75 83 308134.85
75 84 6037624.449
75 85 1565773.077
75 86 6940519.635
75 87 5278767.979
75 88 5600903.317
75 89 1584682.563
75 90 4316168.483
75 91 1327033.721
75 92 2083325.981
75 93 3609302.921
75 94 3408512.519
75 95 2009885.101
75 96 5891683.14
75 97 3169800.3
75 98 6617220.77
75 99 6119810.331
76 77 2896050.462
76 78 4149277.653
76 79 6152115.032
76 80 3293365.908
76 81 2072230.191
76 82 1281722.46
76 83 5916745.2
76 84 4487983.448
76 85 5882804.281
76 86 2330528.327
76 87 3409247.534
76 88 66569.89322
76 89 6119833.578
76 90 1782403.5
76 91 6051738.729
76 92 6928209.921
76 93 8139550.033
76 94 7666824.056
76 95 6707424.641
76 96 436853.2953
76 97 6698679.869
76 98 4559201.792
76 99 4868542.838
77 78 6688934.987
77 79 7455625.273
77 80 4922318.094
77 81 4540259.521
77 82 2092359.653
77 83 6013088.979
77 84 7156226.908
77 85 6724169.094
77 86 1748040.089
77 87 825514.5413
77 88 2829492.427
77 89 6907400.263
77 90 3990238.564
77 91 6738380.802
77 92 7656652.631
77 93 6964243.923
77 94 8751196.823
77 95 7493667.723
77 96 2634441.594
77 97 8014112.021
77 98 1668612.32
77 99 2029101.781
78 79 3820766.503
78 80 6190057.811
78 81 2157326.483
78 82 4597438.807
78 83 5608303.237
78 84 689355.5235
78 85 4452549.532
78 86 6479803.956
78 87 6883988.085
78 88 4203214.691
78 89 4675121.479
78 90 2703848.719
78 91 4797352.323
78 92 5286044.309
78 93 8904460.076
78 94 5257864.924
78 95 5045246.597
78 96 4576829.364
78 97 4162196.35
78 98 8304241.91
78 99 8351209.344
79 80 9145888.308
79 81 4388231.244
79 82 5724951.759
79 83 2868076.703
79 84 4395131.368
79 85 1232898.218
79 86 8122810.668
79 87 7208373.147
79 88 6171109.99
79 89 1302846.146
79 90 4405848.44
79 91 1550432.364
79 92 1571801.285
79 93 6184174.938
79 94 1556006.933
79 95 1362227.124
79 96 6550279.012
79 97 562993.4644
79 98 8680695.394
79 99 8356570.603
80 81 4760613.967
80 82 4410797.455
80 83 9207229.778
80 84 6178083.989
80 85 9061400.626
80 86 3246793.484
80 87 5715059.2
80 88 3310228.504
80 89 9305334.708
80 90 4795495.165
80 91 9263882.454
80 92 10107076.42
80 93 11311249.95
80 94 10698152.25
80 95 9876085.314
80 96 3067235.69
80 97 9659109.399
80 98 6198093.783
80 99 6840682.333
81 82 2454607.147
81 83 4973669.097
81 84 2625033.364
81 85 4426465.51
81 86 4380661.145
81 87 4784073.23
81 88 2117721.699
81 89 4674749.279
81 90 620158.7354
81 91 4680772.24
81 92 5451729.294
81 93 7863775.205
81 94 5942883.981
81 95 5211663.169
81 96 2509024.351
81 97 4898495.648
81 98 6171424.685
81 99 6269760.545
82 83 4959813.184
82 84 5077772.522
82 85 5219322.831
82 86 2405320.685
82 87 2365012.721
82 88 1232644.517
82 89 5437717.981
82 90 1898037.008
82 91 5323693.017
82 92 6236939.9
82 93 6915852.211
82 94 7151409.86
82 95 6037288.19
82 96 1354749.327
82 97 6287331.588
82 98 3717356.911
82 99 3859632.252
83 84 6291239.41
83 85 1635178.568
83 86 7215586.973
83 87 5497208.267
83 88 5904263.623
83 89 1606744.616
83 90 4623388.535
83 91 1344795.371
83 92 1990533.061
83 93 3410296.902
83 94 3344932.329
83 95 1952685.536
83 96 6192246.84
83 97 3207904.072
83 98 6809187.354
83 99 6286299.679
84 85 5099877.225
84 86 6803997.459
84 87 7405525.628
84 88 4546775.886
84 89 5316642.091
84 90 3215803.979
84 91 5449647.646
84 92 5898052.194
84 93 9593676.961
84 94 5773919.061
84 95 5660446.96
84 96 4899739.578
84 97 4691680.582
84 98 8795128.287
84 99 8886481.718
85 86 7614285.468
85 87 6371442.665
85 88 5888753.561
85 89 248326.7831
85 90 4270470.029
85 91 363370.5657
85 92 1047134.016
85 93 4978786.483
85 94 2043296.348
85 95 825593.4993
85 96 6238969.908
85 97 1608931.552
85 98 7802103.957
85 99 7401451.406
86 87 2572097.804
86 88 2277047.235
86 89 7827990.673
86 90 3993755.495
86 91 7702723.962
86 92 8621300.918
86 93 8600504.902
86 94 9556720.726
86 95 8427601.457
86 96 1906463.255
86 97 8684256.175
86 98 2968096.229
86 99 3594243.654
87 88 3344385.615
87 89 6534814.268
87 90 4191219.767
87 91 6344764.381
87 92 7248883.717
87 93 6188846.254
87 94 8414040.005
87 95 7104684.786
87 96 3223591.13
87 97 7756535.365
87 98 1495908.839
87 99 1494620.522
88 89 6124950.061
88 90 1812612.238
88 91 6054096.513
88 92 6933478.244
88 93 8103875.66
88 94 7682424.007
88 95 6713750.716
88 96 395989.4361
88 97 6718983.698
88 98 4492643.418
88 99 4802686
89 90 4515898.862
89 91 262048.385
89 92 808600.1076
89 93 4881330.161
89 94 1898385.457
89 95 599707.4736
89 96 6472736.712
89 97 1601185.403
89 98 7953179.731
89 99 7533297.317
90 91 4487992.464
90 92 5314246.592
90 93 7370822.816
90 94 5941200.142
90 95 5081754.375
90 96 2206682.36
90 97 4943195.399
90 98 5600537.166
90 99 5670686.79
91 92 922623.025
91 93 4637678.567
91 94 2121925.795
91 95 759931.1961
91 96 6394007.052
91 97 1863109.614
91 98 7751092.558
91 99 7316526.75
92 93 4901154.502
92 94 1366351.931
92 95 245654.6499
92 96 7281246.167
92 97 1585372.362
92 98 8639845.468
92 99 8180039.876
93 94 6180411.666
93 95 4993206.869
93 96 8270601.523
93 97 6415652.643
93 98 6943326.552
93 99 6166248.819
94 95 1398890.846
94 96 8054845.145
94 97 1100017.563
94 98 9844575.066
94 99 9431676.818
95 96 7064526.252
95 97 1438249.675
95 98 8509466.887
95 99 8067524.967
96 97 7100239.427
96 98 4276457.207
96 99 4644649.606
97 98 9224197.263
97 99 8885286.477
98 99 831311.3131
