4950
0 1 2701294.004
0 2 4961478.525
0 3 1882804.11
0 4 7986590.299
0 5 5925893.856
0 6 6249603.576
0 7 1334170.532
0 8 4479277.355
0 9 1665431.446
0 10 1433222.951
0 11 2934390.799
0 12 3695601.089
0 13 5156962.009
0 14 2548541.453
0 15 2596935.834
0 16 2297012.44
0 17 4567542.258
0 18 6628867.763
0 19 4491181.397
0 20 3264723.093
0 21 812132.8737
0 22 4490403.624
0 23 1088142.355
0 24 3417466.82
0 25 5638357.892
0 26 6863312.332
0 27 9070198.173
0 28 3869403.636
0 29 1773976.451
0 30 6413179.134
0 31 2358282.386
0 32 1804251.792
0 33 4160991.706
0 34 2480606.926
0 35 6119765.249
0 36 4849935.415
0 37 4678883.984
0 38 6058298.967
0 39 2109960.086
0 40 2225686.154
0 41 7968803.063
0 42 3327240.019
0 43 7293510.226
0 44 3312463.238
0 45 3735648.367
0 46 1428852.805
0 47 7115629.538
0 48 2435391.353
0 49 3911312.387
0 50 8956772.469
0 51 5567095.17
0 52 6751518.893
0 53 7174908.986
0 54 4091986.779
0 55 3368145.861
0 56 5179152.964
0 57 2787747.772
0 58 6733772.3
0 59 4912888.154
0 60 710845.5445
0 61 1630963.745
0 62 6350908.185
0 63 4676225.951
0 64 1365757.493
0 65 3848965.425
0 66 1462056.514
0 67 4556877.691
0 68 5375193.726
0 69 7160878.265
0 70 5488966.247
0 71 8055327.26
0 72 5043420.392
0 73 2294499.03
0 74 2271504.612
0 75 3263141.105
0 76 1999779.961
0 77 2627795.82
0 78 3245884.211
0 79 7402056.094
0 80 9187776.915
0 81 841825.5575
0 82 1395432.32
0 83 4923874.598
0 84 3675908.673
0 85 844970.5906
0 86 3993820.084
0 87 6903734.768
0 88 870712.1723
0 89 4509719.928
0 90 6049954.836
0 91 8015749.213
0 92 2705649.428
0 93 2864132.63
0 94 2035415.591
0 95 6401697.462
0 96 4848288.385
0 97 7152165.813
0 98 6052902.102
0 99 7268595.027
1 2 6366898.157
1 3 3987706.777
1 4 8477243.867
1 5 8609760.817
1 6 8851480.323
1 7 3176279.94
1 8 3681971.293
1 9 2273701.126
1 10 3226826.843
1 11 5600859.197
1 12 4756845.771
1 13 6145196.703
1 14 2993436.392
1 15 4119119.81
1 16 1034578.21
1 17 4463006.262
1 18 6760719.602
1 19 3956504.344
1 20 3626067.651
1 21 3201181.182
1 22 4575291.623
1 23 3352421.447
1 24 3918177.411
1 25 7694313.198
1 26 8144722.355
1 27 10034635.98
1 28 6560052.102
1 29 1055246.357
1 30 6099609.409
1 31 4913298.701
1 32 1548323.496
1 33 6317590.796
1 34 1912850.736
1 35 6759364.73
1 36 3677772.117
1 37 7378775.542
1 38 8365105.621
1 39 2339786.233
1 40 4805654.18
1 41 8819141.48
1 42 5771906.37
1 43 5597388.993
1 44 3790616.077
1 45 5289393.437
1 46 3954176.533
1 47 7725692.863
1 48 3712299.297
1 49 4052962.999
1 50 10023171.89
1 51 3893705.724
1 52 7370063.642
1 53 9849947.412
1 54 3599310.949
1 55 6064060.619
1 56 3436095.479
1 57 5408822.236
1 58 9345342.422
1 59 5953724.542
1 60 3388423.029
1 61 3599080.649
1 62 8052188.267
1 63 6849678.99
1 64 2046843.363
1 65 6512722.613
1 66 3383905.239
1 67 2270106.607
1 68 6539968.551
1 69 9050513.613
1 70 6987580.211
1 71 9415997.474
1 72 4229366.264
1 73 2817291.256
1 74 1584534.286
1 75 4053823.289
1 76 919321.2487
1 77 5205987.216
1 78 867900.1371
1 79 8758084.99
1 80 10206344.89
1 81 2318016.36
1 82 1342546.134
1 83 6437349.891
1 84 1659454.287
1 85 3448092.969
1 86 4876175.321
1 87 5104314.338
1 88 1972712.963
1 89 7060969.664
1 90 8740849.16
1 91 9508076.597
1 92 5288149.107
1 93 3721993.095
1 94 1601928.6
1 95 8643722.798
1 96 7341873.912
1 97 8838751.631
1 98 8703966.005
1 99 5650189.4
2 3 3134543.985
2 4 3593869.929
2 5 5777722.96
2 6 5099634.171
2 7 3658894.676
2 8 4274507.832
2 9 4142907.349
2 10 3564365.957
2 11 4242891.439
2 12 1638816.967
2 13 970111.94
2 14 7509212.899
2 15 2401800.011
2 16 6692426.919
2 17 3146239.665
2 18 3208407.132
2 19 3861508.523
2 20 8223587.204
2 21 5516290.905
2 22 2829176.902
2 23 5761905.456
2 24 8361852.052
2 25 2176690.295
2 26 1901833.955
2 27 4161435.597
2 28 4808390.36
2 29 6089821.415
2 30 3920327.93
2 31 3635366.97
2 32 4837847.319
2 33 2060966.546
2 34 7243557.999
2 35 2009480.127
2 36 4911564.348
2 37 5775923.05
2 38 3367134.258
2 39 4028055.375
2 40 5674407.127
2 41 3180370.74
2 42 3080476.706
2 43 6997066.692
2 44 2742307.144
2 45 1226951.075
2 46 3895034.356
2 47 2725104.31
2 48 2712835.329
2 49 8871718.215
2 50 4013184.858
2 51 5986633.428
2 52 2442557.079
2 53 6520147.741
2 54 3827520.194
2 55 4750608.006
2 56 5938569.256
2 57 5726946.117
2 58 5515973.782
2 59 868070.5098
2 60 4586096.93
2 61 3330972.34
2 62 1777282.958
2 63 2175993.006
2 64 6236995.077
2 65 4430077.221
2 66 6232487.992
2 67 6575748.679
2 68 657286.7046
2 69 2905786.39
2 70 632926.9698
2 71 3117547.704
2 72 4369350.184
2 73 3551418.439
2 74 6939394.623
2 75 2369008.612
2 76 6289274.603
2 77 3686370.575
2 78 6191174.305
2 79 2456866.036
2 80 4255627.412
2 81 5773234.152
2 82 5749709.65
2 83 267960.965
2 84 5866524.129
2 85 5217823.872
2 86 1655888.997
2 87 6954467.764
2 88 5625148.042
2 89 3801553.461
2 90 6001835.622
2 91 3150940.948
2 92 5866464.139
2 93 7781352.116
2 94 6730338.264
2 95 3345642.162
2 96 3605266.88
2 97 2511688.638
2 98 5419051.307
2 99 6826396.899
3 4 6401125.886
3 5 5001979.933
3 6 4998679.058
3 7 811798.8779
3 8 4046790.489
3 9 1858834.212
3 10 770339.6699
3 11 2162901.183
3 12 2142999.053
3 13 3480521.518
3 14 4417126.411
3 15 988793.9156
3 16 3952869
3 17 3633258.47
3 18 5292460.929
3 19 3872564.712
3 20 5111858.747
3 21 2381762.623
3 22 3441514.507
3 23 2629096.091
3 24 5237089.11
3 25 3811819.892
3 26 5028420.776
3 27 7286963.933
3 28 3139828.027
3 29 3354285.699
3 30 5361278.389
3 31 1270991.208
3 32 2529634.677
3 33 2365522.568
3 34 4315792.542
3 35 4548315.076
3 36 4599962.197
3 37 4159128.37
3 38 4381882.491
3 39 2101834.072
3 40 2807326.695
3 41 6240192.401
3 42 1842714.955
3 43 7129330.119
3 44 2304159.439
3 45 1913778.462
3 46 838673.2765
3 47 5508876.2
3 48 1155734.093
3 49 5762165.115
3 50 7147612.242
3 51 5561543.799
3 52 5156697.69
3 53 6160009.511
3 54 3545151.856
3 55 2769830.206
3 56 5281759.266
3 57 3074940.731
3 58 5499322.348
3 59 3228875.495
3 60 1452165.759
3 61 394714.9215
3 62 4468133.429
3 63 2896342.928
3 64 3229619.067
3 65 2933519.332
3 66 3098609.553
3 67 5177011.256
3 68 3612983.177
3 69 5298570.939
3 70 3628820.049
3 71 6193981.13
3 72 4506991.416
3 73 1859782.67
3 74 4061993.934
3 75 2024040.797
3 76 3581035.929
3 77 1547032.218
3 78 4195030.868
3 79 5546219.52
3 80 7388379.747
3 81 2721914.086
3 82 2966780.179
3 83 3070493.569
3 84 4279802.707
3 85 2090491.311
3 86 2503869.452
3 87 6853809.47
3 88 2659033.415
3 89 3184081.648
3 90 5176431.693
3 91 6138999.328
3 92 3137209.051
3 93 4649978.224
3 94 3832943.263
3 95 4677263.181
3 96 3402303.003
3 97 5269596.136
3 98 4959881.655
3 99 7045229.595
4 5 9179898.216
4 6 8321072.287
4 7 6664456.7
4 8 5082475.115
4 9 6672002.636
4 10 6565789.962
4 11 7824361.253
4 12 4305846.577
4 13 2934685.11
4 14 10423668.29
4 15 5459906.849
4 16 9134753.745
4 17 4041158.486
4 18 1851280.666
4 19 4683774.608
4 20 11174390.99
4 21 8682409.932
4 22 3902442.084
4 23 8953752.518
4 24 11365555.28
4 25 5184158.396
4 26 2544346.536
4 27 2094568.872
4 28 8397153.699
4 29 8596893.566
4 30 2934714.102
4 31 7158467.16
4 32 7189771.301
4 33 5621058.319
4 34 9874875.897
4 35 1868226.072
4 36 5480990.184
4 37 9346078.433
4 38 6342678.949
4 39 6359231.207
4 40 9138937.766
4 41 1153570.75
4 42 6673782.163
4 43 6340669.487
4 44 4830818.126
4 45 4596795.585
4 46 7231190.313
4 47 895504.697
4 48 5552203.113
4 49 11796565.5
4 50 2341791.668
4 51 6259325.82
4 52 1244960.212
4 53 9723641.628
4 54 4958146.425
4 55 8343125.964
4 56 6472806.325
4 57 9259895.89
4 58 8655745.248
4 59 3185569.202
4 60 7799908.392
4 61 6464530.678
4 62 3930292.968
4 63 5618796.429
4 64 9057123.562
4 65 8015186.521
4 66 9401686.739
4 67 7689327.53
4 68 2952108.709
4 69 4754041.319
4 70 3518424.104
4 71 2952895.454
4 72 4740776.108
4 73 5941290.166
4 74 9525156.18
4 75 4753139.168
4 76 8743089.904
4 77 7244076.771
4 78 7967573.957
4 79 2785345.232
4 80 2344391.823
4 81 8694744.655
4 82 8348498.953
4 83 3809130.121
4 84 7336000.365
4 85 8450432.434
4 86 3992935.865
4 87 6581106.707
4 88 8440302.991
4 89 7308080.361
4 90 9405759.207
4 91 3432568.766
4 92 9381476.444
4 93 10842462.28
4 94 9359603.886
4 95 6117806.433
4 96 7039451.228
4 97 3946520.168
4 98 8745488.069
4 99 6112074.979
5 6 1188101.157
5 7 5705957.13
5 8 8900511.353
5 9 6802796.57
5 10 5706529.806
5 11 3012687.993
5 12 6258828.699
5 13 6709980.657
5 14 7481713.793
5 15 5602469.997
5 16 8172275.033
5 17 8180104.453
5 18 8970553.338
5 19 8637470.827
5 20 7829993.206
5 21 5649686.321
5 22 7903159.916
5 23 5644818.528
5 24 7752312.685
5 25 4041958.702
5 26 6764678.144
5 27 8882210.462
5 28 2059038.407
5 29 7693907.845
5 30 9528970.165
5 31 3792820.365
5 32 7381914.401
5 33 3773732.399
5 34 8080293.149
5 35 7785600.458
5 36 9503479.62
5 37 1557864.435
5 38 3066165.91
5 39 7095762.448
5 40 4250065.512
5 41 8409298.312
5 42 3272671.628
5 43 11989105.22
5 44 7023458.051
5 45 5361966.335
5 46 4704787.969
5 47 8391454.978
5 48 5992021.244
5 49 8359404.629
5 50 8557665.151
5 51 10516943.35
5 52 8163790.298
5 53 1260962.49
5 54 8379642.554
5 55 2568424.66
5 56 10264966.92
5 57 3684259.331
5 58 1335046.467
5 59 6531845.769
5 60 5224567.556
5 61 5364744.486
5 62 5399806.924
5 63 3607314.607
5 64 7030095.432
5 65 2112193.172
5 66 5929754.816
5 67 10147035.9
5 68 6420795.078
5 69 5140985.203
5 70 5680019.571
5 71 7219706.375
5 72 9271663.991
5 73 6854390.108
5 74 8002825.528
5 75 6616893.852
5 76 7915048.545
5 77 3494386.572
5 78 9031951.308
5 79 6854406.547
5 80 8834856.374
5 81 6531270.791
5 82 7321011.057
5 83 5518008.738
5 84 9240467.776
5 85 5303188.365
5 86 6591600.1
5 87 11769627.58
5 88 6751199.977
5 89 2041119.664
5 90 225953.5706
5 91 6834265.349
5 92 3901140.427
5 93 7177145.984
5 94 7777540.11
5 95 3458958.081
5 96 2172584.564
5 97 5791948.659
5 98 582831.783
5 99 11876450.64
6 7 5774426.932
6 8 8642382.773
6 9 6855473.513
6 10 5754580.961
6 11 3344158.985
6 12 5860027.109
6 13 6063619.35
6 14 8104028.228
6 15 5407730.402
6 16 8543647.263
6 17 7796962.605
6 18 8304835.715
6 19 8334305.071
6 20 8532235.868
6 21 6120513.688
6 22 7500623.14
6 23 6167159.549
6 24 8489060.058
6 25 3137128.543
6 26 5835028.616
6 27 7851900.552
6 28 2592861.809
6 29 8017393.148
6 30 8975149.724
6 31 3938220.25
6 32 7499587.078
6 33 3263856.042
6 34 8569760.264
6 35 7072252.609
6 36 9270306.619
6 37 2516770.171
6 38 2023569.136
6 39 7087268.334
6 40 4907153.991
6 41 7473731.227
6 42 3158798.285
6 43 11687332.81
6 44 6757988.4
6 45 4919544.337
6 46 4898333.08
6 47 7579558.591
6 48 5835980.582
6 49 9100541.915
6 50 7512587.733
6 51 10321902.99
6 52 7385523.658
6 53 1422715.267
6 54 8122041.429
6 55 3084540.936
6 56 10115321.65
6 57 4411962.063
6 58 500696.0993
6 59 5916134.589
6 60 5539231.868
6 61 5387332.913
6 62 4441391.808
6 63 2952350.881
6 64 7473560.428
6 65 2457927.147
6 66 6513109.422
6 67 10167629.44
6 68 5710825.331
6 69 4045461.029
6 70 4894545.492
6 71 6168507.136
6 72 8952630.639
6 73 6779287.878
6 74 8446052.907
6 75 6327364.669
6 76 8245790.668
6 77 3646951.209
6 78 9170462.849
6 79 5855603.945
6 80 7787440.839
6 81 6948300.624
6 82 7629620.856
6 83 4832234.07
6 84 9275734.688
6 85 5748817.949
6 86 6156468.707
6 87 11517844.82
6 88 7110681.282
6 89 1814710.336
6 90 1362698.121
6 91 5758187.86
6 92 4639382.416
6 93 7889547.864
6 94 8213108.043
6 95 2366469.4
6 96 1671361.268
6 97 4743190.782
6 98 605312.8242
6 99 11555313.6
7 8 3616781.808
7 9 1097034.788
7 10 99159.72861
7 11 2758059.737
7 12 2364811.15
7 13 3822793.233
7 14 3861987.321
7 15 1269327.974
7 16 3182924.301
7 17 3440855.685
7 18 5366803.771
7 19 3522178.692
7 20 4590242.393
7 21 2027464.986
7 22 3312166.384
7 23 2304723.91
7 24 4750093.337
7 25 4581466.502
7 26 5557896.533
7 27 7742114.925
7 28 3759324.128
7 29 2577772.766
7 30 5258965.654
7 31 1914284.449
7 32 1729028.153
7 33 3159036.006
7 34 3617593.45
7 35 4796345.08
7 36 4107846.153
7 37 4735091.098
7 38 5190748.665
7 39 1418782.71
7 40 2919427.586
7 41 6635019.599
7 42 2632769.508
7 43 6636115.422
7 44 2117067.054
7 45 2442057.597
7 46 1096111.901
7 47 5788875.077
7 48 1115513.073
7 49 5233479.094
7 50 7635807.461
7 51 4997377.686
7 52 5425882.732
7 53 6893447.547
7 54 3152748.789
7 55 3333830.395
7 56 4679195.176
7 57 3322762.304
7 58 6274300.326
7 59 3578827.583
7 60 1221359.375
7 61 424531.0708
7 62 5138569.066
7 63 3691474.841
7 64 2579878.052
7 65 3604399.854
7 66 2740899.723
7 67 4441238.256
7 68 4047851.921
7 69 6029204.404
7 70 4210870.116
7 71 6769680.155
7 72 4131865.012
7 73 1319502.611
7 74 3338367.234
7 75 1985868.506
7 76 2800570.859
7 77 2211814.343
7 78 3399348.523
7 79 6111834.48
7 80 7863527.119
7 81 2117734.113
7 82 2198434.066
7 83 3641958.157
7 84 3535513.591
7 85 1844604.377
7 86 2673146.314
7 87 6318078.698
7 88 1974194.376
7 89 3961395.723
7 90 5868954.181
7 91 6757260.697
7 92 3330175.329
7 93 4197771.205
7 94 3116738.269
7 95 5479366.1
7 96 4200740.975
7 97 5941929.563
7 98 5703760.902
7 99 6573163.017
8 9 2815119.162
8 10 3560278.379
8 11 6207406.004
8 12 2864763.898
8 13 3569794.415
8 14 6288818.661
8 15 3299588.765
8 16 4560972.04
8 17 1205171.428
8 18 3253141.244
8 19 441768.5391
8 20 7020570.101
8 21 5290268.242
8 22 1493666.865
8 23 5561250.156
8 24 7278203.457
8 25 6302681.529
8 26 5535662.615
8 27 6918275.888
8 28 7168693.251
8 29 4167564.488
8 30 2435894.63
8 31 5313577.068
8 32 2886733.216
8 33 5424046.227
8 34 5423907.48
8 35 3659673.715
8 36 646742.7884
8 37 8199940.424
8 38 7362959.514
8 39 2370480.732
8 40 6507815.873
8 41 5683868.031
8 42 5627914.369
8 43 3095755.618
8 44 1886614.121
8 45 3803201.446
8 46 4688271.147
8 47 4478294.61
8 48 2934973.364
8 49 7553387.092
8 50 7001892.091
8 51 1730130.695
8 52 4167370.763
8 53 9955743.784
8 54 521833.4123
8 55 6816238.065
8 56 1669789.004
8 57 6938390.125
8 58 9127946.831
8 59 3501782.967
8 60 4748611.037
8 61 3777889.631
8 62 6020248.966
8 63 5851888.742
8 64 4964886.567
8 65 6925993.822
8 66 5874542.757
8 67 2623245.075
8 68 4081619.503
8 69 7168711.329
8 70 4867389.294
8 71 6758378.938
8 72 582849.5277
8 73 2300008.535
8 74 5060339.281
8 75 2315175.827
8 76 4231854.916
8 77 5576482.417
8 78 3004934.305
8 79 6163031.227
8 80 7128870.183
8 81 4830508.455
8 82 4076186.901
8 83 4476765.628
8 84 2287887.783
8 85 5265522.065
8 86 2671544.345
8 87 2877566.359
8 88 4457108.246
8 89 6915044.578
8 90 9095044.796
8 91 7003737.468
8 92 6937375.269
8 93 6903931.581
8 94 4965772.917
8 95 7461650.847
8 96 6971536.421
8 97 6673120.75
8 98 8749757.536
8 99 3000835.632
9 10 1103827.234
9 11 3842754.611
9 12 2589608.813
9 13 4050025.661
9 14 3783204.738
9 15 1845440.557
9 16 2568046.064
9 17 2973591.56
9 18 5153948.809
9 19 2831771.63
9 20 4537860.959
9 21 2477370.514
9 22 2943552.819
9 23 2751039.883
9 24 4753561.823
9 25 5430599.453
9 26 5977863.747
9 27 8006544.285
9 28 4844725.324
9 29 1979843.407
9 30 4815120.755
9 31 3010487.644
9 32 727685.2281
9 33 4087863.951
9 34 3220283.239
9 35 4842838.829
9 36 3210926.663
9 37 5803131.29
9 38 6156532.615
9 39 444713.5803
9 40 3749086.027
9 41 6830331.376
9 42 3701495.296
9 43 5698603.603
9 44 1845441.678
9 45 3024680.663
9 46 2149671.85
9 47 5842946.243
9 48 1446908.821
9 49 5142983.214
9 50 7952102.042
9 51 4007238.288
9 52 5476732.315
9 53 7989435.612
9 54 2430163.726
9 55 4405766.771
9 56 3657164.892
9 57 4233662.12
9 58 7355958.164
9 59 3833028.563
9 60 1986221.436
9 61 1468172.533
9 62 5791162.017
9 63 4616245.083
9 64 2405737.335
9 65 4699530.767
9 66 3088227.925
9 67 3344266.536
9 68 4387741.395
9 69 6777510.253
9 70 4751472.173
9 71 7236576.386
9 72 3377988.985
9 73 733941.9225
9 74 2882761.846
9 75 1957675.025
9 76 2163211.033
9 77 3308468.384
9 78 2349057.042
9 79 6574685.482
9 80 8156510.248
9 81 2125062.983
9 82 1686883.309
9 83 4192301.717
9 84 2438553.744
9 85 2456629.512
9 86 2783731.754
9 87 5342318.899
9 88 1807107.26
9 89 5040807.13
9 90 6964939.884
9 91 7293832.818
9 92 4202178.188
9 93 4287072.681
9 94 2700857.187
9 95 6411084.758
9 96 5258580.033
9 97 6583181.636
9 98 6797733.403
9 99 5657478.031
10 11 2774990.663
10 12 2265737.625
10 13 3723742.788
10 14 3959384.184
10 15 1172108.496
10 16 3257972.568
10 17 3360269.668
10 18 5272777.736
10 19 3456198.71
10 20 4688394.084
10 21 2124553.472
10 22 3226871.911
10 23 2401306.951
10 24 4848868.355
10 25 4512152.485
10 26 5462658.837
10 27 7644108.415
10 28 3774643.386
10 29 2651557.693
10 30 5174047.304
10 31 1919356.132
10 32 1759593.129
10 33 3098341.983
10 34 3705239.652
10 35 4697645.319
10 36 4060505.025
10 37 4758870.596
10 38 5138280.3
10 39 1400178.591
10 40 2991705.258
10 41 6536140.022
10 42 2605741.486
10 43 6591094.245
10 44 2032473.014
10 45 2349344.623
10 46 1136216.843
10 47 5689953.817
10 48 1017898.9
10 49 5331330.225
10 50 7538666.285
10 51 4962222.032
10 52 5327030.654
10 53 6887167.547
10 54 3090708.557
10 55 3357187.995
10 56 4650554.759
10 57 3384011.151
10 58 6254853.002
10 59 3479871.893
10 60 1308852.3
10 61 375898.3209
10 62 5053274.817
10 63 3630961.905
10 64 2673203.431
10 65 3610098.335
10 66 2838829.366
10 67 4443754.028
10 68 3950071.162
10 69 5951334.373
10 70 4119009.557
10 71 6676411.72
10 72 4069606.697
10 73 1269062.422
10 74 3422767.094
10 75 1892332.837
10 76 2872788.482
10 77 2214898.146
10 78 3426709.924
10 79 6018178.59
10 80 7765992.878
10 81 2214364.239
10 82 2275211.405
10 83 3549911.645
10 84 3540195.245
10 85 1936885.48
10 86 2574802.9
10 87 6279231.586
10 88 2065361.73
10 89 3940337.733
10 90 5872183.296
10 91 6666761.778
10 92 3396578.411
10 93 4296900.906
10 94 3202449.317
10 95 5421503.213
10 96 4170204.043
10 97 5856473.639
10 98 5694210.226
10 99 6525154.533
11 12 3965247.587
11 13 4948166
11 14 4828780.259
11 15 2993866.573
11 16 5214500.116
11 17 5711829.486
11 18 7065819.896
11 19 6017814.716
11 20 5332224.441
11 21 2782177.819
11 22 5485024.959
11 23 2849271.783
11 24 5335895.326
11 25 3688321.657
11 26 5886469.881
11 27 8224466.665
11 28 1001985.528
11 29 4708332.567
11 30 7332430.421
11 31 893938.9719
11 32 4384655.862
11 33 2400609.992
11 34 5228073.95
11 35 6094123.174
11 36 6762547.239
11 37 1997075.413
11 38 3607893.537
11 39 4174594.255
11 40 1822688.683
11 41 7384358.463
11 42 1204024.102
11 43 9292219.661
11 44 4418854.146
11 45 3297840.71
11 46 1705797.803
11 47 6940435.59
11 48 3286731.265
11 49 5940761.404
11 50 7996074.457
11 51 7713332.155
11 52 6627804.443
11 53 4249147.01
11 54 5702004.105
11 55 613074.4482
11 56 7417934.391
11 57 1601397.651
11 58 3817201.164
11 59 4711859.609
11 60 2225724.588
11 61 2471541.039
11 62 4857378.833
11 63 2712284.503
11 64 4129406.295
11 65 914732.2452
11 66 3231724.439
11 67 7175271.237
11 68 4872981.17
11 69 5269043.253
11 70 4482665.406
11 71 6810387.257
11 72 6655429.039
11 73 4002029.138
11 74 5102184.03
11 75 4080086.165
11 76 4933495.712
11 77 653268.3629
11 78 6023957.256
11 79 6243914.023
11 80 8264521.87
11 81 3605267.722
11 82 4328009.706
11 83 4055345.853
11 84 6266467.387
11 85 2406891.805
11 86 4338918.965
11 87 9013410.38
11 88 3782211.606
11 89 1734339.369
11 90 3154342.202
11 91 6598162.322
11 92 1794468.822
11 93 4716929.767
11 94 4869591.922
11 95 4029330.376
11 96 2163459.934
11 97 5562704.739
11 98 3118766.122
11 99 9207146.302
12 13 1481330.948
12 14 6187359.57
12 15 1166067.909
12 16 5157625.409
12 17 1937845.203
12 18 3161715.508
12 19 2507915.519
12 20 6928354.323
12 21 4376725.497
12 22 1648158.233
12 23 4647932.198
12 24 7101601.202
12 25 3457715.107
12 26 3396246.052
12 27 5439830.29
12 28 4791549.844
12 29 4567282.208
12 30 3373996.381
12 31 3139291.155
12 32 3250890.149
12 33 2601001.865
12 34 5779984.068
12 35 2438460.064
12 36 3510751.754
12 37 5835073.192
12 38 4498195.8
12 39 2419560.572
12 40 4944913.345
12 41 4294595.544
12 42 3066263.209
12 43 5836846.237
12 44 1125465.025
12 45 948869.8294
12 46 2981547.693
12 47 3425625.478
12 48 1266448.332
12 49 7564112.724
12 50 5369594.151
12 51 4592378.437
12 52 3063978.558
12 53 7220980.836
12 54 2366010.766
12 55 4563329.474
12 56 4474798.011
12 57 5166824.585
12 58 6332799.269
12 59 1251175.67
12 60 3498520.654
12 61 2162746.834
12 62 3398546.297
12 63 2997702.008
12 64 4850197.135
12 65 4474855.821
12 66 5096622.786
12 67 4975762.152
12 68 1798991.74
12 69 4493855.907
12 70 2271288.87
12 71 4663020.785
12 72 3106004.141
12 73 1942412.786
12 74 5455074.224
12 75 730521.038
12 76 4752800.883
12 77 3316971.176
12 78 4553134.107
12 79 4003327.023
12 80 5580354.394
12 81 4441167.628
12 82 4254708.915
12 83 1762311.278
12 84 4238546.304
12 85 4148413.764
12 86 375390.908
12 87 5700591.195
12 88 4228203.918
12 89 4222650.982
12 90 6468263.829
12 91 4753903.368
12 92 5251079.732
12 93 6559316.401
12 94 5260386.289
12 95 4604958.716
12 96 4204946.691
12 97 4149334.958
12 98 6032553.419
12 99 5698633.18
13 14 7664621.673
13 15 2573048.775
13 16 6612611.017
13 17 2381099.83
13 18 2260580.426
13 19 3135559.066
13 20 8403042.773
13 21 5806921.244
13 22 2077751.403
13 23 6071410.784
13 24 8570956.601
13 25 3130441.808
13 26 2040181.591
13 27 3960961.159
13 28 5611974.21
13 29 6029730.943
13 30 2954185.049
13 31 4239170.042
13 32 4681714.827
13 33 2951729.896
13 34 7255704.936
13 35 1146876.811
13 36 4181917.448
13 37 6611978.786
13 38 4330852.939
13 39 3836457.803
13 40 6204428.514
13 41 2815831.379
13 42 3849884.598
13 43 6117752.882
13 44 2362655.073
13 45 1670486.331
13 46 4303848.359
13 47 2039211.355
13 48 2743350.502
13 49 9040942.11
13 50 3903102.114
13 51 5232018.333
13 52 1700155.625
13 53 7482414.442
13 54 3181263.494
13 55 5496976.26
13 56 5236536.516
13 57 6337296.99
13 58 6484052.722
13 59 251871.2606
13 60 4903201.888
13 61 3576819.618
13 62 2498431.575
13 63 3125833.74
13 64 6331255.044
13 65 5247347.898
13 66 6529580.666
13 67 6032686.095
13 68 517662.1209
13 69 3653154.04
13 70 1394037.217
13 71 3310487.044
13 72 3574059.279
13 73 3367836.401
13 74 6927032.88
13 75 2106420.003
13 76 6208464.265
13 77 4343913.774
13 78 5843375.019
13 79 2670994.515
13 80 4106721.562
13 81 5917173.019
13 82 5726849.324
13 83 1237699.186
13 84 5409448.631
13 85 5552593.472
13 86 1274547.09
13 87 6112265.853
13 88 5709315.76
13 89 4706648.676
13 90 6932658.933
13 91 3484140.053
13 92 6453086.626
13 93 8020104.549
13 94 6735725.447
13 95 4289550.051
13 96 4541685.77
13 97 3107072.117
13 98 6369209.071
13 99 5937549.258
14 15 5131314.878
14 16 1961902.834
14 17 6721490.384
14 18 8936749.442
14 19 6440394.931
14 20 754658.2999
14 21 2146431.376
14 22 6718637.824
14 23 2001314.503
14 24 990054.0027
14 25 8071894.969
14 26 9410970.334
14 27 11602086.54
14 28 5520315.116
14 29 2148992.844
14 30 8536374.237
14 31 4584919.452
14 32 3430457.866
14 33 6589707.864
14 34 1150114.713
14 35 8570627.27
14 36 6456262.358
14 37 5987070.305
14 38 8330114.194
14 39 4156666.587
14 40 3232290.182
14 41 10480414.32
14 42 5597804.045
14 43 8570202.278
14 44 5621953.202
14 45 6283922.555
14 46 3816582.72
14 47 9572681.592
14 48 4921695.596
14 49 1376880.777
14 50 11497677.27
14 51 6842304.1
14 52 9206188.296
14 53 8730120.116
14 54 6038782.523
14 55 5020193.153
14 56 6391137.461
14 57 3807347.723
14 58 8543588.81
14 59 7425610.247
14 60 3031712.411
14 61 4179438.806
14 62 8874175.215
14 63 7079454.992
14 64 1377730.547
14 65 5656615.786
14 66 1597793.301
14 67 5257483.881
14 68 7909154.684
14 69 9631159.3
14 70 8036375.084
14 71 10603012.84
14 72 6870367.184
14 73 4515502.38
14 74 1418118.934
14 75 5671004.207
14 76 2148094.395
14 77 4786249.202
14 78 3858649.675
14 79 9950365.475
14 80 11725355.92
14 81 1748059.528
14 82 2216490.97
14 83 7471982.594
14 84 4619132.447
14 85 2523046.738
14 86 6455822.474
14 87 8087846.141
14 88 1985090.308
14 89 6558481.54
14 90 7543192.238
14 91 10556122.57
14 92 3601133.943
14 93 748516.0181
14 94 1400907.508
14 95 8713822.637
14 96 6968301.014
14 97 9671751.907
14 98 7766202.515
14 99 8609836.202
15 16 4324951.212
15 17 2718335.189
15 18 4304267.734
15 19 3058833.926
15 20 5858515.385
15 21 3234595.383
15 22 2499596.923
15 23 3500961.449
15 24 6014286.711
15 25 3604615.478
15 26 4295131.918
15 27 6473919.033
15 28 3909449.194
15 29 3717681.318
15 30 4393346.469
15 31 2116015.209
15 32 2571763.517
15 33 2346348.169
15 34 4843998.589
15 35 3596287.737
15 36 3901853.84
15 37 4953136.243
15 38 4417580.659
15 39 1872363.251
15 40 3795979.482
15 41 5376171.881
15 42 2330112.705
15 43 6392956.699
15 44 1441154.042
15 45 1208095.98
15 46 1823372.174
15 47 4573483.173
15 48 451989.1241
15 49 6502458.147
15 50 6366563.516
15 51 4929112.328
15 52 4215451.445
15 53 6679622.736
15 54 2779903.914
15 55 3606292.128
15 56 4708316.294
15 57 4052839.678
15 58 5902706.259
15 59 2325296.098
15 60 2340143.936
15 61 1006145.479
15 62 3964538.408
15 63 2855210.553
15 64 3838204.818
15 65 3642370.351
15 66 3957040.392
15 67 4860623.503
15 68 2779119.712
15 69 4932687.649
15 70 2974512.746
15 71 5518723.713
15 72 3697870.256
15 73 1456776.127
15 74 4545011.543
15 75 1086570.2
15 76 3926085.333
15 77 2342909.55
15 78 4118979.468
15 79 4858550.687
15 80 6594276.804
15 81 3386386.837
15 82 3364178.046
15 83 2405886.795
15 84 4012565.523
15 85 2990709.863
15 86 1519003.403
15 87 6167436.405
15 88 3224213.087
15 89 3637980.977
15 90 5795799.707
15 91 5528142.006
15 92 4122246.62
15 93 5453781.068
15 94 4332735.184
15 95 4632190.575
15 96 3742810.568
15 97 4762758.369
15 98 5470676.516
15 99 6288206.058
16 17 5202433.291
16 18 7493257.261
16 19 4785215.528
16 20 2594347.918
16 21 2558815.003
16 22 5267908.298
16 23 2641441.497
16 24 2884792.538
16 25 7760230.91
16 26 8543441.255
16 27 10561445.84
16 28 6114372.983
16 29 608398.8077
16 30 6929737.853
16 31 4649645.521
16 32 1951339.42
16 33 6317089.9
16 34 890059.4508
16 35 7349488.324
16 36 4631363.104
16 37 6837368.899
16 38 8295014.146
16 39 2796371.321
16 40 4137472.687
16 41 9372011.355
16 42 5595932.044
16 43 6628933.822
16 44 4329831.289
16 45 5532123.588
16 46 3702157.165
16 47 8339519.86
16 48 3979709.068
16 49 3043550.45
16 50 10515713.07
16 51 4916730.827
16 52 7976390.071
16 53 9429499.169
16 54 4402918.466
16 55 5603850.475
16 56 4460869.967
16 57 4755654.812
16 58 9025424.198
16 59 6399081.603
16 60 3005468.896
16 61 3597520.743
16 62 8285223.347
16 63 6846335.491
16 64 1217625.004
16 65 6125912.859
16 66 2562426.704
16 67 3295709.339
16 68 6955710.753
16 69 9208386.801
16 70 7288781.621
16 71 9798162.205
16 72 5128541.826
16 73 3250529.687
16 74 550172.0546
16 75 4509733.267
16 76 404843.1578
16 77 4923506.943
16 78 1902302.628
16 79 9135934.41
16 80 10716463.77
16 81 1651240.593
16 82 986381.3057
16 83 6723195.417
16 84 2682589.344
16 85 2877295.842
16 86 5341093.497
16 87 6138191.283
16 88 1433210.979
16 89 6805649.495
16 90 8282280.905
16 91 9840206.818
16 92 4605954.36
16 93 2696625.051
16 94 593747.7645
16 95 8614546.677
16 96 7136512.02
16 97 9085603.876
16 98 8330549.998
16 99 6678068.349
17 18 2299371.748
17 19 763913.4301
17 20 7473519.276
17 21 5364667.614
17 22 317777.8236
17 23 5646100.828
17 24 7703842.897
17 25 5248963.173
17 26 4330603.991
17 27 5775437.599
17 28 6611646.873
17 29 4715028.323
17 30 1846546.649
17 31 4833186.646
17 32 3316988.776
17 33 4535220.861
17 34 6005913.691
17 35 2484242.506
17 36 1801366.868
17 37 7658127.982
17 38 6363464.496
17 39 2569634.477
17 40 6342038.081
17 41 4538286.452
17 42 4945644.222
17 43 3918492.347
17 44 1340019.714
17 45 2878850.758
17 46 4398057.991
17 47 3358718.319
17 48 2480765.266
17 49 8055375.517
17 50 5837966.428
17 51 2854951.525
17 52 3027847.643
17 53 9158209.707
17 54 928787.4737
17 55 6323861.146
17 56 2859817.105
17 57 6686123.12
17 58 8267754.96
17 59 2334230.695
17 60 4657262.562
17 61 3465226.523
17 62 4858101.064
17 63 4910067.112
17 64 5348635.025
17 65 6323576.3
17 66 6025840.382
17 67 3784481.309
17 68 2896936.704
17 69 6011656.048
17 70 3714542.167
17 71 5554795.654
17 72 1224848.04
17 73 2277068.229
17 74 5644766.259
17 75 1631806.807
17 76 4829689.159
17 77 5060049.218
17 78 3926429.552
17 79 4957861.69
17 80 5977591.23
17 81 5098585.705
17 82 4531025.75
17 83 3367900.581
17 84 3316347.684
17 85 5253957.232
17 86 1653229.277
17 87 3825181.661
17 88 4770636.689
17 89 6150598.778
17 90 8386310.012
17 91 5798776.273
17 92 6724572.888
17 93 7256547.791
17 94 5508682.957
17 95 6420899.146
17 96 6142703.593
17 97 5488171.305
17 98 7967554.868
17 99 3771000.093
18 19 2872324.234
18 20 9691382.43
18 21 7385275.908
18 22 2232134.32
18 23 7665434.106
18 24 9906602.965
18 25 5281372.463
18 26 3233301.611
18 27 3837366.812
18 28 7805976.626
18 29 6990184.211
18 30 1157994.864
18 31 6279078.748
18 32 5582125.307
18 33 5208237.335
18 34 8280692.343
18 35 1273475.528
18 36 3630691.903
18 37 8825349.949
18 38 6496726.148
18 39 4789706.09
18 40 8099660.164
18 41 2662453.468
18 42 6038956.238
18 43 4672657.833
18 44 3330207.327
18 45 3783016.185
18 46 6127301.093
18 47 1460290.068
18 48 4267378.936
18 49 10290928.79
18 50 4003091.803
18 51 4421758.039
18 52 1304957.616
18 53 9726535.706
18 54 3179859.731
18 55 7643643.386
18 56 4623431.103
18 57 8327690.017
18 58 8712222.16
18 59 2446898.837
18 60 6570513.39
18 61 5258075.206
18 62 4338920.156
18 63 5381549.141
18 64 7559035.282
18 65 7454414.5
18 66 8084569.363
18 67 5845121.559
18 68 2598748.968
18 69 5408700.725
18 70 3466882.355
18 71 4173100.041
18 72 2890588.371
18 73 4423656.139
18 74 7922201.384
18 75 3381086.137
18 76 7114856.999
18 77 6431488.04
18 78 6193894.558
18 79 3744876.22
18 80 4072216.291
18 81 7255665.043
18 82 6781847.161
18 83 3474587.732
18 84 5528070.329
18 85 7208584.836
18 86 2792012.418
18 87 4847214.619
18 88 6959180.443
18 89 6963204.588
18 90 9193175.628
18 91 4562727.249
18 92 8412668.842
18 93 9424648.071
18 94 7776097.853
18 95 6393228.435
18 96 6801911.065
18 97 4681854.4
18 98 8625782.015
18 99 4454028.022
19 20 7182098.454
19 21 5302740.343
19 22 1057812.758
19 23 5579144.019
19 24 7430166.539
19 25 5917990.388
19 26 5094503.02
19 27 6491850.861
19 28 6960409.984
19 29 4352643.068
19 30 2147479.677
19 31 5125228.936
19 32 3011670.752
19 33 5094490.802
19 34 5629103.965
19 35 3223134.933
19 36 1051891.28
19 37 7999605.703
19 38 6998579.278
19 39 2392188.028
19 40 6438067.976
19 41 5256121.628
19 42 5370334.392
19 43 3357875.011
19 44 1619114.302
19 45 3454901.469
19 46 4563428.425
19 47 4056589.412
19 48 2731088.881
19 49 7734726.881
19 50 6569587.682
19 51 2125738.021
19 52 3740028.564
19 53 9666330.732
19 54 405627.921
19 55 6629951.027
19 56 2100981.056
19 57 6838842.249
19 58 8815154.218
19 59 3074685.856
19 60 4696270.143
19 61 3636297.502
19 62 5596800.333
19 63 5505256.531
19 64 5091864.018
19 65 6700898.575
19 66 5918736.636
19 67 3049353.61
19 68 3649084.461
19 69 6747556.489
19 70 4446629.31
19 71 6316626.566
19 72 639279.6178
19 73 2233684.305
19 74 5264890.885
19 75 2021764.479
19 76 4437101.454
19 77 5376768.264
19 78 3332674.851
19 79 5721582.824
19 80 6700122.782
19 81 4912673.27
19 82 4224433.955
19 83 4070582.177
19 84 2656503.592
19 85 5246040.327
19 86 2285759.498
19 87 3193935.034
19 88 4553901.407
19 89 6632682.353
19 90 8836468.683
19 91 6562688.839
19 92 6852139.552
19 93 7027406.678
19 94 5153838.755
19 95 7082722.296
19 96 6666655.162
19 97 6241196.728
19 98 8464399.306
19 99 3239118.632
20 21 2778726.488
20 22 7472732.342
20 23 2591060.655
20 24 303303.6378
20 25 8699202.039
20 26 10125083.31
20 27 12332277.46
20 28 5939428.967
20 29 2860981.121
20 30 9284905.869
20 31 5178784.741
20 32 4175729.372
20 33 7222392.541
20 34 1716420.218
20 35 9319345.289
20 36 7167629.413
20 37 6299245.966
20 38 8892366.755
20 39 4910238.703
20 40 3625086.965
20 41 11218688.5
20 42 6185733.045
20 43 9222994.369
20 44 6376165.368
20 45 6996835.758
20 46 4468402.53
20 47 10321093.73
20 48 5661976.737
20 49 650611.0496
20 50 12221462.51
20 51 7509354.547
20 52 9954744.335
20 53 9059736.709
20 54 6781742.976
20 55 5455787.206
20 56 7054331.1
20 57 4150053.794
20 58 8952968.474
20 59 8162478.746
20 60 3695422.756
20 61 4892950.39
20 62 9548745.681
20 63 7698934.47
20 64 2132347.552
20 65 6113990.39
20 66 2139944.654
20 67 5861856.285
20 68 8637634.349
20 69 10271502.76
20 70 8739303.295
20 71 11305424.96
20 72 7600856.672
20 73 5270093.173
20 74 2045165.304
20 75 6421296.763
20 76 2833698.35
20 77 5357807.028
20 78 4493524.484
20 79 10655871.52
20 80 12451898.04
20 81 2487441.92
20 82 2958305.491
20 83 8177734.058
20 84 5276385.893
20 85 3138468.599
20 86 7201814.338
20 87 8729845.814
20 88 2738473.952
20 89 7066135.796
20 90 7872159.573
20 91 11245216.98
20 92 3929892.559
20 93 654315.6468
20 94 2079984.585
20 95 9288711.287
20 96 7492100.406
20 97 10342347.89
20 98 8156322.67
20 99 9272153.669
21 22 5276263.246
21 23 281923.2031
21 24 2874988.168
21 25 5929473.709
21 26 7408956.778
21 27 9665264.732
21 28 3604290.262
21 29 2170179.691
21 30 7207982.932
21 31 2442919.462
21 32 2562071.543
21 33 4449064.736
21 34 2450261.306
21 35 6814503.882
21 36 5651864.103
21 37 4280687.664
21 38 6196053.556
21 39 2921764.164
21 40 1605790.545
21 41 8599926.847
21 42 3455984.559
21 43 8076359.067
21 44 4089327.219
21 45 4293932.653
21 46 1690451.478
21 47 7801446.945
21 48 3142377.112
21 49 3426977.482
21 50 9529261.205
21 51 6341359.032
21 52 7440576.017
21 53 6910450.951
21 54 4903923.365
21 55 3090704.934
21 56 5942631.19
21 57 2215278.534
21 58 6585042.168
21 59 5558179.617
21 60 932562.3965
21 61 2230221.903
21 62 6775237.069
21 63 4934379.978
21 64 1381213.358
21 65 3665752.433
21 66 722788.0773
21 67 5228063.476
21 68 5980916.341
21 69 7495732.433
21 70 6001491.035
21 71 8560933.277
21 72 5855301.625
21 73 3098269.279
21 74 2353163.258
21 75 4006068.918
21 76 2365785.093
21 77 2657023.788
21 78 3859530.426
21 79 7918315.243
21 80 9769305.988
21 81 911338.0078
21 82 1861637.397
21 83 5448063.026
21 84 4373419.15
21 85 383811.4961
21 86 4696577.327
21 87 7674817.888
21 88 1228789.948
21 89 4479905.238
21 90 5748214.969
21 91 8482230.502
21 92 2087221.786
21 93 2275158.766
21 94 2128436.445
21 95 6573402.08
21 96 4868795.545
21 97 7566506.756
21 98 5850643.778
21 99 8057640.663
22 23 5558185.15
22 24 7694589.315
22 25 4932134.497
22 26 4049769.178
22 27 5568279.294
22 28 6368638.738
22 29 4758586.275
22 30 1947263.528
22 31 4614491.227
22 32 3350027.408
22 33 4237214.536
22 34 6048804.013
22 35 2263558.284
22 36 2105838.783
22 37 7415519.951
22 38 6049897.735
22 39 2563650.482
22 40 6187650.305
22 41 4332575.222
22 42 4683321.905
22 43 4229491.552
22 44 1195338.694
22 45 2581079.64
22 46 4227598.686
22 47 3177842.299
22 48 2301223.237
22 49 8066015.673
22 50 5614866.928
22 51 3166845.237
22 52 2834989.404
22 53 8867798.242
22 54 1152197.071
22 55 6095280.112
22 56 3158793.808
22 57 6509704.579
22 58 7968957.012
22 59 2022187.451
22 60 4533368.872
22 61 3301125.004
22 62 4546178.096
22 63 4603872.397
22 64 5341574.707
22 65 6072268.321
22 66 5952347.199
22 67 4030926.841
22 68 2591626.774
22 69 5698980.833
22 70 3400416.442
22 71 5285042.645
22 72 1542625.775
22 73 2224025.346
22 74 5690729.494
22 75 1419417.869
22 76 4886111.042
22 77 4831966.029
22 78 4085933.778
22 79 4679388.346
22 80 5763962.676
22 81 5062877.872
22 82 4551261.633
22 83 3050175.652
22 84 3515645.452
22 85 5144642.316
22 86 1347789.866
22 87 4142100.044
22 88 4750256.356
22 89 5869386.624
22 90 8111112.145
22 91 5516501.327
22 92 6557212.117
22 93 7229332.089
22 94 5543977.966
22 95 6104445.723
22 96 5850860.729
22 97 5183746.699
22 98 7680635.676
22 99 4078747.874
23 24 2665964.198
23 25 6108407.022
23 26 7650046.664
23 27 9915997.68
23 28 3618171.303
23 29 2305415.543
23 30 7489656.096
23 31 2592238.257
23 32 2807126.028
23 33 4633091.071
23 34 2435630.11
23 35 7086268.585
23 36 5914110.884
23 37 4235506.333
23 38 6329564.847
23 39 3194890.873
23 40 1496682.473
23 41 8858927.793
23 42 3603099.907
23 43 8325700.438
23 44 4371151.825
23 45 4542874.016
23 46 1903781.48
23 47 8071309.986
23 48 3418673.774
23 49 3233893.536
23 50 9774948.288
23 51 6586884.678
23 52 7711134.777
23 53 6905307.04
23 54 5179539.417
23 55 3106466.791
23 56 6183050.176
23 57 2115642.509
23 58 6623069.503
23 59 5822034.343
23 60 1177253.468
23 61 2495152.366
23 62 6987646.574
23 63 5107884.988
23 64 1431675.498
23 65 3709305.602
23 66 472981.7231
23 67 5430043.23
23 68 6236613.172
23 69 7683079.814
23 70 6236786.165
23 71 8791412.616
23 72 6128103.406
23 73 3378499.769
23 74 2380279.017
23 75 4285602.383
23 76 2486662.078
23 77 2785802.342
23 78 4044949.73
23 79 8151982.291
23 80 10016935.82
23 81 1034774.83
23 82 2026894.539
23 83 5687038.548
23 84 4588056.573
23 85 555496.2924
23 86 4970749.436
23 87 7917921.024
23 88 1396440.501
23 89 4568994.241
23 90 5733167.687
23 91 8703041.983
23 92 1965202.227
23 93 2055475.886
23 94 2166396.701
23 95 6715977.075
23 96 4971689.51
23 97 7775050.194
23 98 5872323.206
23 99 8310622.49
24 25 8766034.299
24 26 10261471.25
24 27 12486430.8
24 28 5899289.964
24 29 3129234.64
24 30 9522938.868
24 31 5233141.661
24 32 4419649.095
24 33 7295384.489
24 34 2012371.046
24 35 9505897.753
24 36 7438194.196
24 37 6210811.296
24 38 8918308.251
24 39 5136058.514
24 40 3588755.458
24 41 11384825.69
24 42 6232810.468
24 43 9513518.408
24 44 6584010.951
24 45 7135083.112
24 46 4563300.973
24 47 10506500.72
24 48 5835671.319
24 49 611510.1723
24 50 12367611.08
24 51 7796133.901
24 52 10140636.13
24 53 8971605.538
24 54 7028321.965
24 55 5425499.657
24 56 7341982.105
24 57 4086649.139
24 58 8900218.907
24 59 8328243.606
24 60 3803171.264
24 61 5036115.292
24 62 9649374.95
24 63 7762171.165
24 64 2355249.657
24 65 6091330.403
24 66 2200742.607
24 67 6159508.819
24 68 8791652.875
24 69 10345516.97
24 70 8865584.973
24 71 11429212.76
24 72 7859526.367
24 73 5482968.138
24 74 2334774.796
24 75 6613681.11
24 76 3112061.772
24 77 5398289.411
24 78 4786008.678
24 79 10783092.68
24 80 12601322.72
24 81 2670826.683
24 82 3206523.378
24 83 8307334.965
24 84 5564808.05
24 85 3220121.821
24 86 7383739.001
24 87 9022490.983
24 88 2947429.003
24 89 7065787.805
24 90 7786150.089
24 91 11356751.17
24 92 3862597.575
24 93 622124.2094
24 94 2358350.558
24 95 9321497.809
24 96 7499255.49
24 97 10439043.14
24 98 8096341.201
24 99 9560471.446
25 26 2723425.21
25 27 4890409.306
25 28 3789526.654
25 29 7157595.407
25 30 6082822.748
25 31 3538848.082
25 32 6157607.165
25 33 1483319.368
25 34 8110699.34
25 35 4017593.359
25 36 6949095.545
25 37 4524910.841
25 38 1215453.547
25 39 5474705.715
25 40 5472191.898
25 41 4368299.951
25 42 2570665.312
25 43 9145429.082
25 44 4556522.741
25 45 2578524.698
25 46 4260785.578
25 47 4450224.761
25 48 4043967.062
25 49 9341974.418
25 50 4592109.282
25 51 8032575.539
25 52 4273220.86
25 53 4545204.204
25 54 5816695.681
25 55 3966334.935
25 56 7931298.482
25 57 5285423.689
25 58 3487365.778
25 59 3044469.989
25 60 5049684.512
25 61 4163216.957
25 62 1370359
25 63 1007177.044
25 64 7003931.652
25 65 3403593.257
25 66 6566683.173
25 67 8366503.037
25 68 2697493.114
25 69 1592917.156
25 70 1815214.515
25 71 3291069.978
25 72 6470961.226
25 73 5039959.656
25 74 7869415.273
25 75 4121875.423
25 76 7381617.073
25 77 3409457.737
25 78 7722343.686
25 79 2843868.757
25 80 4870195.532
25 81 6476226.996
25 82 6773933.425
25 83 1920647.757
25 84 7564724.146
25 85 5561828.667
25 86 3633143.717
25 87 9074141.929
25 88 6459073.595
25 89 2417277.862
25 90 4265744.872
25 91 2990941.696
25 92 5482641.196
25 93 8147512.478
25 94 7638378.228
25 95 1174795.341
25 96 2025646.381
25 97 1923176.39
25 98 3574200.626
25 99 8981511.108
26 27 2339873.255
26 28 6268232.477
26 29 7946756.217
26 30 4307492.846
26 31 5403700.991
26 32 6647136.061
26 33 3505552.033
26 34 9125668.335
26 35 2070268.01
26 36 6116729.054
26 37 7127598.43
26 38 3829028.801
26 39 5813260.303
26 40 7462674.17
26 41 1644877.017
26 42 4683218.548
26 43 7771728.699
26 44 4387811.676
26 45 3128259.122
26 46 5766763.158
26 47 1980114.281
26 48 4578327.264
26 49 10773392.69
26 50 2140484.898
26 51 7124597.382
26 52 1958672.672
26 53 7219196.444
26 54 5187041.081
26 55 6318072.119
26 56 7180845.06
26 57 7445735.265
26 58 6144183.487
26 59 2201091.371
26 60 6477078.324
26 61 5232746.16
26 62 1399776.615
26 63 3349197.686
26 64 8133273.466
26 65 5875101.566
26 66 8121921.835
26 67 8057086.349
26 68 1605084.597
26 69 2252363.831
26 70 1434374.979
26 71 1274231.788
26 72 5451512.583
26 73 5337103.349
26 74 8814273.725
26 75 4091093.017
26 76 8138800.44
26 77 5403790.62
26 78 7876773.339
26 79 632444.5468
26 80 2397594.467
26 81 7673853.874
26 82 7618401.574
26 83 1964261.402
26 84 7449046.406
26 85 7102082.705
26 86 3276251.327
26 87 7854835.201
26 88 7518958.762
26 89 5024213.862
26 90 6988770.208
26 91 1468391.132
26 92 7605887.273
26 93 9678148.001
26 94 8609747.569
26 95 3580763.666
26 96 4692234.644
26 97 1472726.211
26 98 6294649.883
26 99 7568027.362
27 28 8574073.173
27 29 9984608.47
27 30 4976075.245
27 31 7737515.737
27 32 8618678.501
27 33 5836163.965
27 34 11216535.54
27 35 3306400.04
27 36 7389580.342
27 37 9393889.717
27 38 5834778.531
27 39 7770707.902
27 40 9795196.326
27 41 1237151.169
27 42 7020683.712
27 43 8428796.939
27 44 6253230.772
27 45 5373249.948
27 46 8056469.307
27 47 2446320.845
27 48 6692629.677
27 49 12975350.66
27 50 392373.7555
27 51 8247746.193
27 52 2751844.625
27 53 9161507.126
27 54 6702439.154
27 55 8645910.413
27 56 8420311.984
27 57 9785554.611
27 58 8085198.19
27 59 4189202.797
27 60 8738832.68
27 61 7453020.532
27 62 3523095.731
27 63 5641274.532
27 64 10283541.74
27 65 8180528.66
27 66 10384717.28
27 67 9540510.973
27 68 3695005.941
27 69 3853833.739
27 70 3766415.308
27 71 1696177.445
27 72 6656697.454
27 73 7310984.376
27 74 10886684.42
27 75 6052562.919
27 76 10158457.15
27 77 7742893.176
27 78 9634663.443
27 79 2047755.035
27 80 253295.9319
27 81 9854546.033
27 82 9686865.172
27 83 4268944.948
27 84 9083252.13
27 85 9375427.931
27 86 5223034.283
27 87 8653799.852
27 88 9662341.984
27 89 7280066.545
27 90 9100806.555
27 91 2158657.993
27 92 9944986.073
27 93 11918019.05
27 94 10696510.02
27 95 5492454.824
27 96 6912477.158
27 97 3109669.982
27 98 8369059.685
27 99 8201302.703
28 29 5635359.66
28 30 8163660.58
28 31 1871415.896
28 32 5380325.667
28 33 2791313.141
28 34 6047366.33
28 35 6754270.702
28 36 7735879.198
28 37 1046882.589
28 38 3379861.483
28 39 5174721.321
28 40 2314403.663
28 41 7843424.944
28 42 1767395.976
28 43 10260483.67
28 44 5348491.01
28 45 4026288.157
28 46 2704794.623
28 47 7533493.701
28 48 4235864.995
28 49 6510782.742
28 50 8310778.282
28 51 8700210.782
28 52 7244449.256
28 53 3315142.666
28 54 6657907.541
28 55 513585.8543
28 56 8411493.648
28 57 1842375.432
28 58 3023381.808
28 59 5390677.828
28 60 3171850.858
28 61 3463905.495
28 62 5090646.796
28 63 2933555.101
28 64 4981414.207
28 65 393561.1247
28 66 3937527.159
28 67 8175703.221
28 68 5461049.045
28 69 5286131.979
28 70 4934836.099
28 71 7053852.732
28 72 7599529.098
28 73 4991501.041
28 74 5955876.909
28 75 4986626.841
28 76 5856153.102
28 77 1594525.857
28 78 7010853.618
28 79 6542914.944
28 80 8585843.657
28 81 4476591.559
28 82 5263797.233
28 83 4588050.953
28 84 7266853.695
28 85 3250554.68
28 86 5157742.517
28 87 9993111.127
28 88 4692181.625
28 89 1427770.414
28 90 2181104.665
28 91 6778678.568
28 92 2070704.562
28 93 5297489.421
28 94 5728455.933
28 95 3827879.235
28 96 1888936.679
28 97 5712629.97
28 98 2254913.802
28 99 10169434.05
29 30 6482423.824
29 31 4099990.785
29 32 1410642.794
29 33 5719707.552
29 34 1291161.683
29 35 6794101.717
29 36 4308980.222
29 37 6405729.932
29 38 7710087.781
29 39 2239611.269
29 40 3775381.755
29 41 8802623.391
29 42 5027171.879
29 43 6455654.305
29 44 3774496.8
29 45 4925219.128
29 46 3143979.221
29 47 7788840.593
29 48 3377072.502
29 49 3386470.766
29 50 9931943.997
29 51 4715740.381
29 52 7424234.616
29 53 8945701.656
29 54 3959040.519
29 55 5129771.248
29 56 4270633.125
29 57 4385176.42
29 58 8503802.691
29 59 5812659.47
29 60 2483900.301
29 61 2994380.161
29 62 7677042.474
29 63 6249985.18
29 64 1007439.524
29 65 5622839.684
29 66 2329688.015
29 67 3258655.495
29 68 6363361.911
29 69 8600928.796
29 70 6683788.017
29 71 9198589.485
29 72 4745613.915
29 73 2679770.473
29 74 932211.9326
29 75 3932522.886
29 76 230962.0032
29 77 4380571.035
29 78 1833014.902
29 79 8536322.554
29 80 10135964.99
29 81 1271232.883
29 82 394169.1657
29 83 6117626.094
29 84 2521302.354
29 85 2445237.201
29 86 4761659.723
29 87 5988878.446
29 88 956375.7932
29 89 6260298.77
29 90 7813218.42
29 91 9236039.86
29 92 4255132.803
29 93 2826333.012
29 94 801195.6901
29 95 8023506.779
29 96 6578360.243
29 97 8477579.535
29 98 7826876.93
29 99 6484427.9
30 31 6485950.875
30 32 5110809.5
30 33 5763208.335
30 34 7765822.101
30 35 2251528.901
30 36 2671788.48
30 37 9205286.508
30 38 7285029.798
30 39 4402236.16
30 40 8129688.565
30 41 3817386.531
30 42 6423672.045
30 43 3518376.793
30 44 3141900.962
30 45 4184922.169
30 46 6162940.963
30 47 2617858.609
30 48 4237632.494
30 49 9852970.47
30 50 5154875.506
30 51 3339434.874
30 52 2439356.791
30 53 10384008.17
30 54 2527419.978
30 55 7934414.693
30 56 3588241.184
30 57 8435991.824
30 58 9410968.426
30 59 3068870.373
30 60 6479909.986
30 61 5242153.56
30 62 5292904.751
30 63 6022824.783
30 64 7170448.26
30 65 7840335.285
30 66 7872177.24
30 67 4902032.457
30 68 3398581.793
30 69 6406334.85
30 70 4304956.617
30 71 5311121.958
30 72 1957066.571
30 73 4123602.503
30 74 7401959.908
30 75 3340948.986
30 76 6576139.895
30 77 6681089.479
30 78 5440808.062
30 79 4852569.906
30 80 5214902.31
30 81 6938590.432
30 82 6329635.916
30 83 4185897.266
30 84 4709882.342
30 85 7087534.251
30 86 3005932.181
30 87 3690365.762
30 88 6603307.173
30 89 7491156.777
30 90 9746087.602
30 91 5684022.824
30 92 8491166.865
30 93 9089829.351
30 94 7282666.337
30 95 7234823.768
30 96 7393247.409
30 97 5718992.745
30 98 9237885.057
30 99 3302016.196
31 32 3599327.655
31 33 2089541.642
31 34 4795422.838
31 35 5374009.867
31 36 5870832.602
31 37 2888398.609
31 38 3755824.063
31 39 3317130.253
31 40 2059190.27
31 41 6814392.973
31 42 1013153.662
31 43 8399456.151
31 44 3530528.436
31 45 2568767.041
31 46 961199.052
31 47 6265600.894
31 48 2394299.247
31 49 5816095.604
31 50 7540948.305
31 51 6828956.541
31 52 5937051.047
31 53 4991318.547
31 54 4808093.545
31 55 1504859.295
31 56 6541170.232
31 57 2101643.659
31 58 4432257.195
31 59 3994074.253
31 60 1666103.808
31 61 1594973.777
31 62 4533473.996
31 63 2532370.652
31 64 3671815.45
31 65 1690810.432
31 66 3039472.795
31 67 6354477.481
31 68 4230028.584
31 69 5126658.449
31 70 3971445.556
31 71 6432251.669
31 72 5762466.564
31 73 3120248.283
31 74 4618022.323
31 75 3202082.468
31 76 4330240.541
31 77 299486.9234
31 78 5261934.37
31 79 5826940.962
31 80 7801025.816
31 81 3132031.313
31 82 3708240.447
31 83 3484030.443
31 84 5447670.002
31 85 2062512.106
31 86 3514680.325
31 87 8124408.168
31 88 3228994.305
31 89 2160559.381
31 90 3954671.739
31 91 6278858.69
31 92 2232010.718
31 93 4612922.481
31 94 4381643.482
31 95 4130489.446
31 96 2490140.925
31 97 5293032.226
31 98 3813874.706
31 99 8313522.689
32 33 4805577.118
32 34 2699151.76
32 35 5398174.704
32 36 3148264.062
32 37 6295643.417
32 38 6869252.943
32 39 847978.0201
32 40 4021149.282
32 41 7423809.915
32 42 4361763.841
32 43 5519001.626
32 44 2378600.97
32 45 3742514.902
32 46 2679888.142
32 47 6388940.669
32 48 2164644.704
32 49 4743555.987
32 50 8582064.532
32 51 3780075.907
32 52 6025476.592
32 53 8590405.5
32 54 2608955.875
32 55 4916100.564
32 56 3381291.119
32 57 4561192.333
32 58 7998880.331
32 59 4476019.061
32 60 2326705.17
32 61 2134921.591
32 62 6507161.451
32 63 5335448.973
32 64 2082406.859
32 65 5270020.009
32 66 3051869.3
32 67 2814350.441
32 68 5047474.283
32 69 7502273.07
32 70 5453289.547
32 71 7912791.966
32 72 3469310.191
32 73 1314438.801
32 74 2342561.466
32 75 2575309.299
32 76 1554598.699
32 77 3898729.726
32 78 1671067.599
32 79 7252177.948
32 80 8777884.058
32 81 1962131.172
32 82 1218830.085
32 83 4898624.403
32 84 1911137.962
32 85 2649054.921
32 86 3407280.14
32 87 5112770.225
32 88 1577333.466
32 89 5688261.928
32 90 7533925.275
32 91 7986171.372
32 92 4496104.942
32 93 4020900.142
32 94 2194523.271
32 95 7130861.684
32 96 5928879.448
32 97 7296148.619
32 98 7411068.741
32 99 5507273.905
33 34 6637730.029
33 35 4060014.478
33 36 6062328.555
33 37 3725421.659
33 38 2076071.709
33 39 4195731.549
33 40 4094216.162
33 41 5055469.698
33 42 1201959.285
33 43 8436726.377
33 44 3558957.876
33 45 1656480.969
33 46 2777466.452
33 47 4771461.841
33 48 2798264.53
33 49 7866861.654
33 50 5599081.831
33 51 7131496.411
33 52 4501000.224
33 53 4644141.293
33 54 4908924.99
33 55 2812578.416
33 56 6962819.666
33 57 3989668.434
33 58 3732545.041
33 59 2763007.498
33 60 3566370.533
33 61 2735206.19
33 62 2471504.819
33 63 532622.4255
33 64 5526706.361
33 65 2403043.701
33 66 5094710.224
33 67 7205811.656
33 68 2718025.936
33 69 3050210.611
33 70 2143974.583
33 71 4412735.866
33 72 5703592.494
33 73 3801075.428
33 74 6404218.498
33 75 3118570.62
33 76 5946558.225
33 77 2001092.124
33 78 6424165.28
33 79 3843616.477
33 80 5869015.038
33 81 4996779.677
33 82 5331499.908
33 83 1821153.783
33 84 6357968.668
33 85 4083960.111
33 86 2892628.169
33 87 8287277.124
33 88 4990790.745
33 89 1755122.255
33 90 3993905.522
33 91 4219364.57
33 92 4167397.815
33 93 6678819.81
33 94 6171674.777
33 95 2326507.294
33 96 1632747.801
33 97 3211041.698
33 98 3477971.572
33 99 8299628.718
34 35 8059666.96
34 36 5515081.884
34 37 6659563.781
34 38 8530544.002
34 39 3516125.53
34 40 3888967.153
34 41 10048608.13
34 42 5789060.802
34 43 7509974.122
34 44 5045788.671
34 45 6045825.464
34 46 3901232.711
34 47 9057785.977
34 48 4549525.353
34 49 2154197.885
34 50 11148837.63
34 51 5803800.234
34 52 8692184.32
34 53 9340879.79
34 54 5239502.272
34 55 5534263.501
34 56 5347125.881
34 57 4502514.136
34 58 9035284.372
34 59 7030901.749
34 60 3133308.168
34 61 4002424.612
34 62 8754693.863
34 63 7155538.797
34 64 1124452.483
34 65 6115969.89
34 66 2203427.225
34 67 4147471.354
34 68 7562832.636
34 69 9614358.828
34 70 7816386.964
34 71 10361078.57
34 72 5996283.584
34 73 3940415.837
34 74 364241.4976
34 75 5176921.048
34 76 1192981.264
34 77 5042873.454
34 78 2779054.814
34 79 9699998.534
34 80 11360192.98
34 81 1664474.392
34 82 1533410.058
34 83 7247117.519
34 84 3568949.082
34 85 2821299.229
34 86 5998686.435
34 87 7014465.92
34 88 1656911.588
34 89 6903865.676
34 90 8168344.106
34 91 10368226.98
34 92 4323345.163
34 93 1898559.474
34 94 520132.5003
34 95 8879997.529
34 96 7273237.742
34 97 9558170.473
34 98 8298147.061
34 99 7562720.256
35 36 4184357.907
35 37 7748024.698
35 38 5232863.343
35 39 4555824.347
35 40 7312603.645
35 41 2073164.312
35 42 4994678.972
35 43 5702109.18
35 44 3020446.936
35 45 2807407.412
35 46 5382854.142
35 47 1002367.122
35 48 3684747.731
35 49 9945661.433
35 50 3354342.808
35 51 5137466.494
35 52 635683.541
35 53 8494967.412
35 54 3405383.311
35 55 6643823.068
35 56 5242275.611
35 57 7467251.986
35 58 7468368.316
35 59 1383238.665
35 60 5935134.674
35 61 4599289.145
35 62 3074539.983
35 63 4179936.528
35 64 7209859.675
35 65 6386830.28
35 66 7533545.327
35 67 6267089.758
35 68 1366768.97
35 69 4165270.811
35 70 2202585.181
35 71 3171762.281
35 72 3478929.371
35 73 4119309.121
35 74 7715694.599
35 75 2901879.06
35 76 6951794.553
35 77 5486434.938
35 78 6331205.605
35 79 2646684.904
35 80 3500407.48
35 81 6835830.887
35 82 6527662.524
35 83 2267592.466
35 84 5779188.575
35 85 6585459.745
35 86 2126032.925
35 87 5795999.076
35 88 6590605.777
35 89 5808451.583
35 90 8010020.707
35 91 3493127.838
35 92 7576957.453
35 93 8977934.736
35 94 7541477.733
35 95 5121176.449
35 96 5613033.034
35 97 3467546.227
35 98 7416437.013
35 99 5497820.212
36 37 8759088.646
36 38 8008842.755
36 39 2775216.992
36 40 6952254.981
36 41 6163520.846
36 42 6231812.319
36 43 2533248.74
36 44 2512672.654
36 45 4447397.829
36 46 5196312.483
36 47 4943289.368
36 48 3518011.195
36 49 7666300.763
36 50 7495955.1
36 51 1083501.151
36 52 4652528.446
36 53 10573572.07
36 54 1153455.959
36 55 7367071.204
36 56 1064369.111
36 57 7411106.345
36 58 9757810.142
36 59 4125955.65
36 60 5186637.913
36 61 4307579.034
36 62 6648578.378
36 63 6494786.548
36 64 5181492.729
36 65 7506000.153
36 66 6192751.582
36 67 2231782.766
36 68 4696955.722
36 69 7799447.699
36 70 5498490.577
36 71 7321195.437
36 72 740215.83
36 73 2791606.127
36 74 5156852.849
36 75 2947315.852
36 76 4339613.95
36 77 6141387.03
36 78 2908024.603
36 79 6739636.099
36 80 7608291.236
36 81 5110172.843
36 82 4275325.007
36 83 5117517.605
36 84 2117622.696
36 85 5663859.495
36 86 3317257.077
36 87 2266523.504
36 88 4722260.859
36 89 7531214.867
36 90 9695009.714
36 91 7584736.448
36 92 7395796.238
36 93 7108232.523
36 94 5090228.137
36 95 8108384.772
36 96 7598970.744
36 97 7288836.135
36 98 9366039.997
36 99 2465389.872
37 38 3877670.038
37 39 6153831.188
37 40 2777531.149
37 41 8734619.931
37 42 2791633.607
37 43 11287754.61
37 44 6390545.636
37 45 5053780.864
37 46 3653579.252
37 47 8495548.31
37 48 5271357.052
37 49 6815437.836
37 50 9109493.995
37 51 9708755.583
37 52 8218318.979
37 53 2761169.063
37 54 7691778.868
37 55 1401682.696
37 56 9408330.154
37 57 2180912.835
37 58 2820880.921
37 59 6396975.201
37 60 4013363.369
37 61 4466207.351
37 62 5875980.865
37 63 3780509.683
37 64 5655206.476
37 65 1371670.135
37 66 4472688.001
37 67 9106942.994
37 68 6432451.568
37 69 5911387.446
37 70 5848812.545
37 71 7815948.087
37 72 8638402.617
37 73 5997193.681
37 74 6615217.739
37 75 6032167.406
37 76 6617120.341
37 77 2624316.583
37 78 7890840.499
37 79 7348089.708
37 80 9386964.489
37 81 5186196.989
37 82 6052597.424
37 83 5544078.409
37 84 8199511.145
37 85 3965474.313
37 86 6199825.01
37 87 11010436.7
37 88 5449987.863
37 89 2114060.627
37 90 1575548.897
37 91 7499716.144
37 92 2386526.669
37 93 5645122.412
37 94 6398221.684
37 95 4322716.786
37 96 2506849.555
37 97 6428723.17
37 98 1994777.297
37 99 11200559.47
38 39 6271803.081
38 40 5426560.234
38 41 5460197.795
38 42 2746674.305
38 43 10278125.39
38 44 5548422.37
38 45 3566765.431
38 46 4630743.346
38 47 5639580.678
38 48 4869447.621
38 49 9516288.795
38 50 5501352.08
38 51 9089795.738
38 52 5476510.921
38 53 3390296.058
38 54 6861469.739
38 55 3697978.427
38 56 8955702.01
38 57 5111184.705
38 58 2315612.331
38 59 4230134.57
38 60 5399747.678
38 61 4766841.972
38 62 2429964.365
38 63 1563506.117
38 64 7406586.802
38 65 3042004.489
38 66 6758219.606
38 67 9270368.271
38 68 3909719.069
38 69 2083338.927
38 70 3030640.692
38 71 4159561.119
38 72 7575229.137
38 73 5874053.782
38 74 8329145.313
38 75 5106234.473
38 76 7939842.715
38 77 3543880.13
38 78 8497776.553
38 79 3832038.368
38 80 5777550.601
38 81 6867156.972
38 82 7317218.867
38 83 3104408.631
38 84 8430074.156
38 85 5813749.488
38 86 4719840.178
38 87 10180552.52
38 88 6918031.921
38 89 1964212.01
38 90 3279433.976
38 91 3768109.842
38 92 5329318.518
38 93 8296541.673
38 94 8093336.545
38 95 449957.9665
38 96 1498224.949
38 97 2731302.034
38 98 2536436.533
38 99 10121825.85
39 40 4178075.66
39 41 6576456.275
39 42 3929018.363
39 43 5275259.847
39 44 1535438.999
39 45 2981523.863
39 46 2507737.257
39 47 5549429.793
39 48 1431121.727
39 49 5502554.836
39 50 7735234.341
39 51 3600343.24
39 52 5185057.705
39 53 8261681.012
39 54 1989227.113
39 55 4752613.089
39 56 3266915.745
39 57 4649762.101
39 58 7587825.804
39 59 3633719.224
39 60 2412636.156
39 61 1731025.345
39 62 5729328.436
39 63 4714961.063
39 64 2781050.274
39 65 5006815.414
39 66 3526585.852
39 67 3080371.165
39 68 4210608.072
39 69 6755807.909
39 70 4650772.646
39 71 7082065.634
39 72 2933540.843
39 73 477626.3981
39 74 3166020.569
39 75 1730860.051
39 76 2396721.602
39 77 3610738.966
39 78 2247659.708
39 79 6422779.972
39 80 7930238.667
39 81 2539175.715
39 82 1996619.691
39 83 4104843.162
39 84 2192836.784
39 85 2898884.535
39 86 2561931.671
39 87 4930954.144
39 88 2201781.224
39 89 5275424.047
39 90 7265140.971
39 91 7168423.678
39 92 4625773.593
39 93 4688347.815
39 94 3002520.134
39 95 6500423.071
39 96 5462311.893
39 97 6509646.35
39 98 7061601.399
39 99 5228786.852
40 41 8854216.892
40 42 2910900.112
40 43 9447356.612
40 44 5004327.886
40 45 4548288.75
40 46 1976499.365
40 47 8243435.238
40 48 3892901.948
40 49 4199908.063
40 50 9600137.054
40 51 7744507.936
40 52 7902283.353
40 53 5501338.69
40 54 6061830.225
40 55 1836932.83
40 56 7373487.074
40 57 619353.4304
40 58 5330583.219
40 59 5954018.652
40 60 1765627.628
40 61 2887536.341
40 62 6562974.353
40 63 4475374.182
40 64 2927932.186
40 65 2506055.534
40 66 1695233.868
40 67 6778693.503
40 68 6247187.492
40 69 7062518.193
40 70 6029857.056
40 71 8481905.601
40 72 7039590.137
40 73 4213053.64
40 74 3865716.14
40 75 4793649.573
40 76 3967709.487
40 77 2093991.559
40 78 5440182.815
40 79 7882746.22
40 80 9860107.862
40 81 2509533.155
40 82 3464210.307
40 83 5534958.31
40 84 5901385.854
40 85 1388733.458
40 86 5309558.617
40 87 9082148.139
40 88 2832989.876
40 89 3512226.528
40 90 4316363.631
40 91 8311344.191
40 92 484470.3409
40 93 2983671.091
40 94 3657518.116
40 95 5851007.043
40 96 3961348.691
40 97 7302838.524
40 98 4541311.331
40 99 9405950.134
41 42 6193427.562
41 43 7314324.6
41 44 5049488.813
41 45 4341553.459
41 46 7038021.693
41 47 1226531.014
41 48 5558897.579
41 49 11856771.34
41 50 1344334.647
41 51 7041618.404
41 52 1516497.795
41 53 8849256.388
41 54 5465355.314
41 55 7854541.559
41 56 7200743.452
41 57 8899958.206
41 58 7771650.265
41 59 3056693.006
41 60 7683885.443
41 61 6372421.676
41 62 3032434.327
41 63 4955661.6
41 64 9144039.043
41 65 7452498.553
41 66 9322402.174
41 67 8305237.275
41 68 2629117.664
41 69 3714714.903
41 70 2913623.122
41 71 1804563.314
41 72 5433793.565
41 73 6123546.985
41 74 9713088.649
41 75 4872659.624
41 76 8970634.709
41 77 6854358.745
41 78 8404206.089
41 79 1716556.469
41 80 1445671.482
41 81 8733003.891
41 82 8515832.065
41 83 3337119.738
41 84 7846880.44
41 85 8328890.208
41 86 4050676.151
41 87 7507663.541
41 88 8521983.581
41 89 6643632.124
41 90 8633487.396
41 91 2291488.932
41 92 9043867.595
41 93 10829612.4
41 94 9528570.811
41 95 5188833.443
41 96 6325938.964
41 97 2904699.23
41 98 7938811.905
41 99 7091091.214
42 43 8717925.054
42 44 3753427.195
42 45 2262284.771
42 46 1899361.57
42 47 5798987.648
42 48 2727817.27
42 49 6820199.369
42 50 6792358.553
42 51 7252366.002
42 52 5499448.699
42 53 4365501.52
42 54 5107190.48
42 55 1670592.87
42 56 7014094.411
42 57 2787715.796
42 58 3659470.666
42 59 3625633.473
42 60 2655962.291
42 61 2234330.439
42 62 3670283.275
42 63 1567252.445
42 64 4664617.55
42 65 1420535.337
42 66 4045790.566
42 67 7009332.99
42 68 3724309.138
42 69 4163579.225
42 70 3285195.197
42 71 5614682.336
42 72 6006593.172
42 73 3633557.701
42 74 5597824.459
42 75 3354005.495
42 76 5258124.417
42 77 841143.9728
42 78 6031508.629
42 79 5042074.243
42 80 7060596.65
42 81 4124669.065
42 82 4633053.404
42 83 2878124.645
42 84 6116960.84
42 85 3075649.141
42 86 3423519.039
42 87 8497547.834
42 88 4194162.896
42 89 1346640.239
42 90 3467818.076
42 91 5416458.47
42 92 2966325.094
42 93 5611374.538
42 94 5361494.821
42 95 3117444.799
42 96 1571155.685
42 97 4395486.926
42 98 3156963.517
42 99 8607932.827
43 44 4965758.237
43 45 6785028.043
43 46 7727280.566
43 47 6132336.351
43 48 6029996.618
43 49 9636731.379
43 50 8638029.119
43 51 1749114.236
43 52 5955573.188
43 53 13024126.95
43 54 3613342.262
43 55 9898162.339
43 56 2185341.143
43 57 9924553.12
43 58 12165263.3
43 59 6140749.178
43 60 7684558.529
43 61 6840757.965
43 62 8602814.512
43 63 8826158.507
43 64 7417734.033
43 65 10021454.86
43 66 8557433.926
43 67 3437079.227
43 68 6624140.514
43 69 9750613.293
43 70 7509641.164
43 71 8823971.753
43 72 2734707.316
43 73 5323035.597
43 74 7178782.322
43 75 5378534.175
43 76 6425380.567
43 77 8666766.012
43 78 4731103.385
43 79 8342715.841
43 80 8674835.559
43 81 7441659.857
43 82 6516371.518
43 83 7237515.2
43 84 3951206.604
43 85 8125960.629
43 86 5570942.604
43 87 543978.8748
43 88 7043404.034
43 89 9990056.676
43 90 12185739.97
43 91 9183116.762
43 92 9899960.874
43 93 9276082.675
43 94 7169381.351
43 95 10320068.57
43 96 10021880.96
43 97 9125219.759
43 98 11822219.5
43 99 233577.5836
44 45 1988044.224
44 46 3058268.803
44 47 4014374.262
44 48 1148434.801
44 49 6986382.099
44 50 6233327.109
44 51 3573929.734
44 52 3649757.781
44 53 8069430.673
44 54 1365114.552
44 55 5031908.284
44 56 3409932.742
44 57 5346712.021
44 58 7245146.719
44 59 2186734.417
44 60 3338127.455
44 61 2125207.677
44 62 4514353.514
44 63 4009303.178
44 64 4246469.779
44 65 5083433.362
44 66 4773772.589
44 67 3850319.612
44 68 2788265.776
44 69 5617844.986
44 70 3374314.89
44 71 5661982.338
44 72 2257590.285
44 73 1112075.616
44 74 4698639.478
44 75 442580.6926
44 76 3931476.833
44 77 3772411.365
44 78 3490695.801
44 79 5012171.722
44 80 6419769.95
44 81 3926320.839
44 82 3517731.644
44 83 2883093.181
44 84 3124332.828
44 85 3950266.164
44 86 1117895.812
44 87 4764179.577
44 88 3638400.813
44 89 5029527.338
44 90 7220841.98
44 91 5797136.082
44 92 5384589.913
44 93 6094975.225
44 94 4529475.488
44 95 5685954.484
44 96 5086745.438
44 97 5251950.909
44 98 6863932.864
44 99 4854565.164
45 46 2696757.575
45 47 3702117.622
45 48 1578295.479
45 49 7645153.076
45 50 5236337.551
45 51 5526032.712
45 52 3369438.107
45 53 6290844.215
45 54 3296975.558
45 55 3864696.094
45 56 5389764.784
45 57 4667089.237
45 58 5388936.562
45 59 1425601.702
45 60 3365850.086
45 61 2104760.257
45 62 2766633.564
45 63 2050636.009
45 64 5021924.976
45 65 3682294.06
45 66 5012126.743
45 67 5789864.873
45 68 1713418.179
45 69 3774422.521
45 70 1770825.357
45 71 4327869.131
45 72 4054856.546
45 73 2520895.105
45 74 5750798.755
45 75 1548576.388
45 76 5132459.945
45 77 2680680.271
45 78 5213237.075
45 79 3670874.924
45 80 5475381.769
45 81 4551110.19
45 82 4572182.897
45 83 1201483.594
45 84 5000510.063
45 85 4002646.186
45 86 1239639.429
45 87 6648433.397
45 88 4414370.838
45 89 3320868.749
45 90 5575640.681
45 91 4322720.669
45 92 4785031.835
45 93 6555788.631
45 94 5536744.935
45 95 3698131.868
45 96 3273432.878
45 97 3560826.31
45 98 5110620.989
45 99 6645293.754
46 47 6337616.884
46 48 1926614.448
46 49 5117191.749
46 50 7900263.728
46 51 6093483.577
46 52 5987675.997
46 53 5923415.167
46 54 4209173.989
46 55 2256469.853
46 56 5772992.8
46 57 2288912.459
46 58 5391380.22
46 59 4051977.136
46 60 789000.2895
46 61 934565.3627
46 62 5086115.317
46 63 3278545.339
46 64 2778570.431
46 65 2592673.986
46 66 2376150.382
46 67 5471077.755
46 68 4409114.916
46 69 5814588.704
46 70 4344547.502
46 71 6891756.401
46 72 5185768.186
46 73 2404707.4
46 74 3700321.705
46 75 2822698.639
46 76 3374639.583
46 77 1251836.799
46 78 4327838.638
46 79 6255874.972
46 80 8147395.039
46 81 2240738.45
46 82 2751166.381
46 83 3802686.967
46 84 4562227.838
46 85 1348672.169
46 86 3341216.745
46 87 7413637.621
46 88 2294802.263
46 89 3120028.597
46 90 4854434.479
46 91 6799264.781
46 92 2329615.37
46 93 3957675.667
46 94 3464174.239
46 95 4979317.715
46 96 3435444.319
46 97 5876296.094
46 98 4758808.679
46 99 7660513.604
47 48 4680263.242
47 49 10947869.65
47 50 2569854.327
47 51 5815110.849
47 52 366715.4341
47 53 8993793.781
47 54 4287369.585
47 55 7466028.136
47 56 5976440.404
47 57 8366691.024
47 58 7937334.706
47 59 2290190.368
47 60 6913510.548
47 61 5579140.741
47 62 3283501.484
47 63 4802692.62
47 64 8212226.342
47 65 7154672.619
47 66 8521952.199
47 67 7101538.911
47 68 2074851.384
47 69 4231476.552
47 70 2711457.492
47 71 2746435.016
47 72 4211064.462
47 73 5117536.673
47 74 8712417.685
47 75 3904234.206
47 76 7943410.072
47 77 6354934.626
47 78 7263752.295
47 79 2390231.402
47 80 2666597.463
47 81 7836900.721
47 82 7526620.489
47 83 2951476.569
47 84 6675053.679
47 85 7564070.405
47 86 3123850.888
47 87 6304336.238
47 88 7592948.166
47 89 6481613.367
47 90 8617367.124
47 91 3166461.627
47 92 8487083.039
47 93 9975973.543
47 94 8540111.354
47 95 5454090.418
47 96 6234150.798
47 97 3450230.59
47 98 7977718.033
47 99 5912877.975
48 49 6298288.573
48 50 6607923.628
48 51 4525603.623
48 52 4316140.575
48 53 7090305.075
48 54 2422182.305
48 55 3898897.35
48 56 4288723.351
48 57 4209497.455
48 58 6332639.732
48 59 2506381.005
48 60 2303263.62
48 61 1006764.199
48 62 4344403.85
48 63 3306868.686
48 64 3590986.806
48 65 3991562.211
48 66 3856385.473
48 67 4409468.972
48 68 3016092.902
48 69 5341409.278
48 70 3311914.034
48 71 5823385.285
48 72 3368817.076
48 73 1005539.31
48 74 4235949.064
48 75 902762.65
48 76 3576834.57
48 77 2647222.594
48 78 3678687.445
48 79 5161210.614
48 80 6825915.597
48 81 3174945.455
48 82 3040901.307
48 83 2749382.872
48 84 3560642.689
48 85 2943981.87
48 86 1559384.428
48 87 5783986.718
48 88 2969714.818
48 89 4053342.618
48 90 6180568.572
48 91 5861019.451
48 92 4256176.944
48 93 5296778.199
48 94 4032427.732
48 95 5081605.136
48 96 4176015.807
48 97 5136354.785
48 98 5881067.204
48 99 5934688.96
49 50 12867201.85
49 51 7946152.601
49 52 10581297.34
49 53 9575479.996
49 54 7337873.285
49 55 6036502.675
49 56 7487988.419
49 57 4697226.439
49 58 9511204.127
49 59 8801490.01
49 60 4345564.734
49 61 5540795.269
49 62 10198793.02
49 63 8340329.4
49 64 2740881.752
49 65 6701658.312
49 66 2776989.486
49 67 6234217.404
49 68 9281330.372
49 69 10916623.69
49 70 9389233.014
49 71 11955495.4
49 72 8130246.934
49 73 5876738.583
49 74 2509649.476
49 75 7044997.138
49 76 3329617.755
49 77 5988827.196
49 78 4911292.397
49 79 11305598.94
49 80 13096603.66
49 81 3123808.426
49 82 3525511.166
49 83 8827312.988
49 84 5712416.063
49 85 3783807.397
49 86 7832305.869
49 87 9131653.772
49 88 3356268.165
49 89 7672135.342
49 90 8390975.324
49 91 11895826.52
49 92 4472799.982
49 93 1223970.841
49 94 2587697.258
49 95 9916585.791
49 96 8103628.085
49 97 10992010.82
49 98 8706630.868
49 99 9697824.117
50 51 8384511.613
50 52 2843454.978
50 53 8809469.994
50 54 6759615.447
50 55 8400474.814
50 56 8538094.421
50 57 9569148.863
50 58 7735174.353
50 59 4120103.882
50 60 8599281.63
50 61 7331592.544
50 62 3233614.563
50 63 5377806.72
50 64 10193902.33
50 65 7917606.868
50 66 10245661.73
50 67 9617804.278
50 68 3593499.699
50 69 3495963.264
50 70 3574714.668
50 71 1344386.451
50 72 6769650.778
50 73 7269404.86
50 74 10824615.46
50 75 6007939.178
50 76 10111551.82
50 77 7533164.241
50 78 9654239.817
50 79 1767864.5
50 80 278255.7254
50 81 9752758.012
50 82 9624212.352
50 83 4099019.118
50 84 9128352.01
50 85 9229891.116
50 86 5175791.725
50 87 8843497.326
50 88 9574419.605
50 89 6995787.013
50 90 8774772.173
50 91 1788075.527
50 92 9734004.621
50 93 11791702.49
50 94 10629511.29
50 95 5148714.18
50 96 6617554.991
50 97 2770482.884
50 98 8037644.819
50 99 8412794.154
51 52 5553046.936
51 53 11608731.72
51 54 2229062.481
51 55 8309214.537
51 56 459416.1878
51 57 8240709.562
51 58 10812156.56
51 59 5188741.731
51 60 5989795.966
51 61 5242548.551
51 62 7712786.031
51 63 7570783.936
51 64 5670880.247
51 65 8489448.501
51 66 6810816.364
51 67 1890526.557
51 68 5749098.96
51 69 8865823.849
51 70 6566780.915
51 71 8302038.115
51 72 1673272.819
51 73 3711564.033
51 74 5464513.096
51 75 4013045.853
51 76 4694447.499
51 77 7108575.954
51 78 3036860.084
51 79 7739975.252
51 80 8476269.2
51 81 5693453.563
51 82 4768167.168
51 83 6196213.343
51 84 2234910.932
51 85 6405093.127
51 86 4400460.509
51 87 1337909.055
51 88 5294976.539
51 89 8566786.678
51 90 10703705.65
51 91 8588517.749
51 92 8204777.69
51 93 7540280.833
51 94 5443230.558
51 95 9191720.133
51 96 8651010.869
51 97 8337207.143
51 98 10399776.5
51 99 1768784.823
52 53 8804663.177
52 54 3956310.122
52 55 7162082.35
52 56 5695819.833
52 57 8036495.758
52 58 7757413.728
52 59 1949070.547
52 60 6555570.104
52 61 5220479.061
52 62 3175830.408
52 63 4562154.323
52 64 7845528.614
52 65 6869197.35
52 66 8160598.403
52 67 6788914.159
52 68 1785885.503
52 69 4183414.86
52 70 2494007.16
52 71 2872456.439
52 72 3926865.938
52 73 4751817.605
52 74 8347230.686
52 75 3537526.758
52 76 7579769.84
52 77 6034278.261
52 78 6918953.659
52 79 2443572.127
52 80 2961721.252
52 81 7470832.502
52 82 7160752.475
52 83 2680823.067
52 84 6341935.886
52 85 7206125.237
52 86 2758782.071
52 87 6100929.022
52 88 7226288.679
52 89 6227887.503
52 90 8389421.701
52 91 3257790.938
52 92 8153209.309
52 93 9611109.837
52 94 8174351.004
52 95 5316416.292
52 96 5997938.161
52 97 3426539.237
52 98 7765240.608
52 99 5740785.289
53 54 9433967.025
53 55 3826475.972
53 56 11378628.95
53 57 4925532.019
53 58 1079708.743
53 59 7331059.607
53 60 6470433.664
53 61 6534621.002
53 62 5820255.319
53 63 4363726.351
53 64 8290666.177
53 65 3337999.127
53 66 7185968.444
53 67 11330399.45
53 68 7133353.814
53 69 5314934.122
53 70 6315470.265
53 71 7467277.033
53 72 10292351.95
53 73 7992885.558
53 74 9263611.346
53 75 7647735.893
53 76 9167973.449
53 77 4691846.315
53 78 10249550.77
53 79 7201196.482
53 80 9080537.631
53 81 7790479.23
53 82 8570336.272
53 83 6253008.532
53 84 10427333.17
53 85 6562890.176
53 86 7530465.497
53 87 12833064.9
53 88 8005992.121
53 89 3042611.372
53 90 1188278.605
53 91 7032138.554
53 92 5138285.574
53 93 8405760.782
53 94 9038104.028
53 95 3678842.875
53 96 3017465.761
53 97 6056867.532
53 98 1209268.899
53 99 12899683.43
54 55 6312226.896
54 56 2119287.054
54 57 6474565.048
54 58 8608210.167
54 59 3089281.057
54 60 4312910.284
54 61 3289478.141
54 62 5589710.144
54 63 5342507.827
54 64 4687905.004
54 65 6410885.759
54 66 5515687.267
54 67 2879437.494
54 68 3683441.97
54 69 6731311.178
54 70 4433453.47
54 71 6430994.127
54 72 979116.3376
54 73 1850032.685
54 74 4875472.201
54 75 1795677.397
54 76 4049007.082
54 77 5067537.662
54 78 3015775.751
54 79 5818425.675
54 80 6902919.021
54 81 4507094.086
54 82 3823552.611
54 83 4018378.973
54 84 2387907.152
54 85 4853885.056
54 86 2197113.909
54 87 3399211.885
54 88 4148383.084
54 89 6393211.677
54 90 8574636.793
54 91 6650179.813
54 92 6481963.698
54 93 6622752.787
54 94 4760051.858
54 95 6969919.308
54 96 6451005.622
54 97 6265481.743
54 98 8227930.527
54 99 3513072.85
55 56 8006827.19
55 57 1422630.128
55 58 3525471.252
55 59 5265582.645
55 60 2676304.08
55 61 3067165.509
55 62 5212374.68
55 63 3042633.287
55 64 4467989.703
55 65 678031.9905
55 66 3432623.669
55 67 7721392.915
55 68 5392215.703
55 69 5511229.614
55 70 4941737.66
55 71 7177279.932
55 72 7267304.638
55 73 4597951.012
55 74 5442374.803
55 75 4692251.859
55 76 5349461.078
55 77 1263876.02
55 78 6533000.27
55 79 6636848.7
55 80 8672549.471
55 81 3964207.289
55 82 4760729.731
55 83 4548247.888
55 84 6812937.609
55 85 2737511.563
55 86 4935708.671
55 87 9614025.544
55 88 4184052.271
55 89 1737464.71
55 90 2683456.785
55 91 6932440.935
55 92 1646716.25
55 93 4818431.797
55 94 5215096.52
55 95 4138861.624
55 96 2201804.234
55 97 5877687.41
55 98 2765856.902
55 99 9815059.024
56 57 7882641.236
56 58 10609194.66
56 59 5171560.069
56 60 5628521.803
56 61 4947656.555
56 62 7689370.204
56 63 7419173.918
56 64 5233720.46
56 65 8215198.337
56 66 6393655.001
56 67 1460285.56
56 68 5749751.509
56 69 8836748.775
56 70 6535679.116
56 71 8384875.128
56 72 1769243.947
56 73 3422372.059
56 74 5009226.133
56 75 3852494.981
56 76 4244089.189
56 77 6826060.567
56 78 2577947.698
56 79 7803985.265
56 80 8643021.909
56 81 5272347.21
56 82 4334528.049
56 83 6135003.13
56 84 1778333.55
56 85 6021043.332
56 86 4316346.061
56 87 1738288.502
56 88 4873249.563
56 89 8341754.878
56 90 10446963.75
56 91 8648942.337
56 92 7838798.697
56 93 7092752.736
56 94 4991179.215
56 95 9078860.327
56 96 8447788.306
56 97 8341735.057
56 98 10169475.11
56 99 2218942.617
57 58 4814584.875
57 59 6090760.79
57 60 2254314.349
57 61 3223338.138
57 62 6454788.203
57 63 4313640.137
57 64 3547116.767
57 65 2098548.459
57 66 2302823.093
57 67 7343709.825
57 68 6329807.06
57 69 6859690.641
57 70 6025200.759
57 71 8402398.12
57 72 7453558.578
57 73 4638626.465
57 74 4484299.026
57 75 5096555.737
57 76 4580494.923
57 77 2047123.853
57 78 6023945.129
57 79 7826265.892
57 80 9834907.122
57 81 3123171.809
57 82 4066317.538
57 83 5563233.537
57 84 6457639.613
57 85 1970039.607
57 86 5539065.955
57 87 9575949.377
57 88 3437797.915
57 89 3157070.054
57 90 3737639.982
57 91 8197776.228
57 92 228400.9779
57 93 3499271.48
57 94 4276719.856
57 95 5548210.194
57 96 3619393.453
57 97 7164068.874
57 98 4009855.909
57 99 9873654.828
58 59 6345424.519
58 60 6023012.721
58 61 5887842.806
58 62 4744636.568
58 63 3394932.674
58 64 7944718.614
58 65 2919329.522
58 66 6958093.461
58 67 10668173.11
58 68 6113938.313
58 69 4243177.83
58 70 5276478.717
58 71 6392057.935
58 72 9430762.498
58 73 7278601.479
58 74 8918467.969
58 75 6812793.011
58 76 8731685.606
58 77 4139575.741
58 78 9669625.734
58 79 6121489.483
58 80 8007055.879
58 81 7422377.983
58 82 8117093.326
58 83 5248028.469
58 84 9776418.191
58 85 6216352.507
58 86 6622711.296
58 87 12001845.14
58 88 7592214.754
58 89 2315292.119
58 90 1446268.358
58 91 5961401.052
58 92 5040211.851
58 93 8306618.731
58 94 8686344.916
58 95 2599384.133
58 96 2161785.744
58 97 4978855.156
58 98 826638.3956
58 99 12030766.74
59 60 4652971.025
59 61 3327960.323
59 62 2524051.252
59 63 2967849.472
59 64 6096685.271
59 65 5029589.041
59 66 6280913.309
59 67 5915506.738
59 68 607900.9009
59 69 3677435.141
59 70 1383480.646
59 71 3475293.323
59 72 3546633.906
59 73 3161625.704
59 74 6704888.886
59 75 1903347.589
59 76 5994523.217
59 77 4103262.263
59 78 5676371.071
59 79 2826133.719
59 80 4329300.223
59 81 5677735
59 82 5504464.189
59 83 1126149.332
59 84 5267444.264
59 85 5302140.258
59 86 1077941.438
59 87 6112913.011
59 88 5475010.068
59 89 4517305.642
59 90 6753435.643
59 91 3621398.014
59 92 6205049.966
59 93 7775176.894
59 94 6511202.382
59 95 4213656.606
59 96 4369297.845
59 97 3176473.812
59 98 6204737.54
59 99 5966862.789
60 61 1335918.956
60 62 5853333.167
60 63 4066980.69
60 64 2008871.142
60 65 3140456.751
60 66 1646491.616
60 67 5134722.104
60 68 5060086.638
60 69 6600903.319
60 70 5068946.346
60 71 7628926.515
60 72 5287702.505
60 73 2463328.05
60 74 2952096.542
60 75 3195158.59
60 76 2710313.412
60 77 1926449.397
60 78 3879014.967
60 79 6985844.088
60 80 8840490.914
60 81 1468834.367
60 82 2102292.607
60 83 4515677.145
60 84 4236189.64
60 85 650568.0304
60 86 3833366.338
60 87 7326311.06
60 88 1574254.018
60 89 3806159.572
60 90 5352878.918
60 91 7553972.28
60 92 2216049.844
60 93 3206990.465
60 94 2715761.329
60 95 5756724.664
60 96 4154021.846
60 97 6647528.102
60 98 5343445.225
60 99 7641095.693
61 62 4754625.15
61 63 3267528.707
61 64 2939638.819
61 65 3279784.734
61 66 2952971.609
61 67 4796840.521
61 68 3760573.104
61 69 5623789.762
61 70 3860633.467
61 71 6426106.293
61 72 4262766.448
61 73 1530991.918
61 74 3734111.511
61 75 1909329.846
61 76 3218730.363
61 77 1884385.374
61 78 3800654.58
61 79 5771866.194
61 80 7565432.409
61 81 2452546.434
61 82 2611546.394
61 83 3294342.967
61 84 3896625.285
61 85 1986170.802
61 86 2500884.933
61 87 6547652.204
61 88 2348647.272
61 89 3572648.762
61 90 5534736.074
61 91 6395729.776
61 92 3259548.396
61 93 4465128.959
61 94 3508909.768
61 95 5054872.497
61 96 3796335.448
61 97 5557993.313
61 98 5337846.48
61 99 6765314.968
62 63 2170098.264
62 64 7690933.719
62 65 4698765.795
62 66 7458486.744
62 67 8352899.748
62 68 1983704.862
62 69 1155152.649
62 70 1156590.07
62 71 1965832.185
62 72 6066221.82
62 73 5258992.364
62 74 8476018.444
62 75 4127614.575
62 76 7888406.995
62 77 4468991.285
62 78 7932197.17
62 79 1475385.134
62 80 3510995.736
62 81 7189592.761
62 82 7315003.805
62 83 1638401.147
62 84 7636252.601
62 85 6432180.837
62 86 3432901.251
62 87 8609683.145
62 88 7103132.552
62 89 3762179.375
62 90 5622178.218
62 91 1748387.896
62 92 6636443.952
62 93 9042941.462
62 94 8255286.929
62 95 2187607.353
62 96 3389387.48
62 97 803480.4015
62 98 4914173.848
62 99 8416874.619
63 64 6041149.247
63 65 2540164.524
63 66 5563968.456
63 67 7707008.367
63 68 2814054.144
63 69 2598794.436
63 70 2100373.788
63 71 4135676.675
63 72 6101147.829
63 73 4311964.766
63 74 6926762.112
63 75 3566802.271
63 76 6477171.168
63 77 2403808.619
63 78 6948664.111
63 79 3610067.893
63 80 5652561.613
63 81 5508705.038
63 82 5861168.068
63 83 1913316.379
63 84 6867252.43
63 85 4563805.629
63 86 3256970.928
63 87 8698292.687
63 88 5512415.825
63 89 1693781.75
63 90 3832287.434
63 91 3894646.781
63 92 4504619.569
63 93 7143025.004
63 94 6693564.173
63 95 1795464.332
63 96 1436510.035
63 97 2851138.725
63 98 3244242.79
63 99 8681067.171
64 65 5027423.628
64 66 1355427.56
64 67 4265225.635
64 68 6600420.141
64 69 8521783.684
64 70 6790006.653
64 71 9349509.285
64 72 5547735.416
64 73 3138519.493
64 74 975101.0743
64 75 4308033.219
64 76 1131452.763
64 77 3921786.92
64 78 2840167.616
64 79 8691381.129
64 80 10415032.55
64 81 540061.4162
64 82 908952.7455
64 83 6221371.84
64 84 3509208.01
64 85 1732451.073
64 86 5104261.23
64 87 6962977.548
64 88 622055.924
64 89 5788421.6
64 90 7129425.155
64 91 9332965.552
64 92 3392223.976
64 93 1939153.335
64 94 747444.7216
64 95 7757878.904
64 96 6152606.253
64 97 8493796.596
64 98 7221942.71
64 99 7435948.035
65 66 4061562.114
65 67 8042293.287
65 68 5084325.418
65 69 4912631.103
65 70 4545478.873
65 71 6662619.538
65 72 7340062.497
65 73 4793271.054
65 74 6001917.761
65 75 4707736.708
65 76 5847757.583
65 77 1396100.49
65 78 6920212.509
65 79 6149753.847
65 80 8192587.633
65 81 4508487.511
65 82 5242741.307
65 83 4206334.642
65 84 7134623.164
65 85 3297472.283
65 86 4836667.57
65 87 9769279.023
65 88 4694539.673
65 89 1078022.341
65 90 2266355.81
65 91 6390881.969
65 92 2323667.462
65 93 5481050.987
65 94 5770691.804
65 95 3486836.36
65 96 1543951.191
65 97 5326133.631
65 98 2205049.512
65 99 9923839.914
66 67 5548484.424
66 68 6702435.347
66 69 8144890.071
66 70 6709498.67
66 71 9264393.897
66 72 6448365.551
66 73 3749670.422
66 74 2215714.001
66 75 4710230.466
66 76 2479328.522
66 77 3219156.39
66 78 4136862.839
66 79 8624858.077
66 80 10486975.39
66 81 1126554.948
66 82 2116982.513
66 83 6159238.065
66 84 4740488.97
66 85 1027482.312
66 86 5413241.342
66 87 8131934.577
66 88 1524862.362
66 89 4963058.217
66 90 6004263.498
66 91 9175345.134
66 92 2120121.793
66 93 1586439.18
66 94 2026755.606
66 95 7151072.356
66 96 5377165.946
66 97 8244821.83
66 98 6189916.238
66 99 8553673.396
67 68 6520433.022
67 69 9466461.027
67 70 7202645.423
67 71 9307646.64
67 72 2963588.318
67 73 3415463.16
67 74 3841002.026
67 75 4264940.625
67 76 3170362.797
67 77 6652664.776
67 78 1426306.57
67 79 8689341.994
67 80 9749459.653
67 81 4430875.376
67 82 3431614.829
67 83 6730025.659
67 84 908852.4206
67 85 5390234.177
67 86 4921530.464
67 87 2914066.425
67 88 4042295.803
67 89 8355615.017
67 90 10308334.06
67 91 9514703.493
67 92 7260801.744
67 93 5990643.503
67 94 3871789.117
67 95 9458662.176
67 96 8538402.766
67 97 9069463.101
67 98 10134683.57
67 99 3527618.297
68 69 3137641.035
68 70 907708.1397
68 71 2878239.114
68 72 4091719.935
68 73 3735310.401
68 74 7243645.704
68 75 2486177.74
68 76 6550867.618
68 77 4300163.513
68 78 6278948.248
68 79 2224771.245
68 80 3816645.873
68 81 6162499.405
68 82 6044347.367
68 83 905004.6462
68 84 5875316.294
68 85 5703000.016
68 86 1673076.969
68 87 6625978.951
68 88 5980949.531
68 89 4455405.131
68 90 6645479.57
68 91 3013989.248
68 92 6461140.823
68 93 8225430.777
68 94 7044469.931
68 95 3838091.484
68 96 4248520.058
68 97 2592130.398
68 98 6049763.634
68 99 6441281.14
69 70 2301345.273
69 71 2157674.65
69 72 7221153.208
69 73 6294486.006
69 74 9356366.785
69 75 5215993.951
69 76 8819335.308
69 77 5002185.826
69 78 8984359.4
69 79 1998511.872
69 80 3765970.979
69 81 8002359.179
69 82 8226544.054
69 83 2736674.448
69 84 8727922.249
69 85 7133112.861
69 86 4558000.963
69 87 9763180.884
69 88 7957585.154
69 89 3868112.622
69 90 5350157.863
69 91 1718351.652
69 92 7061074.124
69 93 9728594.205
69 94 9129204.863
69 95 1684140.048
69 96 3426119.118
69 97 810755.7596
69 98 4595901.269
69 99 9562527.65
70 71 2566707.473
70 72 4929806.25
70 73 4175140.738
70 74 7519512.14
70 75 3001655.06
70 76 6886968.392
70 77 3979558.225
70 78 6822652.297
70 79 1917516.85
70 80 3831602.848
70 81 6312746.777
70 82 6336591.838
70 83 569341.7754
70 84 6498646.161
70 85 5685917.219
70 86 2281116.25
70 87 7493458.132
70 88 6184359.704
70 89 3790841.456
70 90 5905925.271
70 91 2553789.104
70 92 6180934.928
70 93 8275240.011
70 94 7306598.412
70 95 2937088.593
70 96 3525186.696
70 97 1878768.24
70 98 5272133.737
70 99 7330818.994
71 72 6634885.791
71 73 6605267.033
71 74 10055752.87
71 75 5363183.328
71 76 9393960.806
71 77 6392843.692
71 78 9150516.816
71 79 662266.9798
71 80 1618965.303
71 81 8877231.684
71 82 8863784.352
71 83 3131764.256
71 84 8715390.071
71 85 8238300.006
71 86 4550295.572
71 87 8950925.826
71 88 8740123.063
71 89 5707001.806
71 90 7435797.086
71 91 501232.9786
71 92 8578617.704
71 93 10835905.21
71 94 9847574.653
71 95 3804329.806
71 96 5313623.883
71 97 1428351.548
71 98 6695981.096
71 99 8610941.476
72 73 2826701.082
72 74 5633221.778
72 75 2654770.477
72 76 4805484.033
72 77 6015220.58
72 78 3517567.825
72 79 6067848.139
72 80 6877362.623
72 81 5410479.266
72 82 4658542.176
72 83 4592625.929
72 84 2762975.126
72 85 5819361.169
72 86 2855674.603
72 87 2605721.039
72 88 5038516.637
72 89 7262381.557
72 90 9471562.644
72 91 6916045.019
72 92 7460938.445
72 93 7486774.081
72 94 5542582.175
72 95 7641594.031
72 96 7287578.453
72 97 6673442.757
72 98 9092302.002
72 99 2607805.468
73 74 3596968.091
73 75 1261550.869
73 76 2847963.322
73 77 3403823.931
73 78 2693494.731
73 79 5945736.963
73 80 7467302.407
73 81 2839369.795
73 82 2409262.199
73 83 3631337.264
73 84 2556945.225
73 85 3017493.825
73 86 2093741.18
73 87 5018927.611
73 88 2535539.17
73 89 4977230.124
73 90 7032254.808
73 91 6690836.904
73 92 4638124.664
73 93 5007135.866
73 94 3422575.814
73 95 6086702.062
73 96 5134155.854
73 97 6036789.414
73 98 6786662.976
73 99 5256094.062
74 75 4840429.025
74 76 828889.2833
74 77 4876131.438
74 78 2452369.229
74 79 9394010.611
74 80 11033282.78
74 81 1499151.982
74 82 1200425.195
74 83 6950736.472
74 84 3231220.832
74 85 2707544.513
74 86 5665386.335
74 87 6688363.03
74 88 1414881.129
74 89 6749994.199
74 90 8099970.543
74 91 10073010.16
74 92 4317435.424
74 93 2159077.446
74 94 236435.8081
74 95 8668497.345
74 96 7105711.939
74 97 9279158.871
74 98 8197040.342
74 99 7226994.968
75 76 4106284.126
75 77 3428537.439
75 78 3824867.709
75 79 4706655.146
75 80 6206796.886
75 81 3943061.501
75 82 3643694.386
75 83 2490043.669
75 84 3512376.528
75 85 3829060.226
75 86 832192.7235
75 87 5190861.842
75 88 3689179.062
75 89 4611538.519
75 90 6817043.204
75 91 5471003.111
75 92 5150239.438
75 93 6099037.517
75 94 4657086.917
75 95 5246637.946
75 96 4656767.987
75 97 4879842.038
75 98 6444270.878
75 99 5260655.048
76 77 4610314.29
76 78 1746506.43
76 79 8731752.918
76 80 10312805.59
76 81 1458259.34
76 82 625086.9072
76 83 6321892.423
76 84 2476674.249
76 85 2653019.416
76 86 4937373.146
76 87 5948638.867
76 88 1168222.117
76 89 6490413.619
76 90 8032662.393
76 91 9437733.62
76 92 4445089.883
76 93 2852196.177
76 94 753920.3613
76 95 8252117.37
76 96 6809192.046
76 97 8688100.29
76 98 8052240.687
76 99 6462372.653
77 78 5560852.524
77 79 5801349.655
77 80 7796906.11
77 81 3383396.16
77 82 3990060.804
77 83 3517252.706
77 84 5746131.78
77 85 2273574.461
77 86 3691337.976
77 87 8398876.653
77 88 3497577.043
77 89 1882144.017
77 90 3657561.966
77 91 6217369.06
77 92 2202112.503
77 93 4776411.58
77 94 4640049.732
77 95 3932105.412
77 96 2230838.699
77 97 5211549.169
77 98 3515248.1
77 99 8577301.525
78 79 8502424.824
78 80 9820362.401
78 81 3028866.664
78 82 2025451.89
78 83 6295797.955
78 84 815115.4589
78 85 4055198.363
78 86 4607544.048
78 87 4236503.819
78 88 2649103.623
78 89 7359329.499
78 90 9178168.159
78 91 9286129.648
78 92 5924554.145
78 93 4582920.434
78 94 2462320.611
78 95 8739521.569
78 96 7596849.813
78 97 8697839.427
78 98 9075711.13
78 99 4787061.799
79 80 2043307.458
79 81 8221627.196
79 82 8201713.498
79 83 2478549.421
79 84 8080376.622
79 85 7600092.507
79 86 3897847.28
79 87 8442569.549
79 88 8081019.827
79 89 5234037.821
79 90 7074963.684
79 91 849526.9667
79 92 7996653.33
79 93 10192460.52
79 94 9186185.797
79 95 3523368.767
79 96 4864767.119
79 97 1189498.574
79 98 6353585.407
79 99 8135170.104
80 81 9979059.095
80 82 9832940.927
80 83 4349268.981
80 84 9279595.466
80 85 9473448.076
80 86 5375433.774
80 87 8895988.217
80 88 9794680.098
80 89 7273162.544
80 90 9051782.52
80 91 2053354.646
80 92 9998389.535
80 93 12028326.84
80 94 10840459.96
80 95 5422833.38
80 96 6895585.022
80 97 3046362.861
80 98 8313945.414
80 99 8447719.939
81 82 1003476.863
81 83 5745734.184
81 84 3614665.227
81 85 1228954.489
81 86 4715554.008
81 87 7010486.84
81 88 399248.5971
81 89 5252907.988
81 90 6636921.556
81 91 8846993.259
81 92 2986966.131
81 93 2169069.332
81 94 1265098.836
81 95 7219847.665
81 96 5614207.033
81 97 7991392.346
81 98 6708084.292
81 99 7442928.041
82 83 5768891.69
82 84 2633684.803
82 85 2107091.068
82 86 4466651.362
82 87 6067816.244
82 88 633485.7519
82 89 5868759.685
82 90 7443662.16
82 91 8890247.336
82 92 3947271.567
82 93 2835270.07
82 94 1014077.688
82 95 7632327.804
82 96 6184916.126
82 97 8116752.111
82 98 7445445.292
82 99 6531167.309
83 84 6000844.577
83 85 5138282.452
83 86 1827772.947
83 87 7185184.706
83 88 5615226.638
83 89 3551225.397
83 90 5742439.304
83 91 3122283.166
83 92 5709443.742
83 93 7719861.013
83 94 6737516.374
83 95 3092801.931
83 96 3345441.305
83 97 2405682.148
83 98 5154727.441
83 99 7069488.204
84 85 4515422.711
84 86 4230176.953
84 87 3472072.918
84 88 3218706.549
84 89 7462137.814
84 90 9400838.963
84 91 8888093.514
84 92 6381487.71
84 93 5328861.539
84 94 3218249.509
84 95 8634905.931
84 96 7655079.795
84 97 8376088.832
84 98 9233634.496
84 99 3995809.961
85 86 4481375.359
85 87 7742491.592
85 88 1489078.66
85 89 4098015.48
85 90 5407976.888
85 91 8147874.438
85 92 1871920.789
85 93 2610833.766
85 94 2478622.538
85 95 6192733.527
85 96 4485330.009
85 97 7219855.603
85 98 5489560.577
85 99 8096292.088
86 87 5460723.198
86 88 4482838.646
86 89 4551819.564
86 90 6803192.507
86 91 4679312.532
86 92 5621116.972
86 93 6852332.335
86 94 5478574.802
86 95 4796966.894
86 96 4513070.639
86 97 4151504.042
86 98 6349440.394
86 99 5424165.84
87 88 6611347.275
87 89 9791824.527
87 90 11961477.77
87 91 9288954.92
87 92 9541735.038
87 93 8800823.352
87 94 6687278.817
87 95 10245893.84
87 96 9847568.834
87 97 9168479.922
87 98 11626681.25
87 99 706190.6944
88 89 5379042.464
88 90 6866562.108
88 91 8731442.647
88 92 3315453.039
88 93 2486625.485
88 94 1181153.395
88 95 7254467.724
88 96 5718983.625
88 97 7906545.595
88 98 6899528.103
88 99 7045786.977
89 90 2255782.139
89 91 5403493.851
89 92 3378413.639
89 93 6448166.313
89 94 6514425.051
89 95 2408827.794
89 96 465995.9421
89 97 4332788.382
89 98 1834910.173
89 99 9870077.135
90 91 7047192.013
90 92 3950032.119
90 93 7218303.071
90 94 7876598.829
90 95 3666773.002
90 96 2397026.025
90 97 6007695.489
90 98 765329.1384
90 99 12074954.55
91 92 8381683.55
91 93 10755678
91 94 9859457.893
91 95 3392098.04
91 96 4992869.585
91 97 1071168.016
91 98 6299239.79
91 99 8973991.871
92 93 3278110.925
92 94 4114164.998
92 95 5764929.621
92 96 3839696.746
92 97 7352903.965
92 98 4233830.993
92 99 9854316.942
93 94 2120779.751
93 95 8699412.452
93 96 6879967.321
93 97 9830490.667
93 98 7507518.877
93 99 9309050.64
94 95 8433440.634
94 96 6869478.336
94 97 9058616.325
94 98 7967347.878
94 99 7210071.704
95 96 1943033.024
95 97 2383039.514
95 98 2911763.709
95 99 10156305.87
96 97 3921878.406
96 98 1845381.911
96 99 9892659.274
97 98 5267738.53
97 99 8929831.648
98 99 11700071.73
