4950
0 1 7792717.823
0 2 5707587.089
0 3 5869973.619
0 4 3430167.751
0 5 506826.1119
0 6 7538407.656
0 7 5000299.712
0 8 9897794.725
0 9 2776290.229
0 10 9086095.497
0 11 1467795.407
0 12 1390400.554
0 13 2724560.111
0 14 4034017.524
0 15 6899070.701
0 16 5317159.92
0 17 1657725.259
0 18 6606553.621
0 19 3970250.743
0 20 8301879.535
0 21 5757405.682
0 22 4201885.531
0 23 4345107.472
0 24 2986533.884
0 25 3543855.507
0 26 4588822.205
0 27 3325310.422
0 28 7220742.965
0 29 7271944.989
0 30 2305623.105
0 31 5441660.48
0 32 7122385.384
0 33 2007588.231
0 34 6179268.475
0 35 2024504.345
0 36 8719675.009
0 37 3866162.906
0 38 6045608.072
0 39 7520609.799
0 40 5322954.586
0 41 7707087.872
0 42 2615767.039
0 43 2448320.346
0 44 6871270.243
0 45 7210203.685
0 46 1492536.016
0 47 7847609.259
0 48 8383389.17
0 49 4400745.232
0 50 2389943.237
0 51 5149437.085
0 52 9633213.196
0 53 6545613.913
0 54 2395854.1
0 55 4702826.712
0 56 2696195.816
0 57 1456904.063
0 58 8111082.365
0 59 6899969.049
0 60 7249851.509
0 61 9280276.903
0 62 6654925.564
0 63 2547119.425
0 64 9786513.871
0 65 2099055.754
0 66 6234991.353
0 67 8122634.106
0 68 6429508.201
0 69 6681641.238
0 70 2966427.82
0 71 4539230.761
0 72 4763161.302
0 73 612494.0916
0 74 9088715.187
0 75 3060744.776
0 76 8045943.745
0 77 6115725.332
0 78 2130287.843
0 79 5988966.267
0 80 7784346.592
0 81 4162081.964
0 82 5859145.008
0 83 7680613.633
0 84 912527.1624
0 85 8485449.683
0 86 6936957.059
0 87 8600228.039
0 88 7046572.916
0 89 6561291.773
0 90 8249883.487
0 91 1371354.44
0 92 523210.0513
0 93 3574319.155
0 94 6116028.008
0 95 6232304.359
0 96 4785392.356
0 97 2955686.34
0 98 3176269.81
0 99 4186494.649
1 2 5624289.175
1 3 4491072.475
1 4 10648763.08
1 5 7372441.729
1 6 3907937.437
1 7 4134630.803
1 8 2937583.583
1 9 6050627.865
1 10 1295923.163
1 11 8971214.094
1 12 6842228.623
1 13 8585267.578
1 14 6636498.509
1 15 5090998.407
1 16 2513614.147
1 17 9441542.692
1 18 5908793.052
1 19 4779508.414
1 20 4988540.445
1 21 7475024.118
1 22 4100694.508
1 23 3483504.706
1 24 8435525.403
1 25 7489950.471
1 26 6294226.542
1 27 6210639.897
1 28 577403.5689
1 29 4769207.868
1 30 8139211.475
1 31 4216177.344
1 32 1190264.22
1 33 9143616.844
1 34 6520925.913
1 35 7844241.711
1 36 1291388.272
1 37 5138658.956
1 38 6026176.293
1 39 5000993.957
1 40 4022842.517
1 41 101820.4994
1 42 8913806.822
1 43 6633718.751
1 44 4468174.758
1 45 953439.0306
1 46 7340603.461
1 47 3725491.897
1 48 5119192.464
1 49 6195085.944
1 50 8039991.175
1 51 3036471.655
1 52 2336722.409
1 53 6920741.715
1 54 6977914.459
1 55 5639705.203
1 56 8593890.776
1 57 8190176.385
1 58 3332805.256
1 59 2183826.914
1 60 4234158.394
1 61 1611717.015
1 62 2729426.015
1 63 9290331.015
1 64 2733191.306
1 65 6114752.636
1 66 5528732.752
1 67 1929879.939
1 68 5763314.932
1 69 2232612.337
1 70 5377634.487
1 71 6401560.546
1 72 3270457.353
1 73 7201481.987
1 74 2231176.105
1 75 8455685.065
1 76 1523818.396
1 77 3839867.124
1 78 9692338.375
1 79 3505260.043
1 80 605727.5667
1 81 7418790.874
1 82 7641746.184
1 83 2586378.554
1 84 7030880.723
1 85 1475046.034
1 86 3963398.22
1 87 875954.1544
1 88 2923398.749
1 89 6486933.597
1 90 2735049.51
1 91 8930739.283
1 92 7565296.834
1 93 10496917.79
1 94 2109184.087
1 95 3843369.485
1 96 3841220.132
1 97 7464763.928
1 98 4626238.295
1 99 7044081.63
2 3 1140192.631
2 4 6851464.328
2 5 5633197.047
2 6 2636879.228
2 7 1801063.682
2 8 8556375.597
2 9 6292825.681
2 10 6519961.191
2 11 5996340.51
2 12 4319860.519
2 13 8064904.554
2 14 7770261.969
2 15 1368011.311
2 16 4671755.941
2 17 6841407.691
2 18 9004136.813
2 19 2195823.379
2 20 2867139.447
2 21 9451850.776
2 22 5545531.331
2 23 3759669.907
2 24 4208053.368
2 25 2949948.406
2 26 1315906.769
2 27 6911640.213
2 28 5191288.43
2 29 8664766.734
2 30 4362232.432
2 31 1472658.823
2 32 4439823.48
2 33 5744153.145
2 34 958034.0277
2 35 4294092.436
2 36 6915658.774
2 37 2048364.272
2 38 8723226.763
2 39 2032467.143
2 40 1726696.133
2 41 5525746.876
2 42 4987082.505
2 43 6574277.685
2 44 8206773.751
2 45 4671952.884
2 46 4346504.635
2 47 3038930.442
2 48 2907960.791
2 49 1422669.47
2 50 4211620.092
2 51 3090550.994
2 52 7957096.085
2 53 9605920.711
2 54 6828191.332
2 55 7519719.009
2 56 8048912.146
2 57 5007134.027
2 58 8185136.229
2 59 6548484.549
2 60 2173125.707
2 61 7142692.448
2 62 2957142.749
2 63 5512728.673
2 64 8355509.295
2 65 5661067.66
2 66 546594.3143
2 67 7208625.494
2 68 723785.6907
2 69 6392630.544
2 70 5694209.5
2 71 7960200.686
2 72 5120821.547
2 73 5195647.588
2 74 7808394.733
2 75 4181979.516
2 76 6876774.996
2 77 1806827.375
2 78 6545525.388
2 79 6839613.589
2 80 5174802.1
2 81 8380233.056
2 82 9614446.09
2 83 3656244.127
2 84 5583448.975
2 85 7030741.429
2 86 7898286.432
2 87 6439803.34
2 88 7226903.887
2 89 9345893.372
2 90 7844816.816
2 91 6036069.307
2 92 5895369.127
2 93 6469122.789
2 94 5630105.668
2 95 1831502.573
2 96 2323212.919
2 97 3335775.325
2 98 4376512.702
2 99 8155413.355
3 4 7526143.529
3 5 5698212.226
3 6 1784110.909
3 7 1072837.245
3 8 7426397.967
3 9 5928773.389
3 10 5381931.894
3 11 6417313.213
3 12 4497703.265
3 13 7966492.001
3 14 7311787.591
3 15 1171875.797
3 16 3752359.072
3 17 7196472.91
3 18 8244898.983
3 19 1946355.376
3 20 2435049.017
3 21 8898735.002
3 22 4869505.727
3 23 3027062.106
3 24 4924390.034
3 25 3710350.481
3 26 2135776.577
3 27 6492864.762
3 28 4071994.335
3 29 7773639.767
3 30 4940048.106
3 31 565534.2891
3 32 3303983.107
3 33 6273719.543
3 34 2036627.496
3 35 4794790.428
3 36 5782277.902
3 37 2003901.421
3 38 8020881.497
3 39 1690536.805
3 40 828214.2597
3 41 4393227.591
3 42 5641405.797
3 43 6296248.844
3 44 7325638.284
3 45 3537846.837
3 46 4673947.691
3 47 2161211.863
3 48 2522508.02
3 49 2140709.382
3 50 4797473.506
3 51 2162572.683
3 52 6821015.104
3 53 8931757.39
3 54 6586201.236
3 55 6909087.569
3 56 7955347.725
3 57 5438015.456
3 58 7156260.992
3 59 5530494.325
3 60 1408460.264
3 61 6002624.47
3 62 1818698.674
3 63 6142589.501
3 64 7223880.512
3 65 5404110.637
3 66 1097082.483
3 67 6118071.881
3 68 1369709.152
3 69 5388965.271
3 70 5263737.133
3 71 7429418.375
3 72 4320967.657
3 73 5300117.575
3 74 6686896.519
3 75 4912342.879
3 76 5775149.847
3 77 668134.7011
3 78 7035011.246
3 79 5960457.778
3 80 4035015.589
3 81 7982442.355
3 82 9066854.647
3 83 2576838.28
3 84 5568176.719
3 85 5910033.953
3 86 6980344.506
3 87 5301058.05
3 88 6240722.386
3 89 8635204.85
3 90 6780488.562
3 91 6436681.462
3 92 5960092.554
3 93 7197990.957
3 94 4646067.612
3 95 704826.3913
3 96 1573874.584
3 97 3968246.391
3 98 3913594.007
3 99 7718759.722
4 5 3933550.51
4 6 9308902.222
4 7 7030042.396
4 8 13053818.41
4 9 6204915.298
4 10 11900683.47
4 11 1962430.544
4 12 3852916.263
4 13 5408274.55
4 14 7369792.339
4 15 8218232.555
4 16 8335039.041
4 17 2243953.294
4 18 10017409.13
4 19 6070872.541
4 20 9718410.95
4 21 8986124.409
4 22 7515532.195
4 23 7192064.077
4 24 2643982.773
4 25 3903301.598
4 26 5536425.956
4 27 6729451.015
4 28 10073161.56
4 29 10698067.73
4 30 2613161.904
4 31 7305608.824
4 32 9767762.284
4 33 1539475.804
4 34 6841924.774
4 35 2842473.318
4 36 11725646.93
4 37 5785651.673
4 38 9445060.811
4 39 8883588.989
4 40 7308122.423
4 41 10553502.22
4 42 1884746.997
4 43 5839550.909
4 44 10291584.27
4 45 9909802.795
4 46 3313159.455
4 47 9686688.339
4 48 9758476.586
4 49 5454386.216
4 50 2745576.775
4 51 7696178.437
4 52 12707386.14
4 53 9878773.451
4 54 5727112.68
4 55 8122885.368
4 56 5371766.88
4 57 2478120.714
4 58 11447520.23
4 59 10122391.47
4 60 8902955.761
4 61 12225386.34
4 62 8884611.804
4 63 1399446.93
4 64 12920342.29
4 65 5516287.158
4 66 7382925.677
4 67 11299328.37
4 68 7460303.821
4 69 9902945.772
4 70 6364456.309
4 71 7901279.009
4 72 7948395.045
4 73 3817583.379
4 74 12230279.48
4 75 2673379.339
4 76 11166458.68
4 77 8010181.954
4 78 1379783.195
4 79 9347788.587
4 80 10508391.81
4 81 7350394.324
4 82 9063476.125
4 83 9881896.329
4 84 4334623.014
4 85 11563779.14
4 86 10335161.77
4 87 11506879.6
4 88 10362035.56
4 89 9935247.582
4 90 11522260.18
4 91 2062945.091
4 92 3918949.954
4 93 552270.1438
4 94 9257923.086
4 95 8107939.479
4 96 7053266.746
4 97 3559159.156
4 98 6272505.428
4 99 7453421.741
5 6 7317394.786
5 7 4776808.83
5 8 9421641.789
5 9 2278361.162
5 10 8667858.209
5 11 1971991.048
5 12 1359326.569
5 13 2548586.018
5 14 3583051.219
5 15 6767352.489
5 16 4880280.221
5 17 2123735.053
5 18 6117557.538
5 19 3765803.897
5 20 8132847.182
5 21 5334470.616
5 22 3709791.602
5 23 3957069.262
5 24 3302026.569
5 25 3705822.627
5 26 4588490.023
5 27 2845167.054
5 28 6804004.118
5 29 6766305.562
5 30 2618051.615
5 31 5240156.221
5 32 6744991.741
5 33 2489809.674
5 34 6174286.84
5 35 2298919.666
5 36 8269908.136
5 37 3706852.828
5 38 5562234.981
5 39 7371148.234
5 40 5100342.124
5 41 7288954.51
5 42 3021026.263
5 43 1981722.979
5 44 6364726.305
5 45 6822002.859
5 46 1657297.833
5 47 7610685.977
5 48 8220402.374
5 49 4389850.999
5 50 2680637.287
5 51 4814428
5 52 9170252.614
5 53 6086097.93
5 54 1966150.907
5 55 4210409.496
5 56 2524924.472
5 57 1843637.277
5 58 7610673.067
5 59 6417850.443
5 60 7053653.839
5 61 8839264.061
5 62 6361044.185
5 63 3002915.107
5 64 9313916.176
5 65 1592315.739
5 66 6146610.676
5 67 7645809.795
5 68 6356934.725
5 69 6200149.777
5 70 2461373.298
5 71 4074850.917
5 72 4294970.649
5 73 460751.1929
5 74 8615929.355
5 75 3374502.666
5 76 7578524.956
5 77 5893996.192
5 78 2636672.305
5 79 5486886.477
5 80 7388024.748
5 81 3765580.889
5 82 5443211.723
5 83 7380491.986
5 84 406051.2431
5 85 8024100.315
5 86 6430613.51
5 87 8167812.627
5 88 6549654.248
5 89 6087392.292
5 90 7758101.934
5 91 1877404.734
5 92 263303.4054
5 93 4064147.775
5 94 5650342.255
5 95 6011983.967
5 96 4517610.63
5 97 3130044.254
5 98 2746309.432
5 99 3761359.081
6 7 2541374.67
6 8 6740253.703
6 9 7189531.768
6 10 4413824.605
6 11 8176208.591
6 12 6195230.908
6 13 9432359.83
6 14 8416180.505
6 15 1465796.042
6 16 4258970.51
6 17 8932606.796
6 18 8840758.665
6 19 3568379.453
6 20 1173763.396
6 21 9832003.488
6 22 5767143.34
6 23 4015659.015
6 24 6698976.088
6 25 5470634.66
6 26 3857167.148
6 27 7671611.587
6 28 3692314.817
6 29 8089154.494
6 30 6723941.286
6 31 2105349.233
6 32 2815386.002
6 33 8052566.823
6 34 3218934.084
6 35 6573891.035
6 36 5112516.583
6 37 3710933.782
6 38 8731363.231
6 39 1128496.866
6 40 2217848.564
6 41 3829460.416
6 42 7424192.049
6 43 7634609.927
6 44 7682363.615
6 45 3046089.92
6 46 6420353.884
6 47 402374.441
6 48 1307190.041
6 49 3892200.739
6 50 6581549.485
6 51 2947498.311
6 52 6063594.249
6 53 9668311.464
6 54 7951669.719
6 55 7810511.975
6 56 9425387.364
6 57 7203709.794
6 58 7069816.888
6 59 5567898.463
6 60 479217.1376
6 61 5146557.885
6 62 1482108.9
6 63 7926594.587
6 64 6522946.122
6 65 6791415.141
6 66 2238619.384
6 67 5791020.59
6 68 2351090.505
6 69 5487588.346
6 70 6476945.903
6 71 8432705.396
6 72 5038245.41
6 73 6948399.95
6 74 6114220.749
6 75 6684421.257
6 76 5397829.403
6 77 1423909.054
6 78 8806329.578
6 79 6384642.875
6 80 3327606.315
6 81 9145525.113
6 82 10004712.86
6 83 1366732.31
6 84 7140446.242
6 85 5378949.513
6 86 7255592.389
6 87 4544506.217
6 88 6347884.857
6 89 9313352.517
6 90 6558926.945
6 91 8190321.464
6 92 7574431.612
6 93 8974422.994
6 94 4869392.27
6 95 1306545.19
6 96 2846553.724
6 97 5750094.114
6 98 5169811.246
6 99 8840107.694
7 8 7002206.014
7 9 4861829.523
7 10 5207964.961
7 11 5715179.649
7 12 3672778.511
7 13 6954289.225
7 14 6239063.772
7 15 2244534.399
7 16 2873277.236
7 17 6431327.082
7 18 7245692.697
7 19 1037719.26
7 20 3412007.14
7 21 7834850.618
7 22 3827726.463
7 23 1997833.962
7 24 4542788.494
7 25 3449011.925
7 26 2161923.501
7 27 5420788.135
7 28 3631645.224
7 29 6864927.366
7 30 4417309.005
7 31 514428.0651
7 32 3017138.645
7 33 5665175.666
7 34 2755249.941
7 35 4207472.952
7 36 5403046.56
7 37 1250765.78
7 38 6995695.8
7 39 2729221.123
7 40 323569.7045
7 41 4032901.68
7 42 5168186.439
7 43 5242165.1
7 44 6407898.726
7 45 3220750.336
7 46 3948994.562
7 47 2848385.515
7 48 3513356.491
7 49 2061194.744
7 50 4288496.364
7 51 1309079.618
7 52 6456429.543
7 53 7897353.251
7 54 5538871.636
7 55 5853867.686
7 56 6944844.358
7 57 4768152.082
7 58 6422982.34
7 59 4784066.084
7 60 2291771.163
7 61 5728235.106
7 62 1859511.907
7 63 5630620.02
7 64 6813731.464
7 65 4359066.41
7 66 2019689.675
7 67 5532959.227
7 68 2303101.692
7 69 4619043.03
7 70 4192051.669
7 71 6361366.723
7 72 3337067.379
7 73 4407716.074
7 74 6217728.603
7 75 4546624.526
7 76 5229896.624
7 77 1117490.277
7 78 6376595.107
7 79 5040197.616
7 80 3792149.273
7 81 6910586.987
7 82 8002270.496
7 83 2853000.615
7 84 4608916.649
7 85 5444753.213
7 86 6097293.812
7 87 4997449.48
7 88 5441363.889
7 89 7614157.637
7 90 6121122.672
7 91 5718344.598
7 92 5034534.441
7 93 6765061.181
7 94 3848915.819
7 95 1235247.892
7 96 532263.7004
7 97 3551123.698
7 98 2842041.349
7 99 6645934.294
8 9 7597718.041
8 10 2442108.803
8 11 11232503.58
8 12 9201882.472
8 13 9993319.914
8 14 7600149.335
8 15 8004608.359
8 16 4736165.902
8 17 11545358.87
8 18 5781181.704
8 19 7518121.67
8 20 7732683.502
8 21 7761548.806
8 22 5743102.127
8 23 5931885.906
8 24 11065505.86
8 25 10234186.52
8 26 9161028.204
8 27 7501954.117
8 28 3378311.831
8 29 4317900.062
8 30 10682224.17
8 31 7130473.213
8 32 4127784.635
8 33 11516759.34
8 34 9458114.16
8 35 10355262.31
8 36 1651753.057
8 37 7889808.776
8 38 6168489.758
8 39 7860211.878
8 40 6922553.269
8 41 3034164.625
8 42 11444324.79
8 43 8177523.228
8 44 4302221.321
8 45 3890662.071
8 46 9761757.118
8 47 6498354.164
8 48 7856295.367
8 49 9045179.915
8 50 10602232.92
8 51 5797698.638
8 52 709823.5064
8 53 6845692.653
8 54 8489978.094
8 55 6445267.606
8 56 10011449.5
8 57 10577371.16
8 58 2444998.439
8 59 3014930.787
8 60 7109333.988
8 61 1659304.823
8 62 5662623.16
8 63 11759721.06
8 64 220491.5709
8 65 7936767.572
8 66 8465890.861
8 67 1775907.091
8 68 8698528.836
8 69 3228975.855
8 70 7077299.475
8 71 7184210.017
8 72 5139121.817
8 73 9361079.904
8 74 826124.118
8 75 11095132.96
8 76 1892604.007
8 77 6777277.218
8 78 11952446.61
8 79 4228151.397
8 80 3447884.263
8 81 8307156.262
8 82 7898521.99
8 83 5376268.803
8 84 9034906.511
8 85 1564731.515
8 86 3853674.051
8 87 2196323.892
8 88 3113681.081
8 89 6386385.782
8 90 1897236.092
8 91 11171014.61
8 92 9563359.739
8 93 12977085.57
8 94 3800321.693
8 95 6780726.788
8 96 6647891.622
8 97 10132412.63
8 98 6791268.757
8 99 7928379.708
9 10 7313710.892
9 11 4242808.536
9 12 3009686.667
9 13 2534798.385
9 14 1556024.754
9 15 7098275.205
9 16 3600279.445
9 17 4229894.977
9 18 3847911.802
9 19 4105860.546
9 20 8216337.142
9 21 3358098.968
9 22 1960421.328
9 23 3210634.002
9 24 5315370.633
9 25 5332354.978
9 26 5626741.023
9 27 677596.6828
9 28 5535911.442
9 29 4519743.256
9 30 4663809.224
9 31 5376252.471
9 32 5756112.631
9 33 4765046.262
9 34 7068369.984
9 35 4303298.559
9 36 6691027.022
9 37 4256673.878
9 38 3307726.351
9 39 7585165.66
9 40 5149224.039
9 41 5986606.346
9 42 5203652.84
9 43 590823.289
9 44 4138817.718
9 45 5755592.039
9 46 3567863.04
9 47 7385064.999
9 48 8328436.959
9 49 5411677.024
9 50 4682900.878
9 51 4280012.432
9 52 7463773.954
9 53 3915305.915
9 54 929290.7796
9 55 1937180.543
9 56 2543263.441
9 57 4040274.558
9 58 5550126.434
9 59 4603251.776
9 60 7064882.239
9 61 7313550.95
9 62 5909953.068
9 63 5253603.225
9 64 7523055.5
9 65 811983.82
9 66 6708373.092
9 67 5848916.984
9 68 6970007.835
9 69 4400344.37
9 70 729257.8982
9 71 1926734.936
9 72 2781424.28
9 73 2498043.613
9 74 6835504.725
9 75 5380864.812
9 76 5870272.368
9 77 5865777.864
9 78 4878427.962
9 79 3437264.858
9 80 6235836.482
9 81 2088368.962
9 82 3498995.651
9 83 6826286.855
9 84 1889238.512
9 85 6356564.823
9 86 4262844.066
9 87 6725975.72
9 88 4555444.342
9 89 3860890.322
9 90 5804573.974
9 91 4142584.014
9 92 2291023.364
9 93 6341572.676
9 94 4039726.406
9 95 5980464.574
9 96 4412550.76
9 97 4843255.431
9 98 2031418.731
9 99 1891871.668
10 11 10250339.25
10 12 8114907.403
10 13 9845461.332
10 14 7810761.421
10 15 5770560.305
10 16 3807074.214
10 17 10733085.89
10 18 6787858.396
10 19 5952030.51
10 20 5336668.522
10 21 8503911.95
10 22 5355600.179
10 23 4765025.541
10 24 9628932.413
10 25 8630647.672
10 26 7334981.208
10 27 7439072.556
10 28 1865366.22
10 29 5501124.813
10 30 9365208.54
10 31 5203227.24
10 32 2196718.387
10 33 10405903.82
10 34 7356574.608
10 35 9080938.241
10 36 1118352.382
10 37 6298556.096
10 38 6988500.975
10 39 5542316.588
10 40 5047412.502
10 41 1379171.367
10 42 10140032.77
10 43 7900194.21
10 44 5280656.101
10 45 2015486.759
10 46 8600543.39
10 47 4133104.341
10 48 5456239.847
10 49 7257837.267
10 50 9260425.566
10 51 4230117.916
10 52 1733188.062
10 53 7839101.62
10 54 8242701.866
10 55 6764674.083
10 56 9855245.093
10 57 9453070.257
10 58 3790809.854
10 59 3121198.613
10 60 4822360.912
10 61 782820.335
10 62 3563244.172
10 63 10531751.5
10 64 2222406.228
10 65 7403578.235
10 66 6338304.435
10 67 2342762.195
10 68 6542482.382
10 69 3235871.666
10 70 6652879.219
10 71 7534545.182
10 72 4541946.443
10 73 8493052.175
10 74 2048266.822
10 75 9644990.634
10 76 1996931.498
10 77 4713901.957
10 78 10970045.06
10 79 4536522.831
10 80 1422245.584
10 81 8586819.52
10 82 8665176.656
10 83 3053361.575
10 84 8326803.869
10 85 1607078.422
10 86 4764795.828
10 87 663467.6432
10 88 3734079.424
10 89 7388625.213
10 90 3108652.464
10 91 10212295.88
10 92 8861197.911
10 93 11731612.67
10 94 3306570.4
10 95 4690407.649
10 96 4983635.999
10 97 8647489.222
10 98 5921814.249
10 99 8207215.632
11 12 2145966.651
11 13 3719807.51
11 14 5444765.719
11 15 7306470.399
11 16 6563820.167
11 17 910172.6801
11 18 8062996.385
11 19 4688484.36
11 20 8781964.711
11 21 7112574.428
11 22 5605210.284
11 23 5487724.859
11 24 2292979.888
11 25 3299859.986
11 26 4730023.714
11 27 4776187.972
11 28 8394041.761
11 29 8738077.831
11 30 1765687.733
11 31 6082785.587
11 32 8189691.133
11 33 669713.4939
11 34 6254367.295
11 35 1719011.215
11 36 9977287.17
11 37 4479772.749
11 38 7495479.531
11 39 7961912.811
11 40 6023377.123
11 41 8880250.683
11 42 1606973.242
11 43 3889647.361
11 44 8334585.956
11 45 8305740.378
11 46 1766197.545
11 47 8523299.797
11 48 8845164.976
11 49 4584368.166
11 50 1910670.39
11 51 6141408.285
11 52 10927164.44
11 53 7959437.113
11 54 3797539.854
11 55 6164136.048
11 56 3685217.662
11 57 989967.7217
11 58 9532919.314
11 59 8261804.5
11 60 7825770.617
11 61 10509637.28
11 62 7506503.282
11 63 1299094.914
11 64 11110121.59
11 65 3559069.831
11 66 6542687.168
11 67 9464065.665
11 68 6686680.901
11 69 8042340.025
11 70 4415694.769
11 71 5966407.219
11 72 6097347.684
11 73 1892197.935
11 74 10414724.46
11 75 2362753.018
11 76 9358854.562
11 77 6788647.422
11 78 723514.4196
11 79 7420239.445
11 80 8896405.432
11 81 5487145.138
11 82 7201312.773
11 83 8531397.068
11 84 2374572.652
11 85 9778437.196
11 86 8389222.391
11 87 9807951.313
11 88 8456622.186
11 89 7997358.632
11 90 9639702.589
11 91 122672.5818
11 92 1960650.951
11 93 2137762.412
11 94 7433297.447
11 95 6898248.25
11 96 5620697.275
11 97 2755364.585
11 98 4445709.532
11 99 5557386.634
12 13 3899470.859
12 14 4519381.947
12 15 5511134.685
12 16 4483545.875
12 17 2769742.239
12 18 6765441.327
12 19 2635160.584
12 20 6924211.517
12 21 6326068.514
12 22 3778205.279
12 23 3362368.667
12 24 2320969.472
12 25 2420880.463
12 26 3233908.869
12 27 3674428.224
12 28 6264840.571
12 29 7155949.374
12 30 1703434.201
12 31 4090816.208
12 32 6043761.837
12 33 2319995.58
12 34 4822571.457
12 35 1335069.279
12 36 7883205.878
12 37 2496121.459
12 38 6267039.127
12 39 6136564.846
12 40 3991849.641
12 41 6749770.242
12 42 2362041.337
12 43 2949007.364
12 44 6715966.073
12 45 6161140.03
12 46 608470.3279
12 47 6518074.245
12 48 7003207.742
12 49 3038224.766
12 50 1697585.053
12 51 3997900.901
12 52 8856821.606
12 53 6922519.402
12 54 3058077.743
12 55 4878086.601
12 56 3877135.164
12 57 1375489.841
12 58 7677742.893
12 59 6289463.711
12 60 5888611.275
12 61 8397762.179
12 62 5404559.566
12 63 2583717.891
12 64 9067506.836
12 65 2197908.367
12 66 4845389.882
12 67 7451463.928
12 68 5042572.921
12 69 6070689.574
12 70 2850657.546
12 71 4934326.572
12 72 4117364.454
12 73 900689.2679
12 74 8377896.568
12 75 2383334.923
12 76 7313698.207
12 77 4778793.663
12 78 2859274.005
12 79 5628438.837
12 80 6752998.888
12 81 4861792.166
12 82 6454552.101
12 83 6432878.077
12 84 1445251.593
12 85 7712011.601
12 86 6677378.094
12 87 7687861.122
12 88 6580940.924
12 89 6845620.062
12 90 7704423.257
12 91 2121020.893
12 92 1611214.597
12 93 3793540.535
12 94 5409191.353
12 95 4893491.648
12 96 3516351.293
12 97 1877424.873
12 98 2437239.293
12 99 4781363.931
13 14 2577917.194
13 15 9095762.689
13 16 6126594.568
13 17 3164943.986
13 18 5282176.806
13 19 6027451.814
13 20 10366240
13 21 3759387.046
13 22 4489862.991
13 23 5603625.412
13 24 5692005.114
13 25 6242029.373
13 26 7101611.648
13 27 2491949.539
13 28 8069826.032
13 29 6401597.271
13 30 5018479.618
13 31 7454749.057
13 32 8261666.105
13 33 4387247.893
13 34 8674590.541
13 35 4748650.713
13 36 9192751.585
13 37 6053864.908
13 38 4675317.271
13 39 9656981.09
13 40 7268560.923
13 41 8521404.705
13 42 5219055.354
13 43 1956794.459
13 44 6123463.993
13 45 8273041.839
13 46 4182203.483
13 47 9673833.125
13 48 10466416.95
13 49 6897106.482
13 50 5110119.932
13 51 6635263.057
13 52 9918620.118
13 53 4815065.219
13 54 1610657.439
13 55 3693274.55
13 56 36782.46856
13 57 4133406.267
13 58 7785313.653
13 59 7052252.671
13 60 9238861.059
13 61 9823060.2
13 62 8268979.489
13 63 5010080.065
13 64 9938057.976
13 65 2662477.042
13 66 8553512.587
13 67 8283424.154
13 68 8783465.974
13 69 6860126.287
13 70 3227918.547
13 71 3119603.294
13 72 5316171.959
13 73 3008632.83
13 74 9264137.065
13 75 5766707.005
13 76 8341680.193
13 77 8040305.46
13 78 4055745.996
13 79 5767409.36
13 80 8764782.817
13 81 2185553.906
13 82 3800031.619
13 83 9233120.744
13 84 2496941.857
13 85 8836402.985
13 86 6385657.101
13 87 9251423.975
13 88 6890789.422
13 89 5002897.163
13 90 8139956.863
13 91 3597187.273
13 92 2315680.632
13 93 5749127.298
13 94 6558801.258
13 95 8158798.44
13 96 6587543.131
13 97 5659378.559
13 98 4328488.991
13 99 2436761.446
14 15 8482907.526
14 16 4431511.606
14 17 5223393.692
14 18 2750183.715
14 19 5574449.692
14 20 9499628.211
14 21 1809473.022
14 22 2717058.624
14 23 4404690.505
14 24 6790579.982
14 25 6878154.341
14 26 7166206.492
14 27 882760.2533
14 28 6196683.175
14 29 3825477.594
14 30 6122564.978
14 31 6749084.456
14 32 6602195.502
14 33 6035589.366
14 34 8577527.534
14 35 5771680.913
14 36 7008810.923
14 37 5757147.763
14 38 2146591.696
14 39 8925012.199
14 40 6504397.306
14 41 6592059.98
14 42 6597917.742
14 43 1608469.721
14 44 3563032.43
14 45 6550112.284
14 46 5048085.833
14 47 8566208.124
14 48 9618446.123
14 49 6951419.035
14 50 6156230.524
14 51 5468682.786
14 52 7611425.743
14 53 2515016.78
14 54 1647262.206
14 55 1161615.066
14 56 2605506.126
14 57 5420193.896
14 58 5291797.832
14 59 4797280.352
14 60 8347376.257
14 61 7655420.277
14 62 7043010.415
14 63 6579190.993
14 64 7569462.472
14 65 2346883.448
14 66 8158742.278
14 67 5969674.375
14 68 8427749.055
14 69 4633423.329
14 70 2076053.11
14 71 557678.6962
14 72 3555982.647
14 73 3898408.208
14 74 6923714.318
14 75 6858788.775
14 76 6095271.266
14 77 7169778.483
14 78 5997450.296
14 79 3406460.532
14 80 6942887.866
14 81 784336.9568
14 82 1945449.147
14 83 7872254.153
14 84 3246431.323
14 85 6598731.107
14 86 3862451.438
14 87 7172669.026
14 88 4490634.341
14 89 2574954.891
14 90 5711846.041
14 91 5332002.661
14 92 3512348.857
14 93 7581906.707
14 94 4527969.357
14 95 7279433.398
14 96 5753518.539
14 97 6376872.288
14 98 3410964.288
14 99 428348.9438
15 16 4791611.052
15 17 8129414.913
15 18 9345787.875
15 19 3069696.526
15 20 1500541.831
15 21 10059509.58
15 22 6014570.608
15 23 4171285.198
15 24 5575378.71
15 25 4317764.576
15 26 2681806.6
15 27 7664699.001
15 28 4765464.866
15 29 8795199.517
15 30 5711019.466
15 31 1733943.6
15 32 3917743.034
15 33 7086113.264
15 34 1766454.395
15 35 5622715.787
15 36 6355199.522
15 37 3063844.445
15 38 9145742.2
15 39 665846.0289
15 40 1984896.472
15 41 5001297.31
15 42 6350355.636
15 43 7457691.127
15 44 8357522.062
15 45 4159091.921
15 46 5611479.01
15 47 1852213.303
15 48 1547620.435
15 49 2774437.533
15 50 5561545.199
15 51 3237772.39
15 52 7353500.565
15 53 10063976.63
15 54 7742898.122
15 55 8062504.905
15 56 9083326.493
15 57 6316823.037
15 58 8026385.877
15 59 6434714.641
15 60 992653.2873
15 61 6468558.505
15 62 2381137.37
15 63 6873740.116
15 64 7792228.264
15 65 6560545.788
15 66 859011.9071
15 67 6871481.205
15 68 902235.1548
15 69 6315062.714
15 70 6435488.779
15 71 8594873.896
15 72 5425781.983
15 73 6351368.14
15 74 7322136.336
15 75 5549789.867
15 76 6500438.86
15 77 1470372.576
15 78 7878857.649
15 79 7003221.796
15 80 4556725.92
15 81 9154209.961
15 82 10228306.22
15 83 2735064.489
15 84 6665518.387
15 85 6559437.403
15 86 7984143.179
15 87 5818494.051
15 88 7179421.62
15 89 9755347.701
15 90 7589085.806
15 91 7339041.856
15 92 7030548.599
15 93 7837036.122
15 94 5607470.507
15 95 1400580.465
15 96 2736765.981
15 97 4690947.089
15 98 5085347.886
15 99 8890413.278
16 17 6973522.276
16 18 4596184.444
16 19 2989785.282
16 20 5420405.361
16 21 5639128.018
16 22 1727855.165
16 23 1219768.691
16 24 6353628.857
16 25 5617349.74
16 26 4826055.241
16 27 3857950.124
16 28 1964309.991
16 29 4021280.996
16 30 5948614.148
16 31 3242411.122
16 32 2183108.356
16 33 6803458.618
16 34 5627901.345
16 35 5619402.839
16 36 3414184.453
16 37 3358745.599
16 38 4472710.64
16 39 5034898.693
16 40 2970538.692
16 41 2437420.918
16 42 6708722.61
16 43 4169885.803
16 44 3574483.611
16 45 2160747.038
16 46 5031343.479
16 47 4318896.494
16 48 5550724.659
16 49 4664205.066
16 50 5871819.771
16 51 1594295.197
16 52 4373380.08
16 53 5410161.731
16 54 4516161.588
16 55 3635450.153
16 56 6132651.959
16 57 5856977.458
16 58 3621426.339
16 59 2010153.733
16 60 4325977.337
16 61 3963288.888
16 62 2786901.721
16 63 7026122.424
16 64 4592848.12
16 65 3604440.326
16 66 4827858.709
16 67 3023784.603
16 68 5109003.677
16 69 1816337.568
16 70 2899614.819
16 71 4327226.413
16 72 875644.7792
16 73 4739996.114
16 74 3910074.964
16 75 6387272.581
16 76 2843562.162
16 77 3322853.928
16 78 7287303.715
16 79 2213043.247
16 80 2638482.787
16 81 5208693.572
16 82 5812440.097
16 83 3483969.429
16 84 4528466.248
16 85 3228740.104
16 86 3233213.275
16 87 3287859.166
16 88 2589058.743
16 89 5055436.148
16 90 3432825.578
16 91 6512855.777
16 92 5064385.237
16 93 8243522.616
16 94 1043931.18
16 95 3402137.587
16 96 2368218.104
16 97 5448341.285
16 98 2141096.454
16 99 4857930.441
17 18 7931963.36
17 19 5394565.712
17 20 9590101.814
17 21 6774664.679
17 22 5827214.477
17 23 5978891.371
17 24 3196966.673
17 25 4203241.949
17 26 5596180.678
17 27 4667859.789
17 28 8867996.43
17 29 8744929.635
17 30 2673961.334
17 31 6828716.519
17 32 8739444.508
17 33 1479778.85
17 34 7138399.419
17 35 2604275.941
17 36 10377382.71
17 37 5221792.825
17 38 7343157.377
17 39 8778284.107
17 40 6747106.353
17 41 9354789.989
17 42 2476511.351
17 43 3779656.131
17 44 8368701.756
17 45 8836874.205
17 46 2524577.504
17 47 9267056.613
17 48 9658555.939
17 49 5441631.517
17 50 2817470.729
17 51 6730439.831
17 52 11289010.95
17 53 7709145.363
17 54 3611167.349
17 55 6076641.882
17 56 3128498.477
17 57 1853670.58
17 58 9704563.066
17 59 8540926.206
17 60 8601925.808
17 61 10936809.13
17 62 8173300.255
17 63 2087288.498
17 64 11437106.86
17 65 3665697.621
17 66 7386207.297
17 67 9769539.103
17 68 7541435.443
17 69 8323421.845
17 70 4545917.012
17 71 5769628.374
17 72 6416082.613
17 73 2240088.526
17 74 10739140.04
17 75 3265597.758
17 76 9699710.729
17 77 7526877.982
17 78 905591.1396
17 79 7576554.884
17 80 9416942.083
17 81 5138455.606
17 82 6844846.936
17 83 9201771.645
17 84 2514667.618
17 85 10141697.19
17 86 8478444.138
17 87 10254283.07
17 88 8655670.746
17 89 7798320.279
17 90 9873134.115
17 91 833600.9977
17 92 1998265.962
17 93 2599087.873
17 94 7770423.358
17 95 7639563.227
17 96 6285697.997
17 97 3650010.201
17 98 4832425.967
17 99 5267544.107
18 19 6930330.193
18 20 10008863.65
18 21 2046841.457
18 22 3481754.478
18 23 5250607.622
18 24 9085469.93
18 25 8900967.602
18 26 8760181.903
18 27 3287959.124
18 28 5671854.981
18 29 1472129.936
18 30 8459775.514
18 31 7696546.46
18 32 6371461.305
18 33 8607358.516
18 34 9921832.653
18 35 8093262.96
18 36 5758212.471
18 37 7219972.402
18 38 607189.4849
18 39 9626308.918
18 40 7423640.456
18 41 5906433.144
18 42 9038382.601
18 43 4178716.55
18 44 1526800.004
18 45 6226166.212
18 46 7354806.136
18 47 8867443.25
18 48 10140220.65
18 49 8557454.591
18 50 8462558.524
18 51 6108025.831
18 52 6017230.625
18 53 1073237.622
18 54 4320843.026
18 55 1910982.865
18 56 5312747.253
18 57 7883526.268
18 58 3338688.122
18 59 3728729.671
18 60 8922147.833
18 61 6377570.72
18 62 7359731.503
18 63 9101456.672
18 64 5820046.77
18 65 4619069.996
18 66 9265065.691
18 67 4526817.484
18 68 9548639.984
18 69 3680729.079
18 70 3923003.028
18 71 2192505.959
18 72 3924311.397
18 73 6343266.424
18 74 5301626.815
18 75 9146524.918
18 76 4809704.438
18 77 7890514.781
18 78 8663531.55
18 79 2495640.353
18 80 6400613.058
18 81 3138962.489
18 82 2160629.163
18 83 7916258.512
18 84 5735271.925
18 85 5270051.903
18 86 2035423.042
18 87 6127161.328
18 88 3053794.396
18 89 611996.6491
18 90 3956568.573
18 91 7957229.47
18 92 6102450.899
18 93 10180332.65
18 94 4057706.549
18 95 7977577.717
18 96 6713559.191
18 97 8487756.886
18 98 4858337.568
18 99 2846920.565
19 20 4373708.815
19 21 7264126.778
19 22 3448579.003
19 23 1835240.904
19 24 3679338.994
19 25 2720747.387
19 26 1878157.27
19 27 4717330.181
19 28 4230336.29
19 29 6761030.776
19 30 3470580.529
19 31 1475088.993
19 32 3764901.945
19 33 4666620.9
19 34 3035766.41
19 35 3230940.295
19 36 5990336.55
19 37 374132.2973
19 38 6605202.724
19 39 3634853.445
19 40 1357030.178
19 41 4678724.676
19 42 4237202.857
19 43 4416960.185
19 44 6294716.399
19 45 3936547.236
19 46 2923246.005
19 47 3884027.969
19 48 4465504.569
19 49 1697075.008
19 50 3351729.332
19 51 1744429.861
19 52 7033808.209
19 53 7464746.867
19 54 4689335.432
19 55 5356715.334
19 56 6015481.917
19 57 3753557.362
19 58 6608811.023
19 59 4997983.432
19 60 3288268.112
19 61 6391201.416
19 62 2831806.12
19 63 4674208.12
19 64 7345399.967
19 65 3509654.97
19 66 2603848.667
19 67 5920114.685
19 68 2864147.454
19 69 4806117.694
19 70 3498401.555
19 71 5770579.814
19 72 3181673.035
19 73 3383503.739
19 74 6706264.406
19 75 3693754.09
19 76 5667773.54
19 77 2146920.445
19 78 5359000.984
19 79 4956198.081
19 80 4532016.805
19 81 6190461.557
19 82 7425390.051
19 83 3849750.313
19 84 3623076.293
19 85 5954902.094
19 86 6056799.703
19 87 5655440.833
19 88 5556851.871
19 89 7229768.281
19 90 6408285.893
19 91 4688363.419
19 92 4026094.67
19 93 5839194.841
19 94 4031820.931
19 95 2262873.086
19 96 987221.1062
19 97 2695486.285
19 98 2187588.269
19 99 5960624.523
20 21 10959788.37
20 22 6886763.057
20 23 5096655.392
20 24 7075181.934
20 25 5816975.218
20 26 4182072.39
20 27 8729629.557
20 28 4822039.021
20 29 9261867.07
20 30 7207407.174
20 31 2914175.676
20 32 3948520.196
20 33 8578771.234
20 34 3106873.543
20 35 7110515.235
20 36 6138544.189
20 37 4436397.144
20 38 9889753.371
20 39 834847.8344
20 40 3099778.764
20 41 4917135.022
20 42 7850825.421
20 43 8630913.611
20 44 8855993.063
20 45 4171656.827
20 46 7066304.93
20 47 1263756.906
20 48 134252.6533
20 49 4273893.267
20 50 7058436.695
20 51 4047522.208
20 52 7039003.52
20 53 10825436.63
20 54 8936454.761
20 55 8939027.969
20 56 10356683.09
20 57 7793856.19
20 58 8210862.028
20 59 6730652.054
20 60 1153526.589
20 61 6099875.773
20 62 2654282.353
20 63 8373808.184
20 64 7512927.184
20 65 7761306.566
20 66 2342930.763
20 67 6899358.648
20 68 2312976.94
20 69 6655092.261
20 70 7517564.035
20 71 9542120.856
20 72 6182337.417
20 73 7734826.792
20 74 7154541.632
20 75 7048972.202
20 76 6500065.167
20 77 2351032.587
20 78 9366621.714
20 79 7557373.461
20 80 4392015.662
20 81 10213481.85
20 82 11131956.79
20 83 2402253.102
20 84 7996314.789
20 85 6442926.669
20 86 8427825.219
20 87 5553438.285
20 88 7513095.714
20 89 10475807.28
20 90 7680973.954
20 91 8810332.2
20 92 8394524.302
20 93 9334155.395
20 94 6042917.442
20 95 2235898.29
20 96 3810340.402
20 97 6189914.679
20 98 6185307.288
20 99 9919972.917
21 22 4074500.431
21 23 5899144.451
21 24 8583563.187
21 25 8686890.045
21 26 8926132.933
21 27 2680580.404
21 28 7132516.771
21 29 3501468.838
21 30 7910631.494
21 31 8333241.82
21 32 7696523.564
21 33 7732456.258
21 34 10292927.29
21 35 7564338.49
21 36 7550407.569
21 37 7476595.777
21 38 1593076.144
21 39 10450452.38
21 40 8075443.973
21 41 7452430.978
21 42 8355206.873
21 43 3393214.741
21 44 3459334.506
21 45 7597318.842
21 46 6846526.235
21 47 9933811.644
21 48 11084441.18
21 49 8712259.756
21 50 7949770.521
21 51 6916459.004
21 52 7936118.706
21 53 1165687.97
21 54 3368653.097
21 55 2021541.06
21 56 3794715.426
21 57 7178107.527
21 58 5319828.192
21 59 5382713.641
21 60 9820508.125
21 61 8190431.029
21 62 8394638.909
21 63 8300844.926
21 64 7782534.471
21 65 4155668.766
21 66 9808070.412
21 67 6367397.979
21 68 10083520.59
21 69 5277209.016
21 70 3801196.951
21 71 1494869.458
21 72 4805103.268
21 73 5677672.252
21 74 7219838.046
21 75 8652699.102
21 76 6595684.754
21 77 8681498.149
21 78 7606373.596
21 79 3978292.398
21 80 7887394.8
21 81 1636605.985
21 82 173330.9095
21 83 9119253.51
21 84 5021206.188
21 85 7083451.679
21 86 3922271.293
21 87 7841744.873
21 88 4839237.894
21 89 1520648.379
21 90 5892846.65
21 91 6995019.783
21 92 5234724.164
21 93 9244485.547
21 94 5428542.948
21 95 8784528.499
21 96 7325139.477
21 97 8186190.009
21 98 5076853.677
21 99 1573139.567
22 23 1843678.688
22 24 5990996.31
22 25 5581227.483
22 26 5287251.026
22 27 2136698.292
22 28 3601144.468
22 29 3467967.288
22 30 5447895.64
22 31 4307408.17
22 32 3910440.566
22 33 5985911.55
22 34 6450155.264
22 35 5084546.103
22 36 4742152.522
22 37 3742205.758
22 38 3177818.241
22 39 6381422.668
22 40 4041361.596
22 41 4040227.738
22 42 6139303.493
22 43 2549623.124
22 44 3008418.274
22 45 3878700.324
22 46 4384389.054
22 47 5888490.701
22 48 7010850.573
22 49 5087553.133
22 50 5412458.123
22 51 2841958.724
22 52 5552342.501
22 53 4070280.349
22 54 2889645.118
22 55 2057278.31
22 56 4499746.361
22 57 5101256.177
22 58 3932066.809
22 59 2728270.713
22 60 5746060.887
22 61 5358877.19
22 62 4353820.902
22 63 6341942.001
22 64 5649605.923
22 65 2193679.657
22 66 5839986.577
22 67 3971375.651
22 68 6121689.116
22 69 2514503.549
22 70 1344880.236
22 71 2669417.344
22 72 858282.14
22 73 3713139.659
22 74 4953936.612
22 75 6041458.921
22 76 3951780.786
22 77 4612587.073
22 78 6309200.684
22 79 1850465.212
22 80 4320885.143
22 81 3488185.269
22 82 4246247.651
22 83 5157157.11
22 84 3312980.143
22 85 4427054.246
22 86 2910877.079
22 87 4765562.015
22 88 2851411.991
22 89 3800375.053
22 90 4048417.929
22 91 5529429.257
22 92 3832889.46
22 93 7532075.039
22 94 2082933.584
22 95 4713769.231
22 96 3302155.059
22 97 5244804.479
22 98 1465035.54
22 99 3145146.94
23 24 5139843.618
23 25 4402831.33
23 26 3708615.029
23 27 3658814.087
23 28 2906318.19
23 29 4951624.098
23 30 4753267.748
23 31 2466631.609
23 32 2789231.397
23 33 5673539.929
23 34 4691479.868
23 35 4432919.707
23 36 4535539.085
23 37 2191012.627
23 38 4999392.07
23 39 4552526.859
23 40 2198866.493
23 41 3392621.3
23 42 5519411.354
23 43 3703994.251
23 44 4487328.989
23 45 2866325.283
23 46 3878946.259
23 47 4186272.357
23 48 5216714.907
23 49 3531728.734
23 50 4670868.671
23 51 1074348.841
23 52 5532661.923
23 53 5905721.575
23 54 4038973.096
23 55 3893039.52
23 56 5602794.39
23 57 4720927.51
23 58 4797851.691
23 59 3215120.433
23 60 3945969.134
23 61 5036805.309
23 62 2699331.764
23 63 5857850.426
23 64 5780419.503
23 65 2949922.575
23 66 4017219.041
23 67 4239342.902
23 68 4300409.587
23 69 3013044.359
23 70 2485215.819
23 71 4454531.615
23 72 1372255.072
23 73 3742641.188
23 74 5106430.484
23 75 5172157.395
23 76 4042102.605
23 77 2784631.134
23 78 6208876.536
23 79 3134437.266
23 80 3439550.669
23 81 5129866.116
23 82 6069379.586
23 83 3632861.202
23 84 3651187.321
23 85 4400402.776
23 86 4228536.975
23 87 4325501.215
23 88 3731621.059
23 89 5616929.146
23 90 4646042.497
23 91 5447900.251
23 92 4172127.019
23 93 7073372.363
23 94 2254120.906
23 95 2889933.911
23 96 1467146.476
23 97 4228888.293
23 98 1288688
23 99 4826904.757
24 25 1259370.366
24 26 2893907.504
24 27 5969125.107
24 28 7874373.765
24 29 9427657.349
24 30 684534.2688
24 31 4755750.775
24 32 7444232.655
24 33 1774463.889
24 34 4230759.805
24 35 1019257.126
24 36 9607483.936
24 37 3345440.755
24 38 8587660.723
24 39 6240442.585
24 40 4793376.493
24 41 8335893.269
24 42 822368.5093
24 43 5190471.831
24 44 8978832.352
24 45 7613779.077
24 46 1747807.626
24 47 7083788.323
24 48 7114588.229
24 49 2819697.345
24 50 634381.2516
24 51 5404257.846
24 52 10634148.76
24 53 9230498.034
24 54 5240163.815
24 55 7198767.554
24 56 5661690.123
24 57 1563311.867
24 58 9793233.844
24 59 8301234.602
24 60 6280893.011
24 61 10043787.93
24 62 6398404.315
24 63 1355805.281
24 64 10908091.68
24 65 4506904.983
24 66 4738948.582
24 67 9377323.824
24 68 4819347.314
24 69 8088374.259
24 70 5166353.815
24 71 7230845.949
24 72 6183282.273
24 73 2914034.475
24 74 10241477.94
24 75 74784.79597
24 76 9179537.784
24 77 5447195.96
24 78 2586728.369
24 79 7821851.29
24 80 8210382.236
24 81 7054091.245
24 82 8702964.359
24 83 7363358.186
24 84 3570686.186
24 85 9520206.994
24 86 8901105.805
24 87 9310168.522
24 88 8694437.773
24 89 9163854.203
24 90 9737469.298
24 91 2387730.824
24 92 3465601.303
24 93 2275844.65
24 94 7364108.786
24 95 5538058.198
24 96 4659735.3
24 97 992226.1111
24 98 4557337.284
24 99 7018576.238
25 26 1638158.522
25 27 6009336.2
25 28 6947098.578
25 29 9047698.255
25 30 1540655.167
25 31 3595514.804
25 32 6434017.273
25 33 2909078.618
25 34 3003468.036
25 35 1621494.408
25 36 8710493.919
25 37 2354058.835
25 38 8457723.269
25 39 4982398.291
25 40 3667159.02
25 41 7388663.914
25 42 2056558.315
25 43 5346995.629
25 44 8585779.612
25 45 6621247.682
25 46 2060413.977
25 47 5860466.392
25 48 5855551.738
25 49 1578756.258
25 50 1391721.33
25 51 4462010.691
25 52 9754547.327
25 53 9190831.428
25 54 5475043.254
25 55 7084477.077
25 56 6216210.367
25 57 2374512.938
25 58 9182302.815
25 59 7617645.36
25 60 5042754.188
25 61 9100935.19
25 62 5275291.222
25 63 2589832.444
25 64 10063662.92
25 65 4531308.692
25 66 3479638.813
25 67 8609110.31
25 68 3561985.318
25 69 7414002.182
25 70 5016506.449
25 71 7250396.582
25 72 5604562.862
25 73 3254345.126
25 74 9419174.645
25 75 1232033.487
25 76 8373136.23
25 77 4266700.434
25 78 3731394.656
25 79 7335536.671
25 80 7208668.013
25 81 7268955.804
25 82 8823121.439
25 83 6206442.358
25 84 3858462.251
25 85 8672487.526
25 86 8439671.646
25 87 8365030.925
25 88 8097892.062
25 89 9062292.973
25 90 9048591.848
25 91 3369642.736
25 92 3927530.261
25 93 3522235.347
25 94 6656661.266
25 95 4350461.223
25 96 3652792.777
25 97 589798.0813
25 98 4116856.181
25 99 7167492.925
26 27 6285506.113
26 28 5793396.947
26 29 8637891.766
26 30 3058304.095
26 31 2143479.849
26 32 5160148.953
26 33 4444451.904
26 34 1590673.705
26 35 3014511.809
26 36 7564942.667
26 37 1549103.712
26 38 8403195.302
26 39 3347228.212
26 40 2288062.729
26 41 6192601.731
26 42 3671366.706
26 43 5809355.684
26 44 8171378.073
26 45 5371448.703
26 46 3154012.494
26 47 4252445.283
26 48 4223865.42
26 49 215097.0488
26 50 2906829.087
26 51 3397572.613
26 52 8618321.608
26 53 9232100.266
26 54 6020367.087
26 55 7104645.817
26 56 7081818.578
26 57 3746690.802
26 58 8444922.196
26 59 6817847.245
26 60 3417830.258
26 61 7881213.33
26 62 3838105.874
26 63 4197803.029
26 64 8974014.385
26 65 4906955.13
26 66 1853806.636
26 67 7656733.736
26 68 1965363.073
26 69 6634854.051
26 70 5125592.781
26 71 7435811.017
26 72 5059790.836
26 73 4133340.635
26 74 8371548.237
26 75 2869480.726
26 76 7369462.036
26 77 2747169.625
26 78 5252917.868
26 79 6834336.877
26 80 5930903.731
26 81 7696595.322
26 82 9079563.773
26 83 4696621.923
26 84 4605960.044
26 85 7600995.843
26 86 7934367.417
26 87 7153192.31
26 88 7410473.904
26 89 9026408.934
26 90 8202230.728
26 91 4777711.932
26 92 4843896.328
26 93 5160277.351
26 94 5857028.479
26 95 2815338.284
26 96 2536241.574
26 97 2027409.615
26 98 3926009.409
26 99 7518544.591
27 28 5728207.471
27 29 4110989.539
27 30 5310439.398
27 31 5933738.895
27 32 6040340.495
27 33 5331391.805
27 34 7706954.476
27 35 4953341.656
27 36 6730533.762
27 37 4888397.052
27 38 2720536.417
27 39 8127740.106
27 40 5696362.797
27 41 6155509.243
27 42 5824531.507
27 43 892452.3487
27 44 3769709.199
27 45 6014416.528
27 46 4221651.882
27 47 7843942.535
27 48 8845392.93
27 49 6070623.325
27 50 5335347.409
27 51 4732586.429
27 52 7431195.856
27 53 3267207.245
27 54 1086163.911
27 55 1408791.701
27 56 2509632.714
27 57 4652425.055
27 58 5328032.259
27 59 4567296.051
27 60 7576110.388
27 61 7367536.852
27 62 6340075.166
27 63 5845379.741
27 64 7446120.254
27 65 1482447.453
27 66 7311522.431
27 67 5793531.186
27 68 7577607.135
27 69 4379329.719
27 70 1229798.032
27 71 1261783.912
27 72 2994646.257
27 73 3113054.268
27 74 6772983.031
27 75 6035709.825
27 76 5861806.49
27 77 6386291.068
27 78 5377637.827
27 79 3278442.731
27 80 6454914.243
27 81 1490085.094
27 82 2822176.319
27 83 7214868.672
27 84 2477889.95
27 85 6359568.757
27 86 3965482.368
27 87 6824897.525
27 88 4403810.008
27 89 3243710.575
27 90 5655294.301
27 91 4669715.318
27 92 2816419.62
27 93 6899164.544
27 94 4133074.442
27 95 6498496.762
27 96 4949816.192
27 97 5517250.267
27 98 2579532.74
27 99 1244217.387
28 29 4636038.691
28 30 7569267.547
28 31 3753680.248
28 32 876940.1346
28 33 8566812.231
28 34 6108601.821
28 35 7271896.76
28 36 1774050.464
28 37 4593335.291
28 38 5736382.992
28 39 4742897.797
28 40 3544286.962
28 41 487014.3488
28 42 8343560.997
28 43 6114446.175
28 44 4293593.026
28 45 650761.5607
28 46 6764191.945
28 47 3564294.286
28 48 4955314.171
28 49 5685457.121
28 50 7471485.217
28 51 2485996.999
28 52 2826820.218
28 53 6650771.725
28 54 6459874.289
28 55 5242223.486
28 56 8077332.614
28 57 7613363.208
28 58 3391225.453
28 59 2017750.531
28 60 3969061.804
28 61 2169913.152
28 62 2384350.777
28 63 8716693.197
28 64 3185307.739
28 65 5568637.598
28 66 5136424.504
28 67 2112591.138
28 68 5382845.948
28 69 2010180.924
28 70 4850762.617
28 71 5993616.777
28 72 2755983.357
28 73 6627920.761
28 74 2617134.259
28 75 7895752.714
28 76 1735107.848
28 77 3439658.088
28 78 9115071.146
28 79 3206676.189
28 80 756166.1
28 81 6980907.096
28 82 7301895.814
28 83 2453441.532
28 84 6465997.382
28 85 1839453
28 86 3807619.424
28 87 1439042.138
28 88 2799985.616
28 89 6230597.058
28 90 2866890.804
28 91 8353837.263
28 92 6999543.706
28 93 9924440.431
28 94 1707057.428
28 95 3456909.357
28 96 3308621.741
28 97 6907644.319
28 98 4058736.304
28 99 6611127.609
29 30 8853976.609
29 31 7259210.281
29 32 5426177.092
29 33 9216463.26
29 34 9613896.82
29 35 8486433.5
29 36 4426329.276
29 37 7093617.032
29 38 1936509.304
29 39 8984437.657
29 40 6986014.614
29 41 4784879.379
29 42 9506199.809
29 43 4977965.661
29 44 466865.2724
29 45 5246695.999
29 46 7763481.438
29 47 8056465.231
29 48 9395721.435
29 49 8450339.126
29 50 8831806.161
29 51 5613680.529
29 52 4587036.73
29 53 2528442.816
29 54 5196801.853
29 55 2733644.376
29 56 6428403.671
29 57 8403079.71
29 58 1885376.409
29 59 2618717.376
29 60 8240723.226
29 61 5020421.307
29 62 6619012.555
29 63 9647160.943
29 64 4365067.291
29 65 5182812.217
29 66 8846237.351
29 67 3177894.951
29 68 9128139.633
29 69 2641320.713
29 70 4355783.473
29 71 3299340.711
29 72 3582793.578
29 73 6905084.101
29 74 3876705.982
29 75 9481340.534
29 76 3504197.929
29 77 7325146.196
29 78 9391817.484
29 79 1825399.926
29 80 5314638.75
29 81 4377242.946
29 82 3624170.446
29 83 7021421.375
29 84 6363715.957
29 85 3929118.059
29 86 836912.7351
29 87 4853268.496
29 88 1847471.756
29 89 2070478.173
29 90 2532353.159
29 91 8643298.513
29 92 6804631.876
29 93 10792822.9
29 94 3222950.939
29 95 7396539.997
29 96 6342049.405
29 97 8709932.078
29 98 4932934.179
29 99 4035309.687
30 31 4696798.955
30 32 7204376.095
30 33 1387623.029
30 34 4527150.756
30 35 368373.1039
30 36 9271201.41
30 37 3175264.127
30 38 7951380.54
30 39 6375499.75
30 40 4695115.374
30 41 8041432.428
30 42 774931.2181
30 43 4518836.41
30 44 8411004.932
30 45 7358495.493
30 46 1105060.304
30 47 7095210.159
30 48 7258639.163
30 49 2940153.54
30 50 152125.4411
30 51 5138230.231
30 52 10282010.2
30 53 8575926.052
30 54 4560874.6
30 55 6563756.305
30 56 4988655.901
30 57 911544.0912
30 58 9303952.37
30 59 7852849.973
30 60 6332735.396
30 61 9736614.276
30 62 6273286.005
30 63 1214296.908
30 64 10533178.18
30 65 3859845.851
30 66 4906427.472
30 67 8965913.713
30 68 5022823.152
30 69 7636945.016
30 70 4552305.952
30 71 6571231.912
30 72 5704776.731
30 73 2235518.21
30 74 9856220.028
30 75 757752.1586
30 76 8790288.235
30 77 5403356.885
30 78 2203456.231
30 79 7292299.99
30 80 7957781.821
30 81 6373500.217
30 82 8028197.875
30 83 7268772.852
30 84 2892719.848
30 85 9153389.315
30 86 8356855.401
30 87 9008285.526
30 88 8204152.576
30 89 8520483.134
30 90 9283983.619
30 91 1842367.842
30 92 2781333.74
30 93 2371914.799
30 94 6934273.233
30 95 5503059.041
30 96 4456832.585
30 97 1032613.767
30 98 4046346.196
30 99 6343282.779
31 32 3051506.553
31 33 5989587.111
31 34 2425577.918
31 35 4516531.706
31 36 5503148.83
31 37 1607280.053
31 38 7464029.043
31 39 2216688.856
31 40 274316.4761
31 41 4115749.346
31 42 5427615.064
31 43 5754905.718
31 44 6807275.675
31 45 3273506.341
31 46 4321706.868
31 47 2441087.729
31 48 3012080.783
31 49 2091629.759
31 50 4560769.228
31 51 1648382.521
31 52 6552607.959
31 53 8372337.228
31 54 6050022.654
31 55 6344563.652
31 56 7444711.19
31 57 5118286.209
31 58 6715666.968
31 59 5080668.363
31 60 1813498.651
31 61 5776081.531
31 62 1698705.907
31 63 5909921.031
31 64 6934291.656
31 65 4869372.601
31 66 1587272.03
31 67 5742301.068
31 68 1869825.348
31 69 4928653.671
31 70 4705401.921
31 71 6864034.67
31 72 3775248.5
31 73 4857971.523
31 74 6367384.859
31 75 4752025.262
31 76 5416779.979
31 77 709507.7591
31 78 6725627.673
31 79 5439784.154
31 80 3812467.564
31 81 7423685.271
31 82 8501335.015
31 83 2612355.95
31 84 5087862.653
31 85 5589898.209
31 86 6475579.06
31 87 5056875.066
31 88 5769789.06
31 89 8079738.778
31 90 6372364.29
31 91 6093342.111
31 92 5499966.685
31 93 7010582.753
31 94 4171999.329
31 95 815974.5969
31 96 1008705.092
31 97 3774175.627
31 98 3355602.591
31 99 7157181.868
32 33 8296334.389
32 34 5331405.738
32 35 6932913.925
32 36 2479583.768
32 37 4106263.87
32 38 6379378.972
32 39 3870711.081
32 40 2874329.569
32 41 1094793.728
32 42 7977809.68
32 43 6311465.22
32 44 5058376.972
32 45 241390.3636
32 46 6493050.232
32 47 2694328.579
32 48 4082062.103
32 49 5074085.508
32 50 7094557.118
32 51 2071584.433
32 52 3517326.322
32 53 7309148.912
32 54 6657145.366
32 55 5739237.541
32 56 8265362.442
32 57 7348287.406
32 58 4262366.52
32 59 2826891.397
32 60 3097496.544
32 61 2725182.963
32 62 1543825.186
32 63 8386123.641
32 64 3922744.913
32 65 5664542.787
32 66 4338527.92
32 67 2983517.286
32 68 4574085.149
32 69 2784914.018
32 70 5039703.659
32 71 6463034.887
32 72 3054564.206
32 73 6514841.997
32 74 3412087.137
32 75 7458389.087
32 76 2598014.647
32 77 2650215.415
32 78 8901321.883
32 79 3877579.453
32 80 775773.0509
32 81 7382771.317
32 82 7868513.757
32 83 1602550.15
32 84 6439694.38
32 85 2643790.89
32 86 4590667.735
32 87 2006253.929
32 88 3615288.597
32 89 6906502.959
32 90 3743763.737
32 91 8161650.224
32 92 6961352.718
32 93 9575582.695
32 94 2318090.242
32 95 2653121.014
32 96 2789911.06
32 97 6459262.167
32 98 4050719.337
32 99 7026469.163
33 34 5908506.437
33 35 1478934.533
33 36 10201581.83
33 37 4414774.032
33 38 8050739.188
33 39 7749101.344
33 40 5960116.058
33 41 9049602.633
33 42 1004449.909
33 43 4455864.78
33 44 8800849.58
33 45 8428820.327
33 46 1805774.93
33 47 8414742.282
33 48 8633148.785
33 49 4321485.666
33 50 1539666.507
33 51 6228147.26
33 52 11176788.2
33 53 8549520.182
33 54 4391097.903
33 55 6699649.822
33 56 4352829.338
33 57 953449.8284
33 58 9916627.407
33 59 8582984.009
33 60 7676325.836
33 61 10710240.36
33 62 7498134.38
33 63 630835.4666
33 64 11384688.06
33 65 4038219.446
33 66 6289369.698
33 67 9760654.113
33 68 6409536.651
33 69 8363551.551
33 70 4865928.645
33 71 6545729.614
33 72 6408943.646
33 73 2312312.704
33 74 10693744.59
33 75 1837296.183
33 76 9630671.805
33 77 6699092.444
33 78 822986.2928
33 79 7824300.245
33 80 9025495.666
33 81 6115222.331
33 82 7826081.311
33 83 8512213.533
33 84 2876319.453
33 85 10031731.97
33 86 8825857.375
33 87 9996054.843
33 88 8828637.889
33 89 8568878.985
33 90 9984114.735
33 91 791661.7238
33 92 2525059.778
33 93 1578652.077
33 94 7719640.547
33 95 6803690.319
33 96 5633217.775
33 97 2420214.797
33 98 4733176.701
33 99 6169046.817
34 35 4536620.696
34 36 7810979.571
34 37 2820763.823
34 38 9623645.151
34 39 2332562.694
34 40 2683311.575
34 41 6423967.334
34 42 5047439.876
34 43 7303533.444
34 44 9154582.12
34 45 5567565.849
34 46 4736064.344
34 47 3612763.267
34 48 3106375.764
34 49 1784625.539
34 50 4375457.046
34 51 4048499.712
34 52 8844300.166
34 53 10494376.18
34 54 7535262.04
34 55 8391789.776
34 56 8655729.471
34 57 5284785.182
34 58 9140875.287
34 59 7504945.844
34 60 2739991.184
34 61 8006997.498
34 62 3814189.817
34 63 5582508.692
34 64 9254031.578
34 65 6391786.072
34 66 1022014.558
34 67 8147063.696
34 68 867997.0795
34 69 7350080.476
34 70 6506825.171
34 71 8798222.448
34 72 6058878.12
34 73 5720832.741
34 74 8722990.687
34 75 4189490.734
34 76 7808796.091
34 77 2681190.951
34 78 6728988.683
34 79 7788497.018
34 80 6046714.751
34 81 9154777.063
34 82 10452561.72
34 83 4399860.211
34 84 6177680.458
34 85 7946354.699
34 86 8851778.574
34 87 7317259.105
34 88 8184934.211
34 89 10247618.86
34 90 8793528.743
34 91 6310974.413
34 92 6430992.478
34 93 6406241.24
34 94 6588082.699
34 95 2683697.106
34 96 3272414.946
34 97 3503714.847
34 98 5220545.064
34 99 8950126.84
35 36 8960631.992
35 37 2957499.895
35 38 7586722.396
35 39 6283473.389
35 40 4496035.357
35 41 7747291.669
35 42 1089703.577
35 43 4171221.011
35 44 8043952.088
35 45 7080559.719
35 46 738744.4454
35 47 6937116.546
35 48 7167833.884
35 49 2875250.645
35 50 385843.8926
35 51 4862324.235
35 52 9965276.352
35 53 8217136.422
35 54 4223906.752
35 55 6198694.248
35 56 4719978.446
35 57 756153.5423
35 58 8949240.614
35 59 7508800.998
35 60 6197789.51
35 61 9435848.221
35 62 6053668.978
35 63 1453219.364
35 64 10208916.47
35 65 3497467.318
35 66 4840626.588
35 67 8631506.081
35 68 4975780.285
35 69 7292236.598
35 70 4184288.512
35 71 6214773.356
35 72 5354749.807
35 73 1898426.386
35 74 9529138.221
35 75 1088519.597
35 76 8462731.833
35 77 5225797.479
35 78 2256322.518
35 79 6930431.795
35 80 7679804.4
35 81 6038870.467
35 82 7683987.251
35 83 7059800.686
35 84 2553970.165
35 85 8832689.996
35 86 7992471.008
35 87 8710176.538
35 88 7849637.289
35 89 8157663.637
35 90 8937780.708
35 91 1774551.092
35 92 2477689.137
35 93 2652678.941
35 94 6596185.781
35 95 5329220.741
35 96 4211398.365
35 97 1049610.885
35 98 3690607.326
35 99 5999789.713
36 37 6356670.186
36 38 6001641.069
36 39 6225928.696
36 40 5304409.813
36 41 1390078.727
36 42 10042387.53
36 43 7281837.688
36 44 4236713.551
36 45 2244433.954
36 46 8413251.1
36 47 4889278.081
36 48 6265209.138
36 49 7458965.479
36 50 9180418.432
36 51 4249242.401
36 52 1053384.224
36 53 6821511.32
36 54 7615743.017
36 55 5913562.377
36 56 9205873.87
36 57 9250894.335
36 58 2677084.718
36 59 2217270.699
36 60 5469265.222
36 61 648169.8016
36 62 4011184.124
36 63 10392418.33
36 64 1443792.752
36 65 6889713.597
36 66 6815827.44
36 67 1248950.55
36 68 7047253.414
36 69 2375471.774
36 70 6080422.919
36 71 6683803.562
36 72 4002029.665
36 73 8149972.521
36 74 1021922.188
36 75 9631902.351
36 76 955557.3315
36 77 5129789.367
36 78 10700801.19
36 79 3639206.768
36 80 1799817.239
36 81 7769779.212
36 82 7706703.695
36 83 3755935.242
36 84 7903934.253
36 85 498686.8255
36 86 3723584.224
36 87 597884.959
36 88 2721301.581
36 89 6365507.575
36 90 1992424.942
36 91 9926964.743
36 92 8440120.012
36 93 11606902.21
36 94 2662859.455
36 95 5131183.318
36 96 5080897.739
36 97 8651271.117
36 98 5549315.163
36 99 7386797.177
37 38 6876690.11
37 39 3664760.25
37 40 1547761.954
37 41 5037587.316
37 42 3933575.973
37 43 4526033.634
37 44 6626874.175
37 45 4283962.326
37 46 2716114.063
37 47 4047709.109
37 48 4519745.257
37 49 1356960.8
37 50 3050127.422
37 51 2107953.492
37 52 7401640.39
37 53 7721697.221
37 54 4780828.657
37 55 5602384.37
37 56 6039767.423
37 57 3523286.545
37 58 6975438.647
37 59 5368016.034
37 60 3392933.179
37 61 6750240.918
37 62 3099017.603
37 63 4386398.115
37 64 7716261.664
37 65 3612732.872
37 66 2506755.225
37 67 6294246.805
37 68 2749601.275
37 69 5174921.874
37 70 3686163.961
37 71 5981743.579
37 72 3521665.33
37 73 3299921.988
37 74 7078776.11
37 75 3356390.252
37 76 6041350.44
37 77 2309707.012
37 78 5132144.479
37 79 5296935.28
37 80 4876924.07
37 81 6344996.489
37 82 7635085.963
37 83 4102304.789
37 84 3603300.751
37 85 6326177.474
37 86 6400582.281
37 87 6014302.478
37 88 5919265.546
37 89 7500936.934
37 90 6780473.003
37 91 4488028.743
37 92 3969747.428
37 93 5534319.992
37 94 4401663.811
37 95 2420535.505
37 96 1316694.101
37 97 2356016.368
37 98 2417819.226
37 99 6132279.252
38 39 9462954.961
38 40 7193994.278
38 41 6013655.444
38 42 8510379.376
38 43 3606239.655
38 44 1866305.164
38 45 6253284.804
38 46 6848084.401
38 47 8785306.607
38 48 10019230.73
38 49 8196654.418
38 50 7960401.359
38 51 5918242.529
38 52 6349993.611
38 53 938536.7283
38 54 3733900.897
38 55 1388966.159
38 56 4705810.497
38 57 7347927.782
38 58 3727397.455
38 59 3878867.686
38 60 8780770.374
38 61 6635594.702
38 62 7258681.865
38 63 8556287.472
38 64 6190040.56
38 65 4095628.267
38 66 9012775.649
38 67 4798920.985
38 68 9295199.823
38 69 3797906.848
38 70 3448453.648
38 71 1589158.373
38 72 3728694.556
38 73 5805535.557
38 74 5633168.317
38 75 8650367.662
38 76 5046236.036
38 77 7708076.845
38 78 8085755.72
38 79 2530493.71
38 80 6481575.872
38 81 2538735.288
38 82 1733044.5
38 83 7882087.019
38 84 5186463.495
38 85 5525841.47
38 86 2333425.982
38 87 6325038.118
38 88 3280801.733
38 89 624571.4019
38 90 4301916.389
38 91 7388033.579
38 92 5536625.327
38 93 9619667.835
38 94 4065217.209
38 95 7800880.462
38 96 6466254.067
38 97 8024891.868
38 98 4479542.251
38 99 2240818.623
39 40 2435941.991
39 41 4918418.472
39 42 7016194.001
39 43 7971335.436
39 44 8559856.618
39 45 4108016.128
39 46 6256916.427
39 47 1445047.853
39 48 884360.5251
39 49 3440020.69
39 50 6226223.678
39 51 3550859.61
39 52 7187390.039
39 53 10391144.77
39 54 8266580.198
39 55 8438367.217
39 56 9645874.095
39 57 6972805.894
39 58 8084954.587
39 59 6535641.956
39 60 774005.9915
39 61 6273679.425
39 62 2403031.309
39 63 7539543.899
39 64 7643648.647
39 65 7085604.187
39 66 1511922.107
39 67 6853989.795
39 68 1503514.376
39 69 6435391.666
39 70 6903670.077
39 71 9004859.869
39 72 5734582.676
39 73 6963338.89
39 74 7220347.172
39 75 6214421.671
39 76 6467993.732
39 77 1769091.962
39 78 8539794.796
39 79 7225805.166
39 80 4432515.517
39 81 9617247.474
39 82 10621070.5
39 83 2493427.876
39 84 7252727.28
39 85 6475730.045
39 86 8160105.671
39 87 5663888.063
39 88 7301699.641
39 89 10063098.11
39 90 7604083.251
39 91 7992587.302
39 92 7633849.439
39 93 8500415.988
39 94 5766823.619
39 95 1668204.978
39 96 3178054.848
39 97 5356400.71
39 98 5557532.683
39 99 9339221.651
40 41 3921727.808
40 42 5438843.708
40 43 5541282.352
40 44 6533700.616
40 45 3089454.157
40 46 4257675.261
40 47 2527103.727
40 48 3203463.599
40 49 2213640.193
40 50 4563359.016
40 51 1377302.255
40 52 6356251.672
40 53 8103873.205
40 54 5841748.357
40 55 6082470.796
40 56 7259497.966
40 57 5070816.7
40 58 6458470.905
40 59 4821838.054
40 60 1972676.944
40 61 5598298.427
40 62 1609460.628
40 63 5909372.584
40 64 6729060.099
40 65 4663938.391
40 66 1861026.834
40 67 5506597.52
40 68 2143793.251
40 69 4667028.41
40 70 4470088.232
40 71 6610027.782
40 72 3501679.412
40 73 4730985.849
40 74 6151419.259
40 75 4793902.065
40 76 5187735.699
40 77 793945.0266
40 78 6679674.038
40 79 5166081.891
40 80 3643386.867
40 81 7186406.362
40 82 8244007.95
40 83 2576283.227
40 84 4931142.379
40 85 5374880.046
40 86 6203737.729
40 87 4873569.384
40 88 5504982.326
40 89 7809055.193
40 90 6125199.383
40 91 6028533.248
40 92 5357997.441
40 93 7031173.754
40 94 3907320.221
40 95 911680.6121
40 96 752215.0428
40 97 3804537.219
40 98 3122343.884
40 99 6914831.905
41 42 8816100.226
41 43 6568462.693
41 44 4476110.757
41 45 856561.3114
41 46 7246136.998
41 47 3653551.488
41 48 5048221.353
41 49 6093314.974
41 50 7941815.427
41 51 2935989.762
41 52 2436908.311
41 53 6912567.224
41 54 6913080.132
41 55 5604548.906
41 56 8529696.731
41 57 8096191.251
41 58 3378474.808
41 59 2187707.702
41 60 4150294.125
41 61 1712666.053
41 62 2636205.636
41 63 9193911.418
41 64 2830668.986
41 65 6040727.314
41 66 5433151.483
41 67 1990679.108
41 68 5668768.661
41 69 2226569.494
41 70 5309832.936
41 71 6364406.777
41 72 3205388.63
41 73 7114704.026
41 74 2321272.196
41 75 8355876.434
41 76 1586674.141
41 77 3743131.434
41 78 9601078.474
41 79 3488516.845
41 80 552736.1622
41 81 7375027.572
41 82 7619762.673
41 83 2515910.498
41 84 6949232.546
41 85 1560377.821
41 86 3974045.234
41 87 976763.9278
41 88 2937629.804
41 89 6481195.954
41 90 2790866.518
41 91 8840379.016
41 92 7483234.469
41 93 10399965.42
41 94 2068058.778
41 95 3747676.108
41 96 3739653.199
41 97 7364621.844
41 98 4543134.917
41 99 7001384.948
42 43 4990428.878
42 44 9070494.973
42 45 8132868.116
42 46 1754920.781
42 47 7802036.177
42 48 7894784.348
42 49 3579168.531
42 50 885495.9433
42 51 5912601.551
42 52 11050600.31
42 53 9087577.37
42 54 4986568.332
42 55 7130582.508
42 56 5186401.379
42 57 1178041.411
42 58 10024583.71
42 59 8595707.229
42 60 7019554.738
42 61 10510464.4
42 62 7026935.181
42 63 535080.6023
42 64 11297283.76
42 65 4419341.304
42 66 5524070.073
42 67 9721169.35
42 68 5616208.339
42 69 8378785.46
42 70 5168493.329
42 71 7074905.735
42 72 6437574.61
42 73 2711510.312
42 74 10618206.66
42 75 873520.9382
42 76 9551868.173
42 77 6130174.757
42 78 1789164.77
42 79 7988986.461
42 80 8732119.234
42 81 6774271.146
42 82 8462492.497
42 83 8014976.754
42 84 3353803.472
42 85 9919753.601
42 86 9039198.935
42 87 9782538.326
42 88 8925646.318
42 89 9061803.046
42 90 10023093.49
42 91 1717336.313
42 92 3131588.988
42 93 1602015.016
42 94 7685425.069
42 95 6226724.858
42 96 5224252.352
42 97 1674965.434
42 98 4767375.038
42 99 6782068.837
43 44 4619449.478
43 45 6318570.271
43 46 3454480.163
43 47 7847598.608
43 48 8739189.942
43 49 5594993.237
43 50 4556588.487
43 51 4760796.705
43 52 8051397.129
43 53 4104402.579
43 54 346336.0426
43 55 2298931.267
43 56 1963359.195
43 57 3813120.348
43 58 6097196.796
43 59 5188842.383
43 60 7484796.224
43 61 7904275.699
43 62 6396984.231
43 63 4983937.624
43 64 8105667.171
43 65 913660.6755
43 66 7015945.495
43 67 6433354.185
43 68 7268921.381
43 69 4987243.324
43 70 1272591.705
43 71 2093405.793
43 72 3363306.358
43 73 2290479.446
43 74 7419674.812
43 75 5259515.181
43 76 6459161.099
43 77 6281644.122
43 78 4485506.723
43 79 3997690.036
43 80 6807995.262
43 81 1924218.843
43 82 3514782.007
43 83 7334757.187
43 84 1637980.454
43 85 6946296.975
43 86 4778787.04
43 87 7314965.763
43 88 5120710.244
43 89 4113169.169
43 90 6372327.144
43 91 3781823.03
43 92 1933326.472
43 93 6017848.32
43 94 4630119.544
43 95 6398192.837
43 96 4820741.443
43 97 4822934.558
43 98 2467041.968
43 99 1834292.662
44 45 4888379.645
44 46 7324088.22
44 47 7661887.535
44 48 8989543.727
44 49 7983633.523
44 50 8386330.308
44 51 5163976.445
44 52 4501094.941
44 53 2598177.135
44 54 4854718.327
44 55 2431450.203
44 56 6148720.331
44 57 7976057.381
44 58 1862130.481
44 59 2290076.746
44 60 7821457.776
44 61 4852370.954
44 62 6207022.007
44 63 9221337.026
44 64 4325953.246
44 65 4775719.024
44 66 8394542.899
44 67 3001095.601
44 68 8676861.922
44 69 2284358.473
44 70 3935296.584
44 71 3061618.807
44 72 3117514.94
44 73 6488538.387
44 74 3784319.257
44 75 9031792.404
44 76 3292657.711
44 77 6887149.489
44 78 8996540.36
44 79 1368121.18
44 80 4993429.363
44 81 4168418.942
44 82 3597022.309
44 83 6644658.119
44 84 5960446.359
44 85 3746265.574
44 86 515904.4383
44 87 4623350.958
44 88 1558132.829
44 89 2138037.08
44 90 2443948.541
44 91 8242015.716
44 92 6412756.63
44 93 10375009.15
44 94 2813228.925
44 95 6960713.773
44 96 5883638.622
44 97 8252542.773
44 98 4472778.169
44 99 3810739.354
45 46 6623618.538
45 47 2913534.414
45 48 4304855.797
45 49 5280852.253
45 50 7251401.878
45 51 2220271.572
45 52 3285861.717
45 53 7178760.818
45 54 6664803.645
45 55 5658308.598
45 56 8277803.456
45 57 7478479.94
45 58 4041904.679
45 59 2636620.688
45 60 3335276.527
45 61 2509779.248
45 62 1784885.292
45 63 8533189.786
45 64 3686628.194
45 65 5698072.999
45 66 4576893.752
45 67 2747711.671
45 68 4813620.668
45 69 2607106.821
45 70 5046006.623
45 71 6391660.815
45 72 3020430.462
45 73 6605527.276
45 74 3171384.064
45 75 7629597.995
45 76 2359986.188
45 77 2886615.974
45 78 9020359.731
45 79 3737986.055
45 80 599344.4938
45 81 7332840.947
45 82 7768627.572
45 83 1805860.151
45 84 6507588.942
45 85 2402540.287
45 86 4413253.037
45 87 1784387.925
45 88 3423923.362
45 89 6769838.171
45 90 3513455.687
45 91 8274626.544
45 92 7033243.127
45 93 9727825.13
45 94 2188283.802
45 95 2891398.937
45 96 2970432.653
45 97 6632002.509
45 98 4106887.85
45 99 6972085.057
46 47 6762794.363
46 48 7135878.339
46 49 2979381.074
46 50 1115081.972
46 51 4427408.787
46 52 9399707.751
46 53 7482794.847
46 54 3525921.431
46 55 5459981.443
46 56 4156159.489
46 57 855237.2861
46 58 8276359.239
46 59 6870991.111
46 60 6080834.901
46 61 8912829.967
46 62 5746465.855
46 63 2000792.486
46 64 9622904.354
46 65 2760434.211
46 66 4887273.114
46 67 8019931.179
46 68 5057999.444
46 69 6652819.771
46 70 3448673.554
46 71 5483427.25
46 72 4703084.426
46 73 1220695.694
46 74 8936487.43
46 75 1814067.039
46 76 7870656.155
46 77 5025799.269
46 78 2440519.145
46 79 6234177.094
46 80 7220004.521
46 81 5341258.988
46 82 6969260.969
46 83 6769517.348
46 84 1861618.048
46 85 8258612.778
46 86 7285367.989
46 87 8195774.727
46 88 7178444.575
46 89 7419867.105
46 90 8291421.084
46 91 1771914.765
46 92 1869692.812
46 93 3216906.774
46 94 5978311.507
46 95 5136278.949
46 96 3864755.403
46 97 1477441.559
46 98 3025563.748
46 99 5287412.366
47 48 1395434.688
47 49 4283006.976
47 50 6954057.554
47 51 3111930.148
47 52 5811698.712
47 53 9723738.778
47 54 8170355.473
47 55 7914912.208
47 56 9668080.012
47 57 7555812.777
47 58 6955191.825
47 59 5497460.401
47 60 877741.963
47 61 4881945.232
47 62 1539176.926
47 63 8301007.738
47 64 6279470.198
47 65 7021453.152
47 66 2638886.173
47 67 5635830.337
47 68 2744803.814
47 69 5432128.74
47 70 6665489.218
47 71 8557907.402
47 72 5129153.096
47 73 7252168.119
47 74 5901551.995
47 75 7070466.899
47 76 5236327.8
47 77 1740367.833
47 78 9161327.609
47 79 6391195.719
47 80 3130601.746
47 81 9307003.081
47 82 10106961.86
47 83 1140147.626
47 84 7419856.937
47 85 5183278.853
47 86 7220127.022
47 87 4309556.666
47 88 6283398.697
47 89 9356717.78
47 90 6419016.089
47 91 8534402.654
47 92 7865470.759
47 93 9358342.618
47 94 4852505.138
47 95 1627572.726
47 96 3108348.595
47 97 6129375.954
47 98 5380702.92
47 99 8992376.403
48 49 4321439.119
48 50 7109156.348
48 51 4170525.418
48 52 7161548.655
48 53 10954655.89
48 54 9043235.052
48 55 9063984.715
48 56 10456554.9
48 57 7856290.896
48 58 8344426.365
48 59 6864901.06
48 60 1271076.271
48 61 6221196.938
48 62 2786982.075
48 63 8419464.748
48 64 7636421.203
48 65 7866863.257
48 66 2376745.342
48 67 7031264.021
48 68 2330965.35
48 69 6789309.001
48 70 7631600.564
48 71 9664363.647
48 72 6309908.622
48 73 7819416.627
48 74 7281899.291
48 75 7087111.574
48 76 6631661.94
48 77 2462704.322
48 78 9424155.321
48 79 7690030.087
48 80 4521965.53
48 81 10330170.97
48 82 11256517.7
48 83 2532814.12
48 84 8088580.717
48 85 6572106.588
48 86 8561756.412
48 87 5679166.906
48 88 7647345.859
48 89 10606000.84
48 90 7813593.589
48 91 8875125.377
48 92 8482417.396
48 93 9368896.804
48 94 6176526.146
48 95 2348553.201
48 96 3919608.395
48 97 6238047.39
48 98 6297105.207
48 99 10038250.36
49 50 2789832.032
49 51 3264610.298
49 52 8512135.609
49 53 9022771.822
49 54 5807082.38
49 55 6894682.021
49 56 6877612.077
49 57 3597408.04
49 58 8285228.57
49 59 6662298.648
49 60 3464662.157
49 61 7789217.931
49 62 3790319.737
49 63 4100186.336
49 64 8860563.513
49 65 4692190.151
49 66 1968130.564
49 67 7521402.549
49 68 2102322.09
49 69 6476663.226
49 70 4912001.299
49 71 7222299.739
49 72 4875782.596
49 73 3936209.923
49 74 8250843.048
49 75 2800366.973
49 76 7240799.094
49 77 2725769.601
49 78 5123787.03
49 79 6651011.045
49 80 5847512.727
49 81 7481567.278
49 82 8865491.218
49 83 4676193.989
49 84 4400688.554
49 85 7482878.062
49 86 7752998.741
49 87 7058644.073
49 88 7244248.991
49 89 8819568.322
49 90 8054316.83
49 91 4628250.437
49 92 4646378.045
49 93 5093885.581
49 94 5699297.097
49 95 2801257.307
49 96 2404418.318
49 97 1916608.489
49 98 3718212.94
49 99 7303490.333
50 51 5031392.396
50 52 10194909.98
50 53 8597669.55
50 54 4609595.49
50 55 6571800.933
50 56 5080821.654
50 57 1031023.364
50 58 9251911.938
50 59 7788439.705
50 60 6188189.938
50 61 9640074.957
50 62 6146052.78
50 63 1349361.199
50 64 10451217.76
50 65 3875399.04
50 66 4755578.715
50 67 8892221.801
50 68 4871144.419
50 69 7573285.708
50 70 4547713.258
50 71 6597002.218
50 72 5647878.202
50 73 2283884.606
50 74 9776473.381
50 75 702928.5808
50 76 8711143.313
50 77 5266389.195
50 78 2355528.458
50 79 7252843.935
50 80 7850509.1
50 81 6424418.908
50 82 8069655.506
50 83 7138340.716
50 84 2939685.808
50 85 9069193.446
50 86 8323038.222
50 87 8910476.562
50 88 8152088.794
50 89 8534146.459
50 90 9221479.254
50 91 1984779.526
50 92 2854014.106
50 93 2487465.521
50 94 6864441.749
50 95 5365298.605
50 96 4338759.522
50 97 880654.7689
50 98 3998245.203
50 99 6385537.713
51 52 5295773.13
51 53 6843134.956
51 54 5091275.561
51 55 4897971.977
51 56 6632605.943
51 57 5282350.849
51 58 5113955.2
51 59 3475066.24
51 60 2904212.186
51 61 4647869.861
51 62 1636792.191
51 63 6315416.664
51 64 5619429.421
51 65 3972994.291
51 66 3233609.13
51 67 4259161.141
51 68 3514934.452
51 69 3310382.018
51 70 3556875.107
51 71 5494965.547
51 72 2191121.409
51 73 4537047.157
51 74 4994604.425
51 75 5422691.774
51 76 3976574.55
51 77 1789871.26
51 78 6847411.137
51 79 3798083.019
51 80 2819551.976
51 81 6200451.773
51 82 7088183.395
51 83 2606729.239
51 84 4550827.45
51 85 4232989.442
51 86 4827283.61
51 87 3912387.372
51 88 4137250.341
51 89 6523550.517
51 90 4821506.01
51 91 6118915.365
51 92 5048801.586
51 93 7507880.552
51 94 2542064.411
51 95 1884196.805
51 96 861353.293
51 97 4429419.234
51 98 2307574.539
51 99 5892738.04
52 53 7090175.292
52 54 8375358.092
52 55 6475086.109
52 56 9934438.85
52 57 10229612.96
52 58 2707654.436
52 59 2867170.505
52 60 6443124.532
52 61 950736.2368
52 62 5034846.514
52 63 11388207.48
52 64 491750.3365
52 65 7735279.33
52 66 7842999.461
52 67 1643483.971
52 68 8068877.759
52 69 3064578.457
52 70 6897028.64
52 71 7232933.406
52 72 4876217.801
52 73 9077422.957
52 74 717036.2897
52 75 10660182.28
52 76 1600912.713
52 77 6164333.024
52 78 11650001.04
52 79 4205453.148
52 80 2804638.814
52 81 8345865.631
52 82 8081781.622
52 83 4697332.07
52 84 8793595.941
52 85 1149063.823
52 86 4016750.384
52 87 1535483.583
52 88 3144393.709
52 89 6628708.127
52 90 2060795.283
52 91 10871946.86
52 92 9327391.651
52 93 12604666.65
52 94 3520288.941
52 95 6161304.067
52 96 6131545.565
52 97 9684274.265
52 98 6483430.903
52 99 7963379.806
53 54 4162174.484
53 55 2130399.443
53 56 4848969.087
53 57 7912577.155
53 58 4406674.956
53 59 4753644.559
53 60 9713638.443
53 61 7444548.868
53 62 8196544.783
53 63 9087515.703
53 64 6888618.645
53 65 4725491.23
53 66 9910125.296
53 67 5595050.369
53 68 10191632.44
53 69 4688179.98
53 70 4180045.136
53 71 2012892.117
53 72 4656908.732
53 73 6377400.324
53 74 6374730.206
53 75 9296132.165
53 76 5870230.662
53 77 8632783.37
53 78 8503293.934
53 79 3445276.834
53 80 7391192.506
53 81 2632794.141
53 82 1225810.357
53 83 8818688.971
53 84 5734830.415
53 85 6335782.763
53 86 3103098.745
53 87 7176819.688
53 88 4107758.106
53 89 461468.3359
53 90 5029422.08
53 91 7846300.71
53 92 6025084.714
53 93 10096787.14
53 94 4992363.13
53 95 8726985.463
53 96 7370210.257
53 97 8730991.441
53 98 5308172.128
53 99 2445249.701
54 55 2482623.966
54 56 1617532.389
54 57 3809675.881
54 58 6378889.232
54 59 5510232.457
54 60 7793113.991
54 61 8240196.364
54 62 6727999.897
54 63 4942953.519
54 64 8421787.213
54 65 1182379.925
54 66 7280303.52
54 67 6752531.647
54 68 7529158.084
54 69 5310787.567
54 70 1618797.426
54 71 2174275.19
54 72 3707728.126
54 73 2326130.55
54 74 7738160.579
54 75 5310934.505
54 76 6786003.192
54 77 6589668.327
54 78 4358823.903
54 79 4293930.364
54 80 7154204.475
54 81 1815774.09
54 82 3477227.77
54 83 7671232.19
54 84 1669949.044
54 85 7275146.745
54 86 5038477.007
54 87 7655149.556
54 88 5419567.921
54 89 4208459.158
54 90 6672444.73
54 91 3684991.442
54 92 1872729.838
54 93 5934650.944
54 94 4967735.626
54 95 6706748.451
54 96 5128289.006
54 97 4934928.497
54 98 2790703.873
54 99 1795531.9
55 56 3718127.511
55 57 5973252.38
55 58 4130766.119
55 59 3696292.321
55 60 7801267.445
55 61 6561687.156
55 62 6375917.122
55 63 7190538.775
55 64 6419055.672
55 65 2711964.443
55 66 7848886.717
55 67 4837789.215
55 68 8127760.545
55 69 3546979.268
55 70 2068436.214
55 71 771195.6138
55 72 2788912.561
55 73 4432478.546
55 74 5780924.396
55 75 7261419.456
55 76 4984622.354
55 77 6669374.651
55 78 6778854.726
55 79 2281490.815
55 80 5997358.861
55 81 1870780.161
55 82 2194201.217
55 83 7119419.341
55 84 3825530.948
55 85 5487636.922
55 86 2705407.201
55 87 6115287.534
55 88 3341561.943
55 89 1979133.264
55 90 4553929.908
55 91 6060408.497
55 92 4204147.154
55 93 8274460.231
55 94 3540476.852
55 95 6770928.496
55 96 5336042.607
55 97 6642584.214
55 98 3185137.554
55 99 1488446.413
56 57 4102591.931
56 58 7807127.088
56 59 7067824.396
56 60 9230201.343
56 61 9835630.632
56 62 8265805.776
56 63 4975945.001
56 64 9955498.85
56 65 2659616.179
56 66 8538501.095
56 67 8299854.433
56 68 8767810.749
56 69 6875189.584
56 70 3233470.303
56 71 3148275.692
56 72 5324341.123
56 73 2985208.149
56 74 9280965.956
56 75 5736404.356
56 76 8356495.691
56 77 8032106.541
56 78 4019564.336
56 79 5786152.292
56 80 8771002.952
56 81 2218884.345
56 82 3835779.359
56 83 9231443.214
56 84 2478088.935
56 85 8850846.777
56 86 6408952.159
56 87 9262304.141
56 88 6909946.373
56 89 5035455.992
56 90 8159516.885
56 91 3562610.481
56 92 2290633.983
56 93 5713081.567
56 94 6570203.598
56 95 8150639.179
56 96 6580145.25
56 97 5633163.818
56 98 4326302.317
56 99 2467890.136
57 58 9022639.541
57 59 7658864.779
57 60 6846197.241
57 61 9757397.619
57 62 6583551.182
57 63 1245985.745
57 64 10442808.56
57 65 3267964.551
57 66 5553362.585
57 67 8826133.183
57 68 5699573.095
57 69 7439769.084
57 70 4049265.602
57 71 5899697.872
57 72 5485078.342
57 73 1542506.797
57 74 9753369.335
57 75 1638084.099
57 76 8689068.54
57 77 5826388.381
57 78 1608863.474
57 79 6948728.488
57 80 8074626.894
57 81 5602432.732
57 82 7286391.364
57 83 7603300.087
57 84 2177776.292
57 85 9085711.469
57 86 7973212.367
57 87 9042755.387
57 88 7929501.454
57 89 7893145.627
57 90 9068510.168
57 91 1031121.784
57 92 1963667.855
57 93 2433076.632
57 94 6783989.884
57 95 5934259.005
57 96 4707829.675
57 97 1805764.4
57 98 3805491.528
57 99 5604991.413
58 59 1638935.139
58 60 7313276.71
58 61 3218893.383
58 62 5685074.772
58 63 10257033.7
58 64 2481944.556
58 65 6038969.851
58 66 8253258.072
58 67 1465609.104
58 68 8522502.05
58 69 1811031.901
58 70 5158889.104
58 71 4834003.487
58 72 3610319.575
58 73 7642147.328
58 74 2004364.653
58 75 9835969.576
58 76 1857691.106
58 77 6600940.769
58 78 10231569.91
58 79 2128268.219
58 80 3931195.033
58 81 5956883.203
58 82 5455043.237
58 83 5841430.191
58 84 7207155.449
58 85 2183739.728
58 86 1444543.849
58 87 3183582.843
58 88 1099849.413
58 89 3946209.407
58 90 688465.8294
58 91 9454372.957
58 92 7707929.827
58 93 11455626.78
58 94 2588759.472
58 95 6646698.386
58 96 5950124.94
58 97 8952466.045
58 98 5258668.969
58 99 5585950.146
59 60 5771139.817
59 61 2865398.004
59 62 4134390.476
59 63 8870127.657
59 64 2925818.366
59 65 4921884.413
59 66 6627401.687
59 67 1247472.102
59 68 6899105.538
59 69 219586.2315
59 70 4063520.097
59 71 4466607.399
59 72 2174238.953
59 73 6377824.795
59 74 2233857.696
59 75 8339283.866
59 76 1300653.011
59 77 4991704.89
59 78 8977240.345
59 79 1426348.81
59 80 2703794.602
59 81 5554277.223
59 82 5544124.655
59 83 4429058.285
59 84 6027454.224
59 85 1803229.332
59 86 1793982.64
59 87 2459271.229
59 88 788408.0788
59 89 4313376.161
59 90 1436926.698
59 91 8194890.024
59 92 6553404.421
59 93 10082760.15
59 94 966404.8614
59 95 5043584.064
59 96 4313346.051
59 97 7423781.854
59 98 3853412.27
59 99 5171099.388
60 61 5539501.812
60 62 1636775.655
60 63 7528095.462
60 64 6893911.754
60 65 6620988.665
60 66 1761183.853
60 67 6080462.574
60 68 1872288.55
60 69 5675185.708
60 70 6364611.499
60 71 8395475.828
60 72 5060282.715
60 73 6669667.82
60 74 6457885.987
60 75 6263722.762
60 76 5695211.933
60 77 1203445.788
60 78 8441770.26
60 79 6498188.37
60 80 3671955.307
60 81 9060035.039
60 82 9992307.167
60 83 1770451.188
60 84 6897927.565
60 85 5709204.3
60 86 7412977.488
60 87 4914030.929
60 88 6540800.729
60 89 9373879.285
60 90 6830128.736
60 91 7844885.136
60 92 7313434.504
60 93 8556562.79
60 94 5018959.284
60 95 1086604.316
60 96 2664828.503
60 97 5344647.002
60 98 5034430.575
60 99 8767272.364
61 62 4193731.772
61 63 10877196.46
61 64 1439590.205
61 65 7488275.856
61 66 6995828.991
61 67 1851433.277
61 68 7211724.417
61 69 3022037.453
61 70 6691363.583
61 71 7331961.583
61 72 4598441.588
61 73 8702406.234
61 74 1328522.57
61 75 10064721.62
61 76 1595665.716
61 77 5338283.822
61 78 11232736.49
61 79 4287184.098
61 80 1968831.629
61 81 8417294.285
61 82 8345717.904
61 83 3780268.906
61 84 8479911.844
61 85 1110093.647
61 86 4342270.488
61 87 735950.2134
61 88 3355123.328
61 89 6986837.702
61 90 2530836.6
61 91 10463363.83
61 92 9016423.385
61 93 12087519.21
61 94 3275981.69
61 95 5325694.499
61 96 5450513.785
61 97 9075103.246
61 98 6104383.618
61 99 8034376.209
62 63 7485281.347
62 64 5454663.848
62 65 5606531.727
62 66 2808259.63
62 67 4492236.127
62 68 3036127.958
62 69 4039425.315
62 70 5183941.005
62 71 7022758.331
62 72 3590030.253
62 73 6045312.778
62 74 4955767.5
62 75 6400395.136
62 76 4119393.553
62 77 1150663.799
62 78 8186168.526
62 79 4903091.327
62 80 2233084.633
62 81 7791210.316
62 82 8567792.758
62 83 1028521.421
62 84 6126476.388
62 85 4187339.676
62 86 5787934.702
62 87 3504303.701
62 88 4904603.379
62 89 7836561.916
62 90 5220656.517
62 91 7500009.914
62 92 6605466.364
62 93 8624472.867
62 94 3396305.984
62 95 1132043.833
62 96 1888760.636
62 97 5407768.691
62 98 3943300.876
62 99 7470225.478
63 64 11618908.69
63 65 4497131.892
63 66 6051403.119
63 67 10020427.33
63 68 6147151.982
63 69 8651696.325
63 70 5292071.753
63 71 7077337.936
63 72 6699887.259
63 73 2762073.942
63 74 10934098.22
63 75 1404082.297
63 76 9867871.19
63 77 6615737.394
63 78 1312352.001
63 79 8190877.551
63 80 9132368.525
63 81 6693899.913
63 82 8399277.986
63 83 8482632.936
63 84 3369973.92
63 85 10250226.21
63 86 9218760.434
63 87 10153850.4
63 88 9161732.103
63 89 9088912.997
63 90 10287681.6
63 91 1420260.054
63 92 3070227.253
63 93 1217423.974
63 94 7979004.186
63 95 6714629.665
63 96 5658122.18
63 97 2187364.149
63 98 5020261.121
63 99 6731826.521
64 65 7842534.824
64 66 8259614.956
64 67 1678840.735
64 68 8490788.601
64 69 3136205.636
64 70 6988497.674
64 71 7164736.852
64 72 5024013.442
64 73 9244085.608
64 74 697991.3511
64 75 10936755.3
64 76 1754024.689
64 77 6572884.73
64 78 11831117.8
64 79 4181381.45
64 80 3235764.761
64 81 8285571.949
64 82 7922425.119
64 83 5158461.267
64 84 8929871.902
64 85 1391546.099
64 86 3864330.413
64 87 1980062.903
64 88 3078836.425
64 89 6428101.014
64 90 1894649.027
64 91 11050394.03
64 92 9460156.136
64 93 12836323.26
64 94 3677275.784
64 95 6574894.662
64 96 6466554.772
64 97 9970218.725
64 98 6665675.334
64 99 7905334.006
65 66 6105361.511
65 67 6164735.677
65 68 6357051.599
65 69 4708138.284
65 70 880243.1912
65 71 2738250.309
65 72 2889889.632
65 73 1735698.947
65 74 7146302.043
65 75 4571860.851
65 76 6134606.675
65 77 5417900.396
65 78 4228855.168
65 79 3911200.602
65 80 6222477.798
65 81 2795471.952
65 82 4292106.739
65 83 6573222.227
65 84 1186590.23
65 85 6601064.415
65 86 4838915.584
65 87 6854632.909
65 88 4992862.548
65 89 4660648.511
65 90 6218720.224
65 91 3467702.236
65 92 1669416.823
65 93 5616579.99
65 94 4230988.11
65 95 5535480.977
65 96 3957334.467
65 97 4034916.212
65 98 1667539.282
65 99 2649971.238
66 67 7201747.281
66 68 283783.7071
66 69 6484894.122
66 70 6086026.457
66 71 8322595.97
66 72 5351511.274
66 73 5713889.638
66 74 7742875.018
66 75 4710773.817
66 76 6852530.068
66 77 1696767.411
66 78 7091636.813
66 79 7027045.919
66 80 5040890.896
66 81 8790339.747
66 82 9973075.299
66 83 3379828.615
66 84 6082783.852
66 85 6968366.835
66 86 8060381.059
66 87 6312298.759
66 88 7334979.644
66 89 9632175.167
66 90 7873200.292
66 91 6582018.594
66 92 6409413.164
66 93 6992435.93
66 94 5739026.093
66 95 1685495.209
66 96 2551593.862
66 97 3878469.144
66 98 4749921.41
66 99 8552213.701
67 68 7457169.127
67 69 1457408.549
67 70 5309663.482
67 71 5599207.311
67 72 3367353.412
67 73 7588722.083
67 74 986682.0157
67 75 9410653.335
67 76 407565.7033
67 77 5510759.25
67 78 10182879.07
67 79 2563221.489
67 80 2535606.642
67 81 6708163.883
67 82 6519240.392
67 83 4502161.141
67 84 7259028.484
67 85 751224.3159
67 86 2492020.586
67 87 1720669.164
67 88 1531775.428
67 89 5136652.598
67 90 814739.2955
67 91 9400997.289
67 92 7787701.082
67 93 11236827.52
67 94 2042315.597
67 95 5538409.494
67 96 5120501.231
67 97 8466150.519
67 98 5029102.65
67 99 6325262.939
68 69 6758567.838
68 70 6353691.625
68 71 8596800.547
68 72 5635294.307
68 73 5919366.953
68 74 7983269.363
68 75 4787254.467
68 76 7104265.048
68 77 1946710.502
68 78 7218183.974
68 79 7309521.678
68 80 5264572.428
68 81 9054024.656
68 82 10248156.31
68 83 3553170.749
68 84 6304969.276
68 85 7210344.422
68 86 8341039.397
68 87 6535689.923
68 88 7610328.489
68 89 9914822.155
68 90 8135534.592
68 91 6730245.601
68 92 6619134.163
68 93 7055225.413
68 94 6015230.529
68 95 1926166.448
68 96 2835106.855
68 97 3990886.651
68 98 5020908.174
68 99 8819339.601
69 70 3852309.563
69 71 4318154.261
69 72 1954941.388
69 73 6158609.526
69 74 2442181.866
69 75 8126851.954
69 76 1482485.113
69 77 4863675.077
69 78 8757885.807
69 79 1301448.913
69 80 2723029.46
69 81 5396124.769
69 82 5440772.038
69 83 4381942.057
69 84 5810319.924
69 85 1981160.161
69 86 1806466.923
69 87 2578340.983
69 88 866575.758
69 89 4254869.346
69 90 1649157.88
69 91 7975535.797
69 92 6336854.676
69 93 9864080.792
69 94 777891.6812
69 95 4919399.393
69 96 4140734.063
69 97 7214556.451
69 98 3634381.081
69 99 5013451.377
70 71 2310340.82
70 72 2111048.992
70 73 2553734.22
70 74 6294118.093
70 75 5226374.866
70 76 5296591.408
70 77 5169766.954
70 78 5096168.227
70 79 3031378.745
70 80 5538097.36
70 81 2718723.632
70 82 3956186.059
70 83 6097118.63
70 84 2055638.776
70 85 5771530.969
70 86 3973549.8
70 87 6080776.502
70 88 4113658.168
70 89 4047292.183
70 90 5342694.205
70 91 4328475.356
70 92 2549097.348
70 93 6439727.642
70 94 3417792.856
70 95 5283159.378
70 96 3725840.323
70 97 4576442.909
70 98 1350144.049
70 99 2466321.701
71 72 3462268.546
71 73 4365371.301
71 74 6534729.898
71 75 7297478.901
71 76 5752859.043
71 77 7238586.954
71 78 6532687.561
71 79 3048882.166
71 80 6747252.476
71 81 1124454.503
71 82 1654824.726
71 83 7804151.207
71 84 3721941.334
71 85 6255558.407
71 86 3393277.286
71 87 6885915.256
71 88 4092727.546
71 89 2034231.488
71 90 5288449.545
71 91 5855379.293
71 92 4020767.469
71 93 8101040.943
71 94 4297487.895
71 95 7344428.518
71 96 5858132.994
71 97 6768532.883
71 98 3583997.666
71 99 752529.7997
72 73 4221974.01
72 74 4326489.413
72 75 6225723.951
72 76 3283694.583
72 77 3980303.294
72 78 6815656.242
72 79 1775320.759
72 80 3467342.902
72 81 4333077.859
72 82 4978324.056
72 83 4341908.294
72 84 3917444.572
72 85 3731959.385
72 86 2879674.549
72 87 3972878.931
72 88 2512655.484
72 89 4332475.553
72 90 3588337.551
72 91 6033695.546
72 92 4451628.832
72 93 7910884.215
72 94 1355951.601
72 95 4072331.994
72 96 2805595.282
72 97 5348249.946
72 98 1680215.03
72 99 3982576.183
73 74 8547136.5
73 75 2984834.176
73 76 7497404.142
73 77 5524683.526
73 78 2600935.482
73 79 5533457.411
73 80 7182113.402
73 81 4140548.409
73 82 5793613.329
73 83 7070344.625
73 84 657232.7283
73 85 7928552.074
73 86 6518719.787
73 87 8016215.764
73 88 6564535.29
73 89 6351454.664
73 90 7749047.319
73 91 1819057.682
73 92 710671.887
73 93 3887739.611
73 94 5567812.466
73 95 5641855.452
73 96 4179775.539
73 97 2682960.469
73 98 2600669.08
73 99 4108562.056
74 75 10271500.44
74 76 1066523.715
74 77 6047704.971
74 78 11135395.02
74 79 3522759.111
74 80 2788055.705
74 81 7651055.539
74 82 7365149.664
74 83 4764831.499
74 84 8231926.307
74 85 777781.8749
74 86 3299841.212
74 87 1618584.632
74 88 2442204.201
74 89 5913283.288
74 90 1346339.797
74 91 10354431.81
74 92 8762313.42
74 93 12151488.48
74 94 2981434.365
74 95 6058457.241
74 96 5849103.723
74 97 9310817.91
74 98 5971258.436
74 99 7269263.25
75 76 9210281.6
75 77 5441062.77
75 78 2646812.11
75 79 7870054.972
75 80 8225646.433
75 81 7125165.81
75 82 8772505.251
75 83 7361413.348
75 84 3641260.645
75 85 9548218.375
75 86 8950979.186
75 87 9330687.999
75 88 8737516.301
75 89 9227635.626
75 90 9775800.199
75 91 2458344.065
75 92 3539056.022
75 93 2293543.033
75 94 7400234.093
75 95 5530877.018
75 96 4671939.949
75 97 1000452.629
75 98 4604632.648
75 99 7088292.216
76 77 5157777.819
76 78 10080405.26
76 79 2704038.588
76 80 2129472.075
76 81 6848334.391
76 82 6751612.601
76 83 4100889.413
76 84 7199018.468
76 85 503512.6691
76 86 2777770.479
76 87 1353560.933
76 88 1766406.712
76 89 5415400.007
76 90 1220763.828
76 91 9300264.003
76 92 7731844.384
76 93 11085279.22
76 94 1930166.52
76 95 5181085.631
76 96 4836418.321
76 97 8253393.045
76 98 4913474.614
76 99 6464986.964
77 78 7434156.027
77 79 5533444.327
77 80 3372130.997
77 81 7873110.458
77 82 8852194.738
77 83 1950877.811
77 84 5721481.426
77 85 5272519.381
77 86 6515487.19
77 87 4640390.596
77 88 5725064.961
77 89 8312697.97
77 90 6195645.098
77 91 6797710.514
77 92 6151403.586
77 93 7708627.797
77 94 4144575.832
77 95 118850.7365
77 96 1461383.604
77 97 4470784.672
77 98 3834520.217
77 99 7586908.465
78 79 8113631.124
78 80 9612221.082
78 81 5970752.255
78 82 7684141.964
78 83 9207982.195
78 84 3042665.174
78 85 10501195.28
78 86 9067228.886
78 87 10530375.66
78 88 9159821.764
78 89 8566887.45
78 90 10349571.8
78 91 782350.3477
78 92 2587974.394
78 93 1696043.742
78 94 8153994.457
78 95 7541529.036
78 96 6305264.18
78 97 3234320.463
78 98 5167799.846
78 99 6074797.502
79 80 3951094.17
79 81 4148883.291
79 82 4142919.253
79 83 5422341.663
79 84 5082508.344
79 85 3206676.733
79 86 1108088.45
79 87 3877540.773
79 88 1126645.885
79 89 3031897.928
79 90 2379668.96
79 91 7338964.822
79 92 5580449.361
79 93 9377387.308
79 94 1562072.664
79 95 5610094.727
79 96 4516734.316
79 97 7040501.28
79 98 3266376.34
79 99 3765611.129
80 81 7727224.682
80 82 8056547.665
80 83 1990458.022
80 84 7066074.595
80 85 2053929.265
80 86 4496772.428
80 87 1271445.387
80 88 3467684.774
80 89 6966546.75
80 90 3339995.842
80 91 8863832.099
80 92 7594744.174
80 93 10327169.07
80 94 2463202.514
80 95 3363176.181
80 96 3561575.855
80 97 7227420.54
80 98 4658995.473
80 99 7359136.11
81 82 1715265.367
81 83 8636244.638
81 84 3485257.41
81 85 7351763.576
81 86 4514704.674
81 87 7945976.099
81 88 5210386.839
81 89 2821337.383
81 90 6412024.067
81 91 5368586.77
81 92 3642995.716
81 93 7614747.271
81 94 5309837.687
81 95 7984741.183
81 96 6439521.761
81 97 6738865.868
81 98 4068862.082
81 99 383363.1035
82 83 9292463.031
82 84 5136575.982
82 85 7237955.081
82 86 4065928.68
82 87 8002707.622
82 88 4992775.476
82 89 1611985.073
82 90 6034960.516
82 91 7083047.501
82 92 5337224.721
82 93 9329958.643
82 94 5598523.688
82 95 8955422.94
82 96 7493431.801
82 97 8318443.031
82 98 5238610.792
82 99 1685056.167
83 84 7138056.558
83 85 4043311.724
83 86 6184894.626
83 87 3181990.598
83 88 5217461.107
83 89 8431738.435
83 90 5291027.992
83 91 8526105.424
83 92 7622845.232
83 93 9607235.261
83 94 3862856.858
83 95 1881997.133
83 96 2916717.493
83 97 6377315.981
83 98 4905689.451
83 99 8300593.758
84 85 7649134.616
84 86 6024585.762
84 87 7815735.356
84 88 6148448.008
84 89 5721292.071
84 90 7360274.994
84 91 2281685.037
84 92 536511.564
84 93 4453797.236
84 94 5273391.938
84 95 5840133.144
84 96 4313700.005
84 97 3299622.216
84 98 2409339.824
84 99 3451520.85
85 86 3234654.993
85 87 1021173.553
85 88 2245903.806
85 89 5878615.667
85 90 1502584.424
85 91 9722989.057
85 92 8183564.49
85 93 11467249.07
85 94 2376420.521
85 95 5284770.145
85 96 5083896.349
85 97 8579762.606
85 98 5334402.783
85 99 6968411.831
86 87 4107456.387
86 88 1045341.978
86 89 2644678.296
86 90 1971398.636
86 91 8301788.14
86 92 6499031.32
86 93 10391320.44
86 94 2394055.991
86 95 6584027.596
86 96 5580661.787
86 97 8136086.486
86 98 4354768.014
86 99 4145724.166
87 88 3073517.571
87 89 6726961.122
87 90 2512492.698
87 91 9764222.605
87 92 8351860.439
87 93 11362537.58
87 94 2694871.326
87 95 4633563.759
87 96 4714931.206
87 97 8340326.196
87 98 5424867.74
87 99 7565329.111
88 89 3655344.93
88 90 1253104.081
88 91 8380548.719
88 92 6657404.792
88 93 10362557.66
88 94 1597793.689
88 95 5782487.056
88 96 4949639.636
88 97 7858571.836
88 98 4159161.54
88 99 4829173.033
89 90 4567953.744
89 91 7887163.724
89 92 6046037.281
89 93 10129754.79
89 94 4588440.746
89 95 8404013.178
89 96 7084062.459
89 97 8621530.023
89 98 5101868.833
89 99 2581353.082
90 91 9568057.31
90 92 7876165.113
90 93 11497371.1
90 94 2391955.961
90 95 6231786.85
90 96 5676081.495
90 97 8860320.119
90 98 5267420.585
90 99 6034094.99
91 92 1856264.775
91 93 2252494.778
91 94 7373145.575
91 95 6908114.852
91 96 5612547.464
91 97 2817777.883
91 98 4388776.511
91 99 5441280.655
92 93 4084568.915
92 94 5807465.777
92 95 6269516.111
92 96 4768895.929
92 97 3346948.488
92 98 2941408.89
92 99 3663483.769
93 94 9195098.247
93 95 7802276.173
93 96 6826203.5
93 97 3237916.348
93 98 6230704.545
93 99 7693466.093
94 95 4207250.247
94 96 3365577.132
94 97 6473963.346
94 98 2990989.122
94 99 4934900.142
95 96 1578525.687
95 97 4564411.343
95 98 3949412.85
95 99 7697147.231
96 97 3671865.384
96 98 2381894.266
96 99 6164947.76
97 98 3783890.508
97 99 6651978.315
98 99 3810696.93
