4950
0 1 6928842.157
0 2 4771767.6
0 3 3392374.889
0 4 4283410.533
0 5 4104026.018
0 6 9022559.456
0 7 411964.7706
0 8 6135457.795
0 9 9090908.62
0 10 5771849.006
0 11 4082169.534
0 12 5287724.729
0 13 7062184.106
0 14 6621201.951
0 15 5397147.269
0 16 8615760.238
0 17 10160826.75
0 18 3637907.835
0 19 6695370.382
0 20 5354932.443
0 21 6034868.607
0 22 6894955.507
0 23 6920341.516
0 24 2285730.388
0 25 5639412.25
0 26 5446497.816
0 27 1159353.769
0 28 8266062.353
0 29 4602742.437
0 30 8655169.357
0 31 5079675.014
0 32 1668503.872
0 33 3321836.457
0 34 7810427.71
0 35 5307190.455
0 36 2618670.177
0 37 7450512.993
0 38 3302339.653
0 39 8509218.746
0 40 4997625.798
0 41 4036711.031
0 42 4515141.865
0 43 5779937.763
0 44 7376693.245
0 45 8075444.604
0 46 817246.5967
0 47 9279172.027
0 48 2351845.032
0 49 3969734.394
0 50 5092433.779
0 51 5745430.693
0 52 4413441.855
0 53 4754702.694
0 54 6562568.054
0 55 8427983.69
0 56 4282656.309
0 57 8100711.337
0 58 5315918.222
0 59 6258440.302
0 60 3562428.451
0 61 6608730.994
0 62 8665936.296
0 63 5374317.833
0 64 4218428.158
0 65 4176103.132
0 66 6247466.126
0 67 2161403.42
0 68 4442009.248
0 69 4378726.001
0 70 6151856.273
0 71 2382431.58
0 72 3930412.528
0 73 5599875.748
0 74 8396652.605
0 75 7703255.787
0 76 5369938.148
0 77 4802644.13
0 78 7331071.524
0 79 7872738.596
0 80 4371382.348
0 81 3793942.068
0 82 5687765.029
0 83 4431352.867
0 84 2357572.974
0 85 6652340.027
0 86 4616092.723
0 87 2849128.437
0 88 1737522.961
0 89 8945654.738
0 90 419981.5001
0 91 3133155.006
0 92 6207266.303
0 93 6795504.784
0 94 4387826.046
0 95 4871488.029
0 96 6026807.359
0 97 3949359.647
0 98 5736698.511
0 99 2056070.273
1 2 6351567.439
1 3 4738745.393
1 4 5570161.488
1 5 8138496.006
1 6 8019134.848
1 7 7254370.348
1 8 1991026.382
1 9 5855307.734
1 10 4132353.596
1 11 3259917.945
1 12 5443317.147
1 13 9019923.207
1 14 6333263.207
1 15 3115740.088
1 16 7572135.469
1 17 4059760.627
1 18 3294766.066
1 19 9514044.291
1 20 5303940.298
1 21 6153559.974
1 22 2972341.14
1 23 8562576.243
1 24 9071591.272
1 25 4043212.781
1 26 2750090.41
1 27 6993790.343
1 28 2839503.142
1 29 9808272.749
1 30 3911604.93
1 31 5401656.464
1 32 8521163.259
1 33 7885534.704
1 34 7661309.939
1 35 2809799.63
1 36 5147288.397
1 37 3857563.458
1 38 3981629.878
1 39 7632166
1 40 6947120.522
1 41 8500456.15
1 42 7082186.861
1 43 7867897.953
1 44 4050699.005
1 45 7666323.642
1 46 7740239.883
1 47 4722909.965
1 48 6759051.424
1 49 4494616.214
1 50 5160349.435
1 51 8045496.84
1 52 3786311.576
1 53 2186383.713
1 54 5224434.103
1 55 5093823.564
1 56 4997978.091
1 57 8162443.825
1 58 9100532.906
1 59 1124717.053
1 60 3470543.791
1 61 1671338.781
1 62 4561002.566
1 63 2231628.889
1 64 4563033.945
1 65 2799883.213
1 66 8958083.898
1 67 6259286.946
1 68 2805536.83
1 69 3711248.706
1 70 8638012.831
1 71 6762359.382
1 72 4291447.575
1 73 7808003.759
1 74 7771233.028
1 75 9530002.96
1 76 9263373.074
1 77 9912702.897
1 78 9328562.92
1 79 9725905.88
1 80 7968240.976
1 81 8539792.768
1 82 1297662.263
1 83 4324379.437
1 84 5057518.246
1 85 5391718.8
1 86 2814969.86
1 87 4099344.978
1 88 6389897.064
1 89 8785718.109
1 90 7221758.804
1 91 4328970.81
1 92 7510973.204
1 93 6605874.253
1 94 10004303.71
1 95 2101784.26
1 96 7383902.681
1 97 6060484.574
1 98 2768160.902
1 99 5010947.924
2 3 6341321.583
2 4 7686434.133
2 5 2300033.124
2 6 4275108.625
2 7 5151474.122
2 8 4483735.229
2 9 5025752.783
2 10 2567095.904
2 11 5702365.507
2 12 1156117.717
2 13 2903605.602
2 14 1969947.541
2 15 3277410.722
2 16 3893345.34
2 17 7639171.087
2 18 4365415.613
2 19 3186465.271
2 20 1320549.389
2 21 1399088.695
2 22 4276743.6
2 23 2553185.178
2 24 5431534.477
2 25 2564061.134
2 26 6877372.002
2 27 5813208.504
2 28 5823689.708
2 29 4145838.896
2 30 5585219.867
2 31 8228262.59
2 32 5271523.724
2 33 2592357.945
2 34 3038825.267
2 35 6782296.496
2 36 2607804.085
2 37 4220494.205
2 38 3248702.848
2 39 3769492.963
2 40 597243.3031
2 41 2780734.232
2 42 884137.2751
2 43 1580194.273
2 44 4018584.102
2 45 3308864.093
2 46 5279472.097
2 47 5882072.428
2 48 2544081.726
2 49 6727189.316
2 50 1301054.566
2 51 1722739.126
2 52 2626956.675
2 53 5111691.116
2 54 2446468.24
2 55 4601222.278
2 56 7349358.907
2 57 3341346.961
2 58 2871397.725
2 59 6477627.863
2 60 5014493.91
2 61 4979422.375
2 62 5194966.238
2 63 4124797.76
2 64 7009424.555
2 65 5030887.204
2 66 2622775.979
2 67 6285531.898
2 68 5680955.818
2 69 6528512.189
2 70 2320733.266
2 71 2516667.012
2 72 2283907.503
2 73 1484390.393
2 74 3635913.747
2 75 3520214.009
2 76 3046686.687
2 77 4160856.184
2 78 3223144.41
2 79 3719575.783
2 80 1938939.046
2 81 3001101.217
2 82 5752352.4
2 83 2053759.536
2 84 5455222.533
2 85 2440472.152
2 86 5966797.956
2 87 4538467.435
2 88 5991017.526
2 89 4189711.826
2 90 5177535.12
2 91 2938938.681
2 92 1578079.232
2 93 2085265.4
2 94 4597151.512
2 95 4702024.679
2 96 1394327.613
2 97 836348.7105
2 98 3685133.862
2 99 3615227.744
3 4 1360793.284
3 5 6783099.936
3 6 9996756.664
3 7 3509466.491
3 8 4972275.289
3 9 9021973.142
3 10 5862991.81
3 11 1509639.978
3 12 6219273.789
3 13 9168377.04
3 14 7629045.844
3 15 4935249.669
3 16 9532729.098
3 17 8661185.862
3 18 2402932.116
3 19 9131198.804
3 20 6192455.697
3 21 7133014.184
3 22 6137120.506
3 23 8874482.221
3 24 5634294.821
3 25 5705327.772
3 26 2385905.91
3 27 2800920.876
3 28 7021863.272
3 29 7779643.21
3 30 7799310.147
3 31 1920346.461
3 32 5001920.719
3 33 6130850.193
3 34 9052840.048
3 35 2255751.989
3 36 3772213.039
3 37 6982323.213
3 38 3234034.979
3 39 9492159.768
3 40 6813793.834
3 41 6895760.464
3 42 6548520.587
3 43 7796352.577
3 44 7025673.689
3 45 9227825.362
3 46 4010224.43
3 47 8578302.189
3 48 4851254.067
3 49 577758.0024
3 50 5911884.214
3 51 7855276.153
3 52 4425483.052
3 53 2811586.027
3 54 7034405.14
3 55 8237130.747
3 56 1031584.137
3 57 9470602.591
3 58 8024776.066
3 59 3733837.825
3 60 1703755.324
3 61 5245073.537
3 62 8127857.75
3 63 4297632.078
3 64 833863.1928
3 65 2248474.812
3 66 8597328.758
3 67 1707400.558
3 68 1954591.417
3 69 1179693.747
3 70 8394609.077
3 71 4874926.105
3 72 4335455.944
3 73 7646638.296
3 74 9483719.53
3 75 9809930.836
3 76 8127476.53
3 77 7960215.398
3 78 9478581.045
3 79 10003900.6
3 80 6887062.75
3 81 6743905.367
3 82 3472549.295
3 83 4839758.309
3 84 1089559.381
3 85 7182459.179
3 86 1925547.401
3 87 1837583.568
3 88 2005314.293
3 89 10293782.83
3 90 3454581.901
3 91 3454466.397
3 92 7917034.827
3 93 7880808.046
3 94 7671242.754
3 95 3279870.175
3 96 7734592.106
3 97 5575989.39
3 98 5044083.775
3 99 2808968.464
4 5 7996491.735
4 6 11350054.11
4 7 4286668.618
4 8 6135732.578
4 9 10287933.45
4 10 7189580.68
4 11 2612598.184
4 12 7579925.862
4 13 10490990.62
4 14 8988545.905
4 15 6224157.503
4 16 10884898.85
4 17 9605310.153
4 18 3719419.941
4 19 10411503.13
4 20 7552248.324
4 21 8493796.853
4 22 7342657.082
4 23 10209330.68
4 24 6365926.183
4 25 7032280.135
4 26 2886241.77
4 27 3398781.438
4 28 8087711.863
4 29 8841694.306
4 30 8942291.596
4 31 828800.2969
4 32 5741280.676
4 33 7304221.615
4 34 10413519.09
4 35 2795539.608
4 36 5099552.237
4 37 8218575.998
4 38 4593970.678
4 39 10846996.78
4 40 8146451.365
4 41 8066979.737
4 42 7858530.38
4 43 9119573.376
4 44 8279662.728
4 45 10587447.68
4 46 4736996.567
4 47 9739840.243
4 48 6058178.898
4 49 1178963.181
4 50 7272056.729
4 51 9169503.742
4 52 5770627.303
4 53 3925948.012
4 54 8375570.725
4 55 9495336.702
4 56 572683.7994
4 57 10831241.35
4 58 9244878.933
4 59 4473226.27
4 60 2997653.012
4 61 6345310.263
4 62 9329837.093
4 63 5513115.921
4 64 1022073.172
4 65 3443648.96
4 66 9887110.274
4 67 2183900.402
4 68 2990109.006
4 69 1887307.567
4 70 9697324.348
4 71 6083923.45
4 72 5695368.198
4 73 8965802.007
4 74 10841682.36
4 75 11135392.39
4 76 9337055.65
4 77 9032950.023
4 78 10798445.6
4 79 11327726.03
4 80 8134003.1
4 81 7886927.173
4 82 4403023.884
4 83 6196608.371
4 84 2288127.02
4 85 8526021.301
4 86 2853146.23
4 87 3198373.163
4 88 2603624.124
4 89 11654562.14
4 90 4227224.813
4 91 4814056.106
4 92 9263855.803
4 93 9241011.89
4 94 8666331.52
4 95 4448283.41
4 96 9080654.132
4 97 6909365.76
4 98 6296176.075
4 99 4113799.357
5 6 5998506.634
5 7 4366715.977
5 8 6457717.136
5 9 7268420.609
5 10 4782428.539
5 11 6646714.546
5 12 3443757.857
5 13 3136545.794
5 14 4069294.978
5 15 5271019.801
5 16 5715739.368
5 17 9893288.034
5 18 5464329.697
5 19 2604211.313
5 20 3603851.566
5 21 3577555.949
5 22 6470934.842
5 23 3141748.315
5 24 3766586.009
5 25 4749467.108
5 26 8004195.927
5 27 5263375.563
5 28 8036776.451
5 29 1850357.522
5 30 7870965.183
5 31 8690258.855
5 32 3844416.99
5 33 798806.5512
5 34 4671995.981
5 35 7885048.156
5 36 3272887.283
5 37 6502264.296
5 38 4381290.452
5 39 5550970.309
5 40 1966911.425
5 41 486099.2376
5 42 1432329.767
5 43 2129019.514
5 44 6308019.819
5 45 4994869.291
5 46 4265620.648
5 47 8182104.713
5 48 1938541.939
5 49 7288269.111
5 50 3528933.048
5 51 1984942.619
5 52 4378439.335
5 53 6478347.59
5 54 4737464.264
5 55 6888609.022
5 56 7808749.686
5 57 4772648.852
5 58 1249028.061
5 59 8017161.887
5 60 5931391.341
5 61 6982118.06
5 62 7494999.345
5 63 5940649.89
5 64 7575827.433
5 65 6194226.647
5 66 2205760.152
5 67 6127043.284
5 68 6775770.518
5 69 7337524.716
5 70 2193411.214
5 71 1913191.804
5 72 3847771.598
5 73 1956274.44
5 74 5338084.474
5 75 3738115.746
5 76 1344379.363
5 77 1883143.781
5 78 3358518.138
5 79 3884658.093
5 80 445640.7072
5 81 764168.5274
5 82 7289968.006
5 83 3901990.326
5 84 5725671.096
5 85 4718374.62
5 86 7048053.19
5 87 5256742.026
5 88 5738004.119
5 89 5536593.165
5 90 4413955.085
5 91 4003418.229
5 92 2845740.73
5 93 4087010.209
5 94 2305462.005
5 95 6211973.441
5 96 2720010.642
5 97 2144215.298
5 98 5703025.512
5 99 4037391.964
6 7 9411229.62
6 8 6119338.332
6 9 2915755.923
6 10 4265126.364
6 11 8944050.954
6 12 3852540.682
6 13 3583610.637
6 14 2433948.044
6 15 5370335.037
6 16 471352.3147
6 17 6922673.519
6 18 7661616.694
6 19 4642075.417
6 20 3843452.329
6 21 3004314.748
6 22 5053680.593
6 23 3220569.819
6 24 9608738.69
6 25 4413528.315
6 26 9726283.53
6 27 10015290.41
6 28 5894657.31
6 29 7527894.829
6 30 4947606.717
6 31 11724149.13
6 32 9511794.4
6 33 6596513.141
6 34 1326565.738
6 35 9677354.496
6 36 6623655.887
6 37 4237149.478
6 38 6774285.638
6 39 517618.0996
6 40 4207232.486
6 41 6445132.322
6 42 4784237.87
6 43 3901691.798
6 44 4011356.483
6 45 1005537.236
6 46 9554144.664
6 47 4591858.111
6 48 6815288.82
6 49 10245211.7
6 50 4129090.856
6 51 4090557.439
6 52 5586312.652
6 53 7894249.857
6 54 3026257.715
6 55 3302569.149
6 56 10908673.28
6 57 1351554.139
6 58 5704296.174
6 59 8689614.097
6 60 8389968.909
6 61 6348805.907
6 62 4149386.295
6 63 6323847.974
6 64 10497778.41
6 65 8117522.517
6 66 4459084.706
6 67 10326908.7
6 68 8743602.533
6 69 9817357.629
6 70 4205499.031
6 71 6787283.956
6 72 5680376.978
6 73 4059433.814
6 74 661792.7133
6 75 3506914.356
6 76 5847936.011
6 77 7441489.505
6 78 3662987.011
6 79 3588577.039
6 80 5552949.944
6 81 6758224.871
6 82 8105289.062
6 83 5160104.19
6 84 9312387.622
6 85 2862547.865
6 86 9003281.31
6 87 8174027.923
6 88 10087584.46
6 89 1125772.241
6 90 9434327.591
6 91 6610684.958
6 92 3152772.469
6 93 2231976.724
6 94 8125057.158
6 95 7344241.303
6 96 3284123.115
6 97 5077347.843
6 98 5506004.87
6 99 7586223.041
7 8 6517374.185
7 9 9502776.981
7 10 6183512.059
7 11 4325998.402
7 12 5691409.659
7 13 7376008.548
7 14 7016504.056
7 15 5798999.007
7 16 9007944.641
7 17 10543943.38
7 18 3974593.039
7 19 6968710.508
7 20 5760722.841
7 21 6429287.042
7 22 7295367.541
7 23 7251299.881
7 24 2125568.997
7 25 6050804.29
7 26 5660341.552
7 27 967205.1976
7 28 8654850.024
7 29 4717850.022
7 30 9057610.698
7 31 5100093.246
7 32 1492808.305
7 33 3573659.457
7 34 8189958.209
7 35 5520855.89
7 36 3030631.341
7 37 7858697.946
7 38 3694206.365
7 39 8898948.689
7 40 5357496.161
7 41 4261518.774
7 42 4861297.925
7 43 6113686.512
7 44 7786431.994
7 45 8458674.79
7 46 513768.0517
7 47 9686029.575
7 48 2691446.285
7 49 4085853.635
7 50 5499631.278
7 51 6069554.021
7 52 4820580.722
7 53 5072219.586
7 54 6971935.338
7 55 8839779.372
7 56 4340591.3
7 57 8471642.636
7 58 5555229.941
7 59 6547876.575
7 60 3847438.275
7 61 6984539.126
7 62 9074757.88
7 63 5753780.296
7 64 4319322.843
7 65 4480281.002
7 66 6537023.737
7 67 2114248.551
7 68 4705386.316
7 69 4554456.804
7 70 6456465.829
7 71 2721888.724
7 72 4341168.235
7 73 5932207.731
7 74 8781990.797
7 75 8012924.275
7 76 5598628.687
7 77 4923459.826
7 78 7638316.984
7 79 8178582.521
7 80 4658414.857
7 81 3999562.404
7 82 5998928.094
7 83 4843155.897
7 84 2529027.868
7 85 7060624.615
7 86 4863311.008
7 87 3158470.239
7 88 1687560.837
7 89 9314732.194
7 90 59870.086
7 91 3535754.607
7 92 6564966.67
7 93 7186925.132
7 94 4450899.231
7 95 5215882.229
7 96 6386017.831
7 97 4334664.566
7 98 6133804.189
7 99 2445095.184
8 9 4286749.364
8 10 2144720.932
8 11 3525665.919
8 12 3498763.459
8 13 7054995.005
8 14 4342669.218
8 15 1208304.044
8 16 5661223.881
8 17 4026649.468
8 18 2760151.985
8 19 7597466.052
8 20 3351382.889
8 21 4170279.27
8 22 1247934.665
8 23 6590566.236
8 24 8031032.806
8 25 2062859.653
8 26 3811060.031
8 27 6523607.159
8 28 2161957.127
8 29 8222974.429
8 30 2827352.105
8 31 6232210.513
8 32 7557074.93
8 33 6330138.128
8 34 5683996.086
8 35 3798701.254
8 36 3848068.109
8 37 2177699.743
8 38 2847878.377
8 39 5705858.059
8 40 5069606.221
8 41 6863576.601
8 42 5274145.382
8 43 5947659.995
8 44 2305670.001
8 45 5703089.274
8 46 6944115.334
8 47 3609591.818
8 48 5359554.749
8 49 4958469.832
8 50 3235314.48
8 51 6136621.647
8 52 2114965.417
8 53 2211670.544
8 54 3244897.189
8 55 3486501.739
8 56 5589076.53
8 57 6184019.173
8 58 7311561.432
8 59 2575815.151
8 60 3315428.772
8 61 531499.8423
8 62 3203336.081
8 63 768017.1412
8 64 5131975.107
8 65 2724298.784
8 66 7049949.307
8 67 6115064.945
8 68 3155135.86
8 69 4295467.538
8 70 6721301.776
8 71 5355683.711
8 72 2693056.14
8 73 5902018.182
8 74 5826428.509
8 75 7551489.995
8 76 7481093.953
8 77 8301935.676
8 78 7360168.65
8 79 7746195.254
8 80 6230568.951
8 81 6952925.135
8 82 2056233.985
8 83 2555948.504
8 84 4850636.115
8 85 3413792.033
8 86 3336648.323
8 87 3630605.524
8 88 6110956.428
8 89 6829973.544
8 90 6499378.072
8 91 3092749.062
8 92 5546178.864
8 93 4615833.93
8 94 8500213.011
8 95 1695187.086
8 96 5426567.021
8 97 4320677.559
8 98 804810.6433
8 99 4080766.634
9 10 3349041.806
9 11 7693109.025
9 12 4016025.012
9 13 5866856.907
9 14 3243769.905
9 15 4093066.695
9 16 2655207.494
9 17 4019907.699
9 18 6630174.231
9 19 6838322.763
9 20 3894401.287
9 21 3691528.881
9 22 3040609.702
9 23 5395282.658
9 24 10314400.98
9 25 3494946.654
9 26 8096979.534
9 27 9854886.639
9 28 3271803.154
9 29 9061286.801
9 30 2190343.207
9 31 10471341.14
9 32 10042731.7
9 33 7617021.466
9 34 3488198.693
9 35 8085388.758
9 36 6473541.588
9 37 2109714.61
9 38 6102494.23
9 39 2825532.145
9 40 5304632.218
9 41 7754416.263
9 42 5843619.51
9 43 5551708.963
9 44 2013116.654
9 45 3254282.294
9 46 9787550.793
9 47 1690704.244
9 48 7318638.052
9 49 9113882.677
9 50 4104263.164
9 51 5783374.903
9 52 4817508.969
9 53 6435553.02
9 54 2629814.603
9 55 801465.4311
9 56 9768462.711
9 57 3865572.638
9 58 7448089.567
9 59 6753797.949
9 60 7318598.732
9 61 4299011.63
9 62 1384779.701
9 63 4793993.214
9 64 9318911.117
9 65 6849137.343
9 66 6474775.805
9 67 9816243.501
9 68 7374383.645
9 69 8517718.918
9 70 6147956.909
9 71 7297860.213
9 72 5196825.785
9 73 5641507.747
9 74 3103433.133
9 75 6022880.029
9 76 7619183.306
9 77 9036713.527
9 78 6054815.792
9 79 6156423.785
9 80 6856822.309
9 81 8004544.814
9 82 6328628.223
9 83 4670966.968
9 84 8622826.929
9 85 2599127.964
9 86 7584125.616
9 87 7369027.632
9 88 9688228.605
9 89 4012153.599
9 90 9507971.965
9 91 6103729.094
9 92 4780524.573
9 93 3308616.483
9 94 9570180.475
9 95 5881236.308
9 96 4808368.776
9 97 5565880.259
9 98 3992183.419
9 99 7230570.666
10 11 4701660.77
10 12 1450164.104
10 13 4926384.043
10 14 2221717.518
10 15 1126717.274
10 16 3793850.173
10 17 5113091.479
10 18 3470176.028
10 19 5528709.459
10 20 1287145.201
10 21 2027067.396
10 22 1709670.777
10 23 4455183.656
10 24 7192408.282
10 25 157714.5846
10 26 5471298.134
10 27 6506368.532
10 28 3262081.557
10 29 6625673.64
10 30 3153253.889
10 31 7500738.115
10 32 6848205.362
10 33 4864220.593
10 34 3619521.07
10 35 5417799.662
10 36 3156132.449
10 37 1801241.924
10 38 2778535.037
10 39 3795606.69
10 40 3106188.487
10 41 5239909.785
10 42 3435001.637
10 43 3888427.968
10 44 1663726.653
10 45 3685522.173
10 46 6496816.772
10 47 3618067.085
10 48 4230210.052
10 49 6048894.098
10 50 1268525.845
10 51 4093265.599
10 52 1488319.463
10 53 3631213.986
10 54 1240385.907
10 55 2657100.857
10 56 6714748.065
10 57 4111127.148
10 58 5435939.718
10 59 4570027.923
10 60 4194570.928
10 61 2564548.103
10 62 2958567.196
10 63 2113749.135
10 64 6287750.23
10 65 3864585.936
10 66 4997462.178
10 67 6497531.428
10 68 4481896.8
10 69 5571477.876
10 70 4659197.906
10 71 4215228.112
10 72 1851724.954
10 73 3866875.826
10 74 3861508.618
10 75 5409799.227
10 76 5611949.764
10 77 6665501.612
10 78 5227405.422
10 79 5603670.171
10 80 4471428.899
10 81 5402917.736
10 82 3922010.978
10 83 1341511.933
10 84 5339188.407
10 85 1407529.451
10 86 4739090.983
10 87 4109266.56
10 88 6350847.561
10 89 4818615.506
10 90 6185334.352
10 91 2756237.37
10 92 3421872.915
10 93 2499161.517
10 94 7009507.265
10 95 3085824.797
10 96 3313563.273
10 97 2696694.412
10 98 1373463.529
10 99 3881535.979
11 12 5330848.073
11 13 8603602.149
11 14 6675867.786
11 15 3670000.321
11 16 8473530.657
11 17 7151558.891
11 18 1346861.132
11 19 8736463.984
11 20 5270243.475
11 21 6242021.627
11 22 4730451.249
11 23 8249969.709
11 24 6359143.402
11 25 4547494.09
11 26 1414893.892
11 27 3868608.566
11 28 5527531.464
11 29 7943929.124
11 30 6341362.87
11 31 2805769.203
11 32 5749833.997
11 33 6120164.513
11 34 8125256.464
11 35 1281521.855
11 36 3389510.186
11 37 5612018.89
11 38 2455049.404
11 39 8456636.832
11 40 6243508.717
11 41 6860829.013
11 42 6099137.873
11 43 7252986.977
11 44 5681064.73
11 45 8260800.468
11 46 4838069.281
11 47 7133471.725
11 48 4824683.371
11 49 1433874.015
11 50 5007676.228
11 51 7352987.74
11 52 3389699.673
11 53 1323852.69
11 54 5925404.796
11 55 6896932.63
11 56 2077218.163
11 57 8577070.92
11 58 7834437.8
11 59 2325913.233
11 60 717444.6285
11 61 3760270.478
11 62 6717241.719
11 63 2905312.859
11 64 1625824.319
11 65 848778.3512
11 66 8178612.991
11 67 3013920.755
11 68 454416.3509
11 69 873843.7727
11 70 7930183.412
11 71 4841251.179
11 72 3476947.311
11 73 7126161.697
11 74 8484894.512
11 75 9222357.305
11 76 7962455.793
11 77 8099559.395
11 78 8922294.815
11 79 9421881.244
11 80 6652404.857
11 81 6778317.891
11 82 1975512.014
11 83 3899209.553
11 84 1880385.367
11 85 6085045.393
11 86 537932.6245
11 87 1424598.069
11 88 3185595.606
11 89 9367092.832
11 90 4281769.201
11 91 2787543.473
11 92 7228952.95
11 93 6943675.71
11 94 7956086.702
11 95 1835703.407
11 96 7055698.595
11 97 5042708.861
11 98 3703076.094
11 99 2671917.451
12 13 3582644.866
12 14 1426290.717
12 15 2327656.742
12 16 3409651.1
12 17 6484660.711
12 18 3991727.261
12 19 4103123.783
12 20 166325.1821
12 21 916997.8291
12 22 3151230.533
12 23 3139098.128
12 24 6305540.603
12 25 1475035.743
12 26 6349108.801
12 27 6211761.701
12 28 4682840.882
12 29 5293410.016
12 30 4430717.963
12 31 8025029.022
12 32 6061979.465
12 33 3655029.821
12 34 2833606.262
12 35 6271218.359
12 36 2783784.05
12 37 3064793.184
12 38 2987588.171
12 39 3336129.361
12 40 1661544.505
12 41 3919188.668
12 42 2040062.724
12 43 2454932.115
12 44 2865305.687
12 45 3016308.038
12 46 5907191.393
12 47 4749293.016
12 48 3316826.636
12 49 6523060.697
12 50 325383.9116
12 51 2652648.484
12 52 1974832.774
12 53 4512420.122
12 54 1386650.748
12 55 3517026.993
12 56 7175704.67
12 57 3260602.329
12 58 4000550.629
12 59 5716706.436
12 60 4701907.732
12 61 3963338.883
12 62 4062725.411
12 63 3268882.114
12 64 6790942.493
12 65 4565886.033
12 66 3562286.761
12 67 6474655.695
12 68 5220938.516
12 69 6195432.744
12 70 3228595.96
12 71 3294594.862
12 72 1888408.684
12 73 2422918.502
12 74 3289789.636
12 75 4120408.624
12 76 4177503.993
12 77 5313622.504
12 78 3895137.566
12 79 4319736.213
12 80 3093928.594
12 81 4120918.634
12 82 5015270.644
12 83 1432361.431
12 84 5474783.568
12 85 1427426.605
12 86 5501024.742
12 87 4382159.788
12 88 6241193.453
12 89 4075473.959
12 90 5706866.811
12 91 2781452.314
12 92 2078669.941
12 93 1665291.395
12 94 5726765.271
12 95 4031116.605
12 96 1942987.605
12 97 1550008.528
12 98 2694803.778
12 99 3734105.948
13 14 2947117.746
13 15 5906990.669
13 16 3501593.919
13 17 9431397.152
13 18 7268771.136
13 19 1059358.071
13 20 3717034.582
13 21 2914186.665
13 22 6494709.309
13 23 496340.1309
13 24 6887714.392
13 25 4994270.833
13 26 9775032.325
13 27 8202245.36
13 28 7874312.655
13 29 4202172.301
13 30 7285036
13 31 11076089.74
13 32 6980133.269
13 33 3912992.39
13 34 2438906.694
13 35 9682073.048
13 36 5396233.373
13 37 6077918.776
13 38 6148680.528
13 39 3304620.248
13 40 2367547.577
13 41 3451363.738
13 42 2644605.463
13 43 1372040.978
13 44 5830709.696
13 45 2738363.128
13 46 7342467.564
13 47 7275130.14
13 48 4719917.34
13 49 9585399.292
13 50 3881203.76
13 51 1336988.704
13 52 5459754.041
13 53 7988476.464
13 54 4103729.868
13 55 5833636.072
13 56 10190383.02
13 57 2234832.913
13 58 2355485.62
13 59 9283203.015
13 60 7911020.941
13 61 7490880.816
13 62 6647196.623
13 63 6849849.403
13 64 9870900.845
13 65 7932429.73
13 66 1014819.129
13 67 8892804.695
13 68 8583688.371
13 69 9422801.436
13 70 943181.5295
13 71 4689501.333
13 72 5177275.859
13 73 1526676.777
13 74 3017988.925
13 75 649575.2528
13 76 2457644.84
13 77 4073263.353
13 78 320111.5306
13 79 837139.0743
13 80 2759006.254
13 81 3785678.156
13 82 8571104.841
13 83 4881776.92
13 84 8218638.474
13 85 3977919.407
13 86 8869482.889
13 87 7402593.11
13 88 8547006.83
13 89 2751087.453
13 90 7416905.854
13 91 5828433.524
13 92 1509265.264
13 93 2745043.077
13 94 4832816.051
13 95 7550185.428
13 96 1640259.387
13 97 3598856.351
13 98 6257587.137
13 99 6377920.296
14 15 3331493.282
14 16 2003026.371
14 17 6502004.398
14 18 5353941.548
14 19 3770764.887
14 20 1436996.616
14 21 588842.7751
14 22 3603947.311
14 23 2451203.105
14 24 7401289.292
14 25 2335996.28
14 26 7601520.976
14 27 7590894.428
14 28 4931135.201
14 29 5829003.621
14 30 4355957.481
14 31 9410095.166
14 32 7234563.365
14 33 4507980.088
14 34 1450644.216
14 35 7535232.224
14 36 4189741.603
14 37 3131202.113
14 38 4395081.309
14 39 1916406.052
14 40 2107234.55
14 41 4552271.552
14 42 2676689.885
14 43 2329583.976
14 44 2883648.066
14 45 1598963.046
14 46 7189579.538
14 47 4423933.848
14 48 4491827.007
14 49 7914028.582
14 50 1719670.08
14 51 2562895.102
14 52 3286287.583
14 53 5750212.123
14 54 1174550.895
14 55 3008109.181
14 56 8571492.062
14 57 1918870.896
14 58 4209956.694
14 59 6788166.135
14 60 6075046.114
14 61 4714407.835
14 62 3765513.236
14 63 4322697.444
14 64 8176816.827
14 65 5880182.387
14 66 3331303.244
14 67 7895339.265
14 68 6527285.425
14 69 7547386.99
14 70 2989703.079
14 71 4465684.571
14 72 3293775.515
14 73 2405789.082
14 74 1863794.436
14 75 3323437.756
14 76 4382677.089
14 77 5797828.341
14 78 3212416.478
14 79 3505351.235
14 80 3643482.174
14 81 4822249.821
14 82 6127855.628
14 83 2799259.693
14 84 6900479.849
14 85 1035966.252
14 86 6800506.764
14 87 5794535.206
14 88 7653660.768
14 89 2691225.931
14 90 7036672.836
14 91 4204143.053
14 92 1597681.344
14 93 278824.7805
14 94 6355051.404
14 95 5230270.84
14 96 1590734.307
14 97 2707557.216
14 98 3592811.741
14 99 5154851.794
15 16 4899999.064
15 17 4897253.519
15 18 2537789.383
15 19 6408642.869
15 20 2189956.163
15 21 3072343.498
15 22 1500248.347
15 23 5454589.859
15 24 7107411.979
15 25 997717.2688
15 26 4356158.446
15 27 5964605.247
15 28 2969667.055
15 29 7057537.374
15 30 3258713.243
15 31 6475391.165
15 32 6682436.9
15 33 5185643.338
15 34 4743750.312
15 35 4307363.112
15 36 2904717.305
15 37 2132913.045
15 38 2138629.966
15 39 4910401.788
15 40 3865555.831
15 41 5687725.847
15 42 4066671.705
15 43 4759709.41
15 44 2127046.948
15 45 4812174.209
15 46 6178066.037
15 47 3912791.606
15 48 4299376.382
15 49 5060862.573
15 50 2047191.11
15 51 4943340.839
15 52 1041490.914
15 53 2528972.369
15 54 2357729.249
15 55 3319108.122
15 56 5723378.524
15 57 5233233.688
15 58 6104309.121
15 59 3458715.463
15 60 3235171.311
15 61 1718407.748
15 62 3344890.333
15 63 991283.9238
15 64 5283545.574
15 65 2822171.957
15 66 5856998.021
15 67 5773118.665
15 68 3411613.785
15 69 4527765.926
15 70 5532052.295
15 71 4291894.709
15 72 1620515.833
15 73 4707338.303
15 74 4984647.758
15 75 6428227.509
15 76 6274273.035
15 77 7128535.495
15 78 6217269.291
15 79 6625697.638
15 80 5031388.181
15 81 5792738.299
15 82 2798465.317
15 83 1376837.054
15 84 4550942.384
15 85 2527095.257
15 86 3657603.001
15 87 3291053.354
15 88 5686625.201
15 89 5945327.95
15 90 5790266.476
15 91 2264028.993
15 92 4399095.364
15 93 3610168.902
15 94 7361033.305
15 95 1974796.857
15 96 4269230.955
15 97 3128211.997
15 98 433745.8362
15 99 3371848.306
16 17 6618936.369
16 18 7193166.515
16 19 4548101.966
16 20 3393635.255
16 21 2583395.354
16 22 4612886.08
16 23 3095559.68
16 24 9270765.288
16 25 3942181.691
16 26 9256098.032
16 27 9593735.227
16 28 5508754.532
16 29 7305127.985
16 30 4597243.487
16 31 11255002.66
16 32 9152742.951
16 33 6281295.313
16 34 1099161.526
16 35 9206756.497
16 36 6188442.403
16 37 3816838.07
16 38 6313587.797
16 39 197527.4313
16 40 3870047.485
16 41 6173516.296
16 42 4452233.887
16 43 3656745.333
16 44 3585510.052
16 45 774737.6748
16 46 9164340.183
16 47 4297489.091
16 48 6437423.433
16 49 9777458.582
16 50 3679099.077
16 51 3858936.757
16 52 5118882.806
16 53 7423262.896
16 54 2554905.404
16 55 2954126.156
16 56 10441234.86
16 57 1297574.828
16 58 5508056.331
16 59 8228707.698
16 60 7921659.567
16 61 5900944.463
16 62 3812850.902
16 63 5855531.139
16 64 10029261.59
16 65 7646479.83
16 66 4311750.614
16 67 9883362.582
16 68 8272284.429
16 69 9346742.321
16 70 4034969.932
16 71 6409968.971
16 72 5222108.182
16 73 3803829.305
16 74 491278.1784
16 75 3511325.132
16 76 5659219.579
16 77 7229980.468
16 78 3620553.819
16 79 3616545.209
16 80 5270603.972
16 81 6479058.031
16 82 7639751.672
16 83 4698721.063
16 84 8857735.925
16 85 2391275.254
16 86 8531929.757
16 87 7712455.103
16 88 9650019.987
16 89 1374226.002
16 90 9029580.053
16 91 6155914.948
16 92 2882301.317
16 93 1821306.387
16 94 7889936.622
16 95 6873604.017
16 96 2996464.175
16 97 4680112.784
16 98 5039587.437
16 99 7143270.163
17 18 6713832.329
17 19 10267262.75
17 20 6319262.346
17 21 6693329.643
17 22 3468087.415
17 23 8935800.16
17 24 11995967.86
17 25 5157279.193
17 26 6809726.073
17 27 10525716.37
17 28 1927599.485
17 29 11738493.94
17 30 2146852.231
17 31 9461404.782
17 32 11549778.19
17 33 9958634.949
17 34 7274511.468
17 35 6868655.571
17 36 7788914.042
17 37 3442664.849
17 38 6864966.069
17 39 6770020.872
17 40 8126474.519
17 41 10352880.14
17 42 8521003.15
17 43 8733018.568
17 44 3669437.826
17 45 7106579.537
17 46 10967507.11
17 47 2331683.324
17 48 9182200.621
17 49 8492323.595
17 50 6366129.153
17 51 8960266.536
17 52 5938545.317
17 53 5879586.163
17 54 5408459.921
17 55 3694850.713
17 56 9032766.207
17 57 7719301.833
17 58 10465716.21
17 59 5183175.342
17 60 7154703.542
17 61 3576445.683
17 62 2834336.788
17 63 4791888.499
17 64 8588261.325
17 65 6492892.927
17 66 9802003.337
17 67 10015957.17
17 68 6709741.453
17 69 7725587.653
17 70 9456118.354
17 71 9172905.602
17 72 6516406.838
17 73 8760700.911
17 74 7025091.272
17 75 9725645.294
17 76 10643484.35
17 77 11775612.09
17 78 9675456.337
17 79 9886194.871
17 80 9569686.087
17 81 10513317.3
17 82 5213932.315
17 83 6199000.145
17 84 8756387.454
17 85 5503719.662
17 86 6783198.477
17 87 7594681.264
17 88 10060506.15
17 89 7992443.849
17 90 10526026.86
17 91 7082948.024
17 92 8078815.681
17 93 6687420.833
17 94 12117190.34
17 95 5509990.015
17 96 8036583.896
17 97 7801634.84
17 98 4496162.482
17 99 8105129.315
18 19 7436687.134
18 20 3936803.238
18 21 4905651.896
18 22 3821343.128
18 23 6908454.048
18 24 5787899.685
18 25 3312911.302
18 26 2563366.107
18 27 3822880.202
18 28 4911374.427
18 29 6901667.566
18 30 5548909.158
18 31 4064327.254
18 32 5228803.823
18 33 5015274.521
18 34 6800060.87
18 35 2454138.716
18 36 2197090.954
18 37 4620597.286
18 38 1133657.803
18 39 7166154.733
18 40 4915509.79
18 41 5725702.376
18 42 4801651.595
18 43 5925530.076
18 44 4646854.089
18 45 6946196.67
18 46 4452149.582
18 47 6293594.224
18 48 3757381.067
18 49 2586249.951
18 50 3670024.495
18 51 6033395.409
18 52 2077937.297
18 53 1156121.142
18 54 4664113.275
18 55 5851581.122
18 56 3251498.748
18 57 7245383.638
18 58 6611568.541
18 59 2741360.761
18 60 728721.7978
18 61 3145780.345
18 62 5796657.896
18 63 2014507.123
18 64 2836163.067
18 65 730453.6642
18 66 6875106.735
18 67 3356292.438
18 68 1336266.507
18 69 2204178.472
18 70 6616503.084
18 71 3768734.304
18 72 2130180.543
18 73 5803753.97
18 74 7180774.516
18 75 7883479.179
18 76 6748937.671
18 77 7039746.519
18 78 7588061.358
18 79 8083385.236
18 80 5425555.44
18 81 5682968.08
18 82 2092133.889
18 83 2563175.425
18 84 2093982.42
18 85 4817839.81
18 86 1619732.323
18 87 880849.2802
18 88 3356263.326
18 89 8043573.437
18 90 3945132.904
18 91 1491930.433
18 92 5883682.779
18 93 5618366
18 94 6990175.138
18 95 1246404.612
18 96 5711193.656
18 97 3733044.025
18 98 2681104.533
18 99 1755452.692
19 20 4256663.823
19 21 3607809.874
19 22 7177196.846
19 23 1462543.216
19 24 6211408.481
19 25 5571854.601
19 26 9989872.5
19 27 7853368.318
19 28 8626677.834
19 29 3293510.921
19 30 8123452.436
19 31 11051459.06
19 32 6383085.086
19 33 3402045.024
19 34 3470604.757
19 35 9886462.8
19 36 5398481.885
19 37 6859412.502
19 38 6303029.333
19 39 4351914.21
19 40 2591110.116
19 41 2797600.172
19 42 2637484.986
19 43 1649814.369
19 44 6618773.185
19 45 3779125.199
19 46 6866453.424
19 47 8177617.611
19 48 4428817.486
19 49 9590703.317
19 50 4363259.485
19 51 1469586.647
19 52 5813227.419
19 53 8270815.909
19 54 4871603.425
19 55 6743855.047
19 56 10162418.32
19 57 3292041.752
19 58 1538001.451
19 59 9663475.538
19 60 8025777.897
19 61 8066461.818
19 62 7530034.944
19 63 7297964.072
19 64 9879341.02
19 65 8135552.143
19 66 566091.0236
19 67 8660293.801
19 68 8771404.947
19 69 9514824.396
19 70 876591.8613
19 71 4399878.9
19 72 5440886.686
19 73 1708000.552
19 74 4068383.418
19 75 1375601.732
19 76 1587265.677
19 77 3141392.885
19 78 1056470.372
19 79 1449769.979
19 80 2331631.717
19 81 3117143.755
19 82 8937152.569
19 83 5240027.189
19 84 8123387.676
19 85 4766246.769
19 86 9055927.608
19 87 7445246.631
19 88 8286811.725
19 89 3795893.733
19 90 7015167.969
19 91 5952839.297
19 92 2190568.658
19 93 3610332.884
19 94 3928090.791
19 95 7881054.43
19 96 2250763.313
19 97 3704321.998
19 98 6792660.676
19 99 6323045.864
20 21 973950.2833
20 22 2985925.353
20 23 3267027.58
20 24 6421013.844
20 25 1316758.927
20 26 6262832.454
20 27 6259669.092
20 28 4516550.573
20 29 5453928.258
20 30 4268588.936
20 31 7982648.019
20 32 6165798.373
20 33 3801934.63
20 34 2868308.88
20 35 6187602.444
20 36 2821777.653
20 37 2901731.809
20 38 2958420.723
20 39 3329235.069
20 40 1827514.225
20 41 4077967.52
20 42 2204077.667
20 43 2610161.07
20 44 2704228.618
20 45 3035410.586
20 46 5988284.464
20 47 4595619.744
20 48 3427473.839
20 49 6483535.886
20 50 285639.3553
20 51 2810477.804
20 52 1895504.696
20 53 4420625.089
20 54 1265888.765
20 55 3378129.469
20 56 7139130.843
20 57 3308580.41
20 58 4166839.581
20 59 5597875.334
20 60 4652495.808
20 61 3810791.74
20 62 3909539.128
20 63 3142159.014
20 64 6748707.962
20 65 4494201.2
20 66 3718488.149
20 67 6491994.79
20 68 5147578.134
20 69 6137958.644
20 70 3383271.715
20 71 3406031.053
20 72 1857008.624
20 73 2582050.279
20 74 3297581.211
20 75 4244882.081
20 76 4343805.986
20 77 5475740.208
20 78 4027607.726
20 79 4443482.234
20 80 3257215.807
20 81 4276112.988
20 82 4901312.826
20 83 1373806.072
20 84 5470870.643
20 85 1321434.149
20 86 5425956.06
20 87 4357566.989
20 88 6267895.03
20 89 4112259.667
20 90 5774645.886
20 91 2770843.379
20 92 2209497.655
20 93 1689939.472
20 94 5883095.283
20 95 3930248.734
20 96 2079988.247
20 97 1678652.741
20 98 2548664.008
20 99 3753927.926
21 22 3588716.076
21 23 2434751.704
21 24 6827844.267
21 25 2110356.91
21 26 7232311.966
21 27 7012110.495
21 28 5018895.526
21 29 5375537.772
21 30 4564470.163
21 31 8942024.829
21 32 6651681.212
21 33 3968502.724
21 34 1921371.193
21 35 7158574.039
21 36 3626188.74
21 37 3262016.982
21 38 3903249.98
21 39 2487169.944
21 40 1613228.176
21 41 4063392.245
21 42 2158508.421
21 43 2039987.455
21 44 3026687.08
21 45 2119958.815
21 46 6600739.69
21 47 4727686.181
21 48 3906050.59
21 49 7439989.199
21 50 1235755.904
21 51 2268410.549
21 52 2869203.012
21 53 5386980.169
21 54 1286945.531
21 55 3358613.108
21 56 8092274.675
21 57 2343609.561
21 58 3843174.457
21 59 6520040.947
21 60 5617823.878
21 61 4587499.837
21 62 4050387.755
21 63 4051512.787
21 64 7707936.351
21 65 5468149.795
21 66 3116563.688
21 67 7340795.199
21 68 6121475.905
21 69 7108439.964
21 70 2770389.055
21 71 3880143.455
21 72 2805088.546
21 73 2076473.988
21 74 2410109.319
21 75 3382863.218
21 76 4019547.269
21 77 5359010.241
21 78 3208814.118
21 79 3576603.354
21 80 3165767.587
21 81 4318547.789
21 82 5836028.392
21 83 2343136.906
21 84 6371644.202
21 85 1211938.613
21 86 6399676.027
21 87 5295498.056
21 88 7090466.211
21 89 3160771.675
21 90 6449842.37
21 91 3688287.578
21 92 1431427.191
21 93 775823.8247
21 94 5878668.201
21 95 4888010.078
21 96 1357220.466
21 97 2119231.697
21 98 3386088.943
21 99 4602921.351
22 23 6007335.896
22 24 8587405.724
22 25 1723708.735
22 26 5056431.535
22 27 7429579.813
22 28 1568231.216
22 29 8304797.157
22 30 1769821.908
22 31 7468684.087
22 32 8174880.182
22 33 6497455.826
22 34 4801698.262
22 35 5045981.405
22 36 4395449.308
22 37 935455.502
22 38 3617083.096
22 39 4683113.63
22 40 4811936.44
22 41 6919487.57
22 42 5142370.954
22 43 5555396.117
22 44 1091515.234
22 45 4766880.551
22 46 7678001.984
22 47 2475376.28
22 48 5723571.335
22 49 6163694.613
22 50 2977240.486
22 51 5768136.839
22 52 2524510.916
22 53 3434963.797
22 54 2432227.674
22 55 2241676.589
22 56 6804553.816
22 57 5301908.037
22 58 7145180.753
22 59 3752237.719
22 60 4447636.252
22 61 1314702.783
22 62 1991134.807
22 63 1839508.138
22 64 6349260.627
22 65 3905174.714
22 66 6661004.732
22 67 7154815.625
22 68 4379947.312
22 69 5524057.548
22 70 6318300.324
22 71 5713280.201
22 72 3084422.922
22 73 5547550.585
22 74 4840443.771
22 75 6919669.261
22 76 7321327.93
22 77 8353026.538
22 78 6780484.943
22 79 7105011.879
22 80 6173009.963
22 81 7064957.349
22 82 3290317.931
22 83 2734304.155
22 84 5904612.331
22 85 2583773.071
22 86 4573035.985
22 87 4651088.335
22 88 7103912.368
22 89 5865136.855
22 90 7285591.785
22 91 3762645.622
22 92 5019441.399
22 93 3855416.306
22 94 8663000.975
22 95 2895873.63
22 96 4933457.91
22 97 4352242.455
22 98 1178388.386
22 99 4860797.485
23 24 6907840.364
23 25 4527945.033
23 26 9391293.611
23 27 8044933.72
23 28 7379611.111
23 29 4397626.088
23 30 6789302.443
23 31 10771901.37
23 32 6955225.083
23 33 3883829.624
23 34 2010265.639
23 35 9301841.954
23 36 5110137.559
23 37 5582243.419
23 38 5799280.951
23 39 2900708.786
23 40 2063181.677
23 41 3508386.711
23 42 2426997.209
23 43 1141635.068
23 44 5334850.325
23 45 2323048.32
23 46 7251816.026
23 47 6785627.424
23 48 4568554.586
23 49 9274072.654
23 50 3445514.472
23 51 1191758.71
23 52 5049612.354
23 53 7588724.536
23 54 3610019.757
23 55 5344817.365
23 56 9889740.06
23 57 1871815.908
23 58 2543117.643
23 59 8852775.285
23 60 7566226.67
23 61 7019203
23 62 6154732.857
23 63 6407588.111
23 64 9557552.345
23 65 7557704.629
23 66 1243316.734
23 67 8679851.448
23 68 8211797.523
23 69 9080704.686
23 70 1031452.965
23 71 4537967.849
23 72 4797716.161
23 73 1320508.834
23 74 2622501.254
23 75 986623.4158
23 76 2669890.464
23 77 4287680.342
23 78 774330.4106
23 79 1187448.009
23 80 2729719.7
23 81 3841810.563
23 82 8145878.303
23 83 4474191.073
23 84 7951424.609
23 85 3482887.292
23 86 8497143.934
23 87 7086148.137
23 88 8347737.173
23 89 2492500.639
23 90 7289248.824
23 91 5492057.691
23 92 1061678.535
23 93 2248971.844
23 94 5017975.378
23 95 7137489.619
23 96 1213654.553
23 97 3300000.574
23 98 5796520.194
23 99 6105629.895
24 25 7088755.957
24 26 7731512.469
24 27 2968082.387
24 28 10070491.35
24 29 3263757.928
24 30 10283932.57
24 31 7188896.613
24 32 632899.7905
24 33 3046637.36
24 34 8299349.87
24 35 7592273.435
24 36 4207073.111
24 37 8978475.936
24 38 5208601.794
24 39 9126653.152
24 40 5403051.6
24 41 3441706.532
24 42 4824501.404
24 43 5860258.272
24 44 8855755.488
24 45 8607301.168
24 46 1637024.845
24 47 10808815.67
24 48 2996995.227
24 49 6211054.493
24 50 6213300.508
24 51 5739011.6
24 52 6067828.824
24 53 6935806.619
24 54 7686865.809
24 55 9755736.077
24 56 6455323.785
24 57 8467195.737
24 58 4676628.127
24 59 8482434.314
24 60 5808405.512
24 61 8538797.589
24 62 10150476.32
24 63 7302741.155
24 64 6444671.835
24 65 6389194.726
24 66 5914721.456
24 67 4182288.489
24 68 6704775.729
24 69 6658982.805
24 70 5948168.665
24 71 3017120.948
24 72 5503190.306
24 73 5679686.636
24 74 8949268.021
24 75 7464989.786
24 76 4653205.56
24 77 3476921.589
24 78 7087709.406
24 79 7595347.321
24 80 4182665.134
24 81 3110093.912
24 82 7874715.625
24 83 5899829.639
24 84 4633070.694
24 85 7732705.02
24 86 6889990.891
24 87 5070494.138
24 88 3767281.553
24 89 9262815.487
24 90 2181407.768
24 91 4938556.979
24 92 6503675.302
24 93 7501690.473
24 94 2797434.859
24 95 6976855.313
24 96 6350584.642
24 97 4764402.319
24 98 7500215.256
24 99 4064261.702
25 26 5329276.027
25 27 6362689.785
25 28 3287395.372
25 29 6587583.03
25 30 3230190.607
25 31 7345521.167
25 32 6735840.62
25 33 4806232.03
25 34 3746512.698
25 35 5274178.022
25 36 3026876.398
25 37 1892302.015
25 38 2624720.024
25 39 3941008.687
25 40 3116654.047
25 41 5201670.413
25 42 3421790.117
25 43 3926657.283
25 44 1769639.593
25 45 3820130.907
25 46 6369883.911
25 47 3720243.105
25 48 4137591.894
25 49 5892283.986
25 50 1263436.604
25 51 4127062.906
25 52 1334182.627
25 53 3486346.037
25 54 1387379.92
25 55 2794013.795
25 56 6558151.94
25 57 4235534.537
25 58 5435458.854
25 59 4452172.194
25 60 4037588.952
25 61 2501680.986
25 62 3067934.193
25 63 1988574.925
25 64 6131691.914
25 65 3711655.509
25 66 5035180.362
25 67 6344166.474
25 68 4331267.171
25 69 5417864.35
25 70 4699412.039
25 71 4123433.881
25 72 1713349.981
25 73 3897904.09
25 74 4002000.704
25 75 5489148.597
25 76 5610675.734
25 77 6632280.633
25 78 5298195.27
25 79 5684257.815
25 80 4449392.965
25 81 5356234.188
25 82 3796178.656
25 83 1214678.071
25 84 5183202.34
25 85 1552853.61
25 86 4589789.229
25 87 3952170.615
25 88 6200122.32
25 89 4952273.084
25 90 6051799.148
25 91 2608817.776
25 92 3486520.931
25 93 2614403.624
25 94 6960046.636
25 95 2943768.866
25 96 3371863.082
25 97 2644459.229
25 98 1276075.707
25 99 3736488.924
26 27 5100241.423
26 28 5460480.064
26 29 9348268.97
26 30 6434829.619
26 31 2651797.381
26 32 7113881.966
26 33 7507244.582
26 34 9045523.588
26 35 139496.0873
26 36 4731942.939
26 37 5988670.562
26 38 3692821.57
26 39 9265300.804
26 40 7444437.286
26 41 8239224.838
26 42 7359073.36
26 43 8452023.467
26 44 6111521.522
26 45 9142105.514
26 46 6174089.918
26 47 7253782.032
26 48 6218269.439
26 49 1958241.97
26 50 6024262.445
26 51 8571234.717
26 52 4374970.463
26 53 1851385.433
26 54 6710403.105
26 55 7297290.609
26 56 2326284.575
26 57 9520381.447
26 58 9168726.216
26 59 1627053.784
26 60 2096813.669
26 61 3853317.868
26 62 6954770.255
26 63 3417295.953
26 64 1935598.887
26 65 1854335.765
26 66 9426484.287
26 67 4085916.873
26 68 1230734.232
26 69 1206776.342
26 70 9159791.62
26 71 6233658.478
26 72 4597779.518
26 73 8338466.299
26 74 9331230.039
26 75 10374702.27
26 76 9303221.3
26 77 9500738.235
26 78 10095130.26
26 79 10575526.14
26 80 7982979.687
26 81 8169314.113
26 82 1784127.026
26 83 4935300.085
26 84 3143301.982
26 85 6878523.652
26 86 956307.8068
26 87 2834517.357
26 88 4346082.69
26 89 10270010.61
26 90 5612425.512
26 91 4055247.116
26 92 8345738.085
26 93 7877808.957
26 94 9369307.328
26 95 2385577.174
26 96 8181082.652
26 97 6286041.576
26 98 4251121.659
26 99 4076927.396
27 28 8685044.777
27 29 5684879.79
27 30 9198880.312
27 31 4223544.271
27 32 2347000.289
27 33 4480473.396
27 34 8839942.703
27 35 4962553.249
27 36 3443242.803
27 37 8081076.827
27 38 3826671.116
27 39 9498717.899
27 40 6085029.82
27 41 5190082.26
27 42 5626542.239
27 43 6903313.23
27 44 8037680.37
27 45 9091758.03
27 46 1350690.044
27 47 9877176.161
27 48 3482783.687
27 49 3359339.392
27 50 5984811.39
27 51 6878572.796
27 52 5063589.88
27 53 4817275.094
27 54 7413634.871
27 55 9151233.645
27 56 3518311.085
27 57 9154297.035
27 58 6473462.057
27 59 6175269.33
27 60 3523472.998
27 61 6949687.193
27 62 9300168.9
27 63 5756575.971
27 64 3562110.154
27 65 4195284.304
27 66 7401337.658
27 67 1217378.819
27 68 4290409.272
27 69 3931356.185
27 70 7298801.608
27 71 3513263.455
27 72 4659228.468
27 73 6725159.618
27 74 9404357.236
27 75 8845797.161
27 76 6525135.998
27 77 5890213.243
27 78 8475486.541
27 79 9017689.051
27 80 5527248.817
27 81 4939842.176
27 82 5704277.358
27 83 5192269.404
27 84 1988792.496
27 85 7518956.164
27 86 4400670.711
27 87 2947293.13
27 88 817350.7912
27 89 10002311.3
27 90 909191.1346
27 91 3760860.507
27 92 7294694.747
27 93 7783355.119
27 94 5413739.622
27 95 5059839.953
27 96 7111893.586
27 97 4979210.313
27 98 6251622.157
27 99 2627737.255
28 29 9872514.74
28 30 1123688.318
28 31 8062061.931
28 32 9629787.821
28 33 8063285.38
28 34 5939226.302
28 35 5489982.874
28 36 5863539.279
28 37 1807618.579
28 38 4964174.832
28 39 5622584.617
28 40 6342944.808
28 41 8486999.731
28 42 6696298.98
28 43 7034226.265
28 44 2058574.41
28 45 5836816.518
28 46 9067576.928
28 47 1902331.975
28 48 7258336.785
28 49 6931088.93
28 50 4529767.944
28 51 7253988.045
28 52 4010947.024
28 53 4210505.526
28 54 3771954.698
28 55 2630199.744
28 56 7522544.78
28 57 6422294.935
28 58 8683389.98
28 59 3903653.767
28 60 5422747.174
28 61 1784406.116
28 62 1889877.771
28 63 2928468.829
28 64 7066629.83
28 65 4790183.752
28 66 8129491.859
28 67 8257473.472
28 68 5110875.689
28 69 6204063.617
28 70 7784013.23
28 71 7249483.508
28 72 4589100.01
28 73 7041103.702
28 74 5834143.911
28 75 8243835.674
28 76 8860334.378
28 77 9919405.308
28 78 8143502.113
28 79 8419436.234
28 80 7733122.615
28 81 8633129.724
28 82 3716537.495
28 83 4281319.09
28 84 6991964.598
28 85 3896856.892
28 86 5234835.315
28 87 5787017.961
28 88 8266939.874
28 89 6854912.108
28 90 8639276.474
28 91 5167891.607
28 92 6442999.562
28 93 5153978.528
28 94 10230470.04
28 95 3768184.634
28 96 6376085.794
28 97 5920473.443
28 98 2570325.214
28 99 6210633.436
29 30 9721322.607
29 31 9607311.02
29 32 3636650.14
29 33 1923313.62
29 34 6218697.671
29 35 9219682.905
29 36 4733622.425
29 37 8352584.173
29 38 5905947.915
29 39 7125875.839
29 40 3766152.482
29 41 1385967.621
29 42 3268468.786
29 43 3651299.523
29 44 8158154.652
29 45 6548105.601
29 46 4421910.503
29 47 10025661.71
29 48 3144993.404
29 49 8331405.763
29 50 5377395.661
29 51 3446222.792
29 52 6116000.042
29 53 7994175.962
29 54 6571250.278
29 55 8715395.036
29 56 8761882.379
29 57 6219334.252
29 58 1856053.171
29 59 9573902.706
29 60 7251842.258
29 61 8752267.362
29 62 9338757.185
29 63 7657546.761
29 64 8608185.775
29 65 7624851.276
29 66 3191640.813
29 67 6763465.945
29 68 8146731.441
29 69 8527205.653
29 70 3366945.699
29 71 3133060.949
29 72 5556253.841
29 73 3514565.422
29 74 6882921.458
29 75 4659172.608
29 76 1744532.435
29 77 214288.468
29 78 4310718.651
29 79 4743221.853
29 80 2219028.672
29 81 1272644.887
29 82 8861629.348
29 83 5680835.923
29 84 6690126.832
29 85 6543799.602
29 86 8400906.082
29 87 6519506.753
29 88 6340265.395
29 89 6890078.491
29 90 4775690.001
29 91 5533347.913
29 92 4438647.539
29 93 5811110.122
29 94 634740.5328
29 95 7800607.492
29 96 4352287.403
29 97 3956275.803
29 98 7491242.058
29 99 5272383.582
30 31 8983581.805
30 32 9895858.063
30 33 8008613.607
30 34 5164677.459
30 35 6451103.857
30 36 6123099.295
30 37 1369778.35
30 38 5386114.472
30 39 4731295.691
30 40 6041783.466
30 41 8341898.012
30 42 6469213.726
30 43 6603795.661
30 44 1567681.294
30 45 5018147.347
30 46 9431874.464
30 47 820132.7703
30 48 7361790.811
30 49 7769384.379
30 50 4352134.816
30 51 6832826.282
30 52 4258056.856
30 53 5019009.281
30 54 3277525.312
30 55 1645626.736
30 56 8387447.696
30 57 5624243.989
30 58 8369694.747
30 59 4932567.634
30 60 6138011.744
30 61 2608204.735
30 62 813541.1894
30 63 3537055.482
30 64 7929505.162
30 65 5550957.156
30 66 7663828.076
30 67 8899106.536
30 68 5952452.034
30 69 7078471.102
30 70 7318385.349
30 71 7348568.944
30 72 4794607.319
30 73 6638624.501
30 74 4968274.857
30 75 7587440.2
30 76 8547446.744
30 77 9744263.055
30 78 7530864.273
30 79 7750831.011
30 80 7524104.097
30 81 8526253.215
30 82 4658666.766
30 83 4386122.677
30 84 7641526.882
30 85 3365161.371
30 86 6108763.331
30 87 6396704.401
30 88 8861725.253
30 89 5966646.812
30 90 9048979.588
30 91 5522124.025
30 92 5936866.804
30 93 4540701.335
30 94 10135565.83
30 95 4520280.86
30 96 5899182.354
30 97 5839029.982
30 98 2947260.809
30 99 6627868.36
31 32 6562683.793
31 33 8020720.394
31 34 10850872.29
31 35 2595705.096
31 36 5683163.683
31 37 8374021.28
31 38 5047155.046
31 39 11230126.95
31 40 8715576.783
31 41 8785527.396
31 42 8464162.863
31 43 9704592.293
31 44 8458529.476
31 45 11005889.03
31 46 5557250.485
31 47 9794898.024
31 48 6753815.285
31 49 1506068.38
31 50 7708796.665
31 51 9768433.401
31 52 6142237.955
31 53 4037693.51
31 54 8716149.62
31 55 9671714.902
31 56 889108.4777
31 57 11285630.93
31 58 9934978.652
31 59 4278795.123
31 60 3337785.268
31 61 6375750.539
31 62 9433892.651
31 63 5678034.461
31 64 1234105.161
31 65 3653242.062
31 66 10516887.92
31 67 3006923.417
31 68 3096963.39
31 69 1955071.133
31 70 10311683.9
31 71 6778333.186
31 72 6138073.977
31 73 9557441.319
31 74 11244319.87
31 75 11715235.71
31 76 10034212.54
31 77 9795116.032
31 78 11387870.4
31 79 11910302.85
31 80 8803795.159
31 81 8619246.491
31 82 4345655.957
31 83 6611450.009
31 84 2965980.625
31 85 8873112.417
31 86 2895994.147
31 87 3691242.847
31 88 3422949.012
31 89 12094876.3
31 90 5040926.698
31 91 5307454.56
31 92 9798251.687
31 93 9670845.523
31 94 9451507.875
31 95 4590104.966
31 96 9617504.318
31 97 7478889.101
31 98 6493387.076
31 99 4728785.251
32 33 3073069.688
32 34 8220661.768
32 35 6974508.591
32 36 3779433.277
32 37 8614720.126
32 38 4715787.909
32 39 9018161.319
32 40 5312230.484
32 41 3585651.381
32 42 4747891.658
32 43 5867847.003
32 44 8505322.95
32 45 8519027.477
32 46 1006485.638
32 47 10451208.61
32 48 2752833.234
32 49 5578530.619
32 50 5940761.129
32 51 5769000.697
32 52 5650410.376
32 53 6368828.031
32 54 7428006.386
32 55 9452219.616
32 56 5823914.903
32 57 8423668.238
32 58 4868676.787
32 59 7900584.498
32 60 5215018.276
32 61 8056070.838
32 62 9803774.791
32 63 6816357.573
32 64 5811783.814
32 65 5809672.893
32 66 6039598.478
32 67 3557412.566
32 68 6104102.779
32 69 6032337.389
32 70 6036993.233
32 71 2777192.21
32 72 5101420.375
32 73 5684481.738
32 74 8857596.204
32 75 7580971.07
32 76 4867565.564
32 77 3850753.62
32 78 7201494.836
32 79 7723394.698
32 80 4230295.088
32 81 3267928.738
32 82 7306897.399
32 83 5530419.451
32 84 4005664.132
32 85 7486303.466
32 86 6282891.597
32 87 4485517.757
32 88 3139902.608
32 89 9238373.118
32 90 1548533.32
32 91 4469257.995
32 92 6460268.922
32 93 7356237.82
32 94 3239994.931
32 95 6435419.66
32 96 6297570.676
32 97 4548325.49
32 98 7062379.32
32 99 3532741.711
33 34 5277004.604
33 35 7382613.928
33 36 2827962.665
33 37 6642122.609
33 38 3992206.849
33 39 6127543.094
33 40 2424059.714
33 41 765065.7268
33 42 1841038.797
33 43 2814883.331
33 44 6468556.029
33 45 5591444.929
33 46 3466847.352
33 47 8391179.136
33 48 1301359.639
33 49 6654567.908
33 50 3670118.744
33 51 2701939.599
33 52 4216389.974
33 53 6087857.009
33 54 5017963.647
33 55 7167576.094
33 56 7147073.27
33 57 5425205.943
33 58 1996002.185
33 59 7660681.981
33 60 5413997.503
33 61 6861101.472
33 62 7706837.493
33 63 5744770.417
33 64 6939536.914
33 65 5743441.58
33 66 3000919.405
33 67 5379186.707
33 68 6290300.446
33 69 6762301.696
33 70 2971081.73
33 71 1282422.731
33 72 3647775.263
33 73 2633675.697
33 74 5934923.529
33 75 4524578.744
33 76 2060085.227
33 77 2038545.77
33 78 4145157.409
33 79 4675229.835
33 80 1157373.505
33 81 668273.0899
33 82 6944909.392
33 83 3812228.295
33 84 5056495.024
33 85 5024917.439
33 86 6553128.909
33 87 4705178.688
33 88 4981944.75
33 89 6216444.514
33 90 3621802.612
33 91 3617383.229
33 92 3465793.879
33 93 4567617.948
33 94 2175554.182
33 95 5880379.382
33 96 3318950.189
33 97 2169622.669
33 98 5618696.297
33 99 3461210.843
34 35 8981143.079
34 36 5514688.736
34 37 4150128.24
34 38 5820836.63
34 39 911454.8283
34 40 2908443.549
34 41 5119001.411
34 42 3478214.025
34 43 2579798.589
34 44 3900956.22
34 45 329461.5418
34 46 8305693.978
34 47 5012596.536
34 48 5554257.895
34 49 9351721.319
34 50 3144228.476
34 51 2774283.945
34 52 4736133.55
34 53 7194228.505
34 54 2439098.917
34 55 3586349.341
34 56 10006621.67
34 57 501753.8323
34 58 4412000.31
34 59 8184918.975
34 60 7518929.383
34 61 6008600.847
34 62 4441123.501
34 63 5733084.823
34 64 9616978.092
34 65 7330825.681
34 66 3214997.549
34 67 9234851.49
34 68 7977711.779
34 69 8996199.165
34 70 2935848.539
34 71 5525493.325
34 72 4720494.686
34 73 2734811.135
34 74 667886.3858
34 75 2535385.501
34 76 4561797.234
34 77 6139059.546
34 78 2590066.295
34 79 2668768.903
34 80 4226463.55
34 81 5431678.88
34 82 7541379.394
34 83 4240150.817
34 84 8289349.026
34 85 2270474.196
34 86 8250547.329
34 87 7215588.43
34 88 8969243.32
34 89 1244032.287
34 90 8216291.894
34 91 5609640.656
34 92 1826257.17
34 93 1181825.968
34 94 6809806.62
34 95 6668845.401
34 96 1960060.102
34 97 3864623.337
34 98 4970719.365
34 99 6505141.738
35 36 4613808.298
35 37 5975962.423
35 38 3585960.131
35 39 9213182.172
35 40 7346646.51
35 41 8116406.356
35 42 7253780.118
35 43 8355041.492
35 44 6093752.777
35 45 9082055.123
35 46 6034605.586
35 47 7268996.854
35 48 6092075.605
35 49 1839791.5
35 50 5946077.754
35 51 8471895.242
35 52 4296405.034
35 53 1789288.449
35 54 6657826.49
35 55 7284865.745
35 56 2231142.149
35 57 9453800.092
35 58 9053547.805
35 59 1692225.084
35 60 1969791.072
35 61 3860217.449
35 62 6957926.917
35 63 3380060.338
35 64 1829741.172
35 65 1753326.534
35 66 9323638.959
35 67 3953148.661
35 68 1118270.427
35 69 1078408.873
35 70 9059241.453
35 71 6107720.077
35 72 4505699.807
35 73 8239767.419
35 74 9275115.88
35 75 10284328.88
35 76 9187050.002
35 77 9373036.1
35 78 10002122.25
35 79 10485067.62
35 80 7868088.516
35 81 8043938.464
35 82 1793154.649
35 83 4852986.326
35 84 3004167.381
35 85 6825329.04
35 86 838513.4756
35 87 2703505.42
35 88 4210247.049
35 89 10208372.87
35 90 5472953.754
35 91 3945793.905
35 92 8258624.903
35 93 7810888.32
35 94 9237331.02
35 95 2333167.906
35 96 8092849.675
35 97 6182176.99
35 98 4215439.292
35 99 3947627.736
36 37 4868309.743
36 38 1178403.072
36 39 6106071.927
36 40 3047038.595
36 41 3529176.818
36 42 2784119.045
36 43 4024193.883
36 44 4779226.571
36 45 5739645.131
36 46 3343920.334
36 47 6704979.456
36 48 1616835.01
36 49 4202156.216
36 50 2544043.809
36 51 4085329.55
36 52 1871026.653
36 53 3261305.476
36 54 3975277.017
36 55 5810485.609
36 56 4795958.655
36 57 5879469.922
36 58 4445502.026
36 59 4841067.325
36 60 2672077.958
36 61 4367393.277
36 62 6075096.019
36 63 3150717.355
36 64 4489803.421
36 65 2927491.611
36 66 4852165.597
36 67 3720164.766
36 68 3502959.403
36 69 4127432.388
36 70 4633443.6
36 71 1622446.984
36 72 1334225.243
36 73 3874797.528
36 74 6036088.256
36 75 6038442.965
36 76 4575511.447
36 77 4862288.884
36 78 5706413.827
36 79 6231995.228
36 80 3262895.251
36 81 3496205.087
36 82 4132982.965
36 83 1814649.268
36 84 2848951.303
36 85 4077109.228
36 86 3776101.707
36 87 2047977.513
36 88 3464558.959
36 89 6724368.231
36 90 3034731.803
36 91 818379.8602
36 92 4183375.996
36 93 4401983.064
36 94 4873237.795
36 95 3085420.669
36 96 3998484.422
36 97 1810830.461
36 98 3293217.264
36 99 1007798.332
37 38 4256987.139
37 39 3908661.125
37 40 4689539.79
37 41 6972487.321
37 42 5104622.969
37 43 5298055.344
37 44 251210.1716
37 45 4068004.43
37 46 8205936.299
37 47 1837636.227
37 48 6028974.1
37 49 7040784.728
37 50 2982447.505
37 51 5523536.754
37 52 3039440.828
37 53 4336328.13
37 54 1988073.791
37 55 1308903.357
37 56 7689218.348
37 57 4639773.575
37 58 7025532.085
37 59 4681024.312
37 60 5281261.401
37 61 2230460.771
37 62 1219732.46
37 63 2706710.148
37 64 7236453.188
37 65 4774932.464
37 66 6378026.887
37 67 7903180.658
37 68 5278721.693
37 69 6423403.033
37 70 6031806.259
37 71 6014468.693
37 72 3534403.421
37 73 5320810.997
37 74 4095920.425
37 75 6437371.673
37 76 7203341.041
37 77 8377165.359
37 78 6342634.063
37 79 6612271.313
37 80 6158712.56
37 81 7156591.249
37 82 4225482.15
37 83 3084494.726
37 84 6672589.971
37 85 2101933.428
37 86 5481905.831
37 87 5411973.486
37 88 7819414.108
37 89 5124048.661
37 90 7854773.65
37 91 4338181.162
37 92 4669434.593
37 93 3348609.547
37 94 8765907.978
37 95 3786890.74
37 96 4614670.553
37 97 4473029.242
37 98 1941150.847
37 99 5467171.222
38 39 6266298.295
38 40 3789043.133
38 41 4672678.253
38 42 3668263.61
38 43 4798831.58
38 44 4223004.21
38 45 5993801.597
38 46 4103939.898
38 47 6051389.938
38 48 2794732.316
38 49 3541970.59
38 50 2678126.678
38 51 4902694.785
38 52 1290556.975
38 53 2101247.086
38 54 3861313.273
38 55 5367322.919
38 56 4190309.227
38 57 6244944.471
38 58 5501313.98
38 59 3668670.967
38 60 1767447.871
38 61 3340741.807
38 62 5475084.962
38 63 2100702.184
38 64 3814551.287
38 65 1842927.38
38 66 5741515.76
38 67 3719623.796
38 68 2469084.032
38 69 3282254.273
38 70 5484172.553
38 71 2800714.096
38 72 1101428.258
38 73 4674182.066
38 74 6251428.356
38 75 6768896.74
38 76 5643003.147
38 77 6030137.238
38 78 6467291.011
38 79 6968156.56
38 80 4316558.705
38 81 4659276.036
38 82 2956351.331
38 83 1615071.494
38 84 2574998.174
38 85 3998796.088
38 86 2753142.567
38 87 1400827.71
38 88 3587558.104
38 89 7063061.823
38 90 3680821.221
38 91 378199.428
38 92 4788154.073
38 93 4647072.219
38 94 6051527.231
38 95 1907712.14
38 96 4612166.201
38 97 2599532.557
38 98 2445492.87
38 99 1249502.225
39 40 3723724.061
39 41 6005696.273
39 42 4304153.237
39 43 3480494.478
39 44 3672985.269
39 45 583863.9478
39 46 9046554.527
39 47 4454172.821
39 48 6312213.098
39 49 9747393.705
39 50 3614826.658
39 51 3679887.962
39 52 5088975.787
39 53 7426761.414
39 54 2555364.762
39 55 3092824.412
39 56 10410023.26
39 57 1101233.354
39 58 5323262.814
39 59 8266479.614
39 60 7893928.315
39 61 5961008.482
39 62 3954507.28
39 63 5874975.789
39 64 10001948
39 65 7634508
39 66 4119680.519
39 67 9810081.136
39 68 8265047.082
39 69 9330370.144
39 70 3845526.866
39 71 6284442.981
39 72 5170489.245
39 73 3630319.462
39 74 295126.6665
39 75 3315126.18
39 76 5473251.506
39 77 7048482.883
39 78 3423038.424
39 79 3421711.794
39 80 5105498.331
39 81 6313514.205
39 82 7667040.686
39 83 4653354.189
39 84 8799466.765
39 85 2388313.517
39 86 8527431.904
39 87 7666677.45
39 88 9570066.014
39 89 1236306.239
39 90 8921608.341
39 91 6098156.795
39 92 2711569.859
39 93 1715882.616
39 94 7713470.805
39 95 6880537.063
39 96 2830976.394
39 97 4566339.957
39 98 5066100.597
39 99 7069389.218
40 41 2452070.526
40 42 583922.0217
40 43 1010030.38
40 44 4475421.963
40 45 3209075.894
40 46 5431385.61
40 47 6284695.434
40 48 2678388.02
40 49 7221404.143
40 50 1857241.895
40 51 1132912.122
40 52 3222310.3
40 53 5693755.595
40 54 2818583.107
40 55 4951669.419
40 56 7831661.748
40 57 3132230.523
40 58 2342179.764
40 59 7072365.699
40 60 5546876.82
40 61 5560248.456
40 62 5599985.345
40 63 4721390.339
40 64 7506229.14
40 65 5593502.294
40 66 2026646.636
40 67 6647191.587
40 68 6239773.07
40 69 7057060.579
40 70 1729485.988
40 71 2648639.841
40 72 2862342.331
40 73 896472.4219
40 74 3549454.277
40 75 3000855.178
40 76 2519622.368
40 77 3756744.735
40 78 2683895.214
40 79 3197252.781
40 80 1552663.211
40 81 2715601.768
40 82 6346204.357
40 83 2650330.393
40 84 5889173.561
40 85 2781540.639
40 86 6525556.843
40 87 5036454.281
40 88 6329756.19
40 89 3966757.387
40 90 5389127.361
40 91 3462744.522
40 92 1210311.86
40 93 2146641.047
40 94 4265576.649
40 95 5292478.072
40 96 1029181.613
40 97 1237824.369
40 98 4268520.853
40 99 4043148.124
41 42 1917524.359
41 43 2553613.308
41 44 6781093.859
41 45 5444094.907
41 46 4105682.585
41 47 8662089.633
41 48 2058270.717
41 49 7418416.043
41 50 3994056.098
41 51 2389869.519
41 52 4767358.316
41 53 6773864.052
41 54 5221339.632
41 55 7373311.35
41 56 7912128.868
41 57 5198340.574
41 58 1303087.442
41 59 8332018.624
41 60 6150918.99
41 61 7390912.183
41 62 7974968.731
41 63 6321696.632
41 64 7703651.038
41 65 6455830.221
41 66 2473148.7
41 67 6123993.379
41 68 7017034.569
41 69 7516706.952
41 70 2517649.751
41 71 2037658.495
41 72 4220543.94
41 73 2388255.868
41 74 5786429.263
41 75 4023296.794
41 76 1337121.721
41 77 1441133.7
41 78 3646048.757
41 79 4155215.232
41 80 912942.7333
41 81 334701.122
41 82 7609598.7
41 83 4312801.394
41 84 5821519.081
41 85 5203556.04
41 86 7283578.342
41 87 5451715.094
41 88 5721651.569
41 89 5944161.946
41 90 4312495.848
41 91 4294918.915
41 92 3295035.985
41 93 4565430.115
41 94 1819951.344
41 95 6536419.471
41 96 3177488.413
41 97 2574083.114
41 98 6121017.151
41 99 4212314.349
42 43 1290009.002
42 44 4902362.575
42 45 3783384.453
42 46 4907076.245
42 47 6757240.498
42 48 2170012.794
42 49 6986272.568
42 50 2166626.892
42 51 1312391.126
42 52 3302782.327
42 53 5669364.437
42 54 3306049.668
42 55 5456334.9
42 56 7575893.917
42 57 3678911.085
42 58 2037709.666
42 59 7115659.195
42 60 5389151.12
42 61 5782800.98
42 62 6070385.652
42 63 4851281.949
42 64 7273905.209
42 65 5505547.78
42 66 2080135.207
42 67 6257757.06
42 68 6137339.319
42 69 6882410.865
42 70 1849389.816
42 71 2139627.826
42 72 2861626.215
42 73 1121127.143
42 74 4124975.682
42 75 3293599.97
42 76 2208417.731
42 77 3278631.108
42 78 2945403.07
42 79 3480928.422
42 80 1055443.762
42 81 2161133.696
42 82 6384215.677
42 83 2758530.07
42 84 5579724.916
42 85 3286082.681
42 86 6421343.417
42 87 4822077.917
42 88 5921587.724
42 89 4503155.578
42 90 4895949.672
42 91 3315657.627
42 92 1723669.678
42 93 2727148.331
42 94 3737472.372
42 95 5312145.256
42 96 1554142.957
42 97 1077416.996
42 98 4487136.871
42 99 3745483.492
43 44 5065067.43
43 45 2907981.121
43 46 6124963.941
43 47 6738094.051
43 48 3428106.868
43 49 8215140.126
43 50 2713632.824
43 51 233347.613
43 52 4195824.796
43 53 6691884.739
43 54 3326541.134
43 55 5334737.765
43 56 8818629.247
43 57 2645807.509
43 58 1906405.17
43 59 8044672.403
43 60 6555114.057
43 61 6417899.706
43 62 6069041.182
43 63 5657197.41
43 64 8500992.804
43 65 6602155.033
43 66 1109042.899
43 67 7547616.473
43 68 7249202.728
43 69 8063997.396
43 70 773882.3929
43 71 3397521.345
43 72 3863252.468
43 73 184015.1557
43 74 3247356.977
43 75 2016100.123
43 76 2073326.931
43 77 3584752.159
43 78 1683523.755
43 79 2208232.255
43 80 1690454.239
43 81 2874983.957
43 82 7322445.724
43 83 3618552.128
43 84 6849271.802
43 85 3242849.71
43 86 7535016.128
43 87 6034248.554
43 88 7211216.943
43 89 3410106.905
43 90 6150995.418
43 91 4470431.471
43 92 793598.1822
43 93 2243362.69
43 94 4233253.482
43 95 6278481.6
43 96 743408.2618
43 97 2229727.556
43 98 5142852.599
43 99 5007113.487
44 45 3822193.381
44 46 8122202.075
44 47 1954618.402
44 48 5891867.101
44 49 7104143.754
44 50 2800642.408
44 51 5291593.132
44 52 2978823.108
44 53 4423821.384
44 54 1747408.743
44 55 1215983.778
44 56 7757195.56
44 57 4391486.744
44 58 6806956.569
44 59 4842148.571
44 60 5322125.493
44 61 2404604.249
44 62 1298772.726
44 63 2780894.139
44 64 7306877.991
44 65 4838355.205
44 66 6140984.161
44 67 7897599.406
44 68 5361576.714
44 69 6504679.932
44 70 5794786.132
44 71 5876420.017
44 72 3449192.678
44 73 5091265.524
44 74 3855505.478
44 75 6187183.97
44 76 6984761.587
44 77 8178699.962
44 78 6094206.643
44 79 6361762.482
44 80 5957515.784
44 81 6971822.161
44 82 4361417.063
44 83 2978523.996
44 84 6677957.686
44 85 1856963.272
44 86 5573303.688
44 87 5417886.507
44 88 7800472.288
44 89 4883977.779
44 90 7784349.219
44 91 4282713.174
44 92 4428321.686
44 93 3099038.546
44 94 8580765.198
44 95 3868501.025
44 96 4376518.719
44 97 4302360.401
44 98 1984302.247
44 99 5415560.035
45 46 8585281.198
45 47 4820832.686
45 48 5838046.242
45 49 9511457.601
45 50 3316925.226
45 51 3103442.12
45 52 4872564.841
45 53 7292910.846
45 54 2470690.593
45 55 3411759.136
45 56 10169619.57
45 57 615900.5239
45 58 4740859.754
45 59 8230700.437
45 60 7669331.867
45 61 6003482.384
45 62 4273112.406
45 63 5795815.329
45 64 9773129.7
45 65 7455349.32
45 66 3537024.958
45 67 9457871.72
45 68 8097273.699
45 69 9133691.065
45 70 3261677.406
45 71 5809600.019
45 72 4892411.098
45 73 3061754.923
45 74 343765.188
45 75 2792233.075
45 76 4890174.276
45 77 6468491.802
45 78 2872983.019
45 79 2913429.497
45 80 4549241.966
45 81 5755500.417
45 82 7602094.112
45 83 4396922.879
45 84 8488753.303
45 85 2299827.448
45 86 8366704.758
45 87 7392830.719
45 88 9201031.548
45 89 1133734.148
45 90 8483766.491
45 91 5797734.799
45 92 2149674.08
45 93 1351273.634
45 94 7138809.173
45 95 6759047.876
45 96 2278787.836
45 97 4126189.266
45 98 5014083.182
45 99 6721842.066
46 47 10039840.89
46 48 2754827.158
46 49 4585201.485
46 50 5737255.335
46 51 6061682.79
46 52 5178395.799
46 53 5562259.81
46 54 7222399.275
46 55 9145552.22
46 56 4818305.751
46 57 8561945.343
46 58 5408571.724
46 59 7050635.071
46 60 4350553.543
46 61 7421049.871
46 62 9416624.211
46 63 6184954.605
46 64 4813566.026
46 65 4976591.782
46 66 6463621.527
46 67 2553684.279
46 68 5214527.082
46 69 5065714.588
46 70 6409862.718
46 71 2784190.958
46 72 4673537.215
46 73 5941551.778
46 74 8914751.254
46 75 7969440.904
46 76 5436448.319
46 77 4632126.249
46 78 7591615.319
46 79 8127559.816
46 80 4593609.886
46 81 3820636.132
46 82 6492549.605
46 83 5155944.798
46 84 3041373.038
46 85 7301681.057
46 86 5375129.699
46 87 3651481.385
46 88 2134304.112
46 89 9398133.534
46 90 562633.633
46 91 3916534.009
46 92 6627386.791
46 93 7344675.888
46 94 4103939.437
46 95 5687768.42
46 96 6452876.69
46 97 4485513.054
46 98 6527526.728
46 99 2863394.946
47 48 7846263.56
47 49 8564548.374
47 50 4723099.3
47 51 6970813.599
47 52 4865733.527
47 53 5814059.118
47 54 3466844.062
47 55 1442084.849
47 56 9188004.703
47 57 5436530.672
47 58 8570533.455
47 59 5751675.108
47 60 6903944.679
47 61 3419589.02
47 62 687122.8724
47 63 4293606.958
47 64 8730152.649
47 65 6332281.549
47 66 7754446.57
47 67 9630095.593
47 68 6751862.406
47 69 7882689.829
47 70 7413529.393
47 71 7830687.419
47 72 5370810.203
47 73 6794420.791
47 74 4716808.709
47 75 7512275.024
47 76 8747081.668
47 77 10032052.31
47 78 7496755.081
47 79 7662232.356
47 80 7809669.829
47 81 8870085.438
47 82 5476116.997
47 83 4920808.852
47 84 8379640.907
47 85 3517727.999
47 86 6914398.125
47 87 7126438.92
47 88 9574812.214
47 89 5668672.07
47 90 9680732.549
47 91 6156331.76
47 92 6021446.17
47 93 4567498.81
47 94 10474692.29
47 95 5304697.699
47 96 6008876.978
47 97 6234364.492
47 98 3644994.167
47 99 7278602.567
48 49 5365711.535
48 50 3216352.343
48 51 3396366.011
48 52 3270150.751
48 53 4860651.769
48 54 4693132.21
48 55 6761115.757
48 56 5874119.854
48 57 5807345.887
48 58 3186701.245
48 59 6448223.795
48 60 4122315.339
48 61 5888531.629
48 62 7179291.592
48 63 4706345.897
48 64 5651989.945
48 65 4479863.675
48 66 3946443.306
48 67 4231516.938
48 68 5007901.547
48 69 5460990.678
48 70 3823455.714
48 71 30586.93515
48 72 2684343.43
48 73 3248063.123
48 74 6170367.028
48 75 5364484.39
48 76 3281082.889
48 77 3287759.033
48 78 4995780.454
48 79 5538239.526
48 80 2103308.579
48 81 1953823.323
48 82 5745630.933
48 83 2991173.581
48 84 3788288.742
48 85 4743876.919
48 86 5266480.994
48 87 3406401.835
48 88 3860226.371
48 89 6644705.934
48 90 2726645.878
48 91 2433498.049
48 92 3880080.818
48 93 4626146.748
48 94 3257045.336
48 95 4702185.184
48 96 3703309.643
48 97 1795734.656
48 98 4719759.015
48 99 2160626.232
49 50 6208167.372
49 51 8285009.325
49 52 4658945.892
49 53 2750750.154
49 54 7250116.315
49 55 8320047.288
49 56 665878.355
49 57 9783386.53
49 58 8524007.12
49 59 3434407.08
49 60 1857712.755
49 61 5177919.319
49 62 8151050.147
49 63 4334785.46
49 64 288935.5042
49 65 2266313.398
49 66 9049891.62
49 67 2225149.241
49 68 1821924.727
49 69 789884.1362
49 70 8835558.564
49 71 5388352.567
49 72 4635129.978
49 73 8070941.176
49 74 9754735.116
49 75 10222174.89
49 76 8631642.719
49 77 8509451.001
49 78 9898634.532
49 79 10418087.58
49 80 7374038.03
49 81 7276549.345
49 82 3278423.005
49 83 5114782.603
49 84 1649948.673
49 85 7404087.946
49 86 1710471.397
49 87 2188723.246
49 88 2553552.512
49 89 10595501.47
49 90 4030707.79
49 91 3802007.817
49 92 8294959.77
49 93 8172876.751
49 94 8234721.693
49 95 3269560.638
49 96 8114677.577
49 97 5986591.152
49 98 5121699.635
49 99 3275195.773
50 51 2901351.755
50 52 1649673.791
50 53 4188770.185
50 54 1490497.378
50 55 3554236.535
50 56 6862438.164
50 57 3578029.799
50 58 4172307.783
50 59 5407272.238
50 60 4382295.36
50 61 3713527.581
50 62 4040459.647
50 63 2969468.597
50 64 6474707.647
50 65 4240761.737
50 66 3814634.924
50 67 6207349.923
50 68 4895705.18
50 69 5873179.12
50 70 3486785.721
50 71 3196218.151
50 72 1576915.907
50 73 2667139.745
50 74 3581698.772
50 75 4429320.917
50 76 4347713.011
50 77 5410038.088
50 78 4195798.237
50 79 4629187.43
50 80 3206431.683
50 81 4174143.977
50 82 4702141.844
50 83 1108528.497
50 84 5185521.701
50 85 1564446.437
50 86 5175701.902
50 87 4076083.427
50 88 5985132.181
50 89 4387606.767
50 90 5512368.45
50 91 2485972.096
50 92 2383865.45
50 93 1968955.209
50 94 5783460.727
50 95 3710683.278
50 96 2241253.081
50 97 1512940.51
50 98 2430648.09
50 99 3470020.616
51 52 4348882.925
51 53 6826496.822
51 54 3555320.217
51 55 5568043.875
51 56 8880921.491
51 57 2813260.921
51 58 1680756.789
51 59 8199673.784
51 60 6650360.555
51 61 6612016.007
51 62 6301285.634
51 63 5828385.83
51 64 8571877.438
51 65 6718587.213
51 66 913667.7752
51 67 7555925.888
51 68 7362120.138
51 69 8154683.922
51 70 598090.8509
51 71 3365831.329
51 72 3994905.188
51 73 238822.7932
51 74 3440300.287
51 75 1986530.932
51 76 1845784.581
51 77 3373595.237
51 78 1633552.067
51 79 2171005.324
51 80 1556798.949
51 81 2716582.358
51 82 7474928.813
51 83 3773950.564
51 84 6891923.115
51 85 3473429.035
51 86 7647683.385
51 87 6110975.287
51 88 7211332.859
51 89 3555677.85
51 90 6108593.411
51 91 4566178.448
51 92 1016365.801
51 93 2474797.731
51 94 4035698.202
51 95 6424096.93
51 96 975681.3641
51 97 2313398.745
51 98 5331996.638
51 99 5055839.56
52 53 2545109.533
52 54 2609808.838
52 55 4092965.836
52 56 5322399.322
52 57 5191902.921
52 58 5314350.818
52 59 3850799.171
52 60 2805088.3
52 61 2646387.831
52 62 4257590.543
52 63 1565194.964
52 64 4913050.429
52 65 2600175.145
52 66 5248953.572
52 67 5010120.086
52 68 3252489.929
52 69 4261758.51
52 70 4946971.408
52 71 3263969.976
52 72 585888.7412
52 73 4110211.516
52 74 5103328.264
52 75 6036217.594
52 76 5477068.312
52 77 6200871.308
52 78 5778661.571
52 79 6237060.355
52 80 4186377.717
52 81 4844221.054
52 82 3126771.914
52 83 578683.8006
52 84 3854089.354
52 85 2756976.309
52 86 3530479.157
52 87 2636312.917
52 88 4870969.286
52 89 5977476.889
52 90 4815929.028
52 91 1304274.165
52 92 3992916.591
52 93 3554965.632
52 94 6385309.886
52 95 2090457.135
52 96 3836007.984
52 97 2274780.646
52 98 1451486.222
52 99 2437894.892
53 54 4871590.49
53 55 5635231.941
53 56 3377433.584
53 57 7669082.08
53 58 7575297.026
53 59 1594025.291
53 60 1306287.536
53 61 2437632.924
53 62 5412601.059
53 63 1648687.127
53 64 2920307.833
53 65 628162.7922
53 66 7704838.234
53 67 4157247.11
53 68 945116.3946
53 69 2089164.115
53 70 7421620.937
53 71 4869650.681
53 72 2831719.613
53 73 6590147.977
53 74 7486253.94
53 75 8574817.913
53 76 7722094.202
53 77 8123534.786
53 78 8308268.083
53 79 8775767.579
53 80 6395372.965
53 81 6755786.715
53 82 938912.958
53 83 3115809.095
53 84 2917054.172
53 85 5038486.09
53 86 1150770.508
53 87 1914422.77
53 88 4246409.798
53 89 8419752.697
53 90 5038561.239
53 91 2479226.454
53 92 6535104.192
53 93 6026620.541
53 94 8110502.904
53 95 561912.5432
53 96 6375367.149
53 97 4592707.746
53 98 2478086.501
53 99 2911285.343
54 55 2154818.358
54 56 7915561.731
54 57 2939293.855
54 58 5112753.096
54 59 5760030.342
54 60 5392419.747
54 61 3580104.437
54 62 2783412.226
54 63 3332084.169
54 64 7495859.468
54 65 5094228.958
54 66 4394940.424
54 67 7537964.43
54 68 5717656.066
54 69 6797580.207
54 70 4048832.505
54 71 4671802.543
54 72 2814185.462
54 73 3362167.278
54 74 2628130.072
54 75 4497380.094
54 76 5289978.781
54 77 6571102.307
54 78 4377477.879
54 79 4679834.146
54 80 4352390.181
54 81 5447529.547
54 82 5134948.137
54 83 2270113.422
54 84 6435169.496
54 85 170918.2141
54 86 5977031.585
54 87 5240824.568
54 88 7351127.82
54 89 3603652.452
54 90 6982406.333
54 91 3762432.156
54 92 2681400.086
54 93 1423264.007
54 94 7040429.153
54 95 4325318.091
54 96 2629822.896
54 97 2936653.89
54 98 2543402.151
54 99 4836444.342
55 56 8973165.729
55 57 4024899.054
55 58 7193498.373
55 59 5968243.981
55 60 6533375.469
55 61 3512317.339
55 62 863457.9056
55 63 3995421.221
55 64 8522725.949
55 65 6054330.76
55 66 6330872.493
55 67 9069212.263
55 68 6574864.075
55 69 7718614.897
55 70 5992256.049
55 71 6742249.208
55 72 4507213.005
55 73 5401199.629
55 74 3337935.07
55 75 6073006.432
55 76 7368656.538
55 77 8708322.03
55 78 6054698.694
55 79 6224984.38
55 80 6496863.444
55 81 7602177.982
55 82 5531411.907
55 83 3996630.834
55 84 7863319.841
55 85 2171682.807
55 86 6783370.988
55 87 6605858.423
55 88 8954619.526
55 89 4325998.639
55 90 8842053.219
55 91 5391201.706
55 92 4601367.392
55 93 3136781.082
55 94 9193029.026
55 95 5081728.536
55 96 4598533.819
55 97 5054856.865
55 98 3199374.414
55 99 6523516.487
56 57 10434913.61
56 58 9052077.208
56 59 3903163
56 60 2523173.453
56 61 5786454.123
56 62 8788173.912
56 63 4982522.285
56 64 457942.7266
56 65 2919384.748
56 66 9627793.814
56 67 2312318.657
56 68 2436207.73
56 69 1318876.558
56 70 9423080.352
56 71 5898262.578
56 72 5287296.137
56 73 8670646.733
56 74 10415157.04
56 75 10830383.06
56 76 9153032.721
56 77 8946596.708
56 78 10501653.54
56 79 11025083.47
56 80 7917445.212
56 81 7752285.945
56 82 3832189.996
56 83 5772720.715
56 84 2090867.435
56 85 8069268.191
56 86 2288001.771
56 87 2817817.428
56 88 2701887.498
56 89 11250019.01
56 90 4282620.662
56 91 4438048.005
56 92 8921785.768
56 93 8828959.237
56 94 8626700.176
56 95 3908698.262
56 96 8740381.357
56 97 6594417.136
56 98 5776816.829
56 99 3839679.795
57 58 4380212.351
57 59 8679274.827
57 60 7960076.028
57 61 6510305.07
57 62 4885224.862
57 63 6223603.884
57 64 10051544.71
57 65 7790793.208
57 66 3113401.969
57 67 9595275.807
57 68 8440287.683
57 69 9445952.116
57 70 2871299.151
57 71 5777870.328
57 72 5148282.155
57 73 2816385.642
57 74 806332.7672
57 75 2213892.956
57 76 4518356.726
57 77 6123809.161
57 78 2331191.807
57 79 2322587.61
57 80 4330848.417
57 81 5520764.473
57 82 8031630.148
57 83 4682303.095
57 84 8681608.594
57 85 2771081.363
57 86 8715015.209
57 87 7633213.01
57 88 9317008.667
57 89 848741.7023
57 90 8500613.075
57 91 6019194.153
57 92 1965250.297
57 93 1642957.304
57 94 6826493.382
57 95 7148143.291
57 96 2126174.435
57 97 4176728.274
57 98 5466878.32
57 99 6878667.966
58 59 9075068.056
58 60 7117137.043
58 61 7820463.332
58 62 7891650.933
58 63 6873535.895
58 64 8812124.53
58 65 7336989.261
58 66 1341056.018
58 67 7367708.145
58 68 7938001.392
58 69 8548976.429
58 70 1514431.604
58 71 3161004.59
58 72 4834970.65
58 73 1806614.001
58 74 5069278.088
58 75 2852273.926
58 76 177814.0733
58 77 1745777.834
58 78 2489069.158
58 79 2958693.728
58 80 1186019.152
58 81 1603554.556
58 82 8343441.226
58 83 4784982.664
58 84 6971741.768
58 85 5053052.755
58 86 8215044.431
58 87 6463586.493
58 88 6974391.074
58 89 5035479.451
58 90 5605150.747
58 91 5127821.255
58 92 2697098.415
58 93 4143879.543
58 94 2481618.774
58 95 7264282.768
58 96 2645192.708
58 97 3042760.517
58 98 6524696.832
58 99 5260923.395
59 60 2700453.112
59 61 2455927.686
59 62 5522813.703
59 63 2470231.938
59 64 3478671.363
59 65 2093427.098
59 66 9098752.05
59 67 5334315.428
59 68 1887561.577
59 69 2644752.302
59 70 8797759.382
59 71 6456450.343
59 72 4254517.658
59 73 7960987.169
59 74 8374097.733
59 75 9836290.146
59 76 9227939.665
59 77 9698788.985
59 78 9599669.467
59 79 10035940.96
59 80 7906089.811
59 81 8327374.939
59 82 732028.4801
59 83 4426499.16
59 84 4195339.16
59 85 5930877.011
59 86 1823298.983
59 87 3415090.024
59 88 5510690.511
59 89 9363287.236
59 90 6509166.758
59 91 4043439.694
59 92 7791107.337
59 93 7066524.176
59 94 9701334.448
59 95 1810861.217
59 96 7645903.175
59 97 6050542.218
59 98 3216803.556
59 99 4494543.061
60 61 3638658.909
60 62 6435855.079
60 63 2611443.837
60 64 2108023.795
60 65 678221.6395
60 66 7469192.574
60 67 2862631.4
60 68 916339.9622
60 69 1514808.032
60 70 7224498
60 71 4138044.395
60 72 2824922.987
60 73 6425206.561
60 74 7906534.947
60 75 8534120.352
60 76 7245486.162
60 77 7403925.764
60 78 8228970.302
60 79 8733055.347
60 80 5934972.973
60 81 6074528.787
60 82 2181841.33
60 83 3279043.715
60 84 1612520.184
60 85 5546428.02
60 86 1151623.985
60 87 757249.9384
60 88 2940240.915
60 89 8762845.761
60 90 3808923.423
60 91 2084867.937
60 92 6554846.576
60 93 6337744.54
60 94 7282175.844
60 95 1655926.408
60 96 6379316.463
60 97 4337840.675
60 98 3341563.865
60 99 1982592.579
61 62 3102979.568
61 63 1240228.008
61 64 5328716.389
61 65 3007282.994
61 66 7523905.925
61 67 6479472.835
61 68 3356464.022
61 69 4473705.654
61 70 7191718.34
61 71 5884932.473
61 72 3224459.697
61 73 6379264.924
61 74 6102226.941
61 75 7969287.93
61 76 7991025.869
61 77 8829951.338
61 78 7791793.09
61 79 8161732.119
61 80 6749087.587
61 81 7482712.201
61 82 2069243.32
61 83 3080297.047
61 84 5214424.622
61 85 3744704.712
61 86 3503026.275
61 87 4025686.729
61 88 6500789.822
61 89 7119054.519
61 90 6964391.412
61 91 3601146.574
61 92 5985419.978
61 93 4982065.003
61 94 9031547.071
61 95 1983779.12
61 96 5873279.556
61 97 4842413.109
61 98 1296112.516
61 99 4559524.274
62 63 3830468.098
62 64 8331838.415
62 65 5895608.909
62 66 7096486.957
62 67 9104746.85
62 68 6357231.725
62 69 7498669.651
62 70 6754064.829
62 71 7163143.323
62 72 4743112.655
62 73 6121333.238
62 74 4201236.437
62 75 6910200.827
62 76 8068456.961
62 77 9345699.197
62 78 6878081.368
62 79 7066178.974
62 80 7123075.118
62 81 8183349.003
62 82 5170851.755
62 83 4277182.569
62 84 7865992.894
62 85 2838900.66
62 86 6539317.302
62 87 6606777.93
62 88 9029932.984
62 89 5186101.587
62 90 9071472.577
62 91 5557560.026
62 92 5362649.203
62 93 3921251.127
62 94 9787708.509
62 95 4881559.324
62 96 5344063.327
62 97 5552681.386
62 98 3119485.451
62 99 6686887.213
63 64 4530044.199
63 65 2070311.779
63 66 6738965.655
63 67 5370011.716
63 68 2581339.92
63 69 3723836.409
63 70 6423516.892
63 71 4704938.386
63 72 2102289.196
63 73 5590119.805
63 74 5959892.21
63 75 7386960.787
63 76 7037717.335
63 77 7749479.87
63 78 7163431.784
63 79 7585636.103
63 80 5751296.86
63 81 6384936.949
63 82 1808297.3
63 83 2092966.254
63 84 4108488.538
63 85 3502550.556
63 86 2799399.185
63 87 2875529.164
63 88 5354064.008
63 89 6929477.684
63 90 5735050.27
63 91 2369064.742
63 92 5347549.602
63 93 4601398.489
63 94 7898928.829
63 95 1089300.791
63 96 5209591.53
63 97 3838325.743
63 98 835879.8308
63 99 3322037.541
64 65 2471459.11
64 66 9338253.149
64 67 2397004.862
64 68 1978450.946
64 69 865433.6943
64 70 9123246.993
64 71 5674774.139
64 72 4904157.009
64 73 8357349.087
64 74 10013257.31
64 75 10507078.5
64 76 8919369.097
64 77 8787351.838
64 78 10184423.34
64 79 10703192.34
64 80 7662751.922
64 81 7559688.608
64 82 3382026.773
64 83 5377885.115
64 84 1920530.193
64 85 7651301.322
64 86 1831794.574
64 87 2471429.463
64 88 2748778.668
64 89 10860962.21
64 90 4263269.109
64 91 4080731.274
64 92 8575591.543
64 93 8437140.011
64 94 8504564.723
64 95 3453661.87
64 96 8395679.04
64 97 6272045.133
64 98 5328381.709
64 99 3564120.535
65 66 7572153.207
65 67 3532648.747
65 68 656537.6502
65 69 1708625.337
65 70 7306228.101
65 71 4491939.89
65 72 2760071.497
65 73 6486448.584
65 74 7670998.384
65 75 8538286.61
65 76 7475630.742
65 77 7765038.684
65 78 8252373.546
65 79 8738840.06
65 80 6151133.19
65 81 6410806.216
65 82 1521127.267
65 83 3135867.019
65 84 2289159.042
65 85 5255720.841
65 86 940339.5811
65 87 1327083.825
65 88 3618247.77
65 89 8569270.466
65 90 4444495.313
65 91 2210960.131
65 92 6519928.677
65 93 6151332.262
65 94 7701809.029
65 95 1031650.992
65 96 6351730.576
65 97 4431873.441
65 98 2857465.796
65 99 2427071.903
66 67 8171906.204
66 68 8209204.543
66 69 8961796.794
66 70 346221.3676
66 71 3916874.872
66 72 4874801.521
66 73 1150208.895
66 74 3848795.688
66 75 1550457.203
66 76 1448538.507
66 77 3068389.282
66 78 1174567.43
66 79 1684335.589
66 80 1878616.629
66 81 2804846.139
66 82 8372065.258
66 83 4676535.485
66 84 7599828.233
66 85 4299014.626
66 86 8493933.528
66 87 6896675.566
66 88 7806090.896
66 89 3719121.743
66 90 6581379.293
66 91 5393285.94
66 92 1733838.309
66 93 3196178.593
66 94 3820636.556
66 95 7315253.122
66 96 1765436.811
66 97 3142112.32
66 98 6245258.332
66 99 5788363.28
67 68 3464023.263
67 69 2883614.512
67 70 8029164.585
67 71 4260417.417
67 72 4723780.716
67 73 7377961.797
67 74 9750450.158
67 75 9542204.004
67 76 7438986.544
67 77 6962413.486
67 78 9183358.942
67 79 9724257.58
67 80 6333124.698
67 81 5906688.2
67 82 4963329.378
67 83 5268049.963
67 84 1265519.899
67 85 7663478.5
67 86 3513384.988
67 87 2503867.557
67 88 427937.3609
67 89 10441654.67
67 90 2054438.823
67 91 3775818.892
67 92 7835869.599
67 93 8115776.382
67 94 6541611.369
67 95 4508452.965
67 96 7650238.735
67 97 5455717.783
67 98 5989831.952
67 99 2740693.222
68 69 1144790.484
68 70 7947605.903
68 71 5022237.762
68 72 3414746.909
68 73 7131053.656
68 74 8307829.133
68 75 9191557.176
68 76 8072673.92
68 77 8294756.368
68 78 8903513.468
68 79 9392011.458
68 80 6752245.778
68 81 6954544.036
68 82 1522206.193
68 83 3791717.818
68 84 2307880.476
68 85 5881109.778
68 86 285860.695
68 87 1673551.576
68 88 3625092.88
68 89 9214358.266
68 90 4663455.86
68 91 2827609.209
68 92 7175460.545
68 93 6799501.423
68 94 8190236.097
68 95 1493157.326
68 96 7006797.635
68 97 5067183.515
68 98 3400970.498
68 99 2888557.081
69 70 8724359.034
69 71 5480428.79
69 72 4330620.597
69 73 7931451.629
69 74 9358610.218
69 75 10047526.96
69 76 8669144.01
69 77 8693802.785
69 78 9740312.074
69 79 10246251.65
69 80 7375854.813
69 81 7407582.638
69 82 2516906.098
69 83 4765329.713
69 84 2026889.215
69 85 6957689.824
69 86 971092.9972
69 87 2086038.636
69 88 3158756.682
69 89 10238549.23
69 90 4503354.533
69 91 3594449.599
69 92 8069329.502
69 93 7814448.343
69 94 8487454.781
69 95 2637107.407
69 96 7894011.216
69 97 5841291
69 98 4538368.329
69 99 3305438.896
70 71 3793336.745
70 72 4589904.024
70 73 836792.8928
70 74 3581644.132
70 75 1559624.071
70 76 1647556.639
70 77 3260169.048
70 78 1182592.86
70 79 1722117.607
70 80 1819550.826
70 81 2852346.992
70 82 8072998.143
70 83 4371945.861
70 84 7413465.028
70 85 3953407.267
70 86 8232928.372
70 87 6670150.932
70 88 7672545.118
70 89 3523320.752
70 90 6498687.292
70 91 5142652.699
70 92 1392083.314
70 93 2860132.036
70 94 3986540.342
70 95 7021641.773
70 96 1419547.667
70 97 2887478.961
70 98 5916491.21
70 99 5588113.817
71 72 2678093.813
71 73 3217476.239
71 74 6142088.396
71 75 5334123.954
71 76 3256188.99
71 77 3274434.114
71 78 4965489.782
71 79 5507953.286
71 80 2074980.907
71 81 1937069.469
71 82 5752867.305
71 83 2980239.56
71 84 3813011.375
71 85 4721799.604
71 86 5281449.919
71 87 3423836.051
71 88 3889613.211
71 89 6615054.473
71 90 2757136.281
71 91 2438211.799
71 92 3850040.906
71 93 4599188.082
71 94 3250815.25
71 95 4707841.329
71 96 3673360.26
71 97 1771142.963
71 98 4712974.137
71 99 2178864.727
72 73 3758809.13
72 74 5151333.351
72 75 5779010.561
72 76 4992708.804
72 77 5647192.406
72 78 5497379.314
72 79 5979677.291
72 80 3683687.446
72 81 4283617.1
72 82 3522843.105
72 83 544680.8068
72 84 3640408.165
72 85 2941232.444
72 86 3699843.713
72 87 2501002.312
72 88 4543246.169
72 89 5963293.634
72 90 4340962.716
72 91 948590.9927
72 92 3761441.528
72 93 3545775.497
72 94 5811429.979
72 95 2450986.342
72 96 3592103.563
72 97 1797672.848
72 98 2036162.344
72 99 2042294.603
73 74 3402696.257
73 75 2174434.908
73 76 1977922.229
73 77 3455347.389
73 78 1832697.207
73 79 2363796.097
73 80 1515326.626
73 81 2706720.36
73 82 7236371.925
73 83 3535170.823
73 84 6692095.183
73 85 3286699.945
73 86 7416714.18
73 87 5893444.043
73 88 7039103.111
73 89 3587583.485
73 90 5969757.577
73 91 4340465.586
73 92 924873.6788
73 93 2338309.337
73 94 4088471.814
73 95 6186113.541
73 96 844710.2731
73 97 2091225.073
73 98 5097558.524
73 99 4852229.757
74 75 3020176.918
74 76 5216526.014
74 77 6800842.252
74 78 3131123.739
74 79 3126634.541
74 80 4892474.047
74 81 6098420.736
74 82 7760467.988
74 83 4645423.242
74 84 8764272.987
74 85 2458044.803
74 86 8573987.583
74 87 7652047.219
74 88 9499979.969
74 89 1028547.408
74 90 8806338.179
74 91 6067327.646
74 92 2492594.995
74 93 1634691.178
74 94 7475996.246
74 95 6945766.89
74 96 2622518.672
74 97 4447642.165
74 98 5162824.818
74 99 7011516.135
75 76 2929254.054
75 77 4512563.991
75 78 379601.876
75 79 200957.8218
75 80 3377687.509
75 81 4355267.417
75 82 9130847.994
75 83 5460660.073
75 84 8865130.234
75 85 4358283.599
75 86 9477103.108
75 87 8037165.427
75 88 9195733.46
75 89 2536326.211
75 90 8054529.822
75 91 6454634.45
75 92 2046685.453
75 93 3090368.71
75 94 5293826.918
75 95 8124063.804
75 96 2200220.264
75 97 4236380.696
75 98 6762063.03
75 99 7023207.486
76 77 1620587.455
76 78 2573138.953
76 79 3026096.729
76 80 1327039.203
76 81 1617610.54
76 82 8496601.97
76 83 4950844.636
76 84 7069182.713
76 85 5229746.18
76 86 8348678.694
76 87 6584976.027
76 88 7041939.061
76 89 5159856.881
76 90 5649542.347
76 91 5268390.367
76 92 2861877.518
76 93 4313571.089
76 94 2375917.103
76 95 7417081.825
76 96 2813963.761
76 97 3203682.129
76 98 6695496.739
76 99 5375040.895
77 78 4169761.473
77 79 4590516.664
77 80 2223579.714
77 81 1374754.127
77 82 8983450.947
77 83 5753139.161
77 84 6870987.027
77 85 6538153.496
77 86 8551298.058
77 87 6675879.314
77 88 6539993.615
77 89 6779238.914
77 90 4981101.732
77 91 5655742.089
77 92 4376154.471
77 93 5769819.496
77 94 801036.9683
77 95 7918412.881
77 96 4297651.3
77 97 4013814.923
77 98 7561908.667
77 99 5427687.337
78 79 542488.7498
78 80 2999111.353
78 81 3978470.706
78 82 8888424.517
78 83 5200836.027
78 84 8523553.15
78 85 4247070.519
78 86 9189316.958
78 87 7717066.16
78 88 8833665.299
78 89 2758689.793
78 90 7680263.675
78 91 6145865.624
78 92 1818175.01
78 93 2998636.4
78 94 4944734.855
78 95 7869029.596
78 96 1954581.27
78 97 3912689.131
78 98 6564344.721
78 99 6684778.352
79 80 3534000.558
79 81 4485443.89
79 82 9330925.8
79 83 5661562.369
79 84 9055773.198
79 85 4538867.61
79 86 9677577.086
79 87 8233705.238
79 88 9375478.384
79 89 2583942.735
79 90 8220785.102
79 91 6652982.015
79 92 2247040.742
79 93 3268209.436
79 94 5377835.847
79 95 8324783.206
79 96 2401084.29
79 97 4431764.125
79 98 6957814.423
79 99 7214866.98
80 81 1208513.74
80 82 7175299.553
80 83 3680079.24
80 84 5850091.705
80 85 4325184.462
80 86 7029575.1
80 87 5289816.293
80 88 5956473.951
80 89 5100324.128
80 90 4702780.72
80 91 3942482.222
80 92 2400208.252
80 93 3652822.488
80 94 2714239.793
80 95 6095509.2
80 96 2274592.41
80 97 1915124.792
80 98 5459629.449
80 99 4101660.061
81 82 7610561.825
81 83 4415982.333
81 84 5662248.756
81 85 5437519.733
81 86 7216039.607
81 87 5360054.534
81 88 5498401.932
81 89 6272075.146
81 90 4052055.996
81 91 4283935.246
81 92 3605845.092
81 93 4846652.121
81 94 1609316.751
81 95 6544257.808
81 96 3482838.167
81 97 2713168.525
81 98 6226471.621
81 99 4113318.132
82 83 3703976.751
82 84 3760395.305
82 85 5305729.343
82 86 1569782.9
82 87 2841175.565
82 88 5092522.691
82 89 8735828.104
82 90 5963887.404
82 91 3328332.897
82 92 7084402.042
82 93 6406666.955
82 94 9001943.991
82 95 1079813.046
82 96 6936325.651
82 97 5318585.489
82 98 2600990.976
82 99 3844816.459
83 84 4175732.482
83 85 2398808.07
83 86 4073018.802
83 87 3013942.979
83 88 5087483.208
83 89 5484157.111
83 90 4845666.825
83 91 1492334.298
83 92 3419330.148
83 93 3059484.373
83 94 5987746.768
83 95 2668761.933
83 96 3260557.201
83 97 1766375.589
83 98 1810582.467
83 99 2582667.15
84 85 6570557.146
84 86 2411889.811
84 87 1260686.421
84 88 1332823.421
84 89 9518690.016
84 90 2478743.682
84 91 2701861.393
84 92 7031970.148
84 93 7137715.422
84 94 6585040.74
84 95 3246767.997
84 96 6847216.339
84 97 4657122.57
84 98 4746965.178
84 99 1846079.373
85 86 6141456.188
85 87 5383215.367
85 88 7470551.652
85 89 3432744.072
85 90 7072316.734
85 91 3889796.987
85 92 2576097.295
85 93 1274442.029
85 94 7023500.801
85 95 4493199.65
85 96 2534054.163
85 97 2972589.947
85 98 2714286.432
85 99 4953369.623
86 87 1902136.369
86 88 3704818.486
86 89 9485771.138
86 90 4819289.58
86 91 3109974.757
86 92 7460181.986
86 93 7073438.324
86 94 8433680.62
86 95 1711148.044
86 96 7291777.605
86 97 5351842.845
86 98 3627220.833
86 99 3134009.394
87 88 2480421.309
87 89 8456268.935
87 90 3124329.891
87 91 1621136.802
87 92 6107035.941
87 93 6044687.368
87 94 6535222.369
87 95 2112681.686
87 96 5926426.535
87 97 3804524.872
87 98 3488690.625
87 99 1248499.721
88 89 10165015.26
88 90 1627808.356
88 91 3602750.438
88 92 7526828.133
88 93 7866289.754
88 94 6114359.278
88 95 4553530.86
88 96 7341565.917
88 97 5156777.944
88 98 5929865.619
88 99 2519014.601
89 90 9344262.204
89 91 6847025.988
89 92 2780655.121
89 93 2425245.224
89 94 7509372.945
89 95 7888530.95
89 96 2949372.096
89 97 5025289.743
89 98 6146978.316
89 99 7721746.572
90 91 3527997.722
90 92 6597259.711
90 93 7208827.929
90 94 4510215.443
90 95 5187643.072
90 96 6417929.36
90 97 4358716.865
90 98 6122324.547
90 99 2431338.39
91 92 4496557.928
91 93 4446726.095
91 94 5687935.275
91 95 2271647.633
91 96 4317696.333
91 97 2255173.756
91 98 2612731.755
91 99 1133838.496
92 93 1476183.615
92 94 5013108.906
92 95 6078765.967
92 96 185722.0514
92 97 2385388.465
92 98 4748349.17
92 99 5189759.511
93 94 6352877.146
93 95 5507875.675
93 96 1500290.149
93 97 2859502.995
93 98 3869310.817
93 99 5377100.677
94 95 7958533.112
94 96 4917056.811
94 97 4315591.132
94 98 7793962.041
94 99 5301689.998
95 96 5924300.087
95 97 4243319.812
95 98 1916412.984
95 99 2913055.252
96 97 2199725.968
96 98 4626105.62
96 99 5004669.362
97 98 3559555.658
97 99 2811457.896
98 99 3693017.128
