4950
0 1 6000666.679
0 2 5733547.223
0 3 4275068.959
0 4 4774936.233
0 5 6018048.626
0 6 1152512.176
0 7 2148976.492
0 8 6305781.26
0 9 4899119.535
0 10 2399803.385
0 11 1055741.734
0 12 2516250.009
0 13 5362659.475
0 14 3576708.916
0 15 5668775.129
0 16 4026197.904
0 17 4043103.359
0 18 5800172.407
0 19 6236693.133
0 20 6211803.665
0 21 5181687.607
0 22 3713331.119
0 23 4213670.69
0 24 5592052.603
0 25 3932554.097
0 26 4090918.884
0 27 7799947.891
0 28 3824588.965
0 29 3109506.096
0 30 3406750.475
0 31 3808306.848
0 32 4774226.111
0 33 6375519.523
0 34 3587032.967
0 35 5402479.53
0 36 3906278.089
0 37 5583206.488
0 38 6068567.569
0 39 6234556.036
0 40 6821509.676
0 41 4293515.052
0 42 5931539.738
0 43 6376329.681
0 44 5466069.239
0 45 5619137.594
0 46 1743204.563
0 47 1515860.585
0 48 4695937.533
0 49 2166994.438
0 50 7503520.147
0 51 5608992.519
0 52 3333879.863
0 53 1269070.036
0 54 5291265.63
0 55 4244857.326
0 56 2911527.465
0 57 3636369.539
0 58 4533535.573
0 59 2310884.164
0 60 2938075.149
0 61 3757428.013
0 62 5144299.829
0 63 3320333.933
0 64 3574134.786
0 65 5400706.153
0 66 4468888.883
0 67 8431714.91
0 68 5977407.901
0 69 3269350.962
0 70 5148022.106
0 71 5296438.543
0 72 4562739.261
0 73 4047291.133
0 74 6050060.712
0 75 2473923.75
0 76 3238412.226
0 77 6623654.91
0 78 2204960.607
0 79 3494637.521
0 80 4707525.067
0 81 5379670.027
0 82 1943541.646
0 83 3549653.54
0 84 5842187.499
0 85 4475369.388
0 86 654826.0575
0 87 3071863.203
0 88 2953370.971
0 89 2348995.146
0 90 3954853.971
0 91 4268616.381
0 92 2016720.795
0 93 3705486.008
0 94 3195713.883
0 95 3270081.524
0 96 5748161.282
0 97 2955896.082
0 98 4068831.822
0 99 4896640.861
1 2 8858785.81
1 3 7569081.821
1 4 7817133.7
1 5 1656589.08
1 6 6485801.058
1 7 8130526.812
1 8 7582114.208
1 9 9524069.81
1 10 5900940.513
1 11 5035350.92
1 12 3549997.128
1 13 4495165.748
1 14 8780980.365
1 15 7770839.562
1 16 2193030.24
1 17 2720802.602
1 18 5925867.288
1 19 1607983.881
1 20 11675299.37
1 21 2487618.708
1 22 5783138.456
1 23 8891470.536
1 24 1815046.396
1 25 8610105.636
1 26 3363941.821
1 27 7237700.436
1 28 2510404.039
1 29 2895781.463
1 30 2940023.563
1 31 4913640.36
1 32 9480425.611
1 33 433849.9083
1 34 7257819.098
1 35 10912279.69
1 36 2095572.701
1 37 5977332.477
1 38 5878113.257
1 39 432045.2545
1 40 6916668.197
1 41 2947040.147
1 42 1519693.64
1 43 3555521.642
1 44 653049.5312
1 45 1356503.61
1 46 5293853.287
1 47 4863589.627
1 48 1311695.047
1 49 5815539.259
1 50 7968607.488
1 51 11051197.39
1 52 7614988.083
1 53 5291219.312
1 54 3397639.811
1 55 6999876
1 56 6870704.705
1 57 8297379.764
1 58 1985776.441
1 59 4316642.374
1 60 5855806.439
1 61 7014964.001
1 62 1978660.366
1 63 7687638.607
1 64 5388717.145
1 65 600861.7602
1 66 8963652.467
1 67 8421992.463
1 68 6943605.813
1 69 3006421.44
1 70 2421814.948
1 71 2313268.982
1 72 8234012.793
1 73 3477368.547
1 74 11465435.92
1 75 6718204.688
1 76 5931202.634
1 77 3499813.749
1 78 4322605.636
1 79 4796596.302
1 80 8015458.039
1 81 3189706.701
1 82 7870483.719
1 83 3882850.426
1 84 5727143.202
1 85 1985753.491
1 86 5736635.546
1 87 6516885.035
1 88 7988438.462
1 89 8349469.755
1 90 2223769.736
1 91 6254606.318
1 92 8015466.282
1 93 4298305.764
1 94 8288633.82
1 95 6583530.212
1 96 3402188.701
1 97 7121870.66
1 98 6475147.323
1 99 8479759.759
2 3 9960381.86
2 4 1091459.463
2 5 7726066.877
2 6 6772716.84
2 7 6154331.402
2 8 2364568.522
2 9 2310673.822
2 10 8124265.659
2 11 6324526.339
2 12 6938500.992
2 13 4861261.373
2 14 3370682.423
2 15 1446693.768
2 16 8014753.679
2 17 6158311.262
2 18 3732673.103
2 19 9983146.967
2 20 4865370.651
2 21 6560913.27
2 22 9384313.607
2 23 9417448.467
2 24 7315257.897
2 25 2479647.291
2 26 8947561.805
2 27 4658071.613
2 28 8041061.843
2 29 6795252.912
2 30 6162077.067
2 31 9285044.698
2 32 2445607.547
2 33 9008567.943
2 34 2159183.606
2 35 4556364.14
2 36 7417836.232
2 37 3501051.832
2 38 4022639.805
2 39 8803046.463
2 40 3724857.322
2 41 8934380.741
2 42 9707472.672
2 43 6511842.026
2 44 8691198.952
2 45 9349995.061
2 46 7362430.22
2 47 5188475.356
2 48 7815172.121
2 49 3841602.7
2 50 3505959.873
2 51 4458406.688
2 52 2471176.728
2 53 4959381.898
2 54 5831568.182
2 55 1896673.277
2 56 8599298.38
2 57 2568600.363
2 58 8575365.157
2 59 7503055.674
2 60 8647394.599
2 61 2111178.426
2 62 6973523.632
2 63 8844340.387
2 64 3499944.838
2 65 8385923.032
2 66 2095983.797
2 67 4401238.033
2 68 2759885.355
2 69 7681418.132
2 70 6601853.793
2 71 9581354.095
2 72 1212742.412
2 73 5381811.497
2 74 4624947.294
2 75 3262846.829
2 76 8946946.86
2 77 6799652.755
2 78 7371579.898
2 79 4090877.586
2 80 1039498.771
2 81 6064306.813
2 82 6370886.547
2 83 5008049.68
2 84 3978898.355
2 85 6889840.671
2 86 5208471.086
2 87 8801911.971
2 88 8204390.475
2 89 5850881.64
2 90 6836288.767
2 91 2606482.644
2 92 5706544.788
2 93 4565791.586
2 94 8336088.753
2 95 9000566.211
2 96 6121663.935
2 97 8596467.03
2 98 2398700.608
2 99 903688.5229
3 4 9039003.681
3 5 8450936.387
3 6 3187904.926
3 7 4357703.874
3 8 10537117.12
3 9 8755553.058
3 10 2108675.516
3 11 4067199.963
3 12 4702082.016
3 13 9051086.561
3 14 7269023.449
3 15 9940073.267
3 16 5461204.187
3 17 7035129.805
3 18 9815551.117
3 19 6816803.812
3 20 9166551.133
3 21 8105868.866
3 22 1806541.739
3 23 1957629.243
3 24 8162077.851
3 25 7889160.284
3 26 4242932.691
3 27 11813484.55
3 28 5128178.207
3 29 5523295.604
3 30 6348619.619
3 31 2707283.699
3 32 8602747.479
3 33 8002344.789
3 34 7841023.283
3 35 8417877.654
3 36 5916696.062
3 37 9635388.292
3 38 10038265.02
3 39 7963882.644
3 40 10908414.4
3 41 4665793.68
3 42 6599774.217
3 43 9561264.922
3 44 6916164.198
3 45 6473916.937
3 46 3021341.94
3 47 5371741.681
3 48 6610566.073
3 49 6410624.465
3 50 11681663.65
3 51 8683175.011
3 52 7504941.581
3 53 5355874.797
3 54 8597220.911
3 55 8518202.678
3 56 1365245.678
3 57 7642420.713
3 58 5583889.315
3 59 3639772.041
3 60 1835065.504
3 61 8031029.416
3 62 7816577.872
3 63 1336861.642
3 64 7678404.11
3 65 7100446.418
3 66 8438557.171
3 67 12573530.33
3 68 10158077.21
3 69 4764629.19
3 70 8042845.854
3 71 5608104.363
3 72 8763095.861
3 73 7458385.468
3 74 9092549.687
3 75 6728933.141
3 76 1671023.606
3 77 9730471.409
3 78 3715493.863
3 79 7441630.066
3 80 8951578.599
3 81 8591379.289
3 82 3993641.972
3 83 7138921.311
3 84 9806766.115
3 85 7055622.185
3 86 4883312.26
3 87 1304807.526
3 88 2227034.045
3 89 4787435.468
3 90 6471698.909
3 91 8481863.48
3 92 4711931.534
3 93 7470304.339
3 94 2334654.471
3 95 1140471.723
3 96 8991794.842
3 97 1376477.208
3 98 8316920.152
3 99 9092940.845
4 5 6749601.648
4 6 5857639.217
4 7 5457154.537
4 8 2181287.558
4 9 2439433.054
4 10 7141728.639
4 11 5293801.293
4 12 5853365.423
4 13 4007251.271
4 14 3005091.287
4 15 1201252.594
4 16 6924489.157
4 17 5104527.3
4 18 3080547.075
4 19 8907714.117
4 20 5115492.888
4 21 5576584.572
4 22 8370947.616
4 23 8635008.035
4 24 6325729.389
4 25 2150531.91
4 26 7861788.274
4 27 4422914.308
4 28 6949605.269
4 29 5704099.345
4 30 5081058.533
4 31 8235757.053
4 32 2515469.867
4 33 7983789.123
4 34 1204583.069
4 35 4646915.406
4 36 6332305.737
4 37 2816774.185
4 38 3404112.346
4 39 7779654.801
4 40 3389029.483
4 41 7844376.507
4 42 8629490.85
4 43 5672295.228
4 44 7627723.368
4 45 8271537.157
4 46 6350513.211
4 47 4122038.172
4 48 6746208.154
4 49 2788412.953
4 50 3490925.078
4 51 4612699.633
4 52 1717785.7
4 53 3915412.609
4 54 4901323.149
4 55 819762.5442
4 56 7673853.314
4 57 2097723.804
4 58 7486030.996
4 59 6443380.324
4 60 7652680.897
4 61 1049236.964
4 62 5964770.052
4 63 7977146.953
4 64 2434678.034
4 65 7330719.765
4 66 2001399.292
4 67 4461811.783
4 68 2323114.806
4 69 6591720.884
4 70 5612273.033
4 71 8491152.544
4 72 782791.396
4 73 4347872.427
4 74 4868698.44
4 75 2310628.288
4 76 7950554.798
4 77 5968160.839
4 78 6311875.056
4 79 3028146.682
4 80 327754.8256
4 81 5129817.633
4 82 5626712.104
4 83 3946974.511
4 84 3307411.971
4 85 5838971.848
4 86 4214017.364
4 87 7845256.319
4 88 7393280.34
4 89 5203807.614
4 90 5762533.477
4 91 1607309.121
4 92 5012460.166
4 93 3518886.085
4 94 7549896.558
4 95 8043004.854
4 96 5228854.833
4 97 7690849.4
4 98 1342249.175
4 99 802068.2078
5 6 6757740.834
5 7 8155434.071
5 8 6183298.604
5 9 8723849.486
5 10 6551932.997
5 11 5221480.815
5 12 3911277.101
5 13 3044454.191
5 14 8214730.104
5 15 6508542.046
5 16 3040423.906
5 17 2047397.373
5 18 4471184.366
5 19 3259439.541
5 20 11085979.59
5 21 1174863.348
5 22 6751343.04
5 23 9506131.265
5 24 460065.6409
5 25 7887283.387
5 26 4494216.558
5 27 5621640.842
5 28 3365642.654
5 29 3085543.076
5 30 2615011.158
5 31 5958447.373
5 32 8707051.709
5 33 1532796.77
5 34 6403875.358
5 35 10368972.02
5 36 2537197.765
5 37 4565557.61
5 38 4375399.819
5 39 1344953.015
5 40 5382176.627
5 41 4122206.2
5 42 3140544.649
5 43 1904605.661
5 44 2028707.259
5 45 2911514.43
5 46 5787120.019
5 47 4628860.639
5 48 1876299.143
5 49 5234947.403
5 50 6431218.721
5 51 10471659.54
5 52 6875359.235
5 53 5031087.915
5 54 1949957.073
5 55 5958455.156
5 56 7540441.567
5 57 7595415.244
5 58 3129765.306
5 59 4898873.315
5 60 6640283.423
5 61 6091474.531
5 62 910315.3514
5 63 8323615.783
5 64 4417628.115
5 65 1658081.399
5 66 8161865.835
5 67 6821679.501
5 68 5540245.927
5 69 3686447.799
5 70 1146264.091
5 71 3781346.913
5 72 7275433.403
5 73 2508728.589
5 74 10860319.39
5 75 6095039.059
5 76 6779913.328
5 77 1844079.079
5 78 4860527.048
5 79 3863535.604
5 80 6990189.422
5 81 1718449.376
5 82 7960356.629
5 83 3044851.337
5 84 4251385.76
5 85 1550807.963
5 86 5596360.309
5 87 7269459.502
5 88 8457560.668
5 89 8295404.855
5 90 2117123.769
5 91 5143701.316
5 92 7954329.291
5 93 3335432.2
5 94 8753695.938
5 95 7374042.309
5 96 1833100.126
5 97 7764935.056
5 98 5427816.835
5 99 7479245.828
6 7 1884722.437
6 8 7452928.727
6 9 5688965.204
6 10 1580732.203
6 11 1538848.949
6 12 2943397.802
6 13 6433836.061
6 14 4252867.184
6 15 6794979.955
6 16 4355060.97
6 17 4891257.017
6 18 6938786.033
6 19 6441367.387
6 20 6588550.226
6 21 6043320.775
6 22 2951027.392
6 23 3085259.84
6 24 6360489.855
6 25 4772553.039
6 26 4003615.703
6 27 8941772.997
6 28 4089144.559
6 29 3701513.421
6 30 4210176.201
6 31 3290142.132
6 32 5546963.032
6 33 6890920.208
6 34 4656714.02
6 35 5786644.037
6 36 4420694.59
6 37 6726413.824
6 38 7200866.072
6 39 6775298.415
6 40 7970140.593
6 41 4300114.98
6 42 6147529.119
6 43 7331825.295
6 44 5893213.148
6 45 5874431.562
6 46 1371652.793
6 47 2556307.468
6 48 5228634.26
6 49 3317033.298
6 50 8655761.516
6 51 6024178.108
6 52 4321996.401
6 53 2387806.708
6 54 6263314.329
6 55 5369096.86
6 56 1827307.458
6 57 4505505.486
6 58 4778903.361
6 59 2299610.836
6 60 2134575.955
6 61 4862511.36
6 62 5930313.104
6 63 2169326.655
6 64 4719358.535
6 65 5900840.899
6 66 5321859.759
6 67 9584087.633
6 68 7129813.378
6 69 3535747.051
6 70 6000215.338
6 71 5370134.251
6 72 5577563.121
6 73 5024944.212
6 74 6460988.002
6 75 3547168.681
6 76 2418251.728
6 77 7561882.185
6 78 2245757.415
6 79 4609303.773
6 80 5764342.656
6 81 6327319.585
6 82 1528420.712
6 83 4568689.876
6 84 6972983.777
6 85 5209489.941
6 86 1804501.882
6 87 2080313.627
6 88 1845703.156
6 89 2252043.672
6 90 4643586.558
6 91 5420013.404
6 92 2007073.304
6 93 4777056.266
6 94 2110966.19
6 95 2277047.204
6 96 6710461.763
6 97 1833551.237
6 98 5213830.85
6 99 5908347.939
7 8 7410979.04
7 9 4532074.909
7 10 3359211.958
7 11 3104139.088
7 12 4602060.398
7 13 7191472.011
7 14 3030949.488
7 15 6576210.145
7 16 6089643.868
7 17 6154850.671
7 18 7336941.073
7 19 8248069.192
7 20 4867036.818
7 21 7275865.095
7 22 4678981.977
7 23 3315842.374
7 24 7723349.811
7 25 3789713.044
7 26 5877871.956
7 27 9260533.387
7 28 5854166.589
7 29 5249690.819
7 30 5540554.483
7 31 5136088.336
7 32 4368772.421
7 33 8512892.909
7 34 4303317.42
7 35 4091602.769
7 36 6035223.958
7 37 7085174.203
7 38 7643748.598
7 39 8376154.031
7 40 8218338.155
7 41 6158499.423
7 42 7948278.528
7 43 8381667.87
7 44 7577432.902
7 45 7656329.352
7 46 3251170.435
7 47 3563392.319
7 48 6832447.888
7 49 3624967.126
7 50 8709021.044
7 51 4349631.551
7 52 3744942.413
7 53 3207433.163
7 54 7291176.59
7 55 5218038.852
7 56 3193734.268
7 57 3614375.634
7 58 6558912.784
7 59 4136690.844
7 60 3878466.657
7 61 4643421.127
7 62 7272174.809
7 63 3044149.325
7 64 5146867.394
7 65 7532463.013
7 66 4314817.813
7 67 9682537.583
7 68 7240804.697
7 69 5293312.266
7 70 7247727.161
7 71 7217356.483
7 72 4952813.438
7 73 6062994.876
7 74 4770873.334
7 75 3363518.119
7 76 4128770.547
7 77 8645013.936
7 78 4065572.716
7 79 5254526.047
7 80 5267230.334
7 81 7405001.788
7 82 389339.9382
7 83 5526220.052
7 84 7433135.702
7 85 6618405.999
7 86 2585450.96
7 87 3615057.542
7 88 2220725.014
7 89 431922.3882
7 90 6103440.679
7 91 5558767.456
7 92 447986.8766
7 93 5582467.195
7 94 2270106.412
7 95 3785625.897
7 96 7753081.63
7 97 3049860.178
7 98 5251664.342
7 99 5250643.143
8 9 4519203.599
8 10 8500618.487
8 11 6532908.017
8 12 6626245.845
8 13 3139194.619
8 14 5180144.585
8 15 1003254.664
8 16 7311607.729
8 17 5105693.719
8 18 1733930.991
8 19 8942932.874
8 20 7167775.363
8 21 5110063.271
8 22 9574680.145
8 23 10420732.62
8 24 5843177.744
8 25 4331809.101
8 26 8535175.862
8 27 2305141.93
8 28 7433734.456
8 29 6206812.381
8 30 5372558.953
8 31 9254224.399
8 32 4621619.186
8 33 7631697.634
8 34 3141332.328
8 35 6771695.919
8 36 6619459.178
8 37 1618025.178
8 38 1921512.956
8 39 7425741.458
8 40 1369326.73
8 41 8410833.219
8 42 8705208.394
8 43 4628658.986
8 44 7576371.924
8 45 8364604.702
8 46 7624707.788
8 47 5229178.446
8 48 6786061.818
8 49 4139727.347
8 50 1322901.546
8 51 6710900.758
8 52 3790656.288
8 53 5185694.202
8 54 4237325.313
8 55 2193214.488
8 56 9189877.691
8 57 4267586.185
8 58 7815072.761
8 59 7454025.206
8 60 8952100.831
8 61 2770291.166
8 62 5604586.165
8 63 9621708.235
8 64 2948531.437
8 65 7217640.749
8 66 4147376.71
8 67 2303072.875
8 68 643132.4057
8 69 7219820.883
8 70 5170145.078
8 71 8817980.218
8 72 2942887.571
8 73 4272964.041
8 74 6923155.62
8 75 4065212.431
8 76 9235367.819
8 77 4885626.708
8 78 7328203.512
8 79 3376118.977
8 80 2488083.814
8 81 4466103.191
8 82 7522737.576
8 83 4129873.49
8 84 1974846.236
8 85 5764579.111
8 86 5668785.047
8 87 9269035.237
8 88 9153520.041
8 89 7211308.659
8 90 5909467.809
8 91 2057325.901
8 92 6980104.959
8 93 3647766.381
8 94 9347122.255
8 95 9459184.285
8 96 4394015.714
8 97 9256057.382
8 98 2240368.935
8 99 2843796.48
9 10 7223825.833
9 11 5779475.029
9 12 6831572.965
9 13 6278417.131
9 14 1502665.683
9 15 3518523.235
9 16 8180637.071
9 17 6840228.313
9 18 5502709.222
9 19 10351859.25
9 20 2676241.798
9 21 7561520.867
9 22 8580631.882
9 23 7839906.945
9 24 8273347.791
9 25 989738.5898
9 26 8760304.491
9 27 6814290.036
9 28 8112110.017
9 29 6970168.655
9 30 6603621.058
9 31 8702816.285
9 32 170309.3426
9 33 9765414.564
9 34 2321501.814
9 35 2260332.181
9 36 7727684.933
9 37 5232868.74
9 38 5831504.957
9 39 9571677.47
9 40 5804787.537
9 41 8856582.258
9 42 10052741.07
9 43 7922386.79
9 44 9207214.295
9 45 9698494.841
9 46 6642304.347
9 47 5003549.127
9 48 8310910.282
9 49 3764098.328
9 50 5760020.277
9 51 2191948.48
9 52 1916091.211
9 53 4635977.641
9 54 7031839.849
9 55 2977278.527
9 56 7454858.245
9 57 1310604.569
9 58 8753501.738
9 59 7078421.666
9 60 7779234.551
9 61 2667832.127
9 62 7861541.687
9 63 7505071.005
9 64 4321651.166
9 65 8974238.506
9 66 563182.796
9 67 6686468.55
9 68 4750707.497
9 69 7642906.099
9 70 7581111.895
9 71 9697711.227
9 72 1669378.417
9 73 6218924.365
9 74 2429475.742
9 75 2876252.322
9 76 8074788.468
9 77 8222955.921
9 78 6954465.922
9 79 4860496.377
9 80 2111917.499
9 81 7245177.112
9 82 4837724.433
9 83 5709512.845
9 84 5720747.233
9 85 7558417.39
9 86 4587392.363
9 87 7764822.534
9 88 6736882.705
9 89 4148168.612
9 90 7325365.773
9 91 3818167.909
9 92 4112716.698
9 93 5388556.634
9 94 6802029.287
9 95 7959468.269
9 96 7414570.531
9 97 7385106.596
9 98 3450375.622
9 99 1681683.023
10 11 1978872.073
10 12 2679850.393
10 13 6945717.764
10 14 5814367.724
10 15 7961060.126
10 16 3711139.027
10 17 4986060.616
10 18 7715429.662
10 19 5494659.276
10 20 8156456.067
10 21 6089520.601
10 22 1371389.278
10 23 2993101.512
10 24 6222340.743
10 25 6283124.646
10 26 2876244.983
10 27 9709865.429
10 28 3390536.476
10 29 3518454.995
10 30 4290256.614
10 31 1797177.444
10 32 7087488.54
10 33 6330845.56
10 34 5969538.025
10 35 7357925.789
10 36 4028920.28
10 37 7540624.554
10 38 7933533.381
10 39 6256894.449
10 40 8816110.113
10 41 3253306.225
10 42 5227355.457
10 43 7517301.787
10 44 5258979.242
10 45 5016207.68
10 46 912834.6101
10 47 3290794.431
10 48 4788861.05
10 49 4418684.04
10 50 9612316.937
10 51 7598724.756
10 52 5732993.721
10 53 3320231.782
10 54 6525649.517
10 55 6555041.689
10 56 988960.8333
10 57 6000397.929
10 58 3982935.775
10 59 1653060.266
10 60 557268.0777
10 61 6106320.977
10 62 5845355.457
10 63 1791047.252
10 64 5604350.962
10 65 5368488.866
10 66 6828140.157
10 67 10490165.18
10 68 8094594.48
10 69 2922265.851
10 70 6030906.104
10 71 4323445.476
10 72 6961166.719
10 73 5364602.632
10 74 8034106.076
10 75 4861424.01
10 76 850981.2273
10 77 7702051.315
10 78 1697770.584
10 79 5343003.789
10 80 7092685.959
10 81 6533150.698
10 82 2974438.325
10 83 5032226.223
10 84 7702048.929
10 85 5083267.695
10 86 2927992.851
10 87 804125.9118
10 88 2174857.923
10 89 3763057.732
10 90 4492025.275
10 91 6443709.747
10 92 3554073.244
10 93 5361839.274
10 94 2465728.724
10 95 976018.1083
10 96 6932899.456
10 97 1225200.722
10 98 6307610.724
10 99 7295200.782
11 12 1497999.341
11 13 5061592.94
11 14 4542800.565
11 15 6032381.978
11 16 2994835.774
11 17 3362624.324
11 18 5749334.852
11 19 5189926.982
11 20 7246589.54
11 21 4513789.148
11 22 3086738.176
11 23 4488595.001
11 24 4821887.583
11 25 4793978.405
11 26 3059822.498
11 27 7749848.192
11 28 2778913.898
11 29 2186797.895
11 30 2675643.92
11 31 2979049.786
11 32 5667900.507
11 33 5426127.795
11 34 4171193.086
11 35 6438774.099
11 36 2944381.253
11 37 5568273.704
11 38 5977183.187
11 39 5298017.465
11 40 6841977.481
11 41 3244496.115
11 42 4885737.733
11 43 5834697.211
11 44 4473929.162
11 45 4578966.28
11 46 1092121.958
11 47 1312084.911
11 48 3748828.2
11 49 2514185.923
11 50 7633680.608
11 51 6638468.583
11 52 4063978.337
11 53 1386663.759
11 54 4782564.963
11 55 4649473.971
11 56 2786503.394
11 57 4481659.344
11 58 3488079.698
11 59 1305908.541
11 60 2420234.478
11 61 4245365.475
11 62 4391547.8
11 63 3410938.119
11 64 3625737.66
11 65 4440220.956
11 66 5308771.649
11 67 8512377.736
11 68 6117145.477
11 69 2220643.029
11 70 4468695.106
11 71 4240820.128
11 72 5217720.993
11 73 3560763.953
11 74 7078648.226
11 75 3106812.406
11 76 2707052.733
11 77 6054749.381
11 78 1187686.284
11 79 3375306.441
11 80 5285027.741
11 81 4830502.533
11 82 2835135.468
11 83 3154188.084
11 84 5745805.1
11 85 3672054.557
11 86 1193678.146
11 87 2769224.27
11 88 3317806.491
11 89 3356510.119
11 90 3110530.597
11 91 4478716.101
11 92 3035010.508
11 93 3434976.427
11 94 3601992.539
11 95 2951163.107
11 96 5220376.814
11 97 2923710.906
11 98 4363476.925
11 99 5549074.154
12 13 4481147.372
12 14 5759194.264
12 15 6340228.904
12 16 1511217.42
12 17 2334626.434
12 18 5488770.798
12 19 3735899.443
12 20 8570648.722
12 21 3413361.448
12 22 3215776.285
12 23 5597701.974
12 24 3558130.557
12 25 5846068.717
12 26 2009217.698
12 27 7404437.659
12 28 1335880.823
12 29 839750.4776
12 30 1657946.204
12 31 2687234.135
12 32 6743290.842
12 33 3949817.995
12 34 4888646.475
12 35 7771800.951
12 36 1478085.176
12 37 5369971.89
12 38 5645779.941
12 39 3831959.007
12 40 6629466.894
12 41 2035085.9
12 42 3429285.88
12 43 4859290.049
12 44 2977620.831
12 45 3108493.932
12 46 1876363.41
12 47 1834910.716
12 48 2285655.701
12 49 3164847.073
12 50 7547630.252
12 51 7951819.268
12 52 4974377.049
12 53 2197990.628
12 54 3908843.16
12 55 5096611.42
12 56 3659063.713
12 57 5522751.395
12 58 2036319.597
12 59 1063213.039
12 60 2868614.842
12 61 4833549.323
12 62 3169290.939
12 63 4423348.189
12 64 3705883.426
12 65 2960249.706
12 66 6312929.713
12 67 8330038.06
12 68 6107020.61
12 69 816012.2547
12 70 3353326.929
12 71 2891787.962
12 72 5966405.892
12 73 2837774.381
12 74 8386831.748
12 75 3981175.794
12 76 3071046.373
12 77 5032649.556
12 78 989663.3083
12 79 3252701.173
12 80 5924823.785
12 81 3892327.778
12 82 4327489.869
12 83 2646546.788
12 84 5420112.456
12 85 2409297.926
12 86 2411710.231
12 87 3443335.352
12 88 4555616.562
12 89 4849716.353
12 90 1817958.271
12 91 4678448.791
12 92 4524289.186
12 93 3076054.274
12 94 4853671.951
12 95 3575349.324
12 96 4292570.457
12 97 3870809.168
12 98 4687745.598
12 99 6279551.782
13 14 6185056.204
13 15 3536888.38
13 16 4653567.369
13 17 2347389.363
13 18 1434861.042
13 19 5945587.738
13 20 8863864.759
13 21 2007644.844
13 22 7691666.536
13 23 9507938.828
13 24 2716997.38
13 25 5616802.967
13 26 6070490.77
13 27 2994491.39
13 28 4860226.651
13 29 3800312.535
13 30 2876894.321
13 31 7142808.809
13 32 6303958.144
13 33 4511052.061
13 34 4040501.076
13 35 8248088.227
13 36 3931010.843
13 37 1522348.953
13 38 1394855.669
13 39 4306832.334
13 40 2450751.025
13 41 5844567.019
13 42 5736443.314
13 43 1665045.038
13 44 4571883.098
13 45 5416821.389
13 46 6036849.815
13 47 3877684.102
13 48 3876349.562
13 49 3608721.453
13 50 3495294.638
13 51 8288830.389
13 52 4665269.473
13 53 4099033.289
13 54 1105448.852
13 55 3312929.526
13 56 7834705.184
13 57 5383264.908
13 58 5067686.182
13 59 5504937.194
13 60 7261018.532
13 61 3638266.017
13 62 2524816.238
13 63 8469852.461
13 64 2181862.223
13 65 4192905.819
13 66 5744419.832
13 67 4065703.259
13 68 2496322.811
13 69 4821848.03
13 70 2074774.379
13 71 6016315.011
13 72 4665987.293
13 73 1648383.599
13 74 8622225.585
13 75 4206104.718
13 76 7497964.11
13 77 1961404.956
13 78 5403250.309
13 79 1938585.97
13 80 4296582.937
13 81 1329693.242
13 82 7137382.409
13 83 1914876.347
13 84 1232252.941
13 85 2849680.813
13 86 4740860.63
13 87 7749145.39
13 88 8279423.247
13 89 7172364.328
13 90 3169673.238
13 91 2462855.016
13 92 6855274.786
13 93 1658496.995
13 94 8539192.56
13 95 7911219.539
13 96 1278509.021
13 97 7983817.543
13 98 2828493.492
13 99 4796330.592
14 15 4205867.13
14 16 7198666.876
14 17 6214539.473
14 18 5737986.465
14 19 9421224.121
14 20 2895502.867
14 21 7102144.347
14 22 7182315.688
14 23 6342558.7
14 24 7754908.337
14 25 894270.5701
14 26 7590636.086
14 27 7361653.102
14 28 7083291.121
14 29 6040344.51
14 30 5845812.108
14 31 7374835.135
14 32 1342040.935
14 33 9071032.732
14 34 2224925.102
14 35 2154565.191
14 36 6839678.088
14 37 5460213.327
14 38 6074808.51
14 39 8889784.284
14 40 6303767.059
14 41 7734904.094
14 42 9115924.094
14 43 7735057.887
14 44 8385863.033
14 45 8771454.891
14 46 5303945.194
14 47 4002078.911
14 48 7506379.825
14 49 2992628.212
14 50 6495209.832
14 51 2272562.801
14 52 1543248.224
14 53 3590870.1
14 54 6736131.817
14 55 3173497.598
14 56 5984188.998
14 57 914967.7073
14 58 7760806.368
14 59 5847315.668
14 60 6371630.899
14 61 2658650.089
14 62 7314690.939
14 63 6007716.826
14 64 4032786.998
14 65 8201646.243
14 66 1333020.05
14 67 7466890.367
14 68 5234444.46
14 69 6574138.835
14 70 7106650.409
14 71 8650903.373
14 72 2293158.9
14 73 5732223.292
14 74 2684629.917
14 75 2120265.199
14 76 6662514.935
14 77 8032964.786
14 78 5730469.05
14 79 4460536.965
14 80 2719339.281
14 81 6924337.104
14 82 3335287.469
14 83 5176606.305
14 84 5916642.698
14 85 6887359.766
14 86 3385463.365
14 87 6313844.09
14 88 5234334.301
14 89 2653538.815
14 90 6557400.064
14 91 3875200.431
14 92 2610051.339
14 93 4963735.618
14 94 5300369.099
14 95 6505996.498
14 96 7164263.242
14 97 5903463.512
14 98 3488845.453
14 99 2509647.505
15 16 7211279.281
15 17 5147175.025
15 18 2309338.368
15 19 9019487.756
15 20 6174456.767
15 21 5370893.554
15 22 9114310.678
15 23 9680474.727
15 24 6124573.015
15 25 3344550.463
15 26 8314859.41
15 27 3297332.099
15 28 7290172.316
15 29 6038343.99
15 30 5285475.658
15 31 8878932.378
15 32 3619080.567
15 33 7874654.313
15 34 2272906.979
15 35 5768943.503
15 36 6556295.354
15 37 2095380.656
15 38 2586493.893
15 39 7667511.051
15 40 2310636.694
15 41 8238815.294
15 42 8761352.547
15 43 5153356.684
15 44 7680626.158
15 45 8409966.126
15 46 7118669.326
15 47 4767951.436
15 48 6839099.915
15 49 3542840.323
15 50 2293529.495
15 51 5710471.584
15 52 2877441.845
15 53 4650630.254
15 54 4571609.409
15 55 1425920.107
15 56 8579035.264
15 57 3298906.334
15 58 7746850.242
15 59 7068418.475
15 60 8443230.707
15 61 1959867.759
15 62 5824961.48
15 63 8949990.634
15 64 2653940.818
15 65 7346409.465
15 66 3144910.97
15 67 3261277.799
15 68 1313830.648
15 69 7007660.185
15 70 5420717.148
15 71 8759632.931
15 72 1945465.756
15 73 4326863.012
15 74 5929196.799
15 75 3294989.619
15 76 8734944.429
15 77 5433020.403
15 78 6938723.821
15 79 3190053.9
15 80 1494872.431
15 81 4806105.326
15 82 6718171.756
15 83 4057354.143
15 84 2558827.493
15 85 5854744.347
15 86 5058954.33
15 87 8702782.679
15 88 8422872.839
15 89 6347431.77
15 90 5899711.731
15 91 1669512.71
15 92 6136792.209
15 93 3579855.208
15 94 8598390.108
15 95 8897442.924
15 96 4814281.187
15 97 8621734.056
15 98 1677895.037
15 99 1840941.745
16 17 2309437.543
16 18 5912264.545
16 19 2235287.081
16 20 10042331.83
16 21 3012376.905
16 22 3722759.249
16 23 6703703.084
16 24 2825776.69
16 25 7208411.501
16 26 1502443.247
16 27 7645929.302
16 28 333026.0176
16 29 1230070.742
16 30 1940439.62
16 31 2918042.633
16 32 8105772.869
16 33 2620835.73
16 34 6094217.663
16 35 9249038.485
16 36 722603.6338
16 37 5860810.55
16 38 5989080.585
16 39 2546765.032
16 40 7036607.639
16 41 1204098.492
16 42 1928271.785
16 43 4489456.789
16 44 1561662.512
16 45 1599392.025
16 46 3112483.172
16 47 3203326.158
16 48 1165841.297
16 49 4430192.797
16 50 8037938.211
16 51 9420656.304
16 52 6282575.696
16 53 3608008.625
16 54 3783032.465
16 55 6123073.486
16 56 4686359.022
16 57 6884859.892
16 58 573908.0436
16 59 2129285.457
16 60 3695743.633
16 61 5964143.1
16 62 2581143.957
16 63 5500415.061
16 64 4574331.036
16 65 1660823.946
16 66 7643163.169
16 67 8703201.273
16 68 6726147.027
16 69 824437.7358
16 70 2936146.692
16 71 1566671.487
16 72 7155998.025
16 73 3095120.092
16 74 9852264.502
16 75 5304658.276
16 76 3798288.052
16 77 4580018.427
16 78 2144087.301
16 79 4021243.073
16 80 7046685.683
16 81 3677507.832
16 82 5799223.043
16 83 3184844.854
16 84 5784079.987
16 85 1908188.919
16 86 3902208.016
16 87 4350149.281
16 88 5798588.234
16 89 6351342.672
16 90 1484036.615
16 91 5552657.759
16 92 6028992.022
16 93 3668903.506
16 94 6098621.392
16 95 4429753.963
16 96 4045083.142
16 97 4934312.534
16 98 5651865.583
16 99 7449605.004
17 18 3619412.293
17 19 3872615.194
17 20 9102151.707
17 21 1152065.968
17 22 5517745.135
17 23 7810207.723
17 24 1594435.053
17 25 5954325.067
17 26 3729297.12
17 27 5341797.707
17 28 2513556.844
17 29 1542818.199
17 30 700196.2196
17 31 4884892.514
17 32 6806357.939
17 33 2928881.472
17 34 4550587.649
17 35 8367712.041
17 36 1587223.694
17 37 3588518.606
17 38 3682433.44
17 39 2732745.81
17 40 4733833.43
17 41 3497197.103
17 42 3618329.489
17 43 2531316.329
17 44 2540577.604
17 45 3270518.891
17 46 4125127.223
17 47 2600663.107
17 48 1693612.784
17 49 3222380.249
17 50 5746398.248
17 51 8482862.479
17 52 4947191.526
17 53 2992719.487
17 54 1587692.741
17 55 4285568.514
17 56 5946416.487
17 57 5650115.602
17 58 2751027.109
17 59 3397811.659
17 60 5202866.306
17 61 4295985.747
17 62 1138728.132
17 63 6673668.351
17 64 2671437.654
17 65 2227655.11
17 66 6277555.936
17 67 6394332.778
17 68 4494485.971
17 69 2514814.034
17 70 1110643.809
17 71 3732863.927
17 72 5514014.566
17 73 833301.9391
17 74 8881995.347
17 75 4104873.292
17 76 5403970.084
17 77 2721537.972
17 78 3319690.605
17 79 2078199.008
17 80 5296476.702
17 81 1557905.322
17 82 5983564.766
17 83 1162175.266
17 84 3480839.972
17 85 735656.4543
17 86 3576583.461
17 87 5766135.046
17 88 6675226.133
17 89 6273058.918
17 90 830402.1901
17 91 3566350.667
17 92 5932328.073
17 93 1593658.176
17 94 6962364.355
17 95 5904503.52
17 96 1958020.871
17 97 6138796.023
17 98 3764684.237
17 99 5759060.796
18 19 7352066.3
18 20 8168872.116
18 21 3438745.618
18 22 8624486.255
18 23 10013815.87
18 24 4151726.843
18 25 5022847.137
18 26 7254268.576
18 27 2006372.24
18 28 6081864.164
18 29 4923726.151
18 30 4022579.891
18 31 8175093.471
18 32 5562278.865
18 33 5945870.477
18 34 3513358.308
18 35 7642169.615
18 36 5195669.106
18 37 277900.8335
18 38 337036.1509
18 39 5741692.908
18 40 1142439.956
18 41 7072428.314
18 42 7132522.597
18 43 2901744.07
18 44 5977753.767
18 45 6804308.404
18 46 6805797.471
18 47 4456831.777
18 48 5241608.065
18 49 3740216.572
18 50 2127160.344
18 51 7638120.618
18 52 4201147.666
18 53 4553023.977
18 54 2540223.79
18 55 2589123.74
18 56 8524097.292
18 57 4853201.897
18 58 6370390.952
18 59 6437696.585
18 60 8099403.835
18 61 3079500.987
18 62 3950555.068
18 63 9073352.638
18 64 2233767.653
18 65 5604864.436
18 66 5020095.022
18 67 2841845.356
18 68 1102178.677
18 69 5959735.843
18 70 3504061.693
18 71 7347783.139
18 72 3833774.016
18 73 2817482.542
18 74 7922444.771
18 75 4051439.232
18 76 8361057.298
18 77 3166218.086
18 78 6322333.776
18 79 2374046.204
18 80 3402689.447
18 81 2762704.257
18 82 7359148.307
18 83 2847829.751
18 84 250887.5893
18 85 4208795.825
18 86 5146405.484
18 87 8514177.928
18 88 8751148.507
18 89 7233251.422
18 90 4448365.993
18 91 1880491.386
18 92 6948110.882
18 93 2416193.362
18 94 8984051.099
18 95 8691414.784
18 96 2664959.904
18 97 8636640.728
18 98 2258164.042
18 99 3878356.658
19 20 12274539.15
19 21 3962293.424
19 22 5015642.297
19 23 8385728.204
19 24 3367343.004
19 25 9392013.92
19 26 2640211.388
19 27 8783916.014
19 28 2412112.477
19 29 3390514.06
19 30 3831696.309
19 31 4113246.137
19 32 10285668.96
19 33 1865206.034
19 34 8189601.255
19 35 11482807.62
19 36 2626781.252
19 37 7371375.694
19 38 7340311.858
19 39 1987748.881
19 40 8393443.94
19 41 2243350.852
19 42 307038.5866
19 43 5147004.125
19 44 1374470.683
19 45 653463.9626
19 46 5109060.264
19 47 5419476.869
19 48 2180837.369
19 49 6587831.855
19 50 9440643.087
19 51 11652208.57
19 52 8440352.03
19 53 5831662.35
19 54 4878410.846
19 55 8090021.807
19 56 6385340.996
19 57 9069875.089
19 58 1703256.805
19 59 4142806.463
19 60 5301306.858
19 61 8010867.137
19 62 3434987.363
19 63 7201624.951
19 64 6484334.8
19 65 1754216.147
19 66 9805048.989
19 67 9949254.483
19 68 8316316.405
19 69 2969299.87
19 70 3889061.241
19 71 1210140.352
19 72 9225382.921
19 73 4698675.588
19 74 12082581.19
19 75 7479936.81
19 76 5296958.072
19 77 5103447.303
19 78 4197016.908
19 79 5896578.788
19 80 9067026.576
19 81 4689332.425
19 82 7935668.219
19 83 4986407.206
19 84 7171611.662
19 85 3180692.705
19 86 6137105.226
19 87 5958190.546
19 88 7666885.698
19 89 8534308.046
19 90 3146987.073
19 91 7420271.05
19 92 8219776.006
19 93 5450348.637
19 94 7959816.602
19 95 5978334.689
19 96 4944117.618
19 97 6653226.936
19 98 7585556.7
19 99 9500678.936
20 21 9956560.462
20 22 9511087.314
20 23 7751715.714
20 24 10627117.35
20 25 3254587.582
20 26 10301684.62
20 27 9470962.532
20 28 9905149.001
20 29 8910352.367
20 30 8741229.394
20 31 9867291.882
20 32 2606883.575
20 33 11966524.52
20 34 4826694.709
20 35 809995.2706
20 36 9716695.093
20 37 7896744.465
20 38 8499858.731
20 39 11785062.18
20 40 8473706.109
20 41 10487743.53
20 42 11968047.05
20 43 10477335.53
20 44 11271944.97
20 45 11628663.07
20 46 7835566.5
20 47 6868680.176
20 48 10396597.79
20 49 5883808.814
20 50 8369077.651
20 51 624649.7649
20 52 4246222.1
20 53 6448822.037
20 54 9527190.381
20 55 5610599.605
20 56 8059685.315
20 57 3516098.539
20 58 10595835.65
20 59 8522483.185
20 60 8698326.834
20 61 5226077.927
20 62 10191861.01
20 63 7830768.504
20 64 6794902.525
20 65 11094282.9
20 66 3151545.402
20 67 9263109.775
20 68 7424640.586
20 69 9377921.206
20 70 9965456.709
20 71 11449909
20 72 4341766.598
20 73 8588012.359
20 74 246804.3156
20 75 4997961.862
20 76 8964433.085
20 77 10777987.91
20 78 8416472.175
20 79 7276411.291
20 80 4787863.063
20 81 9727489.033
20 82 5253738.449
20 83 8041514.57
20 84 8382072.302
20 85 9780896.742
20 86 6161256.411
20 87 8479897.156
20 88 6949513.138
20 89 4438492.018
20 90 9452049.537
20 91 6429090.266
20 92 4607481.004
20 93 7793958.452
20 94 6897498.4
20 95 8652301.938
20 96 9936298.426
20 97 7906106.826
20 98 6048455.399
20 99 4351331.558
21 22 6520188.358
21 23 8948787.446
21 24 755637.851
21 25 6739832.19
21 26 4511685.984
21 27 4838238.455
21 28 3289289.017
21 29 2582992.197
21 30 1841816.964
21 31 5820621.735
21 32 7548555.565
21 33 2522751.975
21 34 5240186.799
21 35 9252788.592
21 36 2337704.094
21 37 3497660.293
21 38 3394171.927
21 39 2316347.257
21 40 4439565.67
21 41 4207500.502
21 42 3770779.211
21 43 1490580.875
21 44 2597001.752
21 45 3468927.542
21 46 5247728.073
21 47 3712642.979
21 48 2014574.065
21 49 4148629.315
21 50 5490129.228
21 51 9346228.986
21 52 5729007.609
21 53 4085443.995
21 54 917322.1958
21 55 4783805.806
21 56 7060879.36
21 57 6453349.835
21 58 3304664.098
21 59 4469227.884
21 60 6270894.974
21 61 4920874.197
21 62 527632.0704
21 63 7802226.968
21 64 3247536.127
21 65 2209411.251
21 66 7000493.63
21 67 5989502.239
21 68 4468740.255
21 69 3438443.229
21 70 78400.76458
21 71 4167491.216
21 72 6101279.046
21 73 1370083.57
21 74 9727944.545
21 75 4983182.836
21 76 6453988.567
21 77 1627419.518
21 78 4402716.776
21 79 2702618.19
21 80 5815569.145
21 81 731313.0592
21 82 7117155.082
21 83 1928765.971
21 84 3239793.519
21 85 1111479.393
21 86 4691000.585
21 87 6856552.272
21 88 7823740.494
21 89 7375471.572
21 90 1652753.973
21 91 3971798.252
21 92 7035938.549
21 93 2175554.752
21 94 8111857.783
21 95 6986034.803
21 96 1047459.681
21 97 7261120.18
21 98 4253068.408
21 99 6304394.07
22 23 3475664.663
22 24 6495187.005
22 25 7630941.164
22 26 2439326.852
22 27 10580764.33
22 28 3391922.199
22 29 3975357.2
22 30 4864712.957
22 31 902498.2333
22 32 8446825.449
22 33 6215183.209
22 34 7225197.421
22 35 8716054.034
22 36 4243999.678
22 37 8478128.762
22 38 8808511.089
22 39 6185138.586
22 40 9753310.217
22 41 2862480.13
22 42 4794654.126
22 43 8002382.912
22 44 5131428.166
22 45 4667761.774
22 46 2022040.294
22 47 4355217.285
22 48 4886013.67
22 49 5599895.816
22 50 10614316.92
22 51 8959793.006
22 52 7038307.063
22 53 4473388.686
22 54 7104377.173
22 55 7736203.819
22 56 1682315.205
22 57 7342184.287
22 58 3797984.424
22 59 2193492.35
22 60 816712.2226
22 61 7324777.061
22 62 6182128.246
22 63 2385690.976
22 64 6633338.553
22 65 5334332.194
22 66 8172888.01
22 67 11448683.78
22 68 9120815.754
22 69 3095910.582
22 70 6452073.486
22 71 3805834.962
22 72 8245112.708
22 73 6052408.498
22 74 9393595.707
22 75 6131501.696
22 76 550430.1914
22 77 8145663.212
22 78 2304183.048
22 79 6290449.331
22 80 8346478.71
22 81 7068756.392
22 82 4290175.735
22 83 5822479.792
22 84 8579265.216
22 85 5433052.178
22 86 4178411.395
22 87 1181751.606
22 88 3106629.236
22 89 5094291.721
22 90 4867679.057
22 91 7533779.031
22 92 4903811.456
22 93 6215062.316
22 94 3349391.931
22 95 1100318.215
22 96 7466141.115
22 97 1937417.665
22 98 7440729.696
22 99 8578960.966
23 24 9154897.176
23 25 7101629.483
23 26 5746397.84
23 27 12012476.65
23 28 6381580.729
23 29 6432831.864
23 30 7111179.352
23 31 4338222.107
23 32 7674744.822
23 33 9322210.429
23 34 7440435.894
23 35 7067010.442
23 36 7004578.715
23 37 9795386.149
23 38 10281145.98
23 39 9249882.417
23 40 11025521.36
23 41 6152594.819
23 42 8136820.036
23 43 10314414.78
23 44 8247081.68
23 45 7955320.549
23 46 3721965.906
23 47 5635273.738
23 48 7776062.166
23 49 6333867.998
23 50 11664265.05
23 51 7342073.053
23 52 6961859.826
23 53 5470277.921
23 54 9270166.099
23 55 8268299.387
23 56 2023449.765
23 57 6913221.955
23 58 6954976.891
23 59 4625843.953
23 60 3086585.911
23 61 7720660.644
23 62 8756838.486
23 63 1203887.221
23 64 7785803.281
23 65 8361588.45
23 66 7630022.121
23 67 12610211.34
23 68 10146627.97
23 69 5913714.661
23 70 8896766.354
23 71 7184246.435
23 72 8206094.992
23 73 8048592.05
23 74 7717047.442
23 75 6385895.929
23 76 3099889.306
23 77 10525345.94
23 78 4651667.749
23 79 7694299.209
23 80 8481358.154
23 81 9312189.413
23 82 3053060.071
23 83 7622984.716
23 84 10054112.08
23 85 8002121.434
23 86 4867533.7
23 87 2427542.588
23 88 1270146.959
23 89 3691954.519
23 90 7412388.583
23 91 8428928.563
23 92 3751525.039
23 93 7854750.793
23 94 1085133.341
23 95 2419284.107
23 96 9704787.361
23 97 1769632.909
23 98 8186868.19
23 99 8516696.363
24 25 7431666.035
24 26 4313628.383
24 27 5426292.99
24 28 3138859.383
24 29 2722180.559
24 30 2185305.024
24 31 5730961.24
24 32 8254777.248
24 33 1794267.395
24 34 5954700.086
24 35 9909212.799
24 36 2252527.394
24 37 4226557.558
24 38 4082209.396
24 39 1590754.312
24 40 5111272.191
24 41 3963950.73
24 42 3210297.004
24 43 1805428.701
24 44 2048646.94
24 45 2942566.114
24 46 5432933.115
24 47 4185611.849
24 48 1692243.224
24 49 4774910.118
24 50 6163306.917
24 51 10012469.29
24 52 6419691.694
24 53 4584045.51
24 54 1611548.545
24 55 5528871.827
24 56 7208382.969
24 57 7138692.83
24 58 2994479.145
24 59 4572042.529
24 60 6339175.868
24 61 5647895.96
24 62 455858.9723
24 63 7980913.605
24 64 3974473.979
24 65 1657409.1
24 66 7710986.325
24 67 6607209.518
24 68 5200530.397
24 69 3405721.31
24 70 713887.7649
24 71 3743296.847
24 72 6837714.024
24 73 2055178.062
24 74 10401787.77
24 75 5635344.271
24 76 6492941.819
24 77 1819091.905
24 78 4525259.185
24 79 3414504.129
24 80 6560494.122
24 81 1391451.086
24 82 7535506.499
24 83 2586713.901
24 84 3942300.427
24 85 1156971.15
24 86 5156645.882
24 87 6956746.052
24 88 8083784.187
24 89 7855798.975
24 90 1743103.62
24 91 4722819.327
24 92 7514770.537
24 93 2886630.528
24 94 8378192.664
24 95 7069256.88
24 96 1587495.385
24 97 7426262.112
24 98 4997667.145
24 99 7047018.348
25 26 7770657.166
25 27 6552834.964
25 28 7132880.248
25 29 6004694.046
25 30 5676612.164
25 31 7728267.452
25 32 898293.9249
25 33 8866829.015
25 34 1576315.818
25 35 2639302.647
25 36 6772457.818
25 37 4745676.668
25 38 5359249.117
25 39 8676628.921
25 40 5503734.337
25 41 7868820.251
25 42 9091286.157
25 43 7223057.44
25 44 8270980.598
25 45 8738570.177
25 46 5673994.199
25 47 4021636.521
25 48 7377055.273
25 49 2812381.039
25 50 5637998.003
25 51 2672100.018
25 52 1011974.949
25 53 3649091.002
25 54 6276990.663
25 55 2433738.512
25 56 6565951.371
25 57 323875.6537
25 58 7780330.593
25 59 6090985.175
25 60 6836040.575
25 61 1988423.84
25 62 7007702.887
25 63 6672664.779
25 64 3544175.962
25 65 8050602.123
25 66 550104.1118
25 67 6603966.086
25 68 4431425.445
25 69 6658582.542
25 70 6753556.619
25 71 8717672.271
25 72 1410746.23
25 73 5379104.198
25 74 3016488.523
25 75 1912866.31
25 76 7133545.148
25 77 7523648.794
25 78 5966601.789
25 79 4042797.683
25 80 1850261.464
25 81 6480243.298
25 82 4056595.131
25 83 4848793.086
25 84 5218249.418
25 85 6660892.011
25 86 3600953.536
25 87 6852850.43
25 88 5945757.6
25 89 3445077.531
25 90 6398382.179
25 91 3209415.534
25 92 3350246.393
25 93 4566371.332
25 94 6038763.686
25 95 7049351.598
25 96 6682684.598
25 97 6513355.442
25 98 2823021.937
25 99 1615695.413
26 27 9062888.627
26 28 1228779.399
26 29 2338662.621
26 30 3232423.41
26 31 1553176.272
26 32 8661280.978
26 33 3792535.341
26 34 6890408.283
26 35 9492765.396
26 36 2186256.037
26 37 7173687.132
26 38 7362648.705
26 39 3776781.524
26 40 8392586.496
26 41 423163.911
26 42 2391815.759
26 43 5991558.157
26 44 2717853.33
26 45 2235031.254
26 46 2632147.776
26 47 3814550.348
26 48 2627237.93
26 49 5162118.043
26 50 9363721.309
26 51 9696102.558
26 52 6941846.225
26 53 4138954.119
26 54 5257911.173
26 55 7099953.569
26 56 3746052.274
26 57 7450216.376
26 58 1398167.467
26 59 1785308.027
26 60 2661138.619
26 61 6842632.112
26 62 4083159.761
26 63 4561503.954
26 64 5664303.943
26 65 2958953.763
26 66 8258597.693
26 67 10079577.58
26 68 7982962.359
26 69 1315489.773
26 70 4435947.779
26 71 1449414.894
26 72 7968324.989
26 73 4456220.814
26 74 10136671.25
26 75 5949116.136
26 76 2666438.645
26 77 6081617.004
26 78 1886200.455
26 79 5167811.992
26 80 7933687.499
26 81 5164470.096
26 82 5531346.147
26 83 4433973.155
26 84 7148390.444
26 85 3403300.29
26 86 4207648.351
26 87 3319134.309
26 88 5050649.256
26 89 6214834.456
26 90 2933375.862
26 91 6646385.257
26 92 5929143.546
26 93 4904401.436
26 94 5339641.492
26 95 3345323.174
26 96 5538377.544
26 97 4014598.613
26 98 6679032.934
26 99 8283956.574
27 28 7854678.049
27 29 6772640.893
27 30 5851352.94
27 31 10087906.5
27 32 6910696.245
27 33 7154381.177
27 34 5196433.5
27 35 9057813.272
27 36 6923671.088
27 37 2217137.005
27 38 1777582.561
27 39 6965171.64
27 40 1063759.54
27 41 8838853.59
27 42 8605018.699
27 43 3744647.366
27 44 7430602.34
27 45 8307103.078
27 46 8798468.742
27 47 6461855.398
27 48 6816717.329
27 49 5709463.153
27 50 1326932.665
27 51 9005896.61
27 52 5883454.435
27 53 6557766.116
27 54 3939245.183
27 55 4214877.319
27 56 10528251.19
27 57 6448254.123
27 58 8046232.317
27 59 8387875.834
27 60 10081583.03
27 61 4777116.234
27 62 5363910.222
27 63 11079481.54
27 64 4226723.314
27 65 7040004.933
27 66 6419091.495
27 67 1224246.281
27 68 2127263.672
27 69 7802543.317
27 70 4914462.987
27 71 8973008.64
27 72 5202489.889
27 73 4617204.504
27 74 9225959.988
27 75 5918466.737
27 76 10337801.97
27 77 3895284.902
27 78 8276749.917
27 79 4375843.484
27 80 4743839.689
27 81 4106940.002
27 82 9307393.407
27 83 4762384.91
27 84 2008795.818
27 85 5809055.99
27 86 7145430.922
27 87 10510547.47
27 88 10747510.7
27 89 9125448.857
27 90 6161944.378
27 91 3706693.993
27 92 8856310.945
27 93 4369331.41
27 94 10976111.84
27 95 10685762.48
27 96 3840996.556
27 97 10642563.81
27 98 4038897.306
27 99 5133594.816
28 29 1254164.527
28 30 2070054.936
28 31 2595200.314
28 32 8031170.368
28 33 2940640.843
28 34 6075706.457
28 35 9107080.823
28 36 957640.8037
28 37 6017185.336
28 38 6173913.351
28 39 2872356.413
28 40 7213950.4
28 41 990655.0706
28 42 2107205.718
28 43 4774126.749
28 44 1870652.716
28 45 1802897.6
28 46 2818726.236
28 47 3112304.907
28 48 1494401.133
28 49 4384823.265
28 50 8202443.862
28 51 9285697.219
28 52 6228063.965
28 53 3502042.288
28 54 4029540.533
28 55 6157985.833
28 56 4362137.279
28 57 6809004.984
28 58 709222.9495
28 59 1832253.972
28 60 3364970.568
28 61 5968693.911
28 62 2876397.628
28 63 5177875.372
28 64 4640538.445
28 65 1989173.924
28 66 7582074.782
28 67 8891416.291
28 68 6860384.267
28 69 560948.7519
28 70 3214276.413
28 71 1585979.009
28 72 7145516.091
28 73 3267893.558
28 74 9720024.985
28 75 5241674.498
28 76 3465493.851
28 77 4874696.456
28 78 1857545.875
28 79 4105150.723
28 80 7057207.901
28 81 3935972.586
28 82 5553715.572
28 83 3305113.029
28 84 5964123.016
28 85 2178686.607
28 86 3747532.123
28 87 4020651.332
28 88 5492466.899
28 89 6129277.107
28 90 1707020.516
28 91 5624004.396
28 92 5811789.912
28 93 3786047.843
28 94 5792148.37
28 95 4098473.583
28 96 4311231.361
28 97 4611949.816
28 98 5701245.733
28 99 7446090.946
29 30 923457.0722
29 31 3354228.955
29 32 6900044.091
29 33 3266033.048
29 34 4864472.822
29 35 8127137.127
29 36 817434.5177
29 37 4836775.031
29 38 5045532.469
29 39 3126488.735
29 40 6064561.64
29 41 2207694.849
29 42 3088061.291
29 43 4043702.095
29 44 2394746.986
29 45 2737773.851
29 46 2710937.712
29 47 2041705.575
29 48 1587141.879
29 49 3210706.788
29 50 7027011.893
29 51 8286342.512
29 52 5065056.994
29 53 2462875.048
29 54 3130331.172
29 55 4908119.467
29 56 4498730.689
29 57 5681974.671
29 58 1801924.762
29 59 1886554.741
29 60 3688234.733
29 61 4735864.593
29 62 2329627.485
29 63 5261859.258
29 64 3387124.973
29 65 2294968.189
29 66 6428161.323
29 67 7757490.589
29 68 5646955.329
29 69 1036136.22
29 70 2520977.998
29 71 2792550.086
29 72 5925970.23
29 73 2156678.031
29 74 8712589.677
29 75 4094697.363
29 76 3876318.699
29 77 4207269.241
29 78 1823722.222
29 79 2858012.151
29 80 5820298.999
29 81 3094513.264
29 82 5006367.565
29 83 2095313.168
29 84 4827139.31
29 85 1570401.993
29 86 2851896.166
29 87 4276190.54
29 88 5372126.496
29 89 5456625.94
29 90 979681.5077
29 91 4371070.551
29 92 5121457.113
29 93 2567209.696
29 94 5668523.644
29 95 4403434.811
29 96 3492922.456
29 97 4710260.134
29 98 4447715.73
29 99 6220172.892
30 31 4272233.285
30 32 6553589.108
30 33 3226521.018
30 34 4377864.896
30 35 7984844.022
30 36 1271287.484
30 37 3949437.895
30 38 4132450.341
30 39 3048784.979
30 40 5160194.37
30 41 3057523.584
30 42 3549712.099
30 43 3227988.996
30 44 2607490.855
30 45 3191397.273
30 46 3425508.29
30 47 2030637.101
30 48 1710155.229
30 49 2875780.703
30 50 6137247.007
30 51 8117760.368
30 52 4689068.975
30 53 2445897.382
30 54 2251668.135
30 55 4265883.006
30 56 5247674.443
30 57 5361789.704
30 58 2462369.712
30 59 2717906.848
30 60 4519539.269
30 61 4181604.098
30 62 1738705.241
30 63 5973472.136
30 64 2675194.489
30 65 2374017.802
30 66 6046363.556
30 67 6848098.685
30 68 4792460.894
30 69 1951552.431
30 70 1794275.944
30 71 3474636.046
30 72 5398981.283
30 73 1234249.357
30 74 8529210.019
30 75 3778933.927
30 76 4728095.58
30 77 3421566.655
30 78 2634402.861
30 79 2102179.701
30 80 5235486.403
30 81 2244333.146
30 82 5350227.544
30 83 1244406.657
30 84 3916695.14
30 85 1095109.101
30 86 2986597.118
30 87 5073766.603
30 88 5982048.966
30 89 5683667.448
30 90 722016.4995
30 91 3639342.194
30 92 5342661.452
30 93 1728508.196
30 94 6270557.456
30 95 5215058.923
30 96 2644591.566
30 97 5438929.126
30 98 3771131.225
30 99 5670264.907
31 32 8580694.786
31 33 5343589.654
31 34 7140775.839
31 35 9061577.774
31 36 3499431.331
31 37 8051749.318
31 38 8332581.789
31 39 5322472.646
31 40 9314994.56
31 41 1975270.963
31 42 3892651.151
31 43 7310830.951
31 44 4264792.034
31 45 3770934.67
31 46 2070890.112
31 47 4126394.365
31 48 4082936.459
31 49 5447903.337
31 50 10221792.15
31 51 9292132.549
31 52 7039733.452
31 53 4325662.932
31 54 6468505.354
31 55 7547224.731
31 56 2432715.217
31 57 7424101.65
31 58 2935035.672
31 59 1810564.214
31 60 1368387.933
31 61 7187298.965
31 62 5446946.597
31 63 3202971.204
31 64 6307844.765
31 65 4487127.609
31 66 8256096.604
31 67 11015625.23
31 68 8760766.598
31 69 2385981.496
31 70 5749203.012
31 71 2903366.736
31 72 8194494.422
31 73 5494437.258
31 74 9731469.922
31 75 6085728.968
31 76 1254189.442
31 77 7434267.188
31 78 1940240.174
31 79 5904094.185
31 80 8246616.351
31 81 6411462.433
31 82 4755911.126
31 83 5333629.412
31 84 8107207.203
31 85 4715801.897
31 86 4157007.274
31 87 1949793.526
31 88 3837985.726
31 89 5528280.877
31 90 4174829.649
31 91 7250353.454
31 92 5296554.018
31 93 5760412.996
31 94 4103505.478
31 95 1922844.442
31 96 6802915.529
31 97 2702146.88
31 98 7202102.769
31 99 8524978.71
32 33 9727931.004
32 34 2314564.977
32 35 2150206.784
32 36 7663971.153
32 37 5290587.949
32 38 5893016.439
32 39 9535487.614
32 40 5893890.258
32 41 8764171.313
32 42 9985518.476
32 43 7941145.787
32 44 9153639.897
32 45 9632205.991
32 46 6517214.525
32 47 4919876.824
32 48 8258288.459
32 49 3700806.277
32 50 5873735.746
32 51 2098773.553
32 52 1865507.6
32 53 4545771.237
32 54 7036509.601
32 55 3016023.522
32 56 7306221.551
32 57 1222167.055
32 58 8677915.968
32 59 6969330.567
32 60 7643471.748
32 61 2677954.714
32 62 7838958.439
32 63 7348149.152
32 64 4316760.921
32 65 8926370.933
32 66 559835.7963
32 67 6806374.93
32 68 4834761.751
32 69 7556231.397
32 70 7566438.241
32 71 9615957.233
32 72 1737025.997
32 73 6199611.573
32 74 2360321.048
32 75 2805833.675
32 76 7938298.179
32 77 8241940.215
32 78 6846224.659
32 79 4845991.153
32 80 2187842.163
32 81 7247463.805
32 82 4677158.309
32 83 5683272.26
32 84 5776703.305
32 85 7520654.456
32 86 4477771.95
32 87 7620702.62
32 88 6576022.655
32 89 3982812.796
32 90 7275599.999
32 91 3849020.953
32 92 3951358.475
32 93 5373536.114
32 94 6638870.634
32 95 7814864.634
32 96 7425231.936
32 97 7233600.482
32 98 3475933.052
32 99 1778247.118
33 34 7479401.985
33 35 11211358.24
33 36 2481746.542
33 37 6016998.27
33 38 5873756.428
33 39 207179.3269
33 40 6895879.731
33 41 3374179.855
33 42 1834513.293
33 43 3428041.088
33 44 1086746.291
33 45 1726159.884
33 46 5714017.412
33 47 5194578.44
33 48 1680452.376
33 49 6090440.828
33 50 7947106.154
33 51 11343395.76
33 52 7864746.606
33 53 5621268.755
33 54 3405647.27
33 55 7171116.262
33 56 7302116.391
33 57 8557780.788
33 58 2418643.228
33 59 4739797.165
33 60 6289242.133
33 61 7218100.889
33 62 2049696.063
33 63 8118470.692
33 64 5570336.734
33 65 990100.9517
33 66 9203264.026
33 67 8353933.873
33 68 6989751.436
33 69 3429814.126
33 70 2465366.206
33 71 2697396.196
33 72 8432305.468
33 73 3636394.059
33 74 11753158.11
33 75 6989364.074
33 76 6365049.209
33 77 3337779.805
33 78 4742801.63
33 79 4983065.321
33 80 8194838.478
33 81 3185261.961
33 82 8259934.861
33 83 4081369.777
33 84 5736318.911
33 85 2207287.543
33 86 6088246.943
33 87 6950087.446
33 88 8411564.888
33 89 8722334.611
33 90 2525966.511
33 91 6402278.378
33 92 8386606.17
33 93 4471683.73
33 94 8711822.713
33 95 7017222.51
33 96 3351201.254
33 97 7552577.576
33 98 6642402.459
33 99 8667388.532
34 35 4211537.863
34 36 5568311.608
34 37 3235671.539
34 38 3850086.244
34 39 7282444.418
34 40 4132813.748
34 41 6915523.692
34 42 7898348.038
34 43 5652025.785
34 44 6982586.779
34 45 7540327.345
34 46 5203398.288
34 47 3084900.884
34 48 6085963.945
34 49 1729969.845
34 50 4459646.966
34 51 4248338.132
34 52 692293.6673
34 53 2820480.326
34 54 4725209.76
34 55 982460.7331
34 56 6476329.788
34 57 1357110.588
34 58 6666367.005
34 59 5374067.706
34 60 6489698.28
34 61 433871.2716
34 62 5547274.828
34 63 6772566.315
34 64 2002258.388
34 65 6725506.63
34 66 1761613.268
34 67 5440351.04
34 68 3079750.145
34 69 5665962.519
34 70 5260281.528
34 71 7650221.459
34 72 1077953.2
34 73 3902017.86
34 74 4586568.339
34 75 1113783.207
34 76 6789004.759
34 77 5952824.675
34 78 5242996.971
34 79 2540418.104
34 80 1123321.885
34 81 4934346.055
34 82 4450921.345
34 83 3404522.114
34 84 3692260.31
34 85 5278048.483
34 86 3049649.941
34 87 6658847.873
34 88 6194046.075
34 89 4079653.654
34 90 5092758.788
34 91 1654836.496
34 92 3864098.174
34 93 3068501.153
34 94 6355708.169
34 95 6857108.121
34 96 5120905.403
34 97 6489209.598
34 98 1267118.234
34 99 1396639.221
35 36 8936446.529
35 37 7366440.42
35 38 7977047.204
35 39 11032533.58
35 40 8034505.707
35 41 9680995.591
35 42 11176081.55
35 43 9836586.282
35 44 10497248.12
35 45 10838507.11
35 46 7026837.921
35 47 6086601.352
35 48 9626762.338
35 49 5145334.952
35 50 8020233.95
35 51 276599.5733
35 52 3590204.867
35 53 5664288.11
35 54 8861096.05
35 55 5057926.563
35 56 7285016.572
35 57 2865695.455
35 58 9800063.78
35 59 7712997.25
35 60 7902017.017
35 61 4627610.764
35 62 9469253.23
35 63 7085170.484
35 64 6137225.681
35 65 10327717.88
35 66 2645961.696
35 67 8945460.473
35 68 6970021.518
35 69 8577200
35 70 9258448.065
35 71 10647373.94
35 72 3864134.107
35 73 7882708.879
35 74 679672.054
35 75 4273996.388
35 76 8170640.039
35 77 10136316.69
35 78 7607302.549
35 79 6594033.287
35 80 4321248.817
35 81 9055161.117
35 82 4475601.915
35 83 7329232.828
35 84 7844665.893
35 85 9035686.931
35 86 5360844.37
35 87 7697353.488
35 88 6211754.781
35 89 3660764.121
35 90 8691156.446
35 91 5848151.251
35 92 3815307.25
35 93 7104349.794
35 94 6175661.908
35 95 7872291.25
35 96 9280400.507
35 97 7138835.811
35 98 5462139.189
35 99 3928002.651
36 37 5149705.205
36 38 5268253.345
36 39 2356690.847
36 40 6317228.05
36 41 1919706.81
36 42 2331644.796
36 43 3826238.643
36 44 1577457.324
36 45 1974650.792
36 46 3309859.364
36 47 2849973.361
36 48 808010.3481
36 49 3963832.359
36 50 7322286.622
36 51 9092330.486
36 52 5814698.554
36 53 3273935.407
36 54 3073741.441
36 55 5521306.048
36 56 5017726.943
36 57 6451287.6
36 58 1196557.967
36 59 2379774.935
36 60 4103086.327
36 61 5404411.552
36 62 1947623.411
36 63 5811931.209
36 64 3942398.394
36 65 1497341.7
36 66 7179398.852
36 67 7981440.517
36 68 6026483.643
36 69 1153900.08
36 70 2263685.552
36 71 2206013.977
36 72 6612688.566
36 73 2380595.799
36 74 9516700.128
36 75 4859593.501
36 76 4245993.078
36 77 3937681.719
36 78 2354561.232
36 79 3373060.183
36 80 6473673.598
36 81 2978331.799
36 82 5778486.506
36 83 2506404.69
36 84 5064390.13
36 85 1226268.79
36 86 3668520.404
36 87 4734046.394
36 88 6010067.228
36 89 6255273.024
36 90 761771.5862
36 91 4910108.054
36 92 5922141.467
36 93 2989947.076
36 94 6309534.49
36 95 4836943.949
36 96 3354291.59
36 97 5249266.15
36 98 5034165.173
36 99 6894973.862
37 38 614933.14
37 39 5811427.56
37 40 1277496.271
37 41 7006345.569
37 42 7143778.073
37 43 3071148.886
37 44 5999130.624
37 45 6810067.22
37 46 6633727.599
37 47 4267478.579
37 48 5238455.17
37 49 3501082.974
37 50 2190236.888
37 51 7363857.068
37 52 3923750.504
37 53 4345209.805
37 54 2619388.875
37 55 2312048.76
37 56 8334136.935
37 57 4575332.468
37 58 6333983.809
37 59 6298011.165
37 60 7935828.942
37 61 2801804.842
37 62 3998675.912
37 63 8869485.265
37 64 2009595.038
37 65 5632539.181
37 66 4746949.37
37 67 2970842.721
37 68 974893.5408
37 69 5870743.488
37 70 3559411.804
37 71 7321341.238
37 72 3564715.214
37 73 2769982.939
37 74 7650421.035
37 75 3786567.409
37 76 8201478.12
37 77 3344949.515
37 78 6180333.97
37 79 2199591.333
37 80 3137147.27
37 81 2848094.587
37 82 7114071.741
37 83 2745951.815
37 84 490779.6319
37 85 4207750.218
37 86 4928577.691
37 87 8336597.076
37 88 8530398.779
37 89 6975037.892
37 90 4412113.966
37 91 1605882.012
37 92 6692787.407
37 93 2294700.099
37 94 8759657.252
37 95 8516049.578
37 96 2786931.206
37 97 8440826.699
37 98 1981822.098
37 99 3616533.16
38 39 5671900.354
38 40 1058815.062
38 41 7163942.124
38 42 7130996.161
38 43 2718258.461
38 44 5966716.468
38 45 6810153.861
38 46 7021782.196
38 47 4696676.916
38 48 5262765.097
38 49 4035803.704
38 50 2100439.277
38 51 7971438.853
38 52 4537518.873
38 53 4813081.74
38 54 2480483.455
38 55 2925515.31
38 56 8759096.559
38 57 5190229.202
38 58 6428057.332
38 59 6616821.604
38 60 8304070.568
38 61 3416246.889
38 62 3915544.983
38 63 9324163.302
38 64 2518851.729
38 65 5587292.032
38 66 5352415.56
38 67 2717774.459
38 68 1321765.359
38 69 6080764.596
38 70 3463378.86
38 71 7391387.924
38 72 4162170.88
38 73 2907604.688
38 74 8253332.81
38 75 4374187.169
38 76 8560808.467
38 77 2967980.781
38 78 6504347.668
38 79 2608159.233
38 80 3727767.304
38 81 2691834.779
38 82 7658309.573
38 83 2999345.52
38 84 231499.9911
38 85 4232227.032
38 86 5416577.271
38 87 8734785.935
38 88 9021711.69
38 89 7547446.804
38 90 4512620.068
38 91 2214342.323
38 92 7259095.215
38 93 2594076.077
38 94 9258729.634
38 95 8909298.73
38 96 2547762.561
38 97 8878360.737
38 98 2593542.648
38 99 4199376.805
39 40 6696241.533
39 41 3362808.895
39 42 1928918.632
39 43 3246532.364
39 44 1059017.301
39 45 1785036.339
39 46 5619067.641
39 47 5030588.25
39 48 1549555.157
39 49 5905900.058
39 50 7747765.944
39 51 11162335.02
39 52 7673216.543
39 53 5456472.49
39 54 3201566.158
39 55 6967523.548
39 56 7233117.441
39 57 8368530.905
39 58 2388391.65
39 59 4651105.571
39 60 6232715.355
39 61 7018305.708
39 62 1842562.546
39 63 8046867.901
39 64 5368226.437
39 65 889995.3609
39 66 9009278.515
39 67 8162052.023
39 68 6783923.557
39 69 3343795.602
39 70 2258613.856
39 71 2744990.314
39 72 8231603.106
39 73 3432817.061
39 74 11570659.55
39 75 6803365.438
39 76 6317736.391
39 77 3165709.416
39 78 4648901.002
39 79 4781768.876
39 80 7991913.202
39 81 2982159.14
39 82 8128865.77
39 83 3882269.388
39 84 5533050.053
39 85 2015743.556
39 86 5933506.796
39 87 6891112.407
39 88 8320331.701
39 89 8578819.28
39 90 2355912.508
39 91 6196886.319
39 92 8242086.147
39 93 4269094.014
39 94 8620599.238
39 95 6963584.151
39 96 3154116.46
39 97 7480738.204
39 98 6438527.187
39 99 8465317.367
40 41 8204573.571
40 42 8186875.558
40 43 3630897.842
40 44 7020721.814
40 45 7867489.61
40 46 7910091.558
40 47 5537818.76
40 48 6321572.713
40 49 4699989.088
40 50 1052102.952
40 51 7992422.641
40 52 4820274.546
40 53 5599207.93
40 54 3522864.791
40 55 3151509.423
40 56 9601526.768
40 57 5391510.146
40 58 7482427.483
40 59 7570442.611
40 60 9213271.461
40 61 3713399.487
40 62 4963668.475
40 63 10122966.28
40 64 3253562.406
40 65 6639597.632
40 66 5390113.031
40 67 1700635.049
40 68 1072308.908
40 69 7100681.301
40 70 4510248.196
40 71 8448879.591
40 72 4171459.948
40 73 3946266.492
40 74 8227674.592
40 75 4867129.527
40 76 9478943.225
40 77 3847997.23
40 78 7453707.358
40 79 3476834.073
40 80 3713550.061
40 81 3726964.248
40 82 8275606.17
40 83 3990149.278
40 84 1253015.428
40 85 5290995.905
40 86 6166964.007
40 87 9610971.717
40 88 9757238.035
40 89 8074352.931
40 90 5564227.694
40 91 2659612.417
40 92 7809659.043
40 93 3554686.843
40 94 9978559.24
40 95 9791205.187
40 96 3549181.342
40 97 9703259.544
40 98 2982075.233
40 99 4123762.907
41 42 1985034.802
41 43 5674798.773
41 44 2303934.75
41 45 1815255.099
41 46 2935912.549
41 47 3869253.009
41 48 2271784.949
41 49 5196916.612
41 50 9192451.3
41 51 9876804.07
41 52 7008699.76
41 53 4220898.654
41 54 4987126.774
41 55 7066627.713
41 56 4144770.363
41 57 7546313.505
41 58 1000163.196
41 59 2026523.105
41 60 3066008.909
41 61 6841308.186
41 62 3758892.192
41 63 4962981.002
41 64 5585019.741
41 65 2558027.285
41 66 8343095.495
41 67 9881228.456
41 68 7843104.408
41 69 1253458.12
41 70 4130561.012
41 71 1080647.872
41 72 7992198.979
41 73 4258439.605
41 74 10316049.96
41 75 6015205.874
41 76 3081976.247
41 77 5751431.786
41 78 2110516.849
41 79 5064960.047
41 80 7933305.862
41 81 4880326.203
41 82 5821948.645
41 83 4286531.571
41 84 6954569.189
41 85 3109199.058
41 86 4351096.207
41 87 3727037.485
41 88 5427331.976
41 89 6480883.171
41 90 2680241.285
41 91 6569671.171
41 92 6185604.037
41 93 4765140.1
41 94 5719026.237
41 95 3758863.728
41 96 5245056.683
41 97 4411769.853
41 98 6626624.161
41 99 8301712.676
42 43 5006076.669
42 44 1174445.438
42 45 358618.2484
42 46 4821140.257
42 47 5114474.687
42 48 1924910.967
42 49 6289053.844
42 50 9231125.485
42 51 11345803.91
42 52 8142322.504
42 53 5525983.698
42 54 4682882.461
42 55 7812812.217
42 56 6129614.433
42 57 8768928.154
42 58 1398047.701
42 59 3850623.719
42 60 5050393.722
42 61 7724818.775
42 62 3243411.631
42 63 6948015.546
42 64 6210734.36
42 65 1565415.864
42 66 9506914.122
42 67 9759987.81
42 68 8082103.497
42 69 2665347.815
42 70 3695940.686
42 71 1001351.751
42 72 8937624.423
42 73 4448285.102
42 74 11776351.14
42 75 7179686.288
42 76 5056737.057
42 77 4978872.31
42 78 3902139.47
42 79 5625076.655
42 80 8784729.36
42 81 4501145.206
42 82 7637959.78
42 83 4718755.444
42 84 6957447.596
42 85 2940845.845
42 86 5830068.566
42 87 5710229.57
42 88 7396494.043
42 89 8232138.107
42 90 2874592.921
42 91 7152991.778
42 92 7916777.284
42 93 5186687.804
42 94 7690632.431
42 95 5736632.067
42 96 4771821.713
42 97 6396260.264
42 98 7311352.642
42 99 9215160.447
43 44 3852241.504
43 45 4746504.831
43 46 6651868.776
43 47 4863459.174
43 48 3433417.885
43 49 4963557.37
43 50 4656963.707
43 51 9891657.502
43 52 6246527.3
43 53 5180975.989
43 54 1090611.169
43 55 4969860.976
43 56 8475255.118
43 57 6973435.369
43 58 4742379.488
43 59 5921590.976
43 60 7727075.829
43 61 5264983.011
43 62 1917356.874
43 63 9193169.322
43 64 3703380.554
43 65 3462018.588
43 66 7381351.568
43 67 4958625.373
43 68 4003640.922
43 69 4927444.115
43 70 1563166.004
43 71 5540548.81
43 72 6324997.492
43 73 2329935.372
43 74 10238062.16
43 75 5679630.125
43 76 7919940.126
43 77 300890.5815
43 78 5847443.594
43 79 3308749.018
43 80 5960740.164
43 81 1004805.519
43 82 8268825.096
43 83 2855447.821
43 84 2655727.603
43 85 2600340.194
43 86 5819170.796
43 87 8296812.836
43 88 9150452.896
43 89 8425408.072
43 90 3139198.664
43 91 4117716.726
43 92 8093465.736
43 93 2861211.677
43 94 9430902.642
43 95 8433478.175
43 96 629352.5664
43 97 8663713.44
43 98 4474170.171
43 99 6460654.99
44 45 894271.2397
44 46 4673118.128
44 47 4416029.696
44 48 897335.9954
44 49 5460075.236
44 50 8067142.737
44 51 10647300.57
44 52 7291413.6
44 53 4842194.007
44 54 3510494.041
44 55 6807983.157
44 56 6225082.452
44 57 7953301.067
44 58 1333506.664
44 59 3690879.94
44 60 5205081.988
44 61 6771352.229
44 62 2069462.123
44 63 7043202.932
44 64 5193865.715
44 65 392685.704
44 66 8651421.234
44 67 8586494.276
44 68 6947372.005
44 69 2383297.705
44 70 2522504.492
44 71 1764489.297
44 72 7991786.17
44 73 3353766.421
44 74 11068191.36
44 75 6363306.806
44 76 5278488.115
44 77 3842748.699
44 78 3703312.183
44 79 4601201.533
44 80 7804680.679
44 81 3326985.304
44 82 7304983.89
44 83 3683198.6
44 84 5797231.627
44 85 1826391.42
44 86 5245835.45
44 87 5866818.577
44 88 7359802.981
44 89 7812976.434
44 90 1889828.856
44 91 6106078.398
44 92 7482623.284
44 93 4132476.755
44 94 7659760.013
44 95 5931878.338
44 96 3598933.544
44 97 6477807.591
44 98 6293439.874
44 99 8253599.858
45 46 4565347.145
45 47 4769392.691
45 48 1579237.259
45 49 5934508.565
45 50 8909140.917
45 51 11005902.03
45 52 7787229.839
45 53 5183117.817
45 54 4375466.832
45 55 7455069.301
45 56 5938803.204
45 57 8416455.43
45 58 1098023.649
45 59 3586019.488
45 60 4871069.552
45 61 7366206.207
45 62 2943432.29
45 63 6759674.773
45 64 5853926.511
45 65 1285280.398
45 66 9151905.892
45 67 9453128.966
45 68 7743802.345
45 69 2363796.89
45 70 3392939.761
45 71 974423.0906
45 72 8579099.487
45 73 4102001.72
45 74 11435466.61
45 75 6826473.229
45 76 4896486.221
45 77 4735060.061
45 78 3629743.99
45 79 5268940.848
45 80 8426241.938
45 81 4200239.309
45 82 7352674.59
45 83 4364111.213
45 84 6633161.807
45 85 2603092.007
45 86 5499808.845
45 87 5534466.544
45 88 7175579.962
45 89 7931808.145
45 90 2518878.495
45 91 6798091.367
45 92 7613366.276
45 93 4833519.302
45 94 7471807.811
45 95 5571855.56
45 96 4484097.463
45 97 6202652.429
45 98 6954311.653
45 99 8856542.838
46 47 2399385.845
46 48 4101447.27
46 49 3587986.664
46 50 8717713.175
46 51 7250260.415
46 52 5032350.63
46 53 2468194.403
46 54 5642889.394
46 55 5727603.008
46 56 1825018.337
46 57 5374938.891
46 58 3481422.62
46 59 986678.6141
46 60 1328177.881
46 61 5305557.213
46 62 5036989.929
46 63 2555972.128
46 64 4711052.046
46 65 4730660.685
46 66 6207750.689
46 67 9588098.872
46 68 7204270.213
46 69 2289896.787
46 70 5192535.766
46 71 4011175.955
46 72 6227625.354
46 73 4466378.39
46 74 7690962.361
46 75 4112480.019
46 76 1616625.262
46 77 6846537.601
46 78 971289.7503
46 79 4434857.129
46 80 6324464.147
46 81 5660003.828
46 82 2899898.301
46 83 4122492.639
46 84 6790318.331
46 85 4280679.14
46 86 2159073.664
46 87 1716567.105
46 88 2703187.451
46 89 3602169.639
46 90 3690570.81
46 91 5570825.927
46 92 3332699.081
46 93 4449026.51
46 94 3003245.534
46 95 1887698.644
46 96 6058427.265
46 97 2014084.847
46 98 5452904.05
46 99 6561174.957
47 48 3559926.248
47 49 1355627.21
47 50 6321602.723
47 51 6244640.997
47 52 3139532.561
47 53 427672.133
47 54 3776776.707
47 55 3420835.118
47 56 4067573.049
47 57 3697809.925
47 58 3770825.005
47 59 2323705.966
47 60 3724533.553
47 61 3078679.753
47 62 3730803.546
47 63 4632979.315
47 64 2313652.787
47 65 4268856.535
47 66 4480161.966
47 67 7202816.647
47 68 4805515.166
47 69 2641006.177
47 70 3685354.616
47 71 4696239.799
47 72 4161125.404
47 73 2533580.052
47 74 6671067.787
47 75 2146265.273
47 76 4006340.134
47 77 5114270.672
47 78 2192356.867
47 79 2088527.939
47 80 4157425.895
47 81 3870002.236
47 82 3416705.184
47 83 2034995.866
47 84 4466073.183
47 85 3125704.304
47 86 978423.6664
47 87 4078197.566
47 88 4401767.946
47 89 3672414.267
47 90 2677756.444
47 91 3180384.589
47 92 3331665.282
47 93 2220818.826
47 94 4662318.624
47 95 4261846.103
47 96 4234718.839
47 97 4181774.813
47 98 3090721.9
47 99 4481416.636
48 49 4567671.751
48 50 7356395.712
48 51 9772015.137
48 52 6395337.949
48 53 3987520.971
48 54 2880230.867
48 55 5926875.623
48 56 5775052.348
48 57 7060069.258
48 58 1310212.136
48 59 3152544.024
48 60 4822664.509
48 61 5878421.877
48 62 1521984.801
48 63 6578188.768
48 64 4315352.014
48 65 711684.6865
48 66 7754711.725
48 67 7935179.43
48 68 6166810.215
48 69 1870615.449
48 70 1936179.761
48 71 2158689.102
48 72 7098354.993
48 73 2523507.813
48 74 10190385.37
48 75 5471373.324
48 76 4942294.272
48 77 3490504.722
48 78 3137693.989
48 79 3724604.253
48 80 6917394.61
48 81 2731562.213
48 82 6581001.138
48 83 2810107.379
48 84 5078492.668
48 85 1032824.594
48 86 4425043.59
48 87 5467395.133
48 88 6804331.458
48 89 7043647.497
48 90 993624.3227
48 91 5242018.794
48 92 6708596.484
48 93 3270374.885
48 94 7104220.037
48 95 5558412.56
48 96 3061158.433
48 97 6013313.406
48 98 5416471.624
48 99 7362738.568
49 50 5341612.961
49 51 5262970.145
49 52 1854460.196
49 53 1129231.369
49 54 3901050.549
49 55 2140001.581
49 56 5056139.105
49 57 2493516.945
49 58 5004079.465
49 59 3661461.583
49 60 4906882.531
49 61 1739502.616
49 62 4330091.462
49 63 5486290.421
49 64 1523760.578
49 65 5247666.665
49 66 3218341.212
49 67 6278607.38
49 68 3817859.102
49 69 3952442.199
49 70 4146479.019
49 71 5968401.412
49 72 2807189.896
49 73 2789305.938
49 74 5666618.101
49 75 903891.681
49 76 5200948.493
49 77 5249474.966
49 78 3529991.969
49 79 1681307.728
49 80 2806622.003
49 81 4061876.506
49 82 3623154.209
49 83 2222670.942
49 84 3819888.573
49 85 3897564.591
49 86 1530332.144
49 87 5161847.626
49 88 5063963.75
49 89 3572083.646
49 90 3595420.49
49 91 2103806.305
49 92 3263183.092
49 93 2103411.55
49 94 5279998.294
49 95 5355857.994
49 96 4353948.692
49 97 5116812.65
49 98 1907236.363
49 99 3126140.318
50 51 7942644.463
50 52 5113125.508
50 53 6330601.899
50 54 4573887.897
50 55 3500050.101
50 56 10350824.01
50 57 5584614.002
50 58 8497421.994
50 59 8450247.295
50 60 10036354.99
50 61 4079410.456
50 62 6013449.558
50 63 10823480.44
50 64 4007969.735
50 65 7687374.614
50 66 5424070.153
50 67 980867.4613
50 68 1527154.292
50 69 8060858.021
50 70 5560393.643
50 71 9472744.154
50 72 4237100.542
50 73 4942822.58
50 74 8127462.369
50 75 5350865.189
50 76 10310780.23
50 77 4860881.378
50 78 8329400.435
50 79 4326855.567
50 80 3788358.44
50 81 4778907.055
50 82 8807555.313
50 83 4935334.983
50 84 2277903.067
50 85 6324206.081
50 86 6855695.769
50 87 10396299.59
50 88 10394487.69
50 89 8520222.056
50 90 6575515.301
50 91 3238324.342
50 92 8282193.911
50 93 4478471.508
50 94 10598236.81
50 95 10581901.32
50 96 4598756.938
50 97 10433495.66
50 98 3484322.087
50 99 4107983.282
51 52 3649748.739
51 53 5825194.904
51 54 8930600.059
51 55 5063501.091
51 56 7541700.916
51 57 2920188.971
51 58 9975142.306
51 59 7919755.89
51 60 8144822.96
51 61 4655991.125
51 62 9575797.631
51 63 7351554.697
51 64 6200490.552
51 65 10469879.6
51 66 2621277.042
51 67 8857223.425
51 68 6933397.038
51 69 8760276.842
51 70 9354071.048
51 71 10833559.2
51 72 3831833.404
51 73 7976876.768
51 74 441342.6917
51 75 4380058.611
51 76 8415564.406
51 77 10191992.51
51 78 7812228.413
51 79 6672735.11
51 80 4285378.756
51 81 9128491.172
51 82 4732045.978
51 83 7428051.365
51 84 7845778.683
51 85 9159348.82
51 86 5544008.228
51 87 7949975.217
51 88 6480158.941
51 89 3918160.557
51 90 8828086.639
51 91 5868923.385
51 92 4063869.913
51 93 7187894.134
51 94 6446917.528
51 95 8126223.608
51 96 9343993.85
51 97 7398618.176
51 98 5485248.756
51 99 3872439.456
52 53 2804258.661
52 54 5281535.22
52 55 1668883.102
52 56 6148839.437
52 57 730172.0806
52 58 6856308.645
52 59 5328257.724
52 60 6271545.598
52 61 1124329.162
52 62 5996019.246
52 63 6373816.637
52 64 2550753.133
52 65 7061224.73
52 66 1364715.882
52 67 6093677.092
52 68 3762446.199
52 69 5777191.742
52 70 5742211.028
52 71 7813640.53
52 72 1261634.238
52 73 4367318.257
52 74 4011930.704
52 75 993702.1302
52 76 6571949.203
52 77 6546380.264
52 78 5199717.552
52 79 3034843.455
52 80 1524684.766
52 81 5481267.887
52 82 3929729.062
52 83 3837140.559
52 84 4375772.859
52 85 5657735.193
52 86 2884586.493
52 87 6375607.431
52 88 5738312.638
52 89 3486023.364
52 90 5411014.135
52 91 2332652.593
52 92 3298820.575
52 93 3556826.605
52 94 5877984.56
52 95 6574396.449
52 96 5694423.516
52 97 6135798.171
52 98 1947094.078
52 99 1588668.388
53 54 4090581.495
53 55 3262877.598
53 56 4020235.888
53 57 3326123.934
53 58 4171728.137
53 59 2554341.708
53 60 3792917.124
53 61 2866177.888
53 62 4128393.883
53 63 4524766.983
53 64 2346082.889
53 65 4696525.416
53 66 4123638.056
53 67 7237266.791
53 68 4804851.05
53 69 3012334.306
53 70 4062093.174
53 71 5080714.218
53 72 3885839.758
53 73 2856773.137
53 74 6253169.493
53 75 1813809.03
53 76 4084315.656
53 77 5440503.658
53 78 2423503.348
53 79 2227068.108
53 80 3921094.518
53 81 4198814.76
53 82 3089061.586
53 83 2328697.658
53 84 4585185.966
53 85 3540541.924
53 86 645539.2658
53 87 4083355.515
53 88 4216554.254
53 89 3290072.728
53 90 3102405.91
53 91 3128564.702
53 92 2950778.723
53 93 2445256.63
53 94 4463284.091
53 95 4273836.903
53 96 4551714.244
53 97 4108403.482
53 98 2988569.689
53 99 4212636.26
54 55 4143061.086
54 56 7467636.238
54 57 6011665.193
54 58 4135055.864
54 59 4969574.314
54 60 6770383.94
54 61 4364333.658
54 62 1443609.634
54 63 8165903.346
54 64 2732863.877
54 65 3124659.758
54 66 6479316.52
54 67 5077922.813
54 68 3594226.651
54 69 4089897.972
54 70 989471.0022
54 71 5038652.562
54 72 5491229.772
54 73 1244304.177
54 74 9291573.25
54 75 4650968.491
54 76 6979620.966
54 77 1359085.909
54 78 4885243.086
54 79 2278284.316
54 80 5165150.679
54 81 234512.7162
54 82 7178814.951
54 83 1765006.287
54 84 2332934.108
54 85 1891946.859
54 86 4729400.261
54 87 7316048.288
54 88 8090889.807
54 89 7337439.43
54 90 2326661.714
54 91 3300127.408
54 92 7004793.271
54 93 1799936.808
54 94 8368135.13
54 95 7461371.23
54 96 462099.533
54 97 7646037.978
54 98 3622883.659
54 99 5662825.154
55 56 7156007.567
55 57 2273476.441
55 58 6681567.322
55 59 5742313.884
55 60 7046750.63
55 61 579593.0823
55 62 5159650.813
55 63 7524622.03
55 64 1615044.466
55 65 6511303.192
55 66 2461486.511
55 67 4478848.409
55 68 2097437.496
55 69 5816648.837
55 70 4816730.115
55 71 7689181.842
55 72 1355780.849
55 73 3534741.056
55 74 5365450.489
55 75 1885752.14
55 76 7340948.971
55 77 5269093.284
55 78 5611258.516
55 79 2208575.815
55 80 1031776.831
55 81 4367550.138
55 82 5335705.074
55 83 3127370.492
55 84 2787033.509
55 85 5020321.692
55 86 3641134.698
55 87 7287985.331
55 88 7007064.048
55 89 5020505.69
55 90 4944105.493
55 91 852432.2231
55 92 4786913.322
55 93 2702391.679
55 94 7188530.668
55 95 7483506.284
55 96 4493219.383
55 97 7196437.215
55 98 531317.0517
55 99 1523273.922
56 57 6310054.169
56 58 4931688.678
56 59 2641680.657
56 60 1093213.676
56 61 6666230.574
56 62 6827689.879
56 63 821525.1581
56 64 6357512.476
56 65 6346277.502
56 66 7116047.13
56 67 11254015.36
56 68 8824833.563
56 69 3906344.296
56 70 7003737.641
56 71 5192473.197
56 72 7404868.539
56 73 6284848.018
56 74 7964430.254
56 75 5363946.634
56 76 1185893.857
56 77 8666743.34
56 78 2683153.796
56 79 6152613.245
56 80 7588037.235
56 81 7484701.87
56 82 2809677.588
56 83 5920710.211
56 84 8527942.075
56 85 6066393.392
56 86 3526480.671
56 87 500603.0485
56 88 1424909.75
56 89 3624252.999
56 90 5474900.059
56 91 7137763.282
56 92 3495871.752
56 93 6219958.772
56 94 1676009.832
56 95 618852.1506
56 96 7883293.412
56 97 271369.2896
56 98 6963352.754
56 99 7735586.721
57 58 7456690.576
57 59 5776163.141
57 60 6551454.681
57 61 1784712.18
57 62 6711614.863
57 63 6443555.563
57 64 3280459.325
57 65 7735754.646
57 66 832811.9509
57 67 6558209.384
57 68 4321294.401
57 69 6335051.199
57 70 6465324.021
57 71 8393811.152
57 72 1418289.475
57 73 5089035.846
57 74 3282141.439
57 75 1592149.592
57 76 6849833.294
57 77 7273523.703
57 78 5651244.507
57 79 3762988.037
57 80 1822736.733
57 81 6211398.22
57 82 3860968.858
57 83 4553252.223
57 84 5039778.411
57 85 6353046.389
57 86 3288065.407
57 87 6584958.031
57 88 5737222.836
57 89 3291368.573
57 90 6083257.62
57 91 3010172.554
57 92 3169473.62
57 93 4283505.554
57 94 5842392.661
57 95 6782201.136
57 96 6423809.277
57 97 6265945.104
57 98 2622233.954
57 99 1674094.199
58 59 2497577.591
58 60 3891439.376
58 61 6532124.534
58 62 2827358.532
58 63 5752697.497
58 64 5120748.246
58 65 1560949.025
58 66 8216620.101
58 67 9131595.904
58 68 7219637.048
58 69 1268556.361
58 70 3226495.726
58 71 1012985.787
58 72 7726689.719
58 73 3564408.24
58 74 10408058.08
58 75 5877743.803
58 76 3952784.616
58 77 4800166.06
58 78 2536239.073
58 79 4559249.174
58 80 7612684.756
58 81 4005468.926
58 82 6254652.808
58 83 3702019.187
58 84 6229864.259
58 85 2243761.533
58 86 4444568.369
58 87 4555421.856
58 88 6121897.854
58 89 6837221.772
58 90 1922598.1
58 91 6094673.317
58 92 6520440.924
58 93 4185862.65
58 94 6420076.2
58 95 4612552.456
58 96 4351541.096
58 97 5189812.55
58 98 6204783.927
58 99 8018881.865
59 60 1805602.425
59 61 5397312.418
59 62 4202042.006
59 63 3432162.077
59 64 4505659.655
59 65 3761276.903
59 66 6599519.774
59 67 9268564.677
59 68 6973086.216
59 69 1310238.801
59 70 4407517.037
59 71 3080787.561
59 72 6439982.143
59 73 3873378.714
59 74 8360761.212
59 75 4351445.003
59 76 2010699.268
59 77 6091864.279
59 78 131516.5068
59 79 4123767.208
59 80 6467527.664
59 81 4955418.88
59 82 3807596.061
59 83 3629019.698
59 84 6387995.76
59 85 3439164.504
59 86 2491565.733
59 87 2391469.519
59 88 3671895.948
59 89 4454519.298
59 90 2849395.25
59 91 5441637.767
59 92 4159494.678
59 93 4024680.314
59 94 3972127.314
59 95 2516888.368
59 96 5355697.51
59 97 2869860.62
59 98 5391779.912
59 99 6766976.991
60 61 6612196.626
60 62 5986455.289
60 63 1901454.154
60 64 6032651.872
60 65 5353537.268
60 66 7380230.045
60 67 10897794.54
60 68 8526510.777
60 69 2958418.003
60 70 6208032.508
60 71 4103990.961
60 72 7492551.971
60 73 5649387.084
60 74 8579145.474
60 75 5386093.544
60 76 300433.3785
60 77 7895410.375
60 78 1885182.68
60 79 5736587.495
60 80 7612939.956
60 81 6760070.388
60 82 3490806.134
60 83 5358375.04
60 84 8073038.547
60 85 5224569.189
60 86 3441076.035
60 87 664650.2045
60 88 2473391.033
60 89 4289537.853
60 90 4638990.959
60 91 6898810.328
60 92 4092037.439
60 93 5716042.345
60 94 2744378.564
60 95 735754.9437
60 96 7160431.104
60 97 1364356.356
60 98 6779847.912
60 99 7826668.411
61 62 5252528.469
61 63 7005125.487
61 64 1673850.294
61 65 6498193.189
61 66 2118729.31
61 67 5058387.45
61 68 2668602.482
61 69 5587915.287
61 70 4945342.064
61 71 7528413.385
61 72 1220864.277
61 73 3606591.931
61 74 4984101.536
61 75 1336035
61 76 6909308.435
61 77 5565857.58
61 78 5265795.963
61 79 2242293.264
61 80 1092100.151
61 81 4578767.379
61 82 4768294.002
61 83 3137120.995
61 84 3259169.27
61 85 5029556.112
61 86 3178965.901
61 87 6820655.772
61 88 6463890.384
61 89 4441685.77
61 90 4885622.087
61 91 1225650.689
61 92 4210566.72
61 93 2766101.218
61 94 6638529.063
61 95 7017687.341
61 96 4747893.705
61 97 6694985.293
61 98 837776.4822
61 99 1490658.865
62 63 7590606.285
62 64 3583191.285
62 65 1681811.211
62 66 7298594.996
62 67 6517090.546
62 68 4965417.734
62 69 3086314.648
62 70 454139.0419
62 71 3660389.303
62 72 6452128.576
62 73 1646653.477
62 74 9967897.998
62 75 5196540.272
62 76 6152284.949
62 77 1999095.197
62 78 4147981.347
62 79 3011723.366
62 80 6189386.203
62 81 1257838.624
62 82 7087824.36
62 83 2158910.337
62 84 3756698.71
62 85 762899.3525
62 86 4702807.745
62 87 6592727.127
62 88 7669291.887
62 89 7401745.269
62 90 1353397.483
62 91 4370559.222
62 92 7060752.926
62 93 2486428.28
62 94 7962233.107
62 95 6711832.02
62 96 1551591.429
62 97 7039844.713
62 98 4628609.4
62 99 6670952.525
63 64 6869414.207
63 65 7158927.792
63 66 7218552.977
63 67 11748057.86
63 68 9296995.686
63 69 4713121.039
63 70 7747698.771
63 71 6005440.65
63 72 7635177.493
63 73 6961266.766
63 74 7758789.463
63 75 5676080.67
63 76 1949522.056
63 77 9394619.188
63 78 3463620.603
63 79 6718343.742
63 80 7860479.885
63 81 8195570.775
63 82 2692331.59
63 83 6565060.154
63 84 9094367.847
63 85 6832238.932
63 86 3968351.821
63 87 1257528.643
63 88 893605.2235
63 89 3470363.099
63 90 6241145.812
63 91 7588886.369
63 92 3418347.502
63 93 6831699.731
63 94 1041088.346
63 95 1288742.483
63 96 8591664.645
63 97 566134.9056
63 98 7382073.218
63 99 7959269.18
64 65 4896346.639
64 66 3763374.838
64 67 4896838.108
64 68 2493869.735
64 69 4354787.782
64 70 3271523.372
64 71 6133071.428
64 72 2869394.971
64 73 1940773.817
64 74 6558885.221
64 75 2024860.59
64 76 6310291.624
64 77 4002065.312
64 78 4379695.284
64 79 593569.0445
64 80 2627044.782
64 81 2936931.589
64 82 5145648.702
64 83 1512326.19
64 84 2299736.16
64 85 3406686.586
64 86 2919374.36
64 87 6389499.354
64 88 6520920.106
64 89 5078922.062
64 90 3337386.847
64 91 984659.9114
64 92 4777380.517
64 93 1100167.486
64 94 6751384.225
64 95 6574406.934
64 96 3143848.572
64 97 6452914.142
64 98 1101382.315
64 99 3097094.137
65 66 8415548.752
65 67 8198484.781
65 68 6585827.993
65 69 2453814.2
65 70 2135617.32
65 71 2123278.43
65 72 7718961.215
65 73 3023277.441
65 74 10886242.61
65 75 6151397.117
65 76 5446444.171
65 77 3457469.354
65 78 3760053.927
65 79 4302778.039
65 80 7517127.299
65 81 2938266.946
65 82 7275036.637
65 83 3384162.237
65 84 5420788.411
65 85 1498016.904
65 86 5136619.697
65 87 6009823.593
65 88 7431129.888
65 89 7749345.021
65 90 1652583.707
65 91 5791027.269
65 92 7415105.395
65 93 3820576.552
65 94 7731407.442
65 95 6086189.932
65 96 3206769.967
65 97 6592797.391
65 98 5991898.266
65 99 7973366.622
66 67 6372342.926
66 68 4324314.419
66 69 7121168.095
66 70 7019601.802
66 71 9168053.682
66 72 1218689.839
66 73 5656351.277
66 74 2905760.44
66 75 2340520.684
66 76 7678172.611
66 77 7682139.512
66 78 6473768.157
66 79 4298824.458
66 80 1676690.907
66 81 6691136.363
66 82 4591464.848
66 83 5146331.55
66 84 5231245.671
66 85 6996439.845
66 86 4115166.958
66 87 7402172.413
66 88 6484640.939
66 89 3958369.124
66 90 6767816.775
66 91 3290843.782
66 92 3879306.731
66 93 4826809.005
66 94 6572021.188
66 95 7598790.495
66 96 6866438.702
66 97 7062912.413
66 98 2916688.952
66 99 1318320.262
67 68 2464439.108
67 69 8793487.487
67 70 6064083.931
67 71 10081291.19
67 72 5198194.88
67 73 5625344.183
67 74 9024073.57
67 75 6321527.361
67 76 11166471.69
67 77 5116472.884
67 78 9151120.04
67 79 5163361.604
67 80 4753761.624
67 81 5260319.788
67 82 9775358.702
67 83 5689426.414
67 84 2931405.503
67 85 6913343.373
67 86 7780434.137
67 87 11280865.07
67 88 11340065.73
67 89 9497980.013
67 90 7223321.17
67 91 4181971.656
67 92 9257448.203
67 93 5255280.13
67 94 11548818.89
67 95 11463538.4
67 96 5019811.235
67 97 11345505.59
67 98 4445730.14
67 99 5054075.851
68 69 6669692.763
68 70 4529358.483
68 71 8217875.978
68 72 3105887.549
68 73 3664111.043
68 74 7178155.311
68 75 3877522.305
68 76 8803957.553
68 77 4266164.291
68 78 6849784.179
68 79 2857720.227
68 80 2649270.762
68 81 3822972.976
68 82 7321059.312
68 83 3556583.292
68 84 1348340.721
68 85 5141449.489
68 86 5328921.022
68 87 8875471.668
68 88 8876517.877
68 89 7074918.288
68 90 5306103.656
68 91 1717764.849
68 92 6822294.977
68 93 3079883.152
68 94 9084417.898
68 95 9062114.069
68 96 3754023.744
68 97 8906453.106
68 98 1990310.861
68 99 3073874.74
69 70 3368108.93
69 71 2076957.724
69 72 6741814.179
69 73 3185374.915
69 74 9196189.352
69 75 4785348.548
69 76 3093629.923
69 77 5058287.428
69 78 1320192.484
69 79 3852806.198
69 80 6679886.208
69 81 4026883.721
69 82 4993922.593
69 83 3126409.753
69 84 5862883.805
69 85 2340494.858
69 86 3216679.088
69 87 3598342.064
69 88 4982119.2
69 89 5568777.525
69 90 1789293.21
69 91 5338311.051
69 92 5251922.445
69 93 3593006.569
69 94 5282341.26
69 95 3693787.164
69 96 4417315.964
69 97 4147448.881
69 98 5382692.513
69 99 7050017.042
70 71 4089269.92
70 72 6129827.213
70 73 1377464.593
70 74 9737583.175
70 75 4986894.258
70 76 6389403.277
70 77 1693966.542
70 78 4342275.956
70 79 2720804.378
70 80 5848471.107
70 81 807615.7823
70 82 7085437.895
70 83 1930562.915
70 84 3307023.062
70 85 1037455.596
70 86 4663760.365
70 87 6796001.559
70 88 7776022.066
70 89 7351579.007
70 90 1584403.139
70 91 4008982.488
70 92 7011728.063
70 93 2192961.15
70 94 8064795.672
70 95 6924404.843
70 96 1125808.291
70 97 7205369.788
70 98 4285668.037
70 99 6336017.629
71 72 8715892.358
71 73 4556093.003
71 74 11270249.82
71 75 6827642.905
71 76 4090810.377
71 77 5560849.099
71 78 3154027.881
71 79 5572234.936
71 80 8612332.89
71 81 4889091.978
71 82 6886974.95
71 83 4712410.458
71 84 7198753.388
71 85 3168308.839
71 86 5289710.699
71 87 4757228.559
71 88 6498289.676
71 89 7529494.596
71 90 2912224.422
71 91 7107578.409
71 92 7227614.627
71 93 5195849.87
71 94 6788124.592
71 95 4772677.496
71 96 5210351.564
71 97 5461719.998
71 98 7215377.696
71 99 9012044.263
72 73 4809918.453
72 74 4094997.824
72 75 2115813.281
72 76 7792838.181
72 77 6623970.184
72 78 6309257.314
72 79 3450389.051
72 80 458651.827
72 81 5713477.891
72 82 5161851.142
72 83 4353493.459
72 84 4053383.754
72 85 6248324.155
72 86 4068597.983
72 87 7621174.394
72 88 6991650.472
72 89 4660994.922
72 90 6105242.232
72 91 2208180.698
72 92 4504826.82
72 93 3968875.875
72 94 7124189.483
72 95 7819995.841
72 96 5847580.71
72 97 7395588.034
72 98 1868370.579
72 99 334116.4813
73 74 8360135.485
73 75 3613754.364
73 76 5876908.159
73 77 2584301.744
73 78 3776413.696
73 79 1365097.731
73 80 4559629.9
73 81 1342082.44
73 82 5941336.657
73 83 568055.2878
73 84 2696328.714
73 85 1528143.204
73 86 3491531.52
73 87 6163664.112
73 88 6857817.606
73 89 6124597.302
73 90 1644076.883
73 91 2777272.561
73 92 5789105.768
73 93 841153.426
73 94 7132613.414
73 95 6318218.14
73 96 1701145.914
73 97 6452138.223
73 98 3006123.419
73 99 5035630.187
74 75 4777126.802
74 76 8848620.66
74 77 10538778.6
74 78 8253053.091
74 79 7044280.504
74 80 4541064.933
74 81 9492827.263
74 82 5155129.875
74 83 7815510.096
74 84 8135898.196
74 85 9564182.67
74 86 5980539.371
74 87 8376999.804
74 88 6882768.066
74 89 4340191.509
74 90 9241759.625
74 91 6185281.953
74 92 4494194.544
74 93 7563003.869
74 94 6841037.385
74 95 8551960.374
74 96 9699087.18
74 97 7817371.008
74 98 5805143.709
74 99 4105003.937
75 76 5685958.614
75 77 5973493.025
75 78 4221943.879
75 79 2374576.756
75 80 2233707.641
75 81 4830015.974
75 82 3458264.476
75 83 3056557.464
75 84 4179645.888
75 85 4791590.12
75 86 1953468.083
75 87 5545494.914
75 88 5128011.895
75 89 3207349.311
75 90 4499026.219
75 91 2212404.842
75 92 2945813.506
75 93 2860747.794
75 94 5304662.133
75 95 5743830.935
75 96 5090355.06
75 97 5380561.735
75 98 1889966.417
75 99 2449001.626
76 77 8080838.393
76 78 2101297.187
76 79 6003479.546
76 80 7912189.659
76 81 6961837.733
76 82 3739897.457
76 83 5602206.387
76 84 8330092.583
76 85 5392865.014
76 86 3739976.519
76 87 696000.6615
76 88 2605399.806
76 89 4544657.082
76 90 4812128.765
76 91 7183801.115
76 92 4356952.26
76 93 5969438.461
76 94 2861725.786
76 95 682085.742
76 96 7361788.737
76 97 1452586.794
76 98 7069475.745
76 99 8126954.18
77 78 6022264.005
77 79 3600867.885
77 80 6257924.778
77 81 1244283.644
77 82 8525520.673
77 83 3121037.274
77 84 2918047.439
77 85 2718979.676
77 86 6075783.525
77 87 8475282.171
77 88 9372458.954
77 89 8695739.347
77 90 3278192.239
77 91 4417113.307
77 92 8362593.163
77 93 3146122.553
77 94 9655148.347
77 95 8607726.023
77 96 898501.5542
77 97 8860316.234
77 98 4774416.845
77 99 6757715.527
78 79 4002585.87
78 80 6336106.545
78 81 4875984.82
78 82 3742560.987
78 83 3520749.344
78 84 6275165.051
78 85 3385673.11
78 86 2368658.083
78 87 2453835.64
78 88 3671606.369
78 89 4375870.03
78 90 2794585.54
78 91 5313535.801
78 92 4076764.974
78 93 3911111.252
78 94 3971847.544
78 95 2586185.761
78 96 5276394.455
78 97 2904430.178
78 98 5261870.432
78 99 6636107.412
79 80 3218887.349
79 81 2463800.69
79 82 5209315.513
79 83 918833.8533
79 84 2377553.962
79 85 2813624.046
79 86 2852718.727
79 87 6140744.123
79 88 6443340.769
79 89 5234603.877
79 90 2750564.29
79 91 1537166.204
79 92 4916755.27
79 93 528103.4657
79 94 6690061.064
79 95 6318815.137
79 96 2715783.118
79 97 6270212.157
79 98 1692398.913
79 99 3685478.007
80 81 5391469.157
80 82 5454127.253
80 83 4134857.244
80 84 3627410.768
80 85 6032098.863
80 86 4172555.551
80 87 7778709.127
80 88 7250340.695
80 89 4996759.486
80 90 5928455.332
80 91 1865090.22
80 92 4820322.759
80 93 3723305.899
80 94 7396708.907
80 95 7977134.484
80 96 5504155.806
80 97 7593858.419
80 98 1562835.217
80 99 500132.0197
81 82 7282055.876
81 83 1888552.341
81 84 2551061.281
81 85 1772232.578
81 86 4832558.857
81 87 7318076.913
81 88 8145787.625
81 89 7462989.349
81 90 2246098.698
81 91 3526862.516
81 92 7128398.346
81 93 1970568.034
81 94 8426107.098
81 95 7459019.969
81 96 400416.1194
81 97 7669332.111
81 98 3845533.326
81 99 5888550.861
82 83 5417751.902
82 84 7443021.42
82 85 6415444.028
82 86 2449849.848
82 87 3226944.428
82 88 1899261.838
82 89 815346.9161
82 90 5885931.602
82 91 5621148.75
82 92 728092.7251
82 93 5506879.032
82 94 1982546.608
82 95 3398568.841
82 96 7639475.016
82 97 2672079.967
82 98 5331479.254
82 99 5468565.524
83 84 2773583.395
83 85 1897766.459
83 86 2970516.927
83 87 5836003.627
83 88 6411418.6
83 89 5575595.942
83 90 1846296.927
83 91 2434290.146
83 92 5241835.074
83 93 484240.4522
83 94 6679644.31
83 95 5999710.949
83 96 2227005.704
83 97 6072755.21
83 98 2610359.395
83 99 4596922.233
84 85 4046355.469
84 86 5190761.167
84 87 8503287.205
84 88 8795510.672
84 89 7342575.188
84 90 4311227.714
84 91 2044774.432
84 92 7051626.214
84 93 2364383.562
84 94 9033577.668
84 95 8677822.223
84 96 2435707.732
84 97 8647650.805
84 98 2428733.864
84 99 4107302.212
85 86 4078051.502
85 87 5829837.669
85 88 6926813.082
85 89 6771967.474
85 90 591524.1373
85 91 4293129.006
85 92 6431168.384
85 93 2324051.424
85 94 7221253.685
85 95 5949287.703
85 96 2136908.686
85 97 6280071.174
85 98 4498385.333
85 99 6494527.469
86 87 3647280.031
86 88 3605352.361
86 89 2699246.815
86 90 3599582.318
86 91 3624426.7
86 92 2358188.876
86 93 3089324.482
86 94 3843524.672
86 95 3843251.549
86 96 5189819.323
86 97 3587289.611
86 98 3437414.396
86 99 4402109.435
87 88 1925359.414
87 89 4041704.443
87 90 5240628.649
87 91 7211820.363
87 92 3889060.122
87 93 6165496.889
87 94 2173082.665
87 95 198828.5289
87 96 7718270.723
87 97 760354.0714
87 98 7061906.434
87 99 7954112.913
88 89 2635632.305
88 90 6344145.997
88 91 7158838.819
88 92 2624868.482
88 93 6622298.062
88 94 300280.9249
88 95 2022156.224
88 96 8533381.055
88 97 1172052.34
88 98 6918259.486
88 99 7307942.383
89 90 6276070.277
89 91 5418823.421
89 92 341075.6161
89 93 5594498.821
89 94 2667318.278
89 95 4213867.196
89 96 7799358.671
89 97 3481754.52
89 98 5094580.196
89 99 4948633.934
90 91 4279490.158
90 92 5936412.805
90 93 2319912.625
90 94 6639459.901
90 95 5361796.273
90 96 2632039.795
90 97 5688645.975
90 98 4438571.79
90 99 6371046.723
91 92 5150721.845
91 93 1973672.788
91 94 7366896.259
91 95 7401869.892
91 96 3642895.858
91 97 7209731.931
91 98 387939.141
91 99 2363364.346
92 93 5268335.127
92 94 2694556.474
92 95 4068254.276
92 96 7466820.301
92 97 3375117.226
92 98 4835773.233
92 99 4802857.56
93 94 6881046.293
93 95 6335457.174
93 96 2250719.872
93 97 6357572.041
93 98 2176841.937
93 99 4196596.203
94 95 2254567.956
94 96 8812371.394
94 97 1413041.196
94 98 7117017.674
94 99 7436222.086
95 96 7859391.951
95 97 850621.9562
95 98 7254617.161
95 99 8152939.066
96 97 8066813.144
96 98 3982340.533
96 99 6003824.612
97 98 7022561.232
97 99 7724389.691
98 99 2052111.026
