4950
0 1 3986582.937
0 2 4111307.058
0 3 3174603.133
0 4 2638923.089
0 5 9024656.959
0 6 9759656.897
0 7 4549279.81
0 8 3808887.627
0 9 1994531.07
0 10 6411690.497
0 11 8460081.308
0 12 935119.1358
0 13 8859286.308
0 14 1970458.22
0 15 2109846.212
0 16 4242739.189
0 17 12292698.07
0 18 6073957.651
0 19 3438001.475
0 20 8417493.773
0 21 6566135.463
0 22 7909337.823
0 23 8710817.596
0 24 5960404.478
0 25 3854770.709
0 26 2940896.053
0 27 9612320.663
0 28 1489001.073
0 29 7515698.642
0 30 9573434.608
0 31 914871.034
0 32 5784581.111
0 33 7827292.129
0 34 7785797.685
0 35 5897760.721
0 36 7159671.576
0 37 8909158.97
0 38 4259204.329
0 39 791790.1977
0 40 3701638.887
0 41 11520838.4
0 42 9190184.818
0 43 5696518.292
0 44 6711298.987
0 45 9211491.661
0 46 4522857.197
0 47 8972019.761
0 48 4970787.737
0 49 8856313.112
0 50 8907459.306
0 51 3398453.098
0 52 8697493.013
0 53 5060664.857
0 54 8473663.415
0 55 4454373.318
0 56 6582362.491
0 57 4986138.31
0 58 858745.8968
0 59 2991067.168
0 60 8697338.836
0 61 10054256.64
0 62 7296556.837
0 63 3481460.106
0 64 4426686.568
0 65 8149881.174
0 66 6387234.983
0 67 371450.4782
0 68 4942466.778
0 69 1477090.985
0 70 8467051.071
0 71 5016328.114
0 72 6807574.934
0 73 7167264.615
0 74 4576320.385
0 75 9672149.228
0 76 10061427.45
0 77 9478369.071
0 78 2829931.745
0 79 8442469.314
0 80 976340.8779
0 81 4037876.658
0 82 8828830.759
0 83 8716871.616
0 84 4924681.636
0 85 9398674.464
0 86 3077507.559
0 87 8737955.665
0 88 3965657.172
0 89 8908574.266
0 90 10264526.47
0 91 4496617.135
0 92 4216713.099
0 93 6022649.475
0 94 5646831.035
0 95 7570701.511
0 96 3520177.358
0 97 10057341.95
0 98 1597953.556
0 99 767581.6167
1 2 4112271.024
1 3 2901872.852
1 4 1647429.626
1 5 7573510.077
1 6 8993823.783
1 7 4525231.937
1 8 2778869.322
1 9 2187323.487
1 10 2437355.126
1 11 5121726.306
1 12 3546874.088
1 13 5071162.488
1 14 3143370.993
1 15 2489855.267
1 16 1764732.453
1 17 10550179.05
1 18 5032103.307
1 19 574829.6537
1 20 4448090.45
1 21 7893524.946
1 22 9092290.915
1 23 5810375.078
1 24 4794526.264
1 25 239033.4268
1 26 5364478.359
1 27 7609207.838
1 28 2668790.346
1 29 6680783.886
1 30 8943121.647
1 31 3102425.576
1 32 7371442.017
1 33 9437236.641
1 34 8703038.13
1 35 6712101.959
1 36 7185889.608
1 37 8797754.517
1 38 6617079.558
1 39 4002261.502
1 40 6343194.192
1 41 9449126.684
1 42 7348891.466
1 43 5932369.986
1 44 7362540.439
1 45 6672962.412
1 46 5398155.217
1 47 7710087.723
1 48 2944934.486
1 49 7753601.923
1 50 7037850.289
1 51 601145.0626
1 52 8755807.516
1 53 6409032.963
1 54 7340143.819
1 55 979962.183
1 56 3559179.206
1 57 3662365.194
1 58 3179393.589
1 59 1157941.409
1 60 7925174.113
1 61 8021200.402
1 62 4818342.777
1 63 982139.8382
1 64 480214.8244
1 65 6716863.058
1 66 2401937.805
1 67 4163217.503
1 68 1735023.887
1 69 4338346.239
1 70 5105946.095
1 71 3935375.502
1 72 4558805.12
1 73 8194591.083
1 74 2782836.883
1 75 6698129.082
1 76 7323833.989
1 77 8569292.336
1 78 3781585.604
1 79 4687737.146
1 80 4080880.723
1 81 5591162.017
1 82 5053752.715
1 83 9109094.396
1 84 6470732.499
1 85 5453500.391
1 86 3638714.272
1 87 4759973.428
1 88 5944582.585
1 89 7929401.642
1 90 8451982.9
1 91 3863970.218
1 92 2260231.908
1 93 5841514.259
1 94 5472203.429
1 95 5916730.392
1 96 4890833.929
1 97 8004059.546
1 98 3035052.915
1 99 3269433.208
2 3 1325299.095
2 4 2883555.279
2 5 4939406.525
2 6 5688502.343
2 7 480396.4866
2 8 1362386.746
2 9 2967280.449
2 10 5501729.464
2 11 5687883.052
2 12 4609787.736
2 13 6791044.195
2 14 5181641.707
2 15 2464022.995
2 16 2619358.089
2 17 8211282.865
2 18 2021675.897
2 19 3727158.251
2 20 7086136.649
2 21 3812151.985
2 22 4980696.742
2 23 5416559.577
2 24 1966733.409
2 25 4222814.867
2 26 2619878.097
2 27 5658935.673
2 28 3093941.741
2 29 3407114.352
2 30 5528681.456
2 31 3959783.439
2 32 3389992.416
2 33 5371376.075
2 34 4597940.254
2 35 2599936.172
2 36 3294095.415
2 37 5032585.515
2 38 3251554.425
2 39 3406170.07
2 40 3330016.569
2 41 7531409.972
2 42 5196226.007
2 43 1887626.949
2 44 3270056.903
2 45 5569839.19
2 46 1371734.91
2 47 4865849.897
2 48 2115076.126
2 49 4745006.145
2 50 4936190.196
2 51 3753998.284
2 52 4900349.781
2 53 2429390.15
2 54 4363699.122
2 55 3585151.844
2 56 3886479.968
2 57 1437082.706
2 58 3535555.261
2 59 4216285.984
2 60 4610130.404
2 61 6094544.032
2 62 3868940.847
2 63 3143334.537
2 64 4509340.113
2 65 4082799.514
2 66 5741738.714
2 67 3910420.93
2 68 3353189.857
2 69 2975720.84
2 70 5723736.246
2 71 1242344.567
2 72 3304657.879
2 73 4082320.219
2 74 1854518.665
2 75 6336783.794
2 76 6493707.213
2 77 5382037.068
2 78 1301212.949
2 79 6362243.971
2 80 3277124.306
2 81 1925779.567
2 82 6734065.013
2 83 5124175.345
2 84 2574889.647
2 85 7785633.503
2 86 1034525.029
2 87 7445375.505
2 88 2482353.919
2 89 4801308.758
2 90 6228283.835
2 91 665131.2507
2 92 2100684.057
2 93 2003410.068
2 94 1607292.283
2 95 3600808.16
2 96 1449821.26
2 97 6105215.694
2 98 4770698.554
2 99 4046994.312
3 4 1559218.967
3 5 5926109.171
3 6 6890946.211
3 7 1797383.054
3 8 688510.1683
3 9 1685412.769
3 10 4645333.588
3 11 5622026.821
3 12 3490099.312
3 13 6414007.891
3 14 3937017.704
3 15 1222617.901
3 16 1741025.883
3 17 9173784.593
3 18 2986380.993
3 19 2459629.078
3 20 6431584.67
3 21 5003320.637
3 22 6233761.618
3 23 5657956.562
3 24 2838136.807
3 25 2980994.135
3 26 2798574.592
3 27 6443329.306
3 28 1910057.053
3 29 4557040.573
3 30 6757584.95
3 31 2817884.541
3 32 4469985.275
3 33 6539281.703
3 34 5886735.84
3 35 3868689.661
3 36 4609571.938
3 37 6335315.03
3 38 3864914.359
3 39 2610921.953
3 40 3722770.926
3 41 8355162.209
3 42 6031607.011
3 43 3212692.765
3 44 4576397.62
3 45 6063786.765
3 46 2505749.547
3 47 5918289.152
3 48 1919453.193
3 49 5846156.226
3 50 5743923.338
3 51 2479857.252
3 52 6216512.98
3 53 3507171.167
3 54 5444867.667
3 55 2564543.349
3 56 3714381.547
3 57 1811798.522
3 58 2453207.978
3 59 2895745.96
3 60 5800281.064
3 61 6885391.537
3 62 4179276.752
3 63 1919860.047
3 64 3336547.423
3 65 5038563.816
3 66 4818184.671
3 67 3067275.376
3 68 2574496.661
3 69 2434700.47
3 70 5643130.984
3 71 1864339.703
3 72 3664312.493
3 73 5347420.988
3 74 1523351.15
3 75 6617009.798
3 76 6936625.475
3 77 6548191.842
3 78 1033782.568
3 79 5978318.071
3 80 2541552.727
3 81 2720190.209
3 82 6366958.091
3 83 6449377.953
3 84 3574003.125
3 85 7251270.591
3 86 783432.6307
3 87 6787591.884
3 88 3136900.511
3 89 5940172.861
3 90 7118512.133
3 91 1415601.481
3 92 1382951.763
3 93 3294378.812
3 94 2897543.259
3 95 4413946.166
3 96 2037286.141
3 97 6887316.596
3 98 3545346.217
3 99 2932880.71
4 5 7185277.149
4 6 8326277.911
4 7 3351597.195
4 8 1798932.916
4 9 647717.5084
4 10 3904305.009
4 11 5858363.72
4 12 2522946.93
4 13 6226304.737
4 14 2628847.105
4 15 842482.2365
4 16 1665782.603
4 17 10361005.5
4 18 4338446.143
4 19 1090105.202
4 20 5875298.864
4 21 6494172.559
4 22 7756168.331
4 23 6226934.133
4 24 4145846.121
4 25 1634203.927
4 26 3726274.55
4 27 7508747.553
4 28 1165314.835
4 29 5975461.519
4 30 8217662.045
4 31 1901233.021
4 32 5900170.63
4 33 8003305.364
4 34 7431058.231
4 35 5408522.902
4 36 6154854.523
4 37 7865314.106
4 38 5006165.766
4 39 2463538.833
4 40 4705633.521
4 41 9416857.177
4 42 7155132.031
4 43 4771175.05
4 44 6130797.665
4 45 6866533.056
4 46 4011516.296
4 47 7233970.825
4 48 2635768.386
4 49 7204329.523
4 50 6851588.097
4 51 1084845.042
4 52 7760561.482
4 53 4958295.722
4 54 6793154.372
4 55 1840606.509
4 56 4019314.543
4 57 2996312.04
4 58 1780345.156
4 59 1340824.582
4 60 7233826.769
4 61 7945248.247
4 62 4926672.953
4 63 866382.3878
4 64 2127247.435
4 65 6294410.073
4 66 3955245.439
4 67 2723557.238
4 68 2306906.553
4 69 2714838.596
4 70 5861119.125
4 71 3168666.752
4 72 4509408.169
4 73 6879740.924
4 74 2293034.479
4 75 7178225.143
4 76 7653942.605
4 77 7953901.519
4 78 2232037.35
4 79 5806858.162
4 80 2511254.898
4 81 4064317.089
4 82 6194371.96
4 83 8007536.963
4 84 4980477.068
4 85 6821105.733
4 86 2161248.131
4 87 6210657.407
4 88 4363493.922
4 89 7328908.581
4 90 8266384.83
4 91 2868203.176
4 92 1803011.368
4 93 4825935.034
4 94 4431724.217
4 95 5579468.775
4 96 3359444.607
4 97 7938876.869
4 98 2311810.484
4 99 2063943.632
5 6 1924205.184
5 7 4550790.152
5 8 5423228.536
5 9 7548612.658
5 10 7327126.064
5 11 4769598.05
5 12 9416165.04
5 13 6508600.62
5 14 9790337.72
5 15 7139116.579
5 16 5858013.552
5 17 3272011.6
5 18 2952487.172
5 19 7512063.674
5 20 7717788.875
5 21 5510776.764
5 22 5556979.929
5 23 3532514.447
5 24 3088107.279
5 25 7787039.036
5 26 7212032.078
5 27 1331463.893
5 28 7834424.972
5 29 1750151.324
5 30 2110046.528
5 31 8743876.398
5 32 5905419.95
5 33 6509483.76
5 34 4925884.797
5 35 4613258.405
5 36 3128812.664
5 37 2990867.897
5 38 7115180.093
5 39 8342397.841
5 40 7531051.859
5 41 2749803.894
5 42 886547.0977
5 43 3940687.367
5 44 4255296.459
5 45 2574774.97
5 46 5131201.41
5 47 420784.2806
5 48 4669063.584
5 49 763813.5404
5 50 992763.4851
5 51 7563635.893
5 52 3301028.267
5 53 5529584.409
5 54 790730.3486
5 55 6630226.678
5 56 4539618.568
5 57 4194754.603
5 58 8369865.949
5 59 8276148.358
5 60 1470150.167
5 61 1590058.541
5 62 3113250.826
5 63 6914271.875
5 64 7728593.808
5 65 892055.2836
5 66 7725773.529
5 67 8843772.034
5 68 5922285.361
5 69 7902105.75
5 70 4838847.82
5 71 4069449.439
5 72 3114356.405
5 73 5011565.395
5 74 4933959.581
5 75 3799053.906
5 76 3243871.915
5 77 1436384.875
5 78 6240588.983
5 79 6259025.995
5 80 8216334.585
5 81 6000069.461
5 82 6435618.917
5 83 4061583.272
5 84 5833834.769
5 85 7788358.601
5 86 5959342.846
5 87 7994899.653
5 88 6538268.035
5 89 1043786.537
5 90 1390158.169
5 91 4536305.125
5 92 5470276.289
5 93 3356272.732
5 94 3617961.727
5 95 1656780.874
5 96 6013512.499
5 97 1630975.646
5 98 9428873.247
5 99 8857972.756
6 7 5226159.146
6 8 6528050.547
6 9 8574734.32
6 10 9066085.498
6 11 6687819.594
6 12 10298287.14
6 13 8425255.123
6 14 10827751.91
6 15 8105652.711
6 16 7231859.898
6 17 3382871.75
6 18 4004283.027
6 19 8839695.059
6 20 9600430.373
6 21 4864086.927
6 22 4461543.492
6 23 5456677.169
6 24 4221932.852
6 25 9187957.745
6 26 7477571.221
6 27 3071909.774
6 28 8767406.473
6 29 2351387.849
6 30 343561.8051
6 31 9646364.347
6 32 5480698.151
6 33 5446777.368
6 34 3890040.006
6 35 4402258.814
6 36 2798903.334
6 37 1597098.35
6 38 7021733.927
6 39 9011445.547
6 40 7549202.14
6 41 3652768.13
6 42 2753662.894
6 43 4138656.571
6 44 3762141.161
6 45 4470939.096
6 46 5399085.892
6 47 1554712.619
6 48 6050538.623
6 49 1339320.244
6 50 2912093.902
6 51 8885841.687
6 52 1991878.244
6 53 5426854.08
6 54 1715298.618
6 55 8106153.703
6 56 6293624.766
6 57 5384486.237
6 58 9223771.622
6 59 9539882.93
6 60 1092790.092
6 61 3141448.557
6 62 4920284.346
6 63 8219541.148
6 64 9215568.38
6 65 2467984.181
6 66 9453485.787
6 67 9519843.014
6 68 7453842.356
6 69 8463654.333
6 70 6756926.694
6 71 5167929.522
6 72 4806934.596
6 73 4197872.196
6 74 6231239.72
6 75 5679752.64
6 76 5044189.723
6 77 494428.4326
6 78 6932943.018
6 79 8165147.742
6 80 8858228.546
6 81 6170866.816
6 82 8352149.848
6 83 2700552.3
6 84 5715559.337
6 85 9705263.53
6 86 6713045.705
6 87 9887063.484
6 88 6610250.126
6 89 1095641.093
6 90 2595939.966
6 91 5483250.681
6 92 6771252.182
6 93 3738583.966
6 94 4113249.74
6 95 3284822.95
6 96 6399469.341
6 97 3193956.254
6 98 10431312.44
6 99 9735474.958
7 8 1748758.939
7 9 3447544.322
7 10 5779453.75
7 11 5683849.711
7 12 5074994.297
7 13 6886826.491
7 14 5660397.041
7 15 2944243.295
7 16 2957515.345
7 17 7817964.103
7 18 1698994.761
7 19 4163782.258
7 20 7279148.746
7 21 3473316.355
7 22 4589278.794
7 23 5303351.385
7 24 1696489.228
7 25 4647029.235
7 26 2812960.023
7 27 5339626.346
7 28 3570222.055
7 29 2968994.271
7 30 5059728.616
7 31 4429583.793
7 32 3131295.045
7 33 5035867.962
7 34 4178728.26
7 35 2212852.533
7 36 2815200.359
7 37 4552214.004
7 38 3243775.724
7 39 3825507.624
7 40 3412668.824
7 41 7187347.983
7 42 4861765.837
7 43 1425853.525
7 44 2837721.301
7 45 5360102.544
7 46 1171785.739
7 47 4453981.608
7 48 2283636.414
7 49 4316700.009
7 50 4614620.503
7 51 4193181.309
7 52 4421872.443
7 53 2199659.005
7 54 3944433.019
7 55 3940883.41
7 56 3956201.851
7 57 1480561.308
7 58 3999504.998
7 59 4678943.563
7 60 4153280.987
7 61 5769689.645
7 62 3760016.533
7 63 3568067.29
7 64 4906172.505
7 65 3713275.874
7 66 6041007.473
7 67 4332867.046
7 68 3639492.872
7 69 3352532.536
7 70 5724573.88
7 71 1206206.367
7 72 3194369.271
7 73 3685568.766
7 74 2091900.088
7 75 6198218.158
7 76 6293683.952
7 77 4930608.277
7 78 1720955.478
7 79 6464616.064
7 80 3687158.332
7 81 1903656.852
7 82 6826802.055
7 83 4657820.838
7 84 2390950.99
7 85 7930503.732
7 86 1486892.8
7 87 7637120.207
7 88 2490885.449
7 89 4360091.873
7 90 5866798.509
7 91 777957.625
7 92 2422770.61
7 93 1524854.354
7 94 1129894.225
7 95 3296210.762
7 96 1590231.568
7 97 5783480.012
7 98 5248127.765
7 99 4513042.594
8 9 2127481.024
8 10 4197421.847
8 11 4941042.127
8 12 4039177.486
8 13 5785262.597
8 14 4368663.833
8 15 1755304.504
8 16 1276686.578
8 17 8638979.578
8 18 2541453.247
8 19 2446045.201
8 20 5891741.124
8 21 5174510.716
8 22 6331876.226
8 23 4972850.851
8 24 2356008.673
8 25 2908583.877
8 26 3394669.67
8 27 5853007.802
8 28 2455203.553
8 29 4176920.442
8 30 6423472.868
8 31 3365344.153
8 32 4731690.963
8 33 6733261.006
8 34 5927400.161
8 35 3951195.706
8 36 4448472.666
8 37 6119371.867
8 38 4351545.073
8 39 3282939.776
8 40 4278898.947
8 41 7768132.508
8 42 5462132.947
8 43 3154408.354
8 44 4584348.539
8 45 5405242.663
8 46 2714378.593
8 47 5451627.492
8 48 1231069.319
8 49 5411211.147
8 50 5167053.529
8 51 2480638.421
8 52 6041585.935
8 53 3764902.135
8 54 5001566.871
8 55 2225112.878
8 56 3036788.805
8 57 1233863.001
8 58 3044183.637
8 59 3045392.295
8 60 5435852.925
8 61 6294396.961
8 62 3505191.679
8 63 1834965.417
8 64 3158015.267
8 65 4531224.048
8 66 4413372.885
8 67 3726091.113
8 68 2063099.561
8 69 3123053.733
8 70 4963465.713
8 71 1372855.744
8 72 3001580.888
8 73 5430009.989
8 74 836285.9575
8 75 5932774.929
8 76 6267490.338
8 77 6155236.152
8 78 1640408.813
8 79 5349651.749
8 80 3221551.566
8 81 3113650.699
8 82 5735693.369
8 83 6351402.698
8 84 3881240.875
8 85 6669892.915
8 86 1331411.215
8 87 6250262.326
8 88 3596488.337
8 89 5531294.561
8 90 6562314.25
8 91 1110607.899
8 92 800506.264
8 93 3103110.272
8 94 2720362.06
8 95 3856050.083
8 96 2483425.755
8 97 6293470.247
8 98 4006241.872
8 99 3495478.012
9 10 4523476.301
9 11 6481607.032
9 12 1959944.018
9 13 6874003.433
9 14 2257259.335
9 15 524716.2122
9 16 2269255.596
9 17 10765360.43
9 18 4639492.053
9 19 1612545.293
9 20 6506499.121
9 21 6355499.325
9 22 7653971.609
9 23 6802966.352
9 24 4470454.594
9 25 2125033.227
9 26 3314919.638
9 27 7957497.975
9 28 518427.7661
9 29 6236295.673
9 30 8442993.216
9 31 1305526.567
9 32 5705320.134
9 33 7823110.693
9 34 7376388.438
9 35 5357781.716
9 36 6259594.939
9 37 7999637.957
9 38 4647694.08
9 39 1836110.669
9 40 4286661.978
9 41 9871694.574
9 42 7580266.469
9 43 4827906.463
9 44 6117813.073
9 45 7393896.492
9 46 3927138.254
9 47 7566260.046
9 48 3133268.531
9 49 7510141.953
9 50 7281993.069
9 51 1590337.195
9 52 7864348.211
9 53 4796041.936
9 54 7104645.693
9 55 2484435.985
9 56 4623427.047
9 57 3360997.182
9 58 1135899.761
9 59 1554115.648
9 60 7483362.173
9 61 8397342.703
9 62 5456400.086
9 63 1507920.038
9 64 2663539.812
9 65 6656861.307
9 66 4553219.94
9 67 2076774.954
9 68 2947994.037
9 69 2157485.629
9 70 6486305.568
9 71 3484200.459
9 72 5010225.471
9 73 6801007.76
9 74 2761982.967
9 75 7759405.522
9 76 8204789.163
9 77 8226629.359
9 78 2049172.432
9 79 6454352.719
9 80 1899676.542
9 81 3840143.165
9 82 6841987.797
9 83 8051808.421
9 84 4779437.081
9 85 7460674.364
9 86 2078375.291
9 87 6838668.58
9 88 4062237.929
9 89 7613786.693
9 90 8684488.591
9 91 3093122.1
9 92 2322841.902
9 93 4964507.554
9 94 4567196.438
9 95 5980616.501
9 96 3148294.462
9 97 8393989.096
9 98 1880750.23
9 99 1459531.05
10 11 3481164.072
10 12 5978032.066
10 13 2829583.074
10 14 5481257.477
10 15 4704419.61
10 16 2928487.261
10 17 9822784.382
10 18 5548701.704
10 19 2973702.2
10 20 2010736.233
10 21 9245075.689
10 22 10274346.84
10 23 4564350.166
10 24 5292143.051
10 25 2603957.152
10 26 7400915.524
10 27 6933751.735
10 28 5032601.363
10 29 6992961.757
10 30 9108024.124
10 31 5537288.592
10 32 8889268.372
10 33 10804710.67
10 34 9781425.622
10 35 7952060.397
10 36 7948609.841
10 37 9297705.704
10 38 8508361.862
10 39 6359432.971
10 40 8352833.27
10 41 8548485.645
10 42 6834620.905
10 43 7004366.639
10 44 8439445.041
10 45 5655564.156
10 46 6873351.258
10 47 7583107.47
10 48 3564296.416
10 49 7732749.648
10 50 6543111.733
10 51 3013994.466
10 52 9359677.906
10 53 7931083.957
10 54 7351639.707
10 55 2128031.61
10 56 2787912.589
10 57 4450723.373
10 58 5586464.857
10 59 3552896.213
10 60 8105864.42
10 61 7276023.575
10 62 4220813.012
10 63 3048607.81
10 64 2047173.184
10 65 6606069.248
10 66 409242.7111
10 67 6567508.781
10 68 2148542.927
10 69 6601423.023
10 70 3438712.676
10 71 4776078.701
10 72 4259255.971
10 73 9373676.037
10 74 3689117.427
10 75 5258075.905
10 76 6045532.689
10 77 8588329.828
10 78 5666584.66
10 79 2520916.721
10 80 6414812.241
10 81 7308401.775
10 82 2830993.423
10 83 9871425.271
10 84 8067779.067
10 85 3024717.396
10 86 5426712.91
10 87 2326265.607
10 88 7770029.153
10 89 7971775.697
10 90 7835958.532
10 91 5005648.642
10 92 3409766.647
10 93 6704113.932
10 94 6413885.997
10 95 5781944.003
10 96 6658736.581
10 97 7244443.397
10 98 5432249.843
10 99 5704938.92
11 12 8358975.286
11 13 1739493.802
11 14 8200963.166
11 15 6377339.178
11 16 4217448.688
11 17 6603209.493
11 18 4478228.561
11 19 5432374.4
11 20 3066506.603
11 21 8633681.652
11 22 9287312.198
11 23 1305555.678
11 24 4293312.548
11 25 5356380.362
11 26 8237400.394
11 27 3936679.49
11 28 6972857.34
11 29 5228062.259
11 30 6838641.268
11 31 7758459.389
11 32 8592114.733
11 33 10061791.99
11 34 8686852.46
11 35 7346260.127
11 36 6636590.355
11 37 7438778.911
11 38 8918937.363
11 39 8101363.548
11 40 9015104.992
11 41 5251674.961
11 42 4028826.328
11 43 6324153.304
11 44 7510266.478
11 45 2461341.114
11 46 6833137.611
11 47 5135625.448
11 48 3724644.258
11 49 5396531.666
11 50 3805717.128
11 51 5489726.878
11 52 7633879.987
11 53 7774806.828
11 54 5115389.471
11 55 4242416.044
11 56 1910385.588
11 57 4251386.621
11 58 7608597.489
11 59 6234805.06
11 60 5974625.183
11 61 4175810.051
11 62 2135367.44
11 63 5102451.579
11 64 4968135.29
11 65 4348679.546
11 66 3870381.682
11 67 8476465.842
11 68 3582662.957
11 69 8045597.589
11 70 69388.56529
11 71 4483730.053
11 72 2621242.607
11 73 8477284.209
11 74 4107251.772
11 75 1788224.653
11 76 2617565.079
11 77 6194876.77
11 78 6550663.672
11 79 1529162.321
11 80 8076426.507
11 81 7578275.148
11 82 1666666.552
11 83 8310075.717
11 84 8014566.351
11 85 3018852.045
11 86 6220944.333
11 87 3296006.482
11 88 8155709.136
11 89 5682111.376
11 90 4813334.056
11 91 5023928.41
11 92 4306120.413
11 93 5786083.334
11 94 5683859.549
11 95 3700964.835
11 96 7132966.019
11 97 4133279.979
11 98 8009295.506
11 99 7922112.889
12 13 8575239.876
12 14 1041748.358
12 15 2286892.958
12 16 4188648.676
12 17 12661003
12 18 6472369.725
12 19 3055171.933
12 20 7986604.974
12 21 7386758.489
12 22 8729265.059
12 23 8747767.833
12 24 6328235.68
12 25 3374473.209
12 26 3815420.2
12 27 9891486.474
12 28 1586500.139
12 29 8000877.908
12 30 10134562
12 31 674419.085
12 32 6625066.783
12 33 8694774.689
12 34 8569678.053
12 35 6631622.489
12 36 7794471.014
12 37 9551853.957
12 38 5158810.914
12 39 1629941.655
12 40 4617495.111
12 41 11806680.02
12 42 9499716.795
12 43 6326951.413
12 44 7438621.742
12 45 9353840.463
12 46 5219088.323
12 47 9401822.805
12 48 5092593.726
12 49 9316221.705
12 50 9205842.091
12 51 3005731.711
12 52 9365224.125
12 53 5853150.107
12 54 8920464.363
12 55 4187657.442
12 56 6540118.296
12 57 5266489.898
12 58 1075865.274
12 59 2436339.126
12 60 9218660.683
12 61 10332596.14
12 62 7416166.59
12 63 3262247.248
12 64 3938583.281
12 65 8528557.845
12 66 5899984.199
12 67 1303918.622
12 68 4780084.23
12 69 2331476.123
12 70 8358287.108
12 71 5351554.156
12 72 6968335.714
12 73 7957433.258
12 74 4718012.197
12 75 9700486.311
12 76 10161793.35
12 77 9985980.084
12 78 3403136.167
12 79 8174050.938
12 80 1820096.164
12 81 4827164.114
12 82 8551763.011
12 83 9437372.679
12 84 5741751.95
12 85 8999393.885
12 86 3590127.389
12 87 8289450.328
12 88 4815077.508
12 89 9393721.659
12 90 10595999.94
12 91 4890596.023
12 92 4281796.352
12 93 6588425.144
12 94 6199637.417
12 95 7888537.418
12 96 4251165.068
12 97 10330990.76
12 98 712624.791
12 99 563351.3535
13 14 8207353.25
13 15 6901679.646
13 16 4762116.366
13 17 8198374.588
13 18 5936864.755
13 19 5522035.342
13 20 1527281.016
13 21 10073590.24
13 22 10832263.12
13 23 3021681.513
13 24 5721176.831
13 25 5277736.866
13 26 9179122.582
13 27 5648961.751
13 28 7390763.276
13 29 6879786.716
13 30 8571168.157
13 31 8052217.071
13 32 9939691.48
13 33 11554571.73
13 34 10250205.16
13 35 8761777.974
13 36 8220275.776
13 37 9132646.635
13 38 10036247.09
13 39 8645665.741
13 40 10040735.08
13 41 6816276.443
13 42 5764095.501
13 43 7736501.014
13 44 9016948.076
13 45 4152987.482
13 46 8058510.031
13 47 6871963.067
13 48 4687794.967
13 49 7127513.207
13 50 5544741.577
13 51 5573039.937
13 52 9309651.995
13 53 9062440.019
13 54 6835735.124
13 55 4409564.445
13 56 2934533.027
13 57 5406609.439
13 58 8003037.706
13 59 6228560.762
13 60 7690923.73
13 61 5858625.796
13 62 3728867.007
13 63 5378134.08
13 64 4770828.8
13 65 6063188.192
13 66 3114461.476
13 67 8947003.487
13 68 3962533.485
13 69 8726438.044
13 70 1670151.947
13 71 5689764.747
13 72 4123850.297
13 73 9990391.637
13 74 5009856.029
13 75 3247860.796
13 76 4122587.773
13 77 7931880.303
13 78 7423244.972
13 79 435778.0423
13 80 8658234.142
13 81 8716803.713
13 82 73242.2316
13 83 9964334.482
13 84 9273832.369
13 85 1280009.37
13 86 7116230.571
13 87 1660228.353
13 88 9266500.096
13 89 7411182.553
13 90 6508658.956
13 91 6153105.983
13 92 5031220.705
13 93 7250689.044
13 94 7091099.879
13 95 5376130.039
13 96 8184664.486
13 97 5813332.805
13 98 8103714.104
13 99 8221459.957
14 15 2725190.009
14 16 4205976.69
14 17 12985295.57
14 18 6894962.639
14 19 2768858.256
14 20 7458436.56
14 21 8251305.822
14 22 9587017.437
14 23 8738680.611
14 24 6721488.54
14 25 2930307.279
14 26 4764924.244
14 27 10137251.26
14 28 2099009.343
14 29 8492527.76
14 30 10690212.62
14 31 1368790.497
14 32 7516590.434
14 33 9611177.803
14 34 9385811.781
14 35 7405379.37
14 36 8450129.233
14 37 10202434.7
14 38 6127647.198
14 39 2601837.989
14 40 5609491.328
14 41 12044192.9
14 42 9782891.77
14 43 6995016.432
14 44 8198235.915
14 45 9454120.988
14 46 5971625.984
14 47 9818214.902
14 48 5259913.031
14 49 9766490.226
14 50 9479891.362
14 51 2711746.362
14 52 10045039.88
14 53 6697041.303
14 54 9360218.025
14 55 3958643.182
14 56 6482461.791
14 57 5595827.388
14 58 1841315.088
14 59 1987914.264
14 60 9737292.913
14 61 10573330.38
14 62 7519604.974
14 63 3158653.815
14 64 3447179.31
14 65 8898301.539
14 66 5340758.738
14 67 2333927.016
14 68 4643835.565
14 69 3287760.132
14 70 8191670.864
14 71 5735371.884
14 72 7125582.175
14 73 8783936.224
14 74 4921881.354
14 75 9670229.036
14 76 10206844.32
14 77 10483238.2
14 78 4091681.659
14 79 7829323.471
14 80 2786359.472
14 81 5678986.496
14 82 8192103.979
14 83 10176407.46
14 84 6613066.368
14 85 8495773.194
14 86 4215458.853
14 87 7737448.001
14 88 5729036.336
14 89 9871033.718
14 90 10893316.37
14 91 5349181.599
14 92 4424778.42
14 93 7184978.709
14 94 6788901.99
14 95 8200612.398
14 96 5055727.295
14 97 10566547.24
14 98 437567.0382
14 99 1382237.927
15 16 2175978.354
15 17 10376599.73
15 18 4206713.98
15 19 1929203.965
15 20 6649188.255
15 21 5836724.303
15 22 7131786.935
15 23 6601117.862
15 24 4051800.561
15 25 2469590.165
15 26 2894632.26
15 27 7608043.738
15 28 700658.2433
15 29 5777131.663
15 30 7965283.448
15 31 1612482.222
15 32 5195787.595
15 33 7311991.289
15 34 6851772.95
15 35 4833069.431
15 36 5750685.979
15 37 7495330.865
15 38 4196883.142
15 39 1747116.376
15 40 3873389.718
15 41 9523079.324
15 42 7213061.638
15 43 4312347.915
15 44 5593958.791
15 45 7123707.078
15 46 3402647.439
15 47 7138652.175
15 48 2868007.322
15 49 7068736.474
15 50 6919787.017
15 51 1920245.986
15 52 7353622.765
15 53 4279454.505
15 54 6667114.498
15 55 2598098.363
15 56 4485625.4
15 57 2979678.041
15 58 1299767.493
15 59 2026483.217
15 60 7016488.289
15 61 8049527.383
15 62 5198513.071
15 63 1657953
15 64 2969725.266
15 65 6249501.403
15 66 4776546.829
15 67 2099181.993
15 68 2939881.864
15 69 1897005.935
15 70 6387558.339
15 71 3070229.618
15 72 4723375.99
15 73 6277082.976
15 74 2477765.722
15 75 7562357.284
15 76 7961388.694
15 77 7768254.672
15 78 1529137.655
15 79 6474104.03
15 80 1757772.963
15 81 3334777.719
15 82 6864735.705
15 83 7531866.024
15 84 4270196.077
15 85 7569031.315
15 86 1554442.866
15 87 6990670.401
15 88 3583036.502
15 89 7162044.75
15 90 8309181.874
15 91 2637939.454
15 92 2107436.15
15 93 4466224.957
15 94 4069320.612
15 95 5601709.592
15 96 2637943.114
15 97 8048736.917
15 98 2325892.215
15 99 1740215.332
16 17 8920121.7
16 18 3269165.897
16 19 1656521.026
16 20 4692188.656
16 21 6421963.767
16 22 7540710.465
16 23 4565409.123
16 24 3030163.379
16 25 1956259.937
16 26 4535266.586
16 27 6008837.806
16 28 2755513.591
16 29 4916074.002
16 30 7178556.556
16 31 3561961.407
16 32 6003616.99
16 33 7983919.535
16 34 7104080.925
16 35 5169598.966
16 36 5475411.735
16 37 7051112.971
16 38 5587695.187
16 39 3919610.607
16 40 5463730.651
16 41 7893768.034
16 42 5702782.407
16 43 4303727.666
16 44 5752286.196
16 45 5248563.347
16 46 3984383.229
16 47 5972938.765
16 48 1193407.059
16 49 6002859.292
16 50 5392986.329
16 51 1709496.051
16 52 7024022.88
16 53 5038107.455
16 54 5588513.26
16 55 990760.0997
16 56 2355794.239
16 57 1908824.515
16 58 3391519.872
16 59 2447360.031
16 60 6161051.132
16 61 6435819.782
16 62 3317306.575
16 63 1084287.577
16 64 2041413.868
16 65 4987649.617
16 66 3136799.552
16 67 4269022.145
16 68 836503.447
16 69 3964350.183
16 70 4224354.147
16 71 2196605.002
16 72 2955024.174
16 73 6635589.701
16 74 1024151.668
16 75 5514160.154
16 76 6008623.741
16 77 6811505.257
16 78 2774286.225
16 79 4329727.761
16 80 3915557.187
16 81 4380603.214
16 82 4720998.708
16 83 7411544.154
16 84 5157859.565
16 85 5530504.635
16 86 2512511.707
16 87 5047585.52
16 88 4844007.711
16 89 6172103.638
16 90 6815533.996
16 91 2221961.739
16 92 540457.2741
16 93 4141687.479
16 94 3790053.303
16 95 4205844.613
16 96 3731570.446
16 97 6424287.363
16 98 3935416.577
16 99 3721872.618
17 18 6218752.585
17 19 10569962.5
17 20 9651728.039
17 21 8212199.921
17 22 7836746.919
17 23 5333095.452
17 24 6340182.592
17 25 10777260.9
17 26 10424321.16
17 27 2948454.356
17 28 11075438.37
17 29 4920959.171
17 30 3722926.974
17 31 11987099.95
17 32 8773175.485
17 33 8820054.005
17 34 7272430.079
17 35 7588427.859
17 36 5982944.824
17 37 4973957.187
17 38 10188489.67
17 39 11614262.15
17 40 10658866.77
17 41 1396995.264
17 42 3217913.35
17 43 7086172.369
17 44 7047835.769
17 45 4187573.401
17 46 8323726.941
17 47 3383285.52
17 48 7765080.055
17 49 3587140.017
17 50 3527217.556
17 51 10624659.31
17 52 5370070.596
17 53 8579079.328
17 54 3905649.373
17 55 9576076.723
17 56 7167971.569
17 57 7405143.348
17 58 11624537.72
17 59 11366908.65
17 60 4034460.797
17 61 2561078.308
17 62 5766381.723
17 63 10000647.94
17 64 10631069.15
17 65 4143128.257
17 66 10231978.03
17 67 12115247.37
17 68 8830728.737
17 69 11170458.68
17 70 6666515.203
17 71 7309969.143
17 72 5992826.005
17 73 7569168.85
17 74 8074486.393
17 75 4955094.663
17 76 4082934.708
17 77 3316815.821
17 78 9512490.68
17 79 8100905.176
17 80 11488302.73
17 81 9171860.011
17 82 8133137.047
17 83 6050432.33
17 84 8880085.498
17 85 9387222.735
17 86 9230924.053
17 87 9846981.173
17 88 9679102.248
17 89 3651084.61
17 90 2104587.706
17 91 7798794.745
17 92 8593586.117
17 93 6546560.24
17 94 6845133.465
17 95 4785919.079
17 96 9247055.017
17 97 2587679.567
17 98 12639346.22
17 99 12106135.83
18 19 4843408.869
18 20 6649460.532
18 21 4158284.861
18 22 4912786.522
18 23 3837143.769
18 24 257239.7992
18 25 5214611.873
18 26 4501149.145
18 27 3644787.941
18 28 4896287.347
18 29 1659095.518
18 30 3924631.643
18 31 5802143.655
18 32 4137760.19
18 33 5618144.83
18 34 4353337.14
18 35 2868767.944
18 36 2409779.357
18 37 3814878.275
18 38 4758021.038
18 39 5402694.849
18 40 5024257.173
18 41 5509814.113
18 42 3175553.18
18 43 1850690.969
18 44 3082819.48
18 45 3722890.437
18 46 2603802.333
18 47 2932011.902
18 48 2132782.155
18 49 2872229.986
18 50 2920332.085
18 51 4888204.542
18 52 3832554.519
18 53 3391396.551
18 54 2465269.216
18 55 4198690.261
18 56 3096313.334
18 57 1383206.969
18 58 5420234.245
18 59 5535606.748
18 60 2917381.869
18 61 4077679.062
18 62 2372508.562
18 63 4221068.594
18 64 5296224.847
18 65 2076426.924
18 66 5889679.13
18 67 5900598.701
18 68 3628792.715
18 69 4997032.014
18 70 4531046.162
18 71 1169840.251
18 72 1856999.33
18 73 4056302.707
18 74 2249859.287
18 75 4663591.464
18 76 4661537.866
18 77 3617434.676
18 78 3313897.371
18 79 5550374.622
18 80 5283365.089
18 81 3464683.541
18 82 5869087.625
18 83 4322769.167
18 84 3661816.435
18 85 7111914.288
18 86 3019519.189
18 87 6991695.62
18 88 4053265.953
18 89 2990489.943
18 90 4210215.652
18 91 1584651.842
18 92 2782411.522
18 93 1315733.583
18 94 1221352.266
18 95 1597251.541
18 96 3274224.478
18 97 4089921.304
18 98 6517856.312
18 99 5912245.945
19 20 4980779.206
19 21 7462441.825
19 22 8688844.294
19 23 6016373.701
19 24 4618489.496
19 25 546775.2544
19 26 4816175.241
19 27 7648427.377
19 28 2095658.145
19 29 6502276.457
19 30 8768039.209
19 31 2569512.68
19 32 6909494.466
19 33 8993868.931
19 34 8324305.436
19 35 6315968.782
19 36 6893237.512
19 37 8547111.653
19 38 6087767.295
19 39 3429714.939
19 40 5795522.189
19 41 9519927.065
19 42 7354187.612
19 43 5585986.16
19 44 6995932.793
19 45 6808318.301
19 46 4965157.447
19 47 7618456.491
19 48 2843227.319
19 49 7636368.725
19 50 7043869.526
19 51 58435.72522
19 52 8481936.828
19 53 5953858.982
19 54 7221545.254
19 55 1189970.335
19 56 3751642.672
19 57 3460279.87
19 58 2618331.946
19 59 828211.8535
19 60 7758303.163
19 61 8071032.33
19 62 4906708.67
19 63 624053.3215
19 64 1051940.865
19 65 6638196.441
19 66 2963487.099
19 67 3601762.491
19 68 1897087.432
19 69 3764944.409
19 70 5422831.001
19 71 3704928.461
19 72 4588159.434
19 73 7797978.54
19 74 2611630.901
19 75 6932000.429
19 76 7509961.859
19 77 8432209.482
19 78 3277332.44
19 79 5124759.965
19 80 3506573.215
19 81 5102045.807
19 82 5499825.589
19 83 8796547.322
19 84 5999141.444
19 85 5971502.71
19 86 3161278.053
19 87 5299966.412
19 88 5430858.432
19 89 7794871.485
19 90 8465684.31
19 91 3554572.663
19 92 2069737.42
19 93 5547080.459
19 94 5166189.853
19 95 5861553.158
19 96 4398080.533
19 97 8057543.462
19 98 2601712.464
19 99 2738186.978
20 21 10653081.85
20 22 11547650.62
20 23 4369253.441
20 24 6408331.806
20 25 4612164.655
20 26 9227429.289
20 27 6991532.489
20 28 7020299.999
20 29 7831505.086
20 30 9711313.69
20 31 7547114.763
20 32 10406318.7
20 33 12185158.29
20 34 11001007.8
20 35 9335275.227
20 36 9033858.423
20 37 10139491.39
20 38 10242617.17
20 39 8338399.739
20 40 10151693.58
20 41 8282847.402
20 42 7042959.068
20 43 8331648.12
20 44 9704155.325
20 45 5527514.553
20 46 8431869.479
20 47 8050247.771
20 48 4995895.884
20 49 8272451.693
20 50 6795549.704
20 51 5022262.718
20 52 10272644.71
20 53 9477528.612
20 54 7943076.215
20 55 4051135.254
20 56 3558592.384
20 57 5831848.87
20 58 7586561.995
20 59 5556654.014
20 60 8774839.472
20 61 7241783.229
20 62 4720342.026
20 63 5010491.684
20 64 4050098.344
20 65 7164674.82
20 66 2119476.939
20 67 8564789.621
20 68 3857111.986
20 69 8540293.61
20 70 3000139.778
20 71 6146253.391
20 72 4988424.343
20 73 10670480.37
20 74 5232390.35
20 75 4728953.636
20 76 5600425.582
20 77 9106533.476
20 78 7465362.761
20 79 1550833.593
20 80 8384193.63
20 81 8978184.957
20 82 1578686.626
20 83 10875642.08
20 84 9651924.665
20 85 1050524.864
20 86 7193724.368
20 87 359390.7777
20 88 9484063.018
20 89 8544497.08
20 90 7875812.762
20 91 6506520.342
20 92 5092720.017
20 93 7923825.741
20 94 7699866.05
20 95 6406596.933
20 96 8373005.151
20 97 7199539.788
20 98 7429807.689
20 99 7714971.282
21 22 1343491.322
21 23 7889307.897
21 24 4358622.751
21 25 7983102.201
21 26 3662439.469
21 27 6769084.526
21 28 6251458.219
21 29 3895378.289
21 30 4541246.184
21 31 6885139.813
21 32 829670.6601
21 33 1562669.142
21 34 1333654.029
21 35 1318970.634
21 36 2384045.641
21 37 3366161.71
21 38 2602255.523
21 39 5783482.04
21 40 3234203.058
21 41 8169557.283
21 42 6252355.946
21 43 2338445.24
21 44 1262108.821
21 45 7490766.631
21 46 2497659.685
21 47 5172492.036
21 48 5704601.786
21 49 4853768.019
21 50 6151956.388
21 51 7481345.271
21 52 2994651.943
21 53 1564216.608
21 54 4720801.259
21 55 7395915.241
21 56 7172296.618
21 57 4834733.572
21 58 6411048.688
21 59 7822414.072
21 60 4241966.755
21 61 7091435.944
21 62 6511447.683
21 63 6913289.801
21 64 8308055.734
21 65 5080924.97
21 66 9513267.329
21 67 6224466.924
21 68 7111212.056
21 69 5089044.593
21 70 8687485.202
21 71 4514163.88
21 72 6013783.892
21 73 748558.8351
21 74 5556568.251
21 75 8607120.455
21 76 8386181.012
21 77 4899033.754
21 78 4307592.365
21 79 9675178.318
21 80 5594212.627
21 81 2572389.647
21 82 10007407.31
21 83 2592015.844
21 84 1645059.22
21 85 11211877.35
21 86 4333250.231
21 87 11006552.67
21 88 2615463.921
21 89 4681883.294
21 90 6849385.963
21 91 4240946.674
21 92 5891954.263
21 93 2847710.022
21 94 2983053.986
21 95 5250842.981
21 96 3222450.858
21 97 7128554.33
21 98 7813769.95
21 99 6895674.033
22 23 8398715.299
22 24 5145563.823
22 25 9197019.94
22 26 4999104.36
22 27 6879751.174
22 28 7571784.884
22 29 4193533.824
22 30 4118668.743
22 31 8222455.502
22 32 2143053.896
22 33 985773.762
22 34 634572.3
22 35 2381221.541
22 36 2670236.16
22 37 2864763.996
22 38 3874457.501
22 39 7126967.424
22 40 4511426.056
22 41 8022206.945
22 42 6388914.719
22 43 3270308.968
22 44 1845709.505
22 45 7830076.431
22 46 3745189.65
22 47 5167011.766
22 48 6710062.814
22 49 4821824.868
22 50 6352847.042
22 51 8711435.959
22 52 2469680.18
22 53 2890595.38
22 54 4802954.419
22 55 8527833.268
22 56 8005873.707
22 57 5823915.45
22 58 7748124.609
22 59 9092803.887
22 60 4132363.034
22 61 7138176.254
22 62 7153630.027
22 63 8119422.915
22 64 9488308.936
22 65 5333348.732
22 66 10568040.84
22 67 7566811.536
22 68 8175127.453
22 69 6432258.085
22 70 9346363.833
22 71 5498504.07
22 72 6711352.675
22 73 905370.8795
22 74 6615500.458
22 75 9013281.029
22 76 8668353.007
22 77 4630044.89
22 78 5605388.307
22 79 10455095.22
22 80 6937673.839
22 81 3909291.573
22 82 10763117
22 83 1809865.282
22 84 2988108.642
22 85 12022858.31
22 86 5604285.712
22 87 11893920.35
22 88 3953979.698
22 89 4590476.608
22 90 6782000.364
22 91 5322503.52
22 92 7002189.451
22 93 3623870.949
22 94 3870014.615
22 95 5694407.886
22 96 4543632.98
22 97 7181859.867
22 98 9149455.288
22 99 8235540.729
23 24 3709837.247
23 25 6049401.941
23 26 8034245.262
23 27 2632530.976
23 28 7255342.118
23 29 4232269.148
23 30 5630480.42
23 31 8107652.537
23 32 7959057.271
23 33 9233703.233
23 34 7779178.974
23 35 6656225.399
23 36 5728554.026
23 37 6328008.801
23 38 8528460.143
23 39 8247950.63
23 40 8713564.869
23 41 4008333.311
23 42 2750042.2
23 43 5665345.652
23 44 6697837.008
23 45 1160173.154
23 46 6381648.963
23 47 3918042.312
23 48 3755573.951
23 49 4202474.569
23 50 2548663.965
23 51 6074806.096
23 52 6557310.009
23 53 7227200.561
23 54 3960879.525
23 55 4856068.712
23 56 2264778.901
23 57 4020577.996
23 58 7887214.983
23 59 6843104.868
23 60 4822959.218
23 61 2872998.04
23 62 1548100.181
23 63 5580443.143
23 64 5750247.756
23 65 3224413.622
23 66 4969446.082
23 67 8671531.617
23 68 4120048.852
23 69 8080925.758
23 70 1373432.794
23 71 4174303.197
23 72 2113918.117
23 73 7641083.146
23 74 4155310.207
23 75 962003.3031
23 76 1524352.222
23 77 4968073.895
23 78 6467745.91
23 79 2834628.352
23 80 8193304.291
23 81 7197885.563
23 82 2950112.185
23 83 7266448.287
23 84 7493232.859
23 85 4291672.008
23 86 6131215.205
23 87 4601526.859
23 88 7788856.757
23 89 4493195.748
23 90 3507923.983
23 91 4762953.208
23 92 4497012.146
23 93 5075043.654
23 94 5054395.986
23 95 2705991.453
23 96 6855181.325
23 97 2831340.089
23 98 8492576.718
23 99 8262410.895
24 25 4980151.202
24 26 4509408.437
24 27 3697073.301
24 28 4746394.737
24 29 1887465.886
24 30 4152822.482
24 31 5655789.151
24 32 4302865.61
24 33 5834770.983
24 34 4592681.766
24 35 3057425.192
24 36 2663282.02
24 37 4068622.614
24 38 4839390.672
24 39 5307097.988
24 40 5076093.409
24 41 5583313.143
24 42 3245734.475
24 43 2032517.905
24 44 3309416.886
24 45 3670151.517
24 46 2683973.874
24 47 3096727.87
24 48 1882955.97
24 49 3058663.544
24 50 2976954.572
24 51 4664262.019
24 52 4089254.605
24 53 3523811.36
24 54 2647325.135
24 55 3951467.912
24 56 2860314
24 57 1164394.573
24 58 5285109.933
24 59 5322522.672
24 60 3140073.272
24 61 4134853.575
24 62 2212717.777
24 63 3997727.684
24 64 5051521.173
24 65 2200711.453
24 66 5632572.712
24 67 5800129.418
24 68 3374427.971
24 69 4929010.339
24 70 4344272.946
24 71 986333.4462
24 72 1677109.243
24 73 4281881.793
24 74 2015492.706
24 75 4562200.868
24 76 4606477.506
24 77 3823906.664
24 78 3237985.309
24 79 5329923.471
24 80 5194636.384
24 81 3526990.672
24 82 5654093.827
24 83 4579285.597
24 84 3785026.452
24 85 6885542.611
24 86 2931775.586
24 87 6752034.447
24 88 4118482.588
24 89 3191664.252
24 90 4305340.214
24 91 1464573.746
24 92 2552251.865
24 93 1531892.512
24 94 1390584.464
24 95 1637065.033
24 96 3286079.275
24 97 4143891.816
24 98 6351010.427
24 99 5770560.911
25 26 5360284.827
25 27 7838044.279
25 28 2585921.364
25 29 6867527.815
25 30 9131898.349
25 31 2958717.531
25 32 7442313.411
25 33 9520067.447
25 34 8819735.582
25 35 6819622.561
25 36 7337373.015
25 37 8964395.487
25 38 6634526.53
25 39 3912946.972
25 40 6339632.867
25 41 9681753.568
25 42 7573218.5
25 43 6062034.316
25 44 7484280.572
25 45 6909980.652
25 46 5485544.517
25 47 7917801.468
25 48 3144708.053
25 49 7955876.992
25 50 7262159.02
25 51 549633.0441
25 52 8914671.808
25 53 6483874.938
25 54 7541912.951
25 55 1214486.507
25 56 3797781.805
25 57 3838828.547
25 58 3066148.784
25 59 955770.1581
25 60 8115658.473
25 61 8251372.335
25 62 5051236.853
25 63 1079718.041
25 64 572308.6622
25 65 6926676.768
25 66 2538513.792
25 67 4047831.054
25 68 1969928.664
25 69 4282516.691
25 70 5339992.761
25 71 4104049.737
25 72 4784811.51
25 73 8302491.72
25 74 2965090.232
25 75 6936852.307
25 76 7562721.988
25 77 8767377.733
25 78 3821026.891
25 79 4899233.393
25 80 4001156.066
25 81 5642867.457
25 82 5261968.426
25 83 9254006.44
25 84 6535012.119
25 85 5627278.703
25 86 3697514.899
25 87 4917072.35
25 88 5976684.191
25 89 8127817.317
25 90 8677820.202
25 91 4005721.698
25 92 2434560.983
25 93 5991403.083
25 94 5617480.281
25 95 6130496.465
25 96 4939602.943
25 97 8234629.772
25 98 2839588.259
25 99 3123669.107
26 27 8115536.653
26 28 3011253.048
26 29 5504085.663
26 30 7233770.672
26 31 3410515.706
26 32 2859736.268
26 33 4886643.146
26 34 4932786.771
26 35 3210634.702
26 36 4702999.477
26 37 6365519.251
26 38 1374159.121
26 39 2185547.824
26 40 979359.0569
26 41 9920122.202
26 42 7622645.125
26 43 3362828.172
26 44 4008736.16
26 45 8166949.687
26 46 2104550.532
26 47 7044410.714
26 48 4536122.909
26 49 6842637.599
26 50 7391935.823
26 51 4810702.723
26 52 6093731.274
26 53 2245384.078
26 54 6520837.732
26 55 5280753.06
26 56 6371620.624
26 57 4026668.377
26 58 2956795.599
26 59 4866163.352
26 60 6505952.816
26 61 8537327.861
26 62 6487480.307
26 63 4455308.075
26 64 5840717.56
26 65 6431810.369
26 66 7537036.702
26 67 2585184.146
26 68 5370949.353
26 69 1484370.216
26 70 8267795.929
26 71 3860691.054
26 72 5923962.536
26 73 4309369.449
26 74 4181960.705
26 75 8956658.317
26 76 9097260.783
26 77 7295245.108
26 78 1766818.828
26 79 8743654.482
26 80 1995328.998
26 81 1314820.31
26 82 9128913.353
26 83 5983886.598
26 84 2051727.481
26 85 10047949.4
26 86 2063259.797
26 87 9582556.823
26 88 1047632.209
26 89 6815934.402
26 90 8575326.3
26 91 3271668.985
26 92 4167884.978
26 93 3877762.81
26 94 3594084.238
26 95 6094646.826
26 96 1226991.009
26 97 8554709.158
26 98 4336089.443
26 99 3382686.391
27 28 8308195.831
27 29 2898841.633
27 30 3321758.113
27 31 9218058.948
27 32 7103416.672
27 33 7825091.83
27 34 6247092.625
27 35 5783340.84
27 36 4387952.065
27 37 4306341.784
27 38 8179261.229
27 39 8988621.398
27 40 8541387.049
27 41 1915193.559
27 42 522123.9826
27 43 5001882.604
27 44 5507249.093
27 45 1504178.368
27 46 6101823.312
27 47 1742802.951
27 48 4881749.153
27 49 2091289.358
27 50 725039.8498
27 51 7703983.603
27 52 4626969.101
27 53 6635390.788
27 54 2080480.39
27 55 6632913.367
27 56 4230752.905
27 57 4634843.195
27 58 8888609.544
27 59 8454853.058
27 60 2798959.752
27 61 442062.2778
27 62 2818465.549
27 63 7092850.296
27 64 7683124.099
27 65 1746839.141
27 66 7342397.789
27 67 9474434.961
27 68 5885216.936
27 69 8626069.515
27 70 4005007.574
27 71 4598984.493
27 72 3060631.386
27 73 6306390.542
27 74 5216257.906
27 75 2644352.07
27 76 1972498.608
27 77 2628133.076
27 78 6934604.128
27 79 5465575.069
27 80 8882936.039
27 81 6982265.138
27 82 5578058.597
27 83 5389188.359
27 84 6936673.97
27 85 6910252.477
27 86 6625039.574
27 87 7231917.206
27 88 7548084.225
27 89 2360744.825
27 90 904017.5976
27 91 5146399.256
27 92 5716719.645
27 93 4384004.132
27 94 4572269.249
27 95 2060049.495
27 96 6891972.181
27 97 446968.2523
27 98 9811070.696
27 99 9348237.183
28 29 6449649.789
28 30 8617997.62
28 31 912101.7903
28 32 5560110.673
28 33 7676663.135
28 34 7334083.598
28 35 5334039.455
28 36 6351582.369
28 37 8104846.827
28 38 4373464.461
28 39 1334303.196
28 40 3962726.923
28 41 10223294.87
28 42 7913706.903
28 43 4896079.288
28 44 6117453.949
28 45 7807039.921
28 46 3896513.917
28 47 7827998.295
28 48 3545016.626
28 49 7751602.588
28 50 7620423.351
28 51 2067811.299
28 52 7946043.437
28 53 4687413.461
28 54 7352259.029
28 55 3002791.594
28 56 5101404.754
28 57 3680297.266
28 58 636555.4428
28 59 1901699.397
28 60 7681243.695
28 61 8749600.472
28 62 5876302.789
28 63 2026189.843
28 64 3138986.645
28 65 6945650.432
28 66 5052147.301
28 67 1558418.786
28 68 3457399.891
28 69 1730397.656
28 70 6979233.489
28 71 3767110.378
28 72 5410542.477
28 73 6742706.074
28 74 3160379.762
28 75 8214702.319
28 76 8635166.312
28 77 8439550.445
28 78 2004543.324
28 79 6970342.297
28 80 1415238.43
28 81 3693963.397
28 82 7358341.22
28 83 8085349.967
28 84 4638588.304
28 85 7977709.271
28 86 2116451.695
28 87 7350978.434
28 88 3845392.686
28 89 7838575.044
28 90 9009507.966
28 91 3320010.954
28 92 2759574.548
28 93 5094829.696
28 94 4700059.323
28 95 6302051.348
28 96 3029502.39
28 97 8748613.219
28 98 1679315.64
28 99 1040758.769
29 30 2266007.375
29 31 7340446.045
29 32 4204809.288
29 33 5076607.015
29 34 3565189.446
29 35 2889237.855
29 36 1550701.921
29 37 2319923.674
29 38 5365028.79
29 39 6794042.88
29 40 5785871.117
29 41 4499863.789
29 42 2377188.707
29 43 2193794.458
29 44 2636134.647
29 45 3645352.953
29 46 3406930.776
29 47 1540855.05
29 48 3753511.059
29 49 1355248.708
29 50 2257806.745
29 51 6547218.23
29 52 2442849.785
29 53 3781937.008
29 54 1017130.889
29 55 5823186.075
29 56 4322518.044
29 57 3042263.001
29 58 6931546.519
29 59 7191695.197
29 60 1260387.695
29 61 3255468.579
29 62 3154399.919
29 63 5880116.016
29 64 6928310.268
29 65 1185593.809
29 66 7359304.165
29 67 7301677.031
29 68 5210860.319
29 69 6299159.961
29 70 5291946
29 71 2817428.456
29 72 2845115.764
29 73 3502636.793
29 74 3902948.506
29 75 4819827.053
29 76 4511672.477
29 77 1991180.525
29 78 4689743.427
29 79 6545806.064
29 80 6653348.369
29 81 4265999.835
29 82 6807641.826
29 83 3085547.715
29 84 4086002.712
29 85 8130176.263
29 86 4441453.188
29 87 8151991.941
29 88 4794810.305
29 89 1394430.902
29 90 3140101.51
29 91 3143354.289
29 92 4438889.811
29 93 1627255.575
29 94 1930190.748
29 95 1535923.046
29 96 4328818.625
29 97 3286962.724
29 98 8102187.06
29 99 7437575.055
30 31 9488249.475
30 32 5172609.572
30 33 5103753.077
30 34 3549511.176
30 35 4124223.28
30 36 2536492.711
30 37 1253974.851
30 38 6738243.56
30 39 8817592.274
30 40 7275552.774
30 41 3987140.331
30 42 2970155.903
30 43 3917024.9
30 44 3461173.148
30 45 4680897.61
30 46 5170145.855
30 47 1712614.718
30 48 6007549.544
30 49 1444449.69
30 50 3102654.123
30 51 8812788.55
30 52 1649156.97
30 53 5151490.314
30 54 1774493.071
30 55 8072779.761
30 56 6351493.022
30 57 5307806.874
30 58 9058888.318
30 59 9451597.542
30 60 1022025.253
30 61 3420603.896
30 62 5007247.901
30 63 8145615.605
30 64 9180694.063
30 65 2549415.058
30 66 9490310.366
30 67 9325229.771
30 68 7437923.964
30 69 8255887.523
30 70 6907393.515
30 71 5076235.585
30 72 4856035.552
30 73 3866985.642
30 74 6168165.623
30 75 5899703.576
30 76 5292401.367
30 77 693677.9955
30 78 6753351.758
30 79 8298120.574
30 80 8660822.935
30 81 5922666.192
30 82 8497947.723
30 83 2357690.615
30 84 5436398.746
30 85 9850376.863
30 86 6544872.521
30 87 10004956.23
30 88 6347212.189
30 89 1166886.814
30 90 2898944.038
30 91 5359645.057
30 92 6704768.569
30 93 3552788.244
30 94 3936438.418
30 95 3343347.883
30 96 6178177.522
30 97 3472386.09
30 98 10288446.42
30 99 9572760.636
31 32 6147848.585
31 33 8243101.022
31 34 8031860.487
31 35 6065519.173
31 36 7175339.404
31 37 8932575.772
31 38 4780029.519
31 39 1295740.106
31 40 4283546.253
31 41 11133241.52
31 42 8825399.477
31 43 5710344.259
31 44 6865461.206
31 45 8693686.115
31 46 4638828.76
31 47 8732741.27
31 48 4430525.877
31 49 8650794.873
31 50 8531701.112
31 51 2526044.559
31 52 8756692.002
31 53 5333787.335
31 54 8253576.418
31 55 3644312.073
31 56 5917666.461
31 57 4592113.555
31 58 474420.3161
31 59 2078338.331
31 60 8563903.797
31 61 9659276.809
31 62 6758007.562
31 63 2689930.933
31 64 3530972.52
31 65 7855766.064
31 66 5496430.018
31 67 1184986.009
31 68 4193397.304
31 69 1948509.523
31 70 7760438.085
31 71 4678048.418
31 72 6303644.171
31 73 7426481.438
31 74 4052418.009
31 75 9063339.344
31 76 9509369.404
31 77 9327844.109
31 78 2785855.629
31 79 7642740.879
31 80 1466891.545
31 81 4313369.972
31 82 8025229.817
31 83 8855203.279
31 84 5245413.564
31 85 8541008.119
31 86 2950793.701
31 87 7861936.254
31 88 4361995.263
31 89 8732044.559
31 90 9921584.075
31 91 4222042.541
31 92 3626923.116
31 93 5948951.673
31 94 5557555.485
31 95 7214120.088
31 96 3700607.525
31 97 9657887.251
31 98 932716.7541
31 99 169428.556
32 33 2118737.624
32 34 2158635.57
32 35 1334583.429
32 36 2812353.135
32 37 4057284.281
32 38 1774695.879
32 39 5008898.449
32 40 2405081.525
32 41 8622298.714
32 42 6581524.541
32 43 2293851.773
32 44 1726488.011
32 45 7677782.517
32 46 2019589.812
32 47 5602430.356
32 48 5413521.884
32 49 5305719.399
32 50 6446311.278
32 51 6923591.778
32 52 3706091.146
32 53 968084.7524
32 54 5118187.12
32 55 6952786.569
32 56 7009389.182
32 57 4580214.779
32 58 5675718.477
32 59 7208515.267
32 60 4750331.232
32 61 7455969.074
32 62 6509050.553
32 63 6389693.109
32 64 7804694.971
32 65 5371810.552
32 66 9131611.015
32 67 5436702.937
32 68 6741281.484
32 69 4309483.048
32 70 8641473.235
32 71 4274217.606
32 72 5979974.315
32 73 1554014.404
32 74 5214963.735
32 75 8736884.56
32 76 8596932.17
32 77 5459776.399
32 78 3677043.345
32 79 9527950.505
32 80 4818602.965
32 81 1868411.347
32 82 9876305.71
32 83 3377891.651
32 84 925883.0921
32 85 11029419.8
32 86 3749659.15
32 87 10763627.57
32 88 1819506.574
32 89 5167775.206
32 90 7277907.425
32 91 3908495.23
32 92 5490323.312
32 93 2892870.565
32 94 2917300.307
32 95 5417381.31
32 96 2557880.997
32 97 7488950.62
32 98 7079875.048
32 99 6148734.936
33 34 1592411.496
33 35 2859051.992
33 36 3529253.519
33 37 3849778.73
33 38 3613896.67
33 39 7067681.566
33 40 4233914.15
33 41 9003613.088
33 42 7327367.878
33 43 3853619.347
33 44 2551693.788
33 45 8721959.96
33 46 4039949.951
33 47 6126376.946
33 48 7257839.869
33 49 5783611.93
33 50 7276719.241
33 51 9010627.57
33 52 3455040.768
33 53 3045114.795
33 54 5744803.101
33 55 8956257.768
33 56 8678665.332
33 57 6382882.009
33 58 7773508.688
33 59 9319623.644
33 60 5101164.7
33 61 8095701.176
33 62 7927504.549
33 63 8455595.681
33 64 9857723.944
33 65 6238911.136
33 66 11075141.32
33 67 7469251.036
33 68 8673029.63
33 69 6365183.122
33 70 10118429.71
33 71 6060299.356
33 72 7456452.024
33 73 1592745.127
33 74 7117184.389
33 75 9887175.72
33 76 9578770.53
33 77 5614062.477
33 78 5789228.04
33 79 11164673.43
33 80 6876971.061
33 81 3987061.776
33 82 11487000.43
33 83 2780659.365
33 84 3044219.747
33 85 12715731.39
33 86 5844676.919
33 87 12536746.73
33 88 3883572.805
33 89 5559326.452
33 90 7754558.449
33 91 5802317.471
33 92 7454455.262
33 93 4303935.573
33 94 4489253.54
33 95 6542693.969
33 96 4674915.069
33 97 8138405.663
33 98 9175814.242
33 99 8235907.119
34 35 2023582.226
34 36 2054911.207
34 37 2302078.09
34 38 3933327.333
34 39 6995994.788
34 40 4562745.849
34 41 7414668.5
34 42 5755125.856
34 43 2802291.041
34 44 1352407.479
34 45 7197997.229
34 46 3449546.409
34 47 4538361.482
34 48 6221120.179
34 49 4194257.024
34 50 5718275.372
34 51 8350147.299
34 52 1906328.493
34 53 2725155.928
34 54 4169389.01
34 55 8094494.297
34 56 7449612.431
34 57 5334686.406
34 58 7558220.666
34 59 8771774.253
34 60 3509140.049
34 61 6509053.579
34 62 6556198.553
34 63 7740020.624
34 64 9083677.356
34 65 4700081.409
34 66 10086266.75
34 67 7456065.589
34 68 7705672.612
34 69 6313941.631
34 70 8746723.274
34 71 5010302.383
34 72 6126468.166
34 73 623426.4443
34 74 6152125.512
34 75 8384007.794
34 76 8034170.109
34 77 4031567.061
34 78 5340396.211
34 79 9878618.664
34 80 6809541.922
34 81 3749090.715
34 82 10180499.25
34 83 1334078.962
34 84 2882292.967
34 85 11451648.54
34 86 5304338.626
34 87 11344452.59
34 88 3888018.052
34 89 3967346.561
34 90 6162166.812
34 91 4882439.933
34 92 6563725.511
34 93 3090333.027
34 94 3367919.751
34 95 5073489.253
34 96 4331380.105
34 97 6552365.366
34 98 8949307.68
34 99 8057507.161
35 36 1615545.887
35 37 3164722.054
35 38 2621432.946
35 39 5106714.443
35 40 3151958.221
35 41 7349933.836
35 42 5261217.93
35 43 1026308.52
35 44 814462.7455
35 45 6345682.823
35 46 1437673.443
35 47 4332505.529
35 48 4399522.731
35 49 4053824.588
35 50 5118202.542
35 51 6340060.429
35 52 2883363.296
35 53 1028055.187
35 54 3833449.042
35 55 6153735.744
35 56 5854988.295
35 57 3523863.087
35 58 5595057.644
35 59 6749035.675
35 60 3555605.289
35 61 6144693.416
35 62 5237140.472
35 63 5741028.426
35 64 7107112.092
35 65 4045360.04
35 66 8230150.802
35 67 5589672.623
35 68 5829412.823
35 69 4453569.542
35 70 7398477.447
35 71 3201543.555
35 72 4725192.797
35 73 1482890.074
35 74 4269739.779
35 75 7415925.738
35 76 7263157.973
35 77 4307799.997
35 78 3332010.857
35 79 8361005.496
35 80 4926710.309
35 81 1911909.121
35 82 8696069.738
35 83 2819775.146
35 84 1313300.536
35 85 9894230.517
35 86 3282630.711
35 87 9688414.286
35 88 2247022.342
35 89 3944747.321
35 90 5996553.849
35 91 2961328.284
35 92 4633244.761
35 93 1581367.316
35 94 1671793.498
35 95 4085778.949
35 96 2383309.554
35 97 6176136.862
35 98 6971041.948
35 99 6103091.575
36 37 1757542.735
36 38 4235775.68
36 39 6384857.081
36 40 4751757.049
36 41 5816559.932
36 42 3873377.527
36 43 1467891.432
36 44 1126526.552
36 45 5194426.978
36 46 2670226.534
36 47 2801983.52
36 48 4449934.822
36 49 2496286.742
36 50 3786838.813
36 51 6928754.5
36 52 1606957.469
36 53 2632386.863
36 54 2338225.573
36 55 6453635.308
36 56 5475421.464
36 57 3590965.067
36 58 6723919.405
36 59 7467903.721
36 60 1948806.438
36 61 4707417.152
36 62 4510281.725
36 63 6276939.399
36 64 7512254.894
36 65 2727088.763
36 66 8280740.218
36 67 6887407.632
36 68 5962856.333
36 69 5787355.965
36 70 6697107.632
36 71 3284367.475
36 72 4099920.738
36 73 1951947.774
36 74 4465183.943
36 75 6358819.856
36 76 6061689.713
36 77 2692493.775
36 78 4392264.512
36 79 7857719.264
36 80 6218529.055
36 81 3389555.057
36 82 8149832.234
36 83 1941246.301
36 84 2925388.017
36 85 9437290.877
36 86 4235911.13
36 87 9370651.497
36 88 3812404.744
36 89 2356420.801
36 90 4480959.735
36 91 3338696.723
36 92 4944912.171
36 93 1346485.983
36 94 1729790.134
36 95 3025175.894
36 96 3688267.712
36 97 4744513.024
36 98 8029741.744
36 99 7241172.35
37 38 5712847.72
37 39 8130583.358
37 40 6285935.07
37 41 5204172.044
37 42 3875936.676
37 43 3224938.462
37 44 2410734.486
37 45 5513441.302
37 46 4399168.022
37 47 2570876.846
37 48 5945565.07
37 49 2228789.791
37 50 3930473.255
37 51 8586078.953
37 52 396215.3403
37 53 4180197.682
37 54 2379012.464
37 55 8003394.764
37 56 6642299.699
37 57 5142308.546
37 58 8481462.118
37 59 9160466.287
37 60 1534876.435
37 61 4483895.239
37 62 5434627.288
37 63 7924853.043
37 64 9090781.048
37 65 3105383.749
37 66 9657375.02
37 67 8630674.008
37 68 7443031.619
37 69 7520140.942
37 70 7505281.724
37 71 4862379.411
37 72 5160386.309
37 73 2660263.147
37 74 6027293.589
37 75 6742004.135
37 76 6233049.853
37 77 1811129.587
37 78 6149806.131
37 79 8817831.116
37 80 7961517.356
37 81 5054240.367
37 82 9059792.085
37 83 1124539.87
37 84 4443902.227
37 85 10397445.87
37 86 5990601.874
37 87 10455255.16
37 88 5410581.381
37 89 1948142.323
37 90 4035948.042
37 91 5012179.158
37 92 6538135.959
37 93 3041470.632
37 94 3437870.108
37 95 3758722.969
37 96 5416894.26
37 97 4532655.888
37 98 9783739.954
37 99 8998714.604
38 39 3532902.834
38 40 636973.1774
38 41 9864810.92
38 42 7663971.746
38 43 3183573.42
38 44 3304431.085
38 45 8477650.336
38 46 2156156.314
38 47 6876292.411
38 48 5349439.443
38 49 6622147.287
38 50 7474928.729
38 51 6087838.141
38 52 5388387.409
38 53 1609830.824
38 54 6361039.982
38 55 6423625.341
38 56 7138008.262
38 57 4674998.665
38 58 4329599.452
38 59 6201731.205
38 60 6165057.138
38 61 8573654.51
38 62 6993441.379
38 63 5672629.742
38 64 7085568.997
38 65 6437954.305
38 66 8681698.341
38 67 3893193.218
38 68 6406002.366
38 69 2839948.696
38 70 8957668.755
38 71 4435601.402
38 72 6429913.889
38 73 3326053.521
38 74 5046794.547
38 75 9400374.012
38 76 9416181.748
38 77 6926031.424
38 78 2863310.39
38 79 9605500.165
38 80 3344995.631
38 81 1341240.993
38 82 9980368.462
38 83 5129817.473
38 84 1311243.598
38 85 10997179.24
38 86 3082118.129
38 87 10601344.14
38 88 769848.0795
38 89 6537582.894
38 90 8505022.433
38 91 3906021.609
38 92 5151671.62
38 93 3795590.078
38 94 3632133.418
38 95 6272702.759
38 96 1870168.821
38 97 8598902.566
38 98 5701789.961
38 99 4746349.786
39 40 3007777.423
39 41 10887476.34
39 42 8550910.496
39 43 4925696.104
39 44 5920479.24
39 45 8673732.507
39 46 3738161.038
39 47 8271213.351
39 48 4492551.36
39 49 8141933.128
39 50 8275617.102
39 51 3401130.349
39 52 7913817.008
39 53 4271104.807
39 54 7766349.736
39 55 4300022.919
39 56 6198537.411
39 57 4398069.219
39 58 921218.3287
39 59 3163579.629
39 60 7957474.91
39 61 9429437.391
39 62 6787419.35
39 63 3329567.44
39 64 4470516.998
39 65 7477407.372
39 66 6385689.393
39 67 508672.282
39 68 4685624.849
39 69 702501.5427
39 70 8114197.659
39 71 4392924.127
39 72 6275232.946
39 73 6378152.877
39 74 4092686.817
39 75 9209382.372
39 76 9547146.651
39 77 8742411.444
39 78 2107427.908
39 79 8219182.755
39 80 190739.5058
39 81 3247340.213
39 82 8609523.688
39 83 7926121.271
39 84 4140070.91
39 85 9282402.644
39 86 2383898.171
39 87 8672500.11
39 88 3193028.911
39 89 8183030.356
39 90 9609661.108
39 91 3845163.43
39 92 3800824.195
39 93 5272935.561
39 94 4903813.267
39 95 6934428.314
39 96 2731379.309
39 97 9435195.467
39 98 2184598.334
39 99 1231090.314
40 41 10274550.15
40 42 8032589.415
40 43 3592107.859
40 44 3875533.811
40 45 8742966.293
40 46 2443430.447
40 47 7315361.695
40 48 5363260.854
40 49 7077333.671
40 50 7827245.591
40 51 5790043.885
40 52 5972202.853
40 53 2124129.694
40 54 6794928.205
40 55 6239600.287
40 56 7185174.628
40 57 4766736.281
40 58 3849305.359
40 59 5834369.149
40 60 6655935.636
40 61 8947182.599
40 62 7167544.832
40 63 5429322.456
40 64 6819010.212
40 65 6814004.508
40 66 8498982.775
40 67 3331719.531
40 68 6295782.522
40 69 2335526.786
40 70 9049707.026
40 71 4559523.049
40 72 6601257.91
40 73 3951803.505
40 74 5030880.224
40 75 9610702.119
40 76 9680709.047
40 77 7428498.85
40 78 2690826.066
40 79 9606613.734
40 80 2824874.134
40 81 1564891.65
40 82 9987980.537
40 83 5741830.438
40 84 1844818.826
40 85 10948633.54
40 86 2959025.406
40 87 10508432.57
40 88 994715.5532
40 89 7010862.541
40 90 8916540.186
40 91 3995142.651
40 92 5068462.224
40 93 4180077.809
40 94 3969363.761
40 95 6582466.913
40 96 1882146.43
40 97 8969606.475
40 98 5191261.798
40 99 4235632.162
41 42 2337608.169
41 43 6687711.327
41 44 6935587.598
41 45 2893349.048
41 46 7860047.848
41 47 3020472.962
41 48 6784990.972
41 49 3320911.103
41 50 2613577.009
41 51 9576277.83
41 52 5584435.302
41 53 8278496.823
41 54 3517380.093
41 55 8469343.148
41 56 5974480.768
41 57 6548511.888
41 58 10802450.35
41 59 10333802.31
41 60 3938220.324
41 61 1474420.416
41 62 4630809.531
41 63 8977763.135
41 64 9490379.188
41 65 3488771.241
41 66 8956531.981
41 67 11376669.45
41 68 7715515.298
41 69 10506023.22
41 70 5313190.965
41 71 6504846.853
41 72 4938745.323
41 73 7604267.877
41 74 7125980.812
41 75 3569029.205
41 76 2694758.367
41 77 3398497.135
41 78 8818727.559
41 79 6732750.067
41 80 10777555.86
41 81 8734592.955
41 82 6751988.336
41 83 6327419.809
41 84 8582797.338
41 85 7995357.94
41 86 8515066.815
41 87 8469483.277
41 88 9280584.869
41 89 3489944.409
41 90 1359788.983
41 91 7042369.355
41 92 7620404.272
41 93 6095017.872
41 94 6334385.145
41 95 3953344.652
41 96 8706893.83
41 97 1478351.442
41 98 11722112.16
41 99 11263242.13
42 43 4484356.667
42 44 4990288.867
42 45 1717441.281
42 46 5595836.585
42 47 1307320.259
42 48 4548374.205
42 49 1647209.86
42 50 311059.5118
42 51 7408616.01
42 52 4180311.166
42 53 6115812.376
42 54 1586234.571
42 55 6380192.228
42 56 4079119.19
42 57 4233456.35
42 58 8483205.132
42 59 8149212.749
42 60 2349174.661
42 61 915963.7996
42 62 2638352.365
42 63 6782807.632
42 64 7451706.748
42 65 1227473.241
42 66 7240601.761
42 67 9041297.323
42 68 5642697.919
42 69 8169653.108
42 70 4098138.123
42 71 4174285.027
42 72 2792048.555
42 73 5799023.268
42 74 4864075.719
42 75 2929856.414
42 76 2357548.572
42 77 2282138.668
42 78 6481456.272
42 79 5545337.073
42 80 8440165.292
42 81 6475875.075
42 82 5691830.492
42 83 4938305.879
42 84 6417435.239
42 85 7038840.383
42 86 6177466.349
42 87 7302098.39
42 88 7038607.521
42 89 1930126.837
42 90 1114015.23
42 91 4705775.968
42 92 5378660.843
42 93 3868384.974
42 94 4065175.47
42 95 1619487.89
42 96 6401672.514
42 97 937026.073
42 98 9445688.776
42 99 8951406.491
43 44 1449888.063
43 45 5422225.393
43 46 1263971.291
43 47 3725665.415
43 48 3440279.667
43 49 3499057.632
43 50 4305216.536
43 51 5616366.773
43 52 3050191.624
43 53 1643168.56
43 54 3204031.8
43 55 5294452.207
43 56 4834689.158
43 57 2554854.792
43 58 5257179.948
43 59 6102549.144
43 60 3144118.572
43 61 5391654.201
43 62 4222912.179
43 63 4985164.404
43 64 6298137.86
43 65 3257144.183
43 66 7298311.324
43 67 5430304.941
43 68 4908802.022
43 69 4343457.396
43 70 6375769.551
43 71 2229505.493
43 72 3704082.826
43 73 2369522.526
43 74 3351879.905
43 75 6452295.982
43 76 6351715.228
43 77 3934588.312
43 78 2925637.514
43 79 7336953.651
43 80 4762364.492
43 81 2086325.236
43 82 7670620.147
43 83 3236727.268
43 84 1940192.891
43 85 8874373.825
43 86 2779893.778
43 87 8683127.492
43 88 2601855.261
43 89 3456891.071
43 90 5328421.742
43 91 2084254.857
43 92 3763270.402
43 93 626907.8297
43 94 645599.1727
43 95 3168393.296
43 96 2261762.624
43 97 5417668.054
43 98 6571798.072
43 99 5774368.904
44 45 6249695.684
44 46 2227306.946
44 47 3925979.116
44 48 4876296.172
44 49 3614860.095
44 50 4891130.84
44 51 7023530.853
44 52 2102095.674
44 53 1782375.572
44 54 3464658.126
44 55 6742844.11
44 56 6167993.526
44 57 3989492.428
44 58 6396599.268
44 59 7470684.749
44 60 3032523.702
44 61 5832318.312
44 62 5375820.877
44 63 6404926.961
44 64 7737579.116
44 65 3821619.267
44 66 8739884.51
44 67 6404058.649
44 68 6355438.667
44 69 5268000.121
44 70 7567065.311
44 71 3664467.307
44 72 4908377.44
44 73 973582.6394
44 74 4800500.802
44 75 7384171.556
44 76 7136844.689
44 77 3733439.537
44 78 4112911.143
44 79 8632912.365
44 80 5740815.157
44 81 2720627.616
44 82 8948665.778
44 83 2005654.504
44 84 2035902.592
44 85 10193995.19
44 86 4039527.401
44 87 10051291.41
44 88 3019018.089
44 89 3459338.008
44 90 5604880.839
44 91 3531081.673
44 92 5211874.002
44 93 1781277.948
44 94 2027501.444
44 95 4026914.466
44 96 3194467.253
44 97 5868937.158
44 98 7765310.344
44 99 6906671.95
45 46 6326007.041
45 47 2986988.31
45 48 4263460.831
45 49 3306050.791
45 50 1590677.484
45 51 6866160.168
45 52 5785721.266
45 53 7050608.978
45 54 3142186.88
45 55 5697108.394
45 56 3132519.365
45 57 4294499.191
45 58 8423443.015
45 59 7634783.989
45 60 3979659.037
45 61 1714487.27
45 62 1939977.939
45 63 6313608.525
45 64 6670089.734
45 65 2501865.217
45 66 6063841.588
45 67 9128839.801
45 68 4943076.468
45 69 8418846.063
45 70 2528269.271
45 71 4365938.819
45 72 2404007.177
45 73 7145010.927
45 74 4647028.387
45 75 1229289.701
45 76 938697.3249
45 77 3996674.406
45 78 6746679.434
45 79 3988045.587
45 80 8596081.628
45 81 7186675.63
45 82 4082734.276
45 83 6526766.18
45 84 7336577.422
45 85 5408941.458
45 86 6415542.235
45 87 5754377.525
45 88 7775947.297
45 89 3597472.128
45 90 2356751.319
45 91 4959532.97
45 92 5074170.068
45 93 4800348.341
45 94 4870828.732
45 95 2260462.308
45 96 6949662.535
45 97 1672025.829
45 98 9171937.059
45 99 8839197.822
46 47 4947721.208
46 48 3438407.844
46 49 4739582.56
46 50 5385659.726
46 51 4984555.341
46 52 4175684.281
46 53 1057752.296
46 54 4424014.255
46 55 4938191.553
46 56 5127140.413
46 57 2652339.448
46 58 4170950.353
46 59 5347614.814
46 60 4407365.873
46 61 6511426.573
46 62 4854925.927
46 63 4417069.316
46 64 5818013.526
46 65 4383240.29
46 66 7112370.994
46 67 4234638.148
46 68 4724836.388
46 69 3121227.413
46 70 6875842.821
46 71 2373258.697
46 72 4295092.227
46 73 2876886.09
46 74 3212306.522
46 75 7245943.775
46 76 7264704.12
46 77 5198233.441
46 78 1894506.083
46 79 7636400.044
46 80 3565815.116
46 81 880507.5929
46 82 7998379.532
46 83 4218867.67
46 84 1222314.749
46 85 9098512.999
46 86 1860985.585
46 87 8790550.191
46 88 1456685.723
46 89 4711577.192
46 90 6506817.856
46 91 1928006.808
46 92 3471054.328
46 93 1779910.525
46 94 1530858.684
46 95 4141767.763
46 96 1018724.226
46 97 6532663.237
46 98 5538283.147
46 99 4682559.482
47 48 4779588.339
47 49 349175.8488
47 50 1398301.173
47 51 7668480.481
47 52 2884655.67
47 53 5277680.68
47 54 523724.1625
47 55 6782896.292
47 56 4797366.151
47 57 4237940.45
47 58 8344829.303
47 59 8365044.994
47 60 1056515.317
47 61 1971242.111
47 62 3394255.377
47 63 7011537.695
47 64 7888135.89
47 65 1000907.716
47 66 7977312.629
47 67 8776161.586
47 68 6092416.254
47 69 7803570.621
47 70 5204632.186
47 71 4082903.206
47 72 3336557
47 73 4648349.82
47 74 5018256.008
47 75 4213540.52
47 76 3664636.341
47 77 1060506.095
47 78 6164032.73
47 79 6610447.224
47 80 8138119.373
47 81 5804700.664
47 82 6798821.538
47 83 3646465.455
47 84 5581767.745
47 85 8151917.952
47 86 5896085.044
47 87 8334444.95
47 88 6327196.651
47 89 623151.0241
47 90 1679016.643
47 91 4511234.982
47 92 5559298.19
47 93 3168110.001
47 94 3461861.111
47 95 1827921.337
47 96 5863775.478
47 97 2015325.242
47 98 9446326.444
47 99 8840718.854
48 49 4811268.486
48 50 4240918.784
48 51 2894608.155
48 52 5948046.015
48 53 4481655.804
48 54 4397224.941
48 55 2070400.316
48 56 1836538.806
48 57 886804.086
48 58 4165916.127
48 59 3613439.139
48 60 4987194.61
48 61 5315816.281
48 62 2331497.613
48 63 2247744.071
48 64 3174859.209
48 65 3795559.763
48 66 3865426.554
48 67 4918228.432
48 68 1513115.237
48 69 4354111.714
48 70 3750075.922
48 71 1211967.851
48 72 1878463.625
48 73 5809761.193
48 74 400016.4651
48 75 4717248.324
48 76 5093382.286
48 77 5624362.375
48 78 2826583.549
48 79 4256308.382
48 80 4440715.342
48 81 4037412.065
48 82 4632767.581
48 83 6390139.79
48 84 4660134.758
48 85 5671327.507
48 86 2498542.671
48 87 5354100.789
48 88 4579961.714
48 89 4984492.692
48 90 5662365.304
48 91 1511047.191
48 92 835414.5523
48 93 3159874.938
48 94 2853528.348
48 95 3021093.256
48 96 3497950.236
48 97 5308040.823
48 98 4946695.67
48 99 4575745.336
49 50 1715556.364
49 51 7684964.486
49 52 2537419.423
49 53 5017220.225
49 54 414831.4694
49 55 6842551.125
49 56 4956305.516
49 57 4216841.468
49 58 8252319.082
49 59 8366582.429
49 60 707674.3098
49 61 2317689.883
49 62 3581869.229
49 63 7023216.613
49 64 7951140.155
49 65 1129177.53
49 66 8122202.676
49 67 8648868.22
49 68 6169273.956
49 69 7653606.413
49 70 5465153.524
49 71 4038365.222
49 72 3473966.798
49 73 4315746.592
49 74 5026545.597
49 75 4534817.94
49 76 4004292.395
49 77 855597.926
49 78 6035488.738
49 79 6853758.74
49 80 8003517.661
49 81 5584761.623
49 82 7054283.183
49 83 3298540.141
49 84 5320492.689
49 85 8406469.877
49 86 5779093.177
49 87 8563560.879
49 88 6094298.892
49 89 292421.8715
49 90 1997316.547
49 91 4431891.909
49 92 5568974.273
49 93 2967166.469
49 94 3284073.704
49 95 1951199.592
49 96 5678581.73
49 97 2362343.358
49 98 9386565.932
49 99 8753633.698
50 51 7098362.197
50 52 4214687.903
50 53 5944413.469
50 54 1578146.479
50 55 6069302.87
50 56 3780070.361
50 57 3941158.341
50 58 8193712.851
50 59 7839691.1
50 60 2395599.745
50 61 1158401.246
50 62 2337488.093
50 63 6473479.505
50 64 7141536.136
50 65 1075536.727
50 66 6948239.279
50 67 8763710.139
50 68 5332221.796
50 69 7905525.359
50 70 3875103.559
50 71 3891306.72
50 72 2481271.167
50 73 5728983.59
50 74 4559591.132
50 75 2819262.636
50 76 2327948.095
50 77 2427559.744
50 78 6214935.137
50 79 5311651.651
50 80 8167627.715
50 81 6266150.555
50 82 5472064.487
50 83 4964373.139
50 84 6244077.231
50 85 6822799.298
50 86 5907374.632
50 87 7061403.697
50 88 6834967.297
50 89 2006816.554
50 90 1422702.171
50 91 4431191.969
50 92 5072125.665
50 93 3683210.82
50 94 3858088.957
50 95 1341604.363
50 96 6167860.982
50 97 1169601.663
50 98 9144904.416
50 99 8659051.384
51 52 8518870.331
51 53 5969355.709
51 54 7270133.729
51 55 1247404.235
51 56 3810076.723
51 57 3504999.111
51 58 2582716.771
51 59 769950.5713
51 60 7803772.375
51 61 8126878.036
51 62 4963878.777
51 63 667233.1713
51 64 1073497.665
51 65 6689064.421
51 66 2997619.916
51 67 3566472.585
51 68 1955518.559
51 69 3745499.06
51 70 5480037.879
51 71 3747314.001
51 72 4643871.098
51 73 7821639.937
51 74 2659370.454
51 75 6990400.725
51 76 7568306.487
51 77 8479494.74
51 78 3284788.938
51 79 5176696.42
51 80 3480591.269
51 81 5111669.509
51 82 5551185.909
51 83 8829716.201
51 84 6011783.723
51 85 6015501.445
51 86 3174388.891
51 87 5340100.336
51 88 5435039.144
51 89 7842410.932
51 90 8520307.499
51 91 3590098.991
51 92 2117182.837
51 93 5582857.175
51 94 5201000.12
51 95 5913720.459
51 96 4407276.913
51 97 8113498.162
51 98 2547144.341
51 99 2694464.193
52 53 3883342.961
52 54 2643615.023
52 55 7989397.39
52 56 6749043.122
52 57 5119927.569
52 58 8299930.528
52 59 9070157.995
52 60 1831448.469
52 61 4823723.751
52 62 5592221.335
52 63 7862641.51
52 64 9065369.659
52 65 3335179.923
52 66 9710991.456
52 67 8409791.645
52 68 7455773.096
52 69 7289180.613
52 70 7699410.902
52 71 4827736.081
52 72 5284459.609
52 73 2278552.812
52 74 6003678.61
52 75 7010997.059
52 76 6532103.435
52 77 2186644.304
52 78 5970838.817
52 79 8983198.696
52 80 7741220.616
52 81 4789346.955
52 82 9237142.029
52 83 764135.3539
52 84 4137169.88
52 85 10566488.02
52 86 5829643.292
52 87 10594365.73
52 88 5118974.631
52 89 2267279.624
52 90 4396536.897
52 91 4931012.057
52 92 6502001.771
52 93 2940598.384
52 94 3330875.204
52 95 3936083.352
52 96 5187965.907
52 97 4871472.715
52 98 9621974.594
52 99 8816567.59
53 54 4766074.08
53 55 5984995.497
53 56 6127915.238
53 57 3670160.266
53 58 4859369.226
53 59 6277453.253
53 60 4555528.011
53 61 7017659.684
53 62 5734609.423
53 63 5426963.809
53 64 6839608.224
53 65 4888641.124
53 66 8168778.271
53 67 4731695.347
53 68 5782557.715
53 69 3589282.871
53 70 7820996.938
53 71 3374982.64
53 72 5188371.796
53 73 2107243.559
53 74 4266824.87
53 75 8049034.176
53 76 7983715.795
53 77 5318845.43
53 78 2751520.62
53 79 8644889.963
53 80 4084444.85
53 81 1026197.297
53 82 9000708.843
53 83 3738930.285
53 84 304320.7671
53 85 10125990.71
53 86 2799820.332
53 87 9835754.775
53 88 1236877.315
53 89 4928440.321
53 90 6919496.153
53 91 2971189.475
53 92 4527679.884
53 93 2269814.718
53 94 2186755.109
53 95 4804843.216
53 96 1658234.861
53 97 7045405.807
53 98 6259508.448
53 99 5350494.622
54 55 6431373.947
54 56 4583645.598
54 57 3803761.936
54 58 7859074.906
54 59 7952151.738
54 60 862633.7113
54 61 2373700.355
54 62 3233291.926
54 63 6608406.397
54 64 7540286.422
54 65 778665.9858
54 66 7738396.868
54 67 8272272.905
54 68 5761742.631
54 69 7290518.854
54 70 5183304.936
54 71 3628948.444
54 72 3093081.348
54 73 4230898.262
54 74 4611735.148
54 75 4368348.29
54 76 3905201.14
54 77 1247952.764
54 78 5658946.779
54 79 6547962.071
54 80 7630954.588
54 81 5281569.525
54 82 6762514.363
54 83 3388326.784
54 84 5070348.643
54 85 8111731.379
54 86 5396289.93
54 87 8240589.546
54 88 5805851.511
54 89 620139.5185
54 90 2163233.054
54 91 4032315.09
54 92 5154161.193
54 93 2644385.943
54 94 2940178.881
54 95 1573100.172
54 96 5341672.217
54 97 2412569.482
54 98 8982362.715
54 99 8358348.085
55 56 2595342.549
55 57 2869855.408
55 58 3601451.579
55 59 2001137.273
55 60 7051320.161
55 61 7043265.233
55 62 3838534.029
55 63 976718.3944
55 64 1109528.28
55 65 5785013.691
55 66 2260717.649
55 67 4560604.692
55 68 755442.1615
55 69 4491160.712
55 70 4233071.416
55 71 3169629.853
55 72 3588298.216
55 73 7623001.459
55 74 1988870.847
55 75 5759213.274
55 76 6362409.603
55 77 7669871.338
55 78 3564923.476
55 79 3998467.278
55 80 4337805.222
55 81 5273755.604
55 82 4381558.929
55 83 8392366.776
55 84 6088642.087
55 85 4982386.081
55 86 3347195.639
55 87 4392860.886
55 88 5701283.297
55 89 7030005.466
55 90 7480198.252
55 91 3212108.048
55 92 1531201.33
55 93 5125257.286
55 94 4777809.604
55 95 4974910.589
55 96 4600145.424
55 97 7025721.774
55 98 3779627.126
55 99 3813348.175
56 57 2478377.141
56 58 5737922.96
56 59 4578337.238
56 60 5364555.497
56 61 4607112.295
56 62 1443444.537
56 63 3328516.16
56 64 3537750.007
56 65 3827440.214
56 66 3186245.532
56 67 6583578.962
56 68 1855350.755
56 69 6135312.458
56 70 1929365.465
56 71 2755952.784
56 72 1498594.326
56 73 7139111.437
56 74 2207457.804
56 75 3187767.248
56 76 3767100.153
56 77 5811481.234
56 78 4659121.301
56 79 2518795.768
56 80 6169745.893
56 81 5807429.928
56 82 2873063.026
56 83 7329687.42
56 84 6340331.59
56 85 4039687.301
56 86 4333390.937
56 87 3897449.774
56 88 6368809.46
56 89 5202774.8
56 90 5120856.544
56 91 3235951.762
56 92 2398899.253
56 93 4387326.142
56 94 4192461.303
56 95 3010546.697
56 96 5309391.005
56 97 4581939.046
56 98 6248832.359
56 99 6077654.37
57 58 4253940.743
57 59 4158129.168
57 60 4299709.22
57 61 5076828.226
57 62 2483617.586
57 63 2837863.22
57 64 3948961.433
57 65 3302816.748
57 66 4751591.841
57 67 4868639.549
57 68 2383350.162
57 69 4124784.423
57 70 4287835.757
57 71 325415.0888
57 72 1932103.215
57 73 4924327.18
57 74 885098.649
57 75 4958864.748
57 76 5192000.543
57 77 4988261.021
57 78 2464080.168
57 79 4984063.039
57 80 4310831.924
57 81 3337854.793
57 82 5346842.318
57 83 5532052.158
57 84 3870477.606
57 85 6455939.138
57 86 2129356.976
57 87 6187975.149
57 88 3908595.065
57 89 4355440.439
57 90 5330464.266
57 91 772554.2428
57 92 1404267.665
57 93 2282246.008
57 94 1967648.804
57 95 2623323.892
57 96 2885337.529
57 97 5077848.166
57 98 5238439.334
57 99 4718108.05
58 59 2264835.002
58 60 8145348.592
58 61 9330534.191
58 62 6497138.992
58 63 2626621.969
58 64 3633828.886
58 65 7485384.6
58 66 5580185.859
58 67 983853.9126
58 68 4083893.659
58 69 1517056.468
58 70 7614639.593
58 71 4317096.169
58 72 6023023.66
58 73 6952396.225
58 74 3777110.233
58 75 8847194.527
58 76 9258880.217
58 77 8914488.405
58 78 2331663.383
58 79 7585319.313
58 80 1068043.141
58 81 3839124.138
58 82 7972091.19
58 83 8388895.654
58 84 4771869.428
58 85 8558708.13
58 86 2514283.62
58 87 7911389.003
58 88 3894513.904
58 89 8325233.201
58 90 9571690.588
58 91 3835816.086
58 92 3390300.467
58 93 5512609.1
58 94 5123782.931
58 95 6866533.192
58 96 3227223.793
58 97 9331078.115
58 98 1404242.028
58 99 517272.7863
59 60 8451779.584
59 61 8880224.821
59 62 5728448.641
59 63 1367027.74
59 64 1506674.087
59 65 7395230.033
59 66 3463725.688
59 67 3222929.118
59 68 2723105.383
59 69 3631116.913
59 70 6222788.778
59 71 4375481.412
59 72 5397226.977
59 73 8218897.158
59 74 3346974.416
59 75 7755781.358
59 76 8338046.718
59 77 9146302.19
59 78 3531490.155
59 79 5845644.763
59 80 3279292.135
59 81 5355271.39
59 82 6211507.714
59 83 9336746.125
59 84 6284625.223
59 85 6577571.695
59 86 3490850.913
59 87 5855423.017
59 88 5607332.393
59 89 8512648.315
59 90 9262356.086
59 91 4148478.976
59 92 2807104.041
59 93 6130113.391
59 94 5739445.396
59 95 6633606.079
59 96 4654183.689
59 97 8867803.927
59 98 1883902.913
59 99 2236149.784
60 61 3017646.502
60 62 4055684.353
60 63 7136924.929
60 64 8159500.936
60 65 1627738.619
60 66 8484866.436
60 67 8466147.17
60 68 6416178.979
60 69 7427135.772
60 70 6042335.56
60 71 4077815.814
60 72 3866088.937
60 73 3666404.67
60 74 5153848.816
60 75 5208639.539
60 76 4703270.319
60 77 791994.1049
60 78 5867728.311
60 79 7397092.766
60 80 7808359.253
60 81 5215578.396
60 82 7617739.709
60 83 2591433.477
60 84 4854286.302
60 85 8965239.386
60 86 5638919.907
60 87 9077449.904
60 88 5690653.019
60 89 458221.248
60 90 2654819.009
60 91 4391199.597
60 92 5692087.376
60 93 2691884.706
60 94 3053681.516
60 95 2372944.516
60 96 5388700.989
60 97 3063379.259
60 98 9342364.76
60 99 8655499.616
61 62 3214771.108
61 63 7520090.292
61 64 8084658.965
61 65 2135985.899
61 66 7685215.538
61 67 9915722.119
61 68 6293018.478
61 69 9063700.879
61 70 4242755.653
61 71 5040532.54
61 72 3483261.225
61 73 6601443.846
61 74 5653407.597
61 75 2741027.912
61 76 1975119.126
61 77 2735293.65
61 78 7372791.179
61 79 5702252.139
61 80 9323111.254
61 81 7391330.582
61 82 5789134.468
61 83 5587841.221
61 84 7320150.539
61 85 7103989.376
61 86 7064259.439
61 87 7468223.952
61 88 7952972.113
61 89 2564657.408
61 90 663513.6406
61 91 5586466.247
61 92 6151102.488
61 93 4778746.031
61 94 4980655.533
61 95 2498385.81
61 96 7315480.927
61 97 53517.83388
61 98 10249052.1
61 99 9789737.613
62 63 4390733.255
62 64 4870041.081
62 65 2458504.951
62 66 4622840.059
62 67 7229656.922
62 68 3084902.077
62 69 6579532.436
62 70 2193376.92
62 71 2626922.854
62 72 566309.0989
62 73 6342080.581
62 74 2721305.782
62 75 2475555.046
62 76 2765032.318
62 77 4430827.174
62 78 4942671.195
62 79 3391561.335
62 80 6720747.724
62 81 5658894.759
62 82 3657138.235
62 83 6236630.776
62 84 5991323.837
62 85 4975786.978
62 86 4606610.4
62 87 5027471.276
62 88 6248836.861
62 89 3843718.615
62 90 3695755.865
62 91 3217210.244
62 92 3135082.527
62 93 3665230.137
62 94 3591754.132
62 95 1686450.386
62 96 5307152.36
62 97 3194514.884
62 98 7233141.792
62 99 6905063.08
63 64 1424511.51
63 65 6036132.052
63 66 3121061.522
63 67 3583886.865
63 68 1519946.114
63 69 3554147.129
63 70 5099895.17
63 71 3080887.131
63 72 4039083.611
63 73 7223916.116
63 74 1996671.291
63 75 6515159.245
63 76 7050310.216
63 77 7814772.798
63 78 2820137.672
63 79 4962869.653
63 80 3373917.514
63 81 4616834.35
63 82 5348290.751
63 83 8185817.124
63 84 5490493.907
63 85 5954859.261
63 86 2662634.371
63 87 5347263.757
63 88 4985153.974
63 89 7178187.436
63 90 7896180.795
63 91 2939404.058
63 92 1454250.119
63 93 4930474.147
63 94 4551983.109
63 95 5268738.563
63 96 3919087.577
63 97 7508572.966
63 98 2921889.586
63 99 2857887.633
64 65 6889187.811
64 66 1967099.438
64 67 4616528.562
64 68 1811444.063
64 69 4816872.506
64 70 4946333.089
64 71 4237731.128
64 72 4662218.685
64 73 8587392.002
64 74 3063870.082
64 75 6607084.928
64 76 7272975.895
64 77 8779301.259
64 78 4241586.538
64 79 4405357.494
64 80 4553063.547
64 81 6041145.743
64 82 4758925.641
64 83 9444875.236
64 84 6910368.139
64 85 5071792.37
64 86 4086778.755
64 87 4350868.685
64 88 6406341.471
64 89 8139464.764
64 90 8543633.54
64 91 4217555.802
64 92 2567357.764
64 93 6173705.072
64 94 5813647.983
64 95 6075401.402
64 96 5343587.789
64 97 8064547.974
64 98 3385238.859
64 99 3695792.36
65 66 6996944.187
65 67 7976363.032
65 68 5091857.097
65 69 7055105.233
65 70 4416164.46
65 71 3179335.091
65 72 2349328.973
65 73 4676539.305
65 74 4049917.83
65 75 3706989.364
65 76 3339861.07
65 77 1984047.663
65 78 5382045.656
65 79 5771410.285
65 80 7355525.74
65 81 5261762.99
65 82 5990002.965
65 83 4055439.211
65 84 5190097.821
65 85 7337763.371
65 86 5093555.291
65 87 7461923.571
65 88 5819438.462
65 89 1385254.955
65 90 2154249.46
65 91 3655824.042
65 92 4588210.835
65 93 2642776.774
65 94 2853103.707
65 95 830307.9317
65 96 5218251.37
65 97 2160956.328
65 98 8537003.889
65 99 7971212.964
66 67 6564008.309
66 68 2402113.831
66 69 6668422.917
66 70 3826011.785
66 71 5076028.222
66 72 4648275.553
66 73 9665094.77
66 74 3960418.532
66 75 5651996.832
66 76 6445755.699
66 77 8977602.025
66 78 5825296.894
66 79 2837493.602
66 80 6452580.345
66 81 7510282.024
66 82 3123011.381
66 83 10209843.28
66 84 8294061.954
66 85 3163650.159
66 86 5601617.295
66 87 2398891.446
66 88 7953870.068
66 89 8358478.298
66 90 8244421.414
66 91 5272993.907
66 92 3641322.651
66 93 7019722.379
66 94 6718940.62
66 95 6171006.02
66 96 6847532.365
66 97 7653665.823
66 98 5323275.485
66 99 5661858.566
67 68 5003227.192
67 69 1142584.381
67 70 8486451.423
67 71 4875905.332
67 72 6726506.951
67 73 6835890.421
67 74 4519804.38
67 75 9633530.698
67 76 9993274.614
67 77 9251043.402
67 78 2613553.82
67 79 8525259.105
67 80 669157.5345
67 81 3713133.881
67 82 8913865.921
67 83 8409358.641
67 84 4586576.847
67 85 9530839.949
67 86 2884438.399
67 87 8891390.465
67 88 3617203.392
67 89 8691110.366
67 90 10104648.57
67 91 4336353.277
67 92 4195749.958
67 93 5781393.831
67 94 5412485.059
67 95 7423347.717
67 96 3223016.629
67 97 9920651.148
67 98 1950440.151
67 99 1062830.202
68 69 4774572.64
68 70 3579951.593
68 71 2703068.543
68 72 2851688.277
68 73 7270900.197
68 74 1560541.665
68 75 5035558.556
68 76 5618875.846
68 77 7006645.9
68 78 3608263.585
68 79 3534273.393
68 80 4695762.39
68 81 5176220.412
68 82 3925008.777
68 83 7903228.369
68 84 5920609.3
68 85 4696512.129
68 86 3340083.54
68 87 4213130.155
68 88 5656077.427
68 89 6368496.349
68 90 6738273.613
68 91 2870927.408
68 92 1266527.096
68 93 4665450.025
68 94 4345744.437
68 95 4272582.834
68 96 4542500.503
68 97 6274825.533
68 98 4432132.837
68 99 4359498.363
69 70 8064288.949
69 71 4071055.088
69 72 6045016.039
69 73 5694147.675
69 74 3957786.085
69 75 9036741.387
69 76 9315137.657
69 77 8216832.816
69 78 1692780.148
69 79 8294029.914
69 80 511814.5054
69 81 2570727.901
69 82 8685285.84
69 83 7272340.28
69 84 3447991.361
69 85 9446405.915
69 86 2012272.915
69 87 8883701.433
69 88 2492051.973
69 89 7676478.317
69 90 9203400.506
69 91 3493279.562
69 92 3751933.639
69 93 4735251.139
69 94 4381899.012
69 95 6566026.104
69 96 2103298.152
69 97 9072901.601
69 98 2863189.962
69 99 1907121.765
70 71 4523176.789
70 72 2674125.833
70 73 8534627.573
70 74 4130699.091
70 75 1838855.156
70 76 2673643.565
70 77 6263945.96
70 78 6576590.928
70 79 1461201.713
70 80 8090850.712
70 81 7617313.891
70 82 1597313.637
70 83 8374523.429
70 84 8059512.43
70 85 2949566.12
70 86 6247564.674
70 87 3228114.178
70 88 8193776.849
70 89 5750612.218
70 90 4880962.898
70 91 5060259.059
70 92 4321569.922
70 93 5840096.169
70 94 5734854.226
70 95 3765834.211
70 96 7167660.352
70 97 4200082.418
70 98 8003359.117
70 99 7924473.116
71 72 2063350.041
71 73 4598948.411
71 74 1180865.015
71 75 5097066.629
71 76 5279685.786
71 77 4786699.58
71 78 2385723.324
71 79 5270547.438
71 80 4293254.078
71 81 3094659.135
71 82 5628784.379
71 83 5224228.551
71 84 3584378.931
71 85 6756146.684
71 86 2059199.059
71 87 6501677.2
71 88 3674208.176
71 89 4160326.04
71 90 5255709.093
71 91 596162.6383
71 92 1676178.796
71 93 1965593.315
71 94 1644217.659
71 95 2554891.03
71 96 2686554.071
71 97 5044970.318
71 98 5364831.532
71 99 4796166.803
72 73 5879906.493
72 74 2251317.769
72 75 3034468.384
72 76 3274185.125
72 77 4329440.339
72 78 4395647.934
72 79 3757801.569
72 80 6202147.811
72 81 5094297.683
72 82 4054052.198
72 83 5893653.166
72 84 5440867.479
72 85 5338273.945
72 86 4060357.253
72 87 5312453.52
72 88 5683862.357
72 89 3713120.854
72 90 3893191.498
72 91 2655503.471
72 92 2706504.855
72 93 3167040.03
72 94 3065884.224
72 95 1522825.725
72 96 4741295.482
72 97 3470577.661
72 98 6821217.636
72 99 6446239.876
73 74 5710974.406
73 75 8301331.308
73 76 8013337.082
73 77 4273534.516
73 78 4757576.142
73 79 9606481.518
73 80 6191217.117
73 81 3132791.2
73 82 9922059.548
73 83 1843736.095
73 84 2259094.134
73 85 11167043.57
73 86 4737572.818
73 87 11018623.87
73 88 3264650.724
73 89 4118263.617
73 90 6310198.911
73 91 4417134.159
73 92 6096947.699
73 93 2751797.568
73 94 2978392.232
73 95 4952371.534
73 96 3728246.708
73 97 6641619.858
73 98 8346948.743
73 99 7449041.937
74 75 5116885.639
74 76 5485502.842
74 77 5820730.622
74 78 2452772.937
74 79 4575793.98
74 80 4040746.982
74 81 3754004.644
74 82 4957256.707
74 83 6404708.59
74 84 4426505.264
74 85 5951737.648
74 86 2129864.845
74 87 5591706.861
74 88 4279782.238
74 89 5183246.04
74 90 5976482.578
74 91 1316578.251
74 92 542437.4822
74 93 3141360.276
74 94 2804037.791
74 95 3303387.065
74 96 3182675.024
74 97 5647695.686
74 98 4596308.655
74 99 4195009.827
75 76 874727.484
75 77 5211878.014
75 78 7414503.682
75 79 3185538.059
75 80 9153826.784
75 81 8079410.957
75 82 3184181.509
75 83 7748694.944
75 84 8323906.044
75 85 4435959.768
75 86 7078115.812
75 87 4903785.757
75 88 8671382.427
75 89 4825985.781
75 90 3404483.478
75 91 5689950.428
75 92 5457372.645
75 93 5844077.691
75 94 5863529.171
75 95 3357921.652
75 96 7765816.007
75 97 2690482.068
75 98 9433027.064
75 99 9218933.541
76 77 4598758.708
76 78 7652544.486
76 79 4054202.453
76 80 9475996.895
76 81 8125075.027
76 82 4058874.415
76 83 7286433.881
76 84 8270969.343
76 85 5304820.404
76 86 7319482.064
76 87 5778207.078
76 88 8714490.411
76 89 4287617.213
76 90 2629048.639
76 91 5875061.555
76 92 5882461.604
76 93 5728068.827
76 94 5806586.812
76 95 3184510.591
76 96 7882332.325
76 97 1922216.89
76 98 9944006.106
76 99 9659059.5
77 78 6648446.125
77 79 7670837.506
77 80 8594742.654
77 81 6001693.544
77 82 7858757.923
77 83 2935635.899
77 84 5614864.895
77 85 9211874.407
77 86 6413718.537
77 87 9392771.637
77 88 6469365.587
77 89 640078.6191
77 90 2237867.923
77 91 5134124.451
77 92 6362475.072
77 93 3481923.582
77 94 3839757.852
77 95 2806623.877
77 96 6180693.955
77 97 2786581.667
77 98 10093367.51
77 99 9422635.441
78 79 6987506.218
78 80 1975955.829
78 81 1832280.181
78 82 7374360.12
78 83 6084761.74
78 84 2753651.161
78 85 8281135.617
78 86 336533.7382
78 87 7821323.887
78 88 2165045.202
78 89 6081014.287
78 90 7523939.429
78 91 1802266.215
78 92 2402237.605
78 93 3200590.954
78 94 2819845.231
78 95 4874616.624
78 96 1127462.312
78 97 7381513.89
78 98 3662138.256
78 99 2848909.282
79 80 8229839.365
79 81 8287990.881
79 82 391289.239
79 83 9625864.956
79 84 8853340.632
79 85 1584808.483
79 86 6680690.058
79 87 1766919.474
79 88 8835860.096
79 89 7133748.621
79 90 6342018.268
79 91 5726903.26
79 92 4595570.859
79 93 6861348.869
79 94 6692129.675
79 95 5059282.332
79 96 7752182.377
79 97 5659087.088
79 98 7714685.539
79 99 7811805.074
80 81 3061547.979
80 82 8620696.284
80 83 7746434.218
80 84 3951210.492
80 85 9318247.508
80 86 2264471.129
80 87 8721085.542
80 88 3002437.254
80 89 8040003.758
80 90 9492874.327
80 91 3736651.953
80 92 3770914.233
80 93 5120638.103
80 94 4755054.399
80 95 6826034.104
80 96 2555456.28
80 97 9329768.508
80 98 2366390.232
80 99 1410933.184
81 82 8659737.21
81 83 4715936.646
81 84 944686.9839
81 85 9702793.151
81 86 1954452.144
81 87 9337535.874
81 88 592004.6077
81 89 5541430.715
81 90 7379577.724
81 91 2571873.11
81 92 3910523.083
81 93 2643950.352
81 94 2410700.403
81 95 5017631.556
81 96 705067.8383
81 97 7412775.545
81 98 5241437.965
81 99 4326886.858
82 83 9892309.311
82 84 9213061.18
82 85 1353117.564
82 86 7066325.278
82 87 1721188.149
82 88 9210569.395
82 89 7337942.928
82 90 6438678.351
82 91 6094820.634
82 92 4984451.393
82 93 7183204.933
82 94 7025155.811
82 95 5303429.793
82 96 8130214.392
82 97 5743956.391
82 98 8084752.669
82 99 8194400.305
83 84 3956389.175
83 85 11210667.17
83 86 5983131.961
83 87 11204000.85
83 88 4965949.373
83 89 3030561.262
83 90 5156168.952
83 91 5248308.462
83 92 6878573.71
83 93 3271170.798
83 94 3637056.661
83 95 4609859.568
83 96 5198959.449
83 97 5635606.202
83 98 9746068.614
83 99 8901256.973
84 85 10320415.61
84 86 2837916.197
84 87 10010773.02
84 88 1013136.492
84 89 5229893.948
84 90 7223770.41
84 91 3150187.282
84 92 4658448.548
84 93 2565904.641
84 94 2467446.386
84 95 5095314.889
84 96 1632258.277
84 97 7347677.837
84 98 6175737.3
84 99 5252873.569
85 86 7993259.116
85 87 862421.431
85 88 10231148.52
85 89 8689611.338
85 90 7759043.443
85 91 7173162.106
85 92 5882374.769
85 93 8417132.917
85 94 8231879.214
85 95 6638832.305
85 96 9129479.399
85 97 7057421.988
85 98 8456470.132
85 99 8709680.224
86 87 7550876.22
86 88 2354141.111
86 89 5835499.871
86 90 7228473.465
86 91 1482428.693
86 92 2110978.86
86 93 2999075.379
86 94 2609516.376
86 95 4565998.844
86 96 1260906.801
86 97 7072006.204
86 98 3793855.485
86 99 3029168.229
87 88 9843046.367
87 89 8838145.492
87 90 8108890.946
87 91 6864879.263
87 92 5451021.804
87 93 8270449.248
87 94 8050111.245
87 95 6713654.34
87 96 8731837.882
87 97 7424758.655
87 98 7721400.915
87 99 8029236.832
88 89 6035406.796
88 90 7922917.013
88 91 3138462.591
88 92 4396988.117
88 93 3185753.059
88 94 2976898.535
88 95 5598427.06
88 96 1113578.256
88 97 7975594.574
88 98 5294452.573
88 99 4352440.716
89 90 2197504.21
89 91 4524649.151
89 92 5725242.669
89 93 2957269.091
89 94 3295212.283
89 95 2192388.826
89 96 5671344.087
89 97 2611081.38
89 98 9485079.609
89 99 8830494.07
90 91 5769909.806
90 92 6492363.437
90 93 4737990.266
90 94 4984531.778
90 95 2707472.569
90 96 7367108.388
90 97 714084.6378
90 98 10553260.48
90 99 10045094.24
91 92 1681887.342
91 93 1992805.728
91 94 1612635.116
91 95 3089690.5
91 96 2114678.364
91 97 5593277.493
91 98 4960520.978
91 99 4329562.77
92 93 3607635.308
92 94 3252560.868
92 95 3833416.707
92 96 3283917.658
92 97 6143426.865
92 98 4114794.653
92 99 3776953.109
93 94 397329.544
93 95 2543830.12
93 96 2714726.752
93 97 4803566.83
93 98 6772963.624
93 99 6028071.236
94 95 2642491.212
94 96 2402081.253
94 97 5002089.747
94 98 6377672.616
94 99 5638569.265
95 96 4867766.916
95 97 2506918.946
95 98 7853458.515
95 99 7337972.785
96 97 7332167.594
96 98 4618825.121
96 99 3729296.094
97 98 10243774.36
97 99 9788940.928
98 99 956248.8184
