4950
0 1 9360099.098
0 2 7773909.399
0 3 4989800.658
0 4 3433196.012
0 5 1441033.805
0 6 9281582.898
0 7 5929195.254
0 8 8453436.57
0 9 11009957.51
0 10 11580515.61
0 11 4828401.72
0 12 11559646
0 13 5339104.291
0 14 681725.7309
0 15 1988743.292
0 16 7044891.019
0 17 9434288.33
0 18 5013965.769
0 19 10101968.67
0 20 6639219.692
0 21 3765057.868
0 22 6178008.811
0 23 2654987.51
0 24 5960398.402
0 25 6398842.42
0 26 10089984.94
0 27 8205175.39
0 28 5553225.962
0 29 7643979.846
0 30 2640795.668
0 31 9140199.392
0 32 7265575
0 33 5939772.218
0 34 9814395.572
0 35 8071560.704
0 36 6035952.463
0 37 7021688.886
0 38 5570273.353
0 39 5695250.187
0 40 2989321.527
0 41 3438336.156
0 42 5569043.895
0 43 4374872.505
0 44 13238885.77
0 45 9288847.985
0 46 11815696.15
0 47 7069349.511
0 48 6793367.999
0 49 11661514.34
0 50 2499035.223
0 51 6763233.634
0 52 7336321
0 53 8636597.489
0 54 9946446.446
0 55 6232712.547
0 56 12454360.04
0 57 4910056.276
0 58 7403282.516
0 59 8310476.535
0 60 9322999.178
0 61 4504371.054
0 62 7718203.417
0 63 5503230.406
0 64 1030033.888
0 65 7978439.037
0 66 7315678.282
0 67 7348361.399
0 68 11899536.18
0 69 6540163.373
0 70 2573512.842
0 71 3360620.769
0 72 9617018.153
0 73 4328950.611
0 74 11099839.91
0 75 1374208.651
0 76 6908657.811
0 77 7238065.758
0 78 7235639.955
0 79 8926173.614
0 80 9371164.112
0 81 8385356.603
0 82 5022697.093
0 83 6395284.063
0 84 11773225.23
0 85 11282823.5
0 86 6122251.584
0 87 1785053.453
0 88 11351183.73
0 89 6251213.473
0 90 5233892.532
0 91 7016135.851
0 92 2690314.912
0 93 6009987.315
0 94 8912184.038
0 95 3764576.712
0 96 13086201.6
0 97 10802742.11
0 98 5779080.069
0 99 3804077.659
1 2 11220035.64
1 3 4945630.698
1 4 7426309.763
1 5 9288407.187
1 6 966567.8914
1 7 7950977.619
1 8 3338461.829
1 9 7838192.926
1 10 7200841.072
1 11 9938457.856
1 12 7057543.652
1 13 5510577.056
1 14 8679370.533
1 15 7802444.886
1 16 7506476.183
1 17 9956862.118
1 18 9961292.608
1 19 4228935.909
1 20 3437554.134
1 21 6909714.67
1 22 3288408.059
1 23 8834952.479
1 24 8451648.761
1 25 6763008.28
1 26 5820208.052
1 27 2540667.639
1 28 4063179.348
1 29 11474084.71
1 30 7564343.09
1 31 932204.2168
1 32 9888531.827
1 33 4216336.906
1 34 5652960.118
1 35 8393359.405
1 36 4047262.066
1 37 8477424.632
1 38 5646130.589
1 39 8870319.312
1 40 6592277.46
1 41 7246310.919
1 42 3966289.641
1 43 6334257.63
1 44 7982743.285
1 45 9856082.071
1 46 7683605.715
1 47 9835183.859
1 48 7730333.792
1 49 8662345.949
1 50 7283429.963
1 51 5676879.436
1 52 4809797.407
1 53 1063425.589
1 54 845412.6163
1 55 3129391.742
1 56 8185188.365
1 57 5488480.461
1 58 11150192.71
1 59 3464993.767
1 60 7473722.917
1 61 6419813.984
1 62 1956377.167
1 63 7577017.443
1 64 8453867.441
1 65 11050643.58
1 66 2431452.34
1 67 2050947.598
1 68 7758519.049
1 69 4255147.095
1 70 7857207.909
1 71 6553744.372
1 72 7878147.855
1 73 9993987.234
1 74 8322373.77
1 75 8165223.818
1 76 6961429.1
1 77 10062880.82
1 78 10910328.28
1 79 11142585.24
1 80 9247435.019
1 81 11667087.56
1 82 4344041.696
1 83 3080571.819
1 84 8084429.549
1 85 5206793.932
1 86 3240315.893
1 87 8309750.784
1 88 8585737.724
1 89 8003681.567
1 90 4560890.704
1 91 9142027.02
1 92 6699174.988
1 93 3981988.91
1 94 4401263.312
1 95 7925517.122
1 96 8406825.477
1 97 9837704.087
1 98 4086655.356
1 99 5585613.338
2 3 6971292.01
2 4 5325719.87
2 5 6333471.633
2 6 11808918.9
2 7 3342189.573
2 8 8187846.259
2 9 6689974.671
2 10 7905586.332
2 11 2947568.693
2 12 7998591.784
2 13 5995663.289
2 14 7735136.197
2 15 6573176.046
2 16 3786426.984
2 17 3060208.382
2 18 2760424.466
2 19 8708645.009
2 20 7899943.215
2 21 5534966.378
2 22 9716167.219
2 23 5189318.484
2 24 2873893.093
2 25 4457050.114
2 26 7389716.171
2 27 8757738.529
2 28 7851978.483
2 29 422262.6318
2 30 6009396.442
2 31 11669824.67
2 32 1344852.095
2 33 7256569.119
2 34 7265960.427
2 35 3341084.169
2 36 7423014.991
2 37 2784156.525
2 38 5745230.275
2 39 2641590.368
2 40 6937703.767
2 41 5491559.359
2 42 8041338.108
2 43 5661798.349
2 44 9457038.122
2 45 2988357.169
2 46 7800585.463
2 47 1384944.473
2 48 3511411.003
2 49 6807308.38
2 50 6537701.305
2 51 5554752.391
2 52 6483165.481
2 53 10157000.02
2 54 12062799.15
2 55 9117250.997
2 56 8218738.384
2 57 6283985.663
2 58 406200.4583
2 59 8014781.076
2 60 5224935.574
2 61 5470804.512
2 62 9330779.026
2 63 3822955.061
2 64 7223007.85
2 65 399598.3472
2 66 8889964.734
2 67 9572124.538
2 68 7845291.719
2 69 6995484.873
2 70 5809831.395
2 71 6406712.928
2 72 5138921.358
2 73 3470805.352
2 74 6393469.15
2 75 7049895.716
2 76 4305329.163
2 77 1159004.93
2 78 538547.5512
2 79 1462796.548
2 80 3637771.469
2 81 621061.0586
2 82 8745373.566
2 83 9843465.519
2 84 7418417.719
2 85 9200421.399
2 86 9047343.867
2 87 6327953.677
2 88 6482414.914
2 89 3232254.749
2 90 7335039.036
2 91 2091288.125
2 92 8155182.659
2 93 7528886.456
2 94 7579655.919
2 95 4634498.546
2 96 8896190.003
2 97 4790302.547
2 98 7555222.002
2 99 8459335.989
3 4 2480699.265
3 5 4527327.052
3 6 5233793.452
3 7 3668593.992
3 8 3466798.797
3 9 6812483.556
3 10 7047987.879
3 11 5115054.77
3 12 6991092.392
3 13 1083966.906
3 14 4367703.422
3 15 3111386.408
3 16 3916703.995
3 17 6835459.862
3 18 5168243.72
3 19 5152887.948
3 20 1702219.883
3 21 1965735.216
3 22 2745347.937
3 23 3907137.768
3 24 4104058.238
3 25 2970390.142
3 26 5428728.117
3 27 3257316.181
3 28 940098.3114
3 29 7124568.973
3 30 2708204.232
3 31 5084395.316
3 32 5769124.743
3 33 951022.7946
3 34 5145503.16
3 35 5112054.906
3 36 1060805.207
3 37 4602747.517
3 38 1425804.935
3 39 4365636.639
3 40 2001778.479
3 41 2301951.813
3 42 1104953.419
3 43 1442401.363
3 44 8592781.086
3 45 6696394.036
3 46 7377370.628
3 47 5651550.043
3 48 3931097.081
3 49 7600330.918
3 50 2562338.957
3 51 2502930.952
3 52 2618676.079
3 53 4007219.936
3 54 5704469.554
3 55 2194440.358
3 56 8027139.012
3 57 687312.0569
3 58 6794070.098
3 59 3328862.35
3 60 5422736.725
3 61 1578659.968
3 62 3036487.385
3 63 3153788.85
3 64 3970390.253
3 65 6916204.174
3 66 2569957.852
3 67 2944950.431
3 68 7465883.631
3 69 1600720.181
3 70 2976669.998
3 71 1719444.295
3 72 5820491.383
3 73 5099873.124
3 74 7063884.211
3 75 3633759.643
3 76 3452378.498
3 77 5891653.585
3 78 6551066.358
3 79 7359927.305
3 80 6381531.125
3 81 7522473.079
3 82 1868694.376
3 83 2879163.775
3 84 7473854.94
3 85 6373803.388
3 86 2110794.607
3 87 3555451.426
3 88 7348527.781
3 89 3861318.299
3 90 399386.0109
3 91 5098243.154
3 92 2853613.184
3 93 1059802.303
3 94 4037546.417
3 95 3006145.856
3 96 8582996.032
3 97 7555122.397
3 98 878556.3737
3 99 2228926.729
4 5 2425456.78
4 6 7685241.062
4 7 2643236.223
4 8 5562052.899
4 9 7580253.406
4 10 8195601.217
4 11 2864399.09
4 12 8184787.863
4 13 2231389.02
4 14 3034793.691
4 15 1544427.829
4 16 3644362.254
4 17 6245600.238
4 18 2966961.318
4 19 7029837.719
4 20 4106359.91
4 21 528290.2065
4 22 4926822.657
4 23 1476756.407
4 24 2820088.943
4 25 2965706.019
4 26 6768170.076
4 27 5581517.511
4 28 3385452.462
4 29 5358216.234
4 30 845056.1316
4 31 7535336.006
4 32 4410604.833
4 33 3298069.441
4 34 6501315.526
4 35 4737376.466
4 36 3450856.263
4 37 3778721.853
4 38 2348885.013
4 39 2763461.314
4 40 1615309.671
4 41 197642.9941
4 42 3514787.522
4 43 1196716.632
4 44 9875359.757
4 45 6097518.257
4 46 8408846.284
4 47 4237932.772
4 48 3425811.521
4 49 8228606.309
4 50 1281253.496
4 51 3424313.784
4 52 4144463.116
4 53 6479070.631
4 54 8180291.249
4 55 4551648.37
4 56 9042199.291
4 57 2008240.714
4 58 5047186.24
4 59 5394153.265
4 60 5890172.941
4 61 1227951.109
4 62 5509608.416
4 63 2147837.689
4 64 2487353.737
4 65 5395657.477
4 66 5038215.986
4 67 5415423.436
4 68 8491372.839
4 69 3635991.334
4 70 861535.065
4 71 1140444.669
4 72 6189075.888
4 73 2720916.845
4 74 7666888.652
4 75 2180749.089
4 76 3477235.245
4 77 4455695.589
4 78 4822402.73
4 79 6134027.644
4 80 6068593.12
4 81 5936420.058
4 82 3763065.863
4 83 5105789.608
4 84 8348388.773
4 85 8121042.824
4 86 4452156.391
4 87 1652933.553
4 88 7919267.177
4 89 2958341.363
4 90 2868002.568
4 91 3952848.038
4 92 2841856.867
4 93 3487878.74
4 94 5767862.186
4 95 705486.2591
4 96 9684561.908
4 97 7467956.057
4 98 3347921.049
4 99 3190424.77
5 6 9359300.043
5 7 4665498.972
5 8 7878422.442
5 9 9920810.241
5 10 10597427.94
5 11 3387433.189
5 12 10592162.39
5 13 4590251.642
5 14 1547423.619
5 15 1488254.663
5 16 5850166.446
5 17 8083021.717
5 18 3573249.02
5 19 9418136.458
5 20 6229546.601
5 21 2879173.6
5 22 6318883.739
5 23 1283671.076
5 24 4636331.397
5 25 5309548.809
5 26 9191759.71
5 27 7778316.627
5 28 5274152.219
5 29 6203553.846
5 30 1838261.993
5 31 9211876.87
5 32 5857417.696
5 33 5456366.284
5 34 8925900.479
5 35 6802342.773
5 36 5583399.727
5 37 5715724.807
5 38 4751860.191
5 39 4324334.864
5 40 2697412.08
5 41 2501233.097
5 42 5340754.248
5 43 3555991.558
5 44 12285666.95
5 45 7939456.661
5 46 10792149.64
5 47 5659773.284
5 48 5566875.507
5 49 10523562.81
5 50 2008309.258
5 51 5849258.221
5 52 6552825.076
5 53 8449335.296
5 54 9959026.836
5 55 6195904.039
5 56 11417698.23
5 57 4258291.501
5 58 5962263.37
5 59 7719065.847
5 60 8193867.242
5 61 3631205.48
5 62 7489883.172
5 63 4295085.064
5 64 1213523.495
5 65 6541656.113
5 66 7045954.911
5 67 7237921.353
5 68 10873010.69
5 69 5933586.404
5 70 1623309.946
5 71 2808631.661
5 72 8455986.343
5 73 2890294.684
5 74 9964672.279
5 75 1307373.283
5 76 5786410.934
5 77 5820853.46
5 78 5795324.999
5 79 7500573.364
5 80 8070875.065
5 81 6944458.269
5 82 5096684.24
5 83 6529283.295
5 84 10702492.54
5 85 10533701.89
5 86 6085537.563
5 87 982081.633
5 88 10203217.84
5 89 4983718.815
5 90 4849842.56
5 91 5650656.839
5 92 3049554.624
5 93 5587050.315
5 94 8171210.167
5 95 2553832.815
5 96 12070898.21
5 97 9514453.845
5 98 5390629.632
5 99 4026413.226
6 7 8494512.592
6 8 4178567.395
6 9 8759949.966
6 10 8154729.46
6 11 10326819.9
6 12 8013021.728
6 13 5944066.091
6 14 8600825.671
6 15 7873488.996
6 16 8164037.435
6 17 10722886.72
6 18 10366083.78
6 19 5183273.381
6 20 3918364.297
6 21 7186871.328
6 22 3103876.401
6 23 9034093.66
6 24 8988582.84
6 25 7366565.315
6 26 6745990.797
6 27 3324015.922
6 28 4304269.048
6 29 12039939.19
6 30 7718809.153
6 31 149952.3173
6 32 10493952.4
6 33 4632908.96
6 34 6568037.76
6 35 9114867.713
6 36 4460978.598
6 37 9109582.662
6 38 6125621.995
6 39 9372446.543
6 40 6673240.657
6 41 7496467.176
6 42 4170544.857
6 43 6666742.913
6 44 8948974.977
6 45 10616011.72
6 46 8636002.175
6 47 10426413.2
6 48 8360202.149
6 49 9590500.202
6 50 7381362.907
6 51 6320168.995
6 52 5516334.791
6 53 1817850.919
6 54 769260.224
6 55 3178224.201
6 56 9144499.473
6 57 5840183.164
6 58 11712158.02
6 59 4287059.289
6 60 8313563.244
6 61 6778276.655
6 62 2484511.381
6 63 8081533.534
6 64 8433911.564
6 65 11663848.18
6 66 2919114.047
6 67 2302278.326
6 68 8711849.904
6 69 4814144.264
6 70 8022277.784
6 71 6722882.369
6 72 8725300.815
6 73 10333093.31
6 74 9236072.047
6 75 8169053.3
6 76 7615298.397
6 77 10659169.3
6 78 11469769.28
6 79 11824023.47
6 80 10034937.62
6 81 12282791
6 82 4284395.575
6 83 2886532.894
6 84 9028637.276
6 85 6173356.853
6 86 3286356.783
6 87 8395408.682
6 88 9503491.96
6 89 8577319.274
6 90 4835756.027
6 91 9753484.335
6 92 6592150.989
6 93 4374861.223
6 94 5279758.941
6 95 8239753.931
6 96 9372290.083
6 97 10691988.97
6 98 4427457.983
6 99 5477669.541
7 8 5127341.759
7 9 5409977.246
7 10 6287335.233
7 11 2541315.388
7 12 6318519.504
7 13 2658975.609
7 14 5625305.072
7 15 4172953.13
7 16 1270470.32
7 17 3603934.238
7 18 2458923.188
7 19 6045417.889
7 20 4576827.763
7 21 2603393.461
7 22 6402019.766
7 23 3393913.564
7 24 502784.2002
7 25 1299964.68
7 26 5178334.576
7 27 5567187.439
7 28 4522754.818
7 29 3547975.887
7 30 3482398.905
7 31 8353170.733
7 32 2100727.147
7 33 3915209.175
7 34 4963796.1
7 35 2143441.545
7 36 4082330.078
7 37 1136597.829
7 38 2403098.078
7 39 1001893.121
7 40 4073064.267
7 41 2734616.798
7 42 4714973.931
7 43 2488572.273
7 44 7992903.586
7 45 3455812.818
7 46 6388195.508
7 47 1989140.338
7 48 931504.5544
7 49 5928660.784
7 50 3911963.81
7 51 2409470.428
7 52 3388202.13
7 53 6893609.334
7 54 8787135.995
7 55 5782670.193
7 56 6973917.888
7 57 2985293.493
7 58 3219009.592
7 59 4946356.681
7 60 3651383.897
7 61 2279079.779
7 62 6029902.171
7 63 551069.659
7 64 5070973.644
7 65 3255277.192
7 66 5577947.295
7 67 6238575.626
7 68 6460951.633
7 69 3697845.843
7 70 3423738.337
7 71 3472757.97
7 72 3854737.454
7 73 2917701.478
7 74 5379376.814
7 75 4790195.189
7 76 1464409.237
7 77 2229196.191
7 78 2976057.396
7 79 3724762.04
7 80 3448353.07
7 81 3867530.861
7 82 5496169.305
7 83 6520417.147
7 84 6209453.954
7 85 6852965.91
7 86 5715741.371
7 87 4169874.596
7 88 5598673.819
7 89 322155.6292
7 90 4016650.765
7 91 1449184.249
7 92 5363529.003
7 93 4187221.066
7 94 4784311.214
7 95 2166606.905
7 96 7655455.681
7 97 4873756.232
7 98 4214328.138
7 99 5403325.431
8 9 4692808.897
8 10 4352719.732
8 11 7468403.835
8 12 4241472.264
8 13 3331500.387
8 14 7834485.783
8 15 6537973.554
8 16 4402147.993
8 17 6643449.657
8 18 7441879.392
8 19 1765172.98
8 20 1951196.444
8 21 5049255.898
8 22 4075955.153
8 23 7032876.431
8 24 5622281.538
8 25 3836724.957
8 26 2751546.249
8 27 902637.6308
8 28 3114482.663
8 29 8489098.89
8 30 6041835.658
8 31 4076229.98
8 32 6843141.732
8 33 2523248.523
8 34 2521001.514
8 35 5144348.024
8 36 2448980.433
8 37 5403727.947
8 38 3268539.811
8 39 6119401.02
8 40 5468089.525
8 41 5434333.118
8 42 3197712.44
8 43 4367037.382
8 44 5591867.128
8 45 6548598.48
8 46 4794902.004
8 47 6823293.697
8 48 4685255.451
8 49 5541407.966
8 50 5992913.117
8 51 2717886.939
8 52 1740167.561
8 53 2362042.669
8 54 4157071.111
8 55 3356681.792
8 56 5390508.673
8 57 3620232.54
8 58 8179727.518
8 59 181993.3989
8 60 4139148.325
8 61 4346687.981
8 62 2053702.655
8 63 4891320.816
8 64 7429899.153
8 65 7969108.567
8 66 1964328.356
8 67 2708639.691
8 68 4880036.868
8 69 1944852.828
8 70 6263912.636
8 71 5127376.132
8 72 4548053.715
8 73 7669331.479
8 74 5133823.32
8 75 7090229.215
8 76 3886586.56
8 77 7034592.17
8 78 7950269.154
8 79 7932702.972
8 80 5919424.522
8 81 8572584.613
8 82 4291199.017
8 83 4003417.091
8 84 5091852.667
8 85 3033672.997
8 86 3403810.538
8 87 6938857.779
8 88 5412511.716
8 89 5093838.228
8 90 3268396.639
8 91 6099292.373
8 92 6207013.174
8 93 2501554.847
8 94 1144702.519
8 95 5821823.135
8 96 5789309.158
8 97 6513661.805
8 98 2754940.95
8 99 5318508.77
9 10 1300793.698
9 11 7788923.398
9 12 1435137.913
9 13 5947700.571
9 14 10559813.33
9 15 9057024.584
9 16 4142924.863
9 17 3815754.657
9 18 7655980.242
9 19 3707351.342
9 20 6121482.825
9 21 7261819.985
9 22 8546156.747
9 23 8705391.719
9 24 5652813.853
9 25 4619633.431
9 26 2018943.59
9 27 5595175.51
9 28 7039283.786
9 29 7105529.481
9 30 8375439.423
9 31 8676650.284
9 32 5653319.721
9 33 6185901.93
9 34 2194732.249
9 35 3597982.875
9 36 6236148.247
9 37 4678709.24
9 38 5630673.311
9 39 6169773.634
9 40 8423102.884
9 41 7572630.425
9 42 7203064.747
9 43 6719813.278
9 44 2771136.376
9 45 3827289.559
9 46 1110826.227
9 47 5773413.763
9 48 4481448.71
9 49 850889.7022
9 50 8621436.427
9 51 4388627.773
9 52 4262713.111
9 53 6986297.608
9 54 8572915.243
9 55 7779665.185
9 56 1590544.833
9 57 6472794.723
9 58 6916152.167
9 59 4641678.82
9 60 1758724.274
9 61 6556091.179
9 62 6735307.373
9 63 5661867.671
9 64 10032394.55
9 65 6317658.5
9 66 6568299.437
9 67 7361756.381
9 68 1156365.922
9 69 5422827.357
9 70 8441786.247
9 71 7861346.327
9 72 1627362.87
9 73 8252123.75
9 74 531006.9162
9 75 9703292.253
9 76 4134784.019
9 77 5853643.484
9 78 6777538.418
9 79 5646267.103
9 80 3090354.461
9 81 6736230.271
9 82 8373134.778
9 83 8522235.776
9 84 800989.2102
9 85 3327767.177
9 86 7793170.24
9 87 9233186.787
9 88 754709.3342
9 89 5131831.097
9 90 6871809.3
9 91 5189371.484
9 92 9570036.617
9 93 6350169.25
9 94 3548133.922
9 95 7371019.266
9 96 2283373.936
9 97 2577970.592
9 98 6578413.147
9 99 9038389.04
10 11 8762979.088
10 12 163382.713
10 13 6325574.547
10 14 11078295.44
10 15 9597416.302
10 16 5024918.96
10 17 5099289.32
10 18 8645107.81
10 19 2971979.13
10 20 6061584.49
10 21 7817431.607
10 22 8396812.01
10 23 9436613.128
10 24 6595551.757
10 25 5313946.904
10 26 1657788.939
10 27 5220634.433
10 28 7103238.454
10 29 8315608.221
10 30 8942945.983
10 31 8089305.567
10 32 6803926.299
10 33 6293838.086
10 34 1933007.476
10 35 4696408.874
10 36 6309075.896
10 37 5705020.607
10 38 6046522.198
10 39 7134913.354
10 40 8830357.77
10 41 8159192.184
10 42 7243875.101
10 43 7214371.492
10 44 1707705.928
10 45 5103029.064
10 46 487607.4837
10 47 6907645.298
10 48 5386467.416
10 49 1765089.282
10 50 9121844.982
10 51 4822277.949
10 52 4429343.649
10 53 6464316.037
10 54 7868987.11
10 55 7651162.235
10 56 1038259.194
10 57 6825286.7
10 58 8108815.209
10 59 4352023.068
10 60 2758196.126
10 61 7076659.883
10 62 6390009.873
10 63 6453654.332
10 64 10573423.23
10 65 7543220.986
10 66 6312692.802
10 67 7057985.031
10 68 558132.3175
10 69 5523317.456
10 70 9049160.849
10 71 8309743.235
10 72 2769702.214
10 73 9191215.608
10 74 1775728.032
10 75 10234717.12
10 76 4895705.068
10 77 7009432.464
10 78 7956087.921
10 79 6919137.16
10 80 4354982.849
10 81 7986620.66
10 82 8412487.747
10 83 8340283.783
10 84 979117.6402
10 85 2246451.694
10 86 7682912.667
10 87 9834084.208
10 88 1889851.877
10 89 6039912.718
10 90 7033458.193
10 91 6277792.641
10 92 9885828.178
10 93 6409925.043
10 94 3269956.072
10 95 8084817.685
10 96 1535317.149
10 97 3860859.144
10 98 6657443.901
10 99 9226259.257
11 12 8805871.45
11 13 4430050.089
11 14 4820164.723
11 15 3790258.718
11 16 3753911.259
11 17 5081225.961
11 18 191647.9443
11 19 8545250.497
11 20 6503773.696
11 21 3257785
11 22 7742523.641
11 23 2294473.933
11 24 2170691.916
11 25 3778324.29
11 26 7717225.694
11 27 7761166.798
11 28 6055141.022
11 29 2823205.161
11 30 3339185.389
11 31 10178559.57
11 32 2668749.254
11 33 5724397.992
11 34 7504872.756
11 35 4240719.197
11 36 5894807.6
11 37 3117531.172
11 38 4330736.548
11 39 1628179.52
11 40 4418430.811
11 41 3059470.346
11 42 6214031.159
11 43 3672654.816
11 44 10457908.08
11 45 4951165.914
11 46 8821730.295
11 47 2472370.292
11 48 3385877.553
11 49 8199851.635
11 50 3877554.534
11 51 4806329.548
11 52 5768031.519
11 53 8920571.133
11 54 10740691.26
11 55 7293467.202
11 56 9376192.643
11 57 4486877.166
11 58 2574987.702
11 59 7286708.376
11 60 6048690.189
11 61 3549462.317
11 62 7982286.974
11 63 2602873.094
11 64 4327866.428
11 65 3173133.824
11 66 7507045.572
11 67 8024942.673
11 68 8889119.191
11 69 5774574.808
11 70 3082739.17
11 71 4003306.451
11 72 6174663.655
11 73 558974.409
11 74 7677664.855
11 75 4190081.9
11 76 4005692.219
11 77 2577890.065
11 78 2410225.436
11 79 4180604.99
11 80 5281739.657
11 81 3557070.447
11 82 6611111.878
11 83 7909863.466
11 84 8588033.415
11 85 9390599.046
11 86 7202053.678
11 87 3467278.808
11 88 7861286.677
11 89 2741701.753
11 90 5513949.234
11 91 2734105.967
11 92 5504112.933
11 93 5968123.446
11 94 7266943.438
11 95 2183535.876
11 96 10066702.03
11 97 6708724.353
11 98 5899607.972
11 99 6030536.035
12 13 6287868.766
12 14 11050893.33
12 15 9574479.294
12 16 5060662.14
12 17 5216576.275
12 18 8690742.797
12 19 2829764.506
12 20 5973718.369
12 21 7799190.217
12 22 8295222.704
12 23 9440455.776
12 24 6636444.094
12 25 5321370.45
12 26 1577710.021
12 27 5102984.753
12 28 7026472.054
12 29 8406887.486
12 30 8924493.751
12 31 7948983.969
12 32 6882599.052
12 33 6223976.654
12 34 1857491.504
12 35 4768935.041
12 36 6235199.458
12 37 5761941.792
12 38 6014433.366
12 39 7178509.623
12 40 8791201.319
12 41 8144513.772
12 42 7164252.467
12 43 7189292.878
12 44 1695451.605
12 45 5217002.358
12 46 643533.9001
12 47 6982737.376
12 48 5424469.797
12 49 1926433.805
12 50 9094239.167
12 51 4797361.448
12 52 4373801.878
12 53 6330909.271
12 54 7720555.097
12 55 7552761.529
12 56 1153583.054
12 57 6783093.468
12 58 8195836.26
12 59 4245941.033
12 60 2826529.242
12 61 7055292.495
12 62 6272460.301
12 63 6471489.546
12 64 10549496.62
12 65 7639169.34
12 66 6203958.987
12 67 6943204.26
12 68 708612.7093
12 69 5455021.622
12 70 9035980.176
12 71 8276619.15
12 72 2859756.083
12 73 9227711.464
12 74 1921859.226
12 75 10209861.37
12 76 4914236.927
12 77 7088977.906
12 78 8039849.724
12 79 7030730.282
12 80 4465850.487
12 81 8089677.469
12 82 8330718.276
12 83 8235504.542
12 84 1142467.263
12 85 2083858.982
12 86 7586340.903
12 87 9819041.605
12 88 2044697.124
12 89 6076515.634
12 90 6967942.261
12 91 6344759.781
12 92 9833994.583
12 93 6334301.03
12 94 3171834.651
12 95 8088009.878
12 96 1597903.214
12 97 4004640.373
12 98 6583368.763
12 99 9160076.189
13 14 4788365.61
13 15 3356502.938
13 16 2832924.291
13 17 5752105.449
13 18 4450716.503
13 19 4828442.836
13 20 2073959.932
13 21 1724869.414
13 22 3755356.948
13 23 3701528.984
13 24 3122971.171
13 25 1886741.889
13 26 4773852.458
13 27 3411861.097
13 28 1866673.804
13 29 6178568.584
13 30 2776371.401
13 31 5798223.142
13 32 4752700.145
13 33 1311245.384
13 34 4494378.68
13 35 4030060.633
13 36 1483202.887
13 37 3536104.338
13 38 351317.6027
13 39 3450073.927
13 40 2505125.668
13 41 2110278.349
13 42 2061123.059
13 43 1040696.23
13 44 7942572.218
13 45 5612778.177
13 46 6611353.098
13 47 4647654.918
13 48 2851736.192
13 49 6702075.132
13 50 2841992.986
13 51 1560178.801
13 52 1997658.037
13 53 4490909.589
13 54 6319728.15
13 55 3123699.674
13 56 7260728.449
13 57 530981.6237
13 58 5847627.436
13 59 3162897.555
13 60 4454951.739
13 61 1018471.061
13 62 3554249.458
13 63 2179984.203
13 64 4312286.458
13 65 5913498.446
13 66 3080348.593
13 67 3649952.99
13 68 6698417.828
13 69 1423494.643
13 70 2966959.441
13 71 1997413.292
13 72 4836668.676
13 73 4517398.542
13 74 6153151.679
13 75 3968272.594
13 76 2375590.97
13 77 4887538.716
13 78 5603648.503
13 79 6306123.851
13 80 5308430.075
13 81 6526478.471
13 82 2951568.939
13 83 3866075.123
13 84 6651481.191
13 85 5964574.651
13 86 3057253.207
13 87 3689860.904
13 88 6431946.127
13 89 2822283.96
13 90 1379829.336
13 91 4060128.29
13 92 3623422.521
13 93 1571628.161
13 94 3593480.52
13 95 2529808.554
13 96 7854843.94
13 97 6510917.634
13 98 1563948.665
13 99 3208383.762
14 15 1505879.648
14 16 6678800.292
14 17 9188963.315
14 18 4997315.032
14 19 9503700.093
14 20 5995791.208
14 21 3298666.33
14 22 5497529.045
14 23 2546304.343
14 24 5710089.815
14 25 5976150.295
14 26 9558529.168
14 27 7559040.808
14 28 4895485.489
14 29 7641243.439
14 30 2200795.723
14 31 8459249.221
14 32 7116417.565
14 33 5313914.081
14 34 9280332.873
14 35 7752957.185
14 36 5403393.026
14 37 6743197.479
14 38 5039996.825
14 39 5501327.37
14 40 2367798.402
14 41 3006815.848
14 42 4904964.889
14 43 3865060.373
14 44 12720328.51
14 45 9041937.316
14 46 11330817.33
14 47 6924312.986
14 48 6451682.022
14 49 11236384.93
14 50 1956656.463
14 51 6256167.222
14 52 6778384.635
14 53 7961986.535
14 54 9264765.338
14 55 5552691.303
14 56 11973955.21
14 57 4335779.486
14 58 7380946.972
14 59 7695668.264
14 60 8901500.233
14 61 4012402.566
14 62 7048193.579
14 63 5164023.011
14 64 554414.0975
14 65 7909202.761
14 66 6650653.379
14 67 6670404.967
14 68 11415809.17
14 69 5937766.442
14 70 2204269.578
14 71 2792457.28
14 72 9213153.343
14 73 4363505.553
14 74 10674831.45
14 75 858902.3085
14 76 6499112.648
14 77 7108376.277
14 78 7197521.884
14 79 8810017.05
14 80 9072747.802
14 81 8353590.902
14 82 4341086.282
14 83 5714758.118
14 84 11311262.52
14 85 10699236.03
14 86 5442340.063
14 87 1471632.977
14 88 10932908.36
14 89 5946587.449
14 90 4594421.51
14 91 6802372.721
14 92 2011013.502
14 93 5372116.005
14 94 8333409.806
14 95 3467710.123
14 96 12594467.69
14 97 10487721.34
14 98 5136588.736
14 99 3123162.142
15 16 5185414.268
15 17 7765312.724
15 18 3943779.858
15 19 8148983.804
15 20 4805298.316
15 21 1795297.496
15 22 4847993.167
15 23 1568709.821
15 24 4304835.579
15 25 4470443.454
15 26 8101244.236
15 27 6367401.066
15 28 3806335.715
15 29 6537563.924
15 30 700722.7827
15 31 7725805.609
15 32 5808832.497
15 33 4057623.673
15 34 7825685.068
15 35 6280649.254
15 36 4172074.471
15 37 5303445.885
15 38 3581823.765
15 39 4162454.285
15 40 1210185.755
15 41 1503044.991
15 42 3863933.264
15 43 2386769.422
15 44 11251631.51
15 45 7617486.486
15 46 9840140.201
15 47 5624379.071
15 48 4970222.093
15 49 9730629.758
15 50 549048.0728
15 51 4777190.308
15 52 5354066.948
15 53 6975079.129
15 54 8470778.35
15 55 4707797.306
15 56 10481313.56
15 57 2946622.235
15 58 6250305.455
15 59 6387405.608
15 60 7395621.651
15 61 2521356.714
15 62 6020611.277
15 63 3689907.886
15 64 977485.3419
15 65 6699578.647
15 66 5583924.253
15 67 5752621.628
15 68 9924593.798
15 69 4603463.917
15 70 779871.568
15 71 1410611.031
15 72 7708273.082
15 73 3441570.637
15 74 9169048.622
15 75 647122.456
15 76 4994416.246
15 77 5825897.406
15 78 6045312.134
15 79 7527172.737
15 80 7609606.694
15 81 7193801.492
15 82 3622297.577
15 83 5056115.53
15 84 9811610.793
15 85 9313356.175
15 86 4597489.223
15 87 529935.987
15 88 9427031.315
15 89 4491387.731
15 90 3407273.043
15 91 5423198.015
15 92 1787852.443
15 93 4163909.943
15 94 6941140.107
15 95 2058807.244
15 96 11107582.23
15 97 9012166.793
15 98 3953691.396
15 99 2614382.31
16 17 2919792.072
16 18 3648877.788
16 19 5036055.905
16 20 4342154.171
16 21 3458461.035
16 22 6496890.044
16 23 4600761.592
16 24 1584460.852
16 25 946389.9492
16 26 3990885.317
16 27 5002615.026
16 28 4614329.367
16 29 4097410.395
16 30 4484728.069
16 31 8031683.312
16 32 2442388.073
16 33 3850742.801
16 34 3797450.266
16 35 1207231.782
16 36 3996489.955
16 37 1002809.852
16 38 2493633.614
16 39 2134957.394
16 40 4851636.357
16 41 3687774.318
16 42 4813202.409
16 43 3114605.43
16 44 6728357.909
16 45 2779955.008
16 46 5118235.589
16 47 2433152.365
16 48 370212.8714
16 49 4685218.424
16 50 4841283.265
16 51 1844312.895
16 52 2714385
16 53 6444910.66
16 54 8351887.902
16 55 5796518.769
16 56 5703672.582
16 57 3303618.483
16 58 3795851.953
16 59 4229987.223
16 60 2385547.616
16 61 2908003.416
16 62 5682503.319
16 63 1555169.14
16 64 6129668.398
16 65 3571101.911
16 66 5274120.033
16 67 6021632.478
16 68 5190721.137
16 69 3398386.766
16 70 4484341.42
16 71 4242338.519
16 72 2611173.012
16 73 4167082.097
16 74 4130759.842
16 75 5824963.244
16 76 548904.0514
16 77 2636910.087
16 78 3573787.395
16 79 3664927.644
16 80 2529072.4
16 81 4179926.342
16 82 5782097.827
16 83 6577632.962
16 84 4941460.089
16 85 5724880.798
16 86 5750670.106
16 87 5262617.171
16 88 4359893.935
16 89 1015966.979
16 90 4185704.017
16 91 1703116.063
16 92 6126248.649
16 93 4117496.217
16 94 3837699.516
16 95 3302617.548
16 96 6384985.39
16 97 3857128.163
16 98 4220260.517
16 99 5953620.981
17 18 4902653.517
17 19 6592648.426
17 20 7095552.714
17 21 6188999.521
17 22 9367388.113
17 23 6803041.219
17 24 3480093.724
17 25 3865417.923
17 26 4997208.322
17 27 7419661.342
17 28 7504017.308
17 29 3481376.591
17 30 7080915.518
17 31 10602577.72
17 32 2441082.59
17 33 6705502.6
17 34 4961608.377
17 35 1728633.297
17 36 6838805.916
17 37 2467383.368
17 38 5410719.246
17 39 3761262.476
17 40 7644594.708
17 41 6338245.87
17 42 7702222.205
17 43 5962249.559
17 44 6527260.461
17 45 148122.6227
17 46 4911551.526
17 47 2627442.335
17 48 2959100.807
17 49 3797977.203
17 50 7515800.411
17 51 4586001.09
17 52 5227850.359
17 53 8927134.753
17 54 10789344.13
17 55 8643903.198
17 56 5256350.837
17 57 6221379.276
17 58 3370210.642
17 59 6501923.234
17 60 2745644.717
17 61 5750264.898
17 62 8297143.595
17 63 4124259.609
17 64 8635553.376
17 65 2662897.956
17 66 7941544.52
17 67 8732358.316
17 68 4943466.319
17 69 6157491.835
17 70 7003287.454
17 71 7036363.951
17 72 2484472.211
17 73 5631767.314
17 74 3441004.963
17 75 8370100.757
17 76 3397599.059
17 77 2580735.33
17 78 3300210.587
17 79 1840549.399
17 80 792102.7958
17 81 2979058.242
17 82 8698567.367
17 83 9433209.348
17 84 4474946.271
17 85 6761598.624
17 86 8607201.291
17 87 7719787.983
17 88 3487180.219
17 89 3294318.579
17 90 7095444.697
17 91 2436422.244
17 92 8935063.961
17 93 6963072.4
17 94 5727859.168
17 95 5723766.966
17 96 5914628.11
17 97 1739933.134
17 98 7091102.116
17 99 8850649.339
18 19 8485657.418
18 20 6524247.676
18 21 3340720.389
18 22 7817364.104
18 23 2464694.444
18 24 2064661.524
18 25 3717031.87
18 26 7624740.13
18 27 7755990.45
18 28 6107976.901
18 29 2644000.21
18 30 3474421.427
18 31 10218258.24
18 32 2484211.959
18 33 5752047.944
18 34 7416627.324
18 35 4094916.451
18 36 5923117.108
18 37 2979109.986
18 38 4336814.399
18 39 1514738.196
18 40 4538553.232
18 41 3160033.469
18 42 6270362.921
18 43 3727211.212
18 44 10336545.12
18 45 4773626.823
18 46 8695657.673
18 47 2288604.062
18 48 3279400.269
18 49 8054474.22
18 50 4013666.789
18 51 4763838.136
18 52 5731533.162
18 53 8937388.237
18 54 10768289.16
18 55 7353584.416
18 56 9244706.315
18 57 4529787.022
18 58 2390765.903
18 59 7259976.013
18 60 5921382.882
18 61 3595357.864
18 62 8004960.882
18 63 2559295.179
18 64 4500819.631
18 65 2982549.832
18 66 7530775.299
18 67 8063809.604
18 68 8762087.974
18 69 5776622.691
18 70 3225271.383
18 71 4107391.854
18 72 6037950.679
18 73 748276.3916
18 74 7535696.88
18 75 4356612.222
18 76 3921631.663
18 77 2390007.334
18 78 2222584.421
18 79 3988978.366
18 80 5115594.825
18 81 3371561.393
18 82 6697738.617
18 83 7981537.242
18 84 8454045.69
18 85 9311854.31
18 86 7263779.068
18 87 3632921.886
18 88 7715601.622
18 89 2642488.002
18 90 5566216.718
18 91 2571637.207
18 92 5643507.03
18 93 5999642.555
18 94 7211770.268
18 95 2275566.988
18 96 9936002.178
18 97 6538438.505
18 98 5939024.8
18 99 6145586.591
19 20 3714140.463
19 21 6543882.398
19 22 5761769.98
19 23 8466158.722
19 24 6500407.493
19 25 4768685.854
19 26 1732227.765
19 27 2461596.252
19 28 4873751.552
19 29 9061600.382
19 30 7601444.473
19 31 5119666.911
19 32 7399852.665
19 33 4232625.645
19 34 1668128.861
19 35 5413891.217
19 36 4177978.014
19 37 6002186.407
19 38 4681094.467
19 39 7041296.232
19 40 7138153
19 41 6926998.961
19 42 4961726.587
19 43 5863013.65
19 44 3936531.899
19 45 6531454.066
19 46 3454807.772
19 47 7426675.007
19 48 5382227.755
19 49 4494007.371
19 50 7613392.041
19 51 3777281.548
19 52 2899855.461
19 53 3523706.221
19 54 4910142.198
19 55 5074761.528
19 56 3965826.95
19 57 5202422.655
19 58 8780638.235
19 59 1860657.692
19 60 3855503.32
19 61 5802574.328
19 62 3596993.824
19 63 5949442.214
19 64 9072720.713
19 65 8426626.955
19 66 3634309.646
19 67 4284772.408
19 68 3529586.021
19 69 3566029.743
19 70 7794880.289
19 71 6746058.795
19 72 4179013.669
19 73 8830807.299
19 74 4221667.848
19 75 8729561.949
19 76 4622136.463
19 77 7606181.337
19 78 8572011.828
19 79 8159324.179
19 80 5807603.49
19 81 8989985.645
19 82 6053319.437
19 83 5665948.417
19 84 3867230.046
19 85 1270146.773
19 86 5131003.792
19 87 8512648.174
19 88 4461882.792
19 89 5925245.805
19 90 4993277.546
19 91 6698514.312
19 92 7945689.779
19 93 4241780.51
19 94 1290218.037
19 95 7177336.321
19 96 4244808.882
19 97 6002098.576
19 98 4498268.512
19 99 7079602.124
20 21 3578594.765
20 22 2440535.241
20 23 5567094.191
20 24 5070249.868
20 25 3486047.835
20 26 4404424.654
20 27 1567166.995
20 28 1166132.267
20 29 8123686.557
20 30 4407497.106
20 31 3776510.744
20 32 6596535.011
20 33 809467.2705
20 34 4133832.278
20 35 5401667.81
20 36 656939.8584
20 37 5242389.604
20 38 2216985.568
20 39 5459584.06
20 40 3657942.907
20 41 3942734.148
20 42 1247982.703
20 43 2952080.157
20 44 7447508.294
20 45 6972949.873
20 46 6458790.66
20 47 6520894.088
20 48 4497304.788
20 49 6961743.981
20 50 4256872.429
20 51 2523110.977
20 52 1974853.463
20 53 2419579.837
20 54 4252332.505
20 55 1670990.923
20 56 7089868.514
20 57 2106607.895
20 58 7795359.628
20 59 1857970.866
20 60 5082866.765
20 61 3013051.081
20 62 1482088.332
20 63 4166675.517
20 64 5633731.205
20 65 7768457.689
20 66 1012094.78
20 67 1684324.961
20 68 6547158.481
20 69 945712.094
20 70 4669719.181
20 71 3421418.238
20 72 5509009.01
20 73 6577079.341
20 74 6476565.006
20 75 5303594.63
20 76 3797886.049
20 77 6755806.917
20 78 7552675.358
20 79 8000276.912
20 80 6493392.169
20 81 8387654.076
20 82 2374376.322
20 83 2444460.491
20 84 6664323.766
20 85 4979249.646
20 86 1675223.889
20 87 5256928.144
20 88 6766282.787
20 89 4668013.938
20 90 1406887.582
20 91 5863077.771
20 92 4278730.881
20 93 642648.7715
20 94 2817212.332
20 95 4537679.691
20 96 7563216.712
20 97 7424795.275
20 98 860173.4336
20 99 3367440.288
21 22 4487504.385
21 23 2001749.103
21 24 2867542.773
21 25 2688875.053
21 26 6351246.383
21 27 5054613.507
21 28 2882842.493
21 29 5604096.852
21 30 1125514.379
21 31 7037098.685
21 32 4524135.112
21 33 2770057.875
21 34 6079972.177
21 35 4606409.865
21 36 2923446.983
21 37 3731302.821
21 38 1872861.301
21 39 2912043.063
21 40 1472576.844
21 41 385505.9581
21 42 3020235.338
21 43 684179.4787
21 44 9483139.178
21 45 6041162.496
21 46 8050909.843
21 47 4364309.28
21 48 3285614.735
21 49 7939907.83
21 50 1388446.405
21 51 3009372.202
21 52 3673819.54
21 53 5955899.013
21 54 7669859.867
21 55 4074094.29
21 56 8690390.898
21 57 1480160.023
21 58 5284278.17
21 59 4883166.678
21 60 5607829.234
21 61 756058.8859
21 62 4987190.74
21 63 2066792.305
21 64 2771638.064
21 65 5569147.806
21 66 4514787.439
21 67 4907808.904
21 68 8134902.537
21 69 3116714.171
21 70 1261710.816
21 71 886611.3929
21 72 5929267.906
21 73 3171866.14
21 74 7378621.04
21 75 2441496.462
21 76 3220408.293
21 77 4592344.137
21 78 5051587.978
21 79 6234079.084
21 80 5946915.393
21 81 6133836.165
21 82 3357245.445
21 83 4658747.237
21 84 8016726.454
21 85 7654825.838
21 86 3977412.241
21 87 2025687.925
21 88 7638878.443
21 89 2900162.575
21 90 2357667.925
21 91 3996667.689
21 92 2760925.307
21 93 2961983.398
21 94 5292302.712
21 95 1079963.28
21 96 9321156.742
21 97 7313323.059
21 98 2826770.806
21 99 2924369.628
22 23 6139230.345
22 24 6846594.871
22 25 5567421.351
22 26 6754592.29
22 27 3301486.579
22 28 1893914.607
22 29 9868776.373
22 30 4790839.724
22 31 2963374.321
22 32 8501744.959
22 33 2662390.7
22 34 6495929.716
22 35 7643294.631
22 36 2535035.332
22 37 7280347.64
22 38 4053316.574
22 39 7108263.688
22 40 3680124.34
22 41 4729615.689
22 42 1696546.697
22 43 4124953.988
22 44 9662889.42
22 45 9236290.501
22 46 8818058.496
22 47 8389610.234
22 48 6572503.276
22 49 9390472.947
22 50 4391193.248
22 51 4799529.469
22 52 4403072.654
22 53 2843313.151
22 54 3785643.15
22 55 769607.3885
22 56 9433885.43
22 57 3432477.342
22 58 9538466.035
22 59 4052879.156
22 60 7511483.964
22 61 4291019.98
22 62 2231419.147
22 63 5895994.422
22 64 5344771.203
22 65 9655433.84
22 66 2128237.501
22 67 1577992.346
22 68 8905311.07
22 69 3283813.644
22 70 5101421.54
22 71 3849288.086
22 72 7936233.885
22 73 7646459.022
22 74 8912486.168
22 75 5092183.999
22 76 5981768.151
22 77 8629802.609
22 78 9295659.41
22 79 10057357.9
22 80 8821588.003
22 81 10264025.95
22 82 1226817.82
22 83 217357.2313
22 84 9058866.527
22 85 7014162.463
22 86 775356.4341
22 87 5376836.419
22 88 9201918.007
22 89 6577161.987
22 90 2385384.785
22 91 7815317.237
22 92 3488294.043
22 93 2409694.3
22 94 5127406.015
22 95 5567074.625
22 96 9860040.314
22 97 9829896.535
22 98 2278357.925
22 99 2374749.706
23 24 3352732.608
23 25 4124076.999
23 26 8091162.698
23 27 7056081.471
23 28 4772728.015
23 29 5104168.402
23 30 1352089.058
23 31 8884311.903
23 32 4611592.77
23 33 4761780.33
23 34 7833801.199
23 35 5524675.923
23 36 4910240.856
23 37 4432944.856
23 38 3793427.215
23 39 3048561.526
23 40 2494681.717
23 41 1626505.483
23 42 4881256.934
23 43 2672523.029
23 44 11135888.85
23 45 6659020.377
23 46 9607962.471
23 47 4415885.196
23 48 4305293.065
23 49 9284255.642
23 50 1819718.621
23 51 4779188.34
23 52 5568588.252
23 53 7914124.417
23 54 9566208.509
23 55 5863710.763
23 56 10224605.54
23 57 3480212.917
23 58 4838124.164
23 59 6863422.347
23 60 6964779.81
23 61 2687388.253
23 62 6943364.426
23 63 3050687.378
23 64 2037579.203
23 65 5364585.398
23 66 6476855.932
23 67 6801299.878
23 68 9686945.5
23 69 5111870.341
23 70 1041209.619
23 71 2313429.56
23 72 7211594.119
23 73 1891758.843
23 74 8727721.256
23 75 1898318.503
23 76 4575164.038
23 77 4588456.8
23 78 4652026.149
23 79 6283125.927
23 80 6787824.994
23 81 5808262.323
23 82 4924647.726
23 83 6334502.795
23 84 9493963.686
23 85 9524359.014
23 86 5758493.429
23 87 1179505.717
23 88 8960323.519
23 89 3709847.26
23 90 4279451.205
23 91 4373758.127
23 92 3351157.149
23 93 4940021.981
23 94 7191916.024
23 95 1352627.212
23 96 10887281.52
23 97 8232172.155
23 98 4784216.473
23 99 4078362.174
24 25 1787647.3
24 26 5564429.709
24 27 6069645.003
24 28 4978221.842
24 29 3061522.23
24 30 3634354.516
24 31 8846702.727
24 32 1689246.98
24 33 4396183.172
24 34 5361340.393
24 35 2209998.429
24 36 4564588.154
24 37 1086318.222
24 38 2882667.186
24 39 553450.1757
24 40 4337151.341
24 41 2939388.569
24 42 5167976.259
24 43 2851431.533
24 44 8293800.012
24 45 3333520.24
24 46 6666173.815
24 47 1554383.003
24 48 1215533.024
24 49 6116859.559
24 50 4101340.408
24 51 2904921.567
24 52 3882279.529
24 53 7394922.404
24 54 9287072.049
24 55 6243417.503
24 56 7233100.701
24 57 3417187.153
24 58 2731341.625
24 59 5441638.494
24 60 3900267.157
24 61 2648808.694
24 62 6527610.73
24 63 950600.4976
24 64 5157225.733
24 65 2814255.5
24 66 6073752.071
24 67 6726296.805
24 68 6735509.782
24 69 4197513.687
24 70 3534211.359
24 71 3752406.251
24 72 4058704.749
24 73 2602594.92
24 74 5578876.249
24 75 4897573.92
24 76 1885977.634
24 77 1793362.375
24 78 2487657.117
24 79 3373197.501
24 80 3436614.739
24 81 3418454.621
24 82 5906082.441
24 83 6971164.651
24 84 6453736.477
24 85 7270943.554
24 86 6173487.729
24 87 4240062.455
24 88 5781627.352
24 89 583476.245
24 90 4463153.592
24 91 1134660.657
24 92 5617934.529
24 93 4667109.173
24 94 5249933.857
24 95 2250440.795
24 96 7920757.909
24 97 4883424.416
24 98 4684722.317
24 99 5739543.172
25 26 4037999.74
25 27 4320201.476
25 28 3679130.393
25 29 4717571.317
25 30 3777655.464
25 31 7229859.612
25 32 3129621.974
25 33 2938310.657
25 34 3800485.373
25 35 2145816.864
25 36 3090596.95
25 37 1756982.263
25 38 1547469.257
25 39 2301163.124
25 40 4006096.899
25 41 2971121.005
25 42 3877972.821
25 43 2251837.138
25 44 7016092.031
25 45 3726046.089
25 46 5486782.113
25 47 3072175.71
25 48 1017165.612
25 49 5264243.888
25 50 4074794.69
25 51 1123829.026
25 52 2096638.742
25 53 5700056.396
25 54 7605786.773
25 55 4879093.097
25 56 6108890.99
25 57 2363511.771
25 58 4397190.345
25 59 3656561.125
25 60 2926662.834
25 61 2055744.285
25 62 4883214.328
25 63 1204772.451
25 64 5438182.82
25 65 4297779.795
25 66 4452983.973
25 67 5170255.886
25 68 5566672.155
25 69 2556954.189
25 70 3826468.586
25 71 3404175.171
25 72 3240478.856
25 73 4089929.251
25 74 4702464.308
25 75 5117248.543
25 76 540084.3671
25 77 3300499.151
25 78 4160271.502
25 79 4527601.61
25 80 3444465.886
25 81 4916498.257
25 82 4835793.271
25 83 5654570.656
25 84 5395342.572
25 85 5634036.581
25 86 4829007.478
25 87 4617506.202
25 88 4957611.13
25 89 1263028.163
25 90 3241653.936
25 91 2387041.035
25 92 5259843.318
25 93 3208724.308
25 94 3496575.378
25 95 2774178.36
25 96 6766186.821
25 97 4714487.722
25 98 3296232.434
25 99 5029331.274
26 27 3643031.515
26 28 5448890.58
26 29 7771381.347
26 30 7471004.647
26 31 6665290.495
26 32 6145796.588
26 33 4647764.475
26 34 283244.4599
26 35 4048877.827
26 36 4657597.347
26 37 4848804.009
26 38 4521152.83
26 39 6117772.53
26 40 7265991.03
26 41 6710443.083
26 42 5587543.386
26 43 5716267.545
26 44 3173653.92
26 45 4952818.073
26 46 2063501.219
26 47 6207438.596
26 48 4360364.682
26 49 2844543.552
26 50 7605096.045
26 51 3345089.788
26 52 2819557.62
26 53 4985302.561
26 54 6554762.14
26 55 6003759.644
26 56 2686435.876
26 57 5253843.901
26 58 7518008.022
26 59 2730479.279
26 60 2261599.139
26 61 5598047.057
26 62 4804746.517
26 63 5234179.96
26 64 9070345.65
26 65 7070952.798
26 66 4691948.529
26 67 5457678.277
26 68 2150889.115
26 69 3880080.066
26 70 7604683.03
26 71 6770792.923
26 72 2525501.176
26 73 8086970.522
26 74 2514821.042
26 75 8728017.419
26 76 3717806.76
26 77 6356031.329
26 78 7330517.498
26 79 6668185.135
26 80 4205133.62
26 81 7595585.669
26 82 6755252.458
26 83 6705077.966
26 84 2340759.804
26 85 1812284.59
26 86 6032797.387
26 87 8376922.954
26 88 2769842.328
26 89 4983124.915
26 90 5394638.892
26 91 5507060.454
26 92 8278118.624
26 93 4756595.973
26 94 1631853.975
26 95 6743526.997
26 96 3175327.598
26 97 4278532.116
26 98 5005727.186
26 99 7585650.958
27 28 2684374.885
27 29 9033589.356
27 30 5947233.126
27 31 3213671.431
27 32 7416681.84
27 33 2322361.839
27 34 3418952.982
27 35 5854997.42
27 36 2196935.584
27 37 5988979.43
27 38 3442154.585
27 39 6530809.312
27 40 5225109.584
27 41 5430854.724
27 42 2716860.878
27 43 4394833.178
27 44 6381243.215
27 45 7317408.446
27 46 5671857.746
27 47 7377296.226
27 48 5248806.656
27 49 6443455.524
27 50 5818499.074
27 51 3205241.323
27 52 2289543.924
27 53 1511031.605
27 54 3380107.32
27 55 2631966.283
27 56 6255728.146
27 57 3576418.439
27 58 8715412.922
27 59 976934.911
27 60 4995547.338
27 61 4418241.149
27 62 1169493.929
27 63 5256977.228
27 64 7200866.741
27 65 8567229.168
27 66 1178004.342
27 67 1844991.281
27 68 5755866.392
27 69 1999172.788
27 70 6198857.47
27 71 4974835.759
27 72 5410896.327
27 73 7902421.495
27 74 6036030.042
27 75 6870691.279
27 76 4464167.197
27 77 7598795.981
27 78 8479582.287
27 79 8614832.321
27 80 6718475.131
27 81 9179735.674
27 82 3696481.78
27 83 3204545.546
27 84 5983562.874
27 85 3713364.464
27 86 2696669.208
27 87 6810927.164
27 88 6315019.479
27 89 5580415.687
27 90 2974053.245
27 91 6668491.499
27 92 5798963.848
27 93 2204630.744
27 94 2047231.746
27 95 5940880.132
27 96 6625832.027
27 97 7379657.965
27 98 2426991.648
27 99 4823563.814
28 29 8021213.13
28 30 3508397.847
28 31 4154552.817
28 32 6618973.575
28 33 865177.7781
28 34 5170711.747
28 35 5776089.145
28 36 803791.9371
28 37 5386434.905
28 38 2159440.573
28 39 5270709.404
28 40 2613469.741
28 41 3199482.096
28 42 198889.0992
28 43 2382486.917
28 44 8549061.16
28 45 7370277.587
28 46 7476243.312
28 47 6511893.602
28 48 4680388.586
28 49 7860876.374
28 50 3268287.658
28 51 2981091.589
28 52 2778962.111
28 53 3176997.395
28 54 4798534.562
28 55 1270109.529
28 56 8117603.426
28 57 1598206.724
28 58 7690231.349
28 59 3013704.994
28 60 5816488.169
28 61 2515716.516
28 62 2215786.233
28 63 4029295.802
28 64 4569179.482
28 65 7778027.671
28 66 1779095.773
28 67 2032005.222
28 68 7565121.225
28 69 1616469.172
28 70 3797101.618
28 71 2496969.717
28 72 6232637.358
28 73 6034729.011
28 74 7348402.052
28 75 4250427.676
28 76 4108626.328
28 77 6751946.894
28 78 7446548.037
28 79 8163715.363
28 80 6987618.724
28 81 8389685.035
28 82 1334269.166
28 83 1999430.821
28 84 7637986.155
28 85 6135108.193
28 86 1195744.047
28 87 4292141.445
28 88 7637650.762
28 89 4688493.246
28 90 541840.023
28 91 5925778.45
28 92 3120079.181
28 93 694809.3223
28 94 3914737.719
28 95 3938197.552
28 96 8623432.08
28 97 8065923.54
28 98 462260.0031
28 99 2206174.665
29 30 6003010.937
29 31 11899234.18
29 32 1664868.462
29 33 7457697.728
29 34 7641322.036
29 35 3723644.281
29 36 7626088.847
29 37 3095909.531
29 38 5944186.092
29 39 2761885.558
29 40 6973506.674
29 41 5531886.872
29 42 8207417.213
29 43 5779603.437
29 44 9873801.57
29 45 3410406.203
29 46 8215859.556
29 47 1666057.873
29 48 3803957.341
29 49 7228878.35
29 50 6537453.514
29 51 5828439.627
29 52 6771613.568
29 53 10412463.3
29 54 12314577.1
29 55 9290195.86
29 56 8637877.442
29 57 6438612.298
29 58 331040.985
29 59 8314120.026
29 60 5623628.115
29 61 5595834.112
29 62 9569034.964
29 63 3998596.469
29 64 7141707.11
29 65 818659.3905
29 66 9121639.774
29 67 9786184.794
29 68 8261277.365
29 69 7233159.469
29 70 5786906.535
29 71 6462450.431
29 72 5547235.495
29 73 3317181.643
29 74 6813040.311
29 75 6986330.362
29 76 4602531.557
29 77 1462940.275
29 78 574961.7178
29 79 1842499.51
29 80 4058641.113
29 81 803334.2401
29 82 8866624.839
29 83 10002985.11
29 84 7836951.726
29 85 9580021.941
29 86 9216711.343
29 87 6262222.849
29 88 6903599.567
29 89 3470621.719
29 90 7496716.416
29 91 2394294.966
29 92 8164979.499
29 93 7728522.013
29 94 7914689.887
29 95 4657539.58
29 96 9316117.114
29 97 5209532.621
29 98 7742226.015
29 99 8523070.632
30 31 7569406.661
30 32 5178242.702
30 33 3624996.161
30 34 7198322.386
30 35 5582417.618
30 36 3756599.392
30 37 4615847.583
30 38 2968897.248
30 39 3526536.629
30 40 1148846.813
30 41 806615.8491
30 42 3598082.717
30 43 1762805.984
30 44 10607695.98
30 45 6932928.769
30 46 9174981.88
30 47 4998432.279
30 48 4270512.332
30 49 9040748.409
30 50 539421.3015
30 51 4132507.456
30 52 4762472
30 53 6680564.802
30 54 8273330.677
30 55 4541566.005
30 56 9813582.135
30 57 2421758.434
30 58 5704519.23
30 59 5883658.952
30 60 6704123.138
30 61 1873293.617
30 62 5713179.967
30 63 2992535.487
30 64 1660561.149
30 65 6111714.762
30 66 5258013.843
30 67 5518024.349
30 68 9258773.681
30 69 4097069.324
30 70 311036.9902
30 71 1011476.674
30 72 7012733.767
30 73 3067777.659
30 74 8479017.117
30 75 1342878.407
30 76 4298676.63
30 77 5207380.754
30 78 5490311.018
30 79 6901507.029
30 80 6913157.583
30 81 6627332.58
30 82 3573629.597
30 83 4987997.557
30 84 9134991.516
30 85 8739109.665
30 86 4434546.101
30 87 914257.8624
30 88 8735250.143
30 89 3799295.406
30 90 3049975.178
30 91 4760645.92
30 92 2171495.051
30 93 3766542.254
30 94 6369243.644
30 95 1410187.05
30 96 10446006.31
30 97 8312865.572
30 98 3581307.823
30 99 2755622.578
31 32 10356349.51
31 33 4487199.587
31 34 6483204.147
31 35 8989091.042
31 36 4315299.659
31 37 8974549.859
31 38 5981718.993
31 39 9228573.582
31 40 6525037.532
31 41 7346537.357
31 42 4020624.86
31 43 6517763.185
31 44 8908328.448
31 45 10494846.81
31 46 8569254.345
31 47 10287758.59
31 48 8225238.59
31 49 9509665.427
31 50 7232920.547
31 51 6187505.212
31 52 5391041.276
31 53 1714243.145
31 54 872027.702
31 55 3029120.203
31 56 9083911.048
31 57 5691807.958
31 58 11571253.67
31 59 4180918.486
31 60 8207106.767
31 61 6629816.365
31 62 2349992.777
31 63 7938113.323
31 64 8289522.696
31 65 11526614.31
31 66 2779919.752
31 67 2154522.613
31 68 8645814.966
31 69 4676019.45
31 70 7872768.406
31 71 6573208.794
31 72 8620234.716
31 73 10183829.37
31 74 9149481.923
31 75 8023636.207
31 76 7482845.346
31 77 10520836.74
31 78 11328743.8
31 79 11692968.2
31 80 9918150.394
31 81 12145647.04
31 82 4139535.68
31 83 2746021.951
31 84 8956227.449
31 85 6129214.981
31 86 3137386.64
31 87 8247436.228
31 88 9418355.9
31 89 8437912.865
31 90 4686277.124
31 91 9616538.932
31 92 6451275.593
31 93 4228468.88
31 94 5184687.369
31 95 8090286.145
31 96 9321548.74
31 97 10587856.29
31 98 4279420.064
31 99 5336131.32
32 33 5981130.02
32 34 6003757.153
32 35 2124533.959
32 36 6144512.697
32 37 1439716.453
32 38 4480402.243
32 39 1651933.442
32 40 5980690.357
32 41 4552030.149
32 42 6812318.855
32 43 4540642.14
32 44 8419235.062
32 45 2320577.302
32 46 6752175.099
32 47 199276.9376
32 48 2168306.413
32 49 5893777.935
32 50 5678574.086
32 51 4216510.891
32 52 5139320.116
32 53 8825142.701
32 54 10732341.51
32 55 7873960.47
32 56 7225665.855
32 57 5085056.082
32 58 1381999.257
32 59 6669964.101
32 60 4063290.391
32 61 4337934.884
32 62 8011831.961
32 63 2624566.286
32 64 6576220.465
32 65 1172035.98
32 66 7577231.728
32 67 8275850.927
32 68 6805509.766
32 69 5680459.96
32 70 5029054.346
32 71 5410599.007
32 72 4044837.179
32 73 3226171.531
32 74 5425488.418
32 75 6354756.453
32 76 2960740.254
32 77 210272.5025
32 78 1184906.528
32 79 1724211.752
32 80 2774731.518
32 81 1791147.02
32 82 7588680.848
32 83 8617910.304
32 84 6419974.699
32 85 7947593.277
32 86 7809501.795
32 87 5655323.54
32 88 5557479.399
32 89 1940221.452
32 90 6116586.141
32 91 748196.7472
32 92 7245769.716
32 93 6254380.631
32 94 6250042.032
32 95 3768097.742
32 96 7915328.86
32 97 4133204.368
32 98 6297529.217
32 99 7420587.343
33 34 4366671.35
33 35 4982901.847
33 36 171959.298
33 37 4682367.356
33 38 1513518.666
33 39 4750458.794
33 40 2950779.939
33 41 3136196.266
33 42 1047385.983
33 43 2143616.26
33 44 7781433.132
33 45 6574967.504
33 46 6653415.229
33 47 5890489.313
33 48 3953931.413
33 49 7003294.345
33 50 3508781.263
33 51 2142998.023
33 52 1923190.778
33 53 3216934.079
33 54 5016633.19
33 55 1946035.374
33 56 7298353.354
33 57 1297276.897
33 58 7127419.804
33 59 2391177.887
33 60 4952249.514
33 61 2210357.79
33 62 2262586.93
33 63 3467417.737
33 64 4921286.605
33 65 7150857.187
33 66 1786027.372
33 67 2341454.885
33 68 6742329.88
33 69 772290.1696
33 70 3879205.335
33 71 2656515.663
33 72 5369202.017
33 73 5781125.527
33 74 6487629.557
33 75 4584782.06
33 76 3326510.4
33 77 6128676.522
33 78 6883642.549
33 79 7461553.792
33 80 6163349.231
33 81 7768144.94
33 82 2195177.709
33 83 2730488.569
33 84 6797894.329
33 85 5469803.691
33 86 1903356.218
33 87 4491246.733
33 88 6776610.688
33 89 4041015.223
33 90 766645.5589
33 91 5264058.429
33 92 3720385.675
33 93 273315.9206
33 94 3170878.482
33 95 3731448.994
33 96 7821805.324
33 97 7213152.149
33 98 406073.2829
33 99 2940406.424
34 35 3926932.958
34 36 4378033.408
34 37 4680515.869
34 38 4244604.492
34 39 5914730.33
34 40 6984699.744
34 41 6440985.556
34 42 5310868.064
34 43 5441770.944
34 44 3455925.96
34 45 4909293.837
34 46 2326568.409
34 47 6057812.756
34 48 4165278.09
34 49 3035083.222
34 50 7327681.211
34 51 3077076.757
34 52 2536639.899
34 53 4791644.67
34 54 6403036.212
34 55 5742182.92
34 56 2956249.208
34 57 4972512.386
34 58 7381063.049
34 59 2489178.375
34 60 2215966.873
34 61 5325941.075
34 62 4574078.326
34 63 5000978.798
34 64 8793798.888
34 65 6956034.934
34 66 4446062.048
34 67 5219750.138
34 68 2414626.515
34 69 3598352.3
34 70 7335095.759
34 71 6491615.643
34 72 2517785.554
34 73 7864745.854
34 74 2669530.967
34 75 8451217.325
34 76 3500046.683
34 77 6213668.702
34 78 7188445.195
34 79 6593338.53
34 80 4171444.901
34 81 7492147.315
34 82 6479734.788
34 83 6450257.125
34 84 2577128.47
34 85 1945749.003
34 86 5769278.509
34 87 8105441.677
34 88 2935456.716
34 89 4778541.911
34 90 5112472.91
34 91 5349279.45
34 92 7994894.322
34 93 4477837.259
34 94 1386333.34
34 95 6488279.798
34 96 3455394.261
34 97 4341000.545
34 98 4726281.283
34 99 7303847.746
35 36 5119127.18
35 37 1138234.287
35 38 3686384.136
35 39 2663450.753
35 40 6029137.905
35 41 4802938.641
35 42 5974414.96
35 43 4307062.848
35 44 6339606.84
35 45 1594203.522
35 46 4675635.756
35 47 2214998.574
35 48 1320865.615
35 49 3959621.92
35 50 5973504.113
35 51 2880359.327
35 52 3598590.667
35 53 7345093.706
35 54 9234802.917
35 55 6924930.884
35 56 5187035.403
35 57 4508420.159
35 58 3477729.584
35 59 4987591.653
35 60 1943460.457
35 61 4097981.689
35 62 6657849.371
35 63 2591069.021
35 64 7199469.784
35 65 3029928.263
35 66 6280638.85
35 67 7058013.834
35 68 4734603.587
35 69 4458216.452
35 70 5548688.355
35 71 5418698.785
35 72 1970753.212
35 73 4736414.06
35 74 3443307.666
35 75 6909305.64
35 76 1668970.352
35 77 2333618.771
35 78 3300880.007
35 79 2796713.569
35 80 1340865.326
35 81 3578344.666
35 82 6972473.568
35 83 7712669.68
35 84 4386613.904
35 85 5859337.329
35 86 6885914.806
35 87 6306558.258
35 88 3620846.328
35 89 1822135.512
35 90 5367454.202
35 91 1592084.37
35 92 7311242.942
35 93 5242811.065
35 94 4365461.509
35 95 4307324.568
35 96 5880075.223
35 97 2734994.671
35 98 5365744.318
35 99 7160482.902
36 37 4838567.132
36 38 1682110.682
36 39 4921331.077
36 40 3047158.35
36 41 3286225.223
36 42 969695.0253
36 43 2304782.226
36 44 7775633.514
36 45 6709414.227
36 46 6677209.425
36 47 6055385.612
36 48 4107226.026
36 49 7059141.098
36 50 3623036.817
36 51 2264494.219
36 52 1977963.128
36 53 3051960.582
36 54 4845962.884
36 55 1805805.859
36 56 7319886.168
36 57 1456902.672
36 58 7295919.902
36 59 2325304.417
36 60 5038463.897
36 61 2376223.518
36 62 2094808.647
36 63 3637394.633
36 64 5021783.522
36 65 7314788.796
36 66 1618118.243
36 67 2170176.886
36 68 6766113.207
36 69 814054.2724
36 70 4015761.261
36 71 2778059.024
36 72 5457874.367
36 73 5948568.55
36 74 6548946.141
36 75 4687538.517
36 76 3468227.37
36 77 6293314.786
36 78 7052193.575
36 79 7616465.416
36 80 6286561.263
36 81 7932397.614
36 82 2136990.24
36 83 2594407.166
36 84 6834730.144
36 85 5424306.016
36 86 1768914.963
36 87 4614268.414
36 88 6838415.181
36 89 4204723.676
36 90 819416.9293
36 91 5425351.737
36 92 3767721.103
36 93 125615.7654
36 94 3151092.88
36 95 3894544.817
36 96 7832924.944
36 97 7317023.856
36 98 348401.7886
36 99 2947858.174
37 38 3227188.593
37 39 1525578.31
37 40 5195815.327
37 41 3871153.978
37 42 5584046.682
37 43 3558639.002
37 44 7381100.159
37 45 2319265.072
37 46 5729412.402
37 47 1434388.13
37 48 749407.5054
37 49 5086378.335
37 50 5048558.472
37 51 2800695.604
37 52 3705662.36
37 53 7414331.071
37 54 9322419.357
37 55 6612512.792
37 56 6268524.075
37 57 3941515.486
37 58 2797294.052
37 59 5230892.426
37 60 2957165.511
37 61 3346068.745
37 62 6625078.855
37 63 1664701.441
37 64 6188870.135
37 65 2578250.051
37 66 6202483.603
37 67 6926707.822
37 68 5793597.278
37 69 4309506.647
37 70 4547398.148
37 71 4591190.901
37 72 3058850.945
37 73 3603174.662
37 74 4560653.115
37 75 5914985.736
37 76 1525774.984
37 77 1634383.66
37 78 2578860.827
37 79 2780588.64
37 80 2355330.341
37 81 3191696.583
37 82 6464766.845
37 83 7378675.28
37 84 5475763.051
37 85 6624106.96
37 86 6557202.285
37 87 5279935.41
37 88 4748518.553
37 89 831142.6976
37 90 4915817.709
37 91 702636.2268
37 92 6487234.144
37 93 4954515.947
37 94 4826479.844
37 95 3275947.577
37 96 6960580.54
37 97 3799512.834
37 98 5026753.83
37 99 6474768.321
38 39 3246856.806
38 40 2799177.132
38 41 2251836.543
38 42 2356889.005
38 43 1206132.563
38 44 7680361.641
38 45 5272179.918
38 46 6319373.646
38 47 4383909.947
38 48 2528253.346
38 49 6375830.796
38 50 3084687.17
38 51 1244182.692
38 52 1800976.806
38 53 4608995.124
38 54 6467292.315
38 55 3397611.508
38 56 6967396.21
38 57 874199.0964
38 58 5613933.483
38 59 3093561.525
38 60 4115633.39
38 61 1122926.258
38 62 3695845.136
38 63 1957726.041
38 64 4549248.096
38 65 5647163.905
38 66 3228938.234
38 67 3847977.262
38 68 6405858.408
38 69 1445921.692
38 70 3133444.731
38 71 2263310.409
38 72 4493701.031
38 73 4460436.173
38 74 5824588.303
38 75 4206867.174
38 76 2027682.367
38 77 4622885.537
38 78 5370174.528
38 79 6004423.541
38 80 4959477.57
38 81 6263036.56
38 82 3288517.165
38 83 4154765.576
38 84 6344251.237
38 85 5781965.115
38 86 3337281.862
38 87 3882092.976
38 88 6101738.155
38 89 2541650.659
38 90 1698215.986
38 91 3774495.834
38 92 3949184.847
38 93 1784731.385
38 94 3421160.224
38 95 2553332.982
38 96 7570939.972
38 97 6159721.078
38 98 1817224.444
38 99 3558242.377
39 40 4349222.964
39 41 2910823.046
39 42 5454303.02
39 43 3023077.549
39 44 8829847.638
39 45 3618866.864
39 46 7195517.714
39 47 1475142.39
39 48 1765138.07
39 49 6606994.722
39 50 4027283.196
39 51 3403338.558
39 52 4382638.755
39 53 7819883.917
39 54 9699843.138
39 55 6540795.184
39 56 7754597.872
39 57 3681104.956
39 58 2432437.717
39 59 5937984.237
39 60 4424086.185
39 61 2835818.831
39 62 6931361.547
39 63 1293882.7
39 64 4955034.919
39 65 2657228.906
39 66 6469704.637
39 67 7091263.494
39 68 7263525.245
39 69 4618029.594
39 70 3382665.402
39 71 3793817.028
39 72 4563282.362
39 73 2084857.941
39 74 6076113.8
39 75 4720656.838
39 76 2434866.083
39 77 1692622.031
39 78 2190882.885
39 79 3375890.276
39 80 3814749.702
39 81 3228676.976
39 82 6109534.324
39 83 7244785.771
39 84 6969971.737
39 85 7822936.363
39 86 6464684.032
39 87 4032329.603
39 88 6269865.536
39 89 1136397.952
39 90 4741688.659
39 91 1326391.291
39 92 5603424.075
39 93 5016996.204
39 94 5784307.929
39 95 2116349.616
39 96 8444082.187
39 97 5263223.496
39 98 5011297.803
39 99 5831978.004
40 41 1446250.455
40 42 2660937.183
40 43 1754722.159
40 44 10438735.63
40 45 7497135.811
40 46 9114909.397
40 47 5815613.382
40 48 4713791.358
40 49 9152095.67
40 50 712006.9641
40 51 4042884.539
40 52 4457586.025
40 53 5771582.641
40 54 7263018.694
40 55 3501792.858
40 56 9763794.045
40 57 2012188.2
40 58 6662334.739
40 59 5328185.801
40 60 6853837.904
40 61 1951664.407
40 62 4821851.714
40 63 3531800.743
40 64 1976115.85
40 65 6997606.008
40 66 4392449.126
40 67 4542612.778
40 68 9201756.183
40 69 3572284.659
40 70 1456356.423
40 71 610464.049
40 72 7206454.892
40 73 4190159.644
40 74 8596046.18
40 75 1646243.702
40 76 4546173.423
40 77 6039536.621
40 78 6436951.738
40 79 7696868.421
40 80 7368853.828
40 81 7546198.184
40 82 2454645.122
40 83 3883263.711
40 84 9142865.315
40 85 8341237.383
40 86 3391877.393
40 87 1723812.625
40 88 8867896.45
40 89 4365205.207
40 90 2251063.402
40 91 5468152.615
40 92 1291438.115
40 93 3024051.427
40 94 5981733.437
40 95 2317580.769
40 96 10359969.56
40 97 8703990.562
40 98 2798506.324
40 99 1619222.9
41 42 3325971.585
41 43 1069628.529
41 44 9831925.631
41 45 6190124.854
41 46 8382705.229
41 47 4382528.9
41 48 3485549.192
41 49 8234570.058
41 50 1177766.474
41 51 3365607.694
41 52 4052419.727
41 53 6305362.092
41 54 7996427.443
41 55 4358418.663
41 56 9019237.073
41 57 1854455.154
41 58 5218846.481
41 59 5268466.749
41 60 5897678.311
41 61 1130043.915
41 62 5335224.136
41 63 2222733.044
41 64 2467065.654
41 65 5553278.317
41 66 4865200.013
41 67 5230669.775
41 68 8465978.259
41 69 3500365.418
41 70 894253.2713
41 71 948987.5027
41 72 6206374.67
41 73 2918493.336
41 74 7672818.323
41 75 2148300.008
41 76 3492316.522
41 77 4603246.534
41 78 4992225.635
41 79 6273477.885
41 80 6138890.051
41 81 6099984.435
41 82 3565488.637
41 83 4908972.877
41 84 8334892.828
41 85 8032892.075
41 86 4258475.104
41 87 1674898.929
41 88 7928731.906
41 89 3044951.822
41 90 2686009.337
41 91 4073970.973
41 92 2693821.855
41 93 3319456.532
41 94 5672754.528
41 95 891011.1384
41 96 9656003.221
41 97 7527305.764
41 98 3173192.653
41 99 3005271.551
42 43 2543152.523
42 44 8672251.582
42 45 7568614.957
42 46 7622688.391
42 47 6704003.919
42 48 4878869.482
42 49 8027820.303
42 50 3332464.977
42 51 3174430.748
42 52 2947447.362
42 53 3111264.057
42 54 4684970.438
42 55 1090474.225
42 56 8262080.796
42 57 1776277.169
42 58 7876503.193
42 59 3105803.792
42 60 5999156.797
42 61 2683594.623
42 62 2162385.865
42 63 4218385.973
42 64 4597663.874
42 65 7970174.526
42 66 1746703.833
42 67 1921690.52
42 68 7711505.365
42 69 1783362.606
42 70 3891974.034
42 71 2587829.131
42 72 6416484.283
42 73 6182056.924
42 74 7518555.632
42 75 4285016.053
42 76 4307150.857
42 77 6944112.676
42 78 7632939.33
42 79 8360813.735
42 80 7183815.889
42 81 8581198.596
42 82 1173471.118
42 83 1805609.693
42 84 7793169.351
42 85 6227228.268
42 86 1010551.46
42 87 4359033.026
42 88 7808051.8
42 89 4883373.959
42 90 714139.2118
42 91 6121012.113
42 92 3083800.688
42 93 853072.3869
42 94 4036341.617
42 95 4084021.431
42 96 8759936.954
42 97 8256360.143
42 98 641329.9819
42 99 2125245.203
43 44 8864950.128
43 45 5816256.851
43 46 7466672.038
43 47 4400900.959
43 48 3006661.369
43 49 7427255.815
43 50 1910525.878
43 51 2392244.843
43 52 3002853.818
43 53 5355161.193
43 54 7113587.939
43 55 3627606.914
43 56 8110828.167
43 57 848356.1609
43 58 5451857.855
43 59 4200209.209
43 60 5113795.807
43 61 212737.3848
43 62 4392567.441
43 63 1938844.411
43 64 3360347.471
43 65 5647755.721
43 66 3916693.006
43 67 4369410.77
43 68 7551912.878
43 69 2439419.381
43 70 1933603.195
43 71 1157906.793
43 72 5458678.685
43 73 3669230.221
43 74 6868475.165
43 75 3020613.989
43 76 2791841.612
43 77 4637730.995
43 78 5211764.362
43 79 6207928.812
43 80 5641528.532
43 81 6237910.775
43 82 3087145.647
43 83 4277226.648
43 84 7458747.814
43 85 6982795.802
43 86 3539364.724
43 87 2675998.532
43 88 7136316.423
43 89 2744919.96
43 90 1841391.193
43 91 3934726.678
43 92 3013756.316
43 93 2356997.671
43 94 4616520.86
43 95 1591903.004
43 96 8729409.548
43 97 6957041.264
43 98 2252338.05
43 99 2918489.185
44 45 6554418.605
44 46 1667108.04
44 47 8534663.897
44 48 7088057.642
44 49 2782957.547
44 50 10764474.47
44 51 6476107.487
44 52 5991960.246
44 53 7416253.057
44 54 8536947.756
44 55 8948457.542
44 56 1288326.141
44 57 8426797.167
44 58 9687069.749
44 59 5633326.645
44 60 4424080.342
44 61 8736032.71
44 62 7530670.945
44 63 8160901.221
44 64 12224752.36
44 65 9081539.746
44 66 7537948.297
44 67 8217331.712
44 68 1615104.559
44 69 7023496.177
44 70 10724460.65
44 71 9937602.964
44 72 4377244.678
44 73 10892596.76
44 74 3086677.064
44 75 11883859.64
44 76 6602990.491
44 77 8620948.883
44 78 9548469.304
44 79 8367696.862
44 80 5837809.326
44 81 9483257.644
44 82 9821614.465
44 83 9579748.205
44 84 2052455.799
44 85 2783329.218
44 86 8994058.279
44 87 11505589.7
44 88 3059361.486
44 89 7742239.791
44 90 8538937.687
44 91 7930165.448
44 92 11445359.61
44 93 7866329.58
44 94 4635910.875
44 95 9783456.95
44 96 769379.2794
44 97 5056365.737
44 98 8120804.509
44 99 10720838.56
45 46 4928643.921
45 47 2504420.234
45 48 2814155.237
45 49 3841908.911
45 50 7367677.929
45 51 4459927.331
45 52 5114992.874
45 53 8823387.123
45 54 10690077.48
45 55 8514910.73
45 56 5289111.259
45 57 6080048.266
45 58 3287660.737
45 59 6405112.579
45 60 2694778.348
45 61 5604197.421
45 62 8184703.368
45 63 3976279.893
45 64 8488461.597
45 65 2593441.75
45 66 7825418.062
45 67 8614037.156
45 68 4963015.344
45 69 6033458.311
45 70 6855713.189
45 71 6889010.775
45 72 2452532.184
45 73 5500384.402
45 74 3468048.765
45 75 8222605.067
45 76 3262496.613
45 77 2465902.017
45 78 3209187.462
45 79 1819021.261
45 80 760001.595
45 81 2935339.229
45 82 8560445.439
45 83 9303672.021
45 84 4502197.598
45 85 6726870.861
45 86 8477327.245
45 87 7572956.667
45 88 3526058.294
45 89 3146233.104
45 90 6958746.851
45 91 2295088.198
45 92 8787691.276
45 93 6833480.648
45 94 5646526.531
45 95 5576443.498
45 96 5952744.129
45 97 1834592.582
45 98 6959265.578
45 99 8706330.602
46 47 6867714.167
46 48 5471006.656
46 49 1362102.427
46 50 9377163.576
46 51 5082097.873
46 52 4762978.928
46 53 6936874.039
46 54 8355237.059
46 55 8066957.52
46 56 650479.8031
46 57 7120680.023
46 58 8024575.121
46 59 4785667.739
46 60 2774490.714
46 61 7319824.428
46 62 6840153.621
46 63 6592656.855
46 64 10817535.68
46 65 7428484.201
46 66 6748311.222
46 67 7503242.577
46 68 88917.40836
46 69 5881193.556
46 70 9267196.65
46 71 8580166.556
46 72 2710582.201
46 73 9268600.219
46 74 1492325.223
46 75 10481598.01
46 76 5039803.75
46 77 6954036.816
46 78 7883575.839
46 79 6747252.993
46 80 4197543.88
46 81 7844652.038
46 82 8794519.57
46 83 8767433.649
46 84 540854.5765
46 85 2721060.486
46 86 8095205.493
46 87 10055911.07
46 88 1544551.554
46 89 6125616.165
46 90 7382247.159
46 91 6267178.675
46 92 10199680.04
46 93 6781575.804
46 94 3692957.239
46 95 8260420.161
46 96 1279431.424
46 97 3559825.222
46 98 7025408.844
46 99 9573798.434
47 48 2138575.802
47 49 6034803.478
47 50 5502066.413
47 51 4172779.522
47 52 5108605.513
47 53 8772202.319
47 54 10677874.9
47 55 7771148.771
47 56 7351129.796
47 57 4965792.312
47 58 1363045.914
47 59 6648546.853
47 60 4158351.53
47 61 4200417.674
47 62 7947060.181
47 63 2499711.6
47 64 6385147.08
47 65 1266170.756
47 66 7507849.988
47 67 8196444.222
47 68 6922717.187
47 69 5612420.248
47 70 4844852.244
47 71 5250115.98
47 72 4157571.968
47 73 3029281.758
47 74 5558828.651
47 75 6166200.565
47 76 2936717.246
47 77 240192.5535
47 78 1145996.493
47 79 1903561.028
47 80 2935491.793
47 81 1879427.325
47 82 7460403.103
47 83 8509337.702
47 84 6545791.573
47 85 8003289.736
47 86 7704727.38
47 87 5464846.995
47 88 5697507.236
47 89 1853739.928
47 90 6004327.641
47 91 731833.545
47 92 7076196.464
47 93 6163448.686
47 94 6260299.917
47 95 3588786.476
47 96 8042036.438
47 97 4308792.738
47 98 6199422.691
47 99 7268838.277
48 49 4998346.347
48 50 4653831.894
48 51 2053556.343
48 52 2971874.756
48 53 6667067.937
48 54 8575129.253
48 55 5891908.849
48 56 6050130.196
48 57 3289321.251
48 58 3494963.736
48 59 4510162.835
48 60 2722761.876
48 61 2795480.153
48 62 5875704.971
48 63 1290734.574
48 64 5899602.19
48 65 3321436.547
48 66 5453876.139
48 67 6181521.356
48 68 5542373.444
48 69 3562123.982
48 70 4249206.883
48 71 4103396.613
48 72 2923869.766
48 73 3804823.426
48 74 4448239.97
48 75 5603309.283
48 76 799224.6985
48 77 2353704.632
48 78 3267238.315
48 79 3510459.579
48 80 2661322.28
48 81 3936954.031
48 82 5799482.934
48 83 6664202.765
48 84 5281563.158
48 85 6089713.245
48 86 5839910.485
48 87 5017569.271
48 88 4669187.454
48 89 654747.1653
48 90 4225788.539
48 91 1420354.422
48 92 5999110.3
48 93 4224885.074
48 94 4168952.563
48 95 3034002.985
48 96 6733901.434
48 97 4042656.977
48 98 4307271.565
48 99 5892719.82
49 50 9314178.619
49 51 5142811.91
49 52 5081927.935
49 53 7825130.364
49 54 9385512.068
49 55 8623164.983
49 56 1494635.535
49 57 7230921.699
49 58 7072961.725
49 59 5491924.093
49 60 2338529.521
49 61 7254596.271
49 62 7585541.675
49 63 6234021.675
49 64 10701221.87
49 65 6419436.091
49 66 7418944.557
49 67 8212645.587
49 68 1349916.059
49 69 6245109.458
49 70 9088110.211
49 71 8578508.168
49 72 2075035.677
49 73 8689218.818
49 74 561779.7779
49 75 10377750.78
49 76 4754060.764
49 77 6083273.066
49 78 6959464.109
49 79 5632725.276
49 80 3172340.414
49 81 6775638.403
49 82 9195142.112
49 83 9368855.795
49 84 823409.4087
49 85 3978183.645
49 86 8635085.741
49 87 9878140.411
49 88 339297.3426
49 89 5632604.969
49 90 7675984.062
49 91 5519085.151
49 92 10324346.49
49 93 7174781.584
49 94 4396946.148
49 95 7969908.65
49 96 2122911.384
49 97 2273894.444
49 98 7399118.113
49 99 9829055.545
50 51 4299958.317
50 52 4838195.836
50 53 6441708.023
50 54 7964438.761
50 55 4206895.951
50 56 10021335.42
50 57 2413704.189
50 58 6237130.266
50 59 5843521.958
50 60 6987026.781
50 61 2065536.453
50 62 5483916.428
50 63 3399503.069
50 64 1470574.994
50 65 6632351.088
50 66 5043617.033
50 67 5232513.529
50 68 9462430.203
50 69 4061592.317
50 70 810235.6412
50 71 867931.4997
50 72 7314096.488
50 73 3596109.78
50 74 8753599.907
50 75 1126370.127
50 76 4608008.625
50 77 5715044.55
50 78 6021139.335
50 79 7402785.045
50 80 7311486.763
50 81 7154490.684
50 82 3165094.141
50 83 4594888.81
50 84 9365985.405
50 85 8785821.348
50 86 4097446.067
50 87 1026980.686
50 88 9016646.98
50 89 4222716.669
50 90 2860519.601
50 91 5233871.31
50 92 1632455.076
50 93 3615267.458
50 94 6414397.032
50 95 1917212.045
50 96 10639121.01
50 97 8691479.418
50 98 3406322.14
50 99 2258644.162
51 52 979305.1565
51 53 4613694.672
51 54 6521784.109
51 55 4063696.399
51 56 5728806.356
51 57 2088155.664
51 58 5510850.995
51 59 2536983.048
51 60 2921101.789
51 61 2259997.159
51 62 3838193.349
51 63 2204872.973
51 64 5752175.42
51 65 5374668.689
51 66 3432483.412
51 67 4190841.59
51 68 5168095.636
51 69 1578336.756
51 70 4259858.057
51 71 3498530.533
51 72 3317596.402
51 73 5062234.622
51 74 4595442.048
51 75 5412829.028
51 76 1295416.293
51 77 4395789.442
51 78 5275781.378
51 79 5508095.987
51 80 4022088.16
51 81 5990500.368
51 82 4262441.575
51 83 4854917.372
51 84 5100133.216
51 85 4757585.319
51 86 4031852.96
51 87 5034526.242
51 88 4875632.426
51 89 2386547.049
51 90 2656244.214
51 91 3468678.447
51 92 5183600.432
51 93 2389859.715
51 94 2487402.996
51 95 3448803.557
51 96 6339871.258
51 97 5091128.103
51 98 2541851.76
51 99 4720110.231
52 53 3754074.166
52 54 5654311.961
52 55 3636284.001
52 56 5411890.011
52 57 2448127.388
52 58 6458205.084
52 59 1559924.554
52 60 3109465.895
52 61 2922663.42
52 62 3069715.798
52 63 3172974.475
52 64 6308763.745
52 65 6282904.613
52 66 2721215.202
52 67 3524100.494
52 68 4851678.133
52 69 1164093.767
52 70 4933961.223
52 71 3986138.748
52 72 3535099.507
52 73 6002541.349
52 74 4571161.461
52 75 5964551.748
52 76 2179921.789
52 77 5325548.537
52 78 6226045.68
52 79 6332795.644
52 80 4578382.93
52 81 6893638.538
52 82 4113220.127
52 83 4417265.036
52 84 4882961.267
52 85 3981027.233
52 86 3629769.021
52 87 5676676.938
52 88 4860714.197
52 89 3355267.457
52 90 2624852.662
52 91 4391900.354
52 92 5461008.061
52 93 2095078.641
52 94 1624366.307
52 95 4278500.867
52 96 5964436.654
52 97 5452825.4
52 98 2317207.099
52 99 4812689.871
53 54 1908090.659
53 55 2461288.91
53 56 7478284.991
53 57 4506805.905
53 58 10088992.51
53 59 2469261.628
53 60 6495721.023
53 61 5427290.782
53 62 970760.5167
53 63 6527756.366
53 64 7690315.573
53 65 9987244.686
53 66 1441144.345
53 67 1324388.525
53 68 7016335.7
53 69 3201966.709
53 70 6964044.208
53 71 5670264.845
53 72 6907578.113
53 73 8995936.986
53 74 7451080.85
53 75 7385550.886
53 76 5899320.816
53 77 8999683.781
53 78 9849436.039
53 79 10085628.32
53 80 8229177.388
53 81 10603745.03
53 82 3701655.405
53 83 2667326.452
53 84 7300019.725
53 85 4640470.353
53 86 2565337.618
53 87 7467268.949
53 88 7722985.856
53 89 6942430.196
53 90 3638213.66
53 91 8078605.295
53 92 6032891.287
53 93 2999096.81
53 94 3474460.643
53 95 6946108.574
53 96 7766569.01
53 97 8874591.39
53 98 3132220.35
53 99 4944706.835
54 55 3763883.527
54 56 8829159.779
54 57 6272318.02
54 58 11990149.78
54 59 4290242.229
54 60 8280899.668
54 61 7208171.295
54 62 2771448.265
54 63 8406036.683
54 64 9073622.354
54 65 11895090.06
54 66 3240939.289
54 67 2766563.751
54 68 8426930.331
54 69 5089561.851
54 70 8571655.476
54 71 7267269.271
54 72 8680721.866
54 73 10780721.24
54 74 9067096.64
54 75 8797982.232
54 76 7806799.985
54 77 10906044.89
54 78 11749913.8
54 79 11987069.07
54 80 10074313.92
54 81 12511722.28
54 82 4927756.96
54 83 3569285.591
54 84 8777367.383
54 85 5791712.26
54 86 3874581.35
54 87 8986495.594
54 88 9324604.467
54 89 8843962.455
54 90 5312840.419
54 91 9986098.622
54 92 7263183.079
54 93 4773830.76
54 94 5192228.519
54 95 8701264.226
54 96 9006645.356
54 97 10633647.71
54 98 4861267.393
54 99 6145748.903
55 56 8686889.51
55 57 2866059.16
55 58 8959180.936
55 59 3321117.138
55 60 6745491.081
55 61 3772458.468
55 62 1671592.545
55 63 5295837.089
55 64 5326133.673
55 65 9036775.524
55 66 1457387.334
55 67 1138401.611
55 68 8154533.187
55 69 2527325.551
55 70 4846075.922
55 71 3550378.046
55 72 7170679.967
55 73 7244925.674
55 74 8143615.309
55 75 5041782.99
55 76 5272148.67
55 77 8010949.948
55 78 8715421.915
55 79 9393081.519
55 80 8082584.897
55 81 9650137.606
55 82 1241528.279
55 83 791925.4361
55 84 8299443.636
55 85 6337512.738
55 86 111177.3865
55 87 5225584.07
55 88 8433113.917
55 89 5937955.41
55 90 1804382.745
55 91 7172089.533
55 92 3588190.439
55 93 1682358.671
55 94 4381460.503
55 95 5147717.587
55 96 9125142.711
55 97 9070769.229
55 98 1585759.629
55 99 2487915.057
56 57 7770701.82
56 58 8462737.083
56 59 5390253.238
56 60 3332875.852
56 61 7962057.688
56 62 7425220.856
56 63 7197907.353
56 64 11458793.66
56 65 7838056.677
56 66 7350919.368
56 67 8094728.29
56 68 562638.8574
56 69 6526326.219
56 70 9901622.081
56 71 9227264.737
56 72 3217179.503
56 73 9834683.892
56 74 1826226.897
56 75 11123611.77
56 76 5650963.684
56 77 7423400.579
56 78 8333550.644
56 79 7096523.852
56 80 4585916.206
56 81 8223021.977
56 82 9432899.227
56 83 9378240.786
56 84 805718.3397
56 85 3090000.271
56 86 8717605.003
56 87 10691183.42
56 88 1775815.415
56 89 6703295.494
56 90 8029563.449
56 91 6777507.405
56 92 10850159.83
56 93 7423212.212
56 94 4306550.868
56 95 8879966.158
56 96 693050.1492
56 97 3768218.603
56 98 7668217.43
56 99 10221593.45
57 58 6107999.145
57 59 3461982.977
57 60 4985780.738
57 61 938378.0638
57 62 3544600.875
57 63 2467167.791
57 64 3880086.432
57 65 6229969.142
57 66 3068564.019
57 67 3538861.215
57 68 7208115.182
57 69 1675387.312
57 70 2647418.967
57 71 1549507.231
57 72 5366589.035
57 73 4508440.117
57 74 6682774.401
57 75 3535848.056
57 76 2871111.981
57 77 5205832.111
57 78 5864861.719
57 79 6686723.431
57 80 5803188.776
57 81 6835641.773
57 82 2524402.807
57 83 3564390.572
57 84 7170989.363
57 85 6372809.328
57 86 2786569.423
57 87 3322782.35
57 88 6961987.811
57 89 3185489.266
57 90 1062232.284
57 91 4420118.227
57 92 3097250.883
57 93 1508973.21
57 94 4002303.452
57 95 2439798.964
57 96 8357387.855
57 97 7026434.35
57 98 1414504.86
57 99 2687780.204
58 59 8004056.842
58 60 5396382.089
58 61 5267251.048
58 62 9242521.802
58 63 3667646.291
58 64 6874960.676
58 65 764309.9419
58 66 8794207.528
58 67 9456694.961
58 68 8072512.094
58 69 6906945.395
58 70 5494289.733
58 71 6145990.293
58 72 5339193.225
58 73 3087847.551
58 74 6641812.135
58 75 6711206.842
58 76 4294143.121
58 77 1174547.074
58 78 243981.0265
58 79 1853889.611
58 80 3901150.17
58 81 984317.9556
58 82 8538995.71
58 83 9672340.439
58 84 7659266.066
58 85 9323239.914
58 86 8885748.529
58 87 5987728.918
58 88 6743944.734
58 89 3146567.015
58 90 7165900.525
58 91 2094658.43
58 92 7861945.994
58 93 7398135.642
58 94 7622226.349
58 95 4348688.09
58 96 9145161.169
58 97 5108624.181
58 98 7411323.082
58 99 8205344.802
59 60 4026545.803
59 61 4176462.948
59 62 2093632.021
59 63 4709328.895
59 64 7285400.588
59 65 7798557.009
59 66 1962664.113
59 67 2730715.861
59 68 4871707.315
59 69 1787467.721
59 70 6102587.648
59 71 4976923.398
59 72 4439371.61
59 73 7488803.192
59 74 5071933.772
59 75 6944898.489
59 76 3711911.161
59 77 6860712.267
59 78 7774117.432
59 79 7772599.136
59 80 5784148.732
59 81 8403116.179
59 82 4217043.887
59 83 3989616.645
59 84 5065820.437
59 85 3122055.232
59 86 3362851.143
59 87 6783132.558
59 88 5353092.864
59 89 4914442.882
59 90 3143824.191
59 91 5925448.499
59 92 6090580.453
59 93 2384236.424
59 94 1102982.445
59 95 5646856.065
59 96 5807270.255
59 97 6407377.11
59 98 2639833.484
59 99 5219836.66
60 61 4934854.024
60 62 6018158.323
60 63 3915518.244
60 64 8364683.701
60 65 4883352.9
60 66 5744532.298
60 67 6559259.793
60 68 2840739.725
60 69 4241971.078
60 70 6749581.789
60 71 6270009.885
60 72 427039.9214
60 73 6502189.583
60 74 1776929.104
60 75 8042655.069
60 76 2415994.621
60 77 4271088.734
60 78 5230590.363
60 79 4413586.496
60 80 1955905.119
60 81 5378756.881
60 82 7134990.887
60 83 7526521.082
60 84 2558855.862
60 85 4053994.201
60 86 6737295.714
60 87 7539636.393
60 88 2031417.955
60 89 3373686.936
60 90 5553039.172
60 91 3519676.944
60 92 8055952.619
60 93 5161463.212
60 94 3102471.173
60 95 5640282.99
60 96 4020751.517
60 97 2388359.428
60 98 5358015.069
60 99 7640749.145
61 62 4470611.14
61 63 1730170.026
61 64 3498306.367
61 65 5450527.764
61 66 3993946.931
61 67 4477186.432
61 68 7404524.12
61 69 2439995.896
61 70 2017316.924
61 71 1348448.798
61 72 5274293.502
61 73 3574234.928
61 74 6694885.597
61 75 3161773.77
61 76 2595749.898
61 77 4437869.325
61 78 5026336.105
61 79 6000418.325
61 80 5433535.713
61 81 6043284.974
61 82 3274701.597
61 83 4438289.726
61 84 7301033.429
61 85 6902885.249
61 86 3687151.155
61 87 2779734.395
61 88 6960732.857
61 89 2533170.624
61 90 1974038.752
61 91 3726346.114
61 92 3218468.335
61 93 2437828.686
61 94 4544015.74
61 95 1528573.34
61 96 8586331.687
61 97 6754407.087
61 98 2352800.034
61 99 3130375.225
62 63 5637503.162
62 64 6757165.498
62 65 9180946.183
62 66 476695.023
62 67 688345.6429
62 68 6924392.991
62 69 2336153.471
62 70 5995203.932
62 71 4703736.478
62 72 6441254.926
62 73 8043368.185
62 74 7162305.003
62 75 6446751.506
62 76 5133609.593
62 77 8178808.368
62 78 9000964.673
62 79 9345209.246
62 80 7636240.242
62 81 9799711.508
62 82 2873880.474
62 83 2104069.283
62 84 7145345.772
62 85 4823956.088
62 86 1761564.765
62 87 6507901.912
62 88 7444631.838
62 89 6101398.457
62 90 2668191.935
62 91 7270254.521
62 92 5154908.159
62 93 2035629.597
62 94 3192071.641
62 95 5984363.06
62 96 7791348.843
62 97 8405695.641
62 98 2162047.155
62 99 4093287.507
63 64 4611233.111
63 65 3762941.69
63 66 5176259.714
63 67 5805450.581
63 68 6669188.758
63 69 3326580.784
63 70 2960329.976
63 71 2928675.954
63 72 4162728.616
63 73 2888731.978
63 74 5677107.923
63 75 4318492.522
63 76 1557950.182
63 77 2739544.435
63 78 3423668.33
63 79 4270670.22
63 80 3920762.308
63 81 4368727.787
63 82 4964125.9
63 83 6020938.406
63 84 6454499.235
63 85 6837843.947
63 86 5224875.121
63 87 3726846.723
63 88 5911104.061
63 89 833627.9232
63 90 3512742.535
63 91 1996177.8
63 92 4823097.825
63 93 3736254.154
63 94 4667196.254
63 95 1748918.226
63 96 7869286.431
63 97 5324516.333
63 98 3743769.799
63 99 4852395.414
64 65 7387495.013
64 66 6342275.152
64 67 6421784.845
64 68 10902021.29
64 69 5512211.281
64 70 1650976.179
64 71 2330615.824
64 72 8671995.961
64 73 3892457.342
64 74 10139504.06
64 75 344405.0642
64 76 5958133.002
64 77 6572268.421
64 78 6686571.145
64 79 8275292.921
64 80 8518556.757
64 81 7842791.89
64 82 4150374.624
64 83 5560273.196
64 84 10788357.91
64 85 10252815.82
64 86 5214999.782
64 87 922708.9708
64 88 10395790.71
64 89 5392301.754
64 90 4226869.636
64 91 6252324.696
64 92 1924670.427
64 93 5000116.759
64 94 7882291.532
64 95 2913560.32
64 96 12084637.79
64 97 9934348.604
64 98 4773963.617
64 99 2985347.906
65 66 8747975.01
65 67 9447883.754
65 68 7471734.976
65 69 6851107.476
65 70 5927921.174
65 71 6449719.923
65 72 4781274.87
65 73 3713073.013
65 74 6012044.372
65 75 7199447.209
65 76 4103556.737
65 77 1026081.152
65 78 806309.233
65 79 1093459.796
65 80 3253513.253
65 81 619242.0056
65 82 8717931.653
65 83 9775501.111
65 84 7039357.715
65 85 8883110.724
65 86 8970678.675
65 87 6481715.053
65 88 6096084.743
65 89 3110076.517
65 90 7270245.094
65 91 1910889.807
65 92 8235851.49
65 93 7424024.529
65 94 7321404.937
65 95 4717606.218
65 96 8513375.576
65 97 4391283.919
65 98 7463576.813
65 99 8488604.122
66 67 814768.5776
66 68 6834300.186
66 69 1896873.419
66 70 5536776.394
66 71 4250885.574
66 72 6170474.527
66 73 7566683.513
66 74 6974053.613
66 75 6026690.113
66 76 4725683.963
66 77 7741037.788
66 78 8552068.253
66 79 8939047.604
66 80 7299597.227
66 81 9367120.321
66 82 2576769.163
66 83 2042666.168
66 84 7022939.797
66 85 4890501.41
66 86 1527231.005
66 87 6064664.237
66 88 7259876.473
66 89 5658220.36
66 90 2208673.381
66 91 6838588.353
66 92 4793034.448
66 93 1559705.907
66 94 3061024.842
66 95 5508362.841
66 96 7753073.697
66 97 8124890.415
66 98 1692850.652
66 99 3760052.146
67 68 7588179.276
67 69 2623575.176
67 70 5813242.081
67 71 4508783.168
67 72 6985231.855
67 73 8038184.904
67 74 7775363.398
67 75 6126764.889
67 76 5475544.395
67 77 8432419.673
67 78 9213313.675
67 79 9682756.464
67 80 8100578.115
67 81 10066904.47
67 82 2379859.464
67 83 1433232.708
67 84 7795791.429
67 85 5511942.275
67 86 1244093.317
67 87 6258923.588
67 88 8060152.845
67 89 6342710.529
67 90 2550228.906
67 91 7544834.509
67 92 4721064.957
67 93 2078375.248
67 94 3833694.538
67 95 5949285.846
67 96 8470822.978
67 97 8939086.499
67 98 2125352.37
67 99 3625431.76
68 69 5970106.951
68 70 9349990.753
68 71 8666335.111
68 72 2767077.453
68 73 9338080.183
68 74 1513857.644
68 75 10566279.41
68 76 5117344.445
68 77 7006749.705
68 78 7933372.799
68 79 6780890.928
68 80 4235720.869
68 81 7883150.639
68 82 8883302.001
68 83 8854251.712
68 84 526901.6766
68 85 2775941.28
68 86 8182977.104
68 87 10138916.95
68 88 1549561.212
68 89 6196833.232
68 90 7471087.598
68 91 6326534.472
68 92 10287677.7
68 93 6870458.782
68 94 3779748.554
68 95 8339944.697
68 96 1200627.363
68 97 3569439.097
68 98 7114315.168
68 99 9662601.949
69 70 4320136.665
69 71 3193934.968
69 72 4664006.456
69 73 5904273.963
69 74 5735245.221
69 75 5170087.623
69 76 2853141.356
69 77 5845025.199
69 78 6665643.833
69 79 7059359.654
69 80 5568483.553
69 81 7470248.08
69 82 2950530.948
69 83 3317907.274
69 84 6027443.584
69 85 4775576.694
69 86 2508623.421
69 87 4995664.903
69 88 6024778.824
69 89 3765300.653
69 90 1516054.56
69 91 4941790.605
69 92 4443088.517
69 93 931139.9116
69 94 2438260.039
69 95 3951594.219
69 96 7052594.16
69 97 6546109.778
69 98 1155861.145
69 99 3705572.651
70 71 1304605.235
70 72 7044636.916
70 73 2786911.055
70 74 8526464.885
70 75 1367600.989
70 76 4335174.683
70 77 5047170.421
70 78 5285195.319
70 79 6747861.821
70 80 6869582.109
70 81 6429706.421
70 82 3884616.031
70 83 5298221.195
70 84 9209656.945
70 85 8914876.212
70 86 4739470.768
70 87 791401.7172
70 88 8777695.03
70 89 3744405.25
70 90 3328201.268
70 91 4647865.062
70 92 2422215.268
70 93 4031094.83
70 94 6549967.636
70 95 1284261.214
70 96 10542056.29
70 97 8283481.732
70 98 3853422.733
70 99 3055556.653
71 72 6616514.186
71 73 3835242.62
71 74 8020693.126
71 75 1986434.032
71 76 3944148.603
71 77 5477453.379
71 78 5916116.556
71 79 7120507.13
71 80 6758484.776
71 81 7009376.015
71 82 2656087.22
71 83 4038313.875
71 84 8591148.918
71 85 7922203.476
71 86 3445065.576
71 87 1836245.023
71 88 8290070.461
71 89 3761319.362
71 90 2045541.621
71 91 4879286.88
71 92 1898718.669
71 93 2778802.328
71 94 5551798.535
71 95 1839700.838
71 96 9834011.081
71 97 8096027.859
71 98 2583030.329
71 99 2062298.209
72 73 6648097.113
72 74 1524940.425
72 75 8354465.39
72 76 2714063.137
72 77 4248244.069
72 78 5188280.022
72 79 4226617.918
72 80 1694767.967
72 81 5244979.673
72 82 7547828.668
72 83 7952342.663
72 84 2419181.725
72 85 4277127.582
72 86 7161797.119
72 87 7832010.025
72 88 1748750.141
72 89 3561411.817
72 90 5960194.24
72 91 3562500.005
72 92 8422300.28
72 93 5581241.559
72 94 3493159.822
72 95 5903684.221
72 96 3910207.855
72 97 1968954.876
72 98 5775178.859
72 99 8032429.883
73 74 8160334.43
73 75 3783912.054
73 76 4369597.813
73 77 3136843.059
73 78 2936989.78
73 79 4732727.081
73 80 5813169.027
73 81 4072165.454
73 82 6481849.523
73 83 7823204.642
73 84 9052717.42
73 85 9723461.291
73 86 7148910.138
73 87 3070160.012
73 88 8351558.853
73 89 3151432.41
73 90 5498637.619
73 91 3263396.49
73 92 5198718.447
73 93 6012037.75
73 94 7544290.037
73 95 2098207.718
73 96 10522916.14
73 97 7246322.779
73 98 5920541.189
73 99 5809334.975
74 75 9816166.81
74 76 4192698.75
74 77 5619673.451
74 78 6517239.427
74 79 5281228.576
74 80 2759697.594
74 81 6399386.964
74 82 8682066.269
74 83 8897998.386
74 84 1034237.093
74 85 3857374.338
74 86 8151713.776
74 87 9316563.615
74 88 289953.5068
74 89 5086269.107
74 90 7149147.102
74 91 5017780.705
74 92 9773735.519
74 93 6666212.171
74 94 3991286.21
74 95 7410877.993
74 96 2503629.205
74 97 2085854.498
74 98 6886196.981
74 99 9292763.917
75 76 5640465.345
75 77 6359499.383
75 78 6516037.53
75 79 8063481.339
75 80 8233932.185
75 81 7670776.825
75 82 3885359.216
75 83 5306237.081
75 84 10456707.59
75 85 9908626.053
75 86 4930611.086
75 87 724203.1377
75 88 10074055.73
75 89 5110377.313
75 90 3896860.994
75 91 6004157.891
75 92 1743782.497
75 93 4668106.486
75 94 7537995.675
75 95 2647499.899
75 96 11747521.97
75 97 9642950.626
75 98 4444517.804
75 99 2754562.214
76 77 3149409.491
76 78 4066399.086
76 79 4213471.828
76 80 2933426.972
76 81 4715568.482
76 82 5307099.237
76 83 6056647.425
76 84 4919832.624
76 85 5391339.443
76 86 5229394.975
76 87 5124548.073
76 88 4442525.92
76 89 1305553.679
76 90 3699437.831
76 91 2214450.093
76 92 5798614.916
76 93 3590484.875
76 94 3388936.769
76 95 3236426.772
76 96 6317935.169
76 97 4179511.734
76 98 3703411.987
76 99 5549536.27
77 78 974824.4774
77 79 1703993.017
77 80 2950747.643
77 81 1640160.789
77 82 7699431.65
77 83 8749470.043
77 84 6617684.089
77 85 8157638.292
77 86 7944668.717
77 87 5653911.911
77 88 5747714.237
77 89 2090178.572
77 90 6244518.014
77 91 935299.8984
77 92 7296045.671
77 93 6401702.26
77 94 6452229.017
77 95 3799301.169
77 96 8112385.565
77 97 4289649.797
77 98 6438714.357
77 99 7500746.22
78 79 1892586.511
78 80 3792850.433
78 81 1156276.324
78 82 8298882.508
78 83 9429141.351
78 84 7528793
78 85 9132462.322
78 86 8642099.255
78 87 5793523.833
78 88 6628004.048
78 89 2907193.08
78 90 6922486.551
78 91 1877060.225
78 92 7643209.813
78 93 7154309.031
78 94 7405339.17
78 95 4126175.281
78 96 9018658.031
78 97 5039946.007
78 98 7167342.061
78 99 7974079.001
79 80 2564886.695
79 81 1183195.32
79 82 9209061.76
79 83 10158151.33
79 84 6315307.059
79 85 8467507.616
79 86 9337432.64
79 87 7357554.038
79 88 5325608.123
79 89 3501624.573
79 90 7685219.184
79 91 2275594.795
79 92 8966554.456
79 93 7733274.571
79 94 7156559.503
79 95 5491551.122
79 96 7752446.877
79 97 3479984.453
79 98 7807326.239
79 99 9110759.041
80 81 3647430.511
80 82 8225364.475
80 83 8874391.926
80 84 3789872.952
80 85 5971303.326
80 86 8053038.042
80 87 7617992.51
80 88 2845247.378
80 89 3126582.2
80 90 6611604.004
80 91 2549779.608
80 92 8649401.923
80 93 6411944.9
80 94 4971757.698
80 95 5613764.153
80 96 5259888.453
80 97 1449356.005
80 98 6558638.67
80 99 8473507.824
81 82 9314974.872
81 83 10386055.48
81 84 7432623.626
81 85 9407137.883
81 86 9583197.641
81 87 6948694.136
81 88 6461312.36
81 89 3727920.136
81 90 7879435.529
81 91 2529466.16
81 92 8769499.294
81 93 8041247.607
81 94 7904298.654
81 95 5248132.138
81 96 8888072.659
81 97 4656610.961
81 98 8078821.793
81 99 9057423.648
82 83 1433818.081
82 84 8966591.38
82 85 7323309.729
82 86 1136338.042
82 87 4150748.578
82 88 8971207.047
82 89 5707457.8
82 90 1614928.745
82 91 6938766.782
82 92 2355702.194
82 93 2024012.635
82 94 5188686.094
82 95 4427648.267
82 96 9924866.149
82 97 9352978.61
82 98 1796139.322
82 99 1247671.042
83 84 9019724.96
83 85 6911267.32
83 86 827255.4753
83 87 5584505.377
83 88 9186930.49
83 89 6687860.945
83 90 2508445.265
83 91 7924922.292
83 92 3705626.043
83 93 2470196.303
83 94 5074503.189
83 95 5738710.255
83 96 9792446.836
83 97 9858622.444
83 98 2358514.037
83 99 2591872.316
84 85 3223752.74
84 86 8321216.289
84 87 10000779.97
84 88 1032772.947
84 89 5932395.84
84 90 7507136.921
84 91 5975771.915
84 92 10265004.69
84 93 6944096.725
84 94 3963310.106
84 95 8155839.936
84 96 1496462.358
84 97 3054279.718
84 98 7181070.433
84 99 9689733.919
85 86 6395866.253
85 87 9653244.759
85 88 4040485.713
85 89 6687532.101
85 90 6234497.812
85 91 7294908.579
85 92 9189427.009
85 93 5493246.025
85 94 2372274.289
85 95 8204635.495
85 96 3215078.363
85 97 5854366.608
85 98 5750613.426
85 99 8341247.285
86 87 5115621.68
86 88 8441403.605
86 89 5875384.727
86 90 1724340.037
86 91 7110859.657
86 92 3479706.061
86 93 1644285.03
86 94 4414506.254
86 95 5052399.134
86 96 9162200.092
86 97 9054632.229
86 98 1532836.87
86 99 2381351.252
87 88 9566960.66
87 89 4491888.8
87 90 3871453.321
87 91 5330816.548
87 92 2265364.038
87 93 4614282.974
87 94 7283103.668
87 95 2004863.863
87 96 11330010.61
87 97 9041016.794
87 98 4413932.014
87 99 3138729.321
88 89 5300940.921
88 90 7436349.149
88 91 5179831.606
88 92 10050833.55
88 93 6955786.237
88 94 4268915.798
88 95 7650142.125
88 96 2427486.88
88 97 2021620.078
88 98 7175427.539
88 99 9577259.103
89 90 4195489.658
89 91 1238430.792
89 92 5656567.256
89 93 4314241.304
89 94 4681644.373
89 95 2488760.126
89 96 7387730.374
89 97 4551653.298
89 98 4358821.09
89 99 5663409.139
90 91 5433917.855
90 92 2954944.628
90 93 777899.5295
90 94 3936241.302
90 95 3404009.953
90 96 8564860.256
90 97 7742795.787
90 98 547958.0528
90 99 2192854.849
91 92 6751078.813
91 93 5537342.302
91 94 5528550.593
91 95 3364488.04
91 96 7470456.888
91 97 3985949.595
91 98 5590305.412
91 99 6844065.239
92 93 3706583.37
92 94 6880060.186
92 95 3521433.871
92 96 11421019.6
92 97 9970387.859
92 98 3452136.687
92 99 1117548.832
93 94 3236722.33
93 95 3948739.694
93 96 7931667.713
93 97 7442150.711
93 98 257789.7044
93 99 2863585.375
94 95 5893826.788
94 96 4751973.424
94 97 5441422.353
94 98 3492928.061
94 99 6098762.391
95 96 9539851.079
95 97 7040012.51
95 98 3840960.013
95 99 3895157.507
96 97 4376857.327
96 98 8181047.082
96 99 10757287.24
97 98 7617724.54
97 99 9713962.447
98 99 2606492.007
