4950
0 1 2865702.778
0 2 6440738.378
0 3 8903601.95
0 4 3218124.864
0 5 1365934.992
0 6 4430399.195
0 7 4003205.838
0 8 2591575.871
0 9 1179831.239
0 10 6108538.324
0 11 6648046.263
0 12 7007974.934
0 13 9330496.598
0 14 2630491.613
0 15 6793682.683
0 16 7592989.68
0 17 3609935.008
0 18 2065173.616
0 19 8278233.449
0 20 5120069.509
0 21 1218218.818
0 22 5100914.017
0 23 4485192.806
0 24 5894771.317
0 25 4729020.273
0 26 3603991.121
0 27 2722241.604
0 28 782753.2516
0 29 6110881.798
0 30 3991370.425
0 31 2015208.067
0 32 8089674.787
0 33 6942578.513
0 34 2768265.504
0 35 7743598.786
0 36 3229739.857
0 37 7712251.137
0 38 921874.925
0 39 1672487.623
0 40 5660083.031
0 41 7986878.404
0 42 2162922.489
0 43 1973172.274
0 44 6164763.629
0 45 6954399.134
0 46 4855752.66
0 47 3332814.573
0 48 3078523.391
0 49 5665084.903
0 50 3007258.788
0 51 5279934.522
0 52 5136715.679
0 53 5090743.582
0 54 4455825.191
0 55 3243529.186
0 56 3426878.183
0 57 2353850.164
0 58 7570375.979
0 59 3708063.409
0 60 1930159.348
0 61 6000044.285
0 62 5481194.566
0 63 3248846.852
0 64 6312333.477
0 65 4816285.921
0 66 1609504.571
0 67 2425835.046
0 68 2714384.793
0 69 6817238.927
0 70 5590814.023
0 71 7390373.194
0 72 7609872.339
0 73 4575217.283
0 74 8716723.152
0 75 6855392.236
0 76 1046923.008
0 77 3078594.312
0 78 5940842.24
0 79 991350.9446
0 80 2628646.344
0 81 1546711.884
0 82 4063103.486
0 83 6202554.74
0 84 3282451.682
0 85 4069021.592
0 86 2583467.823
0 87 6488092.357
0 88 3085640.037
0 89 1714156.161
0 90 5998195.353
0 91 8072969.112
0 92 4491893.405
0 93 7380046.428
0 94 2924417.376
0 95 3336279.709
0 96 8064572.128
0 97 6415683.205
0 98 4256593.431
0 99 1520847.208
1 2 6078078.418
1 3 8036791.427
1 4 5858771.29
1 5 4119342.978
1 6 6065351.464
1 7 2436791.021
1 8 5039821.23
1 9 2682964.611
1 10 6313285.37
1 11 4031505.929
1 12 4559186.584
1 13 8460977.062
1 14 5446447.736
1 15 5718209.858
1 16 5976669.343
1 17 2175758.588
1 18 2819365.124
1 19 7895692.48
1 20 7049695.156
1 21 2323974.094
1 22 3945788.093
1 23 3934489.954
1 24 3167289.264
1 25 1922959.381
1 26 1474211.411
1 27 5290824.038
1 28 2354453.522
1 29 6706815.124
1 30 6452127.82
1 31 2361042.543
1 32 6218750.718
1 33 7172158.05
1 34 103181.387
1 35 8126970.527
1 36 785029.3064
1 37 7262753.74
1 38 3134035.046
1 39 4530398.111
1 40 7343220.659
1 41 9125475.237
1 42 5012252.38
1 43 4493943.095
1 44 3752090.649
1 45 6061279.704
1 46 5715877.555
1 47 489611.4108
1 48 4396297.983
1 49 2820824.748
1 50 4843467.479
1 51 6947691.608
1 52 3609871.615
1 53 2773165.761
1 54 1851936.694
1 55 701702.7108
1 56 4515079.507
1 57 1964916.012
1 58 5542781.944
1 59 1787215.278
1 60 4088731.258
1 61 7680226.59
1 62 2815224.295
1 63 5981882.436
1 64 5651211.544
1 65 3838899.86
1 66 1688600.18
1 67 4124286.395
1 68 3736992.978
1 69 4560819.31
1 70 6430903.196
1 71 6830070.676
1 72 6628522.039
1 73 6857855.804
1 74 7275613.557
1 75 8156735.438
1 76 2291113.907
1 77 586392.3996
1 78 5641803.386
1 79 2954729.387
1 80 4962087.697
1 81 1480572.991
1 82 5758317.439
1 83 7381202.552
1 84 6059674.061
1 85 2415932.95
1 86 286351.6028
1 87 4716520.693
1 88 1065299.374
1 89 3456121.019
1 90 6473154.563
1 91 6813064.597
1 92 5244750.188
1 93 5048632.763
1 94 3144561.084
1 95 470658.1378
1 96 7829816.915
1 97 6063138.34
1 98 2810814.434
1 99 3271385.621
2 3 2606064.493
2 4 9181239.671
2 5 7519001.774
2 6 4235272.7
2 7 3756344.624
2 8 5840433.56
2 9 5260995.256
2 10 1236000.519
2 11 5678663.584
2 12 5200282.111
2 13 3004323.057
2 14 8255493.518
2 15 1606183.37
2 16 3087343.146
2 17 3923669.669
2 18 8080690.263
2 19 1865833.65
2 20 5167394.037
2 21 7158338.866
2 22 2355490.858
2 23 2159562.8
2 24 5892511.824
2 25 5967746.245
2 26 7526776.339
2 27 8863028.413
2 28 5752891.264
2 29 2125903.043
2 30 6315302.119
2 31 4527491.385
2 32 3947620.989
2 33 1598479.924
2 34 6035333.445
2 35 2508781.354
2 36 5389836.2
2 37 1272717.954
2 38 7345148.628
2 39 7015525.92
2 40 4700049.478
2 41 4522058.145
2 42 7170400.092
2 43 8265903.446
2 44 4854917.863
2 45 1236141.753
2 46 2660111.456
2 47 5988687.548
2 48 3895930.517
2 49 6524226.955
2 50 4628841.559
2 51 4515583.143
2 52 2975848.2
2 53 4564825.806
2 54 7509429.643
2 55 6738698.391
2 56 3484965.527
2 57 7661048.9
2 58 4137341.64
2 59 4430509.608
2 60 5279941.964
2 61 4843191.961
2 62 5542262.214
2 63 7021345.594
2 64 707269.2412
2 65 2309138.845
2 66 5294924.83
2 67 4577727.363
2 68 3868035.783
2 69 4540937.023
2 70 2595883.153
2 71 987434.4639
2 72 1722323.21
2 73 5988023.491
2 74 3316181.315
2 75 4232815.595
2 76 6981977.663
2 77 5538603.431
2 78 500177.1812
2 79 7351795.945
2 80 5577359.098
2 81 6575730.477
2 82 4331652.199
2 83 3585609.398
2 84 7264579.107
2 85 3823440.432
2 86 6100665.912
2 87 3213898.161
2 88 7140684.66
2 89 8105042.007
2 90 1826599.009
2 91 2533252.319
2 92 2589862.819
2 93 4956723.182
2 94 3529416.104
2 95 6136245.975
2 96 1752163.012
2 97 30259.2263
2 98 3402670.533
2 99 7893933.195
3 4 11756594.04
3 5 10052977.24
3 6 6737405.288
3 7 5600069.312
3 8 8446133.079
3 9 7730770.195
3 10 3571609.916
3 11 6299357.996
3 12 5579691.708
3 13 431004.8968
3 14 10844317.23
3 15 2322435.206
3 16 2784586.902
3 17 5887763.788
3 18 10372629.87
3 19 1484137.906
3 20 7562921.54
3 21 9489683.961
3 22 4097785.933
3 23 4433642.439
3 24 6865107.32
3 25 7380658.149
3 26 9383875.221
3 27 11416269.44
3 28 8174232.931
3 29 4310545.252
3 30 8867305.128
3 31 6918920.071
3 32 3384854.187
3 33 3305050.149
3 34 8018117.556
3 35 3630437.558
3 36 7273318.742
3 37 1553675.446
3 38 9782729.631
3 39 9597383.403
3 40 6977871.002
3 41 5965487.139
3 42 9768178.526
3 43 10788303.21
3 44 5631392.566
3 45 1997742.844
3 46 5181093.833
3 47 7827261.354
3 48 6500322.293
3 49 7649320.392
3 50 7232878.762
3 51 6871200.886
3 52 4466505.831
3 53 5836189.746
3 54 9135363.315
3 55 8621533.741
3 56 6090534.045
3 57 9823264.864
3 58 4014703.795
3 59 6258838.982
3 60 7871571.851
3 61 7045796.663
3 62 6656767.881
3 63 9620374.501
3 64 2591396.258
3 65 4259206.184
3 66 7602281.73
3 67 7174330.469
3 68 6436374.481
3 69 4949567.1
3 70 4933903.303
3 71 1625934.348
3 72 1410660.926
3 73 8479005.248
3 74 1862395.801
3 75 6130863.719
3 76 9326401.424
3 77 7456307.627
3 78 3078972.945
3 79 9763856.48
3 80 8182937.618
3 81 8814853.993
3 82 6875827.034
3 83 5684426.879
3 84 9865262.362
3 85 5623783.203
3 86 8126582.243
3 87 3808183.634
3 88 9088604.048
3 89 10512355.91
3 90 4100903.111
3 91 1567214.07
3 92 5174853.405
3 93 5093127.507
3 94 5983127.277
3 95 7974879.326
3 96 1918247.651
3 97 2635727.179
3 98 5226540.468
3 99 10297158.59
4 5 1855413.95
4 6 5939082.808
4 7 7212257.5
4 8 3629950.847
4 9 4212537.422
4 10 8560165.839
4 11 9811077.469
4 12 10210660.36
4 13 12170562.02
4 14 995562.3765
4 15 9807270.121
4 16 10735501.55
4 17 6819513.206
4 18 3547078.614
4 19 10912805.01
4 20 6045615.889
4 21 3570432.157
4 22 8210701.636
4 23 7469723.999
4 24 9005943.361
4 25 7780952.381
4 26 6075092.176
4 27 591054.9787
4 28 3987838.48
4 29 8288057.24
4 30 4256930.934
4 31 5131880.071
4 32 11274844.45
4 33 9293594.983
4 34 5775034.039
4 35 9911548.228
4 36 6366778.21
4 37 10414142.71
4 38 2724849.982
4 39 2168780.399
4 40 6815209.078
4 41 9446258.005
4 42 2115274.709
4 43 1369610.329
4 44 9368138.751
4 45 9896016.806
4 46 7023348.285
4 47 6348031.738
4 48 5340188.683
4 49 8666831.88
4 50 4778695.737
4 51 6536027.274
4 52 8314478.336
4 53 8296982.034
4 54 7065446.852
4 55 6023345.06
4 56 5757566.967
4 57 4475679.403
4 58 10778648.23
4 59 6923265.239
4 60 3914077.787
4 61 7093091.172
4 62 8618234.784
4 63 3000343.121
4 64 9196423.238
4 65 7898708.732
4 66 4827509.17
4 67 4624129.745
4 68 5320332.066
4 69 10034652.26
4 70 7646944.88
4 71 10165959.53
4 72 10557930.02
4 73 5032390.749
4 74 11793001.03
4 75 8273587.11
4 76 3573070.694
4 77 6193667.494
4 78 8690341.506
4 79 2911904.42
4 80 3870117.497
4 81 4380308.603
4 82 5607253.916
4 83 7848131.859
4 84 2790451.55
4 85 7281832.556
4 86 5574899.315
4 87 9675503.562
4 88 5677887.905
4 89 2610848.573
4 90 8279730.355
4 91 11106194.74
4 92 6811688.773
4 93 10595366.83
4 94 5867538.706
4 95 6313682.929
4 96 10626222.26
4 97 9153079.862
4 98 7448928.299
4 99 2722599.123
5 6 4807872.334
5 7 5357227.527
5 8 2563542.516
5 9 2386784.669
5 10 7026630.574
5 11 7996965.024
5 12 8371405.686
5 13 10474057.58
5 14 1334220.714
5 15 8026768.755
5 16 8903183.325
5 17 4964371.412
5 18 2357297.426
5 19 9309276.725
5 20 5228998.135
5 21 1976579.309
5 22 6387917.001
5 23 5692981.61
5 24 7220762.784
5 25 6024616.463
5 26 4584686.767
5 27 1391255.649
5 28 2132427.611
5 29 6882656.843
5 30 3714373.421
5 31 3296317.311
5 32 9427033.738
5 33 7815465.549
5 34 4028461.212
5 35 8529347.695
5 36 4561949.956
5 37 8776346.214
5 38 1101806.93
5 39 966297.695
5 40 5900824.938
5 41 8423947.414
5 42 1366429.189
5 43 759914.8399
5 44 7528264.688
5 45 8146924.951
5 46 5600613.315
5 47 4602571.358
5 48 3824908.597
5 49 6939960.793
5 50 3456059.419
5 51 5558729.714
5 52 6467872.136
5 53 6454888.115
5 54 5525901.173
5 55 4384897.038
5 56 4227363.67
5 57 3079203.928
5 58 8924062.212
5 59 5073979.83
5 60 2417148.984
5 61 6220352.244
5 62 6818039.447
5 63 2644325.528
5 64 7470045.882
5 65 6085541.24
5 66 2974928.873
5 67 3098972.815
5 68 3662156.288
5 69 8182770.161
5 70 6290235.968
5 71 8492741.747
5 72 8807846.697
5 73 4430841.466
5 74 9988867.953
5 75 7254107.692
5 76 1914476.439
5 77 4399119.843
5 78 7020915.169
5 79 1327597.823
5 80 2726664.741
5 81 2674918.12
5 82 4443489.142
5 83 6701592.057
5 84 2573248.628
5 85 5426444.499
5 86 3832992.842
5 87 7826484.756
5 88 4119509.094
5 89 1501933.763
5 90 6823762.058
5 91 9319752.497
5 92 5313487.95
5 93 8745978.824
5 94 4093975.598
5 95 4585984.949
5 96 9056188.062
5 97 7492082.325
5 98 5597554.937
5 99 1460567.848
6 7 5059613.681
6 8 2323449.196
6 9 3631488.824
6 10 3169351.345
6 11 8131744.683
6 12 8031831.021
6 13 7086357.135
6 14 4943653.322
6 15 5547991.592
6 16 6949304.581
6 17 4859269.625
6 18 6494830.046
6 19 5531113.46
6 20 1126130.496
6 21 5605055.188
6 22 4822352.013
6 23 3812025.21
6 24 7834487.721
6 25 7182147.109
6 26 7390081.23
6 27 5835890.777
6 28 4195561.928
6 29 2572271.766
6 30 2166434.754
6 31 3704814.494
6 32 7752536.954
6 33 3662875.686
6 34 5971431.807
6 35 4075727.808
6 36 5813585.135
6 37 5201962.556
6 38 5256357.656
6 39 3944754.65
6 40 1285738.519
6 41 3617535.316
6 42 3838157.13
6 43 5527044.366
6 44 7341680.787
6 45 5364619.751
6 46 1575162.169
6 47 6310227.59
6 48 1671890.781
6 49 8080888.941
6 50 1423444.168
6 51 888966.0465
6 52 5363612.316
6 53 6487495.115
6 54 7914144.808
6 55 6728886.25
6 56 1651426.938
6 57 6620467.359
6 58 7642282.45
6 59 5401410.969
6 60 2513050.743
6 61 1628163.326
6 62 7372564.172
6 63 3157862.777
6 64 4625636.176
6 65 4480590.495
6 66 4447962.028
6 67 2063150.771
6 68 2342841.754
6 69 7511272.925
6 70 1891186.424
6 71 5140410.583
6 72 5940845.245
6 73 1752806.998
6 74 7500220.392
6 75 2453572.663
6 76 5415667.053
6 77 5820640.478
6 78 3873733.663
6 79 5390501.698
6 80 2108276.568
6 81 5536114.82
6 82 370053.4767
6 83 1915791.001
6 84 3413490.669
6 85 5176566.689
6 86 5894822.506
6 87 6458325.017
6 88 6857300.728
6 89 6025124.123
6 90 2687829.555
6 91 6715191.206
6 92 1749038.329
6 93 8074379.333
6 94 3132227.005
6 95 6410776.072
6 96 5154476.861
6 97 4205400.175
6 98 4965915.183
6 99 5869758.842
7 8 5052944.456
7 9 3067884.013
7 10 4232273.31
7 11 3131494.112
7 12 3220473.997
7 13 6024599.183
7 14 6520693.266
7 15 3282854.299
7 16 3693840.655
7 17 393277.9539
7 18 4945705.26
7 19 5515211.988
7 20 6175768.296
7 21 4166770.103
7 22 1513023.506
7 23 1750835.038
7 24 2777711.927
7 25 2345222.144
7 26 3819330.296
7 27 6725397.481
7 28 3225589.437
7 29 4818825.164
7 30 6245967.593
7 31 2166745.486
7 32 4104964.738
7 33 5041778.408
7 34 2418959.871
7 35 6021945.809
7 36 1681857.384
7 37 4878711.228
7 38 4704062.455
7 39 5333426.944
7 40 6205619.494
7 41 7415544.321
7 42 5712906.163
7 43 5965861.636
7 44 2418945.966
7 45 3627173.432
7 46 4140820.564
7 47 2260644.166
7 48 3538998.768
7 49 3117961.512
7 50 4293108.938
7 51 5842288.414
7 52 1222847.035
7 53 1443609.876
7 54 3754462.478
7 55 3040845.043
7 56 3420896.781
7 57 4274879.052
7 58 3567405.259
7 59 679820.3937
7 60 4082942.367
7 61 6505335.837
7 62 2319418.483
7 63 6258358.377
7 64 3258485.775
7 65 1452000.458
7 66 2411673.347
7 67 3701392.591
7 68 2925059.779
7 69 2890344.327
7 70 4736217.168
7 71 4430683.402
7 72 4192322.837
7 73 6381799.083
7 74 4933563.881
7 75 6628407.66
7 76 4040137.349
7 77 1858274.268
7 78 3370277.215
7 79 4611118.84
7 80 4864951.302
7 81 3376475.578
7 82 4862683.816
7 83 5827583.973
7 84 6423685.562
7 85 116960.7343
7 86 2535105.738
7 87 2509057.493
7 88 3492226.712
7 89 5300960.829
7 90 4533224.329
7 91 4412551.013
7 92 3679606.14
7 93 3474836.986
7 94 2009086.398
7 95 2409554.488
7 96 5489170.487
7 97 3745691.773
7 98 374914.2448
7 99 5087128.955
8 9 2364075.811
8 10 5048336.849
8 11 8139503.493
8 12 8271831.094
8 13 8838562.737
8 14 2635516.817
8 15 6777558.671
8 16 7966018.161
8 17 4719708.404
8 18 4569720.436
8 19 7445116.169
8 20 2668938.775
8 21 3803856.551
8 22 5495439.121
8 23 4554619.239
8 24 7590113.447
8 25 6631470.24
8 26 6082071.727
8 27 3512727.096
8 28 2731109.272
8 29 4686581.56
8 30 1427929.851
8 31 3002217.3
8 32 8657041.173
8 33 5723995.476
8 34 4936741.982
8 35 6293100.162
8 36 5093528.405
8 37 7002914.44
8 38 3230348.937
8 39 1643807.817
8 40 3341711.121
8 41 5904584.23
8 42 1518352.351
8 43 3243546.28
8 44 7469534.545
8 45 6749287.142
8 46 3448490.82
8 47 5422806.345
8 48 1970131.633
8 49 7592118.064
8 50 1221058.937
8 51 3010123.859
8 52 5830802.366
8 53 6447470.047
8 54 6825730.848
8 55 5582768.059
8 56 2364559.193
8 57 4944405.63
8 58 8342224.485
8 59 5102508.457
8 60 997766.6219
8 61 3657985.808
8 62 7130745.862
8 63 1254083.685
8 64 6005561.54
8 65 5141076.122
8 66 3372915.816
8 67 1422784.072
8 68 2278045.232
8 69 7894185.864
8 70 4031618.755
8 71 6822176.574
8 72 7394950.433
8 73 1986663.345
8 74 8810816.115
8 75 4728833.975
8 76 3637919.514
8 77 5017957.235
8 78 5379501.867
8 79 3409882.24
8 80 263734.1339
8 81 4032983.25
8 82 1981076.126
8 83 4239190.117
8 84 1468169.615
8 85 5158410.815
8 86 4795615.716
8 87 7145141.612
8 88 5543842.666
8 89 3927972.809
8 90 4706710.218
8 91 8060194.249
8 92 3309519.957
8 93 8483216.416
8 94 3138208.112
8 95 5477505.877
8 96 7122438.512
8 97 5810665.254
8 98 5131521.928
8 99 3808690.897
9 10 4958097.584
9 11 5972086.826
9 12 6223592.296
9 13 8156753.882
9 14 3461927.095
9 15 5650167.207
9 16 6523273.263
9 17 2684618.997
9 18 3033372.5
9 19 7100514.002
9 20 4494697.599
9 21 2089200.6
9 22 4002351.161
9 23 3325655.769
9 24 5329941.764
9 25 4298253.31
9 26 3832274.545
9 27 3777993.873
9 28 589027.226
9 29 5017630.124
9 30 3769567.381
9 31 922793.5165
9 32 7071213.913
9 33 5802840.377
9 34 2580259.448
9 35 6632245.125
9 36 2750429.461
9 37 6532668.741
9 38 2089261.835
9 39 2266278.112
9 40 4910473.929
9 41 7054263.806
9 42 2662301.987
9 43 3083999.918
9 44 5388857.911
9 45 5792051.158
9 46 3794278.795
9 47 3058734.443
9 48 2085576.852
9 49 5260346.375
9 50 2270893.055
9 51 4516109.583
9 52 4111902.931
9 53 4322680.549
9 54 4497189.961
9 55 3259026.824
9 56 2375542.183
9 57 3002202.664
9 58 6605608.278
9 59 2925025.878
9 60 1406795.752
9 61 5254344.538
9 62 4883001.199
9 63 3395560.325
9 64 5139472.348
9 65 3698816.316
9 66 1009122.986
9 67 1572420.209
9 68 1603044.55
9 69 5951331.306
9 70 4540691.815
9 71 6211099.242
9 72 6450102.832
9 73 4191200.706
9 74 7602586.199
9 75 5964121.87
9 76 1895716.857
9 77 2661806.428
9 78 4761150.29
9 79 2117918.114
9 80 2279123.192
9 81 1904646.012
9 82 3284103.78
9 83 5259370.729
9 84 3513779.734
9 85 3152139.669
9 86 2449275.067
9 87 5476197.211
9 88 3290899.787
9 89 2866085.019
9 90 4882303.519
9 91 6938873.83
9 92 3397054.206
9 93 6531112.455
9 94 1748019.043
9 95 3114632.526
9 96 6891977.349
9 97 5235987.341
9 98 3265043.541
9 99 2661583.588
10 11 6613590.74
10 12 6223064.388
10 13 3917018.808
10 14 7595672.502
10 15 2817759.293
10 16 4306031.529
10 17 4291554.085
10 18 7938481.746
10 19 2404044.827
10 20 4011188.574
10 21 6992436.393
10 22 3091256.712
10 23 2482491.289
10 24 6693058.32
10 25 6561760.797
10 26 7787419.347
10 27 8306356.79
10 28 5509944.478
10 29 892775.8242
10 30 5315684.773
10 31 4389962.438
10 32 5164743.522
10 33 868798.5707
10 34 6252961.72
10 35 1815144.611
10 36 5716638.584
10 37 2032738.722
10 38 7030279.389
10 39 6399357.729
10 40 3491637.828
10 41 3416294.041
10 42 6479337.905
10 43 7786042.703
10 44 5774523.621
10 45 2471977.627
10 46 1638777.641
10 47 6318970.057
10 48 3225348.511
10 49 7236259.852
10 50 3830584.793
10 51 3335561.989
10 52 3755245.61
10 53 5304772.887
10 54 7925253.653
10 55 7006234.188
10 56 2811080.341
10 57 7663992.615
10 58 5301356.797
10 59 4859139.084
10 60 4658772.15
10 61 3618412.757
10 62 6298797.888
10 63 6151019.954
10 64 1862308.643
10 65 2911751.667
10 66 5227153.554
10 67 3950666.544
10 68 3402539.247
10 69 5583528.085
10 70 1392007.885
10 71 2001642.294
10 72 2928943.383
10 73 4907455.47
10 74 4531084.704
10 75 3012988.607
10 76 6804748.2
10 77 5831509.564
10 78 1139539.533
10 79 7074476.799
10 80 4786159.441
10 81 6533263.036
10 82 3328511.702
10 83 2349826.841
10 84 6402598.151
10 85 4323450.594
10 86 6279532.575
10 87 4289668.236
10 88 7344678.032
10 89 7818227.201
10 90 591310.6984
10 91 3753976.121
10 92 1750742.316
10 93 6045918.175
10 94 3367532.987
10 95 6459991.45
10 96 2075054.756
10 97 1211339.998
10 98 3930460.646
10 99 7617057.511
11 12 815312.209
11 13 6634864.711
11 14 9276037.412
11 15 4355212.946
11 16 3537399.609
11 17 3428623.896
11 18 6819007.477
11 19 6923305.485
11 20 9256506.788
11 21 6344645.223
11 22 3558006.588
11 23 4441744.272
11 24 961184.376
11 25 2199226.201
11 26 4602570.207
11 27 9262748.91
11 28 5945252.925
11 29 7391869.048
11 30 9371448.454
11 31 5159778.109
11 32 3217935.285
11 33 7249132.768
11 34 4098288.316
11 35 8186715.345
11 36 3444730.692
11 37 6350277.148
11 38 7109663.37
11 39 8190784.339
11 40 9208610.6
11 41 10015995.73
11 42 8621411.985
11 43 8466613.522
11 44 840367.5852
11 45 4856324.079
11 46 7024948.678
11 47 3555098.6
11 48 6664699.331
11 49 1741905.464
11 50 7424509.984
11 51 8866096.031
11 52 2904386.546
11 53 1696531.961
11 54 3839213.603
11 55 4146206.221
11 56 6520118.887
11 57 5888743.934
11 58 2434983.866
11 59 3054849.936
11 60 7151274.595
11 61 9485982.337
11 62 1217381.609
11 63 9309801.591
11 64 4984250.419
11 65 3819287.194
11 66 5085250.013
11 67 6822081.118
11 68 6056543.22
11 69 1355242.562
11 70 7496032.713
11 71 5877034.961
11 72 5077358.215
11 73 9511158.904
11 74 4778752.892
11 75 9411514.599
11 76 6292234.162
11 77 3622656.5
11 78 5511110.398
11 79 6949973.97
11 80 7966145.71
11 81 5487879.694
11 82 7961692.883
11 83 8628081.688
11 84 9455548.666
11 85 3017908.042
11 86 4298122.161
11 87 2579970.844
11 88 4652609.3
11 89 7486778.31
11 90 7072827.617
11 91 4741405.381
11 92 6602734.55
11 93 1429678.603
11 94 5140211.636
11 95 3632493.231
11 96 7089003.808
11 97 5684108.504
11 98 3168972.818
11 99 7299206.515
12 13 5898316.594
12 14 9614388.953
12 15 3769049.986
12 16 2797735.882
12 17 3570816.724
12 18 7376288.487
12 19 6300274.226
12 20 9156844.576
12 21 6828660.814
12 22 3280154.519
12 23 4246421.658
12 24 1711643.46
12 25 2852465.35
12 26 5285407.608
12 27 9679755.883
12 28 6270363.526
12 29 7043558.415
12 30 9432063.968
12 31 5358613.393
12 32 2414137.221
12 33 6793751.092
12 34 4613881.71
12 35 7701808.184
12 36 3894857.293
12 37 5753078.342
12 38 7547370.612
12 39 8479153.312
12 40 9038269.908
12 41 9639358.091
12 42 8885826.088
12 43 8889752.06
12 44 843212.4602
12 45 4270211.46
12 46 6811617.596
12 47 4105243.92
12 48 6662582.284
12 49 2530706.402
12 50 7458086.524
12 51 8714998.906
12 52 2677022.379
12 53 1917908.57
12 54 4581308.815
12 55 4764394.705
12 56 6470644.74
12 57 6477930.122
12 58 1639164.548
12 59 3314098.301
12 60 7303301.629
12 61 9297163.842
12 62 1836068.533
12 63 9478347.403
12 64 4494350.775
12 65 3588299.559
12 66 5409613.803
12 67 6904262.862
12 68 6096872.377
12 69 669221.8547
12 70 7216603.621
12 71 5289479.408
12 72 4419369.669
12 73 9505568.956
12 74 3996746.723
12 75 9115194.58
12 76 6757663.83
12 77 4088874.188
12 78 5093768.892
12 79 7403528.785
12 80 8079608.983
12 81 5969007.249
12 82 7895911.645
12 83 8348995.447
12 84 9641240.932
12 85 3117887.462
12 86 4808256.349
12 87 2000059.221
12 88 5282655.644
12 89 7985122.837
12 90 6720149.803
12 91 4013436.465
12 92 6418332.93
12 93 616245.3122
12 94 5180996.178
12 95 4201200.295
12 96 6498476.557
12 97 5209300.93
12 98 3161705.145
12 99 7789020.498
13 14 11253935.36
13 15 2743733.297
13 16 3101641.521
13 17 6315200.713
13 18 10803615.4
13 19 1688678.509
13 20 7882861.557
13 21 9920557.339
13 22 4524835.583
13 23 4863304.09
13 24 7229126.06
13 25 7776515.047
13 26 9801878.111
13 27 11834819.9
13 28 8602843.043
13 29 4619970.272
13 30 9227506.264
13 31 7348018
13 32 3637097.681
13 33 3583342.97
13 34 8443212.5
13 35 3813312.764
13 36 7695656.687
13 37 1884512.783
13 38 10211157.91
13 39 10009168.43
13 40 7275610.782
13 41 6130610.2
13 42 10173483.06
13 43 11210950.46
13 44 5988780.182
13 45 2428244.588
13 46 5541090.714
13 47 8246683.816
13 48 6900118.629
13 49 8021829.123
13 50 7622500.018
13 51 7185428.655
13 52 4883056.674
13 53 6230575.909
13 54 9540377.703
13 55 9041777.354
13 56 6488404.321
13 57 10252572.59
13 58 4306008.41
13 59 6681110.508
13 60 8279606.793
13 61 7328461.757
13 62 7034087.056
13 63 10003577.9
13 64 3018255.819
13 65 4689360.338
13 66 8033145.308
13 67 7579973.079
13 68 6850358.664
13 69 5280829.198
13 70 5258968.296
13 71 2017900.616
13 72 1832515.542
13 73 8820380.718
13 74 2049386.246
13 75 6367787.927
13 76 9757134.038
13 77 7879701.672
13 78 3484940.647
13 79 10193239.86
13 80 8575071.67
13 81 9245634.983
13 82 7236705.687
13 83 5960244.225
13 84 10249883.5
13 85 6046764.008
13 86 8553040.933
13 87 4179061.078
13 88 9511190.268
13 89 10942025.64
13 90 4427296.926
13 91 1894414.059
13 92 5554479.111
13 93 5391752.962
13 94 6408845.835
13 95 8394048.784
13 96 2127324.597
13 97 3033583.4
13 98 5651521.021
13 99 10726909.2
14 15 8952824.249
14 16 9945688.856
14 17 6132439.663
14 18 3538073.086
14 19 9961891.167
14 20 5074293.903
14 21 3295239.923
14 22 7412930.142
14 23 6621723.359
14 24 8523510.794
14 25 7342869.255
14 26 5897349.508
14 27 1030132.973
14 28 3344151.54
14 29 7302728.897
14 30 3314188.83
14 31 4382619.023
14 32 10523873
14 33 8316714.833
14 34 5354105.788
14 35 8921961.68
14 36 5859047.118
14 37 9475664.88
14 38 2412216.02
14 39 1257765.519
14 40 5835071.258
14 41 8460571.479
14 42 1125515.079
14 43 1312836.667
14 44 8771980.367
14 45 9015806.916
14 46 6042999.126
14 47 5927097.374
14 48 4386552.299
14 49 8265409.65
14 50 3795417.669
14 51 5549000.655
14 52 7568739.096
14 53 7696989.395
14 54 6850436.385
14 55 5718522.745
14 56 4804378.641
14 57 4355457.258
14 58 10067518.61
14 59 6301745.79
14 60 2975632.492
14 61 6118794.325
14 62 8111654.246
14 63 2065883.571
14 64 8303359.056
14 65 7088342.954
14 66 4205749.919
14 67 3681032.822
14 68 4415705.404
14 69 9387788.037
14 70 6657767.051
14 71 9242357.18
14 72 9676639.3
14 73 4088380.769
14 74 10958281.83
14 75 7286524.762
14 76 3244500.524
14 77 5703922.794
14 78 7769288
14 79 2632329.889
14 80 2877802.387
14 81 4008944.977
14 82 4611801.474
14 83 6853411.232
14 84 1881495.558
14 85 6599701.565
14 86 5160252.235
14 87 8933500.484
14 88 5443794.987
14 89 2600300.649
14 90 7301195.116
14 91 10253906.23
14 92 5845178.459
14 93 9960635.259
14 94 5029107.287
14 95 5914537.906
14 96 9666358.949
14 97 8226892.796
14 98 6726948.8
14 99 2635509.713
15 16 1488534.517
15 17 3583691.679
15 18 8123121.313
15 19 2576952.106
15 20 6569456.529
15 21 7267277.235
15 22 1796389.642
15 23 2337702.429
15 24 4750932.17
15 25 5116741.017
15 26 7062081.34
15 27 9413459.421
15 28 6034239.667
15 29 3709868.149
15 30 7490248.662
15 31 4779641.793
15 32 2347014.109
15 33 3167536.029
15 34 5701805.905
15 35 3999076.607
15 36 4951923.44
15 37 1995126.2
15 38 7635809.605
15 39 7695189.396
15 40 6187678.879
15 41 6117741.934
15 42 7937669.465
15 43 8734165.503
15 44 3583614.395
15 45 502230.4817
15 46 4013080.169
15 47 5504912.007
15 48 4815457.201
15 49 5483234.505
15 50 5630938.811
15 51 5961315.866
15 52 2148019.523
15 53 3588660.149
15 54 6837426.849
15 55 6299104.798
15 56 4448389.608
15 57 7530827.3
15 58 2551708.25
15 59 3937377.394
15 60 6044422.834
15 61 6362250.063
15 62 4479300.824
15 63 8016361.963
15 64 967818.5755
15 65 2005309.194
15 66 5389159.455
15 67 5394803.788
15 68 4573185.743
15 69 3099835.355
15 70 4110391.333
15 71 1523874.06
15 72 911807.4167
15 73 7274000.672
15 74 2033305.476
15 75 5829429.152
15 76 7113311.785
15 77 5136289.309
15 78 1744641.619
15 79 7594597.85
15 80 6524264.5
15 81 6553974.772
15 82 5571497.044
15 83 5157343.74
15 84 8243045.587
15 85 3303237.429
15 86 5815125.796
15 87 1780297.19
15 88 6767463.935
15 89 8332353.372
15 90 3398382.797
15 91 1301111.199
15 92 3806329.291
15 93 3444233.966
15 94 3940416.515
15 95 5652598.214
15 96 2735873.535
15 97 1625730.745
15 98 2910950.32
15 99 8115767.892
16 17 4068606.988
16 18 8631643.412
16 19 3655524.762
16 20 8000609.724
16 21 7859554.842
16 22 2532989.695
16 23 3411760.891
16 24 4185678.931
16 25 4900363.923
16 26 7147038.676
16 27 10292640.44
16 28 6811566.949
16 29 5198319.201
16 30 8803072.246
16 31 5607096.312
16 32 860313.5107
16 33 4613534.299
16 34 5986090.854
16 35 5384851.574
16 36 5192676.85
16 37 3195316.565
16 38 8360037.556
16 39 8700244.286
16 40 7653182.808
16 41 7572880.431
16 42 8996508.408
16 43 9565365.427
16 44 2935468.289
16 45 1882462.168
16 46 5449030.174
16 47 5657679.484
16 48 6046884.768
16 49 5003425.82
16 50 6881320.119
16 51 7412794.377
16 52 2481792.857
16 53 3384992.688
16 54 6718614.162
16 55 6446201.788
16 56 5715111.178
16 57 7910047.186
16 58 1253618.043
16 59 4231036.725
16 60 7147526.198
16 61 7837431.614
16 62 4048520.133
16 63 9218853.49
16 64 2453019.341
16 65 2864980.814
16 66 6059147.754
16 67 6550175.981
16 68 5699858.525
16 69 2182178.691
16 70 5589879.252
16 71 2787370.723
16 72 1756650.203
16 73 8646793.271
16 74 1337575.673
16 75 7316752.479
16 76 7729437.397
16 77 5396131.078
16 78 3224154.554
16 79 8282814.174
16 80 7723668.453
16 81 7067398.089
16 82 6940446.166
16 83 6645199.139
16 84 9432287.898
16 85 3665955.784
16 86 6136687.9
16 87 1272223.212
16 88 6955073.012
16 89 8986790.566
16 90 4886830.378
16 91 1217375.04
16 92 5200293.477
16 93 2313493.348
16 94 4937096.469
16 95 5795323.275
16 96 3929631.224
16 97 3108302.226
16 98 3376343.278
16 99 8771806.034
17 18 4587743.614
17 19 5723932.577
17 20 5964212.9
17 21 3791699.447
17 22 1790539.892
17 23 1824478.56
17 24 2990119.934
17 25 2393014.205
17 26 3605070.634
17 27 6332120.872
17 28 2832521.575
17 29 4817711.893
17 30 5944953.161
17 31 1793200.3
17 32 4495240.709
17 33 5124458.186
17 34 2145297.859
17 35 6099106.291
17 36 1466266.076
17 37 5089791.434
17 38 4314538.87
17 39 4950892.083
17 40 6039783.874
17 41 7380257.858
17 42 5336477.252
17 43 5572855.233
17 44 2753957.752
17 45 3899703.108
17 46 4046776.896
17 47 2066767.087
17 48 3288957.905
17 49 3238241.045
17 50 4012718.813
17 51 5667565.594
17 52 1588467.788
17 53 1732266.118
17 54 3636776.679
17 55 2818033.935
17 56 3209262.805
17 57 3948862.704
17 58 3960601.311
17 59 587533.3342
17 60 3739992.784
17 61 6348651.3
17 62 2524627.105
17 63 5911795.799
17 64 3475917.4
17 65 1663189.511
17 66 2019595.567
17 67 3394511.802
17 68 2651130.85
17 69 3267336.643
17 70 4679741.822
17 71 4654585.981
17 72 4486794.327
17 73 6114206.477
17 74 5291800.585
17 75 6545660.957
17 76 3660941.265
17 77 1618383.858
17 78 3507836.021
17 79 4224537.891
17 80 4540219.559
17 81 3014998.159
17 82 4641386.06
17 83 5745397.835
17 84 6071337.601
17 85 467715.4489
17 86 2241479.63
17 87 2897349.879
17 88 3240610.783
17 89 4919641.92
17 90 4546039.639
17 91 4748835.415
17 92 3575971.852
17 93 3848927.243
17 94 1751195.52
17 95 2213676.76
17 96 5671222.605
17 97 3910431.572
17 98 698790.1483
17 99 4705182.106
18 19 9946091.829
18 20 7167644.239
18 21 948529.277
18 22 6334239.382
18 23 5971922.14
18 24 5913330.434
18 25 4641417.101
18 26 2579824.959
18 27 2958873.35
18 28 2451482.807
18 29 8047753.483
18 30 5902331.527
18 31 3569846.205
18 32 8962357.932
18 33 8796569.529
18 34 2771546.453
18 35 9651842.733
18 36 3539091.808
18 37 9344607.183
18 38 1357557.172
18 39 3234050.584
18 40 7723888.433
18 41 10035103.29
18 42 3695329.98
18 43 2264318.916
18 44 6571403.471
18 45 8377238.794
18 46 6826926.279
18 47 3273477.557
18 48 5088330.121
18 49 5412974.849
18 50 5072067.357
18 51 7344759.749
18 52 6168306.142
18 53 5577656.428
18 54 3584614.486
18 55 2714241.918
18 56 5403820.348
18 57 985049.5926
18 58 8320749.319
18 59 4413567.259
18 60 3993866.841
18 61 8063184.535
18 62 5603133.525
18 63 4954442.632
18 64 7824983.695
18 65 6124849.834
18 66 2788729.064
18 67 4472643.141
18 68 4635730.176
18 69 7372171.754
18 70 7572357.063
18 71 8971367.35
18 72 9003399.598
18 73 6549562.467
18 74 9878063.65
18 75 8912595.027
18 76 1139982.47
18 77 3333491.581
18 78 7591821.795
18 79 1161542.795
18 80 4645370.868
18 81 1573679.44
18 82 6127950.341
18 83 8244987.447
18 84 4910385.126
18 85 4966793.369
18 86 2584997.88
18 87 7407351.012
18 88 2268501.215
18 89 949855.9153
18 90 7902610.469
18 91 9329339.8
18 92 6428873.442
18 93 7867334.101
18 94 4593351.419
18 95 3187435.448
18 96 9784656.063
18 97 8058954.751
18 98 5286314.457
18 99 907804.2283
19 20 6257680.931
19 21 9022095.921
19 22 4030580.937
19 23 4012195.672
19 24 7321381.765
19 25 7597266.523
19 26 9325311.258
19 27 10628120.86
19 28 7605570.003
19 29 2996552.341
19 30 7693783.729
19 31 6389011.035
19 32 4421018.666
19 33 1924825.078
19 34 7858579.656
19 35 2146566.835
19 36 7182192.006
19 37 636742.5815
19 38 9188971.383
19 39 8744738.088
19 40 5619866.526
19 41 4481457.438
19 42 8853975.426
19 43 10063115.83
19 44 6160256.779
19 45 2084243.737
19 46 4039268.192
19 47 7772628.355
19 48 5575539.288
19 49 8035518.193
19 50 6224883.583
19 51 5553093.307
19 52 4565795.089
19 53 6106678.423
19 54 9235409.808
19 55 8540223.665
19 56 5157695.745
19 57 9520881.968
19 58 4899262.088
19 59 6195029.015
19 60 6998932.012
19 61 5657427.079
19 62 7032514.303
19 63 8554923.763
19 64 2256910.536
19 65 4068488.196
19 66 7160746.156
19 67 6288707.394
19 68 5647259.832
19 69 5635052.792
19 70 3659995.633
19 71 1102520.438
19 72 1905243.629
19 73 7235989.162
19 74 3136405.525
19 75 4679109.443
19 76 8844763.674
19 77 7341893.488
19 78 2355575.54
19 79 9202790.666
19 80 7182158.206
19 81 8440445.638
19 82 5717690.468
19 83 4286260.295
19 84 8806618.417
19 85 5568264.27
19 86 7934032.288
19 87 4343337.193
19 88 8960867.884
19 89 9955753.779
19 90 2843565.99
19 91 2563440.886
19 92 4136722.736
19 93 5909406.648
19 94 5383278.083
19 95 7921312.416
19 96 439361.8756
19 97 1887211.345
19 98 5147108.658
19 99 9745992.151
20 21 6331745.591
20 22 5937324.129
20 23 4930428.824
20 24 8946879.173
20 25 8260873.349
20 26 8316190.257
20 27 6052432.256
20 28 5021104.814
20 29 3265393.535
20 30 1839883.735
20 31 4706302.572
20 32 8817956.555
20 33 4336398.94
20 34 6952495.848
20 35 4530105.934
20 36 6855142.211
20 37 6009971.721
20 38 5859663.418
20 39 4288716.962
20 40 809917.7831
20 41 3440269.619
20 42 4055904.496
20 43 5885882.91
20 44 8467693.428
20 45 6346373.803
20 46 2556441.378
20 47 7326634.462
20 48 2714050.065
20 49 9171717.906
20 50 2226371.95
20 51 709507.6743
20 52 6486719.58
20 53 7607807.775
20 54 8901417.237
20 55 7692180.329
20 56 2756795.007
20 57 7412744.481
20 58 8737568.985
20 59 6496214.344
20 60 3205504.309
20 61 1049592.345
20 62 8483659.927
20 63 3067873.303
20 64 5624567.024
20 65 5598727.746
20 66 5391045.327
20 67 2941073.929
20 68 3387806.243
20 69 8632340.395
20 70 2629542.35
20 71 6012713.625
20 72 6889124.117
20 73 1123162.743
20 74 8473542.909
20 75 2297959.952
20 76 6150384.484
20 77 6847592.603
20 78 4854415.797
20 79 6022422.22
20 80 2540101.113
20 81 6379207.121
20 82 1328162.043
20 83 2126013.815
20 84 3304001.73
20 85 6292715.891
20 86 6859720.539
20 87 7561476.231
20 88 7776923.864
20 89 6584466.742
20 90 3462295.173
20 91 7687489.439
20 92 2820725.533
20 93 9192928.163
20 94 4223670.211
20 95 7419014.526
20 96 5850846.612
20 97 5138446.414
20 98 6089477.564
20 99 6454447.015
21 22 5492225.997
21 23 5069754.971
21 24 5491255.343
21 25 4241278.823
21 26 2608184.867
21 27 2990491.996
21 28 1504589.357
21 29 7100217.354
21 30 5189535.601
21 31 2635616.957
21 32 8244769.869
21 33 7849458.097
21 34 2249963.209
21 35 8703313.615
21 36 2934220.701
21 37 8425925.133
21 38 883385.2172
21 39 2675643.975
21 40 6852415.418
21 41 9115426.503
21 42 3167917.068
21 43 2201088.213
21 44 6000283.626
21 45 7499737.746
21 46 5883448.726
21 47 2811681.577
21 48 4156610.193
21 49 5104304.23
21 50 4187989.368
21 51 6467701.765
21 52 5380131.784
21 53 4962095.18
21 54 3555507.203
21 55 2455924.813
21 56 4463275.455
21 57 1167600.178
21 58 7640553.528
21 59 3696935.867
21 60 3130999.866
21 61 7194122.127
21 62 5132060.759
21 63 4361596.993
21 64 6925874.947
21 65 5262495.206
21 66 1887423.91
21 67 3561832.584
21 68 3689876.737
21 69 6753953.752
21 70 6629854.747
21 71 8061582.166
21 72 8134927.913
21 73 5789718.338
21 74 9074747.39
21 75 8003189.246
21 76 193817.9923
21 77 2740160.224
21 78 6666586.905
21 79 668967.2339
21 80 3846704.373
21 81 859865.1503
21 82 5241524.605
21 83 7322490.823
21 84 4359107.715
21 85 4201596.637
21 86 2048984.488
21 87 6664638.874
21 88 2149153.55
21 89 1161169.529
21 90 6954104.719
21 91 8497338.492
21 92 5482104.807
21 93 7278542.118
21 94 3655231.164
21 95 2762634.342
21 96 8852240.896
21 97 7136002.573
21 98 4487723.708
21 99 960526.7099
22 23 1015152.18
22 24 3604907.43
22 25 3613713.631
22 26 5329302.231
22 27 7779043.876
22 28 4325730.59
22 29 3837824.917
22 30 6450675.957
22 31 3094721.371
22 32 3165498.097
22 33 3804967.989
22 34 3923535.892
22 35 4777598.706
22 36 3194808.309
22 37 3394327.342
22 38 5907355.608
22 39 6167347.742
22 40 5769480.62
22 41 6467504.661
22 42 6468336.664
22 43 7066280.628
22 44 2718732.017
22 45 2115494.641
22 46 3533545.43
22 47 3768948.732
22 48 3645117.954
22 49 4186563.738
22 50 4480897.775
22 51 5457251.942
22 52 664520.6868
22 53 2232254.068
22 54 5205121.002
22 55 4553124.482
22 56 3368581.626
22 57 5734906.82
22 58 2877898.022
22 59 2186680.365
22 60 4637538.607
22 61 6021433.066
22 62 3222905.23
22 63 6748843.49
22 64 1780606.121
22 65 358235.5089
22 66 3628691.838
22 67 4072679.992
22 68 3217400.955
22 69 2709008.737
22 70 3948810.33
22 71 2935640.361
22 72 2696441.827
22 73 6403111.231
22 74 3617448.59
22 75 5859359.703
22 76 5343961.616
22 77 3370342.017
22 78 2054826.969
22 79 5850901.668
22 80 5263348.178
22 81 4762708.03
22 82 4730298.681
22 83 5082359.978
22 84 6952287.432
22 85 1551163.943
22 86 4028979.229
22 87 1673033.52
22 88 5004260.33
22 89 6578525.664
22 90 3521159.306
22 91 3005931.751
22 92 3152915.081
22 93 3258349.716
22 94 2411430.435
22 95 3917808.303
22 96 4038163.088
22 97 2350529.634
22 98 1138197.627
22 99 6361889.428
23 24 4342572.008
23 25 4089093.493
23 26 5396001.439
23 27 7077747.6
23 28 3743736.248
23 29 3088567.579
23 30 5452909.004
23 31 2486534.018
23 32 4116135.492
23 33 3302981.605
23 34 3887134.693
23 35 4280349.901
23 36 3278141.989
23 37 3393174.039
23 38 5352510.23
23 39 5364973.052
23 40 4792995.408
23 41 5708094.315
23 42 5624659.786
23 43 6407152.042
23 44 3616343.288
23 45 2469245.349
23 46 2583927.83
23 47 3881893.26
23 48 2657154.818
23 49 4807816.821
23 50 3494922.22
23 51 4468913.993
23 52 1569818.466
23 53 2935572.065
23 54 5460140.311
23 55 4607861.868
23 56 2361879.655
23 57 5509489.611
23 58 3882578.425
23 59 2380560.179
23 60 3749367.142
23 61 5057507.786
23 62 3916507.171
23 63 5807925.9
23 64 1856250.837
23 65 668565.3093
23 66 3185503.407
23 67 3138667.446
23 68 2290438.491
23 69 3703125.026
23 70 3080315.308
23 71 3002015.617
23 72 3125249.132
23 73 5389448.759
23 74 4337581.457
23 75 4996932.916
23 76 4901829.684
23 77 3412244.84
23 78 1708224.959
23 79 5330357.617
23 80 4313708.016
23 81 4440480.662
23 82 3715233.856
23 83 4203884.623
23 84 6020542.407
23 85 1844703.018
23 86 3945433.081
23 87 2680319.062
23 88 4992632.114
23 89 6078735.327
23 90 2793836.545
23 91 3636659.34
23 92 2173732.946
23 93 4262676.965
23 94 1602767.992
23 95 4026854.477
23 96 3909161.774
23 97 2142213.522
23 98 1465938.524
23 99 5863606.885
24 25 1272086.53
24 26 3645352.897
24 27 8446013.394
24 28 5232032.867
24 29 7404330.685
24 30 8885369.351
24 31 4587918.405
24 32 4006495.932
24 33 7403426.333
24 34 3242944.279
24 35 8369188.136
24 36 2665074.539
24 37 6717319.311
24 38 6287161.22
24 39 7489138.518
24 40 8981138.102
24 41 10035852
24 42 7938787.179
24 43 7648379.703
24 44 1250240.192
24 45 5237475.159
24 46 6876806.11
24 47 2680599.376
24 48 6278857.832
24 49 837379.65
24 50 6987697.648
24 51 8619573.769
24 52 2944886.986
24 53 1407009.628
24 54 2881619.353
24 55 3217288.837
24 56 6190092.553
24 57 4967774.726
24 58 3219109.796
24 59 2506376.674
24 60 6592838.714
24 61 9277666.8
24 62 466318.1694
24 63 8714183.429
24 64 5231297.555
24 65 3794083.168
24 66 4386922.513
24 67 6341612.778
24 68 5635348.351
24 69 2081826.138
24 70 7420733.326
24 71 6237919.953
24 72 5558618.557
24 73 9094673.649
24 74 5488526.894
24 75 9334431.542
24 76 5453457.831
24 77 2821702.184
24 78 5649163.708
24 79 6116029.277
24 80 7437974.911
24 81 4643428.049
24 82 7627791.186
24 83 8537686.49
24 84 8842130.573
24 85 2661032.438
24 86 3444227.24
24 87 3058448.216
24 88 3714905.7
24 89 6617069.424
24 90 7095858.405
24 91 5343393.839
24 92 6427730.948
24 93 2319600.75
24 94 4741293.735
24 95 2741943.701
24 96 7435769.001
24 97 5893077.615
24 98 2925826.984
24 99 6436335.677
25 26 2433716.454
25 27 7213775.289
25 28 4117762.767
25 29 7164029.685
25 30 7985966.807
25 31 3669093.389
25 32 4908222.757
25 33 7350822.632
25 34 2005975.653
25 35 8331929.382
25 36 1549281.838
25 37 6967420.169
25 38 5056560.684
25 39 6362774.544
25 40 8397850.504
25 41 9755435.411
25 42 6828737.685
25 43 6416828.183
25 44 2157274.94
25 45 5560213.178
25 46 6439725.353
25 47 1433362.387
25 48 5548577.632
25 49 962146
25 50 6175787.732
25 51 8017822.51
25 52 3032470.232
25 53 1546407.408
25 54 1824813.184
25 55 1948656.974
25 56 5535066.445
25 57 3696816.506
25 58 4149209.143
25 59 1811279.114
25 60 5638315.276
25 61 8714270.891
25 62 1016400.525
25 63 7691331.745
25 64 5379761.924
25 65 3687915.843
25 66 3308751.584
25 67 5488630.805
25 68 4878459.433
25 69 3041410.484
25 70 7064640.493
25 71 6494762.27
25 72 5998843.368
25 73 8275778.343
25 74 6237491.182
25 75 8938281.951
25 76 4213845.402
25 77 1663728.565
25 78 5634785.377
25 79 4877487.024
25 80 6506508.254
25 81 3403457.558
25 82 6932932.93
25 83 8137809.036
25 84 7798832.502
25 85 2245772.129
25 86 2206075.863
25 87 3653741.29
25 88 2453414.552
25 89 5355674.439
25 90 6877832.869
25 91 5950887.308
25 92 5968913.196
25 93 3418606.252
25 94 4051399.099
25 95 1480290.849
25 96 7639628.434
25 97 5961855.323
25 98 2631346.331
25 99 5178647.246
26 27 5484184.072
26 28 3361104.498
26 29 8173471.522
26 30 7509748.503
26 31 3727480.062
26 32 7266187.204
26 33 8645787.778
26 34 1538254.21
26 35 9601181.004
26 36 2143156.311
26 37 8689921.261
26 38 3487145.164
26 39 5232368.627
26 40 8675472.186
26 41 10561755.8
26 42 5729109.645
26 43 4731458.694
26 44 4576665.166
26 45 7435807.527
26 46 7155479.639
26 47 1560704.269
26 48 5741210.217
26 49 2995718.01
26 50 6090069.812
26 51 8278584.696
26 52 4919080.139
26 53 3783886.183
26 54 1005179.891
26 55 788451.8904
26 56 5902601.468
26 57 1606236.729
26 58 6531898.157
26 59 3142645.141
26 60 5209071.54
26 61 9016752.083
26 62 3449639.273
26 63 6852545.434
26 64 7071664.379
26 65 5257251.583
26 66 2942176.497
26 67 5375998.48
26 68 5104737.757
26 69 5452243.565
26 70 7879537.099
26 71 8247416.099
26 72 7973429.26
26 73 8001653.769
26 74 8475240.073
26 75 9566453.7
26 76 2686940.124
26 77 1988179.001
26 78 7099967.637
26 79 3265250.912
26 80 6052038.237
26 81 2065685.583
26 82 7063613.3
26 83 8801648.43
26 84 6883432.618
26 85 3778509.71
26 86 1543762.676
26 87 5874986.639
26 88 541873.8557
26 89 3471984.957
26 90 7943742.455
26 91 8082146.502
26 92 6688532.848
26 93 5850969.905
26 94 4588662.21
26 95 1412026.647
26 96 9275903.878
26 97 7512900.432
26 98 4192740.829
26 99 3352816.718
27 28 3502253.118
27 29 8090695.227
27 30 4325555.151
27 31 4686569.207
27 32 10808181.93
27 33 9066975.819
27 34 5208944.597
27 35 9728359.463
27 36 5818314.567
27 37 10110746.5
27 38 2158926.062
27 39 1927237.677
27 40 6795537.194
27 41 9401955.632
27 42 2010272.249
27 43 797634.4556
27 44 8838488.202
27 45 9525167.245
27 46 6813914.695
27 47 5780412.948
27 48 5081837.618
27 49 8092262.752
27 50 4592594.052
27 51 6492470.846
27 52 7851203.292
27 53 7770682.52
27 54 6475117.383
27 55 5439775.092
27 56 5495276.759
27 57 3884641.995
27 58 10292383.46
27 59 6408435.934
27 60 3648544.149
27 61 7089635.25
27 62 8064422.476
27 63 3086824.964
27 64 8840159.812
27 65 7476655.607
27 66 4324011.491
27 67 4355690.283
27 68 4995271.787
27 69 9521964.106
27 70 7467611.392
27 71 9842581.171
27 72 10186707.16
27 73 5096549.906
27 74 11379638.42
27 75 8225591.829
27 76 3000900.445
27 77 5641236.24
27 78 8367489.606
27 79 2337714.461
27 80 3732924.878
27 81 3810540.108
27 82 5489155.369
27 83 7751677.638
27 84 2909827.999
27 85 6790438.05
27 86 5008234.394
27 87 9206844.225
27 88 5089155.795
27 89 2020316.732
27 90 8060471.198
27 91 10707959.7
27 92 6568691.815
27 93 10077250.53
27 94 5476393.812
27 95 5742285.559
27 96 10358248.48
27 97 8835524.155
27 98 6975935.623
27 99 2131946.135
28 29 5596286.72
28 30 4158167.969
28 31 1258144.854
28 32 7307435.115
28 33 6361258.665
28 34 2251817.471
28 35 7203753.012
28 36 2580534.248
28 37 7025510.617
28 38 1608814.183
28 39 2257114.928
28 40 5468278.747
28 41 7641430.012
28 42 2712943.398
28 43 2755772.945
28 44 5427853.231
28 45 6210793.462
28 46 4380187.747
28 47 2781979.216
28 48 2673031.366
28 49 5071720.129
28 50 2810792.231
28 51 5075861.407
28 52 4353963.638
28 53 4352848.275
28 54 4098442.341
28 55 2856091.686
28 56 2963918.944
28 57 2426020.058
28 58 6792924.147
28 59 2958966.624
28 60 1853384.732
28 61 5812130.843
28 62 4803347.124
28 63 3627505.55
28 64 5586128.916
28 65 4047299.524
28 66 862279.3117
28 67 2132420.033
28 68 2185395.674
28 69 6057571.422
28 70 5127286.158
28 71 6686304.901
28 72 6862672
28 73 4641873.564
28 74 7942919.348
28 75 6547048.359
28 76 1311807.241
28 77 2454144.581
28 78 5255110.413
28 79 1599181.925
28 80 2691228.021
28 81 1358295.552
28 82 3842460.62
28 83 5846574.391
28 84 3709430.61
28 85 3294040.005
28 86 2092413.423
28 87 5705873.594
28 88 2820345.305
28 89 2352358.162
28 90 5453884.346
28 91 7307173.356
28 92 3977599.406
28 93 6625270.927
28 94 2223527.778
28 95 2813014.566
28 96 7412637.407
28 97 5728929.427
28 98 3474457.765
28 99 2141066.89
29 30 4736851.426
29 31 4594433.563
29 32 6056662.054
29 33 1092836.579
29 34 6636584.037
29 35 1647106.023
29 36 6179032.469
29 37 2757556.308
29 38 7026203.463
29 39 6164040.09
29 40 2671162.414
29 41 2632758.186
29 42 6177228.492
29 43 7639893.52
29 44 6551554.564
29 45 3361871.255
29 46 1282105.416
29 47 6771339.135
29 48 3069185.346
29 49 7896012.309
29 50 3509523.323
29 51 2565554.811
29 52 4499618.114
29 53 6001402.393
29 54 8406771.693
29 55 7407919.253
29 56 2689715.644
29 57 7880164.547
29 58 6179481.575
29 59 5401498.092
29 60 4468113.218
29 61 2765620.864
29 62 6991273.163
29 63 5689322.79
29 64 2751321.156
29 65 3612232.228
29 66 5448338.291
29 67 3787236.449
29 68 3415178.542
29 69 6415519.95
29 70 681276.0756
29 71 2816486.211
29 72 3796484.27
29 73 4244268.885
29 74 5398099.176
29 75 2124996.963
29 76 6907900.355
29 77 6270851.279
29 78 2008119.868
29 79 7098118.451
29 80 4433247.439
29 81 6738099.063
29 82 2805029.943
29 83 1461893.201
29 84 5944810.836
29 85 4919729.663
29 86 6637871.471
29 87 5141586.886
29 88 7700455.161
29 89 7822250.151
29 90 324373.4707
29 91 4626994.257
29 92 1621696.678
29 93 6894978.276
29 94 3614406.549
29 95 6905822.861
29 96 2599968.242
29 97 2101989.377
29 98 4553721.371
29 99 7631719.772
30 31 4321451.921
30 32 9554715.873
30 33 5828550.069
30 34 6349290.084
30 35 6192842.021
30 36 6463739.303
30 37 7346001.439
30 38 4546095.832
30 39 2748564.197
30 40 2644337.133
30 41 5280119.869
30 42 2403976.64
30 43 4278756.952
30 44 8658450.056
30 45 7373550.787
30 46 3686851.713
30 47 6821925.496
30 48 2808654.71
30 49 8941744.106
30 50 1982351.544
30 51 2442242.903
30 52 6876221.413
30 53 7675247.557
30 54 8249487.181
30 55 7006702.147
30 56 3095711.433
30 57 6343581.648
30 58 9328564.495
30 59 6380273.393
30 60 2368251.784
30 61 2883928.774
30 62 8421237.316
30 63 1256615.015
30 64 6622433.338
30 65 6092688.803
30 66 4773630.727
30 67 2550767.754
30 68 3335203.423
30 69 9000835.022
30 70 4056415.854
30 71 7254168.422
30 72 7983737.097
30 73 775576.1985
30 74 9497185.745
30 75 4133457.275
30 76 5031593.758
30 77 6401121.348
30 78 5910451.674
30 79 4742744.124
30 80 1491984.685
30 81 5458050.211
30 82 1991488.783
30 83 3867129.419
30 84 1477775.158
30 85 6357374.295
30 86 6213188.94
30 87 8123607.777
30 88 6971714.423
30 89 5178541.997
30 90 4852165.098
30 91 8720783.685
30 92 3733900.029
30 93 9586073.621
30 94 4251797.367
30 95 6882682.294
30 96 7320348.359
30 97 6285070.067
30 98 6270376.193
30 99 5087403.551
31 32 6148515.016
31 33 5255171.265
31 34 2268095.391
31 35 6145018.831
31 36 2175180.413
31 37 5797800.785
31 38 2866394.28
31 39 3173874.532
31 40 4982223.542
31 41 6858041.26
31 42 3546200.051
31 43 3972524.124
31 44 4532938.257
31 45 4952727.37
31 46 3473286.289
31 47 2620581.258
31 48 2035273.775
31 49 4621664.08
31 50 2534298.898
31 51 4586649.54
31 52 3189112.718
31 53 3481805.982
31 54 4209426.69
31 55 3032794.729
31 56 2175149.681
31 57 3289727.836
31 58 5686227.581
31 59 2108062.887
31 60 2005228.051
31 61 5319529.826
31 62 4128690.753
31 63 4150158.368
31 64 4333312.619
31 65 2802610.654
31 66 854112.1985
31 67 1829144.617
31 68 1380685.94
31 69 5056861.999
31 70 4214676.77
31 71 5445634.486
31 72 5604571.969
31 73 4615510.276
31 74 6705816.979
31 75 5841458.937
31 76 2456232.248
31 77 2147703.319
31 78 4033578.427
31 79 2845758.901
31 80 2854325.242
31 81 2150308.653
31 82 3402500.417
31 83 5083749.196
31 84 4297527.724
31 85 2257280.008
31 86 2201838.257
31 87 4553458.405
31 88 3210719.449
31 89 3596242.765
31 90 4410868.943
31 91 6057777.483
31 92 3023065.585
31 93 5640389.351
31 94 1025812.003
31 95 2713315.725
31 96 6216758.218
31 97 4504610.596
31 98 2346470.135
31 99 3382082.078
32 33 5468996.432
32 34 6241915.874
32 35 6224310.988
32 36 5448772.31
32 37 4002765.093
32 38 8809017.393
32 39 9292657.804
32 40 8491260.65
32 41 8428658.954
32 42 9614892.358
32 43 10060200.94
32 44 2792275.847
32 45 2739561.854
32 46 6273854.274
32 47 5850840.5
32 48 6772005.384
32 49 4843527.513
32 50 7609579.029
32 51 8242571.49
32 52 2960523.128
32 53 3490095.08
32 54 6729167.963
32 55 6615282.496
32 56 6459300.122
32 57 8179885.322
32 58 788578.9395
32 59 4554645.112
32 60 7801630.067
32 61 8681856.153
32 62 3965389.465
32 63 9911021.836
32 64 3308436.143
32 65 3517014.917
32 66 6514090.765
32 67 7234917.837
32 68 6379936.54
32 69 1924854.913
32 70 6438592.638
32 71 3615849.321
32 72 2555265.575
32 73 9430847.757
32 74 1625771.942
32 75 8176250.932
32 76 8129002.119
32 77 5655739.706
32 78 4075463.852
32 79 8713644.931
32 80 8421609.175
32 81 7422741.298
32 82 7727125.598
32 83 7501020.746
32 84 10116612.18
32 85 4055403.569
32 86 6408819.075
32 87 1601583.272
32 88 7135718.988
32 89 9392290.811
32 90 5744113.576
32 91 1876150.914
32 92 6005972.412
32 93 1833999.634
32 94 5570436.489
32 95 5978874.028
32 96 4723917.085
32 97 3968514.413
32 98 3833090.924
32 99 9180318.178
33 34 7113413.746
33 35 981226.479
33 36 6562638.38
33 37 1778736.162
33 38 7864305.335
33 39 7147329.981
33 40 3696702.614
33 41 2959662.845
33 42 7193313.588
33 43 8575339.684
33 44 6417738.966
33 45 2731277.478
33 46 2276687.586
33 47 7166047.396
33 48 3993097.675
33 49 7986403.007
33 50 4524159.411
33 51 3630214.21
33 52 4459437.831
33 53 6036764.19
33 54 8761223.926
33 55 7862815.98
33 56 3588118.387
33 57 8532029.997
33 58 5717311.661
33 59 5683277.264
33 60 5421403.785
33 61 3745549.87
33 62 7027851.44
33 63 6762239.819
33 64 2305476.248
33 65 3669702.841
33 66 6094417.129
33 67 4721048.603
33 68 4229202.432
33 69 6136765.521
33 70 1772155.137
33 71 1956443.909
33 72 3022100.277
33 73 5334107.26
33 74 4587366.695
33 75 2861552.084
33 76 7660846.336
33 77 6682641.463
33 78 1754389.613
33 79 7915364.154
33 80 5466187.551
33 81 7400334.395
33 82 3884646.314
33 83 2379994.914
33 84 7017101.75
33 85 5127682.192
33 86 7143184.224
33 87 4811781.578
33 88 8207682.259
33 89 8655382.774
33 90 1017374.257
33 91 3851705.41
33 92 2502796.891
33 93 6554936.5
33 94 4234238.242
33 95 7308352.074
33 96 1514657.873
33 97 1587210.483
33 98 4724149.719
33 99 8456552.229
34 35 8065672.492
34 36 795346.5004
34 37 7226579.838
34 38 3050933.551
34 39 4431459.378
34 40 7250209.876
34 41 9045703.726
34 42 4912588.053
34 43 4411681.976
34 44 3801749.736
34 45 6038503.051
34 46 5636349.894
34 47 574711.5898
34 48 4303270.42
34 49 2911650.302
34 50 4744643.553
34 51 6854482.98
34 52 3603291.35
34 53 2810434.097
34 54 1948951.905
34 55 778896.7088
34 56 4426478.679
34 57 1937981.218
34 58 5572922.738
34 59 1780036.847
34 60 3986195.34
34 61 7587624.065
34 62 2883512.109
34 63 5879299.973
34 64 5617779.041
34 65 3807896.472
34 66 1587097.557
34 67 4025327.033
34 68 3645687.496
34 69 4602192.881
34 70 6353805.693
34 71 6796795.852
34 72 6611129.186
34 73 6756374.07
34 74 7279897.096
34 75 8072145.001
34 76 2211332.601
34 77 590148.3034
34 78 5595213.738
34 79 2874582.779
34 80 4859375.86
34 81 1400824.856
34 82 5662958.056
34 83 7298198.018
34 84 5957630.246
34 85 2402973.968
34 86 201283.6281
34 87 4729551.139
34 88 1105665.366
34 89 3388622.528
34 90 6405575.492
34 91 6808080.66
34 92 5166133.626
34 93 5096290.23
34 94 3065228.332
34 95 568705.6497
34 96 7787435.441
34 97 6019987.063
34 98 2791694.661
34 99 3201319.394
35 36 7530711.489
35 37 2286238.446
35 38 8661648.852
35 39 7801124.902
35 40 3791046.858
35 41 2337959.134
35 42 7797134.572
35 43 9286226.228
35 44 7360658.86
35 45 3527905.865
35 46 2928798.2
35 47 8133391.468
35 48 4715462.639
35 49 8962255.678
35 50 5138834.218
35 51 3827570.784
35 52 5428158.471
35 53 7009834.631
35 54 9735254.055
35 55 8820777.194
35 56 4331693.338
35 57 9433030.262
35 58 6543876.142
35 59 6660900.362
35 60 6113988.43
35 61 3749922.366
35 62 7999298.542
35 63 7232681.912
35 64 3209866.352
35 65 4649548.796
35 66 6992935.357
35 67 5434333.009
35 68 5035769.387
35 69 7038815.74
35 70 2264652.533
35 71 2613379.126
35 72 3694009.89
35 73 5608491.454
35 74 5167994.348
35 75 2622538.88
35 76 8512384.429
35 77 7646590.431
35 78 2723088.016
35 79 8727550.692
35 80 6045172.999
35 81 8295257.829
35 82 4356819.905
35 83 2415083.868
35 84 7488474.979
35 85 6108399.207
35 86 8088891.058
35 87 5706893.801
35 88 9154608.177
35 89 9456992.584
35 90 1750032.249
35 91 4490260.419
35 92 3252709.096
35 93 7430829.087
35 94 5134975.081
35 95 8274709.485
35 96 1713517.397
35 97 2502729.62
35 98 5705335.819
35 99 9263958.778
36 37 6546765.385
36 38 3667928.708
36 39 4834724.739
36 40 7067259.198
36 41 8673904.307
36 42 5293410.012
36 43 5022618.301
36 44 3066467.221
36 45 5307831.286
36 46 5277876.717
36 47 603978.6726
36 48 4148410.407
36 49 2510791.526
36 50 4708210.207
36 51 6677356.252
36 52 2831235.773
36 53 2042072.464
36 54 2228409.546
36 55 1360151.822
36 56 4197691.515
36 57 2731803.294
36 58 4786689.763
36 59 1014546.599
36 60 4104803.357
36 61 7395778.216
36 62 2256109.249
36 63 6142192.522
36 64 4928655.128
36 65 3114114.643
36 66 1759932.049
36 67 4004127.55
36 68 3473586.879
36 69 3838519.731
36 70 5964203.624
36 71 6104914.239
36 72 5863392.935
36 73 6788653.596
36 74 6490584.358
36 75 7760517.403
36 76 2864127.758
36 77 207105.2933
36 78 4972160.644
36 79 3514764.702
36 80 4977476.26
36 81 2075036.891
36 82 5535756.574
36 83 6970229.549
36 84 6249859.053
36 85 1650015.13
36 86 961109.2138
36 87 3934566.181
36 88 1815595.195
36 89 4092407.401
36 90 5925967.023
36 91 6031691.124
36 92 4801483.453
36 93 4349749.327
36 94 2742915.396
36 95 748852.2252
36 96 7136529.247
36 97 5376673.635
36 98 2056611.405
36 99 3894728.745
37 38 8617612.096
37 39 8245637.773
37 40 5426680.033
37 41 4599383.784
37 42 8377936.725
37 43 9526157.374
37 44 5573101.23
37 45 1494143.564
37 46 3661433.679
37 47 7136568.213
37 48 5094160.097
37 49 7420363.471
37 50 5782512.961
37 51 5317554.11
37 52 3935083.383
37 53 5484297.178
37 54 8599359.642
37 55 7905218.35
37 56 4677608.636
37 57 8902454.15
37 58 4415121.224
37 59 5558531.621
37 60 6502692.362
37 61 5501668.503
37 62 6418672.395
37 63 8146259.069
37 64 1620282.876
37 65 3432767.052
37 66 6556682.7
37 67 5794906.928
37 68 5117357.94
37 69 5084778.252
37 70 3381683.81
37 71 479496.2399
37 72 1447501.178
37 73 6936489.451
37 74 2883368.021
37 75 4635215.05
37 76 8250706.069
37 77 6707355.291
37 78 1771751.414
37 79 8624468.213
37 80 6739199.739
37 81 7829298.109
37 82 5356303.233
37 83 4147331.531
37 84 8394879.634
37 85 4931539.868
37 86 7304130.022
37 87 3774318.71
37 88 8328029.86
37 89 9377713.599
37 90 2548768.33
37 91 2210977.775
37 92 3699466.221
37 93 5391354.511
37 94 4802083.848
37 95 7285284.327
37 96 746697.6864
37 97 1297087.253
37 98 4510423.477
37 99 9166523.035
38 39 1891189.17
38 40 6451244.276
38 41 8845473.388
38 42 2366980.831
38 43 1361313.032
38 44 6709324.025
38 45 7819032.397
38 46 5765645.767
38 47 3623407.357
38 48 3980465.026
38 49 5943883.235
38 50 3837402.622
38 51 6081338.192
38 52 5883326.31
38 53 5649645.677
38 54 4438882.075
38 55 3327470.247
38 56 4338724.333
38 57 1981890.108
38 58 8247452.499
38 59 4317699.28
38 60 2744115.106
38 61 6786206.601
38 62 5907809.182
38 63 3608999.046
38 64 7193890.297
38 65 5641088.91
38 66 2301545.931
38 67 3305695.573
38 68 3635699.397
38 69 7421947.746
38 70 6496373.748
38 71 8287215.695
38 72 8470008.196
38 73 5201875.343
38 74 9522822.613
38 75 7700628.546
38 76 852619.4514
38 77 3487006.88
38 78 6845878.977
38 79 226705.5045
38 80 3323009.459
38 81 1655745.198
38 82 4886509.119
38 83 7071211.566
38 84 3578250.165
38 85 4755844.666
38 86 2850518.016
38 87 7211876.204
38 88 3032528.001
38 89 796282.0007
38 90 6917657.383
38 91 8901680.683
38 92 5409135.827
38 93 7965640.206
38 94 3819214.074
38 95 3589248.484
38 96 8980788.261
38 97 7320540.313
38 98 4990987.984
38 99 616704.625
39 40 4983094.528
39 41 7544480.021
39 42 496757.3779
39 43 1600933.248
39 44 7640776.63
39 45 7759336.644
39 46 4888534.099
39 47 4989415.657
39 48 3175371.734
39 49 7309771.94
39 50 2666390.21
39 51 4653928.512
39 52 6345049.294
39 53 6569285.384
39 54 6115547.255
39 55 4913096.854
39 56 3592008.353
39 57 3836316.524
39 58 8856373.62
39 59 5168577.229
39 60 1745827.786
39 61 5295545.856
39 62 7059231.142
39 63 1720404.319
39 64 7049210.622
39 65 5839164.204
39 66 3108586.854
39 67 2456176.873
39 68 3163260.192
39 69 8217468.182
39 70 5540627.74
39 71 8001205.436
39 72 8420417.607
39 73 3465843.274
39 74 9702100.206
39 75 6369635.288
39 76 2560733.963
39 77 4700563.962
39 78 6526289.35
39 79 2109432.374
39 80 1837443.013
39 81 3203247.399
39 82 3589275.388
39 83 5856440.836
39 84 1689454.323
39 85 5418380.702
39 86 4250496.17
39 87 7708668.768
39 88 4729267.858
39 89 2442973.973
39 90 6138013.217
39 91 8996286.748
39 92 4654595.247
39 93 8796642.328
39 94 3775145.52
39 95 5000161.256
39 96 8461396.616
39 97 6987211.615
39 98 5519247.016
39 99 2371549.611
40 41 2641739.37
40 42 4788211.926
40 43 6583969.478
40 44 8396599.298
40 45 5915645.181
40 46 2249575.561
40 47 7576641.404
40 48 2946954.97
40 49 9276601.255
40 50 2667158.876
40 51 396887.9019
40 52 6362704.943
40 53 7606200.203
40 54 9189451.542
40 55 8010623.997
40 56 2872660.173
40 57 7889421.94
40 58 8479763.315
40 59 6599350.732
40 60 3730123.695
40 61 343915.5252
40 62 8524875.407
40 63 3857539.312
40 64 5224445.879
40 65 5450491.049
40 66 5733298.423
40 67 3338672.13
40 68 3610458.381
40 69 8478338.329
40 70 2104891.668
40 71 5478405.299
40 72 6415556.082
40 73 1932021.862
40 74 8015063.91
40 75 1489409.679
40 76 6665339.993
40 77 7082860.175
40 78 4445627.013
40 79 6599137.404
40 80 3177119.647
40 81 6814673.539
40 82 1626534.787
40 83 1376679.602
40 84 4098102.318
40 85 6321812.639
40 86 7176893.867
40 87 7334458.381
40 88 8142970.034
40 89 7200869.3
40 90 2912637.026
40 91 7233221.45
40 92 2619937.13
40 93 9020417.045
40 94 4351536.763
40 95 7680489.785
40 96 5200305.205
40 97 4672548.958
40 98 6072024.848
40 99 7057705.863
41 42 7391774.062
41 43 9136637.915
41 44 9175720.283
41 45 5690438.703
41 46 3409615.834
41 47 9248963.761
41 48 4968686.955
41 49 10513509.55
41 50 5013827.526
41 51 2911935.333
41 52 7130437.327
41 53 8631709.945
41 54 10895712.72
41 55 9824562.907
41 56 4711324.838
41 57 10044862.55
41 58 8659335.827
41 59 7967699.584
41 60 6106249.335
41 61 2401767.236
41 62 9619895.408
41 63 6499233.23
41 64 5216511.251
41 65 6244881.449
41 66 7694470.435
41 67 5563522.47
41 68 5519932.412
41 69 8998597.578
41 70 2710369.28
41 71 4875588.619
41 72 5957348.402
41 73 4544076.704
41 74 7480117.302
41 75 1176472.066
41 76 8922377.478
41 77 8743102.093
41 78 4549490.397
41 79 8965961.42
41 80 5709182.858
41 81 8916699.926
41 82 3984718.903
41 83 1794893.633
41 84 6739676.507
41 85 7520339.68
41 86 9018634.591
41 87 7696511.875
41 88 10059266.54
41 89 9624712.299
41 90 2946504.95
41 91 6775549.564
41 92 3882050.377
41 93 9451984.277
41 94 5980914.35
41 95 9375374.993
41 96 4050858.317
41 97 4506006.082
41 98 7167904.851
41 99 9461643.484
42 43 1874790.909
42 44 8051030.673
42 45 7973705.327
42 46 4918623.604
42 47 5466702.085
42 48 3283813.558
42 49 7779495.681
42 50 2670545.971
42 51 4482267.226
42 52 6683630.748
42 53 6983626.589
42 54 6610964.849
42 55 5405819.621
42 56 3700768.006
42 57 4325478.893
42 58 9204985.853
42 59 5584239.167
42 60 1903055.923
42 61 5086454.117
42 62 7503842.162
42 63 1278403.009
42 64 7249999.436
42 65 6131538.983
42 66 3552127.398
42 67 2593849.05
42 68 3369460.3
42 69 8602700.912
42 70 5532737.554
42 71 8157830.967
42 72 8631935.18
42 73 3152997.071
42 74 9958172.615
42 75 6215458.971
42 76 3055926.413
42 77 5165132.543
42 78 6689467.88
42 79 2588587.446
42 80 1755033.118
42 81 3698412.905
42 82 3499188.394
42 83 5752655.72
42 84 1215057.816
42 85 5802313.076
42 86 4733975.527
42 87 8042615.76
42 88 5225795.454
42 89 2867886.202
42 90 6177284.931
42 91 9237355.841
42 92 4728634.239
42 93 9185353.231
42 94 4059415.586
42 95 5481163.22
42 96 8552204.252
42 97 7141437.268
42 98 5879152.071
42 99 2815537.424
43 44 8049283.123
43 45 8869126.131
43 46 6357788.108
43 47 4983489.733
43 48 4584392.055
43 49 7298250.203
43 50 4197459.214
43 51 6253003.57
43 52 7109444.084
43 53 6983536.335
43 54 5713785.564
43 55 4655275.954
43 56 4987252.721
43 57 3145248.615
43 58 9529586.638
43 59 5628937.382
43 60 3172484.727
43 61 6896276.254
43 62 7267293.475
43 63 3115429.743
43 64 8201385.02
43 65 6774002.551
43 66 3556749.297
43 67 3858031.328
43 68 4416050.758
43 69 8741731.489
43 70 7043549.584
43 71 9236594.015
43 72 9528810.767
43 73 5024249.777
43 74 10678105.67
43 75 7963331.373
43 76 2205129.567
43 77 4844585.577
43 78 7767052.757
43 79 1542865.577
43 80 3427790.07
43 81 3013999.485
43 82 5166204.4
43 83 7430453.432
43 84 2992747.901
43 85 6027227.827
43 86 4211057.907
43 87 8458720.789
43 88 4318993.816
43 89 1314946.026
43 90 7583075.574
43 91 10021919.3
43 92 6073259.271
43 93 9293648.269
43 94 4815285.245
43 95 4946558.999
43 96 9813107.078
43 97 8239232.911
43 98 6227401.51
43 99 1387917.14
44 45 4080572.719
44 46 6200201.116
44 47 3311612.904
44 48 5914679.992
44 49 2074165.485
44 50 6694212.404
44 51 8059460.385
44 52 2067976.332
44 53 1075030.92
44 54 3957425.291
44 55 4005098.76
44 56 5747871.209
44 57 5691098
44 58 2014179.004
44 59 2473324.77
44 60 6493495.249
44 61 8669182.147
44 62 1176675.649
44 63 8665731.844
44 64 4165870.316
44 65 2985552.382
44 66 4566825.863
44 67 6118570.434
44 68 5327426.021
44 69 886588.5555
44 70 6660492.616
44 71 5096317.372
44 72 4351907.806
44 73 8763170.745
44 74 4240955.146
44 75 8574866.636
44 76 5925174.645
44 77 3263644.451
44 78 4675667.884
44 79 6568076.588
44 80 7283681.016
44 81 5141449.989
44 82 7184807.895
44 83 7793170.286
44 84 8823912.566
44 85 2311588.77
44 86 3993163.734
44 87 1838720.27
44 88 4527890.309
44 89 7158874.087
44 90 6232462.971
44 91 4099093.856
44 92 5784234.385
44 93 1299184.439
44 94 4408937.76
44 95 3416295.623
44 96 6305545.468
44 97 4859431.134
44 98 2402564.071
44 99 6960801.251
45 46 3802035.866
45 47 5875273.242
45 48 4779160.719
45 49 5958607.977
45 50 5572356.909
45 51 5713430.851
45 52 2553285.976
45 53 4045676.618
45 54 7253726.29
45 55 6663899.608
45 56 4392608.327
45 57 7827276.942
45 58 3016323.967
45 59 4296199.603
45 60 6071469.52
45 61 6069755.467
45 62 4954761.49
45 63 7971927.838
45 64 751897.1812
45 65 2261764.885
45 66 5613114.018
45 67 5399132.997
45 68 4605622.573
45 69 3601050.393
45 70 3817042.137
45 71 1021682.703
45 72 661950.6016
45 73 7108692.506
45 74 2135655.87
45 75 5462816.767
45 76 7338858.923
45 77 5485296.611
45 78 1493708.727
45 79 7791332.494
45 80 6491168.627
45 81 6817641.674
45 82 5419941.557
45 83 4821722.613
45 84 8205507.755
45 85 3659397.583
45 86 6140994.56
45 87 2282496.878
45 88 7119290.282
45 89 8536567.268
45 90 3062078.357
45 91 1351533.956
45 92 3649311.368
45 93 3936365.102
45 94 4054219.55
45 95 6023828.562
45 96 2233775.217
45 97 1260646.866
45 98 3252296.521
45 99 8320680.901
46 47 5845824.78
46 48 1792964.099
46 49 7257593.967
46 50 2248345.305
46 51 1971657.379
46 52 4144929.342
46 53 5477829.2
46 54 7492796.513
46 55 6415157.361
46 56 1429427.288
46 57 6722010.515
46 58 6234381.289
46 59 4631045.459
46 60 3186124.006
46 61 2488858.732
46 62 6433361.491
46 63 4518130.021
46 64 3071877.232
46 65 3226204.468
46 66 4321444.406
46 67 2506523.988
46 68 2197182.374
46 69 6239051.851
46 70 748672.6458
46 71 3573199.384
46 72 4368216.825
46 73 3327938.03
46 74 5935807.567
46 75 2499626.113
46 76 5689994.981
46 77 5339706.103
46 78 2308410.749
46 79 5846065.905
46 80 3189943.613
46 81 5581789.158
46 82 1695642.45
46 83 1700683.999
46 84 4770879.751
46 85 4252961.454
46 86 5611801.79
46 87 5084920.779
46 88 6657761.475
46 89 6561884.467
46 90 1259469.344
46 91 5149864.546
46 92 476573.3369
46 93 6775483.353
46 94 2571328.14
46 95 5970160.116
46 96 3692515.156
46 97 2630243.05
46 98 3951434.639
46 99 6375038.664
47 48 4638745.09
47 49 2338325.78
47 50 5144898.244
47 51 7183746.628
47 52 3366487.822
47 53 2372727.825
47 54 1647021.674
47 55 797856.998
47 56 4718796.783
47 57 2379750.264
47 58 5153695.254
47 59 1582579.218
47 60 4453685.905
47 61 7909226.473
47 62 2337746.944
47 63 6404073.983
47 64 5516988.3
47 65 3704390.927
47 66 2050115.207
47 67 4430091.536
47 68 3968035.709
47 69 4140499.584
47 70 6541514.268
47 71 6690920.376
47 72 6416607.746
47 73 7194372.008
47 74 6973131.384
47 75 8317567.271
47 76 2780684.338
47 77 506120.442
47 78 5574225.381
47 79 3444310.628
47 80 5329953.175
47 81 1970176.023
47 82 6018285.75
47 83 7531534.639
47 84 6491185.335
47 85 2217945.533
47 86 773419.2222
47 87 4388263.296
47 88 1297427.081
47 89 3938159.118
47 90 6521784.904
47 91 6548098.345
47 92 5370287.802
47 93 4610714.147
47 94 3290612.005
47 95 148920.1102
47 96 7733410.434
47 97 5975896.315
47 98 2633210.53
47 99 3755925.121
48 49 6465822.924
48 50 837768.0337
48 51 2551421.706
48 52 4071625.124
48 53 4982603.924
48 54 6243481.087
48 55 5065083.179
48 56 417845.3188
48 57 5080998.213
48 58 6522278.739
48 59 3799039.724
48 60 1433519.959
48 61 3284615.736
48 62 5813069.998
48 63 3201033.839
48 64 4035778.889
48 65 3286898.526
48 66 2803297.716
48 67 728045.4738
48 68 675070.1183
48 69 6206809.208
48 70 2516255.408
48 71 4882391.51
48 72 5425289.454
48 73 2848663.101
48 74 6847678.657
48 75 3885995.167
48 76 3962933.574
48 77 4150636.739
48 78 3423941.805
48 79 4069828.138
48 80 1712501.424
48 81 3962172.273
48 82 1388660.821
48 83 3173793.968
48 84 3429730.453
48 85 3654640.318
48 86 4231967.145
48 87 5317253.931
48 88 5213620.454
48 89 4776046.206
48 90 2998964.403
48 91 6092884.037
48 92 1490350.615
48 93 6789338.062
48 94 1537968.439
48 95 4738888.47
48 96 5286318.068
48 97 3866591.706
48 98 3512300.226
48 99 4592846.308
49 50 7114631.044
49 51 8902060.833
49 52 3548575.815
49 53 1959411.241
49 54 2137481.205
49 55 2701772.251
49 56 6429820.916
49 57 4439861.149
49 58 4056361.404
49 59 2680011.483
49 60 6598126.104
49 61 9586729.461
49 62 1004016.152
49 63 8652978.229
49 64 5888601.614
49 65 4325594.438
49 66 4269365.454
49 67 6434386.869
49 68 5800627.059
49 69 2918705.184
49 70 7850085.861
49 71 6941387.809
49 72 6318182.128
49 73 9218902.909
49 74 6314881.72
49 75 9746258.345
49 76 5093792.59
49 77 2618662.284
49 78 6240846.693
49 79 5755390.978
49 80 7464867.282
49 81 4288669.683
49 82 7843832.588
49 83 8945485.926
49 84 8759215.663
49 85 3007496.317
49 86 3107155.6
49 87 3842911.475
49 88 3156216.75
49 89 6185628.503
49 90 7597803.579
49 91 6144561.352
49 92 6793745.942
49 93 3144080.58
49 94 4949900.958
49 95 2356816.789
49 96 8124614.776
49 97 6522103.423
49 98 3345624.308
49 99 6019733.707
50 51 2280081.273
50 52 4894281.172
50 53 5732284.027
50 54 6692284.407
50 55 5474176.272
50 56 1182966.004
50 57 5225111.241
50 58 7357056.658
50 59 4485394.512
50 60 1093624.992
50 61 3010079.956
50 62 6521495.339
50 63 2401653.637
50 64 4823677.299
50 65 4122667.685
50 66 3171508.636
50 67 719540.0755
50 68 1368236.092
50 69 7019354.915
50 70 2875735.098
50 71 5607691.627
50 72 6210243.392
50 73 2108587.299
50 74 7659952.689
50 75 3863495.678
50 76 3999909.604
50 77 4680638.331
50 78 4175102.218
50 79 3968143.639
50 80 957617.5875
50 81 4165373.123
50 82 1055882.984
50 83 3257652.94
50 84 2639914.967
50 85 4406628.153
50 86 4644045.593
50 87 6152165.897
50 88 5550613.048
50 89 4611880.141
50 90 3507480.403
50 91 6898557.744
50 92 2088655.895
50 93 7604171.826
50 94 2286293.498
50 95 5229088.904
50 96 5905476.162
50 97 4598927.636
50 98 4298015.447
50 99 4452220.278
51 52 6037982.383
51 53 7251247.897
51 54 8794561.492
51 55 7614306.012
51 56 2486680.171
51 57 7498423.178
51 58 8203028.302
51 59 6223138.378
51 60 3351386.276
51 61 739366.689
51 62 8161574.061
51 63 3613738.828
51 64 5005299.98
51 65 5131376.85
51 66 5336411.353
51 67 2944971.97
51 68 3216516.218
51 69 8165398.191
51 70 1945416.598
51 71 5335881.885
51 72 6237427.291
51 73 1789816.936
51 74 7830105.873
51 75 1737621.428
51 76 6279904.337
51 77 6690906.339
51 78 4228945.398
51 79 6225433.138
51 80 2832067.415
51 81 6420583.747
51 82 1233405.15
51 83 1438222.249
51 84 3860638.181
51 85 5958793.508
51 86 6780497.897
51 87 7045006.941
51 88 7746105.272
51 89 6836888.046
51 90 2774798.29
51 91 7045256.393
51 92 2304921.433
51 93 8713910.309
51 94 3968424.693
51 95 7286826.216
51 96 5144154.756
51 97 4487198.532
51 98 5718767.956
51 99 6690152.414
52 53 1589207.558
52 54 4700455.599
52 55 4163352.842
52 56 3838646.195
52 57 5489115.276
52 58 2526144.211
52 59 1823390.554
52 60 4920874.199
52 61 6625296.215
52 62 2572427.826
52 63 7075085.795
52 64 2354567.471
52 65 920056.5645
52 66 3581790.433
52 67 4416728.31
52 68 3571195.597
52 69 2151832.668
52 70 4592518.907
52 71 3463323.566
52 72 3057190.21
52 73 6885171.282
52 74 3710780.307
52 75 6507260.959
52 76 5248218.669
52 77 3023726.908
52 78 2705824.392
52 79 5802416.387
52 80 5612778.275
52 81 4598139.206
52 82 5243082.604
52 83 5725227.46
52 84 7264929.046
52 85 1211223.176
52 86 3733844.4
52 87 1364767.499
52 88 4643096.062
52 89 6505013.091
52 90 4183934.496
52 91 3205084.391
52 92 3743084.928
52 93 2725705.037
52 94 2694107.463
52 95 3513162.513
52 96 4610694.729
52 97 2973551.739
52 98 894589.9206
52 99 6290013.183
53 54 3341719.087
53 55 3126130.665
53 56 4857407.027
53 57 4735820.135
53 58 2781207.034
53 59 1400710.417
53 60 5462367.026
53 61 7896677.655
53 62 994025.0301
53 63 7627341.694
53 64 3933270.155
53 65 2396342.062
53 66 3491801.722
53 67 5125609.472
53 68 4365240.709
53 69 1796470.446
53 70 6014196.561
53 71 5007039.35
53 72 4460342.991
53 73 7824671.116
53 74 4721532.325
53 75 7928643.812
53 76 4878432.305
53 77 2245767.533
53 78 4286905.205
53 79 5514199.859
53 80 6271349
53 81 4107064.73
53 82 6300244.48
53 83 7132586.94
53 84 7778935.959
53 85 1328190.265
53 86 2992971.349
53 87 2122414.651
53 88 3647732.186
53 89 6123043.544
53 90 5694802.336
53 91 4407341.226
53 92 5033522.913
53 93 2318441.18
53 94 3451382.416
53 95 2495426.319
53 96 6178270.888
53 97 4562697.466
53 98 1534744.531
53 99 5921368.058
54 55 1242963.686
54 56 6346840.203
54 57 2607913.053
54 58 5964334.676
54 59 3087811.075
54 60 5902065.519
54 61 9525148.002
54 62 2784354.165
54 63 7683044.44
54 64 6984070.822
54 65 5201018.135
54 66 3525955.813
54 67 5972786.9
54 68 5579836.641
54 69 4843942.815
54 70 8187687.08
54 71 8138069.358
54 72 7736958.049
54 73 8687125.757
54 74 8056186.971
54 75 9961928.594
54 76 3612829.691
54 77 2153117.223
54 78 7122420.893
54 79 4221591.911
54 80 6767708.924
54 81 2912614.575
54 82 7609553.74
54 83 9177321.159
54 84 7733093.885
54 85 3686135.68
54 86 2052772.228
54 87 5463105.587
54 88 1406698.791
54 89 4469330.459
54 90 8151249.685
54 91 7743972.579
54 92 7017302.981
54 93 5175588.017
54 94 4934599.275
54 95 1524727.753
54 96 9233472.217
54 97 7499267.568
54 98 4107520.997
54 99 4343332.75
55 56 5199219.878
55 57 1752499.166
55 58 5902962.379
55 59 2367715.771
55 60 4661986.037
55 61 8349376.942
55 62 2944234.225
55 63 6451711.742
55 64 6287947.184
55 65 4473145.176
55 66 2302669.029
55 67 4755023.734
55 68 4413096.281
55 69 4859318.877
55 70 7131768.052
55 71 7464705.226
55 72 7210906.072
55 73 7450198.36
55 74 7765405.003
55 75 8849443.688
55 76 2478545.756
55 77 1200203.897
55 78 6311534.682
55 79 3122509.211
55 80 5525899.482
55 81 1720311.356
55 82 6414158.682
55 83 8076526.083
55 84 6508539.581
55 85 3004509.104
55 86 834242.2272
55 87 5175144.009
55 88 523990.2628
55 89 3493041.634
55 90 7172953.693
55 91 7345695.617
55 92 5944714.97
55 93 5299855.213
55 94 3843946.303
55 95 653870.9585
55 96 8488193.172
55 97 6724736.414
55 98 3415213.179
55 99 3335520.691
56 57 5339515.719
56 58 6243765.494
56 59 3750115.241
56 60 1848369.751
56 61 3198610.873
56 62 5726899.391
56 63 3579353.08
56 64 3645582.136
56 65 3012285.437
56 66 2991849.507
56 67 1139587.332
56 68 809260.8929
56 69 5987469.297
56 70 2169993.744
56 71 4470503.907
56 72 5033938.428
56 73 3046578.903
56 74 6476995.201
56 75 3669125.181
56 76 4269540.374
56 77 4220376.425
56 78 3017246.555
56 79 4416847.289
56 80 2103597.907
56 81 4206951.002
56 82 1442919.82
56 83 2923268.554
56 84 3813401.543
56 85 3537777.869
56 86 4372678.211
56 87 5040225.928
56 88 5384794.147
56 89 5134995.057
56 90 2602437.581
56 91 5715984.998
56 92 1087570.521
56 93 6564251.449
56 94 1483677.309
56 95 4828090.289
56 96 4869393.843
56 97 3455481.274
56 98 3351811.718
56 99 4946788.303
57 58 7507695.081
57 59 3681905.956
57 60 4209166.075
57 61 8233029.863
57 62 4678458.325
57 63 5528775.279
57 64 7332533.974
57 65 5566362.037
57 66 2440134.395
57 67 4557702.283
57 68 4536292.888
57 69 6517016.381
57 70 7469950.253
57 71 8501587.467
57 72 8429871.779
57 73 6924984.709
57 74 9190327.936
57 75 8964973.583
57 76 1312958.426
57 77 2525167.215
57 78 7187940.199
57 79 1755209.727
57 80 4970199.067
57 81 1142336.229
57 82 6265275.451
57 83 8251088.23
57 84 5523064.695
57 85 4277955.858
57 86 1775260.024
57 87 6660517.85
57 88 1286941.075
57 89 1867615.884
57 90 7700571.689
57 91 8687429.811
57 92 6289452.293
57 93 6990268.3
57 94 4299868.537
57 95 2277122.775
57 96 9398066.746
57 97 7641838.707
57 98 4635412.147
57 99 1758581.709
58 59 3944876.751
58 60 7444687.958
58 61 8695818.043
58 62 3190297.406
58 63 9590988.014
58 64 3449234.21
58 65 3235887.816
58 66 5972857.057
58 67 6922249.484
58 68 6069897.772
58 69 1138621.567
58 70 6488259.198
58 71 3985523.932
58 72 2994612.173
58 73 9267323.628
58 74 2360588.483
58 75 8302914.25
58 76 7535139.505
58 77 4993578.406
58 78 4171430.209
58 79 8139010.117
58 80 8117950.37
58 81 6803623.562
58 82 7579628.525
58 83 7588356.659
58 84 9784928.332
58 85 3502554.162
58 86 5747365.768
58 87 1205036.797
58 88 6425875.856
58 89 8796682.527
58 90 5858276.387
58 91 2454398.947
58 92 5918087.322
58 93 1088144.957
58 94 5213108.047
58 95 5276478.633
58 96 5156796.989
58 97 4153741.139
58 98 3340569.836
58 99 8587657.298
59 60 4108556.668
59 61 6912147.692
59 62 2041351.481
59 63 6257544.165
59 64 3938302.785
59 65 2130464.391
59 66 2101220.332
59 67 3835243.671
59 68 3142949.304
59 69 3113529.384
59 70 5267160.678
59 71 5110104.835
59 72 4848854.623
59 73 6593720.44
59 74 5509250.602
59 75 7130445.09
59 76 3590324.513
59 77 1201785.103
59 78 4035217.985
59 79 4199953.879
59 80 4941281.214
59 81 2868208.121
59 82 5169322.143
59 83 6330502.583
59 84 6400989.601
59 85 636803.0878
59 86 1914965.892
59 87 2994369.248
59 88 2830109.214
59 89 4851874.71
59 90 5127124.674
59 91 5028043.814
59 92 4159093.864
59 93 3672234.908
59 94 2272560.195
59 95 1731486.035
59 96 6166904.691
59 97 4419234.838
59 98 1050779.431
59 99 4642797.914
60 61 4069895.8
60 62 6133914.953
60 63 2176011.289
60 64 5346945.396
60 65 4290718.94
60 66 2406117.456
60 67 710418.3466
60 68 1471296.965
60 69 6945950.911
60 70 3873456.867
60 71 6266932.921
60 72 6729239.087
60 73 2793741.478
60 74 8070431.67
60 75 4957112.909
60 76 2947382.707
60 77 4035870.131
60 78 4794674.385
60 79 2878054.395
60 80 876344.3754
60 81 3203778.722
60 82 2143548.522
60 83 4342847.516
60 84 2350084.881
60 85 4185768.731
60 86 3855936.459
60 87 6258371.074
60 88 4667385.364
60 89 3518633.877
60 90 4419777.124
60 91 7342248.51
60 92 2920713.338
60 93 7534744.431
60 94 2234754.536
60 95 4515339.057
60 96 6716883.576
60 97 5251311.786
60 98 4183112.219
60 99 3358658.588
61 62 8823357.408
61 63 4117358.42
61 64 5395448.941
61 65 5709248.538
61 66 6074605.425
61 67 3682582.361
61 68 3945368.389
61 69 8727865.234
61 70 2254216.078
61 71 5582085.17
61 72 6547266.339
61 73 2142309.938
61 74 8149494.081
61 75 1294725.251
61 76 7007324.927
61 77 7414146.909
61 78 4617609.767
61 79 6935982.798
61 80 3501067.905
61 81 7158574.009
61 82 1970446.645
61 83 1371881.698
61 84 4352693.653
61 85 6621135.986
61 86 7515891.893
61 87 7563410.613
61 88 8484729.52
61 89 7532525.853
61 90 3030386.334
61 91 7371712.618
61 92 2885085.611
61 93 9263506.797
61 94 4673020.379
61 95 8014236.666
61 96 5230474.979
61 97 4816579.494
61 98 6361933.439
61 99 7391319.231
62 63 8261498.101
62 64 4896964.311
62 65 3389840.197
62 66 3952262.594
62 67 5876496.3
62 68 5169064.362
62 69 2061660.567
62 70 6989066.982
62 71 5939496.728
62 72 5317418.314
62 73 8628386.291
62 74 5374218.168
62 75 8899660.891
62 76 5083864.645
62 77 2424590.302
62 78 5276248.025
62 79 5743683.761
62 80 6976442.061
62 81 4277138.696
62 82 7163644.477
62 83 8101486.241
62 84 8392485.964
62 85 2203095.653
62 86 3083858.544
62 87 2856737.028
62 88 3457455.519
62 89 6271174.406
62 90 6686078.198
62 91 5165595.59
62 92 5980940.723
62 93 2406842.602
62 94 4275684.171
62 95 2415919.964
62 96 7125790.982
62 97 5541202.824
62 98 2482637.952
62 99 6084828.383
63 64 7224267.725
63 65 6394803.276
63 66 4385182.018
63 67 2676291.685
63 68 3531533.104
63 69 9120245.329
63 70 5012901.427
63 71 7994460.165
63 72 8611559.093
63 73 2032048.918
63 74 10048712.5
63 75 5338257.655
63 76 4229763.448
63 77 6042772.418
63 78 6574037.996
63 79 3824451.936
63 80 1496264.598
63 81 4790592.061
63 82 2886053.098
63 83 4997848.833
63 84 255911.2296
63 85 6360490.499
63 86 5717336.706
63 87 8395734.027
63 88 6331054.37
63 89 4144787.387
63 90 5754218.701
63 91 9292702.08
63 92 4449614.389
63 93 9709189.724
63 94 4380978.441
63 95 6439766.72
63 96 8210166.534
63 97 6991283.57
63 98 6356675.48
63 99 4086249.944
64 65 1814846.622
64 66 5040763.77
64 67 4667026.517
64 68 3887951.878
64 69 3834140.928
64 70 3142881.109
64 71 1179017.027
64 72 1389562.173
64 73 6365478.76
64 74 2880110.053
64 75 4874943.933
64 76 6758059.893
64 77 5091535.91
64 78 778855.4978
64 79 7179063.507
64 80 5746548.53
64 81 6284371.336
64 82 4672788.097
64 83 4192640.501
64 84 7458983.042
64 85 3311506.964
64 86 5701531.689
64 87 2506628.922
64 88 6716346.396
64 89 7929268.331
64 90 2436490.021
64 91 2099352.952
64 92 2901673.477
64 93 4250672.798
64 94 3392084.562
64 95 5665759.748
64 96 2260490.213
64 97 718405.1129
64 98 2890223.14
64 99 7714724.857
65 66 3384023.018
65 67 3718512.777
65 68 2863315.123
65 69 3036227.477
65 70 3677136.196
65 71 2992509.927
65 72 2878702.871
65 73 6049524.059
65 74 3904522.44
65 75 5593678.501
65 76 5108016.338
65 77 3276857.908
65 78 1947888.041
65 79 5594034.057
65 80 4907831.353
65 81 4560113.249
65 82 4381230.666
65 83 4808820.324
65 84 6599606.729
65 85 1514936.118
65 86 3898228.417
65 87 2030921.132
65 88 4903540.561
65 89 6329149.345
65 90 3302087.351
65 91 3260793.968
65 92 2830732.861
65 93 3594234.703
65 94 2072149.397
65 95 3853006.214
65 96 4037211.961
65 97 2299698.764
65 98 1093630.233
65 99 6112495.77
66 67 2452421.391
66 68 2184207.921
66 69 5207851.408
66 70 5064904.286
66 71 6182967.499
66 72 6250458.477
66 73 5169287.474
66 74 7234788.097
66 75 6660032.003
66 76 1726188.938
66 77 1658436.69
66 78 4808779.903
66 79 2227276.774
66 80 3281790.497
66 81 1306221.355
66 82 4123550.343
66 83 5912851.758
66 84 4490080.924
66 85 2470723.682
66 86 1473984.06
66 87 4914596.742
66 88 2411186.502
66 89 2949839.555
66 90 5262492.298
66 91 6633435.07
66 92 3874850.48
66 93 5771806.578
66 94 1860504.532
66 95 2109224.063
66 96 7009412.222
66 97 5273622.802
66 98 2689861.303
66 99 2733213.401
67 68 855280.4628
67 69 6501371.888
67 70 3214096.254
67 71 5565114.827
67 72 6053688.223
67 73 2787971.12
67 74 7426437.087
67 75 4441934.525
67 76 3370208.651
67 77 3970323.827
67 78 4095656.586
67 79 3411314.909
67 80 1196312.747
67 81 3476047.735
67 82 1712138.224
67 83 3776922.692
67 84 2883366.393
67 85 3811504.693
67 86 3924591.147
67 87 5723731.875
67 88 4837484.609
67 89 4097256.188
67 90 3725135.062
67 91 6687237.507
67 92 2218366.229
67 93 7089728.038
67 94 1733247.896
67 95 4512404.656
67 96 6006754.796
67 97 4548890.271
67 98 3747132.63
67 99 3921699.613
68 69 5673181.517
68 70 2945467.811
68 71 4849401.916
68 72 5264990.913
68 73 3463171.496
68 74 6600084.18
68 75 4475827.2
68 76 3496838.089
68 77 3477810.919
68 78 3373588.897
68 79 3693208.609
68 80 2048458.16
68 81 3400986.63
68 82 2063582.784
68 83 3732528.895
68 84 3737248.787
68 85 3038793.658
68 86 3582524.187
68 87 4870119.727
68 88 4583296.118
68 89 4428261.287
68 90 3287270.411
68 91 5870984.93
68 92 1794102.895
68 93 6260258.158
68 94 918540.342
68 95 4070319.067
68 96 5400507.188
68 97 3840429.913
68 98 2935216.518
68 99 4231816.55
69 70 6613677.661
69 71 4620539.88
69 72 3760329.728
69 73 9033034.249
69 74 3436374.155
69 75 8501385.758
69 76 6665583.949
69 77 4041939.833
69 78 4449510.831
69 79 7294225.245
69 80 7690018.391
69 81 5901018.495
69 82 7394869.699
69 83 7743244.658
69 84 9294804.367
69 85 2800615.808
69 86 4787179.435
69 87 1333212.161
69 88 5383231.434
69 89 7915123.136
69 90 6091433.133
69 91 3388382.074
69 92 5861678.38
69 93 589061.0064
69 94 4768329.138
69 95 4253387.036
69 96 5829917.111
69 97 4550645.002
69 98 2763722.064
69 99 7711920.064
70 71 3390651.031
70 72 4310774.131
70 73 3576033.362
70 74 5910210.497
70 75 1917804.136
70 76 6436296.129
70 77 6036006.341
70 78 2366431.007
70 79 6581943.488
70 80 3781916.555
70 81 6329351.949
70 82 2127143.625
70 83 1133558.541
70 84 5268581.338
70 85 4844398.057
70 86 6336022.428
70 87 5390569.536
70 88 7387266.79
70 89 7292150.394
70 90 833006.7327
70 91 5128712.097
70 92 1193968.072
70 93 7123668.771
70 94 3290882.953
70 95 6669302.483
70 96 3271910.661
70 97 2568601.213
70 98 4512477.935
70 99 7107912.164
71 72 1084022.944
71 73 6889533.789
71 74 2631109.889
71 75 4806101.648
71 76 7889678.654
71 77 6269326.783
71 78 1475917.353
71 79 8284870.989
71 80 6558818.368
71 81 7442151.838
71 82 5263776.475
71 83 4255461.553
71 84 8239337.392
71 85 4479778.613
71 86 6880058.65
71 87 3304169.043
71 88 7895141.618
71 89 9037524.077
71 90 2566782.079
71 91 1901378.815
71 92 3550100.046
71 93 4941368.328
71 94 4468247.511
71 95 6839786.276
71 96 1212189.416
71 97 1016415.712
71 98 4060018.429
71 99 8824681.771
72 73 7691430.759
72 74 1602454.824
72 75 5846534.66
72 76 7976635.189
72 77 6047192.301
72 78 2074958.575
72 79 8438737.811
72 80 7135733.047
72 81 7438490.974
72 82 6015872.606
72 83 5255285.069
72 84 8847165.445
72 85 4214288.951
72 86 6722304.826
72 87 2513469.604
72 88 7678858.391
72 89 9182025.591
72 90 3517439.37
72 91 834412.7257
72 92 4250866.162
72 93 4008519.361
72 94 4714539.112
72 95 6564243.421
72 96 2174334.174
72 97 1751025.444
72 98 3819538.566
72 99 8965855.549
73 74 9244026.543
73 75 3416234.405
73 76 5622115.627
73 77 6747278.487
73 78 5621110.166
73 79 5388217.24
73 80 1960911.771
73 81 5979100.178
73 82 1706515.128
73 83 3227699.303
73 84 2249758.48
73 85 6496665.832
73 86 6635932.071
73 87 8068391.279
73 88 7460185.89
73 89 5868486.337
73 90 4399383.641
73 91 8460116.317
73 92 3468361.451
73 93 9610665.005
73 94 4373330.352
73 95 7267904.557
73 96 6844203.916
73 97 5958136.815
73 98 6360651.296
73 99 5764376.54
74 75 7433422.877
74 76 8935179
74 77 6691573.908
74 78 3627743.336
74 79 9461308.732
74 80 8557293.53
74 81 8306409.309
74 82 7552898.148
74 83 6855538.01
74 84 10276034.39
74 85 4918789.011
74 86 7423230.135
74 87 2603048.658
74 88 8270046.345
74 89 10181657.77
74 90 5119869.851
74 91 786212.3529
74 92 5781781.542
74 93 3442622.326
74 94 5931061.806
74 95 7112797.593
74 96 3512793.157
74 97 3344138.445
74 98 4593035.049
74 99 9965381.925
75 76 7811126.593
75 77 7812144.121
75 78 4131760.005
75 79 7827604.607
75 80 4535543.966
75 81 7848095.564
75 82 2822760.533
75 83 800982.4723
75 84 5581461.762
75 85 6738830.187
75 86 8029982.047
75 87 7248961.467
75 88 9052178.222
75 89 8474594.997
75 90 2444786.424
75 91 6680895.218
75 92 2973538.972
75 93 8996484.085
75 94 5027356.866
75 95 8437203.425
75 96 4240736.41
75 97 4210671.737
75 98 6419132.875
75 99 8315689.292
76 77 2675163.635
76 78 6489196.599
76 79 663641.7153
76 80 3674191.828
76 81 810658.7717
76 82 5052699.571
76 83 7129276.537
76 84 4235967.171
76 85 4078961.676
76 86 2010166.945
76 87 6543761.769
76 88 2207496.737
76 89 1263331.096
76 90 6762962.817
76 91 8349858.744
76 92 5289404.974
76 93 7196703.538
76 94 3472968.248
76 95 2741483.894
76 96 8671518.525
76 97 6959411.058
76 98 4354369.405
76 99 1052604.631
77 78 5113342.649
77 79 3329290.21
77 80 4911208.214
77 81 1880334.804
77 82 5534077.35
77 83 7025681.913
77 84 6143601.354
77 85 1833077.141
77 86 754029.134
77 87 4139463.649
77 88 1633993.901
77 89 3896379.218
77 90 6024024.597
77 91 6226678.412
77 92 4864185.826
77 93 4549919.302
77 94 2785678.74
77 95 635136.848
77 96 7287989.499
77 97 5524724.281
77 98 2233056.925
77 99 3700306.807
78 79 6853742.662
78 80 5117259.629
78 81 6095064.58
78 82 3941059.433
78 83 3430260.785
78 84 6814603.431
78 85 3445702.953
78 86 5652988.419
78 87 3150510.19
78 88 6700775.709
78 89 7606974.634
78 90 1686976.995
78 91 2842077.425
78 92 2176678.523
78 93 4906819.602
78 94 3031606.318
78 95 5720657.443
78 96 2210542.799
78 97 474841.1665
78 98 3030232.486
78 99 7396169.329
79 80 3491812.2
79 81 1474197.092
79 82 5021324.393
79 83 7185621.414
79 84 3798038.609
79 85 4658244.392
79 86 2673487.158
79 87 7120152.544
79 88 2816057.847
79 89 753246.0627
79 90 6980178.095
79 91 8851883.416
79 92 5477772.004
79 93 7832246.436
79 94 3822384.599
79 95 3404597.766
79 96 9004284.015
79 97 7327743.179
79 98 4908274.35
79 99 544133.5173
80 81 4019740.448
80 82 1756724.124
80 83 4022311.817
80 84 1718791.616
80 85 4972220.41
80 86 4725969.166
80 87 6918573.975
80 88 5511522.852
80 89 4044763.136
80 90 4448815.935
80 91 7804749.096
80 92 3046233.754
80 93 8278799.825
80 94 2925275.282
80 95 5390948.92
80 96 6860554.889
80 97 5547573.29
80 98 4930420.338
80 99 3914685.026
81 82 5188160.457
81 83 7124723.424
81 84 4828960.173
81 85 3401486.307
81 86 1199607.536
81 87 5853848.527
81 88 1540466.982
81 89 2017586.626
81 90 6560249.409
81 91 7755799.825
81 92 5147541.309
81 93 6421832.764
81 94 3166131.048
81 95 1933503.566
81 96 8301353.002
81 97 6555374.898
81 98 3713745.266
81 99 1820016.859
82 83 2267172.692
82 84 3141826.264
82 85 4979492.838
82 86 5579967.002
82 87 6385600.303
82 88 6528549.714
82 89 5655075.163
82 90 2886658.514
82 91 6771119.929
82 92 1771124.477
82 93 7965272.58
82 94 2897107.331
82 95 6114794.139
82 96 5354811.464
82 97 4301481.011
82 98 4792816.325
82 99 5499789.271
83 84 5249678.292
83 85 5938119.172
83 86 7261612.279
83 87 6509024.014
83 88 8292270.662
83 89 7855661.22
83 90 1761226.251
83 91 6087062.477
83 92 2175828.671
83 93 8248482.244
83 94 4243840.52
83 95 7652907.878
83 96 3858669.252
83 97 3561135.406
83 98 5620164.584
83 99 7687894.469
84 85 6524020.902
84 86 5790804.928
84 87 8592663.3
84 88 6367980.221
84 89 4074467.046
84 90 6008529.61
84 91 9522614.067
84 92 4696945.71
84 93 9883403.093
84 94 4572025.353
84 95 6521450.393
84 96 8463217.172
84 97 7234557.42
84 98 6532745.898
84 99 4028692.057
85 86 2526730.336
85 87 2464931.063
85 88 3464853.195
85 89 5341315.471
85 90 4632174.31
85 91 4412679.812
85 92 3792716.432
85 93 3383213.46
85 94 2123576.929
85 95 2366771.178
85 96 5550319.57
85 97 3813505.96
85 98 422168.0077
85 99 5128268.502
86 87 4885331.434
86 88 1065926.451
86 89 3189284.1
86 90 6413997.16
86 91 6938467.936
86 92 5144790.423
86 93 5285988.855
86 94 3045247.054
86 95 755239.2234
86 96 7852502.582
86 97 6084507.307
86 98 2904601.526
86 99 3001149.136
87 88 5685379.312
87 89 7806241.624
87 90 4817344.271
87 91 2310877.773
87 92 4747985.26
87 93 1756311.488
87 94 4023938.09
87 95 4525022.391
87 96 4516134.548
87 97 3224597.209
87 98 2231508.331
87 99 7593177.514
88 89 3102154.731
88 90 7478810.337
88 91 7836589.283
88 92 6194182.561
88 93 5821685.732
88 94 4099303.891
88 95 1160986.925
88 96 8892719.573
88 97 7125434.449
88 98 3867039.547
88 99 2962165.851
89 90 7712215.262
89 91 9582871.102
89 92 6204698.986
89 93 8439000.837
89 94 4575630.255
89 95 3876329.011
89 96 9755750.348
89 97 8080987.177
89 98 5610541.401
89 99 216689.8539
90 91 4344057.981
90 92 1515640.116
90 93 6570623.541
90 94 3413070.486
90 95 6658189.07
90 96 2469518.667
90 97 1801562.608
90 98 4259755.463
90 99 7517739.391
91 92 5000239.591
91 93 3527842.249
91 94 5238693.715
91 95 6692117.114
91 96 2895798.063
91 97 2560922.404
91 98 4054612.942
91 99 9366191.419
92 93 6408994.508
92 94 2101066.275
92 95 5495124.792
92 96 3824175.117
92 97 2559609.622
92 98 3502206.887
92 99 6012629.475
93 94 5356571.675
93 95 4715325.24
93 96 6137814.956
93 97 4968901.847
93 98 3352749.446
93 99 8238395.863
94 95 3409889.779
94 96 5199418.035
94 97 3505410.203
94 98 2019588.517
94 99 4364594.629
95 96 7881393.725
95 97 6123362.314
95 98 2782128.635
95 99 3698402.592
96 97 1768001.644
96 98 5128186.655
96 99 9548341.799
97 98 3393022.225
97 99 7869991.687
98 99 5395484.95
