4950
0 1 8030450.148
0 2 1233321.333
0 3 5928562.372
0 4 607490.3675
0 5 3281973.314
0 6 8507320.052
0 7 2625902.383
0 8 6467043.528
0 9 2433657.199
0 10 2798150.209
0 11 2659461.115
0 12 814595.5179
0 13 3095980.293
0 14 4782271.293
0 15 3034953.135
0 16 7323501.869
0 17 5776705.74
0 18 8054773.022
0 19 8032660.174
0 20 5957635.12
0 21 7725759.906
0 22 3759320.781
0 23 5792503.427
0 24 1154561.805
0 25 5942027.028
0 26 6238930.68
0 27 6934438.831
0 28 9190805.222
0 29 3024701.767
0 30 4955346.5
0 31 8733166.124
0 32 3710793.531
0 33 4690723.544
0 34 5744021.646
0 35 7324736.797
0 36 2191259.192
0 37 4576487.975
0 38 4486505.366
0 39 6036186.785
0 40 4053775.609
0 41 1498310.236
0 42 4443586.246
0 43 7933934.499
0 44 5046459.724
0 45 1297775.707
0 46 6835423.727
0 47 3939617.808
0 48 10077137.09
0 49 1942543.945
0 50 8227152.582
0 51 4912918.095
0 52 1832257.338
0 53 2000934.631
0 54 3879937.051
0 55 848548.0225
0 56 7263470.078
0 57 1381481.889
0 58 2794902.777
0 59 7923454.221
0 60 7921932.178
0 61 1670351.547
0 62 3663336.571
0 63 3646002.896
0 64 2693946.189
0 65 7056839.024
0 66 1376837.613
0 67 4640890.739
0 68 1560743.691
0 69 1863470.865
0 70 3963175.272
0 71 1949389.061
0 72 7049337.171
0 73 3407068.41
0 74 9781573.177
0 75 6652423.716
0 76 6666173.398
0 77 2686916.708
0 78 1158379.159
0 79 1931877.083
0 80 1360628.628
0 81 4053997.426
0 82 3040711.88
0 83 3089589.769
0 84 6665363.856
0 85 3976920.255
0 86 2612123.009
0 87 4460556.894
0 88 2958911.432
0 89 7100229.486
0 90 6711645.235
0 91 2257890.838
0 92 8432236.92
0 93 3014446.752
0 94 903441.8915
0 95 7514480.504
0 96 4270842.989
0 97 4188217.647
0 98 8471960.944
0 99 8722153.608
1 2 7000189.436
1 3 5312472.966
1 4 8632325.484
1 5 6719268.488
1 6 5377670.132
1 7 5985717.946
1 8 6175386.223
1 9 5987502.13
1 10 6681452.392
1 11 6064754.61
1 12 7550767.882
1 13 7515015.623
1 14 3768201.018
1 15 6561094.45
1 16 4223437.948
1 17 9314968.048
1 18 3156668.814
1 19 1421808.074
1 20 9135212.045
1 21 2230342.457
1 22 7977220.224
1 23 3837229.901
1 24 7662734.797
1 25 3082629.91
1 26 7445715.856
1 27 4613088.175
1 28 1308466.38
1 29 5839538.379
1 30 3993051.15
1 31 6296667.797
1 32 6003159.377
1 33 4667989.275
1 34 5449722.308
1 35 3693708.268
1 36 8894566
1 37 3453996.17
1 38 3558932.212
1 39 3291208.433
1 40 6993923.149
1 41 7943881.631
1 42 6371992.675
1 43 2548288.652
1 44 4979383.655
1 45 8914762.282
1 46 1445686.529
1 47 7916246.549
1 48 3083106.782
1 49 8001300.215
1 50 5628285.77
1 51 3930552.045
1 52 6917729.791
1 53 8418149.279
1 54 4151381.129
1 55 8770969.19
1 56 3498079.656
1 57 8633474.371
1 58 7706909.312
1 59 4354153.165
1 60 3428756.901
1 61 9700751.135
1 62 7105958.902
1 63 6581867.713
1 64 9019017.722
1 65 3990692.289
1 66 6655395.867
1 67 3618889.579
1 68 9548849.305
1 69 6208526.456
1 70 8025639.212
1 71 6411285.023
1 72 6188577.585
1 73 5028620.675
1 74 2433910.067
1 75 5038754.801
1 76 6457119.924
1 77 5348476.332
1 78 9182454.811
1 79 8776526.087
1 80 9082078.856
1 81 7860511.406
1 82 9983664.982
1 83 5867933.431
1 84 5399776.23
1 85 4809576.815
1 86 5534790.727
1 87 6804598.929
1 88 5105507.652
1 89 5019008.587
1 90 6122452.721
1 91 6074247.177
1 92 5686158.778
1 93 8679599.104
1 94 8012349.468
1 95 1619430.858
1 96 4770388.872
1 97 7125541.737
1 98 4271955.323
1 99 3366130.308
2 3 5675540.691
2 4 1748086.823
2 5 3424740.929
2 6 8139944.032
2 7 1393595.445
2 8 5308852.861
2 9 2079499.097
2 10 2913682.731
2 11 2441372.387
2 12 1385032.284
2 13 2263568.08
2 14 3592027.998
2 15 1925092.272
2 16 6090278.861
2 17 5116229.517
2 18 6836361.863
2 19 6892655.843
2 20 5235810.645
2 21 6540428.651
2 22 4275902.35
2 23 4563852.237
2 24 754094.2306
2 25 5230303.916
2 26 5214634.798
2 27 6526319.811
2 28 8109170.934
2 29 1798311.925
2 30 4349281.016
2 31 8491895.899
2 32 2532129.607
2 33 4246367.639
2 34 4544161.019
2 35 6094181.053
2 36 2226412.621
2 37 3576043.391
2 38 3531404.815
2 39 5375581.256
2 40 4265956.978
2 41 1189297.597
2 42 3326590.154
2 43 7188972.879
2 44 3821049.464
2 45 2494549.271
2 46 5736527.063
2 47 3156491.049
2 48 8898886.779
2 49 2677550.235
2 50 7919048.839
2 51 3699258.171
2 52 1985668.483
2 53 2891609.537
2 54 2904099.407
2 55 1799797.462
2 56 6665879.985
2 57 2475527.888
2 58 3319136.396
2 59 7435137.716
2 60 6696696.687
2 61 2798278.724
2 62 3927565.73
2 63 3741469.117
2 64 3655955.867
2 65 5823770.846
2 66 650713.9059
2 67 3828166.681
2 68 2766455.332
2 69 824655.8868
2 70 4472382.622
2 71 1720461.513
2 72 6915554.26
2 73 2833616.758
2 74 8632110.997
2 75 6328367.337
2 76 6607196.358
2 77 1699766.645
2 78 2266392.809
2 79 2959263.881
2 80 2083631.086
2 81 3245337.19
2 82 4176790.909
2 83 2863460.812
2 84 6407353.639
2 85 3470013.07
2 86 1946550.88
2 87 4601562.13
2 88 2122758.952
2 89 6756385.252
2 90 6586379.632
2 91 1882788.943
2 92 8118399.443
2 93 2651471.072
2 94 1824997.375
2 95 6652374.133
2 96 3804615.757
2 97 3201665.983
2 98 7941506.914
2 99 7503303.256
3 4 6444810.447
3 5 2849604.158
3 6 2616983.983
3 7 5782160.907
3 8 8802642.87
3 9 3608201.196
3 10 3219210.967
3 11 3294752.228
3 12 5128663.358
3 13 7595963.125
3 14 5378914.937
3 15 6774584.555
3 16 7954167.62
3 17 10361379.4
3 18 7630588.483
3 19 6361300.844
3 20 10368737.31
3 21 6757380.518
3 22 3524554.157
3 23 6540762.986
3 24 6396230.978
3 25 2317638.321
3 26 9511428.808
3 27 1238842.434
3 28 6569563.463
3 29 6015756.346
3 30 1964462.974
3 31 2821643.87
3 32 6788337.892
3 33 1574866.238
3 34 7821114.527
3 35 7571515.065
3 36 7867092.637
3 37 3911963.554
3 38 3677738.655
3 39 2053056.503
3 40 2484616.677
3 41 6855701.425
3 42 7636326.885
3 43 3396114.576
3 44 6933429.952
3 45 6029931.75
3 46 5227708.439
3 47 8413124.774
3 48 8373542.372
3 49 4634624.622
3 50 2301341.189
3 51 5760453.057
3 52 4109864.036
3 53 4981541.787
3 54 3903752.762
3 55 6764103.061
3 56 2224733.825
3 57 5611103.208
3 58 3849715.05
3 59 2309646.519
3 60 7747971.262
3 61 7273486.098
3 62 2822701.545
3 63 2498305.02
3 64 5207448.541
3 65 7614542.798
3 66 5031185.14
3 67 2964315.354
3 68 6922937.738
3 69 5003084.077
3 70 3464636.894
3 71 4038706.512
3 72 1339528.504
3 73 2949956.798
3 74 7745199.199
3 75 781326.93
3 76 1293077.144
3 77 4420957.735
3 78 6909694.273
3 79 5406333.362
3 80 7289035.011
3 81 8448547.371
3 82 6208936.898
3 83 2857539.488
3 84 738296.8785
3 85 2323938.271
3 86 3799306.931
3 87 2080254.428
3 88 3871339.743
3 89 1229342.473
3 90 1071516.648
3 91 3805258.78
3 92 2507287.618
3 93 8296708.257
3 94 5318507.152
3 95 3808683.82
3 96 1980929.376
3 97 8029228.801
3 98 2916425.054
3 99 8128178.755
4 5 3722350.12
4 6 9039875.463
4 7 3112233.396
4 8 6816458.786
4 9 3012381.867
4 10 3263162.397
4 11 3210988.657
4 12 1323283.445
4 13 3282890.122
4 14 5335695.013
4 15 3387095.063
4 16 7801265.186
4 17 5795684.298
4 18 8582632.924
4 19 8611722.694
4 20 6008141.454
4 21 8283568.761
4 22 4030645.025
4 23 6302531.049
4 24 1432432.064
4 25 6539734.477
4 26 6476914.269
4 27 7481428.603
4 28 9785589.055
4 29 3489801.031
4 30 5543846.485
4 31 9232776.656
4 32 4105319.223
4 33 5256272.984
4 34 6146030.707
4 35 7827663.404
4 36 2018753.675
4 37 5178834.471
4 38 5091983.698
4 39 6628204.528
4 40 4450000.254
4 41 1622526.852
4 42 4772993.5
4 43 8532375.337
4 44 5495752.156
4 45 1108076.07
4 46 7425414.889
4 47 4067071.716
4 48 10639720.96
4 49 2188376.193
4 50 8746123.075
4 51 5447232.075
4 52 2335203.312
4 53 2129788.512
4 54 4483268.291
4 55 370397.9038
4 56 7844265.572
4 57 1373847.649
4 58 3099087.866
4 59 8483692.29
4 60 8438466.633
4 61 1071203.626
4 62 4049212.757
4 63 4092316.584
4 64 2712277.545
4 65 7545585.975
4 66 1976931.059
4 67 5247177.983
4 68 1027378.944
4 69 2446603.571
4 70 4232495.487
4 71 2523962.895
4 72 7525922.303
4 73 3999842.747
4 74 10357759.07
4 75 7181770.256
4 76 7122415.711
4 77 3285422.065
4 78 551419.9607
4 79 1938581.608
4 80 924383.9349
4 81 4192252.955
4 82 2848231.092
4 83 3633002.371
4 84 7178396.605
4 85 4557403.011
4 86 3216839.314
4 87 4874773.246
4 88 3566296.783
4 89 7632190.349
4 90 7187804.555
4 91 2842969.973
4 92 8951962.979
4 93 2968052.778
4 94 1192499.894
4 95 8121063.703
4 96 4843038.762
4 97 4429161.16
4 98 9038942.552
4 99 9249267.608
5 6 5463049.938
5 7 4120096.195
5 8 7934953.947
5 9 1581480.194
5 10 512140.6821
5 11 1186127.365
5 12 2469544.66
5 13 5643435.867
5 14 4940490.046
5 15 5053736.822
5 16 7849259.99
5 17 8511870.611
5 18 8029672.844
5 19 7299232.988
5 20 8603513.074
5 21 7361386.048
5 22 1336248.508
5 23 6225627.304
5 24 4023891.718
5 25 3825392.088
5 26 8246553.671
5 27 4018132.514
5 28 8021781.704
5 29 4489855.153
5 30 2775414.462
5 31 5551971.897
5 32 5366107.663
5 33 2173221.836
5 34 6995222.648
5 35 7625887.713
5 36 5403954.527
5 37 3807014.188
5 38 3576166.468
5 39 3763335.781
5 40 844627.8257
5 41 4488800.736
5 42 6267038.399
5 43 5658760.383
5 44 6098721.793
5 45 3190213.023
5 46 6004725.894
5 47 6531122.402
5 48 9464523.65
5 49 1785020.483
5 50 5120236.552
5 51 5265646.054
5 52 1489071.532
5 53 2139726.895
5 54 3310720.614
5 55 4069409.918
5 56 4687044.079
5 57 2767026.526
5 58 1071538.612
5 59 5084834.034
5 60 8029714.526
5 61 4461085.857
5 62 572792.8677
5 63 371319.3553
5 64 2473253.028
5 65 7516361.515
5 66 2802423.966
5 67 3180990.03
5 68 4092591.744
5 69 3038026.475
5 70 1451944.385
5 71 1736200.9
5 72 3816122.338
5 73 1924149.756
5 74 8969178.412
5 75 3625540.01
5 76 3400404.748
5 77 2940165.536
5 78 4138650.539
5 79 2565069.089
5 80 4618668.334
5 81 6604208.719
5 82 3491843.8
5 83 1020533.472
5 84 3553207.812
5 85 1919970.444
5 86 2157312.65
5 87 1192546.711
5 88 2567717.463
5 89 4077393.709
5 90 3478663.625
5 91 1723846.445
5 92 5326573.86
5 93 6041443.859
5 94 2544803.508
5 95 5625990.417
5 96 1960125.767
5 97 6402809.479
5 98 5681055.704
5 99 8649362.736
6 7 8015375.885
6 8 10393975.95
6 9 6124895.768
6 10 5834727.737
6 11 5851049.577
6 12 7718404.224
6 13 9871034.674
6 14 7014926.865
6 15 8974941.621
6 16 9055359.408
6 17 12501659.68
6 18 8346215.019
6 19 6737393.459
6 20 12459819.79
6 21 7394766.325
6 22 5998113.017
6 23 7942457.452
6 24 8881857.802
6 25 3470411.072
6 26 11326362
6 27 1619223.081
6 28 6352563.603
6 29 8171170.328
6 30 3912634.291
6 31 939062.7467
6 32 8839150.359
6 33 3893697.542
6 34 9449119.522
6 35 8583031.932
6 36 10360858.64
6 37 5628699.211
6 38 5453696.132
6 39 3186468.194
6 40 5019565.123
6 41 9329217.995
6 42 9606559.68
6 43 2835047.708
6 44 8637889.673
6 45 8646795.511
6 46 5965709.938
6 47 10625632.05
6 48 8345087.168
6 49 7247279.356
6 50 480437.6753
6 51 7378510.641
6 52 6706328.549
6 53 7586085.772
6 54 5887766.155
6 55 9349881.859
6 56 2060068.226
6 57 8227372.235
6 58 6439121.598
6 59 1056334.145
6 60 8553019.201
6 61 9887628.522
6 62 5388748.544
6 63 5106526.898
6 64 7762857.445
6 65 8742174.908
6 66 7513201.593
6 67 4782945.679
6 68 9539637.978
6 69 7403834.02
6 70 5900880.801
6 71 6582914.917
6 72 1996246.329
6 73 5316343.678
6 74 7637833.189
6 75 1858762.431
6 76 2534984.921
6 77 6701352.434
6 78 9515389.498
6 79 8009615.317
6 80 9864238.057
6 81 10640324.73
6 82 8743837.141
6 83 5418155.731
6 84 1916351.952
6 85 4673756.44
6 86 6203670.096
6 87 4581183.368
6 88 6158715.718
6 89 1407716.095
6 90 2245991.808
6 91 6318037.341
6 92 377903.8234
6 93 10693890.86
6 94 7928915.986
6 95 3793702.702
6 96 4335726.465
6 97 10121440.25
6 98 1179193.442
6 99 8683643.485
7 8 4017794.683
7 9 2549858.75
7 10 3650058.338
7 11 2956568.491
7 12 2667840.121
7 13 1857449.48
7 14 2341768.268
7 15 995469.7145
7 16 4698264.624
7 17 4583467.806
7 18 5486613.18
7 19 5693053.878
7 20 4610496.698
7 21 5259454.241
7 22 5213805.18
7 23 3193846.006
7 24 1804894.282
7 25 4769345.196
7 26 4137968.377
7 27 6405800.034
7 28 6996338.031
7 29 425014.2195
7 30 4103081.601
7 31 8508153.438
7 32 1276116.369
7 33 4224916.456
7 34 3193328.829
7 35 4715603.902
7 36 2908851.722
7 37 2758628.3
7 38 2806800.692
7 39 4979257.46
7 40 4947409.234
7 41 1989054.481
7 42 2163369.827
7 43 6600071.377
7 44 2433551.231
7 45 3881828.138
7 46 4628184.106
7 47 2633117.378
7 48 7619545.204
7 49 3864704.043
7 50 7871859.693
7 51 2380763.05
7 52 2922320.544
7 53 4146075.824
7 54 2222516.49
7 55 3102252.74
7 56 6296217.923
7 57 3831189.277
7 58 4325666.418
7 59 7181121.843
7 60 5331565.296
7 61 4127986.259
7 62 4681272.704
7 63 4360701.991
7 64 4921214.358
7 65 4435740.611
7 66 1587930.267
7 67 3322117.356
7 68 4138841.222
7 69 1134745.719
7 70 5394075.996
7 71 2435935.373
7 72 7102667.413
7 73 2840799.745
7 74 7403289.923
7 75 6318837.865
7 76 6888684.011
7 77 1362965.197
7 78 3600982.504
7 79 4276430.81
7 80 3256852.743
7 81 2666394.425
7 82 5528952.599
7 83 3283737.825
7 84 6472571.87
7 85 3458270.257
7 86 2076229.625
7 87 5192878.049
7 88 1910913.748
7 89 6705197.022
7 90 6795656.295
7 91 2396426.432
7 92 8058816.006
7 93 2821047.243
7 94 3154524.752
7 95 5908974.468
7 96 3802460.055
7 97 2311827.815
7 98 7618990.462
7 99 6151231.538
8 9 6369414.429
8 10 7519004.309
8 11 6750990.115
8 12 6663996.375
8 13 3721641.572
8 14 3436553.173
8 15 3435788.099
8 16 2259071.695
8 17 3656019.32
8 18 3652199.808
8 19 5039778.161
8 20 3364314.852
8 21 4190964.352
8 22 9141661.715
8 23 2487285.45
8 24 5384615.61
8 25 6940910.305
8 26 1392931.994
8 27 8967134.162
8 28 6492447.194
8 29 3594828.336
8 30 6845543.767
8 31 11122484.57
8 32 2778244.759
8 33 7285152.989
8 34 982792.0597
8 35 2721686.015
8 36 5593264.431
8 37 4901765.9
8 38 5128137.663
8 39 7238205.085
8 40 8705420.873
8 41 5262761.709
8 42 2047386.168
8 43 8076121.381
8 44 1887201.431
8 45 7764509.285
8 46 4853050.427
8 47 3347552.44
8 48 5969444.677
8 49 7882497.325
8 50 10416851.77
8 51 3056820.919
8 52 6908968.521
8 53 8157976.598
8 54 4951462.907
8 55 6671933.6
8 56 8363381.697
8 57 7782954.722
8 58 8302717.953
8 59 9377739.209
8 60 3330924.973
8 61 7658554.51
8 62 8507738.053
8 63 8103409.278
8 64 8932271.096
8 65 2327535.008
8 66 5605333.482
8 67 5845021.845
8 68 7805230.528
8 69 5137195.059
8 70 9308635.009
8 71 6378985.23
8 72 10122023.04
8 73 6238359.184
8 74 6152135.493
8 75 9089966.107
8 76 10067094.27
8 77 4996203.566
8 78 7188221.215
8 79 8263528.848
8 80 6577240.105
8 81 3214205.874
8 82 9482591.483
8 83 6971515.742
8 84 9352751.054
8 85 6687402.642
8 86 5777705.66
8 87 8857558.636
8 88 5396000.042
8 89 9358838.745
8 90 9874064.916
8 91 6259316.586
8 92 10563317.41
8 93 4737592.308
8 94 7130495.957
8 95 7082320.265
8 96 6970682.435
8 97 2579492.695
8 98 9610745.123
8 99 4091613.256
9 10 1150662.635
9 11 407295.4012
9 12 1719164.646
9 13 4168394.657
9 14 3535580.441
9 15 3505064.415
9 16 6433107.361
9 17 7025718.223
9 18 6771585.243
9 19 6295882.367
9 20 7094227.906
9 21 6208629.559
9 22 2785744.118
9 23 4796830.137
9 24 2788706.362
9 25 3558246.382
9 26 6666702.887
9 27 4529424.696
9 28 7239266.592
9 29 2910846.221
9 30 2536720.987
9 31 6429338.525
9 32 3786010.262
9 33 2263848.38
9 34 5441705.079
9 35 6262819.903
9 36 4259168.191
9 37 2672988.369
9 38 2493417.071
9 39 3626080.036
9 40 2398644.669
9 41 3250081.16
9 42 4687367.054
9 43 5548103.739
9 44 4555442.279
9 45 2983160.022
9 46 5010931.778
9 47 5040854.792
9 48 8446955.551
9 49 2045569.764
9 50 5876661.252
9 51 3824924.253
9 52 930699.0907
9 53 2454717.753
9 54 2036247.143
9 55 3281439.634
9 56 4832095.839
9 57 2662823.724
9 58 2047072.967
9 59 5497599.087
9 60 6729869.239
9 61 3991699.299
9 62 2151171.588
9 63 1811073.013
9 64 3127222.692
9 65 6110288.681
9 66 1429764.778
9 67 2395606.86
9 68 3736762.449
9 69 1514960.821
9 70 2944652.148
9 71 489618.7442
9 72 4836096.703
9 73 1019777.474
9 74 8030744.453
9 75 4287190.256
9 76 4533224.336
9 77 1376563.213
9 78 3537441.49
9 79 2793435.532
9 80 3766288.235
9 81 5102930.132
9 82 4032622.193
9 83 789964.8644
9 84 4343942.288
9 85 1545044.936
9 86 626558.515
9 87 2650470.158
9 88 1107370.485
9 89 4725599.156
9 90 4506938.221
9 91 197371.2988
9 92 6078784.845
9 93 4725483.945
9 94 2096270.99
9 95 5227045.544
9 96 1838407.701
9 97 4849756.23
9 98 6040396.099
9 99 7417685.268
10 11 795135.6149
10 12 1983590.029
10 13 5138667.645
10 14 4628493.845
10 15 4568195.693
10 16 7537784.592
10 17 8006768.885
10 18 7794569.119
10 19 7165804.71
10 20 8102446.099
10 21 7169338.097
10 22 1640029.823
10 23 5904925.05
10 24 3512931.846
10 25 3908825.357
10 26 7785285.791
10 27 4337419.57
10 28 7972115.203
10 29 4030381.211
10 30 2838765.327
10 31 5976075.675
10 32 4907956.347
10 33 2313802.96
10 34 6592335.886
10 35 7341215.251
10 36 4900704.399
10 37 3598696.993
10 38 3382917.84
10 39 3886266.298
10 40 1352672.223
10 41 3978311.76
10 42 5806666.499
10 43 5814446.24
10 44 5704967.542
10 45 2821745.429
10 46 5868718.252
10 47 6027804.44
10 48 9331902.475
10 49 1485782.407
10 50 5513485.341
10 51 4936448.06
10 52 984156.5518
10 53 1882613.807
10 54 3041908.732
10 55 3601886.286
10 56 4909638.788
10 57 2412137.454
10 58 1033993.46
10 59 5387797.164
10 60 7775762.931
10 61 4054522.526
10 62 1036932.982
10 63 854884.0632
10 64 2358838.388
10 65 7209768.367
10 66 2294887.533
10 67 3080853.51
10 68 3706051.342
10 69 2550829.525
10 70 1794654.114
10 71 1237801.093
10 72 4262887.299
10 73 1719736.101
10 74 8865633.024
10 75 3980980.811
10 76 3868600.842
10 77 2527156.388
10 78 3702801.414
10 79 2298686.847
10 80 4145895.802
10 81 6102782.837
10 82 3358893.896
10 83 817841.1683
10 84 3941968.643
10 85 1886487.44
10 86 1762287.556
10 87 1701721.276
10 88 2211486.164
10 89 4434592.581
10 90 3924769.35
10 91 1266249.206
10 92 5719976.921
10 93 5529629.416
10 94 2106309.81
10 95 5691199.4
10 96 2015127.605
10 97 5917425.669
10 98 5973818.726
10 99 8427115.205
11 12 1890096.058
11 13 4566519.192
11 14 3835610.436
11 15 3912123.092
11 16 6743912.487
11 17 7427060.696
11 18 7023204.903
11 19 6459545.647
11 20 7498496.283
11 21 6421964.308
11 22 2433133.06
11 23 5110421.724
11 24 3127799.549
11 25 3477283.308
11 26 7069149.898
11 27 4275170.729
11 28 7337123.054
11 29 3314637.834
11 30 2421863.091
11 31 6114484.619
11 32 4188618.794
11 33 2051550.355
11 34 5815442.543
11 35 6552461.67
11 36 4584791.252
11 37 2856693.936
11 38 2654532.37
11 39 3511476.886
11 40 1993790.677
11 41 3593438.278
11 42 5090210.621
11 43 5449025.906
11 44 4922883.691
11 45 3042759.473
11 46 5165693.793
11 47 5442001.644
11 48 8620955.305
11 49 1939172.025
11 50 5582628.901
11 51 4141528.926
11 52 942129.3154
11 53 2356933.169
11 54 2267713.048
11 55 3505739.89
11 56 4663167.406
11 57 2684811.536
11 58 1771793.431
11 59 5272874.103
11 60 6996538.822
11 61 4140155.195
11 62 1758437.692
11 63 1404135.744
11 64 2967703.358
11 65 6416622.224
11 66 1791281.615
11 67 2446377.223
11 68 3851509.672
11 69 1917085.381
11 70 2582332.683
11 71 745792.0278
11 72 4488847.699
11 73 1036275.705
11 74 8178812.766
11 75 4000038.656
11 76 4166812.437
11 77 1754999.07
11 78 3714912.454
11 79 2731330.124
11 80 4013592.651
11 81 5505651.624
11 82 3919011.458
11 83 437228.3736
11 84 4032972.916
11 85 1412966.945
11 86 976284.2868
11 87 2243760.29
11 88 1416396.992
11 89 4445267.94
11 90 4156431.912
11 91 581151.3314
11 92 5786571.627
11 93 5092717.833
11 94 2192974.782
11 95 5202705.829
11 96 1655380.366
11 97 5257036.555
11 98 5831192.88
11 99 7661144.573
12 13 3582215.487
12 14 4558047.351
12 15 3309236.597
12 16 7269940.335
12 17 6375788.691
12 18 7871712.46
12 19 7679962.487
12 20 6526863.384
12 21 7454350.127
12 22 3033960.199
12 23 5678705.325
12 24 1705547.736
12 25 5274459.534
12 26 6599129.105
12 27 6158165.931
12 28 8756075.186
12 29 3091918.253
12 30 4255223.572
12 31 7926589.707
12 32 3887271.988
12 33 3939385.991
12 34 5861008.251
12 35 7212102.894
12 36 2961293.924
12 37 4117707.247
12 38 3992699.679
12 39 5345165.483
12 40 3251752.496
12 41 2137557.065
12 42 4705537.989
12 43 7265853.723
12 44 5084054.266
12 45 1382857.159
12 46 6438775.3
12 47 4463553.119
12 48 9777729.657
12 49 1309343.107
12 50 7429305.068
12 51 4746385.86
12 52 1021834.531
12 53 1507128.685
12 54 3422127.017
12 55 1635660.545
12 56 6539115.805
12 57 1202579.883
12 58 2060574.698
12 59 7162713.566
12 60 7770121.201
12 61 2272540.281
12 62 2866868.025
12 63 2832336.732
12 64 2274948.269
12 65 6980627.091
12 66 1116643.524
12 67 4046875.094
12 68 2031679.722
12 69 1648922.529
12 70 3236750.52
12 71 1230746.397
12 72 6236582.371
12 73 2729873.986
12 74 9432925.095
12 75 5860894.388
12 76 5851604.937
12 77 2309380.928
12 78 1826854.579
12 79 1608809.685
12 80 2168707.033
12 81 4564473.753
12 82 2873935.326
12 83 2309884.967
12 84 5864022.455
12 85 3257319.716
12 86 2026026.876
12 87 3652070.487
12 88 2446972.426
12 89 6310692.266
12 90 5898760.751
12 91 1565953.194
12 92 7634853.302
12 93 3701959.014
12 94 510679.4779
12 95 6912300.129
12 96 3532044.571
12 97 4578619.251
12 98 7720889.481
12 99 8536968.075
13 14 3746820.999
13 15 973447.1553
13 16 5231891.81
13 17 2868444.72
13 18 6341987.319
13 19 6969873.391
13 20 2973201.766
13 21 6370421.311
13 22 6539341.794
13 23 4104235.364
13 24 1942325.118
13 25 6611738.145
13 26 3200431.85
13 27 8259374.992
13 28 8379812.048
13 29 1777950.809
13 30 5959521.406
13 31 10349464.43
13 32 1557805.333
13 33 6056090.964
13 34 3281030.979
13 35 5430857.241
13 36 1881854.327
13 37 4535145.354
13 38 4616114.99
13 39 6829320.342
13 40 6488062.655
13 41 1660471.939
13 42 1735756.384
13 43 8396513.643
13 44 2963285.824
13 45 4344041.166
13 46 6089253.733
13 47 893295.5169
13 48 8656862.552
13 49 4891343.069
13 50 9720796.192
13 51 3618445.853
13 52 4242843.495
13 53 5046669.136
13 54 4059468.335
13 55 3065548.522
13 56 8144801.606
13 57 4477369.813
13 58 5580218.212
13 59 9037577.689
13 60 6110047.704
13 61 3994081.402
13 62 6167371.148
13 63 5937010.114
13 64 5776201.123
13 65 5065504.392
13 66 2845612.591
13 67 5169480.091
13 68 4196476.45
13 69 2655640.112
13 70 6735950.27
13 71 3908627.331
13 72 8900699.634
13 73 4646122.36
13 74 8571111.539
13 75 8158948.917
13 76 8654153.379
13 77 3186519.619
13 78 3563411.008
13 79 5024605.911
13 80 2885967.332
13 81 984028.7724
13 82 6106582.29
13 83 4950658.526
13 84 8299236.784
13 85 5279169.801
13 86 3815777.748
13 87 6794539.011
13 88 3737171.66
13 89 8552356.804
13 90 8585529.566
13 91 3985405.6
13 92 9909392.117
13 93 1210949.126
13 94 3932824.59
13 95 7646192.005
13 96 5625622.806
13 97 1176509.152
13 98 9469914.988
13 99 6966666.81
14 15 2796594.845
14 16 2910674.396
14 17 5765734.58
14 18 3315298.294
14 19 3351938.491
14 20 5647522.869
14 21 2948416.778
14 22 6253866.807
14 23 1286955.406
14 24 4131246.183
14 25 3544754.732
14 26 4315924.929
14 27 5544525.328
14 28 4683508.156
14 29 2114960.294
14 30 3416161.401
14 31 7708324.559
14 32 2250002.8
14 33 3895187.181
14 34 2462884.895
14 35 2729100.111
14 36 5207179.812
14 37 1468171.462
14 38 1701893.569
14 39 3833713.137
14 40 5606359.788
14 41 4329286.378
14 42 2761092.993
14 43 4949184.243
14 44 1622965.421
14 45 5916874.751
14 46 2348072.554
14 47 4185416.862
14 48 5307363.749
14 49 5462966.538
14 50 7007951.709
14 51 381592.5024
14 52 4336468.07
14 53 5833754.598
14 54 1659227.758
14 55 5383133.564
14 56 5027888.777
14 57 5756691.278
14 58 5582135.275
14 59 6027537.615
14 60 3230368.964
14 61 6390246.077
14 62 5493843.691
14 63 5020280.863
14 64 6574417.625
14 65 2581294.942
14 66 3471346.576
14 67 2415047.222
14 68 6341268.628
14 69 2942089.481
14 70 6388074.785
14 71 3750759.22
14 72 6690274.508
14 73 3056562.62
14 74 5064438.944
14 75 5653934.564
14 76 6654647.682
14 77 2292176.205
14 78 5858377.68
14 79 6082254.028
14 80 5586421.442
14 81 4142887.123
14 82 7371175.578
14 83 3921205.015
14 84 5916673.47
14 85 3379611.192
14 86 2912385.856
14 87 5671930.535
14 88 2429578.546
14 89 5930008.283
14 90 6448970.888
14 91 3503260.962
14 92 7162024.465
14 93 4917378.406
14 94 5067800.537
14 95 4064478.021
14 96 3623675.265
14 97 3446623.066
14 98 6323610.798
14 99 3979487.976
15 16 4577099.569
15 17 3588463.477
15 18 5575289.77
15 19 6072099.752
15 20 3616734.867
15 21 5517544.235
15 22 6080298.97
15 23 3286330.876
15 24 1955075.155
15 25 5669301.687
15 26 3298882.15
15 27 7372072.002
15 28 7459047.482
15 29 817824.0854
15 30 5063956.236
15 31 9487804.287
15 32 765559.2866
15 33 5213346.41
15 34 2776000.323
15 35 4706329.58
15 36 2533011.061
15 37 3569596.894
15 38 3659396.508
15 39 5895639.983
15 40 5890572.259
15 41 1898159.674
15 42 1411002.379
15 43 7430318.23
15 44 2242322.431
15 45 4332663.128
15 46 5144326.768
15 47 1651829.168
15 48 7840275.837
15 49 4589082.642
15 50 8844484.917
15 51 2698633.493
15 52 3763453.624
15 53 4816293.413
15 54 3120235.26
15 55 3267048.442
15 56 7207337.908
15 57 4372578.877
15 58 5156580.094
15 59 8116928.652
15 60 5369579.451
15 61 4278885.912
15 62 5604868.767
15 63 5312960.88
15 64 5580938.892
15 65 4368881.898
15 66 2357132.304
15 67 4235707.472
15 68 4389688.469
15 69 2017376.548
15 70 6267960.864
15 71 3334014.238
15 72 8097062.876
15 73 3835955.611
15 74 7711629.791
15 75 7300601.437
15 76 7883955.489
15 77 2357968.909
15 78 3786009.368
15 79 4876362.259
15 80 3251338.083
15 81 1676222.56
15 82 6064718.527
15 83 4258173.017
15 84 7461038.235
15 85 4450745.302
15 86 3063360.725
15 87 6155400.779
15 88 2904460.696
15 89 7680645.835
15 90 7790755.393
15 91 3339685.458
15 92 9029120.019
15 93 2120940.977
15 94 3743754.985
15 95 6673123.434
15 96 4794019.144
15 97 1349313.288
15 98 8534788.59
15 99 6219956.211
16 17 5872232.223
16 18 1394892.993
16 19 2928451.297
16 20 5600034.808
16 21 2052824.052
16 22 9164539.494
16 23 1636444.064
16 24 6424983.589
16 25 5784523.363
16 26 3651304.717
16 27 7818964.298
16 28 4320365.676
16 29 4311465.061
16 30 6029198.801
16 31 9880024.654
16 32 3811709.141
16 33 6612216.357
16 34 2024860.347
16 35 531632.957
16 36 7068817.28
16 37 4185140.597
16 38 4436616.23
16 39 6089626.468
16 40 8497076.483
16 41 6459163.734
16 42 3541036.416
16 43 6455152.448
16 44 2337666.07
16 45 8561988.088
16 46 3126331.26
16 47 5164399.024
16 48 3723688.306
16 49 8296990.736
16 50 9168677.916
16 51 2608628.135
16 52 7193003.314
16 53 8646167.114
16 54 4548857.667
16 55 7755940.204
16 56 6997028.354
16 57 8468065.44
16 58 8479496.423
16 59 8002327.225
16 60 1071858.442
16 61 8784818.458
16 62 8399308.856
16 63 7918037.629
16 64 9405272.622
16 65 342600.5958
16 66 6153512.725
16 67 5079622.959
16 68 8828541.039
16 69 5621608.779
16 70 9298094.5
16 71 6610611.692
16 72 9185218.983
16 73 5951275.764
16 74 3894572.286
16 75 8058007.185
16 76 9246891.414
16 77 5130549.409
16 78 8267834.223
16 79 8853937.167
16 80 7811504.9
16 81 5052808.336
16 82 10137453.06
16 83 6829159.171
16 84 8371099.113
16 85 6210355.667
16 86 5807001.224
16 87 8534511.76
16 88 5332303.916
16 89 8236689.544
16 90 8992674.801
16 91 6387132.012
16 92 9284897.775
16 93 6405619.111
16 94 7777165.261
16 95 5422377.036
16 96 6411708.89
16 97 4299548.1
16 98 8119459.157
16 99 1860445.152
17 18 7240550.543
17 19 8409977.948
17 20 363783.7749
17 21 7628632.815
17 22 9380132.941
17 23 5495159.938
17 24 4675398.393
17 25 9109513.226
17 26 2310933.141
17 27 10916356.04
17 28 9887595.955
17 29 4354258.205
17 30 8609268.772
17 31 13052772.75
17 32 3669823.328
17 33 8796223.558
17 34 3980087.835
17 35 6280410.865
17 36 3857540.734
17 37 6937383.411
17 38 7078757.833
17 39 9361227.922
17 40 9356498.304
17 41 4279400.022
17 42 3004735.059
17 43 10704215.8
17 44 4337021.218
17 45 6903596.458
17 46 7881227.879
17 47 1985067.872
17 48 9595638.112
17 49 7671666.729
17 50 12397063.43
17 51 5489246.715
17 52 7101563.409
17 53 7776075.197
17 54 6613893.892
17 55 5489344.97
17 56 10648480.82
17 57 7121808.59
17 58 8412995.484
17 59 11599681.78
17 60 6932909.693
17 61 6188956.418
17 62 9034049.587
17 63 8804198.686
17 64 8460746.862
17 65 5873312.719
17 66 5712718.448
17 67 7722219.14
17 68 6512102.046
17 69 5510769.659
17 70 9579143.894
17 71 6776961.452
17 72 11685426.72
17 73 7424263.591
17 74 9720326.236
17 75 10871780.78
17 76 11468927.5
17 77 5946341.553
17 78 5900278.887
17 79 7688176.366
17 80 5107990.432
17 81 1926585.493
17 82 8625463.434
17 83 7801654.525
17 84 11042514.64
17 85 8038073.21
17 86 6635389.066
17 87 9660747.061
17 88 6492722.642
17 89 11240515.14
17 90 11379117.7
17 91 6846120.703
17 92 12576896.73
17 93 2837956.169
17 94 6665148.983
17 95 9829161.184
17 96 8380461.535
17 97 2384095.635
17 98 11973699.42
17 99 7728087.166
18 19 1748487.768
18 20 6977794.253
18 21 954272.5436
18 22 9365748.293
18 23 2306805.5
18 24 7281762.352
18 25 5340786.154
18 26 5043021.469
18 27 7285115.428
18 28 3004092.205
18 29 5150699.741
18 30 5823337.843
18 31 9223365.285
18 32 4829621.218
18 33 6471607.399
18 34 3311293.537
18 35 965129.8985
18 36 8107407.955
18 37 4224782.925
18 38 4461975.102
18 39 5633156.461
18 40 8577170.303
18 41 7388015.024
18 42 4736126.307
18 43 5599404.444
18 44 3378733.614
18 45 9223438.198
18 46 2436023.501
18 47 6391866.84
18 48 2373551.833
18 49 8755475.738
18 50 8523216.658
18 51 3142701.356
18 52 7620126.222
18 53 9135193.295
18 54 4755613.85
18 55 8588792.946
18 56 6327491.134
18 57 9071467.646
18 58 8794422.78
18 59 7292351.935
18 60 331315.4579
18 61 9613326.924
18 62 8544975.914
18 63 8034045.751
18 64 9864448.177
18 65 1371611.816
18 66 6777149.342
18 67 4984342.192
18 68 9602705.071
18 69 6244043.902
18 70 9475074.06
18 71 7036321.195
18 72 8761125.869
18 73 6106729.675
18 74 2500032.97
18 75 7600597.192
18 76 8901688.099
18 77 5601114.792
18 78 9084709.605
18 79 9394119.87
18 80 8717339.613
18 81 6290891.037
18 82 10682324.86
18 83 7021786.15
18 84 7939311.553
18 85 6225803.91
18 86 6165029.127
18 87 8540731.883
18 88 5671671.806
18 89 7708182.629
18 90 8612419.756
18 91 6765647.837
18 92 8614764.282
18 93 7544502.232
18 94 8381881.28
18 95 4578002.631
18 96 6360129.598
18 97 5521953.569
18 98 7317456.878
18 99 667451.9075
19 20 8192607.87
19 21 875807.306
19 22 8615025.257
19 23 2956652.679
19 24 7472697.55
19 25 4047067.933
19 26 6379360.232
19 27 5828686.936
19 28 1477666.127
19 29 5455791.824
19 30 4759950.262
19 31 7641156.599
19 32 5413324.832
19 33 5443268.392
19 34 4443042.011
19 35 2399328.022
19 36 8546155.434
19 37 3623559.742
19 38 3807890.801
19 39 4309351.22
19 40 7709968.013
19 41 7681188.239
19 42 5598936.283
19 43 3933194.861
19 44 4163104.491
19 45 9062795.644
19 46 1297169.891
19 47 7227484.432
19 48 2166710.85
19 49 8341070.169
19 50 6956482.436
19 51 3377079.072
19 52 7211615.166
19 53 8747402.003
19 54 4289063.486
19 55 8692447.105
19 56 4780341.105
19 57 8836721.991
19 58 8198414.872
19 59 5696114.037
19 60 2037874.381
19 61 9679179.853
19 62 7754654.292
19 63 7227575.329
19 64 9416571.219
19 65 2746589.883
19 66 6670028.286
19 67 4119503.564
19 68 9589457.787
19 69 6169274.279
19 70 8692860.629
19 71 6655713.902
19 72 7370412.685
19 73 5448704.799
19 74 1753161.036
19 75 6204645.506
19 76 7580357.945
19 77 5378550.705
19 78 9148808.011
19 79 9065037.185
19 80 8925995.948
19 81 7151266.954
19 82 10325113.48
19 83 6352313.134
19 84 6558649.473
19 85 5391774.793
19 86 5753837.392
19 87 7591269.385
19 88 5276112.897
19 89 6246968.422
19 90 7264390.232
19 91 6340683.566
19 92 7029509.536
19 93 8173740.33
19 94 8173257.464
19 95 2943826.276
19 96 5439485.477
19 97 6386250.275
19 98 5661147.206
19 99 1954667.295
20 21 7397430.791
20 22 9510261.419
20 23 5302975.276
20 24 4837316.329
20 25 9044837.608
20 26 1996406.411
20 27 10885509.29
20 28 9669837.984
20 29 4352981.965
20 30 8583706.955
20 31 13032308.07
20 32 3621398.73
20 33 8798066.522
20 34 3751094.869
20 35 6022125.843
20 36 4106001.646
20 37 6866837.988
20 38 7018695.403
20 39 9303121.546
20 40 9447471.283
20 41 4459821.989
20 42 2894398.933
20 43 10595570.21
20 44 4169857.093
20 45 7114002.599
20 46 7709448.162
20 47 2079919.347
20 48 9322946.965
20 49 7830055.13
20 50 12368924.39
20 51 5355428.035
20 52 7215903.313
20 53 7951127.962
20 54 6576814.126
20 55 5712741.163
20 56 10579441.56
20 57 7316272.251
20 58 8547997.409
20 59 11541762.94
20 60 6665940.011
20 61 6446230.418
20 62 9134644.695
20 63 8886305.578
20 64 8649257.659
20 65 5615997.037
20 66 5814608.388
20 67 7676879.084
20 68 6757079.584
20 69 5582092.412
20 70 9707572.121
20 71 6867361.32
20 72 11698769.01
20 73 7445522.167
20 74 9466223.779
20 75 10858563.31
20 76 11497893.47
20 77 5968998.626
20 78 6138536.847
20 79 7880006.608
20 80 5352761.452
20 81 1999690.522
20 82 8848721.338
20 83 7862130.69
20 84 11039793.99
20 85 8049431.942
20 86 6678745.732
20 87 9739111.757
20 88 6510255.685
20 89 11218408.45
20 90 11397120.96
20 91 6919054.671
20 92 12545729.79
20 93 3074306.214
20 94 6836654.242
20 95 9702430.369
20 96 8389063.572
20 97 2346045.013
20 98 11901058.79
20 99 7449971.895
21 22 8694764.682
21 23 2275557.459
21 24 7062466.725
21 25 4449907.161
21 26 5546904.829
21 27 6359554.365
21 28 2301483.638
21 29 4975304.349
21 30 5009371.236
21 31 8275598.726
21 32 4816382.187
21 33 5674960.537
21 34 3648932.67
21 35 1524436.225
21 36 8033568.954
21 37 3570679.998
21 38 3790066.543
21 39 4735696.415
21 40 7854241.888
21 41 7226555.702
21 42 4900807.292
21 43 4645659.273
21 44 3471757.988
21 45 8829050.359
21 46 1530782.924
21 47 6551450.296
21 48 2361218.333
21 49 8234092.914
21 50 7577375.23
21 51 2882148.042
21 52 7095038.372
21 53 8628321.065
21 54 4172383.16
21 55 8329652.185
21 56 5382538.737
21 57 8639110.456
21 58 8189104.602
21 59 6341738.678
21 60 1201086.403
21 61 9338593.226
21 62 7853769.009
21 63 7333638.559
21 64 9332058.179
21 65 1879914.802
21 66 6394844.028
21 67 4235152.983
21 68 9286049.439
21 69 5873539.899
21 70 8791058.595
21 71 6520323.329
21 72 7854939.124
21 73 5455787.596
21 74 2200839.284
21 75 6690691.769
21 76 8015777.147
21 77 5147974.335
21 78 8806739.138
21 79 8916758.641
21 80 8516142.152
21 81 6465923.973
21 82 10196217.35
21 83 6373586.288
21 84 7034269.843
21 85 5502188.355
21 86 5626662.991
21 87 7784700.451
21 88 5135156.929
21 89 6782289.374
21 90 7718006.118
21 91 6226382.363
21 92 7666263.349
21 93 7581138.469
21 94 7959056.141
21 95 3623731.236
21 96 5603309.907
21 97 5694414.37
21 98 6363185.322
21 99 1370965.12
22 23 7535056.012
22 24 4733692.726
22 25 4993679.064
22 26 9347591.319
22 27 4762712.22
22 28 9284660.687
22 29 5611491.549
22 30 3990216.873
22 31 5879475.09
22 32 6486386.689
22 33 3334140.782
22 34 8223800.875
22 35 8952615.749
22 36 5949867.352
22 37 5143239.51
22 38 4911856.013
22 39 4884987.09
22 40 1065678.555
22 41 5171463.754
22 42 7377033.788
22 43 6695491.374
22 44 7340792.235
22 45 3175590.164
22 46 7323694.023
22 47 7431919.95
22 48 10777421.6
22 49 1842886.491
22 50 5589032.097
22 51 6569234.054
22 52 2318137.39
22 53 1969297.713
22 54 4638710.995
22 55 4400815.66
22 56 5625561.08
22 57 2761603.368
22 58 973425.2817
22 59 5833800.875
22 60 9363993.312
22 61 4488130.571
22 62 871266.6544
22 63 1397117.912
22 64 1836436.589
22 65 8833997.397
22 66 3731794.057
22 67 4496193.156
22 68 4064397.513
22 69 4085652.69
22 70 203856.1489
22 71 2780291.387
22 72 4111573.862
22 73 3259479.774
22 74 10267316.42
22 75 4288521.76
22 76 3601843.085
22 77 4160850.87
22 78 4308987.778
22 79 2322915.235
22 80 4953607.794
22 81 7521119.512
22 82 2761815.455
22 83 2348941.771
22 84 4112371.61
22 85 3223469.356
22 86 3402041.859
22 87 1444581.056
22 88 3848616.189
22 89 4711422.31
22 90 3801042.657
22 91 2883327.839
22 92 5787909.494
22 93 6735343.761
22 94 2873874.86
22 95 6788934.927
22 96 3210400.054
22 97 7419822.81
22 98 6440588.328
22 99 9985522.677
23 24 4979962.17
23 25 4522138.036
23 26 3640524.946
23 27 6567960.366
23 28 4424027.725
23 29 2846469.274
23 30 4581367.579
23 31 8700947.375
23 32 2559145.772
23 33 5113347.923
23 34 1635795.427
23 35 1535843.758
23 36 5818470.895
23 37 2659982.076
23 38 2908461.654
23 39 4825192.261
23 40 6892515.513
23 41 5081307.607
23 42 2643414.272
23 43 5590474.988
23 44 1207310.739
23 45 6998555.73
23 46 2433543.143
23 47 4282735.91
23 48 4558574.558
23 49 6671360.831
23 50 7990836.984
23 51 972192.0991
23 52 5561265.703
23 53 7026786.206
23 54 2942955.615
23 55 6293960.57
23 56 5897830.559
23 57 6880729.004
23 58 6843079.424
23 59 6914357.761
23 60 2137891.157
23 61 7321134.35
23 62 6780288.935
23 63 6307147.7
23 64 7781403.366
23 65 1319097.876
23 66 4566237.776
23 67 3594487.789
23 68 7327177.209
23 69 4031281.212
23 70 7671629.479
23 71 4977780.152
23 72 7822651.861
23 73 4342754.183
23 74 4474428.404
23 75 6739010.684
23 76 7829546.588
23 77 3499206.344
23 78 6794757.131
23 79 7247267.537
23 80 6411480.556
23 81 4201561.262
23 82 8534364.259
23 83 5207034.149
23 84 7026707.981
23 85 4645101.227
23 86 4170638.231
23 87 6951527.919
23 88 3697136.644
23 89 6971966.23
23 90 7601860.51
23 91 4751029.242
23 92 8128688.37
23 93 5315015.766
23 94 6188515.296
23 95 4603863.222
23 96 4872124.806
23 97 3433234.965
23 98 7129493.241
23 99 2965721.258
24 25 5980916.127
24 26 5092331.838
24 27 7270705.262
24 28 8735845.066
24 29 2134355.407
24 30 5103174.439
24 31 9216455.257
24 32 2681641.298
24 33 4989773.324
24 34 4720431.706
24 35 6484820.738
24 36 1479042.085
24 37 4272427.71
24 38 4244865.312
24 39 6128778.718
24 40 4851077.757
24 41 467774.8211
24 42 3342887.533
24 43 7934032.36
24 44 4099952.98
24 45 2425091.248
24 46 6359822.032
24 47 2795917.234
24 48 9423189.016
24 49 2996305.909
24 50 8653182.765
24 51 4185570.014
24 52 2541101.882
24 53 3118292.34
24 54 3616770.881
24 55 1332417.551
24 56 7419954.702
24 57 2535947.604
24 58 3760807.251
24 59 8186647.65
24 60 7116076.737
24 61 2360114.034
24 62 4489655.535
24 63 4360732.562
24 64 3836914.052
24 65 6183550.932
24 66 1369686.194
24 67 4571509.769
24 68 2438152.008
24 69 1565841.493
24 70 4935558.824
24 71 2387236.044
24 72 7616151.848
24 73 3583414.065
24 74 9195417.63
24 75 7062133.814
24 76 7289287.707
24 77 2427978.991
24 78 1848324.85
24 79 3082431.344
24 80 1455213.107
24 81 2906681.05
24 82 4183640.084
24 83 3559276.281
24 84 7130941.783
24 85 4216910.487
24 86 2698015.143
24 87 5214480.135
24 88 2872223.278
24 89 7493646.863
24 90 7284161.295
24 91 2591421.804
24 92 8853587.748
24 93 2022718.924
24 94 2002416.959
24 95 7377990.566
24 96 4548807.553
24 97 3040116.831
24 98 8694952.887
24 99 7944269.228
25 26 7856423.123
25 27 2048872.931
25 28 4379752.579
25 29 4851873.162
25 30 1071151.785
25 31 4183465.366
25 32 5440438.127
25 33 1663897.321
25 34 5986812.732
25 35 5361958.37
25 36 7421805.611
25 37 2179498.662
25 38 2031568.64
25 39 305748.6659
25 40 3968664.448
25 41 6380624.08
25 42 6167572.544
25 43 1992939.287
25 44 5167698.928
25 45 6516019.1
25 46 2919166.741
25 47 7298395.832
25 48 6093405.907
25 49 5357881.878
25 50 3476235.95
25 51 3910056.384
25 52 4415442.272
25 53 5770143.103
25 54 2552283.574
25 55 6774916.792
25 56 1541700.759
25 57 6161966.095
25 58 4877016.659
25 59 2501393.879
25 60 5477728.572
25 61 7545410.884
25 62 4130799.522
25 63 3623955.966
25 64 6259068.733
25 65 5453164.379
25 66 4688754.568
25 67 1449412.55
25 68 7294531.728
25 69 4417124.297
25 70 5019039.569
25 71 4044197.498
25 72 3427247.52
25 73 2545182.239
25 74 5490977.326
25 75 2279111.495
25 76 3565873.834
25 77 3586702.633
25 78 7077536.398
25 79 6170700.173
25 80 7210407.706
25 81 7297734.702
25 82 7266342.711
25 83 3156859.933
25 84 2605898.947
25 85 2067725.876
25 86 3345719.87
25 87 3742437.847
25 88 3108772.42
25 89 2459629.114
25 90 3271703.966
25 91 3709362.369
25 92 3623148.449
25 93 7564303.314
25 94 5646498.464
25 95 1801989.705
25 96 1893785.49
25 97 6725905.172
25 98 2870024.032
25 99 5819190.357
26 27 9826728.773
26 28 7844940.658
26 29 3756785.111
26 30 7599887.115
26 31 11995531.2
26 32 2880694.779
26 33 7948924.202
26 34 2005131.085
26 35 4104807.232
26 36 4932445.802
26 37 5714498.989
26 38 5912776.628
26 39 8140812.959
26 40 9062252.075
26 41 4857327.618
26 42 1979519.183
26 43 9179286.826
26 44 2697630.498
26 45 7516773.485
26 46 6070287.627
26 47 2547376.001
26 48 7361211.729
26 49 7886894.092
26 50 11302513.64
26 51 3963250.361
26 52 7041019.245
26 53 8103755.95
26 54 5607904.373
26 55 6265955.42
26 56 9342502.769
26 57 7611779.769
26 58 8441673.71
26 59 10343462.47
26 60 4723011.51
26 61 7178866.366
26 62 8812304.934
26 63 8467156.431
26 64 8861600.561
26 65 3705275.398
26 66 5648445.73
26 67 6620894.62
26 68 7395613.325
26 69 5261938.743
26 70 9529952.739
26 71 6573317.187
26 72 10849168.24
26 73 6744709.29
26 74 7542336.529
26 75 9887676.846
26 76 10732572.66
26 77 5353089.296
26 78 6761737.263
26 79 8137889.03
26 80 6060971.937
26 81 2406634.79
26 82 9275875.782
26 83 7357629.568
26 84 10118770.31
26 85 7273259.819
26 86 6133510.459
26 87 9276040.827
26 88 5833885.459
26 89 10197424.58
26 90 10576351.76
26 91 6524629.028
26 92 11462511.76
26 93 3957901.5
26 94 7014064.539
26 95 8219738.152
26 96 7587267.215
26 97 2052343.294
26 98 10630143.69
26 99 5482326.3
27 28 5785019.867
27 29 6573529.839
27 30 2309161.621
27 31 2168853.263
27 32 7264772.303
27 33 2281016.399
27 34 8003381.362
27 35 7382363.899
27 36 8749658.46
27 37 4112329.271
27 38 3917809.297
27 39 1744041.705
27 40 3717770.701
27 41 7715548.44
27 42 8054938.116
27 43 2361739.187
27 44 7160335.168
27 45 7158762.055
27 46 4850086.008
27 47 9023800.994
27 48 7693237.674
27 49 5793981.718
27 50 1484778.881
27 51 5918431.038
27 52 5158722.912
27 53 6157806.065
27 54 4309032.284
27 55 7780886.864
27 56 1175683.829
27 57 6748923.447
27 58 5049708.076
27 59 1076022.286
27 60 7450106.78
27 61 8365323.947
27 62 4043913.839
27 63 3683824.729
27 64 6424175.482
27 65 7490837.518
27 66 5903641.509
27 67 3222972.472
27 68 8035220.78
27 69 5785342.512
27 70 4703345.531
27 71 4996192.506
27 72 1583605.858
27 73 3698825.544
27 74 7024192.566
27 75 529580.8574
27 76 1929618.977
27 77 5084607.977
27 78 7971526.578
27 79 6583115.459
27 80 8285517.958
27 81 9042041.191
27 82 7431521.396
27 83 3848627.412
27 84 860622.3091
27 85 3057391.952
27 86 4586799.79
27 87 3318790.005
27 88 4540705.138
27 89 423078.3769
27 90 1573728.595
27 91 4720280.285
27 92 1660611.935
27 93 9074671.302
27 94 6400275.69
27 95 3009244.228
27 96 2721988.718
27 97 8541896.951
27 98 1681554.242
27 99 7708824.024
28 29 6797770.39
28 30 5301510.366
28 31 7289333.348
28 32 6830319.497
28 33 5976162.552
28 34 5919627.8
28 35 3804325.44
28 36 9887716.528
28 37 4638484.373
28 38 4771947.066
28 39 4575504.489
28 40 8302306.349
28 41 8981030.234
28 42 7060978.753
28 43 3546112.955
28 44 5627246.483
28 45 10130740.94
28 46 2376059.757
28 47 8677219.961
28 48 2000482.09
28 49 9267754.39
28 50 6658151.702
28 51 4763336.071
28 52 8169734.751
28 53 9683202.451
28 54 5335401.79
28 55 9900174.065
28 56 4629757.26
28 57 9865826.021
28 58 9000707.039
28 59 5383010.172
28 60 3328761.106
28 61 10856752.67
28 62 8413397.583
28 63 7888834.915
28 64 10299589.82
28 65 4176267.918
28 66 7814436.529
28 67 4897694.396
28 68 10728861.43
28 69 7342817.873
28 70 9333923.807
28 71 7647686.76
28 72 7368612.214
28 73 6301415.866
28 74 1286609.201
28 75 6240609.755
28 76 7672114.724
28 77 6504718.163
28 78 10332056.08
28 79 10032597.59
28 80 10176851.38
28 81 8605188.81
28 82 11254428.73
28 83 7156311.854
28 84 6602322.236
28 85 6108086.002
28 86 6758764.639
28 87 8110233.564
28 88 6310827.938
28 89 6175157.541
28 90 7329095.325
28 91 7315209.736
28 92 6688979.973
28 93 9574571.358
28 94 9229763.055
28 95 2784417.002
28 96 6076533.186
28 97 7844302.227
28 98 5193028.853
28 99 2941780.441
29 30 4264368.528
29 31 8700540.904
29 32 877594.244
29 33 4445762.318
29 34 2769099.618
29 35 4352147.963
29 36 3092805.387
29 37 2757196.712
29 38 2842262.379
29 39 5079779.605
29 40 5308423.761
29 41 2252813.602
29 42 1777288.395
29 43 6618573.397
29 44 2022829.982
29 45 4292150.201
29 46 4448263.378
29 47 2456738.371
29 48 7328678.806
29 49 4288025.031
29 50 8050140.762
29 51 2096006.066
29 52 3332350.082
29 53 4571035.223
29 54 2304354.121
29 55 3455498.788
29 56 6390463.995
29 57 4250890.38
29 58 4734411.227
29 59 7304095.828
29 60 4981792.944
29 61 4484653.274
29 62 5055618.635
29 63 4715975.822
29 64 5346185.631
29 65 4058549.485
29 66 2012199.992
29 67 3420534.223
29 68 4517096.133
29 69 1547736.137
29 70 5789035.391
29 71 2831201.927
29 72 7346460.68
29 73 3102940.734
29 74 7142675.162
29 75 6517741.839
29 76 7156359.751
29 77 1639700.802
29 78 3962541.082
29 79 4700229.052
29 80 3567340.789
29 81 2469214.521
29 82 5949987.762
29 83 3619263.839
29 84 6689893.779
29 85 3697594.117
29 86 2397838.695
29 87 5536436.784
29 88 2166665.997
29 89 6889820.142
29 90 7046737.909
29 91 2768007.814
29 92 8232667.179
29 93 2861171.394
29 94 3576624.587
29 95 5876745.861
29 96 4036306.145
29 97 2018053.308
29 98 7718185.34
29 99 5811809.889
30 31 4449190.305
30 32 4966072.202
30 33 685497.9323
30 34 5865536.976
30 35 5671822.744
30 36 6570527.46
30 37 1948305.289
30 38 1717417.531
30 39 1091847.741
30 40 3002077.596
30 41 5527176.358
30 42 5775356.209
30 43 3027190.625
30 44 4985395.503
30 45 5464585.781
30 46 3517108.299
30 47 6715439.78
30 48 6886800.958
30 49 4287471.36
30 50 3787800.584
30 51 3797753.441
30 52 3363436.608
30 53 4699281.05
30 54 2015965.57
30 55 5797894.101
30 56 2323234.457
30 57 5102990.568
30 58 3815992.373
30 59 3105866.7
30 60 5906523.493
30 61 6527307.638
30 62 3119944.441
30 63 2600777.399
30 64 5191961.4
30 65 5687550.534
30 66 3765839.862
30 67 1001209.964
30 68 6260682.114
30 69 3564365.942
30 70 4033385.127
30 71 3026228.361
30 72 3276552.385
30 73 1552015.278
30 74 6331973.212
30 75 2292727.959
30 76 3248852.864
30 77 2804933.8
30 78 6073217.336
30 79 5100859.037
30 80 6257078.953
30 81 6732960.532
30 82 6197196.584
30 83 2087992.2
30 84 2520560.18
30 85 1009048.668
30 86 2412196.384
30 87 2839060.495
30 88 2275089.998
30 89 2635083.272
30 90 3033145.454
30 91 2700959.614
30 92 3968679.989
30 93 6815216.506
30 94 4605847.259
30 95 2857356.329
30 96 825169.144
30 97 6238393.069
30 98 3593851.771
30 99 6370225.866
31 32 9415230.414
31 33 4296545.024
31 34 10163419.13
31 35 9419807.82
31 36 10688464.61
31 37 6281064.956
31 38 6086159.274
31 39 3884465.901
31 40 4987559.899
31 41 9674711.895
31 42 10216609.93
31 43 3762590.141
31 44 9326544.187
31 45 8734016.821
31 46 6820627.094
31 47 11138217.54
31 48 9279985.369
31 49 7308863.179
31 50 712242.2023
31 51 8080299.049
31 52 6904835.898
31 53 7614185.052
31 54 6462404.164
31 55 9561250.961
31 56 2899244.527
31 57 8306646.405
31 58 6446553.084
31 59 1945569.358
31 60 9419853.384
31 61 10013049.8
31 62 5381293.859
31 63 5182787.445
31 64 7697351.424
31 65 9560421.361
31 66 7849794.938
31 67 5387977.439
31 68 9641258.472
31 69 7800325.414
31 70 5755229.063
31 71 6859285.407
31 72 1772343.143
31 73 5721187.485
31 74 8573995.235
31 75 2190524.89
31 76 2279710.3
31 77 7162995.805
31 78 9678525.598
31 79 8029919.049
31 80 10093389.35
31 81 11162962.12
31 82 8640628.798
31 83 5677311.08
31 84 2085526.079
31 85 5079243.003
31 86 6592774.304
31 87 4535825.598
31 88 6612650.959
31 89 1814108.167
31 90 2097276.014
31 91 6626254.001
31 92 611669.1604
31 93 11099690.84
31 94 8081578.795
31 95 4699254.015
31 96 4732842.555
31 97 10686561.24
31 98 2116127.835
31 99 9580368.697
32 33 5213477.871
32 34 2040796.757
32 35 3948517.051
32 36 3281058.449
32 37 3273218.894
32 38 3409206.391
32 39 5691435.296
32 40 6182016.758
32 41 2658692.72
32 42 901656.7826
32 43 7086315.906
32 44 1478547.684
32 45 5004214.884
32 46 4565790.579
32 47 1941020.001
32 48 7117583.599
32 49 5122128.161
32 50 8748665.456
32 51 2079623.648
32 52 4198416.541
32 53 5385469.068
32 54 2955759.912
32 55 4007447.905
32 56 6980396.163
32 57 5007496.727
32 58 5601782.411
32 59 7930006.342
32 60 4616112.151
32 61 5026610.598
32 62 5932563.152
32 63 5587841.704
32 64 6158637.279
32 65 3606291.359
32 66 2846162.073
32 67 4056542.92
32 68 5119406.128
32 69 2410816.138
32 70 6664930.849
32 71 3706457.423
32 72 8125729.403
32 73 3920706.963
32 74 7016396.765
32 75 7248373.708
32 76 7960850.679
32 77 2486758.027
32 78 4525919.533
32 79 5485292.597
32 80 4012849.74
32 81 1908705.134
32 82 6708386.527
32 83 4483770.936
32 84 7441583.702
32 85 4489914.05
32 86 3259745.099
32 87 6402425.01
32 88 2991304.802
32 89 7601126.294
32 90 7834573.151
32 91 3645147.889
32 92 8924730.819
32 93 2766474.606
32 94 4352305.343
32 95 6264294.959
32 96 4820487.349
32 97 1285738.387
32 98 8306778.336
32 99 5468952.013
33 34 6302374.03
33 35 6277263.209
33 36 6468771.555
33 37 2453393.133
33 38 2205874.429
33 39 1590398.448
33 40 2326888.596
33 41 5435664.156
33 42 6063055.508
33 43 3503028.331
33 44 5404172.953
33 45 5055416.564
33 46 4193720.913
33 47 6858032.554
33 48 7572245.853
33 49 3794711.964
33 50 3688241.539
33 51 4273714.728
33 52 2978213.05
33 53 4196079.988
33 54 2348702.177
33 55 5539269.325
33 56 2622533.238
33 57 4671035.148
33 58 3236698.748
33 59 3233999.169
33 60 6542290.637
33 61 6190238.148
33 62 2468380.463
33 63 1960106.769
33 64 4631436.599
33 65 6269658.158
33 66 3622687.672
33 67 1532594.058
33 68 5891954.078
33 69 3517438.491
33 70 3367441.049
33 71 2741916.867
33 72 2913119.919
33 73 1429393.153
33 74 7016495.634
33 75 2107623.221
33 76 2789436.42
33 77 2870447.371
33 78 5765642.441
33 79 4609826.045
33 80 6029936.557
33 81 6889227.322
33 82 5646206.027
33 83 1653868.781
33 84 2247794.289
33 85 785047.0805
33 86 2312597.671
33 87 2153591.497
33 88 2319386.21
33 89 2519254.277
33 90 2629298.313
33 91 2450441.837
33 92 3883882.298
33 93 6815467.903
33 94 4234940.119
33 95 3465133.742
33 96 442271.9377
33 97 6456624.475
33 98 3782723.451
33 99 7030385.276
34 35 2346991.024
34 36 5153682.298
34 37 3924238.156
34 38 4148386.323
34 39 6281433.551
34 40 7753475.331
34 41 4667905.308
34 42 1550999.149
34 43 7200933.767
34 44 910115.2617
34 45 7032410.869
34 46 4065512.954
34 47 3142435.287
34 48 5684705.959
34 49 7038195.339
34 50 9460015.752
34 51 2085647.707
34 52 6026918.168
34 53 7334537.1
34 54 3970139.275
34 55 6041581.551
34 56 7431041.484
34 57 7013945.419
34 58 7408470.499
34 59 8442121.719
34 60 3024941.171
34 61 7054851.322
34 62 7567494.928
34 63 7151850.024
34 64 8109604.736
34 65 1943568.481
34 66 4773207.468
34 67 4865599.833
34 68 7158583.194
34 69 4281043.879
34 70 8386035.703
34 71 5481324.807
34 72 9142076.148
34 73 5268530.3
34 74 5756652.333
34 75 8116332.154
34 76 9084500.031
34 77 4065183.242
34 78 6560512.213
34 79 7469287.429
34 80 6015302.857
34 81 3028988.482
34 82 8714885.148
34 83 6019600.579
34 84 8375673.676
34 85 5708088.271
34 86 4839509.689
34 87 7894272.056
34 88 4442032.87
34 89 8391614.56
34 90 8892600.495
34 91 5341267.275
34 92 9609808.88
34 93 4419269.797
34 94 6344163.148
34 95 6227952.632
34 96 5989232.563
34 97 2281994.128
34 98 8695439.847
34 99 3862699.482
35 36 7228637.837
35 37 3888752.211
35 38 4138411.204
35 39 5665463.304
35 40 8240641.063
35 41 6556702.543
35 42 3792688.096
35 43 5952008.401
35 44 2475985.567
35 45 8534397.337
35 46 2630894.589
35 47 5443065.931
35 48 3337856.059
35 49 8181667.452
35 50 8709783.523
35 51 2476547.29
35 52 7061227.037
35 53 8544367.054
35 54 4315182.412
35 55 7807423.585
35 56 6528472.497
35 57 8414477.849
35 58 8307988.749
35 59 7528008.678
35 60 685598.6548
35 61 8836312.416
35 62 8165370.358
35 63 7672131.127
35 64 9293068.426
35 65 407327.1749
35 66 6100934.763
35 67 4748936.683
35 68 8853772.27
35 69 5565793.634
35 70 9077783.893
35 71 6475800.368
35 72 8778921.375
35 73 5710210.782
35 74 3444739.779
35 75 7640568.217
35 76 8861668.809
35 77 5005596.352
35 78 8312577.667
35 79 8774088.247
35 80 7900192.912
35 81 5339286.343
35 82 10062322.59
35 83 6606084.233
35 84 7960947.781
35 85 5922790.468
35 86 5640895.638
35 87 8253358.944
35 88 5155713.036
35 89 7802391.453
35 90 8597448.407
35 91 6232331.814
35 92 8820941.931
35 93 6625234.424
35 94 7722246.93
35 95 4918246.969
35 96 6103466.022
35 97 4573132.634
35 98 7628196.671
35 99 1540190.996
36 37 5602935.98
36 38 5606821.852
36 39 7581643.434
36 40 6207128.157
36 41 1043813.146
36 42 3615505.631
36 43 9352855
36 44 4754121.484
36 45 3110911.317
36 46 7528735.204
36 47 2387192.61
36 48 10367851.01
36 49 4122752.53
36 50 10130225.65
36 51 5174628.653
36 52 3916624.934
36 53 4125794.883
36 54 4984934.614
36 55 1675462.827
36 56 8880999.288
36 57 3390933.768
36 58 4986115.759
36 59 9661140.804
36 60 7897153.59
36 61 2342718.88
36 62 5826707.211
36 63 5755439.267
36 64 4731023.678
36 65 6880253.605
36 66 2848048.201
36 67 5994008.878
36 68 2654562.148
36 69 3011174.184
36 70 6153698.407
36 71 3839583.817
36 72 9071441.543
36 73 5059948.558
36 74 10218288.28
36 75 8539264.233
36 76 8728852.219
36 77 3839862.853
36 78 2046764.592
36 79 3957088.446
36 80 1250726.299
36 81 2527215.754
36 82 4786845.195
36 83 5019773.995
36 84 8603108.579
36 85 5695128.206
36 86 4172907.532
36 87 6595333.977
36 88 4318479.917
36 89 8971857.518
36 90 8737513.953
36 91 4062374.691
36 92 10331009.85
36 93 1037799.556
36 94 3081073.925
36 95 8746446.148
36 96 6027708.601
36 97 3019320.721
36 98 10164203.66
36 99 8749576.527
37 38 251504.5511
37 39 2446607.92
37 40 4365273.148
37 41 4599564.675
37 42 3988235.434
37 43 3861385.04
37 44 3057130.583
37 45 5494109.945
37 46 2344686.354
37 47 5164261.606
37 48 5774651.001
37 49 4717668.957
37 50 5588801.181
37 51 1849718.67
37 52 3588595.746
37 53 5123901.869
37 54 698597.3368
37 55 5324884.275
37 56 3712833.67
37 57 5240424.698
37 58 4619567.505
37 59 4680169.985
37 60 4238192.312
37 61 6246817.32
37 62 4320485.17
37 63 3811913.994
37 64 5797427.119
37 65 3843060.404
37 66 3202000.04
37 67 947660.2143
37 68 6098735.62
37 69 2767940.173
37 70 5250430.542
37 71 3038137.389
37 72 5222212.538
37 73 1888762.175
37 74 5363265.82
37 75 4195256.979
37 76 5191093.955
37 77 1898355.166
37 78 5729304.594
37 79 5445422.602
37 80 5658399.214
37 81 5154001.296
37 82 6701733.2
37 83 2806864.405
37 84 4451446.679
37 85 2034049.941
37 86 2137987.34
37 87 4364718.448
37 88 1674935.995
37 89 4486726.25
37 90 4981406.3
37 91 2718483.364
37 92 5751062.662
37 93 5577103.076
37 94 4594449.995
37 95 3152884.549
37 96 2226915.237
37 97 4556178.519
37 98 5036522.781
37 99 4842452.291
38 39 2284434.991
38 40 4121358.447
38 41 4590427.883
38 42 4153129.58
38 43 3793294.824
38 44 3272330.137
38 45 5361500.001
38 46 2518474.167
38 47 5274684.788
38 48 5966880.465
38 49 4538512.786
38 50 5398815.72
38 51 2083217.961
38 52 3417379.918
38 53 4948085.921
38 54 628179.9377
38 55 5253467.735
38 56 3572587.29
38 57 5094287.079
38 58 4408723.973
38 59 4523210.594
38 60 4481055.917
38 61 6155579.715
38 62 4083555.501
38 63 3572203.022
38 64 5608852.434
38 65 4094516.222
38 66 3119714.713
38 67 717367.6213
38 68 5992033.051
38 69 2712846.428
38 70 5015799.281
38 71 2879681.478
38 72 4993898.226
38 73 1666009.976
38 74 5537776.409
38 75 3981767.647
38 76 4952899.484
38 77 1835329.943
38 78 5643341.713
38 79 5279285.852
38 80 5606571.187
38 81 5270487.956
38 82 6526038.085
38 83 2583542.263
38 84 4230179.709
38 85 1784937.687
38 86 1986930.679
38 87 4115659.16
38 88 1546585.093
38 89 4284689.558
38 90 4748374.58
38 91 2552235.528
38 92 5564829.936
38 93 5627296.33
38 94 4459641.985
38 95 3140430.989
38 96 1975416.198
38 97 4694849.943
38 98 4900210.517
38 99 5074609.111
39 40 3843350.221
39 41 6538415.505
39 42 6433000.825
39 43 1939596.081
39 44 5456047.029
39 45 6554013.029
39 46 3205911.298
39 47 7532358.007
39 48 6329868.176
39 49 5354021.692
39 50 3178914.53
39 51 4201640.471
39 52 4453504.529
39 53 5761901.717
39 54 2775490.796
39 55 6875574.303
39 56 1317493.601
39 57 6188680.502
39 58 4826775.065
39 59 2238888.504
39 60 5774511.271
39 61 7617604.011
39 62 4031597.196
39 63 3537472.708
39 64 6219634.781
39 65 5758533.774
39 66 4815160.862
39 67 1660416.921
39 68 7352525.118
39 69 4571100.638
39 70 4898723.632
39 71 4115210.346
39 72 3129861.031
39 73 2629135.295
39 74 5714406.532
39 75 1977306.647
39 76 3283085.523
39 77 3760437.155
39 78 7160291.739
39 79 6169266.38
39 80 7324811.808
39 81 7535399.231
39 82 7232770.575
39 83 3165130.244
39 84 2307994.52
39 85 2099829.965
39 86 3463339.226
39 87 3589546.661
39 88 3263189.033
39 89 2154001.387
39 90 2982348.945
39 91 3786968.642
39 92 3329101.459
39 93 7757857.525
39 94 5697557.464
39 95 1912372.624
39 96 1881878.723
39 97 6977135.496
39 98 2640605.832
39 99 6103232.366
40 41 5313692.446
40 42 7083661.828
40 43 5632626.964
40 44 6849709.993
40 45 3789895.679
40 46 6431838.727
40 47 7375627.135
40 48 9860198.228
40 49 2359367.858
40 50 4633230.692
40 51 5948772.358
40 52 2310020.283
40 53 2633868.049
40 54 3950731.754
40 55 4808135.271
40 56 4560141.312
40 57 3359785.216
40 58 1463773.729
40 59 4792469.082
40 60 8602410.621
40 61 5097170.932
40 62 406367.6406
40 63 602019.7877
40 64 2743335.075
40 65 8159438.853
40 66 3646558.363
40 67 3620131.181
40 68 4702024.589
40 69 3877418.9
40 70 1056332.542
40 71 2580480.546
40 72 3218455.63
40 73 2549810.357
40 74 9324571.894
40 75 3258847.007
40 76 2749305.137
40 77 3727638.648
40 78 4824822.928
40 79 3045034.96
40 80 5363292.974
40 81 7448337.28
40 82 3731825.594
40 83 1734133.369
40 84 3110995.933
40 85 2354097.263
40 86 2940871.841
40 87 452355.7966
40 88 3311455.669
40 89 3692780.597
40 90 2890283.891
40 91 2553050.105
40 92 4836370.691
40 93 6872084.877
40 94 3258026.595
40 95 5753515.925
40 96 2270482.646
40 97 7238906.328
40 98 5398895.95
40 99 9176301.361
41 42 3216534.443
41 43 8318204.511
41 44 4121702.767
41 45 2695048.82
41 46 6608962.252
41 47 2460489.73
41 48 9581345.878
41 49 3405914.857
41 50 9106492.088
41 51 4344937.3
41 52 3003843.586
41 53 3496678.019
41 54 3964978.545
41 55 1418568.057
41 56 7837198.367
41 57 2861727.316
41 58 4198046.383
41 59 8619865.85
41 60 7204554.806
41 61 2397343.86
41 62 4949357.248
41 63 4827166.38
41 64 4189737.484
41 65 6236273.062
41 66 1824928.837
41 67 4956920.611
41 68 2555252.647
41 69 1967545.506
41 70 5374145.236
41 71 2854046.493
41 72 8080956.345
41 73 4021346.627
41 74 9385311.836
41 75 7515567.3
41 76 7756313.397
41 77 2803266.299
41 78 1929344.325
41 79 3422332.358
41 80 1354227.541
41 81 2581179.534
41 82 4455617.546
41 83 4023891.799
41 84 7589410.485
41 85 4658942.682
41 86 3133309.014
41 87 5680019.721
41 88 3275432.239
41 89 7944800.876
41 90 7749395.865
41 91 3052710.785
41 92 9306231.241
41 93 1567587.567
41 94 2387163.988
41 95 7730538.326
41 96 4993906.778
41 97 2814358.278
41 98 9120972.596
41 99 8044516.243
42 43 7704066.996
42 44 1436126.162
42 45 5740771.779
42 46 4927770.872
42 47 1659361.8
42 48 7094040.528
42 49 5968187.114
42 50 9539493.695
42 51 2490164.561
42 52 5079044.164
42 53 6211766.923
42 54 3759811.805
42 55 4624549.582
42 56 7696150.345
42 57 5783256.24
42 58 6482180.827
42 59 8668390.82
42 60 4478185.536
42 61 5613390.216
42 62 6832883.942
42 63 6489451.296
42 64 6980240.299
42 65 3407681.997
42 66 3704048.411
42 67 4832541.511
42 68 5758098.414
42 69 3293694.038
42 70 7557431.167
42 71 4599099.169
42 72 8975644.236
42 73 4802271.491
42 74 7084115.787
42 75 8066699.835
42 76 8827572.892
42 77 3383679.396
42 78 5140893.789
42 79 6283697.593
42 80 4539751.34
42 81 1566759.601
42 82 7475663.091
42 83 5384021.264
42 84 8274013.827
42 85 5356473.252
42 86 4159763.248
42 87 7302782.567
42 88 3878994.19
42 89 8404639.838
42 90 8690644.535
42 91 4545234.349
42 92 9710236.007
42 93 2870812.792
42 94 5150013.472
42 95 6824526.813
42 96 5681273.929
42 97 794128.571
42 98 9014176.778
42 99 5331956.415
43 44 6504648.577
43 45 8491771.177
43 46 3330520.494
43 47 9007799.008
43 48 5524263.194
43 49 7288799.011
43 50 3114935.481
43 51 5258548.651
43 52 6390608.046
43 53 7694439.443
43 54 4390873.432
43 55 8764823.692
43 56 1194325.1
43 57 8128133.606
43 58 6729164.038
43 59 1837766.271
43 60 5832920.541
43 61 9537504.49
43 62 5870515.256
43 63 5403277.064
43 64 8128753.359
43 65 6167109.176
43 66 6666952.411
43 67 3362796.988
43 68 9282313.654
43 69 6368370.871
43 70 6683287.287
43 71 6035212.097
43 72 3916629.584
43 73 4537596.661
43 74 4824163.261
43 75 2871037.345
43 76 4291321.826
43 77 5514955.393
43 78 9070472.979
43 79 8104361.259
43 80 9193481.954
43 81 8989086.153
43 82 9145593.818
43 83 5104413.144
43 84 3219796.486
43 85 4036221.533
43 86 5332218.566
43 87 5315367.829
43 88 5067934.756
43 89 2707940.919
43 90 3934989.985
43 91 5701529.307
43 92 3155638.122
43 93 9420160.039
43 94 7630475.012
43 95 1033904.83
43 96 3819975.861
43 97 8349439.036
43 98 1728010.443
43 99 5887473.891
44 45 6314120.094
44 46 3544245.221
44 47 3079768.465
44 48 5705960.602
44 49 6216841.713
44 50 8628000.71
44 51 1265622.758
44 52 5176413.157
44 53 6530455.444
44 54 3065274.76
44 55 5432361.82
44 56 6645485.444
44 57 6261117.772
44 58 6544238.736
44 59 7648222.69
44 60 3150205.832
44 61 6459423.583
44 62 6670291.56
44 63 6248498.49
44 64 7303400.58
44 65 2127950.868
44 66 3977400.546
44 67 3989115.059
44 68 6520756.144
44 69 3466140.472
44 70 7499611.744
44 71 4619365.89
44 72 8259820.913
44 73 4358672.089
44 74 5663307.193
44 75 7251878.985
44 76 8190094.749
44 77 3180078.474
44 78 5947256.024
44 79 6690818.303
44 80 5474549.414
44 81 2995943.665
44 82 7954963.02
44 83 5116617.445
44 84 7502318.535
44 85 4800213.031
44 86 3946646.269
44 87 6985775.342
44 88 3539165.835
44 89 7540990.449
44 90 8004775.509
44 91 4462770.133
44 92 8783520.908
44 93 4166721.158
44 94 5579496.372
44 95 5569542.796
44 96 5084374.883
44 97 2226412.761
44 98 7932909.452
44 99 4006015.411
45 46 7820363.826
45 47 5154092.893
45 48 11157705.03
45 49 1431454.434
45 50 8310182.285
45 51 6086078.728
45 52 2101377.441
45 53 1206416.821
45 54 4800595.601
45 55 1435450.13
45 56 7677804.417
45 57 430114.3854
45 58 2340235.291
45 59 8205003.21
45 60 9110122.994
45 61 1317718.065
45 62 3384318.644
45 63 3555323.014
45 64 1643886.027
45 65 8284512.642
45 66 2446492.296
45 67 5369110.034
45 68 912139.1674
45 69 2979505.98
45 70 3368385.478
45 71 2520878.247
45 72 6981957.597
45 73 4000510.376
45 74 10815775.68
45 75 6798377.389
45 76 6533579.452
45 77 3689746.353
45 78 1174254.367
45 79 897913.7729
45 80 1924346.002
45 81 5276004.617
45 82 1762551.301
45 83 3404873.475
45 84 6741769.793
45 85 4455589.119
45 86 3380057.575
45 87 4237653.577
45 88 3820021.391
45 89 7251842.573
45 90 6647116.472
45 91 2863580.823
45 92 8516568.17
45 93 4075497.86
45 94 902417.5433
45 95 8209858.007
45 96 4686812.854
45 97 5464430.456
45 98 8786406.669
45 99 9890103.828
46 47 6472425.986
46 48 3463765.083
46 49 7056437.616
46 50 6114757.722
46 51 2488761.298
46 52 5931508.336
46 53 7464977.701
46 54 3024773.295
46 55 7530699.448
46 56 3921669.545
46 57 7579248.806
46 58 6901473.974
46 59 4909432.009
46 60 2605192.161
46 61 8496369.263
46 62 6465943.511
46 63 5939657.597
46 64 8126356.18
46 65 2836774.857
46 66 5462063.348
46 67 2827573.292
46 68 8382801.506
46 69 4979296.225
46 70 7404777.291
46 71 5382749.362
46 72 6329072.774
46 73 4152088.249
46 74 3019914.335
46 75 5166628.311
46 76 6485039.432
46 77 4156564.729
46 78 7969429.619
46 79 7789941.936
46 80 7801227.47
46 81 6415596.232
46 82 9043065.841
46 83 5055147.264
46 84 5507719.692
46 85 4101980.062
46 86 4482079.39
46 87 6329555.231
46 88 4012197.855
46 89 5273160.903
46 90 6188215.225
46 91 5062498.4
46 92 6216243.045
46 93 7265244.099
46 94 6924829.645
46 95 2299786.459
46 96 4163061.878
46 97 5679860.396
46 98 4997303.633
46 99 2900821.458
47 48 8752803.309
47 49 5771214.997
47 50 10496222.08
47 51 3986300.5
47 52 5136028.933
47 53 5913051.249
47 54 4758555.812
47 55 3812685.123
47 56 8839303.247
47 57 5316187.341
47 58 6471614.161
47 59 9760060.255
47 60 6128551.39
47 61 4670055.384
47 62 7058081.702
47 63 6820388.977
47 64 6631235.392
47 65 5052449.672
47 66 3736700.558
47 67 5875036.633
47 68 4919448.022
47 69 3525895.595
47 70 7628773.427
47 71 4795257.808
47 72 9729026.069
47 73 5466482.608
47 74 8740034.289
47 75 8950057.999
47 76 9498978.851
47 77 3992178.412
47 78 4285428.022
47 79 5871427.768
47 80 3548838.581
47 81 141079.2287
47 82 6912052.376
47 83 5817964.654
47 84 9105655.171
47 85 6089842.602
47 86 4660286.913
47 87 7676312.761
47 88 4542242.029
47 89 9332005.465
47 90 9418457.525
47 91 4861053.006
47 92 10680948.27
47 93 1420293.205
47 94 4797283.03
47 95 8202081.282
47 96 6434682.627
47 97 870038.1039
47 98 10167693.72
47 99 6979511.685
48 49 10489767.5
48 50 8639130.889
48 51 5240174.171
48 52 9355940.456
48 53 10892945.45
48 54 6425346.262
48 55 10690041.66
48 56 6562902.568
48 57 10950834.3
48 58 10364127.94
48 59 7361430.861
48 60 2666814.017
48 61 11697147.01
48 62 9914897.191
48 63 9387325.533
48 64 11572023.31
48 65 3742919.76
48 66 8735492.431
48 67 6283862.207
48 68 11637877.97
48 69 8219488.707
48 70 10852173.66
48 71 8792761.871
48 72 9270956.073
48 73 7614023.435
48 74 718778.4906
48 75 8121787.768
48 76 9537862.773
48 77 7468421.297
48 78 11165256.37
48 79 11200895.79
48 80 10876396.08
48 81 8654905.093
48 82 12468972.37
48 83 8518850.294
48 84 8482707.781
48 85 7554008.903
48 86 7891704.913
48 87 9725416.232
48 88 7407621.211
48 89 8095794.924
48 90 9204797.018
48 91 8484148.29
48 92 8676713.878
48 93 9866021.915
48 94 10277987.06
48 95 4687468.074
48 96 7591119.536
48 97 7883897.386
48 98 7190463.312
48 99 1880413.63
49 50 6898910.243
49 51 5707788.858
49 52 1139245.63
49 53 417886.1987
49 54 4068360.649
49 55 2558334.753
49 56 6395393.289
49 57 1001522.56
49 58 925768.4122
49 59 6854379.702
49 60 8690719.029
49 61 2738721.426
49 62 1953427.548
49 63 2141837.096
49 64 1111578.047
49 65 7989558.198
49 66 2277786.854
49 67 4384502.753
49 68 2343444.89
49 69 2757285.539
49 70 2045314.33
49 71 1719616.658
49 72 5552899.016
49 73 2973555.785
49 74 10076170.29
49 75 5410068.067
49 76 5102168.998
49 77 3176079.123
49 78 2494528.73
49 79 815596.4357
49 80 3112089.748
49 81 5873165.086
49 82 1988955.079
49 83 2202531.096
49 84 5335308.11
49 85 3299124.879
49 86 2607434.76
49 87 2806363.58
49 88 3099388.081
49 89 5862206.086
49 90 5218780.983
49 91 2008611.187
49 92 7104961.015
49 93 4951087.93
49 94 1042137.979
49 95 7117765.3
49 96 3473143.103
49 97 5878906.54
49 98 7445514.452
49 99 9410439.816
50 51 7378457.768
50 52 6411089.34
50 53 7226399.911
50 54 5793096.828
50 55 9064437.754
50 56 2195880.619
50 57 7887183.933
50 58 6070000.656
50 59 1278177.445
50 60 8716109.52
50 61 9567207.601
50 62 5011678.071
50 63 4757699.325
50 64 7372793.567
50 65 8848667.081
50 66 7283624.352
50 67 4707180.442
50 68 9209594.692
50 69 7205082.67
50 70 5484223.152
50 71 6322367.912
50 72 1536468.71
50 73 5117634.14
50 74 7938585.559
50 75 1591051.286
50 76 2076871.725
50 77 6537712.93
50 78 9209746.763
50 79 7647917.494
50 80 9587149.458
50 81 10517052.49
50 82 8343858.523
50 83 5146428.388
50 84 1571518.278
50 85 4473262.671
50 86 5998727.981
50 87 4188842.131
50 88 5989616.697
50 89 1170201.095
50 90 1805329.407
50 91 6072107.111
50 92 206524.866
50 93 10503693.81
50 94 7616847.656
50 95 4020440.44
50 96 4129260.293
50 97 10024637.91
50 98 1566562.484
50 99 8889666.679
51 52 4592950.413
51 53 6068159.013
51 54 2014106.268
51 55 5469545.834
51 56 5380265.054
51 57 5948781.367
51 58 5870962.689
51 59 6384230.255
51 60 3024874.767
51 61 6488025.272
51 62 5824018.134
51 63 5358649.069
51 64 6818769.292
51 65 2289373.27
51 66 3642163.293
51 67 2796638.059
51 68 6463893.614
51 69 3107448.421
51 70 6708371.804
51 71 4008671.201
51 72 7071724.648
51 73 3401180.734
51 74 5047557.065
51 75 6033155.636
51 76 7035738.095
51 77 2532521.781
51 78 5957398.681
51 79 6298836.024
51 80 5637111.499
51 81 3933238.663
51 82 7587519.424
51 83 4249491.816
51 84 6297331.242
51 85 3746239.427
51 86 3198626.658
51 87 6026268.63
51 88 2726766.791
51 89 6305970.963
51 90 6830551.932
51 91 3779047.434
51 92 7530722.585
51 93 4811281.929
51 94 5257051.152
51 95 4347294.504
51 96 3996491.272
51 97 3211143.311
51 98 6667665.619
51 99 3810150.928
52 53 1537033.187
52 54 2931746.384
52 55 2656705.001
52 56 5597431.211
52 57 1752503.174
52 58 1403502.65
52 59 6177751.061
52 60 7560041.021
52 61 3216136.156
52 62 1952286.579
52 63 1839021.848
52 64 2244508.807
52 65 6880362.211
52 66 1414443.265
52 67 3318693.043
52 68 2914445.667
52 69 1787603.878
52 70 2508485.104
52 71 585710.1921
52 72 5217266.815
52 73 1920530.022
52 74 8951205.8
52 75 4847764.068
52 76 4839733.635
52 77 2062473.785
52 78 2813076.823
52 79 1863535.818
52 80 3190101.391
52 81 5219859.51
52 82 3113705.584
52 83 1326004.957
52 84 4844197.23
52 85 2354390.661
52 86 1468538.832
52 87 2681598.566
52 88 1960153.57
52 89 5298881.857
52 90 4879662.429
52 91 871799.979
52 92 6616871.622
52 93 4562685.866
52 94 1256729.566
52 95 6124555.944
52 96 2593724.57
52 97 5101692.929
52 98 6745337.528
52 99 8273765.711
53 54 4468639.005
53 55 2497129.173
53 56 6787300.124
53 57 795916.592
53 58 1170094.421
53 59 7223355.727
53 60 9063835.991
53 61 2521343.449
53 62 2234271.905
53 63 2483264.657
53 64 775193.7044
53 65 8342962.714
53 66 2561332.043
53 67 4801882.882
53 68 2102904.812
53 69 3064334.862
53 70 2162904.465
53 71 2108109.366
53 72 5849268.489
53 73 3390926.717
53 74 10484890.97
53 75 5760473.66
53 76 5382744.274
53 77 3542165.717
53 78 2350164.648
53 79 425361.9252
53 80 3036043.468
53 81 6021256.956
53 82 1578088.241
53 83 2616874.273
53 84 5670536.204
53 85 3714127.199
53 86 3004044.72
53 87 3085888.355
53 88 3493601.442
53 89 6210816.535
53 90 5518365.789
53 91 2408831.421
53 92 7431807.429
53 93 5008069.246
53 94 1115897.407
53 95 7533359.988
53 96 3882560.352
53 97 6076262.895
53 98 7817891.76
53 99 9792429.533
54 55 4635490.001
54 56 4087629.648
54 57 4554479.156
54 58 4039307.779
54 59 5001959.621
54 60 4734017.107
54 61 5550262.729
54 62 3853315.199
54 63 3369215.445
54 64 5161167.465
54 65 4212893.295
54 66 2507136.669
54 67 1116491.759
54 68 5400149.203
54 69 2087291.992
54 70 4762601.939
54 71 2368023.681
54 72 5241270.051
54 73 1402481.399
54 74 6036363.908
54 75 4306916.195
54 76 5138107.739
54 77 1211167.98
54 78 5034116.608
54 79 4777254.343
54 80 4981255.025
54 81 4764644.508
54 82 6043766.581
54 83 2290986.173
54 84 4519473.051
54 85 1743821.198
54 86 1466464.483
54 87 4013383.858
54 88 987881.9962
54 89 4648740.558
54 90 4970298.989
54 91 2060175.119
54 92 5968990.257
54 93 5034555.904
54 94 3902463.681
54 95 3765715.326
54 96 2019221.697
54 97 4234745.169
54 98 5414683.271
54 99 5393966.358
55 56 8109296.42
55 57 1732435.923
55 58 3467241.032
55 59 8771886.834
55 60 8431782.676
55 61 1029409.172
55 62 4408824.797
55 63 4438166.498
55 64 3062571.536
55 65 7511528.007
55 66 2137302.664
55 67 5451222.774
55 68 1136781.247
55 69 2562831.825
55 70 4602743.181
55 71 2797859.597
55 72 7863775.445
55 73 4247468.794
55 74 10431178.37
55 75 7493546.736
55 76 7467233.958
55 77 3426609.177
55 78 518972.2692
55 79 2292487.033
55 80 556949.2684
55 81 3941985.607
55 82 3136712.099
55 83 3934010.452
55 84 7499652.783
55 85 4823596.203
55 86 3434170.057
55 87 5229584.219
55 88 3751160.542
55 89 7942376.648
55 90 7525707.822
55 91 3104070.927
55 92 9269877.945
55 93 2653092.115
55 94 1554570.278
55 95 8319925.561
55 96 5119102.591
55 97 4229785.841
55 98 9320429.874
55 99 9253480.18
56 57 7291236.608
56 58 5755452.539
56 59 1016855.876
56 60 6520876.952
56 61 8802265.724
56 62 4831986.706
56 63 4397905.66
56 64 7155938.897
56 65 6682672.336
56 66 6088713.453
56 67 2975362.118
56 68 8511875.117
56 69 5870083.485
56 70 5596377.556
56 71 5320320.66
56 72 2750431.411
56 73 3872218.022
56 74 5882767.719
56 75 1677465.96
56 76 3103195.923
56 77 5072126.103
56 78 8364990.647
56 79 7206890.075
56 80 8576495.633
56 81 8839273.014
56 82 8174422.509
56 83 4275628.28
56 84 2028753.029
56 85 3287129.039
56 86 4734729.818
56 87 4212142.861
56 88 4566005.445
56 89 1547418.471
56 90 2748488.095
56 91 5005593.773
56 92 2294802.639
56 93 9074135.222
56 94 6853701.726
56 95 1879200.592
56 96 3008898.589
56 97 8265479.571
56 98 1328450.952
56 99 6701835.692
57 58 1911490.372
57 59 7799610.687
57 60 8972124.595
57 61 1744176.301
57 62 2954206.556
57 63 3130493.322
57 64 1344752.169
57 65 8180892.456
57 66 2315655.135
57 67 5058210.002
57 68 1342253.32
57 69 2849827.981
57 70 2956866.799
57 71 2222240.267
57 72 6553164.921
57 73 3670427.32
57 74 10587541.03
57 75 6381781.895
57 76 6103690.496
57 77 3491421.207
57 78 1554685.288
57 79 568786.2322
57 80 2257817.875
57 81 5432396.938
57 82 1701566.949
57 83 3027918.362
57 84 6319969.763
57 85 4095726.139
57 86 3107405.712
57 87 3807573.843
57 88 3567285.95
57 89 6835009.601
57 90 6218579.623
57 91 2560753.025
57 92 8093488.76
57 93 4315921.401
57 94 692234.6781
57 95 7876957.394
57 96 4313408.066
57 97 5563688.845
57 98 8384020.508
57 99 9736159.192
58 59 6122609.542
58 60 8764288.955
58 61 3655382.23
58 62 1065292.974
58 63 1369284.642
58 64 1401836.324
58 65 8157262.378
58 66 2799768.423
58 67 4113543.169
58 68 3250607.535
58 69 3191022.358
58 70 1176203.489
58 71 1927145.734
58 72 4680090.967
58 73 2750263.882
58 74 9899625.454
58 75 4630954.159
58 76 4212780.248
58 77 3380937.237
58 78 3420179.137
58 79 1583373.505
58 80 4023350.738
58 81 6563398.615
58 82 2420553.609
58 83 1851435.929
58 84 4522859.284
58 85 2900674.573
58 86 2672593.652
58 87 1915825.632
58 88 3152708.942
58 89 5077593.16
58 90 4349955.928
58 91 2099070.05
58 92 6274774.737
58 93 5762191.07
58 94 1922013.547
58 95 6673036.309
58 96 2992212.286
58 97 6487010.214
58 98 6723210.795
58 99 9432935.763
59 60 7497353.319
59 61 9392446.962
59 62 5119919.802
59 63 4755147.392
59 64 7499617.149
59 65 7690696.517
59 66 6830608.96
59 67 3885890.079
59 68 9072590.32
59 69 6664321.293
59 70 5769881.961
59 71 5975519.471
59 72 2285985.399
59 73 4604051.085
59 74 6661926.677
59 75 1553885.953
59 76 2756660.353
59 77 5908571.805
59 78 8984866.79
59 79 7648416.786
59 80 9263854.021
59 81 9766475.173
59 82 8507458.361
59 83 4856184.371
59 84 1800692.818
59 85 3979098.638
59 86 5488760.671
59 87 4389250.843
59 88 5380940.264
59 89 1179465.653
59 90 2406285.57
59 91 5682925.365
59 92 1333963.778
59 93 9920086.934
59 94 7427910.729
59 95 2753693.704
59 96 3662355.879
59 97 9215634.043
59 98 606796.6396
59 99 7637700.997
60 61 9459025.118
60 62 8554603.658
60 63 8049384.938
60 64 9801677.991
60 65 1081763.1
60 66 6667018.806
60 67 5036354.668
60 68 9462037.995
60 69 6132211.688
60 70 9479301.606
60 71 6974710.568
60 72 8904286.771
60 73 6105701.112
60 74 2824028.186
60 75 7748839.831
60 76 9027008.146
60 77 5522544.49
60 78 8932540.453
60 79 9310820.972
60 80 8542134.776
60 81 6024468.914
60 82 10599952.28
60 83 7015742.734
60 84 8082484.009
60 85 6258540.817
60 86 6116097.984
60 87 8583323.589
60 88 5624691.28
60 89 7872986.237
60 90 8745223.21
60 91 6714347.597
60 92 8813323.253
60 93 7306946.074
60 94 8280792.547
60 95 4805228.621
60 96 6409325.647
60 97 5258649.383
60 98 7543028.341
60 99 856792.1204
61 62 4690903.261
61 63 4830654.294
61 64 2850666.11
61 65 8540933.81
61 66 3046052.373
61 67 6286835.247
61 68 438207.1651
61 69 3517229.552
61 70 4678622.104
61 71 3503124.341
61 72 8271390.521
61 73 5000237.185
61 74 11423571.61
61 75 8031242.477
61 76 7833260.111
61 77 4355533.064
61 78 531890.7731
61 79 2177913.574
61 80 1121237.687
61 81 4805655.61
61 82 2591201.607
61 83 4541544.998
61 84 7995831.337
61 85 5527033.139
61 86 4253493.274
61 87 5542152.602
61 88 4622552.032
61 89 8484571.301
61 90 7935040.103
61 91 3836059.867
61 92 9773727.233
61 93 3380051.027
61 94 1965243.35
61 95 9160367.402
61 96 5793372.927
61 97 5169754.6
61 98 9961459.088
61 99 10278603.9
62 63 527923.924
62 64 2384941.391
62 65 8064825.57
62 66 3321760.325
62 67 3639063.101
62 68 4296456.658
62 69 3587499.784
62 70 939092.2012
62 71 2274270.752
62 72 3615046.729
62 73 2455241.714
62 74 9399716.721
62 75 3602553.686
62 76 3152059.181
62 77 3512872.861
62 78 4419569.393
62 79 2648629.907
62 80 4964618.73
62 81 7135016.416
62 82 3387842.39
62 83 1574601.771
62 84 3474573.297
62 85 2364007.705
62 86 2730071.176
62 87 854012.0799
62 88 3136612.281
62 89 4043422.056
62 90 3284668.499
62 91 2287680.288
62 92 5215838.122
62 93 6512315.871
62 94 2856790.9
62 95 5929325.367
62 96 2339790.493
62 97 6954146.733
62 98 5724727.784
62 99 9156942.546
63 64 2761880.52
63 65 7581680.709
63 66 3108541.012
63 67 3113550.394
63 68 4459742.617
63 69 3306713.598
63 70 1465305.84
63 71 2031807.413
63 72 3444940.813
63 73 1966761.868
63 74 8871867.816
63 75 3277350.614
63 76 3030106.206
63 77 3127388.267
63 78 4509968.726
63 79 2908161.745
63 80 4986425.883
63 81 6889196.675
63 82 3778989.863
63 83 1132289.828
63 84 3193533.017
63 85 1838277.497
63 86 2340812.606
63 87 860397.9022
63 88 2709827.561
63 89 3727554.101
63 90 3107552.911
63 91 1973473.723
63 92 4963871.11
63 93 6372673.101
63 94 2915992.496
63 95 5425159.79
63 96 1813386.981
63 97 6659441.327
63 98 5354805.72
63 99 8642075.018
64 65 9099172.293
64 66 3336430.866
64 67 5402406.847
64 68 2412496.369
64 69 3837387.827
64 70 1991901.394
64 71 2828245.363
64 72 5925491.244
64 73 4000054.683
64 74 11143187.83
64 75 5987491.297
64 76 5426057.502
64 77 4287479.37
64 78 2811631.959
64 79 775981.1519
64 80 3567185.88
64 81 6743438.243
64 82 1018773.837
64 83 3157340.779
64 84 5853348.12
64 85 4243977.68
64 86 3707964.753
64 87 3184093.897
64 88 4201350.893
64 89 6427868.728
64 90 5606928.1
64 91 3106888.15
64 92 7574908.603
64 93 5660361.848
64 94 1850223.555
64 95 8047793.06
64 96 4366830.69
64 97 6827020.287
64 98 8102948.755
64 99 10518269.72
65 66 5865261.33
65 67 4737064.1
65 68 8572867.84
65 69 5331709.865
65 70 8966063.309
65 71 6296811.509
65 72 8849075.701
65 73 5615013.656
65 74 3850308.351
65 75 7724484.216
65 76 8907411.563
65 77 4818275.301
65 78 8020602.302
65 79 8557858.589
65 80 7585044.781
65 81 4946634.068
65 82 9843399.735
65 83 6495991.156
65 84 8035882.257
65 85 5869221.449
65 86 5484763.026
65 87 8194228.514
65 88 5007335.55
65 89 7907702.242
65 90 8654635.893
65 91 6067998.75
65 92 8967236.059
65 93 6253399.261
65 94 7489177.162
65 95 5136443.063
65 96 6069478.493
65 97 4183101.904
65 98 7819399.198
65 99 1927255.963
66 67 3326453.339
66 68 2921673.076
66 69 535268.4605
66 70 3922862.626
66 71 1078640.757
66 72 6265766.198
66 73 2227811.557
66 74 8421461.426
66 75 5692573.732
66 76 5956562.447
66 77 1310093.193
66 78 2527309.265
66 79 2715231.802
66 80 2528855.124
66 81 3815632.473
66 82 3989088.399
66 83 2212760.382
66 84 5764537.567
66 85 2854122.149
66 86 1354127.188
66 87 3968865.269
66 88 1617513.499
66 89 6124002.241
66 90 5936224.159
66 91 1232767.864
66 92 7483939.355
66 93 3301490.96
66 94 1623964.805
66 95 6187479.593
66 96 3182602.949
66 97 3689264.68
66 98 7348188.992
66 99 7443706.98
67 68 6077409.835
67 69 3006179.329
67 70 4578099.73
67 71 2848294.411
67 72 4277073.694
67 73 1410957.753
67 74 5793137.666
67 75 3268278.207
67 76 4244255.229
67 77 2154187.564
67 78 5795019.227
67 79 5167079.368
67 80 5854584.379
67 81 5880597.345
67 82 6364917.178
67 83 2263159.376
67 84 3513203.536
67 85 1275272.906
67 86 2033350.103
67 87 3557771.832
67 88 1712824.086
67 89 3580604.835
67 90 4033968.078
67 91 2505529.214
67 92 4877826.812
67 93 6115178.574
67 94 4472291.627
67 95 2874210.57
67 96 1375815.741
67 97 5339964.302
67 98 4300828.892
67 99 5567051.628
68 69 3422172.018
68 70 4253033.66
68 71 3253761.363
68 72 7891846.464
68 73 4754338.696
68 74 11339564.05
68 75 7687020.936
68 76 7445357.679
68 77 4226838.815
68 78 634823.394
68 79 1747356.493
68 80 1404588.544
68 81 5051779.4
68 82 2185178.143
68 83 4238330.192
68 84 7639537.246
68 85 5254329.276
68 86 4050430.26
68 87 5149749.209
68 88 4447825.256
68 89 8140634.535
68 90 7556586.502
68 91 3593377.334
68 92 9416080.024
68 93 3682868.982
68 94 1658616.537
68 95 8943978.496
68 96 5506607.062
68 97 5364259.934
68 98 9648024.502
68 99 10269708.69
69 70 4268545.907
69 71 1318448.461
69 72 6281576.415
69 73 2088781.23
69 74 7918135.766
69 75 5619604.021
69 76 6012143.516
69 77 877900.9679
69 78 2990224.12
69 79 3238436.028
69 80 2893978.614
69 81 3588577.165
69 82 4517352.896
69 83 2295018.75
69 84 5724328.67
69 85 2733000.216
69 86 1207626.826
69 87 4157254.432
69 88 1308944.095
69 89 6036642.461
69 90 5959917.736
69 91 1337004.795
69 92 7401257.525
69 93 3299811.314
69 94 2157774.049
69 95 5828279.603
69 96 3075901.682
69 97 3366647.357
69 98 7157719.577
69 99 6910833.577
70 71 2958614.44
70 72 3992556.34
70 73 3373931.085
70 74 10332970.33
70 75 4219431.388
70 76 3475578.665
70 77 4321151.77
70 78 4506388.465
70 79 2508464.544
70 80 5155105.365
70 81 7717185.707
70 82 2888608.579
70 83 2471895.251
70 84 4029107.463
70 85 3302962.345
70 86 3555740.264
70 87 1389698.718
70 88 3994101.423
70 89 4634940.456
70 90 3688068.587
70 91 3049389.469
70 92 5681283.149
70 93 6938376.856
70 94 3077402.736
70 95 6807806.73
70 96 3269498.129
70 97 7609243.904
70 98 6376257.903
70 99 10090330.64
71 72 5232580.905
71 73 1500838.646
71 74 8400151.982
71 75 4736717.982
71 76 4902300.534
71 77 1480713.245
71 78 3047866.958
71 79 2409411.008
71 80 3290581.835
71 81 4868010.501
71 82 3678266.104
71 83 1182347.539
71 84 4776718.026
71 85 2033729.134
71 86 901894.538
71 87 2891714.597
71 88 1386680.685
71 89 5179434.46
71 90 4899397.571
71 91 342976.6261
71 92 6525762.212
71 93 4368661.811
71 94 1624993.307
71 95 5698141.201
71 96 2321727.661
71 97 4682674.078
71 98 6522576.307
71 99 7690869.341
72 73 4262855.402
72 74 8605551.95
72 75 1166680.724
72 76 540420.4806
72 77 5739776.081
72 78 7954235.37
72 79 6262942.36
72 80 8404630.243
72 81 9768060.051
72 82 6873388.435
72 83 4057064.595
72 84 821938.2499
72 85 3649369.995
72 86 5088743.78
72 87 2766242.214
72 88 5192709.799
72 89 1208717.141
72 90 338119.0182
72 91 5032999.086
72 92 1719186.984
72 93 9556994.876
72 94 6358678.974
72 95 4591152.611
72 96 3310410.384
72 97 9362138.689
72 98 2812518.871
72 99 9217143.763
73 74 7157005.476
73 75 3535145.126
73 76 4054050.514
73 77 1477995.057
73 78 4534454.006
73 79 3758090.191
73 80 4705254.364
73 81 5505293.201
73 82 4955273.154
73 83 918204.4001
73 84 3656126.796
73 85 644432.9427
73 86 888537.8005
73 87 2635144.434
73 88 936440.9239
73 89 3948524.089
73 90 3954856.554
73 91 1164240.946
73 92 5313134.143
73 93 5386080.771
73 94 3115988.147
73 95 4209608.334
73 96 989098.8049
73 97 5120436.963
73 98 5120848.511
73 99 6729759.445
74 75 7463809.113
74 76 8887286.581
74 77 7131597.397
74 78 10892581.5
74 79 10808523.69
74 80 10650452.76
74 81 8650855.582
74 82 12062978.89
74 83 8048635.455
74 84 7825413.459
74 85 7050468.621
74 86 7498689.312
74 87 9168760.097
74 88 7024117.519
74 89 7422092.523
74 90 8550011.302
74 91 8081700.593
74 92 7972436.415
74 93 9781733.872
74 94 9925615.791
74 95 4014956.543
74 96 7063886.218
74 97 7878221.581
74 98 6479554.764
74 99 2168375.558
75 76 1435539.148
75 77 4972471.316
75 78 7656674.405
75 79 6185477.142
75 80 8010766.364
75 81 8976425.669
75 82 6987176.047
75 83 3565287.494
75 84 361810.261
75 85 2891763.83
75 86 4412315.473
75 87 2844732.736
75 88 4422147.961
75 89 453614.4228
75 90 1088550.819
75 91 4482262.656
75 92 1791953.868
75 93 8919274.071
75 94 6071071.058
75 95 3456545.754
75 96 2546059.409
75 97 8512621.664
75 98 2158671.988
75 99 8051608.943
76 77 5528940.734
76 78 7534133.139
76 79 5791405.956
76 80 8013702.338
76 81 9544863.514
76 82 6361881.163
76 83 3744801.991
76 84 1076495.557
76 85 3471674.138
76 86 4839875.091
76 87 2298161.832
76 88 4990444.88
76 89 1614437.746
76 90 358246.0147
76 91 4727996.097
76 92 2259095.798
76 93 9257396.218
76 94 5943946.56
76 95 4887727.514
76 96 3147607.181
76 97 9174235.938
76 98 3307491.276
76 99 9384804.966
77 78 3834715.134
77 79 3793066.971
77 80 3771245.736
77 81 4028582.694
77 82 5081232.611
77 83 2006523.359
77 84 5116165.484
77 85 2097871.697
77 86 786788.6812
77 87 3923552.233
77 88 551089.2924
77 89 5368283.715
77 90 5432794.846
77 91 1285757.68
77 92 6727982.365
77 93 4011705.418
77 94 2811659.186
77 95 4953295.029
77 96 2443231.019
77 97 3650960.248
77 98 6377870.216
77 99 6262043.985
78 79 2071795.98
78 80 800610.2198
78 81 4417456.893
78 82 2745584.888
78 83 4128803.006
78 84 7639062.538
78 85 5080650.613
78 86 3763196.494
78 87 5260957.477
78 88 4117260.996
78 89 8108755.751
78 90 7616515.791
78 91 3373328.811
78 92 9416027.607
78 93 3065054.498
78 94 1597015.853
78 95 8669178.177
78 96 5358759.55
78 97 4732941.578
78 98 9546015.443
78 99 9750309.472
79 80 2806824.877
79 81 5985802.535
79 82 1289156.626
79 83 3014053.553
79 84 6093765.086
79 85 4108821.745
79 86 3311300.084
79 87 3497388.725
79 88 3793274.983
79 89 6635647.835
79 90 5933223.332
79 91 2727856.182
79 92 7853154.793
79 93 4884615.938
79 94 1134268.001
79 95 7924993.6
79 96 4288048.259
79 97 6094872.739
79 98 8242646.854
79 99 10055029.21
80 81 3684424.065
80 82 3546139.349
80 83 4446152.219
80 84 8025943.42
80 85 5298662.318
80 86 3865056.748
80 87 5783060.631
80 88 4143096.383
80 89 8457719.601
80 90 8066707.795
80 91 3582445.419
80 92 9792113.937
80 93 2278846.174
80 94 2111416.755
80 95 8708678.356
80 96 5603584.226
80 97 4062453.023
80 98 9804675.644
80 99 9377148.085
81 82 7035318.229
81 83 5876503.08
81 84 9136993.342
81 85 6124634.986
81 86 4709257.792
81 87 7743506.794
81 88 4577293.691
81 89 9354613.998
81 90 9459407.837
81 91 4925247.473
81 92 10700546.04
81 93 1560970.981
81 94 4905930.592
81 95 8172979.598
81 96 6468605.339
81 97 772778.7032
81 98 10167705.03
81 99 6873887.285
82 83 4142850.996
82 84 6841440.218
82 85 5236716.54
82 86 4577805.879
82 87 4163412.441
82 88 5064940.821
82 89 7424011.992
82 90 6561997.345
82 91 3985237.686
82 92 8544157.314
82 93 5787996.799
82 94 2375525.664
82 95 9049781.3
82 96 5372715.884
82 97 7223747.224
82 98 9111832.382
82 99 11342725.02
83 84 3595773.063
83 85 1097590.506
83 86 1224310.538
83 87 1918766.398
83 88 1577633.672
83 89 4011590.076
83 90 3725789.871
83 91 983426.3809
83 92 5350554.003
83 93 5512679.669
83 94 2582226.952
83 95 4917110.8
83 96 1285807.408
83 97 5594521.387
83 98 5420606.582
83 99 7646893.322
84 85 3020068.487
84 86 4517931.897
84 87 2679393.985
84 88 4565156.459
84 89 622879.5285
84 90 727087.3222
84 91 4540805.025
84 92 1778008.489
84 93 9021584.699
84 94 6045582.499
84 95 3818322.21
84 96 2673692.112
84 97 8695778.241
84 98 2392844.841
84 99 8397464.347
85 86 1529941.083
85 87 2330742.671
85 88 1547633.104
85 89 3304092.227
85 90 3349542.211
85 91 1719575.389
85 92 4668701.208
85 93 6030490.901
85 94 3598172.514
85 95 3819524.688
85 96 346728.5469
85 97 5714431.978
85 98 4508001.54
85 99 6822302.311
86 87 3143065.804
86 88 493817.688
86 89 4831025.527
86 90 4771102.054
86 91 601431.5915
86 92 6195486.461
86 93 4507399.778
86 94 2477644.041
86 95 4907220.499
86 96 1870499.001
86 97 4387259.416
86 98 5998853.65
86 99 6814996.069
87 88 3468437.467
87 89 3271033.926
87 90 2438596.998
87 91 2820767.603
87 92 4391265.413
87 93 7229539.81
87 94 3685002.246
87 95 5500815.724
87 96 2182914.888
87 97 7498829.23
87 98 4996031.873
87 99 9124128.314
88 89 4819825.631
88 90 4887732.449
88 91 1095226.17
88 92 6180645.875
88 93 4542285.417
88 94 2919719.693
88 95 4570096.549
88 96 1892555.966
88 97 4184004.522
88 98 5861553.763
88 99 6321264.654
89 90 1256926.329
89 91 4919836.339
89 92 1364628.021
89 93 9334545.34
89 94 6524007.566
89 95 3408646.782
89 96 2960798.604
89 97 8872777.679
89 98 1769975.454
89 99 8130735.206
90 91 4703595.941
90 92 1997736.497
90 93 9230046.394
90 94 6020817.35
90 95 4544906.809
90 96 3014486.746
90 97 9063935.437
90 98 2964886.423
90 99 9084976.399
91 92 6274031.684
91 93 4529911.898
91 94 1967952.963
91 95 5355816.801
91 96 2021296.555
91 97 4686910.387
91 98 6222334.645
91 99 7416161.122
92 93 10699112.36
92 94 7823246.002
92 95 4087617.288
92 96 4325386.347
92 97 10202404.85
92 98 1542389.262
92 99 8969142.519
93 94 3917333.463
93 95 8721930.798
93 96 6374563.45
93 97 2170380.856
93 98 10386491.28
93 99 8163724.07
94 95 7321626.022
94 96 3847991.364
94 97 4977021.539
94 98 7998765.554
94 99 9046977.252
95 96 3682201.243
95 97 7502793.372
95 98 2739499.559
95 99 4891044.634
96 97 6051745.449
96 98 4201989.264
96 99 6941226.229
97 98 9591416.008
97 99 6109971.139
98 99 7615269.508
