4950
0 1 2536920.249
0 2 4389417.762
0 3 6290802.592
0 4 6007013.972
0 5 616822.5343
0 6 5055201.941
0 7 9035268.289
0 8 477923.7759
0 9 5659899.466
0 10 5700502.846
0 11 6649997.645
0 12 2194487.451
0 13 2622676.62
0 14 8227099.12
0 15 5073179.198
0 16 9483146.141
0 17 1617739.521
0 18 3224706.736
0 19 2010624.624
0 20 1482708.55
0 21 8240992.481
0 22 7405948.45
0 23 6082365.881
0 24 5258461.653
0 25 8648932.609
0 26 5617029.195
0 27 2329447.112
0 28 5215751.838
0 29 7781279.503
0 30 7413808.029
0 31 11013049.28
0 32 3885586.431
0 33 5578191.757
0 34 8719158.678
0 35 5963519.176
0 36 4453529.93
0 37 2652762.474
0 38 7894868.874
0 39 5132457.633
0 40 6528764.31
0 41 5600637.663
0 42 8205504.086
0 43 1668521.132
0 44 8670820.108
0 45 8840571.776
0 46 8339927.815
0 47 1564676.514
0 48 5722526.276
0 49 7917054.843
0 50 8509779.614
0 51 1841115.198
0 52 1601536.766
0 53 2984280.011
0 54 4919445.134
0 55 4435379.262
0 56 2090719.71
0 57 9585660.947
0 58 6754433.711
0 59 1155224.483
0 60 5532983.15
0 61 8649739.583
0 62 8487105.186
0 63 5338997.306
0 64 5216928.515
0 65 3941218.01
0 66 7436666.993
0 67 7694818.392
0 68 3725224.439
0 69 6805703.433
0 70 7989671.956
0 71 8644252.922
0 72 6728326.612
0 73 5692484.8
0 74 2653708.413
0 75 3641382.365
0 76 4403548.538
0 77 7822020.891
0 78 2529689.885
0 79 4642752.334
0 80 7305452.263
0 81 1627549.415
0 82 2743521.867
0 83 9241099.244
0 84 6314177.44
0 85 6760521.56
0 86 1501780.533
0 87 5736932.449
0 88 6065225.268
0 89 9796943.548
0 90 7805428.766
0 91 8044474.837
0 92 2707125.446
0 93 2095865.581
0 94 7547071.298
0 95 6047563.894
0 96 5642368.251
0 97 2464313.178
0 98 2861647.851
0 99 2641054.975
1 2 6890473.089
1 3 6848225.337
1 4 6638867.412
1 5 2735060.943
1 6 6543615.226
1 7 9092286.826
1 8 3010777.893
1 9 8053466.077
1 10 5455358.889
1 11 7340197.111
1 12 2697768.321
1 13 3262409.989
1 14 7592266.169
1 15 4417630.292
1 16 10686148.28
1 17 2006752.398
1 18 3501367.349
1 19 758489.0421
1 20 1536754.697
1 21 9433430.662
1 22 8901853.672
1 23 8224739.094
1 24 6868707.589
1 25 8290882.547
1 26 5789492.406
1 27 670267.6811
1 28 7743835.391
1 29 9488357.259
1 30 8513739.83
1 31 12147817.91
1 32 6362157.512
1 33 7574392.44
1 34 10005150.41
1 35 8288258.63
1 36 2891061.009
1 37 4461795.246
1 38 9519975.337
1 39 5752836.94
1 40 6007887.005
1 41 6433286.252
1 42 9734979.524
1 43 877950.816
1 44 7506682.341
1 45 9933798.437
1 46 8285741.176
1 47 1130941.843
1 48 4795238.37
1 49 9596339.819
1 50 8928646.371
1 51 819479.6829
1 52 1462819.115
1 53 3973460.205
1 54 4443486.34
1 55 6118755.07
1 56 3777636.208
1 57 10164954.82
1 58 8218431.234
1 59 1500916.101
1 60 6157226.57
1 61 10440462.24
1 62 7613894.827
1 63 5221959.896
1 64 5201462.977
1 65 5873335.75
1 66 9711425.189
1 67 7588599.513
1 68 2424917.871
1 69 8646184.398
1 70 9253031.211
1 71 10038987.44
1 72 6717297.468
1 73 6035328.229
1 74 1206363.055
1 75 5473866.143
1 76 3653284.693
1 77 8086952.505
1 78 3467985.083
1 79 4298709.989
1 80 8308288.634
1 81 3959985.623
1 82 3046088.196
1 83 10666273.95
1 84 6803329.109
1 85 6383526.094
1 86 1497882.832
1 87 6305726.595
1 88 6092490.448
1 89 10796769.01
1 90 8651965.078
1 91 6906679.816
1 92 2783111.699
1 93 4475896.843
1 94 7426770.319
1 95 8553859.11
1 96 5861188.701
1 97 4976203.043
1 98 5098164.411
1 99 4695832.79
2 3 6764494.59
2 4 6455513.825
2 5 4172995.671
2 6 4250297.123
2 7 9670529.033
2 8 3912772.581
2 9 1596339.619
2 10 7571050.91
2 11 6771369.611
2 12 5199048.608
2 13 5092403.504
2 14 10045347.14
2 15 7634283.278
2 16 7925692.068
2 17 5722063.409
2 18 5630620.821
2 19 6399376.168
2 20 5528995.033
2 21 6942542.543
2 22 5635018.652
2 23 2890145.515
2 24 4041403.667
2 25 9997596.645
2 26 6939859.539
2 27 6716839.741
2 28 978473.8986
2 29 5403220.325
2 30 6514199.378
2 31 9381945.911
2 32 579506.0542
2 33 3085627.109
2 34 7121684.333
2 35 2121117.866
2 36 8025108.574
2 37 3335851.909
2 38 5694249.587
2 39 5968387.263
2 40 8530103.79
2 41 5859971.848
2 42 6165875.416
2 43 6012628.118
2 44 11141203.52
2 45 7624431.57
2 46 9279400.713
2 47 5950435.642
2 48 8405539.891
2 49 5578639.948
2 50 8634002.257
2 51 6121041.565
2 52 5917698.059
2 53 4682326.9
2 54 7330980.06
2 55 3565686.823
2 56 3760276.133
2 57 9226326.356
2 58 5253339.648
2 59 5405392.247
2 60 6183748.567
2 61 5899162.677
2 62 10593618.33
2 63 7163875.326
2 64 6952664.465
2 65 2819706.036
2 66 3543338.602
2 67 8845675.657
2 68 7289123.734
2 69 4324629.608
2 70 6596927.028
2 71 6823330.373
2 72 7969817.509
2 73 6731323.323
2 74 6989170.305
2 75 3095447.36
2 76 7283252.699
2 77 8356215.174
2 78 4731225.417
2 79 7006581.604
2 80 6633625.587
2 81 2992199.613
2 82 5473621.147
2 83 7246737.834
2 84 6894983.945
2 85 8514628.284
2 86 5563821.243
2 87 6396512.455
2 88 7445360.463
2 89 8602750.801
2 90 7307286.219
2 91 10560332.26
2 92 5682986.016
2 93 2480874.581
2 94 8751422.256
2 95 1663597.598
2 96 6887647.296
2 97 1925453.372
2 98 2224477.993
2 99 2812185.882
3 4 317596.0102
3 5 5685763.944
3 6 2597542.945
3 7 2956448.02
3 8 6227737.838
3 9 6457857.877
3 10 2169826.346
3 11 566563.529
3 12 4345360.934
3 13 3784643.461
3 14 3650989.856
3 15 3260025.2
3 16 4182824.267
3 17 7656613.204
3 18 3368991.365
3 19 7097217.247
3 20 5648975.188
3 21 3064891.836
3 22 3371490.374
3 23 5241773.836
3 24 2949095.671
3 25 3312477.28
3 26 1289749.119
3 27 7307710.011
3 28 7635273.855
3 29 4366936.126
3 30 2161415.045
3 31 5478546.971
3 32 6310926.498
3 33 4386305.924
3 34 3717566.344
3 35 6163573.175
3 36 5147529.633
3 37 4106540.26
3 38 4147223.725
3 39 1161753.411
3 40 2744856.794
3 41 904894.0853
3 42 4043761.008
3 43 6451697.91
3 44 5218412.317
3 45 3346508.992
3 46 2516809.453
3 47 6942121.391
3 48 3700409.697
3 49 4357787.729
3 50 2219694.184
3 51 6243447.514
3 52 7307859.142
3 53 3306530.465
3 54 2976220.043
3 55 3204478.712
3 56 4341993.493
3 57 3346282.171
3 58 2888731.835
3 59 6032214.88
3 60 758008.501
3 61 5310147.008
3 62 4375416.667
3 63 2051927.455
3 64 1924623.823
3 65 3950509.695
3 66 6739189.634
3 67 2156174.154
3 68 4918959.141
3 69 4290281.59
3 70 3057151.901
3 71 3964092.929
3 72 1505733.758
3 73 896138.7858
3 74 7903874.21
3 75 3748583.54
3 76 3726971.603
3 77 1640168.076
3 78 3778520.917
3 79 2892595.755
3 80 1821516.274
3 81 5427186.254
3 82 3864192.033
3 83 4553992.403
3 84 180719.4259
3 85 2421724.536
3 86 5675299.654
3 87 559870.5345
3 88 1420353.619
3 89 4057695.669
3 90 1894560.962
3 91 4805381.219
3 92 4088264.528
3 93 5489403.291
3 94 2098905.476
3 95 7749773.025
3 96 1177393.211
3 97 6215960.909
3 98 4958280.491
3 99 4534652.367
4 5 5399274.045
4 6 2312370.908
4 7 3274038.136
4 8 5933773.409
4 9 6175707.204
4 10 2195367.53
4 11 701946.4337
4 12 4096764.295
4 13 3529553.945
4 14 3881293.11
4 15 3216802.872
4 16 4263481.368
4 17 7392849.849
4 18 3144447.512
4 19 6863966.215
4 20 5405465.554
4 21 3100024.188
4 22 3272551.55
4 23 4991329.736
4 24 2679430.797
4 25 3595059.991
4 26 1270111.664
4 27 7081900.105
4 28 7331508.007
4 29 4247500.833
4 30 2169181.999
4 31 5608130.885
4 32 5998305.847
4 33 4126352.712
4 34 3747162.994
4 35 5894170.092
4 36 5050204.512
4 37 3793168.221
4 38 4050100.21
4 39 900759.0983
4 40 2861829.677
4 41 597096.744
4 42 3983984.853
4 43 6215493.885
4 44 5399534.898
4 45 3440046.699
4 46 2823903.032
4 47 6696054.126
4 48 3713287.601
4 49 4250530.735
4 50 2512501.249
4 51 6014711.657
4 52 7055049.249
4 53 3024108.034
4 54 2914052.242
4 55 2899733.352
4 56 4040608.469
4 57 3600394.968
4 58 2745561.72
4 59 5780024.793
4 60 488300.0199
4 61 5210257.29
4 62 4586079.979
4 63 2019635.097
4 64 1864850.197
4 65 3639335.296
4 66 6512425.177
4 67 2435302.742
4 68 4779585.581
4 69 4100121.645
4 70 3055890.355
4 71 3959716.262
4 72 1713566.6
4 73 847807.3826
4 74 7675460.789
4 75 3432372.821
4 76 3627507.127
4 77 1957513.433
4 78 3505596.356
4 79 2797499.254
4 80 1855457.675
4 81 5117530.896
4 82 3630240.793
4 83 4564743.923
4 84 442079.7189
4 85 2579236.226
4 86 5432833.562
4 87 345858.1143
4 88 1510463.613
4 89 4203998.515
4 90 2035667.311
4 91 4962228.119
4 92 3865595.868
4 93 5174356.509
4 94 2367370.921
4 95 7460016.663
4 96 1153964.738
4 97 5898920.751
4 98 4640686.314
4 99 4218222.737
5 6 4455585.276
5 7 8454508.273
5 8 635087.6543
5 9 5325544.641
5 10 5179934.391
5 11 6037921.069
5 12 1711703.374
5 13 2073475.439
5 14 7733252.418
5 15 4630902.421
5 16 8875359.158
5 17 2190609.436
5 18 2698664.346
5 19 2348600.746
5 20 1384108.504
5 21 7631054.99
5 22 6816113.719
5 23 5619657.584
5 24 4672550.042
5 25 8113866.154
5 26 5047197.852
5 27 2669374.405
5 28 5058395.84
5 29 7219617.369
5 30 6799428.256
5 31 10403489.83
5 32 3633627.998
5 33 5066887.852
5 34 8115086.124
5 35 5584116.708
5 36 4226746.847
5 37 2068019.589
5 38 7321651.633
5 39 4529819.027
5 40 6035846.388
5 41 4986458.208
5 42 7621419.459
5 43 1863908.48
5 44 8265012.05
5 45 8227446.904
5 46 7772483.041
5 47 1939655.932
5 48 5313767.173
5 49 7351566.971
5 50 7905386.04
5 51 1949391.037
5 52 2081799.713
5 53 2380593.987
5 54 4450533.07
5 55 3853383.881
5 56 1480047.806
5 57 8972874.934
5 58 6159518.338
5 59 1236865.876
5 60 4927755.784
5 61 8104815.374
5 62 8029350.072
5 63 4807108.876
5 64 4674011.704
5 65 3400560.401
5 66 7034073.433
5 67 7136513.963
5 68 3478894.15
5 69 6264144.184
5 70 7382988.081
5 71 8048054.885
5 72 6166970.581
5 73 5105969.563
5 74 3079483.986
5 75 3075843.754
5 76 4001551.541
5 77 7229386.449
5 78 1943681.285
5 79 4160041.229
5 80 6689106.097
5 81 1228293.124
5 82 2243768.714
5 83 8648719.778
5 84 5712990.612
5 85 6243815.997
5 86 1415507.657
5 87 5133814.918
5 88 5505974.825
5 89 9181966.981
5 90 7188789.723
5 91 7639741.687
5 92 2255209.182
5 93 1741569.956
5 94 6991308.57
5 95 5835642.659
5 96 5067627.606
5 97 2286979.274
5 98 2415868.125
5 99 2115675.399
6 7 5431511.153
6 8 4810732.49
6 9 3863358.623
6 10 4026665.113
6 11 2529332.449
6 12 3863275.366
6 13 3336453.352
6 14 6149960.135
6 15 4631695.41
6 16 4445035.862
6 17 6642479.002
6 18 3380214.966
6 19 6507855.364
6 20 5052526.915
6 21 3225424.299
6 22 2381619
6 23 2760623.111
6 24 446189.5999
6 25 5906721.88
6 26 3165442.798
6 27 6792001.971
6 28 5075043.138
6 29 2968098.777
6 30 2502537.061
6 31 5982494.963
6 32 3853879.446
6 33 1871063.134
6 34 3667894.647
6 35 3596182.892
6 36 5964201.486
6 37 2413356.879
6 38 2976970.243
6 39 2143188.23
6 40 4901304.545
6 41 1727849.108
6 42 3206664.416
6 43 5872556.634
6 44 7545818.6
6 45 3864326.655
6 46 5099085.513
6 47 6206065.339
6 48 5327372.926
6 49 3063569.055
6 50 4388810.942
6 51 5769069.832
6 52 6461923.878
6 53 2597182.352
6 54 4283675.132
6 55 756994.956
6 56 2983398.548
6 57 5083311.111
6 58 1710128.802
6 59 5287622.51
6 60 2180924.352
6 61 3951065.229
6 62 6812872.157
6 63 3685565.317
6 64 3466236.573
6 65 1547267.59
6 66 4364859.867
6 67 4747438.158
6 68 5433954.933
6 69 2299973.788
6 70 2949976.017
6 71 3593828.738
6 72 3981778.888
6 73 2828471.323
6 74 7325343.48
6 75 1559278.744
6 76 4687104.544
6 77 4126550.026
6 78 3081390.001
6 79 4022807.557
6 80 2513076.464
6 81 3698822.83
6 82 3652872.33
6 83 4200392.382
6 84 2751135.625
6 85 4732440.559
6 86 5089109.107
6 87 2354511.725
6 88 3604432.598
6 89 4853193.543
6 90 3150870.54
6 91 7045690.087
6 92 3955222.478
6 93 3547699.258
6 94 4678730.717
6 95 5152655.031
6 96 3075774.992
6 97 4102237.552
6 98 2804047.501
6 99 2599861.609
7 8 9036364.592
7 9 9201882.628
7 10 3642467.672
7 11 2902233.369
7 12 6928063.303
7 13 6425602.221
7 14 2600622.147
7 15 4774065.323
7 16 4581345.768
7 17 10251585.56
7 18 5878502.587
7 19 9496508.672
7 20 8155584.876
7 21 4144023.304
7 22 5223511.61
7 23 7818651.758
7 24 5706291.296
7 25 1556380.463
7 26 3429702.099
7 27 9650757.155
7 28 10506212.26
7 29 6203080.906
7 30 3757655.779
7 31 5149026.547
7 32 9239545.92
7 33 7043497.989
7 34 4645858.983
7 35 8833361.769
7 36 6725433.742
7 37 7040089.443
7 38 5868382.615
7 39 4002256.965
7 40 3318166.02
7 41 3848204.814
7 42 5536043.005
7 43 8887930.641
7 44 4340988.655
7 45 3884884.694
7 46 849111.6451
7 47 9431231.278
7 48 4726896.195
7 49 6117025.953
7 50 1320221.882
7 51 8637090.508
7 52 9834635.155
7 53 6099253.852
7 54 4672982.238
7 55 6107123.551
7 56 7211075.758
7 57 2126980.781
7 58 5062450.456
7 59 8582591.564
7 60 3656643.596
7 61 6917272.518
7 62 3335169.509
7 63 3877794.26
7 64 3927073.501
7 65 6877472.954
7 66 9123838.898
7 67 1535291.381
7 68 6803915.224
7 69 6562426.284
7 70 4383286.745
7 71 5085905.899
7 72 2381731.969
7 73 3351874.383
7 74 10250399.02
7 75 6699341.414
7 76 5499720.76
7 77 1320842.818
7 78 6510907.267
7 79 4793836.212
7 80 3450325.908
7 81 8335725.147
7 82 6390356.163
7 83 5447787.598
7 84 2862026.916
7 85 2851248.083
7 86 8174594.671
7 87 3432995.462
7 88 3030774.583
7 89 3877095.244
7 90 2858849.122
7 91 4283606.6
7 92 6540054.643
7 93 8429749.498
7 94 1696575.189
7 95 10530001.87
7 96 3395667.23
7 97 9168299.326
7 98 7914719.474
7 99 7483999.724
8 9 5199933.08
8 10 5805307.622
8 11 6553869.403
8 12 2346783.508
8 13 2693831.857
8 14 8364333.792
8 15 5265671.509
8 16 9254192.355
8 17 1988996.55
8 18 3325764.496
8 19 2486612.564
8 20 1866994.548
8 21 8022846.32
8 22 7130618.997
8 23 5674221.437
8 24 4981709.069
8 25 8731556.569
8 26 5644545.961
8 27 2804486.088
8 28 4738259.475
8 29 7458078.345
8 30 7222596.154
8 31 10789779.06
8 32 3412870.637
8 33 5206624.526
8 34 8478103.816
8 35 5516626.712
8 36 4799436.657
8 37 2397881.294
8 38 7588368.349
8 39 5080928.856
8 40 6667597.853
8 41 5493101.89
8 42 7917174.531
8 43 2138647.208
8 44 8897288.873
8 45 8638243.342
8 46 8368858.334
8 47 2038554.797
8 48 5945658.112
8 49 7598925.498
8 50 8445690.333
8 51 2296841.636
8 52 2046731.571
8 53 2940540.624
8 54 5085339.724
8 55 4155554.389
8 56 1919845.141
8 57 9480906.525
8 58 6492036.054
8 59 1593456.539
8 60 5471022.845
8 61 8304418.053
8 62 8664283.255
8 63 5428629.512
8 64 5290581.004
8 65 3606823.152
8 66 6996391.986
8 67 7740874.271
8 68 4058476.966
8 69 6460024.371
8 70 7758794.649
8 71 8381198.946
8 72 6769922.759
8 73 5684572.16
8 74 3110396.23
8 75 3341112.87
8 76 4631637.975
8 77 7795392.756
8 78 2536988.96
8 79 4793930.218
8 80 7135774.319
8 81 1230637.428
8 82 2877273.165
8 83 8968207.011
8 84 6264591.148
8 85 6869720.624
8 86 1891473.132
8 87 5682091.38
8 88 6111304.987
8 89 9607088.08
8 90 7662669.358
8 91 8271764.486
8 92 2889556.933
8 93 1661998.995
8 94 7597623.962
8 95 5570118.692
8 96 5660210.333
8 97 1987383.665
8 98 2460990.371
8 99 2306251.499
9 10 7693203.082
9 11 6331820.326
9 12 5986762.635
9 13 5737076.727
9 14 9987129.538
9 15 7999482.299
9 16 6788159.586
9 17 7118083.281
9 18 6163206.08
9 19 7650801.535
9 20 6590650.312
9 21 5954940.475
9 22 4583956.304
9 23 1596141.764
9 24 3519134.399
9 25 9769357.9
9 26 6926101.595
9 27 7972572.353
9 28 1703160.807
9 29 4137984.102
9 30 5712902.331
9 31 8164434.302
9 32 1868333.766
9 33 2176168.396
9 34 6014916.838
9 35 577443.1316
9 36 8744266.858
9 37 3933795.397
9 38 4471728.25
9 39 5899698.988
9 40 8626038.328
9 41 5589373.359
9 42 4966452.17
9 43 7188315.171
9 44 11283602.91
9 45 6619927.03
9 46 8941316.902
9 47 7216536.205
9 48 8760925.23
9 49 4314185.45
9 50 8041953.483
9 51 7249254.289
9 52 7245493.3
9 53 5167482.466
9 54 7667908.049
9 55 3371072.101
9 56 4525457.744
9 57 8430609.901
9 58 4359177.698
9 59 6552857.892
9 60 6015239.286
9 61 4476289.615
9 62 10618215.27
9 63 7307472.164
9 64 7085983.066
9 65 2857797.226
9 66 1949129.606
9 67 8610531.671
9 68 8047214.564
9 69 3133681.69
9 70 5601756.448
9 71 5657269.499
9 72 7830571.752
9 73 6637473.226
9 74 8310199.791
9 75 3274919.919
9 76 7790983.659
9 77 7930515.374
9 78 5368022.384
9 79 7356682.803
9 80 5907441.476
9 81 4097251.571
9 82 6134004.595
9 83 5998953.52
9 84 6613909.387
9 85 8521271.187
9 86 6628232.629
9 87 6203191.248
9 88 7401784.888
9 89 7553513.949
9 90 6585063.578
9 91 10742823.49
9 92 6390151.967
9 93 3587438.379
9 94 8541835.881
9 95 1343620.745
9 96 6851450.797
9 97 3286019.93
9 98 2994963.493
9 99 3504529.913
10 11 2726881.489
10 12 3509205.338
10 13 3112872.894
10 14 2589966.837
10 15 1204279.551
10 16 6315590.934
10 17 6735097.18
10 18 2481503.682
10 19 5890812.324
10 20 4623253.863
10 21 5231851.18
10 22 5458753.713
10 23 6780276.815
10 24 4464495.334
10 25 2957944.047
10 26 937406.0905
10 27 6028051.351
10 28 8528009.104
10 29 6414456.358
10 30 4330318.826
10 31 7523648.576
10 32 7032163.252
10 33 5888430.758
10 34 5885042.339
10 35 7531573.109
10 36 3195448.594
10 37 4350122.686
10 38 6235086.035
10 39 1889955.286
10 40 959845.284
10 41 2518283.856
10 42 6179347.789
10 43 5303586.599
10 44 3595517.531
10 45 5471363.381
10 46 2830416.587
10 47 5863415.129
10 48 1530845.835
10 49 6428146.701
10 50 3679047.031
10 51 5039438.275
10 52 6281006.907
10 53 3076615.662
10 54 1037118.6
10 55 4336416.226
10 56 4238736.106
10 57 4984971.447
10 58 4898552.373
10 59 5068018.474
10 60 1981150.138
10 61 7390868.599
10 62 3035839.331
10 63 411134.1885
10 64 618592.2524
10 65 4871997.3
10 66 8391288.382
10 67 2133991.476
10 68 3175209.698
10 69 6146118.138
10 70 5225502.013
10 71 6132426.129
10 72 1299768.082
10 73 1357802.153
10 74 6624958.042
10 75 4509676.984
10 76 1871290.738
10 77 2766286.417
10 78 3319722.293
10 79 1160916.782
10 80 3990943.369
10 81 5409058.182
10 82 2958099.155
10 83 6723785.449
10 84 2019190.959
10 85 1064591.428
10 86 4637217.245
10 87 1917625.001
10 88 809328.9574
10 89 6083878.528
10 90 3986024.385
10 91 3050513.931
10 92 3037193.24
10 93 5665645.637
10 94 1972612.44
10 95 8860778.081
10 96 1051147.117
10 97 6480735.285
10 98 5434087.623
10 99 4878250.036
11 12 4784574.298
11 13 4213480.718
11 14 3994403.724
11 15 3826546.274
11 16 3616419.385
11 17 8064116.631
11 18 3843948.489
11 19 7558621.345
11 20 6095352.325
11 21 2504998.077
11 22 2907127.493
11 23 5023851.202
11 24 2817413.643
11 25 3520326.731
11 26 1856281.054
11 27 7779445.283
11 28 7604267.024
11 29 3918825.255
11 30 1618025.407
11 31 4924036.972
11 32 6350662.311
11 33 4202239.474
11 34 3158237.888
11 35 5995116.032
11 36 5708899.607
11 37 4336178.134
11 38 3674724.458
11 39 1593805.903
11 40 3248238.072
11 41 1066148.71
11 42 3535669.154
11 43 6908983.97
11 44 5635186.378
11 45 2781002.403
11 46 2621041.804
11 47 7383535.408
11 48 4257562.941
11 49 3895307.735
11 50 1944459.411
11 51 6711502.48
11 52 7737225.421
11 53 3677517.109
11 54 3542154.326
11 55 3213274.12
11 56 4643747.545
11 57 2936276.996
11 58 2489050.524
11 59 6463537.672
11 60 1184303.587
11 61 4835139.803
11 62 4749771.752
11 63 2618410.918
11 64 2490025.002
11 65 3993727.09
11 66 6455737.676
11 67 2401884.427
11 68 5464945.91
11 69 3948828.568
11 70 2512830.432
11 71 3418356.463
11 72 1932407.51
11 73 1459629.507
11 74 8371932.31
11 75 3851518.514
11 76 4287164.526
11 77 1602010.712
11 78 4171236.562
11 79 3453199.35
11 80 1267811.576
11 81 5679683.613
11 82 4326334.918
11 83 4000203.216
11 84 707796.0292
11 85 2889943.16
11 86 6123330.751
11 87 1042161.759
11 88 1957790.82
11 89 3510914.484
11 90 1342218.035
11 91 5255972.188
11 92 4565124.266
11 93 5693753.475
11 94 2379655.753
11 95 7648873.418
11 96 1743932.673
11 97 6382922.508
11 98 5098411.339
11 99 4723186.049
12 13 579326.7568
12 14 6035110.802
12 15 2921313.653
12 16 8008524.073
12 17 3335430.525
12 18 1052790.788
12 19 2789267.53
12 20 1312155.26
12 21 6752793.503
12 22 6207770.908
12 23 5816106.978
12 24 4209909.205
12 25 6462941.435
12 26 3498937.225
12 27 3033324.61
12 28 6162370.695
12 29 6824516.383
12 30 5844230.632
12 31 9487933.317
12 32 4620454.25
12 33 5071846.041
12 34 7314654.731
12 35 6091885.7
12 36 2826377.104
12 37 2070387.56
12 38 6839126.885
12 39 3196019.416
12 40 4336567.315
12 41 3809257.523
12 42 7041520.032
12 43 2135912.933
12 44 6564820.035
12 45 7273879.36
12 46 6199177.204
12 47 2599365.412
12 48 3617820.591
12 49 6925403.742
12 50 6528219.315
12 51 1968513.408
12 52 2963244.428
12 53 1276510.721
12 54 2739777.019
12 55 3503506.759
12 56 1467660.444
12 57 7691159.95
12 58 5523893.55
12 59 1687878.859
12 60 3608520.33
12 61 7792663.702
12 62 6317968.991
12 63 3155758.991
12 64 3046524.694
12 65 3408946.702
12 66 7401596.35
12 67 5537968.548
12 68 2091810.053
12 69 6034988.692
12 70 6562770.45
12 71 7341682.802
12 72 4581009.615
12 73 3635577.063
12 74 3611715.984
12 75 2972108.701
12 76 2319283.023
12 77 5770136.954
12 78 783931.0682
12 79 2453613.356
12 80 5658823.215
12 81 2342432.755
12 82 551617.9434
12 83 7968653.419
12 84 4334837.05
12 85 4567167.941
12 86 1341407.607
12 87 3786448.885
12 88 3917299.798
12 89 8164640.862
12 90 6052370.827
12 91 5940871.921
12 92 556284.8845
12 93 2783455.586
12 94 5386360.973
12 95 6792141.071
12 96 3539302.045
12 97 3558414.007
12 98 3035338.929
12 99 2486180.908
13 14 5683473.154
13 15 2699923.302
13 16 7432779.673
13 17 3876190.284
13 18 646772.9758
13 19 3368421.612
13 20 1889200.363
13 21 6177662.943
13 22 5659039.029
13 23 5433475.136
13 24 3701627.862
13 25 6040402.634
13 26 2999252.058
13 27 3612151.406
13 28 6068166.765
13 29 6304127.038
13 30 5266637.722
13 31 8909660.53
13 32 4513990.81
13 33 4652345.964
13 34 6743621.985
13 35 5792771.236
13 36 3007291.823
13 37 1810497.666
13 38 6304979.861
13 39 2629576.588
13 40 3992572.484
13 41 3231055.377
13 42 6493178.696
13 43 2714984.74
13 44 6351738.722
13 45 6695412.06
13 46 5718732.908
13 47 3171011.182
13 48 3443198.53
13 49 6399479.611
13 50 5979591.36
13 51 2546180.312
13 52 3525498.042
13 53 740723.7272
13 54 2464546.78
13 55 3034830.005
13 56 1346713.912
13 57 7127884.027
13 58 4974974.748
13 59 2250600.794
13 60 3041833.12
13 61 7281456.299
13 62 6025029.423
13 63 2734886.599
13 64 2600778.564
13 65 3037264.172
13 66 7046320.915
13 67 5072209.193
13 68 2323948.993
13 69 5550586.796
13 70 5991543.09
13 71 6778449.678
13 72 4105788.014
13 73 3103660.183
13 74 4191037.892
13 75 2590876.087
13 76 2216123.389
13 77 5241213.179
13 78 369821.8931
13 79 2152670.54
13 80 5079605.562
13 81 2421799.259
13 82 397024.4503
13 83 7406683.816
13 84 3781166.288
13 85 4177464.227
13 86 1919198.24
13 87 3224887.885
13 88 3442562.069
13 89 7585326.189
13 90 5474911.353
13 91 5735017.873
13 92 673649.6715
13 93 2790825.142
13 94 4924829.545
13 95 6632248.458
13 96 3029954.773
13 97 3602194.726
13 98 2876831.028
13 99 2296195.111
14 15 3230489.294
14 16 6875861.6
14 17 9121609.525
14 18 5041918.93
14 19 8145342.649
14 20 7034114.39
14 21 6135187.033
14 22 6868561.465
14 23 8869970.942
14 24 6544335.999
14 25 1072284.244
14 26 3106180.66
14 27 8225193.343
14 28 10980975.02
14 29 7887803.623
14 30 5452811.299
14 31 7664275.092
14 32 9526890.836
14 33 7998204.776
14 34 6739248.139
14 35 9746001.529
14 36 4852067.993
14 37 6909069.305
14 38 7615841.835
14 39 4104544.13
14 40 1698544.373
14 41 4432522.758
14 42 7402539.294
14 43 7620359.599
14 44 1792735.373
14 45 6081978.799
14 46 1917005.925
14 47 8196584.261
14 48 2809030.995
14 49 7848220.679
14 50 3548218.322
14 51 7335431.879
14 52 8627832.726
14 53 5662725.774
14 54 3320440.491
14 55 6627880.818
14 56 6827529.055
14 57 4672590.05
14 58 6483444.415
14 59 7487569.185
14 60 3974259.269
14 61 8758940.781
14 62 797338.9074
14 63 2993153.348
14 64 3174276.246
14 65 7267200.644
14 66 10389107.51
14 67 1659616.006
14 68 5169342.21
14 69 7929378.854
14 70 6274784.847
14 71 7117165.02
14 72 2172205.44
14 73 3352763.852
14 74 8797556.197
14 75 6951478.603
14 76 3985118.505
14 77 2821164.773
14 78 5906107.643
14 79 3584864.615
14 80 5088323.798
14 81 7998588.996
14 82 5491635.613
14 83 7595435.473
14 84 3474529.917
14 85 1550042.295
14 86 7041819.018
14 87 3795539.708
14 88 2605037.145
14 89 6309362.28
14 90 4726282.346
14 91 1683902.396
14 92 5524575.344
14 93 8246038.984
14 94 1635174.926
14 95 11226334.93
14 96 3163422.099
14 97 9057399.344
14 98 7969065.586
14 99 7429709.956
15 16 7441710.082
15 17 5891666.136
15 18 2069679.384
15 19 4930081.105
15 20 3812559.175
15 21 6312485.244
15 22 6385232.386
15 23 7295969.979
15 24 5077600.024
15 25 3873254.904
15 26 1970276.456
15 27 5028875.935
15 28 8610935.487
15 29 7288755
15 30 5385919.836
15 31 8693976.28
15 32 7067762.043
15 33 6415626.924
15 34 6961983.487
15 35 7921497.008
15 36 1992557.188
15 37 4303079.498
15 38 7150137.443
15 39 2655159.155
15 40 1591590.763
15 41 3397498.665
15 42 7150406.075
15 43 4391777.642
15 44 3655531.987
15 45 6602609.469
15 46 3938366.523
15 47 4967189.118
15 48 771560.5529
15 49 7323329.594
15 50 4882619.786
15 51 4108932.349
15 52 5397833.204
15 53 2954304.436
15 54 348039.5497
15 55 4763916.426
15 56 4006881.818
15 57 6189177.15
15 58 5774936.832
15 59 4266426.12
15 60 2887592.706
15 61 8284788.71
15 62 3415978.073
15 63 1208188.586
15 64 1352713.029
15 65 5142703.753
15 66 8938889.345
15 67 3240951.448
15 68 2042307.25
15 69 6881202.589
15 70 6271455.56
15 71 7173169.86
15 72 2491015.959
15 73 2377061.482
15 74 5613522.002
15 75 4727330.629
15 76 765751.9591
15 77 3967220.362
15 78 3006074.127
15 79 642827.1844
15 80 5065786.488
15 81 5120820.216
15 82 2415108.935
15 83 7781202.632
15 84 3130806.788
15 85 1975257.258
15 86 3818574.107
15 87 2894240.374
15 88 2000170.552
15 89 7257015.344
15 90 5130255.447
15 91 3036292.59
15 92 2376650.658
15 93 5469016.904
15 94 3078787.855
15 95 9062431.294
15 96 2083184.173
15 97 6287296.306
15 98 5419560.103
15 99 4834476.412
16 17 11047154.88
16 18 7219681.496
16 19 10779228.3
16 20 9294985.908
16 21 1257104.331
16 22 2302966.27
16 23 5192453.643
16 24 4328148.386
16 25 5999895.272
16 26 5471980.799
16 27 11037643.48
16 28 8446058.487
16 29 2693913.975
16 30 2176551.562
16 31 1539134.264
16 32 7734942.702
16 33 4841900.707
16 34 813256.3761
16 35 6250257.394
16 36 9313537.836
16 37 6856327.563
16 38 2333065.7
16 39 5042262.639
16 40 6684020.348
16 41 4296292.655
16 42 1833551.973
16 43 10127778.13
16 44 8664343.289
16 45 845754.1557
16 46 4995186.637
16 47 10527100.43
16 48 7836657.164
16 49 2526316.589
16 50 3355951.087
16 51 9976687.677
16 52 10821948.26
16 53 6757826.576
16 54 7158291.789
16 55 5138127.128
16 56 7395383.873
16 57 2629510.635
16 58 2820573.004
16 59 9593787.092
16 60 4682458.912
16 61 2874514.574
16 62 7671756.149
16 63 6233594.943
16 64 6105742.072
16 65 5830484.994
16 66 5829924.126
16 67 5259965.004
16 68 9023536.352
16 69 3656797.59
16 70 1495400.618
16 71 1133856.469
16 72 5293046.09
16 73 5074412.22
16 74 11604750.18
16 75 5969827.032
16 76 7890745.585
16 77 4075616.311
16 78 7278287.892
16 79 7059446.513
16 80 2424482.073
16 81 8136013.489
16 82 7644103.232
16 83 1032470.14
16 84 4311954.886
16 85 6250964.632
16 86 9328281.095
16 87 4606027.721
16 88 5517941.364
16 89 929688.44
16 90 2335585.225
16 91 8433280.07
16 92 7920049.699
16 93 7942713.871
16 94 5334565.548
16 95 8069159.569
16 96 5360164.026
16 97 8390352.67
16 98 7142015.853
16 99 7026715.069
17 18 4375978.278
17 19 1248264.357
17 20 2111881.293
17 21 9797628.547
17 22 9006566.527
17 23 7662423.697
17 24 6863006.251
17 25 9682313.375
17 26 6827437.839
17 27 1427684.386
17 28 6438658.889
17 29 9398164.563
17 30 8946057.626
17 31 12569339.98
17 32 5278718.635
17 33 7187386.615
17 34 10294807.35
17 35 7468957.722
17 36 4733116.247
17 37 4257559.313
17 38 9508140.675
17 39 6496991.754
17 40 7453004.51
17 41 7042424.496
17 42 9811799.489
17 43 1539410.01
17 44 9278485.06
17 45 10379967
17 46 9503537.384
17 47 973361.5496
17 48 6418330.204
17 49 9533105.981
17 50 9855770.365
17 51 1836047.604
17 52 554931.6495
17 53 4396344.567
17 54 5821302.993
17 55 6042897.46
17 56 3659991.462
17 57 10993017.08
17 58 8348607.616
17 59 1671568.046
17 60 6907543.224
17 61 10267035.68
17 62 9259521.656
17 63 6420623.281
17 64 6338876.938
17 65 5558772.045
17 66 8957799.439
17 67 8828359.404
17 68 4124520.253
17 69 8422779.506
17 70 9558291.981
17 71 10236094.53
17 72 7886985.511
17 73 6970571.906
17 74 1381575.529
17 75 5256397.953
17 76 5145691.54
17 77 9105561.815
17 78 3893442.992
17 79 5596694.081
17 80 8814044.557
17 81 3216554.249
17 82 3863115.917
17 83 10838468.79
17 84 7657024.498
17 85 7757960.816
17 86 2098112.656
17 87 7096809.617
17 88 7226830.035
17 89 11320206.78
17 90 9277612.522
17 91 8661353.824
17 92 3717544.04
17 93 3645321.028
17 94 8672515.377
17 95 7335888.53
17 96 6871728.852
17 97 3837728.137
17 98 4449615.415
17 99 4257922.454
18 19 3729633.859
18 20 2301984.878
18 21 5976339.757
18 22 5598914.918
18 23 5714224.338
18 24 3785720.488
18 25 5424302.875
18 26 2451568.153
18 27 3939235.604
18 28 6609009.573
18 29 6325710.001
18 30 5043131.739
18 31 8659779.321
18 32 5056138.939
18 33 4888851.893
18 34 6571354.132
18 35 6169910.484
18 36 2655958.035
18 37 2301141.182
18 38 6287939.256
18 39 2252774.627
18 40 3348643.995
18 41 2938838.924
18 42 6428407.413
18 43 3087285.549
18 44 5713936.41
18 45 6449052.122
18 46 5146406.927
18 47 3594940.935
18 48 2824247.552
18 49 6405453.614
18 50 5517303.851
18 51 2874483.573
18 52 3979774.359
18 53 996147.7763
18 54 1822014.202
18 55 3220117.928
18 56 1940181.199
18 57 6709854.006
18 58 4920650.468
18 59 2712689.514
18 60 2659697.302
18 61 7320146.94
18 62 5378260.907
18 63 2114347.462
18 64 1996411.308
18 65 3370714.376
18 66 7350776.333
18 67 4485889.894
18 68 2062027.269
18 69 5661978.354
18 70 5822222.277
18 71 6650216.519
18 72 3528218.875
18 73 2611409.808
18 74 4534900.8
18 75 2926147.446
18 76 1654472.98
18 77 4736466.353
18 78 936823.9335
18 79 1507444.089
18 80 4819982.209
18 81 3054454.006
18 82 512998.158
18 83 7281430.487
18 84 3341011.597
18 85 3545163.926
18 86 2325231.718
18 87 2817429.111
18 88 2864530.052
18 89 7297735.212
18 90 5150632.638
18 91 5099518.766
18 92 721185.3349
18 93 3400739.175
18 94 4334826.779
18 95 7127052.901
18 96 2496540.851
18 97 4218104.631
18 98 3406142.92
18 99 2818491.267
19 20 1484965.498
19 21 9522173.588
19 22 8887502.99
19 23 7956646.098
19 24 6796289.656
19 25 8788164.069
19 26 6124607.42
19 27 321896.2289
19 28 7212030.678
19 29 9403193.599
19 30 8624005.918
19 31 12269362.42
19 32 5895241.335
19 33 7365553.891
19 34 10067734.06
19 35 7928116.803
19 36 3566068.808
19 37 4275456.623
19 38 9464651.389
19 39 5965140.296
19 40 6518541.675
19 41 6597773.324
19 42 9714509.454
19 43 653554.2762
19 44 8163127.667
19 45 10056841.43
19 46 8710984.376
19 47 454191.4035
19 48 5377776.156
19 49 9521935.593
19 50 9237982.798
19 51 862339.9323
19 52 707437.8226
19 53 4021401.903
19 54 4912867.224
19 55 6010991.691
19 56 3603619.037
19 57 10439487.84
19 58 8209446.036
19 59 1228089.732
19 60 6376371.896
19 61 10328558.73
19 62 8216474.386
19 63 5620309.453
19 64 5573202.413
19 65 5672675.911
19 66 9382451.597
19 67 8020000.673
19 68 3022836.535
19 69 8505999.768
19 70 9317953.054
19 71 10066054.48
19 72 7114807.638
19 73 6329678.163
19 74 825522.3988
19 75 5303229.624
19 76 4166230.163
19 77 8429522.771
19 78 3501026.411
19 79 4730706.235
19 80 8446180.617
19 81 3565376.688
19 82 3234134.157
19 83 10686509.5
19 84 7070488.729
19 85 6865791.458
19 86 1452551.945
19 87 6543009.151
19 88 6470832.093
19 89 10953466.99
19 90 8839295.268
19 91 7554669.979
19 92 3014885.741
19 93 4065758.4
19 94 7859919.104
19 95 8055719.935
19 96 6185429.752
19 97 4473950.634
19 98 4763973.532
19 99 4428745.012
20 21 8038004.036
20 22 7426209.433
20 23 6694877.67
20 24 5359934.341
20 25 7572195.399
20 26 4742365.018
20 27 1747600.246
20 28 6431539.102
20 29 7977065.694
20 30 7139046.241
20 31 10784414.21
20 32 4976504.629
20 33 6037701.263
20 34 8586651.949
20 35 6795270.173
20 36 2976383.211
20 37 2925217.046
20 38 8022062.584
20 39 4504832.234
20 40 5354373.407
20 41 5120232.252
20 42 8256268.976
20 43 832800.6437
20 44 7310796.1
20 45 8572029.267
20 46 7398054.099
20 47 1294370.205
20 48 4390863.434
20 49 8089631.475
20 50 7817271.789
20 51 725557.5713
20 52 1680655.722
20 53 2537440.999
20 54 3720902.672
20 55 4595555.952
20 56 2241044.241
20 57 8995197.288
20 58 6745530.611
20 59 453868.0502
20 60 4917175.189
20 61 8920137.455
20 62 7212637.685
20 63 4310702.844
20 64 4234255.188
20 65 4336713.517
20 66 8199370.776
20 67 6719788.589
20 68 2259319.754
20 69 7117010.541
20 70 7836237.586
20 71 8592315.031
20 72 5783792.735
20 73 4913199.033
20 74 2310282.697
20 75 3937742.413
20 76 3086779.93
20 77 7036684.808
20 78 2017616.209
20 79 3487806.715
20 80 6962667.485
20 81 2541493.905
20 82 1792545.517
20 83 9214952.792
20 84 5632143.809
20 85 5649121.811
20 86 38985.77115
20 87 5091337.054
20 88 5126273.958
20 89 9471107.081
20 90 7364034.314
20 91 6686260.382
20 92 1615630.025
20 93 3059236.806
20 94 6563283.423
20 95 7186483.144
20 96 4793232.752
20 97 3666132.958
20 98 3607144.129
20 99 3174739.241
21 22 1379052.241
21 23 4376532.466
21 24 3152285.382
21 25 5379602.811
21 26 4347430.768
21 27 9781016.688
21 28 7549454.585
21 29 2169641.426
21 30 945584.987
21 31 2772533.426
21 32 6696935.804
21 33 3874069.335
21 34 653321.2317
21 35 5456615.848
21 36 8136463.545
21 37 5626779.362
21 38 1802083.782
21 39 3829173.794
21 40 5703642.17
21 41 3070570.274
21 42 1405652.339
21 43 8870802.001
21 44 7890052.68
21 45 682495.7505
21 46 4359449.709
21 47 9270520.871
21 48 6762561.017
21 49 2049065.816
21 50 2826437.009
21 51 8720664.615
21 52 9567156.944
21 53 5500774.291
21 54 6013830.66
21 55 3941524.558
21 56 6151155.417
21 57 2626989.934
21 58 1701847.728
21 59 8337072.053
21 60 3487949.675
21 61 2777116.442
21 62 6929478.947
21 63 5108010.007
21 64 4963071.189
21 65 4665926.284
21 66 5311699.498
21 67 4477785.507
21 68 7814812.498
21 69 2868392.637
21 70 353192.8082
21 71 982066.0339
21 72 4329683.253
21 73 3935487.789
21 74 10347694.03
21 75 4770543.502
21 76 6716421.652
21 77 3324326.396
21 78 6021207.22
21 79 5891774.314
21 80 1246748.336
21 81 6924196.513
21 82 6393902.836
21 83 1506125.917
21 84 3212775.266
21 85 5303162.669
21 86 8071343.673
21 87 3434167.503
21 88 4457013.79
21 89 1674737.032
21 90 1409057.149
21 91 7591821.896
21 92 6672285.009
21 93 6755419.309
21 94 4522304.828
21 95 7279446.312
21 96 4232728.083
21 97 7244587.925
21 98 5973689.961
21 99 5821915.739
22 23 2999838.99
22 24 2149413.256
22 25 6263190.373
22 26 4522849.715
22 27 9169263.728
22 28 6198880.213
22 29 1019657.8
22 30 1473769.657
22 31 3807863.117
22 32 5432461.393
22 33 2549643.773
22 34 1491674.716
22 35 4079326.193
22 36 8021674.583
22 37 4753186.019
22 38 777608.7581
22 39 3738409.163
22 40 6115256.86
22 41 2988001.166
22 42 834140.2546
22 43 8249739.353
22 44 8540314.963
22 45 2036092.725
22 46 5270071.815
22 47 8587654.777
22 48 6955227.323
22 49 988474.4537
22 50 3918754.601
22 51 8138524.839
22 52 8840267.351
22 53 4931554.396
22 54 6054441.39
22 55 2975321.494
22 56 5354981.274
22 57 3961692.61
22 58 684088.5831
22 59 7668772.1
22 60 3507931.927
22 61 1939488.892
22 62 7639376.892
22 63 5238003.439
22 64 5053163.145
22 65 3596349.481
22 66 3982970.532
22 67 5229119.587
22 68 7587318.157
22 69 1491080.097
22 70 1027697.499
22 71 1268616.565
22 72 4838172.645
22 73 4100977.905
22 74 9706103.652
22 75 3794056.344
22 76 6643123.165
22 77 4185721.933
22 78 5433916.035
22 79 5866241.806
22 80 1813953.892
22 81 5962783.266
22 82 5941116.411
22 83 1837599.197
22 84 3548521.044
22 85 5786034.431
22 86 7462340.779
22 87 3542438.641
22 88 4775675.206
22 89 2981841.956
22 90 2365539.97
22 91 8161121.864
22 92 6238097.663
22 93 5722247.652
22 94 5234971.641
22 95 5903515.995
22 96 4408110.829
22 97 6119493.204
22 98 4900150.894
22 99 4847953.398
23 24 2337589.644
23 25 8532018.376
23 26 5925973.588
23 27 8273942.709
23 28 3267363.721
23 29 2557981.994
23 30 4204934.484
23 31 6580940.536
23 32 2887690.13
23 33 891854.8706
23 34 4419167.008
23 35 1080327.996
23 36 8369587.503
23 37 3788960.411
23 38 2881819.244
23 39 4902879.109
23 40 7661916.736
23 41 4440823.974
23 42 3374031.847
23 43 7408406.257
23 44 10304719.8
23 45 5034981.472
23 46 7642675.232
23 47 7558833.078
23 48 8023280.965
23 49 2734729.376
23 50 6604229.798
23 51 7405324.869
23 52 7677156.138
23 53 4750317.678
23 54 6950315.918
23 55 2540159.768
23 56 4466311.274
23 57 6896299.528
23 58 2836588.326
23 59 6765405.753
23 60 4927668.6
23 61 3012249.65
23 62 9554761.765
23 63 6427933.187
23 64 6206544.364
23 65 2407231.868
23 66 1647081.09
23 67 7388350.735
23 68 7738552.95
23 69 1537638.86
23 70 4023641.485
23 71 4062387.367
23 72 6698085.549
23 73 5582522.783
23 74 8698549.723
23 75 2847660.353
23 76 7233339.042
23 77 6592560.245
23 78 5086838.739
23 79 6664386
23 80 4433451.462
23 81 4455414.107
23 82 5818166.57
23 83 4419694.675
23 84 5411423.659
23 85 7485957.639
23 86 6733846.501
23 87 5086196.178
23 88 6358872.962
23 89 5960243.843
23 90 5100901.595
23 91 9806205.098
23 92 6107007.364
23 93 4019570.435
23 94 7339444.53
23 95 2903727.636
23 96 5835514.658
23 97 4039790.407
23 98 3220741.438
23 99 3534453.099
24 25 6260774.265
24 26 3593181.781
24 27 7087595.179
24 28 4819014.559
24 29 2619680.632
24 30 2533919.364
24 31 5866179.886
24 32 3690351.964
24 33 1455213.011
24 34 3529751.439
24 35 3215284.178
24 36 6389251.868
24 37 2606256.773
24 38 2668970.126
24 39 2577172.616
24 40 5330001.087
24 41 2111891.712
24 42 2948895.7
24 43 6170044.885
24 44 7968123.267
24 45 3816349.03
24 46 5422193.01
24 47 6476764.736
24 48 5773380.205
24 49 2729701.086
24 50 4606353.826
24 51 6081866.446
24 52 6712539.574
24 53 2961049.42
24 54 4729569.197
24 55 826159.524
24 56 3223498.343
24 57 5202967.121
24 58 1518850.716
24 59 5570131.322
24 60 2590336.387
24 61 3582901.547
24 62 7219964.675
24 63 4127594.223
24 64 3908872.076
24 65 1513919.255
24 66 3927533.179
24 67 5105260.169
24 68 5845204.096
24 69 1877376.473
24 70 2847957.4
24 71 3401889.253
24 72 4372550.566
24 73 3245025.157
24 74 7607214.038
24 75 1651230.374
24 76 5125042.499
24 77 4418999.365
24 78 3425990.95
24 79 4467540.762
24 80 2607860.725
24 81 3823475.474
24 82 4033323.015
24 83 3986772.693
24 84 3111003.089
24 85 5148370.357
24 86 5397279.784
24 87 2752490.716
24 88 4021338.893
24 89 4814044.227
24 90 3273819.288
24 91 7474770.953
24 92 4336183.763
24 93 3614579.859
24 94 5044510.854
24 95 4831514.886
24 96 3500664.131
24 97 4095154.658
24 98 2821828.972
24 99 2709101.751
25 26 3167078.282
25 27 8898607.007
25 28 10899100.57
25 29 7278068.259
25 30 4802124.32
25 31 6683038.818
25 32 9510631.034
25 33 7690186.865
25 34 5948491.768
25 35 9473475.586
25 36 5676539.353
25 37 7032526.489
25 38 6977398.139
25 39 4044561.583
25 40 2284539.359
25 41 4186737.362
25 42 6712629.247
25 43 8224736.9
25 44 2784666.624
25 45 5241599.802
25 46 1020755.25
25 47 8792594.483
25 48 3613934.403
25 49 7218821.184
25 50 2643982.506
25 51 7951042.723
25 52 9215968.44
25 53 5889177.212
25 54 3877225.319
25 55 6476031.685
25 56 7054939.122
25 57 3667861.035
25 58 5962553.343
25 59 8019800.837
25 60 3815081.904
25 61 8090590.001
25 62 1779153.735
25 63 3309956.294
25 64 3440986.082
25 65 7180877.804
25 66 9974697.197
25 67 1160284.244
25 68 5897543.682
25 69 7451168.86
25 70 5561340.706
25 71 6355880.404
25 72 2052124.736
25 73 3287186.086
25 74 9485728.422
25 75 6916609.099
25 76 4638091.514
25 77 2082363.172
25 78 6209383.759
25 79 4085849.433
25 80 4450449.161
25 81 8223460.734
25 82 5911335.957
25 83 6788240.717
25 84 3155597.674
25 85 1926174.083
25 86 7584674.58
25 87 3605992.596
25 88 2663180.501
25 89 5367594.129
25 90 3990651.957
25 91 2750310.008
25 92 5994900.289
25 93 8410477.328
25 94 1246176.811
25 95 11054437.61
25 96 3187206.467
25 97 9200646.265
25 98 8031636.524
25 99 7529655.835
26 27 6303389.632
26 28 7874998.53
26 29 5477090.344
26 30 3428978.361
26 31 6745665.475
26 32 6425174.192
26 33 5036337.126
26 34 4998636.764
26 35 6725735.326
26 36 3878467.441
26 37 3869171.269
26 38 5298742.66
26 39 1030680.772
26 40 1736828.021
26 41 1587148.085
26 42 5250404.513
26 43 5499103.95
26 44 4382843.34
26 45 4634083.579
26 46 2725330.151
26 47 6028247.644
26 48 2443584.706
26 49 5490936.621
26 50 3141831.493
26 51 5262274.429
26 52 6422998.381
26 53 2741435.808
26 54 1691138.05
26 55 3555103.666
26 56 3898590.893
26 57 4402787.429
26 58 3961491.715
26 59 5161940.702
26 60 1050691.924
26 61 6453796.076
26 62 3694704.66
26 63 762247.7171
26 64 649017.6792
26 65 4165122.302
26 66 7517367.383
26 67 2104112.848
26 68 3705445.709
26 69 5226044.837
26 70 4320499.934
26 71 5226013.867
26 72 1133888.907
26 73 423604.8973
26 74 6904673.473
26 75 3845390.075
26 76 2466736.5
26 77 2305174.221
26 78 3107774.889
26 79 1636591.78
26 80 3101010.554
26 81 5062317.728
26 82 2964330.04
26 83 5826281.841
26 84 1164761.002
26 85 1596612.125
26 86 4763230.027
26 87 980652.8541
26 88 511525.6263
26 89 5314764.407
26 90 3168818.448
26 91 3881591.606
26 92 3129111.648
26 93 5243662.377
26 94 1968348.949
26 95 8138623.663
26 96 116147.8244
26 97 6036608.263
26 98 4891810.647
26 99 4373392.647
27 28 7524303.471
27 29 9698364.892
27 30 8876766.107
27 31 12521060.14
27 32 6214804.036
27 33 7677085.694
27 34 10333244.24
27 35 8249806.446
27 36 3558994.094
27 37 4581499.553
27 38 9754608.242
27 39 6185798.686
27 40 6620398.738
27 41 6833673.538
27 42 9997938.533
27 43 919537.5538
27 44 8173104.485
27 45 10307152.68
27 46 8855589.738
27 47 766644.9856
27 48 5438011.156
27 49 9815318.494
27 50 9429488.738
27 51 1069465.76
27 52 932046.4841
27 53 4282557.636
27 54 5032832.041
27 55 6307598.436
27 56 3906572.15
27 57 10644022.09
27 58 8489678.253
27 59 1529852.004
27 60 6595529.184
27 61 10628416.5
27 62 8265787.074
27 63 5773142.768
27 64 5736831.582
27 65 5982196.833
27 66 9703421.944
27 67 8161359.414
27 68 3069051.25
27 69 8809345.714
27 70 9582490.258
27 71 10339689.67
27 72 7270021.302
27 73 6523671.915
27 74 601369.5153
27 75 5608536.296
27 76 4263128.723
27 77 8608014.962
27 78 3763785.002
27 79 4867304.555
27 80 8691430.494
27 81 3887130.373
27 82 3453746.853
27 83 10961922.86
27 84 7274876.999
27 85 6982314.264
27 86 1712864.66
27 87 6756620.584
27 88 6633192.829
27 89 11195025.16
27 90 9070733.797
27 91 7571236.632
27 92 3219453.084
27 93 4387650.908
27 94 8000365.978
27 95 8371934.275
27 96 6368374.947
27 97 4791404.092
27 98 5084249.732
27 99 4744114.887
28 29 5824341.356
28 30 7210512.801
28 31 9848290.964
28 32 1554459.397
28 33 3682872.166
28 34 7659488.791
28 35 2278525.202
28 36 8988615.339
28 37 4314085.658
28 38 6148313.425
28 39 6889022.087
28 40 9485828.989
28 41 6734420.693
28 42 6638308.399
28 43 6867174.17
28 44 12105656.06
28 45 8224894.949
28 46 10151824.09
28 47 6758910.102
28 48 9382323.227
28 49 6001009.243
28 50 9424817.997
28 51 6994842.027
28 52 6686653.787
28 53 5659976.89
28 54 8306140.238
28 55 4431784.044
28 56 4732545.617
28 57 9937109.241
28 58 5896632.58
28 59 6277819.268
28 60 7084812.026
28 61 6177722.589
28 62 11543127.85
28 63 8122422.501
28 64 7909417.005
28 65 3722918.082
28 66 3451128.103
28 67 9742616.098
28 68 8249365.46
28 69 4791666.798
28 70 7197972.67
28 71 7321235.443
28 72 8885058.342
28 73 7650899.727
28 74 7752592.015
28 75 4031753.218
28 76 8261424.24
28 77 9200764.164
28 78 5707982.081
28 79 7982043.784
28 80 7362931.96
28 81 3914497.67
28 82 6447754.385
28 83 7686428.547
28 84 7773087.588
28 85 9457738.15
28 86 6465184.412
28 87 7293183.268
28 88 8377122.301
28 89 9180493.115
28 90 8042059.648
28 91 11528045.17
28 92 6653107.892
28 93 3414302.422
28 94 9653954.921
28 95 954698.3389
28 96 7818680.772
28 97 2773956.709
28 98 3202884.633
28 99 3790624.817
29 30 2478938.142
29 31 4026457.715
29 32 5303799.992
29 33 2420940.607
29 34 1986796.661
29 35 3583920.813
29 36 8839720.747
29 37 5159737.69
29 38 377014.2944
29 39 4633753.233
29 40 7104102.638
29 41 3910494.536
29 42 865709.5817
29 43 8782702.715
29 44 9553937.986
29 45 2724178.528
29 46 6280694.547
29 47 9071097.123
29 48 7889855.441
29 49 176758.2643
29 50 4888601.669
29 51 8699997.487
29 52 9286557.672
29 53 5564226.85
29 54 6951033.807
29 55 3392711.771
29 56 5809246.516
29 57 4794430.649
29 58 1518511.582
29 59 8175344.205
29 60 4442465.416
29 61 1003243.028
29 62 8657482.246
29 63 6171283.341
29 64 5977652.789
29 65 3851559.27
29 66 3178114.298
29 67 6248711.247
29 68 8358854.608
29 69 1092496.24
29 70 1860246.25
29 71 1565464.27
29 72 5846433.709
29 73 5059227.474
29 74 10208413.3
29 75 4143856.252
29 76 7491969.153
29 77 5198208.274
29 78 6040867.537
29 79 6742488.001
29 80 2827643.053
29 81 6246214.212
29 82 6619280.602
29 83 1862115.764
29 84 4545702.937
29 85 6787194.879
29 86 8014598.997
29 87 4498086.895
29 88 5757113.211
29 89 3537601.509
29 90 3347129.434
29 91 9166944.676
29 92 6921196.325
29 93 5932981.079
29 94 6254481.89
29 95 5390050.171
29 96 5363962.564
29 97 6204064.184
29 98 5087967.932
29 99 5152185.79
30 31 3645413.141
30 32 6204818.845
30 33 3548214.778
30 34 1581664.327
30 35 5269209.442
30 36 7193757.746
30 37 4842175.245
30 38 2176259.919
30 39 2883611.848
30 40 4860640.377
30 41 2126430.29
30 42 1955188.114
30 43 7971208.394
30 44 7164616.221
30 45 1436309.246
30 46 3801880.653
30 47 8385824.224
30 48 5860030.539
30 49 2416737.226
30 50 2465576.317
30 51 7812625.711
30 52 8694604.851
30 53 4606403.488
30 54 5081915.184
30 55 3252878.395
30 56 5324723.511
30 57 2727213.12
30 58 1368893.637
30 59 7451682.47
30 60 2544498.599
30 61 3307002.786
30 62 6235398.276
30 63 4185960.928
30 64 4033996.008
30 65 4022703.191
30 66 5387899.581
30 67 3798885.09
30 68 6869304.055
30 69 2831180.979
30 70 895915.203
30 71 1802734.21
30 72 3515376.352
30 73 3011954.272
30 74 9449181.119
30 75 4060578.023
30 76 5774847.445
30 77 2720558.861
30 78 5127074.436
30 79 4952465.525
30 80 366930.0665
30 81 6169319.494
30 82 5469715.146
30 83 2397313.535
30 84 2319933.135
30 85 4485679.65
30 86 7171584.007
30 87 2497986.264
30 88 3574198.418
30 89 2384763.036
30 90 914275.2207
30 91 6823951.68
30 92 5744202.99
30 93 6046624.73
30 94 3818583.224
30 95 7056033.166
30 96 3313401.949
30 97 6598664.668
30 98 5304363.008
30 99 5088714.576
31 32 9220365.815
31 33 6312798.869
31 34 2339908.168
31 35 7608462.814
31 36 10622348.85
31 37 8392184.774
31 38 3701460.111
31 39 6439784.592
31 40 7758946.995
31 41 5721178.184
31 42 3218331.982
31 43 11616485.19
31 44 9449007.517
31 45 2214652.185
31 46 5747617.768
31 47 12029321.85
31 48 9010149.595
31 49 3850266.782
31 50 4145278.253
31 51 11455822.55
31 52 12332860.03
31 53 8251364.468
31 54 8434692.176
31 55 6677207.144
31 56 8923529.728
31 57 3022156.57
31 58 4355028.48
31 59 11095234.52
31 60 6058220.533
31 61 3916782.418
31 62 8439854.622
31 63 7496108.104
31 64 7392426.005
31 65 7365597.509
31 66 7005282.968
31 67 6156240.307
31 68 10387113.3
31 69 5067696.336
31 70 3032594.805
31 71 2564499.158
31 72 6385447.04
31 73 6373174.038
31 74 13094480.48
31 75 7508909.689
31 76 9204184.842
31 77 5009248.243
31 78 8772110.683
31 79 8369844.55
31 80 3840350.141
31 81 9675019.172
31 82 9101732.916
31 83 2167047.893
31 84 5583635.307
31 85 7297634.725
31 86 10816896.63
31 87 5953974.862
31 88 6714508.636
31 89 1440529.735
31 90 3584065.038
31 91 9304499.943
31 92 9369746.701
31 93 9480495.182
31 94 6260151.424
31 95 9403567.224
31 96 6639466.134
31 97 9918483.796
31 98 8676875.956
31 99 8565848.937
32 33 2910975.241
32 34 6924115.083
32 35 2308798.865
32 36 7446272.687
32 37 2765777.027
32 38 5568487.954
32 39 5470395.135
32 40 7991926.669
32 41 5406462.805
32 42 6022114.417
32 43 5485503.647
32 44 10591898.02
32 45 7379098.311
32 46 8818603.836
32 47 5450203.651
32 48 7838584.769
32 49 5475979.726
32 50 8241381.535
32 51 5582962.62
32 52 5441254.694
32 53 4113999.625
32 54 6767564.118
32 55 3137776.292
32 56 3180824.998
32 57 8893273.193
32 58 4996049.261
32 59 4869665.196
32 60 5704226.478
32 61 5886564.902
32 62 10060963.91
32 63 6623472.988
32 64 6414557.069
32 65 2362631.048
32 66 3792758.357
32 67 8364239.45
32 68 6711018.277
32 69 4212197.56
32 70 6358165.311
32 71 6655874.352
32 72 7472990.423
32 73 6232568.317
32 74 6511952.994
32 75 2594197.533
32 76 6707735.809
32 77 7920742.474
32 78 4153527.941
32 79 6442686.008
32 80 6297874.322
32 81 2435346.942
32 82 4894554.617
32 83 7115561.759
32 84 6434475.983
32 85 7989919.807
32 86 5011896.508
32 87 5920490.521
32 88 6933332.122
32 89 8368407.707
32 90 6963595.172
32 91 10007148.58
32 92 5103481.834
32 93 1919498.029
32 94 8265115.677
32 95 2210911.968
32 96 6377220.748
32 97 1442918.931
32 98 1651080.333
32 99 2238765.502
33 34 4036367.757
33 35 1793679.996
33 36 7543546.257
33 37 3112690.868
33 38 2663478.082
33 39 4011979.538
33 40 6771689.445
33 41 3565819.729
33 42 3111325.77
33 43 6787910.325
33 44 9416752.2
33 45 4553254.416
33 46 6822785.848
33 47 6989255.082
33 48 7138292.034
33 49 2587999.956
33 50 5867998.528
33 51 6758576.006
33 52 7147008.107
33 53 3946750.927
33 54 6069192.855
33 55 1679731.823
33 56 3796792.235
33 57 6273350.589
33 58 2214883.308
33 59 6151621.463
33 60 4044391.504
33 61 3136232.292
33 62 8675057.589
33 63 5536482.761
33 64 5315206.491
33 65 1701187.645
33 66 2523726.068
33 67 6539919.832
33 68 6932486.536
33 69 1334276.724
33 70 3524652.174
33 71 3748878.861
33 72 5826081.659
33 73 4696864.169
33 74 8135438.461
33 75 2110874.383
33 76 6374511.226
33 77 5789623.456
33 78 4318868.566
33 79 5786993.496
33 80 3732561.286
33 81 3976219.229
33 82 5027841.867
33 83 4205962.122
33 84 4552596.215
33 85 6600913.507
33 86 6076604.471
33 87 4207672.704
33 88 5473218.557
33 89 5523185.678
33 90 4411022.45
33 91 8915653.345
33 92 5322727.405
33 93 3602444.848
33 94 6485109.209
33 95 3518713.251
33 96 4946811.89
33 97 3797162.969
33 98 2760893.969
33 99 2951230.512
34 35 5486650.044
34 36 8774437.456
34 37 6081205.252
34 38 1612061.164
34 39 4456643.544
34 40 6351861.61
34 41 3692001.758
34 42 1126254.587
34 43 9418844.293
34 44 8505049.164
34 45 805464.7955
34 46 4928148.932
34 47 9801791.467
34 48 7415788.571
34 49 1832422.541
34 50 3345617.433
34 51 9278634.031
34 52 10085414.94
34 53 6051057.372
34 54 6661159.864
34 55 4345481.598
34 56 6636716.096
34 57 2927903.208
34 58 2015489.065
34 59 8870663.696
34 60 4125248.293
34 61 2375466.435
34 62 7535538.153
34 63 5758606.674
34 64 5611477.055
34 65 5025878.153
34 66 5162198.812
34 67 5087176.928
34 68 8439163.971
34 69 2881645.119
34 70 752119.319
34 71 471434.9666
34 72 4974252.561
34 73 4585409.805
34 74 10892676.82
34 75 5176738.757
34 76 7356194.372
34 77 3919500.224
34 78 6569464.479
34 79 6534121.253
34 80 1897675.634
34 81 7346685.164
34 82 6975443.614
34 83 863193.2326
34 84 3866027.81
34 85 5946991.647
34 86 8620820.709
34 87 4078727.345
34 88 5110123.516
34 89 1555858.639
34 90 2027241.17
34 91 8220543.872
34 92 7258692.144
34 93 7142648.287
34 94 5138997.986
34 95 7310731.972
34 96 4883728.565
34 97 7580470.752
34 98 6337050.737
34 99 6234783.675
35 36 8792120.753
35 37 4021688.979
35 38 3924955.198
35 39 5695068.182
35 40 8446757.296
35 41 5320107.92
35 42 4422175.175
35 43 7435239.66
35 44 11104104.26
35 45 6113599.203
35 46 8615010.599
35 47 7503662.121
35 48 8672610.017
35 49 3759399.655
35 50 7642636.168
35 51 7475177.388
35 52 7561474.186
35 53 5176423.204
35 54 7583058.693
35 55 3197033.172
35 56 4653649.088
35 57 7970819.275
35 58 3903942.215
35 59 6793627.103
35 60 5774079.186
35 61 3899525.886
35 62 10401594.22
35 63 7157580.378
35 64 6935089.841
35 65 2805045.288
35 66 1495900.218
35 67 8319613.292
35 68 8115997.336
35 69 2607454.468
35 70 5103794.287
35 71 5117191.852
35 72 7577733.601
35 73 6413112.615
35 74 8616735.811
35 75 3245276.2
35 76 7767376.812
35 77 7583259.202
35 78 5428123.7
35 79 7280057.132
35 80 5484521.99
35 81 4362837.166
35 82 6188696.586
35 83 5441663.326
35 84 6326259.933
35 85 8312026.684
35 86 6833564.085
35 87 5950681.772
35 88 7185683.318
35 89 7032797.477
35 90 6157146.205
35 91 10579962.44
35 92 6458509.251
35 93 3869552.325
35 94 8259794.02
35 95 1825933.361
35 96 6644242.3
35 97 3670306.34
35 98 3190932.333
35 99 3644942.961
36 37 4813796.629
36 38 8756036.472
36 39 4330043.66
36 40 3434024.478
36 41 5100878.123
36 42 8827221.566
36 43 3208146.394
36 44 4616487.178
36 45 8486353.855
36 46 5880282.958
36 47 3759929.498
36 48 2063513.943
36 49 8900392.132
36 50 6874493.537
36 51 2914260.408
36 52 4184641.98
36 53 3628101.825
36 54 2200514.588
36 55 5870607.439
36 56 4277122.645
36 57 8179783.445
36 58 7367678.931
36 59 3372528.239
36 60 4649296.134
36 61 9842608.791
36 62 4776318.279
36 63 3139817.854
36 64 3230395.717
36 65 6009730.896
36 66 10003857.68
36 67 5190881.763
36 68 752327.0479
36 69 8263601.329
36 70 8054195.977
36 71 8937667.919
36 72 4482440.839
36 73 4251441.456
36 74 4078405.494
36 75 5562598.269
36 76 1422823.562
36 77 5959776.222
36 78 3376248.918
36 79 2255775.659
36 80 6900290.133
36 81 5132800.73
36 82 2610304.001
36 83 9560608.223
36 84 5038718.389
36 85 3880736.705
36 86 2961646.324
36 87 4708812.99
36 88 3980667.791
36 89 9193113.036
36 90 7040649.879
36 91 4020462.477
36 92 2360825.251
36 93 5597960.041
36 94 5030649.337
36 95 9608686.943
36 96 3983300.317
36 97 6348001.182
36 98 5845543.493
36 99 5279107.199
37 38 5254537.596
37 39 3050463.776
37 40 5305361.701
37 41 3274467.873
37 42 5554546.327
37 43 3681964.638
37 44 7859738.667
37 45 6248034.723
37 46 6479486.571
37 47 3921612.282
37 48 5073455.984
37 49 5288526.608
37 50 6274701.816
37 51 3645953.373
37 52 4126820.47
37 53 1348776.271
37 54 4007040.195
37 55 1785425.381
37 56 684172.9544
37 57 7210267.065
37 58 4103589.23
37 59 3051836.991
37 60 3383612.797
37 61 6062652.396
37 62 7384480.826
37 63 3939049.058
37 64 3742669.615
37 65 1411549.588
37 66 5344608.222
37 67 5932168.771
37 68 4113459.578
37 69 4232403.226
37 70 5360927.4
37 71 5993780.72
37 72 4983335.231
37 73 3770250.974
37 74 5065239.825
37 75 1028084.393
37 76 3955607.934
37 77 5739167.935
37 78 1440706.968
37 79 3681635.384
37 80 4777435.881
37 81 1351292.161
37 82 2205999.619
37 83 6588587.459
37 84 4182309.379
37 85 5359106.006
37 86 2964140.842
37 87 3607118.146
37 88 4378743.068
37 89 7223433.472
37 90 5338446.049
37 91 7265478.094
37 92 2456586.721
37 93 1392137.309
37 94 5810956.3
37 95 4831531.36
37 96 3845320.029
37 97 2168123.067
37 98 1116508.63
37 99 534531.7043
38 39 4498336.826
38 40 6891623.302
38 41 3755416.418
38 42 499514.2111
38 43 8836291.93
38 44 9302117.954
38 45 2347520.905
38 46 5973264.994
38 47 9145214.783
38 48 7728326.148
38 49 249629.1816
38 50 4550646.387
38 51 8741502.87
38 52 9375574.196
38 53 5568799.104
38 54 6817029.241
38 55 3472000.051
38 56 5888325.807
38 57 4423371.886
38 58 1388809.254
38 59 8238924.41
38 60 4279292.139
38 61 1162932.89
38 62 8391883.89
38 63 6010231.56
38 64 5823178.676
38 65 3992446.389
38 66 3554951.375
38 67 5968188.568
38 68 8300640.026
38 69 1370094.45
38 70 1502717.565
38 71 1200257.014
38 72 5607063.568
38 73 4877288.216
38 74 10276170.62
38 75 4253960.807
38 76 7389073.15
38 77 4895169.359
38 78 6058055.11
38 79 6621846.146
38 80 2534026.671
38 81 6388990.93
38 82 6605504.668
38 83 1552509.184
38 84 4323685.686
38 85 6558773.078
38 86 8059062.913
38 87 4318139.696
38 88 5553094.705
38 89 3165092.699
38 90 3020167.605
38 91 8930628.905
38 92 6905620.176
38 93 6099309.401
38 94 5980745.795
38 95 5738999.019
38 96 5184196.852
38 97 6411173.474
38 98 5258588.764
38 99 5283851.994
39 40 2760554.836
39 41 770867.5916
39 42 4520592.039
39 43 5315979.828
39 44 5412337.106
39 45 4242865.445
39 46 3430953.308
39 47 5795295.751
39 48 3275464.563
39 49 4668641.841
39 50 3377729.495
39 51 5117719.778
39 52 6154990.753
39 53 2149246.384
39 54 2319239.45
39 55 2530110.813
39 56 3216280.627
39 57 4498607.042
39 58 3120009.208
39 59 4879765.372
39 60 412504.7753
39 61 5629719.053
39 62 4718530.369
39 63 1574597.803
39 64 1365035.928
39 65 3167734.666
39 66 6504699.772
39 67 2910520.861
39 68 3985768.112
39 69 4275555.432
39 70 3727770.414
39 71 4607679.582
39 72 2002683.709
39 73 762941.3823
39 74 6778126.429
39 75 2876829.483
39 76 2924251.405
39 77 2724013.101
39 78 2616826.929
39 79 2129683.007
39 80 2618804.53
39 81 4333485.819
39 82 2732530.768
39 83 5231414.961
39 84 1183958.672
39 85 2621899.552
39 86 4532298.678
39 87 604576.3922
39 88 1504039.495
39 89 5057568.834
39 90 2900724.232
39 91 4903785.285
39 92 2973591.564
39 93 4442595.948
39 94 2802237.895
39 95 7123230.828
39 96 951817.4857
39 97 5204131.309
39 98 3996813.147
39 99 3518940.311
40 41 3293006.96
40 42 6781105.193
40 43 5969917.192
40 44 2658506.601
40 45 5841408.347
40 46 2469054.416
40 47 6542655.908
40 48 1408731.858
40 49 7100090.999
40 50 3699385.764
40 51 5690736.425
40 52 6970610.579
40 53 4017185.415
40 54 1633489.105
40 55 5259686.903
40 56 5171058.824
40 57 4998470.099
40 58 5607278.799
40 59 5806727.031
40 60 2766784.081
40 61 8054459.094
40 62 2079194.086
40 63 1369763.354
40 64 1577571.641
40 65 5819217.052
40 66 9253668.237
40 67 1802590.311
40 68 3614122.997
40 69 6934081.068
40 70 5750149.797
40 71 6649897.438
40 72 1391045.456
40 73 2106323.074
40 74 7204955.939
40 75 5463680.998
40 76 2357328.713
40 77 2780554.967
40 78 4227779.261
40 79 1887475.744
40 80 4501533.77
40 81 6336728.04
40 82 3793457.874
40 83 7209763.757
40 84 2569939.636
40 85 482173.105
40 86 5363671.69
40 87 2650966.497
40 88 1353810.572
40 89 6326002.181
40 90 4359759.977
40 91 2144771.493
40 92 3827745.408
40 93 6609102.22
40 94 1650773.426
40 95 9807907.98
40 96 1831596.638
40 97 7426467.895
40 98 6392777.743
40 99 5834822.339
41 42 3758230.881
41 43 5944778.34
41 44 5891957.822
41 45 3512325.275
41 46 3419968.028
41 47 6396973.53
41 48 3979418.124
41 49 3935107.974
41 50 3000271.566
41 51 5764411.734
41 52 6736299.745
41 53 2646198.774
41 54 3068615.754
41 55 2302657.001
41 56 3579846.45
41 57 3988698.15
41 58 2391989.775
41 59 5468748.507
41 60 537181.7676
41 61 4898494.333
41 62 5115109.848
41 63 2260792.751
41 64 2068829.391
41 65 3045653.791
41 66 5990564.013
41 67 3026466.717
41 68 4747177.063
41 69 3643438.73
41 70 2959293.262
41 71 3836947.378
41 72 2260660.473
41 73 1188122.458
41 74 7418371.614
41 75 2851139.822
41 76 3694306.02
41 77 2527629.99
41 78 3152441.739
41 79 2893865.32
41 80 1882713.622
41 81 4615181.31
41 82 3389788.642
41 83 4461161.31
41 84 1038935.058
41 85 3063511.386
41 86 5150225.784
41 87 650352.401
41 88 1948687.088
41 89 4364717.601
41 90 2244965.016
41 91 5426015.437
41 92 3651325.842
41 93 4640667.24
41 94 2953067.658
41 95 6867791.356
41 96 1479101.204
41 97 5346256.224
41 98 4074956.956
41 99 3674754.375
42 43 9078413.029
42 44 9119801.593
42 45 1889248.97
42 46 5698519.393
42 47 9410053.653
42 48 7692959.845
42 49 706642.5089
42 50 4215933.806
42 51 8969828.857
42 52 9656594.076
42 53 5765421.653
42 54 6825358.164
42 55 3770131.346
42 56 6168373.099
42 57 3993014.412
42 58 1518213.017
42 59 8493865.719
42 60 4263247.478
42 61 1383720.548
42 62 8187823.15
42 63 5983302.314
42 64 5807095.114
42 65 4346603.485
42 66 4036297.813
42 67 5745197.571
42 68 8406909.476
42 69 1850114.276
42 70 1157039.37
42 71 701136.9147
42 72 5458658.199
42 73 4826800.949
42 74 10531803.46
42 75 4576065.143
42 76 7438602.079
42 77 4634405.515
42 78 6266994.736
42 79 6650033.189
42 80 2322026.326
42 81 6733656.119
42 82 6774451.722
42 83 1098142.309
42 84 4214476.346
42 85 6423793.728
42 86 8292550.691
42 87 4276187.417
42 88 5462995.832
42 89 2672590.817
42 90 2724587.103
42 91 8775058.195
42 92 7071056.594
42 93 6467841.95
42 94 5770142.121
42 95 6237741.72
42 96 5134548.922
42 97 6816459.573
42 98 5633985.213
42 99 5621552.649
43 44 7739152.875
43 45 9403728.749
43 46 8111885.588
43 47 578060.6958
43 48 4889804.845
43 49 8898542.356
43 50 8601681.452
43 51 296777.7907
43 52 1012407.192
43 53 3370221.528
43 54 4348378.666
43 55 5393660.958
43 56 3002452.74
43 57 9795817.848
43 58 7570241.183
43 59 644240.2996
43 60 5727604.465
43 61 9716659.609
43 62 7732969.536
43 63 5018052.84
43 64 4961061.242
43 65 5088869.38
43 66 8870291.003
43 67 7424796.267
43 68 2585303.875
43 69 7902281.315
43 70 8668606.631
43 71 9421697.304
43 72 6507696.465
43 73 5693445.307
43 74 1478005.853
43 75 4706315.809
43 76 3635672.242
43 77 7802229.869
43 78 2850274.177
43 79 4148009.584
43 80 7792652.901
43 81 3091583.555
43 82 2587511.421
43 83 10043418.1
43 84 6427902.519
43 85 6298908.254
43 86 799686.746
43 87 5896347.948
43 88 5858262.705
43 89 10299926.38
43 90 8186829.394
43 91 7122361.496
43 92 2377448.906
43 93 3605422.416
43 94 7265814.336
43 95 7675968.017
43 96 5556774.157
43 97 4098484.707
43 98 4249822.416
43 99 3873956.063
44 45 7864338.339
44 46 3706116.389
44 47 8311109.282
44 48 2951786.705
44 49 9527280.759
44 50 5340885.1
44 51 7442681.706
44 52 8744193.271
44 53 6528366.122
44 54 3894343.321
44 55 7918179.578
44 56 7635460.163
44 57 6445157.44
44 58 8103251.711
44 59 7755832.563
44 60 5383300.355
44 61 10456829.23
44 62 1009537.324
44 63 3992321.866
44 64 4210339.137
44 65 8467414.643
44 66 11880061.11
44 67 3419094.624
44 68 5155719.221
44 69 9499192.076
44 70 8010601.603
44 71 8870152.511
44 72 3715769.428
44 73 4724364.756
44 74 8693856.493
44 75 8100851.855
44 76 4268908.882
44 77 4597879.231
44 78 6644976.276
44 79 4215372.262
44 80 6797819.64
44 81 8768287.749
44 82 6069524.398
44 83 9364745.415
44 84 5037707.43
44 85 2828580.807
44 86 7308896.417
44 87 5241702.998
44 88 3949216.149
44 89 8101261.107
44 90 6482352.223
44 91 626346.0008
44 92 6012670.795
44 93 9096633.263
44 94 3367761.354
44 95 12455971.58
44 96 4470150.915
44 97 9917375.703
44 98 8967031.469
44 99 8394038.258
45 46 4226560.595
45 47 9821594.508
45 48 6991369.432
45 49 2583019.985
45 50 2608104.835
45 51 9241504.268
45 52 10130890.53
45 53 6041482.884
45 54 6322714.74
45 55 4593271.773
45 56 6750086.904
45 57 2123217.22
45 58 2383412.344
45 59 8887468.312
45 60 3871910.279
45 61 3179837.928
45 62 6879197.188
45 63 5394890.259
45 64 5270952.078
45 65 5330003.718
45 66 5898405.15
45 67 4449844.078
45 68 8213025.965
45 69 3513247.139
45 70 1028634.966
45 71 1275935.825
45 72 4450752.533
45 73 4240530.788
45 74 10881720.18
45 75 5418465.459
45 76 7063691.169
45 77 3267013.723
45 78 6561999.772
45 79 6230871.493
45 80 1629613.423
45 81 7559710.387
45 82 6887791.269
45 83 1562915.208
45 84 3471866.32
45 85 5411488.691
45 86 8604291.348
45 87 3784529.422
45 88 4672721.803
45 89 998284.044
45 90 1489831.861
45 91 7615791.618
45 92 7157112.452
45 93 7406570.793
45 94 4517526.034
45 95 7938654.227
45 96 4523041.185
45 97 7911380.523
45 98 6634282.716
45 99 6464188.116
46 47 8662695.402
46 48 3877784.896
46 49 6216404.29
46 50 1643757.634
46 51 7854850.921
46 52 9072217.416
46 53 5450935.455
46 54 3851571.025
46 55 5721284.184
46 56 6590679.323
46 57 2768151.924
46 58 5001720.484
46 59 7832072.242
46 60 3132193.664
46 61 7078549.931
46 62 2699549.634
46 63 3093913.339
46 64 3164668.609
46 65 6462364.931
46 66 9041813.3
46 67 699178.1511
46 68 5974303.565
46 69 6499967.497
46 70 4545235.384
46 71 5335223.412
46 72 1618425.527
46 73 2719914.343
46 74 9453532.827
46 75 6239889.685
46 76 4672451.792
46 77 1086119.722
46 78 5832638.816
46 79 3989313.912
46 80 3456263.042
46 81 7738196.58
46 82 5654310.612
46 83 5769458.2
46 84 2384892.567
46 85 2003048.89
46 86 7415369.95
46 87 2910379.653
46 88 2281877.826
46 89 4396346.407
46 90 2974514.998
46 91 3568660.465
46 92 5786061.243
46 93 7871136.575
46 94 861702.7524
46 95 10248019.45
46 96 2709441.233
46 97 8634886.501
46 98 7414259.981
46 99 6949128.319
47 48 5467699.097
47 49 9194168.045
47 50 9111341.519
47 51 871100.5403
47 52 434685.184
47 53 3781030.468
47 54 4918104.91
47 55 5679435.716
47 56 3261887.966
47 57 10288401.27
47 58 7913868.535
47 59 934142.6589
47 60 6207782.789
47 61 9983890.258
47 62 8310920.678
47 63 5569341.413
47 64 5504812.21
47 65 5304804.277
47 66 8964780.415
47 67 7978512.124
47 68 3155567.911
47 69 8153232.755
47 70 9054860.653
47 71 9782938.123
47 72 7053790.22
47 73 6206343.269
47 74 1146412.63
47 75 4948973.409
47 76 4212456.551
47 77 8326573.021
47 78 3261392.951
47 79 4711342.317
47 80 8223103.674
47 81 3142240.798
47 82 3086605.452
47 83 10399010.82
47 84 6926373.932
47 85 6866438.76
47 86 1269894.356
47 87 6383999.667
47 88 6400457.008
47 89 10734198.83
47 90 8641936.909
47 91 7695476.941
47 92 2899215.306
47 93 3636166.501
47 94 7820298.126
47 95 7605289.89
47 96 6081733.485
47 97 4025045.465
47 98 4353335.95
47 99 4042349.503
48 49 7913171.304
48 50 5041962.383
48 51 4597578.075
48 52 5902208.388
48 53 3724739.028
48 54 1093074.863
48 55 5500999.798
48 56 4764365.162
48 57 6351253.682
48 58 6371379.838
48 59 4841404.535
48 60 3449793.997
48 61 8876774.771
48 62 2843343.998
48 63 1718885.236
48 64 1914400.461
48 65 5903218.455
48 66 9661738.526
48 67 3207488.604
48 68 2370543.486
48 69 7543457.599
48 70 6754722.777
48 71 7661485.46
48 72 2647936.394
48 73 2866996.216
48 74 6001598.621
48 75 5491651.024
48 76 1318992.603
48 77 4115551.118
48 78 3760752.064
48 79 1408796.794
48 80 5521719.501
48 81 5864344.943
48 82 3136401.85
48 83 8254391.17
48 84 3549795.965
48 85 1881293.431
48 86 4392008.582
48 87 3417526.135
48 88 2318732.794
48 89 7569818.635
48 90 5502824.6
48 91 2326108.358
48 92 3063757.729
48 93 6224679.982
48 94 3052872.896
48 95 9832089.316
48 96 2559664.524
48 97 7040991.238
48 98 6189830.877
48 99 5604272.226
49 50 4799608.46
49 51 8811461.736
49 52 9414688.988
49 53 5660676.561
49 54 6987748.535
49 55 3514766.088
49 56 5933073.97
49 57 4667467.449
49 58 1548781.928
49 59 8294580.552
49 60 4463481.425
49 61 963618.2777
49 62 8622091.959
49 63 6194316.836
49 64 6003919.877
49 65 3994000.417
49 66 3329800.535
49 67 6203243.097
49 68 8430600.19
49 69 1263816.196
49 70 1752162.004
49 71 1401885.97
49 72 5826614.6
49 73 5070982.724
49 74 10329482.56
49 75 4276967.856
49 76 7543564.459
49 77 5136956.652
49 78 6142422.317
49 79 6785538.37
49 80 2772002.06
49 81 6390445.159
49 82 6708959.469
49 83 1685504.668
49 84 4535363.543
49 85 6774041.158
49 86 8126980.87
49 87 4510532.851
49 88 5757367.5
49 89 3378467.549
49 90 3267230.885
49 91 9149595.506
49 92 7010264.485
49 93 6083780.715
49 94 6213479.711
49 95 5563907.795
49 96 5377014.039
49 97 6365248.59
49 98 5239628.554
49 99 5292674.377
50 51 8377343.725
50 52 9489258.314
50 53 5525701.694
50 54 4693963.649
50 55 5110338.447
50 56 6551906.144
50 57 1311083.47
50 58 3802652.796
50 59 8215297.132
50 60 2977681.688
50 61 5597552.87
50 62 4338075.604
50 63 3782781.58
50 64 3755950.929
50 65 5901666.357
50 66 7851276.817
50 67 2013568.728
50 68 6807215.664
50 69 5291202.038
50 70 3063137.849
50 71 3776989.348
50 72 2406358.282
50 73 2908423.801
50 74 10029894.43
50 75 5785353.03
50 76 5522566.146
50 77 926503.2274
50 78 5992510.03
50 79 4726406.334
50 80 2182252.349
50 81 7613148.649
50 82 6024761.072
50 83 4166049.39
50 84 2200850.618
50 85 3221841.618
50 86 7841457.322
50 87 2773153.245
50 88 2908516.518
50 89 2763455.946
50 90 1554988.322
50 91 5163935.094
50 92 6224480.451
50 93 7637470.914
50 94 2124865.753
50 95 9380973.194
50 96 3067504.803
50 97 8326066.735
50 98 7038403.075
50 99 6667536.924
51 52 1305757.594
51 53 3228631.791
51 54 4073822.73
51 55 5320523.925
51 56 2962043.424
51 57 9583167.874
51 58 7456673.818
51 59 717051.8011
51 60 5527909.987
51 61 9644912.1
51 62 7440913.058
51 63 4762439.764
51 64 4712398.156
51 65 5057388.374
51 66 8893974.711
51 67 7165406.178
51 68 2288556.802
51 69 7842568.01
51 70 8527165.75
51 71 9294842.099
51 72 6255604.998
51 73 5469334.754
51 74 1660830.127
51 75 4661515.889
51 76 3350317.267
51 77 7567217.762
51 78 2713186.816
51 79 3881114.297
51 80 7623985.85
51 81 3164081.642
51 82 2385243.533
51 83 9919359.478
51 84 6213768.54
51 85 6026071.349
51 86 687279.0177
51 87 5690931.492
51 88 5610057.335
51 89 10126392.05
51 90 8001289.648
51 91 6826127.296
51 92 2156869.467
51 93 3682196.126
51 94 7005782.901
51 95 7784208.699
51 96 5323286.146
51 97 4221068.963
51 98 4284314.381
51 99 3876548.831
52 53 4102237.538
52 54 5343839.631
52 55 5903723.233
52 56 3489079.581
52 57 10652782.57
52 58 8172044.835
52 59 1275645.959
52 60 6567306.516
52 61 10182089.15
52 62 8745374.477
52 63 5980660.588
52 64 5910653.411
52 65 5481575.898
52 66 9037335.395
52 67 8390533.146
52 68 3588477.541
52 69 8343417.042
52 70 9341946.909
52 71 10050632.58
52 72 7460318.137
52 73 6589189.576
52 74 1071563.451
52 75 5147138.492
52 76 4644583.726
52 77 8715986.243
52 78 3586963.02
52 79 5132192.72
52 80 8543640.712
52 81 3226503.66
52 82 3468281.451
52 83 10661721.56
52 84 7297944.709
52 85 7289855.488
52 86 1660434.08
52 87 6748544.487
52 88 6804452.389
52 89 11054745.07
52 90 8979918.747
52 91 8129046.692
52 92 3295689.399
52 93 3696637.481
52 94 8232973.884
52 95 7558120.073
52 96 6473404.036
52 97 4001299.917
52 98 4457402.912
52 99 4196433.42
53 54 2660338.327
53 55 2307117.291
53 56 1169309.342
53 57 6613104.302
53 58 4247601.562
53 59 2847214.157
53 60 2548707.825
53 61 6540781.235
53 62 6092360.734
53 63 2669979.233
53 64 2491834.078
53 65 2382587.471
53 66 6378341.034
53 67 4845352.376
53 68 2988949.547
53 69 4813284.696
53 70 5300050.472
53 71 6068449.921
53 72 3875229.932
53 73 2748065.442
53 74 4846923.626
53 75 1936139.063
53 76 2634308.052
53 77 4855329.742
53 78 520787.9088
53 79 2334773.307
53 80 4443204.591
53 81 2341975.781
53 82 1087250.047
53 83 6694489.873
53 84 3332459.891
53 85 4118451.089
53 86 2571046.453
53 87 2753377.886
53 88 3230909.083
53 89 6954596.192
53 90 4883178.31
53 91 5928650.454
53 92 1387709.045
53 93 2592005.167
53 94 4709404.776
53 95 6147202.997
53 96 2744606.25
53 97 3410274.519
53 98 2465259.826
53 99 1880734.188
54 55 4420019.711
54 56 3742825.006
54 57 5992795.01
54 58 5439015.443
54 59 4173246.152
54 60 2566208.816
54 61 7948371.65
54 62 3579211.411
54 63 940523.919
54 64 1052849.703
54 65 4810253.015
54 66 8592652.93
54 67 3152602.243
54 68 2138091.335
54 69 6534816.522
54 70 5963095.534
54 71 6862180.762
54 72 2335484.595
54 73 2084350.072
54 74 5625437.587
54 75 4398799.729
54 76 834776.2995
54 77 3790554.263
54 78 2750676.342
54 79 325577.9899
54 80 4768158.385
54 81 4874882.757
54 82 2212011.706
54 83 7473770.494
54 84 2855884.856
54 85 1953003.893
54 86 3730325.158
54 87 2584879.937
54 88 1787709.679
54 89 7001414.272
54 90 4859931.685
54 91 3283502.988
54 92 2212331.85
54 93 5205078.628
54 94 2990201.005
54 95 8742734.854
54 96 1800400.499
54 97 6025331.752
54 98 5122979.086
54 99 4540390.247
55 56 2418478.927
55 57 5837243.654
55 58 2341290.842
55 59 4782989.058
55 60 2672302.74
55 61 4324696.68
55 62 7248220.228
55 63 3960568.828
55 64 3738089.264
55 65 795842.955
55 66 4187140.467
55 67 5317082.011
55 68 5274409.992
55 69 2533942.9
55 70 3649652.608
55 71 4227357.845
55 72 4487606.621
55 73 3275117.575
55 74 6815757.92
55 75 831702.6655
55 76 4696398.796
55 77 4791123.455
55 78 2726443.875
55 79 4128828.618
55 80 3270064.156
55 81 3001788.964
55 82 3394367.141
55 83 4812810.252
55 84 3341314.992
55 85 5150713.741
55 86 4633532.553
55 87 2873177.029
55 88 4033690.793
55 89 5586977.626
55 90 3905976.189
55 91 7386367.075
55 92 3694429.563
55 93 2814126.676
55 94 5233780.171
55 95 4600125.71
55 96 3481414.492
55 97 3347066.651
55 98 2051568.679
55 99 1889324.581
56 57 7564723.143
56 58 4691676.048
56 59 2376954.507
56 60 3591034.741
56 61 6725860.613
56 62 7239906.988
56 63 3834447.02
56 64 3659830.803
56 65 2095699.571
56 66 6006136.328
56 67 5999394.105
56 68 3553223.191
56 69 4902841.85
56 70 5903340.284
56 71 6577208.342
56 72 5031908.442
56 73 3873729.692
56 74 4401143.814
56 75 1703899.173
56 76 3561589.476
56 77 5940229.562
56 78 1004852.753
56 79 3420342.025
56 80 5224363.943
56 81 1172796.165
56 82 1716849.766
56 83 7182384.553
56 84 4392008.236
56 85 5285606.187
56 86 2279968.668
56 87 3807941.732
56 88 4393794.382
56 89 7708778.763
56 90 5743448.925
56 91 7026316.821
56 92 1923971.74
56 93 1462651.5
56 94 5866508.334
56 95 5331712.505
56 96 3895058.208
56 97 2282522.463
56 98 1569785.938
56 99 1021075.825
57 58 4071716.947
57 59 9377246.02
57 60 4086822.233
57 61 5303027.273
57 62 5435782.694
57 63 5072424.313
57 64 5032055.602
57 65 6630524.486
57 66 7933083.895
57 67 3263893.642
57 68 8093602.834
57 69 5442713.604
57 70 2955301.01
57 71 3398961.481
57 72 3717351.262
57 73 4129850.092
57 74 11242093.31
57 75 6589580.406
57 76 6817519.703
57 77 2237013.189
57 78 7103123.69
57 79 6011907.934
57 80 2595657.845
57 81 8561423.799
57 82 7208798.591
57 83 3606014.152
57 84 3369420.345
57 85 4518370.807
57 86 9021413.667
57 87 3904722.654
57 88 4205129.384
57 89 1808804.575
57 90 1933745.362
57 91 6336380.694
57 92 7426332.075
57 93 8525616.233
57 94 3390676.125
57 95 9771946.134
57 96 4319791.773
57 97 9156814.718
57 98 7854819.194
57 99 7549988.373
58 59 6992672.096
58 60 2924233.257
58 61 2509934.174
58 62 7235663.584
58 63 4652773.978
58 64 4459529.785
58 65 3010582.385
58 66 4062261.908
58 67 4877666.989
58 68 6919135.914
58 69 1503263.515
58 70 1369498.441
58 71 1890199.593
58 72 4387486.861
58 73 3545419.502
58 74 9029128.554
58 75 3169767.602
58 76 6000828.08
58 77 3919170.098
58 78 4750620.129
58 79 5237662.565
58 80 1620456.948
58 81 5341966.484
58 82 5258243.62
58 83 2490741.726
58 84 3069219.184
58 85 5308499.317
58 86 6781521.016
58 87 2984283.685
58 88 4255684.806
58 89 3375882.387
58 90 2272451.531
58 91 7693335.692
58 92 5555673.982
58 93 5127855.236
58 94 4864812.413
58 95 5700229.241
58 96 3848953.509
58 97 5572118.241
58 98 4321951.636
58 99 4227854.841
59 60 5292148.473
59 61 9100772.833
59 62 7665600.579
59 63 4749668.433
59 64 4667403.864
59 65 4454539.05
59 66 8226460.403
59 67 7156889.464
59 68 2673936.895
59 69 7279795.763
59 70 8123060.355
59 71 8856792.23
59 72 6215802.957
59 73 5318070.053
59 74 2038187.083
59 75 4078698.615
59 76 3539578.749
59 77 7448401.937
59 78 2327953.874
59 79 3937165.82
59 80 7289843.119
59 81 2459269.092
59 82 2199915.369
59 83 9474646.486
59 84 6022715.752
59 85 6097983.614
59 86 449612.1558
59 87 5472918.452
59 88 5556151.118
59 89 9801094.579
59 90 7713500.897
59 91 7131920.34
59 92 2046019.578
59 93 2975745.211
59 94 7001181.195
59 95 7068786.915
59 96 5209049.084
59 97 3504020.2
59 98 3606647.876
59 99 3231034.941
60 61 5427098.967
60 62 4632211.985
60 63 1731120.887
60 64 1545807.551
60 65 3365885.289
60 66 6497267.598
60 67 2661988.669
60 68 4341960.15
60 69 4176487.489
60 70 3409985.164
60 71 4302786.939
60 72 1817116.354
60 73 661273.2058
60 74 7188538.123
60 75 3114807.647
60 76 3231322.829
60 77 2358970.486
60 78 3023675.384
60 79 2413762.496
60 80 2259041.18
60 81 4689550.689
60 82 3143028.9
60 83 4919893.155
60 84 802805.5696
60 85 2558950.738
60 86 4944566.721
60 87 224083.1422
60 88 1434089.748
60 89 4665924.219
60 90 2502693.335
60 91 4905654.214
60 92 3380859.172
60 93 4773161.546
60 94 2569346.644
60 95 7269740.428
60 96 943988.9517
60 97 5517789.277
60 98 4283341.654
60 99 3831584.29
61 62 9539095.81
61 63 7157912.642
61 64 6967252.532
61 65 4708726.568
61 66 3096636.459
61 67 7105886.918
61 68 9358024.233
61 69 1844680.236
61 70 2540731.653
61 71 1904151.768
61 72 6767505.842
61 73 6033440.314
61 74 11126138.4
61 75 5036786.101
61 76 8494865.947
61 77 6009970.611
61 78 7008783.702
61 79 7742966.228
61 80 3670670.611
61 81 7079813.21
61 82 7603772.935
61 83 1860814.864
61 84 5486608.839
61 85 7720995.66
61 86 8958066.078
61 87 5473256.625
61 88 6714976.453
61 89 3796864.767
61 90 4106279.669
61 91 10090980.23
61 92 7906215.531
61 93 6730644.18
61 94 7124073.034
61 95 5607661.029
61 96 6339722.413
61 97 6921411.058
61 98 5885457.028
61 99 6009182.608
62 63 3446865.987
62 64 3649723.877
62 65 7851712.158
62 66 11097537.02
62 67 2451896.967
62 68 5198039.824
62 69 8664939.893
62 70 7064670.299
62 71 7911273.965
62 72 2874125.551
62 73 3988490.573
62 74 8818416.58
62 75 7513101.104
62 76 4126048.298
62 77 3618222.472
62 78 6281245.983
62 79 3877302.071
62 80 5869886.315
62 81 8400436.706
62 82 5790650.519
62 83 8392228.28
62 84 4196257.696
62 85 2098093.39
62 86 7216132.276
62 87 4468565.635
62 88 3217686.407
62 89 7095810.657
62 90 5520426.199
62 91 1054495.364
62 92 5783561.366
62 93 8684146.683
62 94 2417778.883
62 95 11832127.35
62 96 3766864.303
62 97 9502586.485
62 98 8469726.629
62 99 7913603.156
63 64 222527.9887
63 65 4477045.067
63 66 8048441.486
63 67 2409893.666
63 68 3024454.177
63 69 5849944.545
63 70 5075171.023
63 71 5979347.336
63 72 1497023.804
63 73 1174007.807
63 74 6373056.041
63 75 4108798.716
63 76 1747299.601
63 77 2895989.457
63 78 2927075.464
63 79 945341.6898
63 80 3861323.8
63 81 5005891.421
63 82 2604326.728
63 83 6582974.699
63 84 1923492.698
63 85 1454639.407
63 86 4326824.462
63 87 1708521.725
63 88 880286.2896
63 89 6061837.812
63 90 3925330.811
63 91 3436697.377
63 92 2706701.582
63 93 5257098.859
63 94 2252736.888
63 95 8464506.425
63 96 875793.7968
63 97 6071456.446
63 98 5023286.693
63 99 4467116.405
64 65 4257664.953
64 66 7828166.182
64 67 2493494.895
64 68 3064578.89
64 69 5640061.099
64 70 4918775.304
64 71 5820515.252
64 72 1549696.282
64 73 1031518.757
64 74 6337867.961
64 75 3892117.497
64 76 1817747.432
64 77 2889183.443
64 78 2773190.775
64 79 988917.7725
64 80 3716837.192
64 81 4832482.374
64 82 2497401.078
64 83 6428657.55
64 84 1809114.818
64 85 1627023.379
64 86 4252092.495
64 87 1541827.384
64 88 897659.7401
64 89 5962756.067
64 90 3812820.696
64 91 3657485.089
64 92 2621397.456
64 93 5071763.183
64 94 2340512.742
64 95 8245754.866
64 96 752972.8357
64 97 5883663.805
64 98 4820603.016
64 99 4268496.789
65 66 4009075.454
65 67 6027183.653
65 68 5355187.74
65 69 2865387.02
65 70 4358459.064
65 71 4864181.282
65 72 5162142.167
65 73 3928746.022
65 74 6451072.239
65 75 447534.1998
65 76 4962792.361
65 77 5558285.734
65 78 2684643.623
65 79 4499879.863
65 80 4056302.964
65 81 2397227.422
65 82 3427132.017
65 83 5422315.913
65 84 4077475.94
65 85 5757032.824
65 86 4375629.282
65 87 3577411.245
65 88 4662180.033
65 89 6327442.008
65 90 4698103.358
65 91 7912547.564
65 92 3710539.55
65 93 2125975.669
65 94 5934922.963
65 95 3988980.578
65 96 4103902.774
65 97 2582563.543
65 98 1311543.462
65 99 1302411.551
66 67 8853136.417
66 68 9361824.511
66 69 2561686.986
66 70 4977888.849
66 71 4725334.806
66 72 8225953.491
66 73 7157452.626
66 74 10086595.81
66 75 4455602.139
66 76 8879953.013
66 77 7966883.149
66 78 6692768.399
66 79 8308966.004
66 80 5675516.59
66 81 5823175.624
66 82 7435487.654
66 83 4885909.635
66 84 6914769.091
66 85 9052888.977
66 86 8238077.157
66 87 6640742.271
66 88 7931203.673
66 89 6704862.921
66 90 6302013.712
66 91 11397839.1
66 92 7719611.015
66 93 5340834.271
66 94 8818618.779
66 95 2682804.559
66 96 7422343.951
66 97 5166204.262
66 98 4621886.516
66 99 5025836.139
67 68 5275510.638
67 69 6349908.928
67 70 4615244.037
67 71 5459470.16
67 72 971605.347
67 73 2164300.795
67 74 8758691.586
67 75 5771733.066
67 76 3973349.852
67 77 1184379.858
67 78 5204471.895
67 79 3294152.868
67 80 3436022.01
67 81 7158644.991
67 82 4990100.869
67 83 5946037.374
67 84 1996713.073
67 85 1326224.142
67 86 6736268.151
67 87 2450043.948
67 88 1630563.133
67 89 4757669.548
67 90 3068740.525
67 91 3176447.077
67 92 5111548.579
67 93 7318743.42
67 94 162534.7926
67 95 9894209.62
67 96 2104497.779
67 97 8097890.546
67 98 6906724.412
67 99 6418335.794
68 69 7722283.282
68 70 7703698.456
68 71 8568067.849
68 72 4472700.435
68 73 4035471.255
68 74 3631223.433
68 75 4907801.695
68 76 1305160.455
68 77 5916148.278
68 78 2687926.535
68 79 2081795.565
68 80 6599138.087
68 81 4383245.365
68 82 1929633.389
68 83 9196759.434
68 84 4832083.612
68 85 4016526.257
68 86 2247886.396
68 87 4433755.694
68 88 3901490.114
68 89 8974944.197
68 90 6807094.429
68 91 4541297.34
68 92 1658597.264
68 93 4852113.033
68 94 5113019.799
68 95 8883110.366
68 96 3798907.657
68 97 5597545.664
68 98 5123001.299
68 99 4563787.46
69 70 2518303.891
69 71 2529618.563
69 72 5795301.77
69 73 4831486.196
69 74 9297532.022
69 75 3204459.817
69 76 6980492.409
69 77 5419514.431
69 78 5254906.595
69 79 6290931.462
69 80 3113865.577
69 81 5236363.988
69 82 5894868.933
69 83 2922301.935
69 84 4470094.114
69 85 6678214.612
69 86 7155334.343
69 87 4283238.986
69 88 5583664.402
69 89 4425367.903
69 90 3745310.553
69 91 9057357.638
69 92 6197366.704
69 93 4895571.474
69 94 6327598.405
69 95 4433160.343
69 96 5120462.935
69 97 5128655.25
69 98 4049433.259
69 99 4164857.109
70 71 906970.0863
70 72 4394693.752
70 73 3901637.579
70 74 10143065.98
70 75 4480916.952
70 76 6639870.883
70 77 3487411.44
70 78 5818812.53
70 79 5823515.419
70 80 1248791.695
70 81 6643632.994
70 82 6223908.321
70 83 1510822.358
70 84 3215775.368
70 85 5367405.012
70 86 7870292.101
70 87 3378461.376
70 88 4469813.13
70 89 2010266.397
70 90 1570812.096
70 91 7688908.466
70 92 6507719.722
70 93 6459969.483
70 94 4648436.466
70 95 6926393.476
70 96 4204683.331
70 97 6931731.123
70 98 5668870.118
70 99 5536277.854
71 72 5286945.556
71 73 4806385.02
71 74 10888768.89
71 75 5052034.831
71 76 7527705.96
71 77 4305818.107
71 78 6581702.293
71 79 6716120.173
71 80 2151915.921
71 81 7223409.81
71 82 7031698.247
71 83 631229.9285
71 84 4122268.199
71 85 6260594.942
71 86 8627460.298
71 87 4279048.363
71 88 5375876.22
71 89 1979546.369
71 90 2390906.99
71 91 8565582.028
71 92 7321353.651
71 93 6989817.011
71 94 5502639.679
71 95 6935386.647
71 96 5110107.005
71 97 7385030.575
71 98 6168742.679
71 99 6108439.964
72 73 1240582.029
72 74 7870033.564
72 75 4879506.168
72 76 3170214.137
72 77 1482615.237
72 78 4233261.474
72 79 2424277.423
72 80 3151072.825
72 81 6194012.192
72 82 4035885.838
72 83 5834867.893
72 84 1325468.536
72 85 973784.6103
72 86 5801747.181
72 87 1628394.899
72 88 664067.0181
72 89 4948418.48
72 90 2971428.262
72 91 3323574.063
72 92 4170102.161
72 93 6365146.3
72 94 834604.1669
72 95 9086497.992
72 96 1140889.696
72 97 7151251.755
72 98 5980138.008
72 99 5477988.663
73 74 7123530.37
73 75 3639433.059
73 76 2831294.676
73 77 2137554.688
73 78 3163769.683
73 79 1996883.275
73 80 2688757.838
73 81 5018289.615
73 82 3121228.719
73 83 5409017.417
73 84 796629.2165
73 85 1904127.481
73 86 4936629.854
73 87 561202.7243
73 88 776387.71
73 89 4949151.188
73 90 2789770.459
73 91 4244381.011
73 92 3316113.157
73 93 5159305.205
73 94 2049237.786
73 95 7874036.34
73 96 307824.0614
73 97 5934349.9
73 98 4746012.736
73 99 4254038.187
74 75 6093073.483
74 76 4848010.011
74 77 9209351.464
74 78 4326532.783
74 79 5464552.334
74 80 9269966.429
74 81 4265203.203
74 82 4045605.327
74 83 11508427.99
74 84 7872728.794
74 85 7572574.036
74 86 2277597.597
74 87 7351702.051
74 88 7234057.096
74 89 11776352.71
74 90 9658229.861
74 91 8098676.457
74 92 3816186.16
74 93 4747643.142
74 94 8597516.252
74 95 8628235.299
74 96 6969447.804
74 97 5072616.831
74 98 5486559.385
74 99 5187572.074
75 76 4526823.299
75 77 5378695.749
75 78 2240073.508
75 79 4084856.14
75 80 4053672.585
75 81 2172253.65
75 82 2980070.15
75 83 5631113.144
75 84 3861887.781
75 85 5425993.32
75 86 3976497.925
75 87 3333251.611
75 88 4350075.107
75 89 6410008.971
75 90 4669105.416
75 91 7537165.305
75 92 3264352.786
75 93 1988943.905
75 94 5671315.664
75 95 4362551.976
75 96 3792238.488
75 97 2567257.075
75 98 1265341.885
75 99 1058284.946
76 77 4622957.154
76 78 2562072.059
76 79 834411.6833
76 80 5478576.033
76 81 4613472.465
76 82 1871845.375
76 83 8148324.589
76 84 3621666.011
76 85 2732829.98
76 86 3090087.923
76 87 3286512.299
76 88 2614109.949
76 89 7777648.416
76 90 5621064.802
76 91 3642727.926
76 92 1763000.171
76 93 5004320.629
76 94 3810816.145
76 95 8779017.373
76 96 2568794.62
76 97 5810809.838
76 98 5059021.252
76 99 4471702.721
77 78 5292423.314
77 79 3841264.171
77 80 2371781.996
77 81 7048292.487
77 82 5248734.189
77 83 4774445.576
77 84 1557261.653
77 85 2306430.704
77 86 7058769.639
77 87 2137458.202
77 88 2015994.2
77 89 3594113.771
77 90 1920628.6
77 91 4359135.292
77 92 5428223.706
77 93 7125564.888
77 94 1264510.05
77 95 9250126.635
77 96 2245567.705
77 97 7855997.522
77 98 6597104.97
77 99 6173891.799
78 79 2431158.252
78 80 4961889.325
78 81 2125748.191
78 82 766152.5293
78 83 7206566.082
78 84 3792696.585
78 85 4380608.94
78 86 2051511.685
78 87 3220705.593
78 88 3575771.454
78 89 7473158.408
78 90 5393973.72
78 91 6032590.857
78 92 1030964.813
78 93 2463982.438
78 94 5062090.204
78 95 6264394.224
78 96 3125301.383
78 97 3281340.647
78 98 2512204.98
78 99 1929599.696
79 80 4651100.59
79 81 4556507.22
79 82 1916751.233
79 83 7333632.93
79 84 2787802.886
79 85 2161409.653
79 86 3499605.204
79 87 2458483.137
79 88 1825346.173
79 89 6943847.319
79 90 4786653.641
79 91 3606366.83
79 92 1940288.074
79 93 4882172.918
79 94 3133071.417
79 95 8423447.62
79 96 1736628.857
79 97 5702661.387
79 98 4797667.312
79 99 4214904.509
80 81 6118574.887
80 82 5262306.728
80 83 2733188.472
80 84 1974217.491
80 85 4122332.357
80 86 6994194.819
80 87 2192642.493
80 88 3225503.573
80 89 2511396.179
80 90 679859.9731
80 91 6457485.375
80 92 5529402.988
80 93 6026321.23
80 94 3453652.8
80 95 7250758.75
80 96 2986181.714
80 97 6612719.143
80 98 5311944.341
80 99 5058213.894
81 82 2741793.501
81 83 7798210.218
81 84 5492135.246
81 85 6457894.506
81 86 2577093.021
81 87 4910855.458
81 88 5560898.581
81 89 8543150.302
81 90 6687609.632
81 91 8153826.36
81 92 2880447.223
81 93 518883.0694
81 94 7028245.45
81 95 4645951.111
81 96 5054584.369
81 97 1217495.479
81 98 1235386.778
81 99 1114994.798
82 83 7661967.404
82 84 3842264.98
82 85 4017050.421
82 86 1816763.712
82 87 3309062.928
82 88 3372810.39
82 89 7754491.577
82 90 5619377.693
82 91 5448343.996
82 92 302860.7618
82 93 3137989.399
82 94 4837812.128
82 95 7022848.543
82 96 3009518.098
82 97 3940407.758
82 98 3263685.196
82 99 2686035.694
83 84 4707279.219
83 85 6808040.414
83 86 9250291.031
83 87 4888993.508
83 88 5956643.505
83 89 1962140.552
83 90 2890041.143
83 91 9083436.325
83 92 7951988.062
83 93 7547302.967
83 94 5999928.436
83 95 7237522.801
83 96 5710715.393
83 97 7910964.992
83 98 6717944.949
83 99 6683747.76
84 85 2242116.635
84 86 5657540.063
84 87 584101.5081
84 88 1254907.286
84 89 4156046.087
84 90 2004216.052
84 91 4625286.597
84 92 4056917.906
84 93 5569831.76
84 94 1933603.802
84 95 7900793.961
84 96 1056454.412
84 97 6306462.874
84 98 5058523.455
84 99 4621974.922
85 86 5661013.781
85 87 2413199.032
85 88 1128021.707
85 89 5868201.809
85 90 3938799.105
85 91 2385200.712
85 92 4083146.077
85 93 6697721.832
85 94 1171959.142
85 95 9734636.557
85 96 1670112.022
85 97 7508093.18
85 98 6422056.499
85 99 5880318.957
86 87 5117935.413
86 88 5144829.046
86 89 9502277.242
86 90 7393714.689
86 91 6684635.498
86 92 1635258.158
86 93 3095019.979
86 94 6579531.793
86 95 7221689.39
86 96 4814811.19
86 97 3698890.501
86 98 3645231.577
86 99 3213538.293
87 88 1301474.591
87 89 4548943.81
87 90 2380202.608
87 91 4778678.333
87 92 3537923.558
87 93 4996943.566
87 94 2361622.629
87 95 7465780.617
87 96 866482.2606
87 97 5741850.376
87 98 4506366.943
87 99 4055662.466
88 89 5274634.678
88 90 3184670.025
88 91 3477483.644
88 92 3511352.961
88 93 5750489.675
88 94 1486366.125
88 95 8626763.363
88 96 558491.8406
88 97 6545570.299
88 98 5403313.017
88 99 4884348.529
89 90 2169045.291
89 91 7924537.424
89 92 8013816.385
89 93 8398797.643
89 94 4853873.887
89 95 8858311.65
89 96 5209973.816
89 97 8909187.778
89 98 7630558.914
89 99 7452233.607
90 91 6193395.241
90 92 5870059.444
90 93 6623498.125
90 94 3114738.941
90 95 7928563.584
90 96 3060569.674
90 97 7235300.382
90 98 5932957.433
90 99 5650017.081
91 92 5388160.183
91 93 8488452.997
91 94 3098983.489
91 95 11897778.62
91 96 3975508.762
91 97 9308804.233
91 98 8376008.131
91 99 7800005.265
92 93 3304252.319
92 94 4956323.279
92 95 7251440.217
92 96 3182897.268
92 97 4092194.458
92 98 3488035.293
92 99 2918624.701
93 94 7195306.314
93 95 4130405.771
93 96 5224981.724
93 97 820928.5711
93 98 846235.5107
93 99 975790.7955
94 95 9819061.793
94 96 1974046.909
94 97 7978024.337
94 98 6795089.918
94 99 6301058.975
95 96 8070991.056
95 97 3583717.101
95 98 3763497.583
95 99 4336814.912
96 97 6013440.45
96 98 4856017.511
96 99 4344455.442
97 98 1302360.811
97 99 1686553.769
98 99 587804.2143
