4950
0 1 1944070.443
0 2 5735282.651
0 3 5016640.422
0 4 7702251.708
0 5 1297937.933
0 6 10305419.55
0 7 8163384.608
0 8 7859209.845
0 9 6399606.332
0 10 7126082.58
0 11 8338999.243
0 12 3817641.333
0 13 6605418.04
0 14 3888426.865
0 15 6799954.142
0 16 8961309.436
0 17 1525738.252
0 18 4636756.815
0 19 4186350.598
0 20 6774221.664
0 21 2814791.113
0 22 9814512.122
0 23 8263956.52
0 24 8435666.093
0 25 7511322.796
0 26 6600401.897
0 27 10357358.05
0 28 6797946.871
0 29 6729532.399
0 30 712506.4238
0 31 3983066.176
0 32 3002746.747
0 33 4612061.086
0 34 7448224.234
0 35 4506572.331
0 36 4064132.767
0 37 3532082.682
0 38 7731910.339
0 39 6964623.363
0 40 4261764.155
0 41 4539177.221
0 42 6125064.838
0 43 3449658.249
0 44 8682018.037
0 45 7192560.849
0 46 7495130.394
0 47 8158069.399
0 48 3721115.001
0 49 1617289.719
0 50 8051625
0 51 3500996.478
0 52 5426549.614
0 53 6864091.193
0 54 5762902.595
0 55 4347153.229
0 56 10668108.3
0 57 8886899.973
0 58 6691996.782
0 59 4679766.226
0 60 7218804.024
0 61 9665708.771
0 62 4716803.755
0 63 7439434.015
0 64 9282384.422
0 65 826233.7285
0 66 3261024.296
0 67 1342406.884
0 68 4674458.192
0 69 8856545.69
0 70 4376597.224
0 71 6611062.947
0 72 5842225.195
0 73 5990549.401
0 74 1391119.303
0 75 9027739.909
0 76 8147704.393
0 77 4827409.276
0 78 513317.238
0 79 7819021.156
0 80 2391483.041
0 81 207158.2791
0 82 5426711.455
0 83 7897008.142
0 84 4687941.259
0 85 8744514.615
0 86 4337157.472
0 87 3384521.283
0 88 9465115.459
0 89 8537049.855
0 90 973833.467
0 91 1648840.145
0 92 7939769.849
0 93 5638107.646
0 94 2363215.084
0 95 8210768.114
0 96 2245651.971
0 97 8473092.115
0 98 6596423.322
0 99 3076499.703
1 2 4138688.385
1 3 3513789.846
1 4 6630491.104
1 5 1828287.072
1 6 8361369.197
1 7 6340766.106
1 8 5977667.588
1 9 5178476.27
1 10 5455690.307
1 11 6397467.822
1 12 1926882.122
1 13 5152280.978
1 14 2739342.107
1 15 5906854.077
1 16 7239101.343
1 17 2568462.939
1 18 4154742.151
1 19 2643479.201
1 20 5339802.492
1 21 3078855.29
1 22 7887195.449
1 23 6399132.375
1 24 6507549.067
1 25 5772609.891
1 26 4665062.089
1 27 8423431.3
1 28 4853936.963
1 29 5297122.407
1 30 1453149.107
1 31 2491598.061
1 32 1222309.208
1 33 3651055.07
1 34 5586483.009
1 35 2644350.355
1 36 2136724.998
1 37 2767123.792
1 38 6134909.456
1 39 6401952.698
1 40 3636156.123
1 41 3313360.09
1 42 4278644.287
1 43 2375507.347
1 44 6963747.38
1 45 5469049.757
1 46 5668929.304
1 47 7195965.404
1 48 2608730.737
1 49 955543.9603
1 50 6671201.007
1 51 3141568.664
1 52 4202950.307
1 53 5136280.373
1 54 5109238.633
1 55 3490913.9
1 56 8782630.623
1 57 7150528.829
1 58 5840696.127
1 59 3802481.114
1 60 6590408.987
1 61 7738408.463
1 62 3527281.442
1 63 6076320.834
1 64 7667315.313
1 65 1469945.44
1 66 2936708.007
1 67 613124.4799
1 68 3893555.27
1 69 7273498.187
1 70 3046513.752
1 71 4689616.7
1 72 4010468.651
1 73 4340092.298
1 74 1564107.977
1 75 7122849.58
1 76 6233583.073
1 77 3162487.239
1 78 1488508.795
1 79 6877225.677
1 80 2271378.326
1 81 1738331.105
1 82 4512241.297
1 83 7292025.45
1 84 2751255.564
1 85 7122595.555
1 86 3126781.064
1 87 1935417.941
1 88 7748919.724
1 89 6599889.791
1 90 2178377.191
1 91 2034508.941
1 92 7318624.819
1 93 5280067.821
1 94 1297127.024
1 95 6369352.736
1 96 696668.5654
1 97 6587188.041
1 98 4775060.798
1 99 2447464.581
2 3 767978.2107
2 4 3163758.789
2 5 5966380.272
2 6 5938051.525
2 7 5934678.315
2 8 2838126.872
2 9 7214338.557
2 10 1413946.163
2 11 4076958.758
2 12 2477938.353
2 13 6621906.616
2 14 5715264.987
2 15 3035695.613
2 16 3268187.901
2 17 5299923.513
2 18 3274959.98
2 19 4939809.839
2 20 6809611.92
2 21 4454838.537
2 22 4986783.12
2 23 3061129.578
2 24 3814903.045
2 25 6004646.673
2 26 2722684.807
2 27 5587690.698
2 28 3319081.661
2 29 6784232.988
2 30 5496632.483
2 31 1754342.959
2 32 2920227.136
2 33 6568135.953
2 34 2367073.206
2 35 3802031.705
2 36 2571381.638
2 37 6192748.756
2 38 6875094.277
2 39 4150042.19
2 40 2914244.853
2 41 5928304.394
2 42 4449983.85
2 43 2490654.583
2 44 7003070.167
2 45 5866458.835
2 46 5428566.645
2 47 3864076.89
2 48 2262474.839
2 49 5070603.784
2 50 7986222.443
2 51 3459239.865
2 52 6507166.642
2 53 1279043.026
2 54 3183705.626
2 55 2416658.178
2 56 5392829.991
2 57 3213320.473
2 58 3094935.993
2 59 6791838.544
2 60 4131091.408
2 61 4853687.7
2 62 6124862.289
2 63 2119920.365
2 64 3552491.763
2 65 4943853.308
2 66 3540355.822
2 67 4549157.59
2 68 2562874.372
2 69 3141534.886
2 70 5583602.93
2 71 3919334.613
2 72 4418598.134
2 73 340377.5715
2 74 5700947.094
2 75 5824061.617
2 76 3383842.828
2 77 4804162.525
2 78 5224166.253
2 79 3643900.143
2 80 6250986.484
2 81 5567130.667
2 82 2305756.296
2 83 4710470.478
2 84 3094056.809
2 85 7551403.592
2 86 5843555.483
2 87 4874434.213
2 88 3759538.232
2 89 4866012.546
2 90 6266256.018
2 91 6162892.606
2 92 4695905.309
2 93 3954652.511
2 94 5077284.72
2 95 5823709.614
2 96 4479495.444
2 97 3385910.825
2 98 4888856.057
2 99 3176584.114
3 4 3353568.453
3 5 5328954.973
3 6 6569194.592
3 7 6215195.961
3 8 3518742.652
3 9 7083120.622
3 10 2177472.344
3 11 4648495.802
3 12 2068120.011
3 13 6578113.918
3 14 5359731.12
3 15 2966638.55
3 16 4030534.995
3 17 4534142.618
3 18 2679255.809
3 19 4663243.338
3 20 6771955.073
3 21 3699465.303
3 22 5674328.856
3 23 3780378.664
3 24 4445751.567
3 25 6168609.308
3 26 3128265.081
3 27 6273762.598
3 28 3684411.172
3 29 6742554.289
3 30 4818864.516
3 31 1043688.233
3 32 2322827.819
3 33 6252326.449
3 34 3045443.21
3 35 3624582.925
3 36 2260873.221
3 37 5768214.62
3 38 6974522.875
3 39 3938101.739
3 40 2255051.75
3 41 5647057.771
3 42 4541451.479
3 43 1723016.671
3 44 7234514.281
3 45 5993849.489
3 46 5657969.426
3 47 4014360.868
3 48 1495300.828
3 49 4462996.353
3 50 8008491.213
3 51 2726919.223
3 52 6304510.729
3 53 2037079.142
3 54 2816320.816
3 55 1751439.642
3 56 6141292.41
3 57 3978732.579
3 58 2982708.48
3 59 6468109.67
3 60 3979680.2
3 61 5537136.63
3 62 5854391.631
3 63 2574907.152
3 64 4268804.242
3 65 4214037.506
3 66 2793003.047
3 67 3875687.214
3 68 1972957.715
3 69 3839906.685
3 70 5301326.89
3 71 4165402.104
3 72 4459716.992
3 73 1088992.305
3 74 5075946.777
3 75 6264452.595
3 76 4029526.521
3 77 4636703.834
3 78 4508826.577
3 79 3746563.136
3 80 5700922.676
3 81 4855121.547
3 82 1922772.049
3 83 4618988.567
3 84 2975243.199
3 85 7725983.573
3 86 5540302.034
3 87 4482089.099
3 88 4517855.328
3 89 5355962.783
3 90 5593262.99
3 91 5548276.998
3 92 4616666.32
3 93 3500148.295
3 94 4551346.637
3 95 6126276.723
3 96 3926482.231
3 97 4090982.727
3 98 5021654.731
3 99 2410872.692
4 5 8342060.526
4 6 7972671.345
4 7 8892506.705
4 8 5017900.152
4 9 10369029.96
4 10 3105604.864
4 11 6513197.416
4 12 5420097.53
4 13 9785298.31
4 14 8710037.329
4 15 1088793.738
4 16 3899988.476
4 17 6699123.547
4 18 3364521.337
4 19 8012041.704
4 20 9972517.165
4 21 5381962.497
4 22 6784809.006
4 23 4947281.758
4 24 6060913.233
4 25 9083461.361
4 26 5646952.656
4 27 7332653
4 28 6256592.856
4 29 9947437.688
4 30 7716879.416
4 31 4207141.355
4 32 5549681.561
4 33 9605856.639
4 34 4668670.383
4 35 6931566.894
4 36 5608062.742
4 37 9091647.561
4 38 9991945.498
4 39 2056830.657
4 40 3531540.521
4 41 8997979.673
4 42 7587776.985
4 43 4324110.324
4 44 10003661.47
4 45 8973066.229
4 46 8455918.376
4 47 709934.2876
4 48 4062755.013
4 49 7579279.183
4 50 11135120.49
4 51 4357578.568
4 52 9632196.366
4 53 3494561.934
4 54 2300717.042
4 55 3357922.137
4 56 6539263.029
4 57 3975718.565
4 58 1258858.745
4 59 9821263.313
4 60 1803356.335
4 61 6694313.648
4 62 9203678.131
4 63 1398341.913
4 64 3328449.888
4 65 6881132.329
4 66 4574561.242
4 67 6839900.186
4 68 3065083.638
4 69 2911279.256
4 70 8652042.128
4 71 6964749.17
4 72 7573052.574
4 73 3271876.317
4 74 8131204.063
4 75 8504219.712
4 76 5627992.145
4 77 7941970.766
4 78 7246708.986
4 79 594724.7765
4 80 8894587.778
4 81 7590232.667
4 82 2288402.355
4 83 2010860.954
4 84 6241180.022
4 85 10605816.7
4 86 8893473.629
4 87 7825780.043
4 88 4115421.627
4 89 7474947.739
4 90 8476721.542
4 91 8615933.611
4 92 1960615.674
4 93 3014928.062
4 94 7798768.631
4 95 8754016.728
4 96 7152773.219
4 97 5305494.871
4 98 8001666.607
4 99 4630225.37
5 6 9835662.959
5 7 7345496.865
5 8 7690469.693
5 9 5210733.353
5 10 7279844.859
5 11 7938002.506
5 12 3691963.914
5 13 5512579.473
5 14 2754502.427
5 15 7537499.598
5 16 9049075.626
5 17 2780536.492
5 18 5542217.951
5 19 3240503.159
5 20 5668551.69
5 21 3933883.323
5 22 9491471.3
5 23 8128943.716
5 24 8119660.988
5 25 6605963.177
5 26 6269559.127
5 27 9997479.633
5 28 6353898.44
5 29 5623660.938
5 30 736661.7629
5 31 4294623.014
5 32 3050121.488
5 33 3382985.065
5 34 7325284.96
5 35 3856025.701
5 36 3833120.062
5 37 2293474.612
5 38 6706008.88
5 39 7869358.203
5 40 5092682.117
5 41 3401797.782
5 42 5383519.464
5 43 4019716.949
5 44 7739776.998
5 45 6278177.55
5 46 6692987.195
5 47 8866699.449
5 48 4279327.024
5 49 946334.1965
5 50 6902656.666
5 51 4422919.789
5 52 4258339.197
5 53 6950753.226
5 54 6610946.985
5 55 5066205.021
5 56 10473456.65
5 57 8956398.429
5 58 7451246.243
5 59 3429066.22
5 60 8095448.994
5 61 9343738.868
5 62 3557685.391
5 63 7875881.667
5 64 9494278.443
5 65 1754782.845
5 66 4186596.436
5 67 1502174.359
5 68 5440247.552
5 69 9101751.391
5 70 3294584.426
5 71 6020112.096
5 72 5087231.343
5 73 6167630.769
5 74 302956.1286
5 75 8349724.857
5 76 7887808.581
5 77 3934748.863
5 78 1386244.532
5 79 8537243.201
5 80 1097329.396
5 81 1203734.025
5 82 6136117.837
5 83 8790200.964
5 84 4221472.522
5 85 7722890.8
5 86 3202830.124
5 87 2455123.119
5 88 9559488.519
5 89 7986633.196
5 90 586689.5238
5 91 360689.8605
5 92 8825694.382
5 93 6614481.926
5 94 1434997.643
5 95 7419490.947
5 96 1678103.229
5 97 8289516.356
5 98 5806061.105
5 99 3856853.553
6 7 3589845.083
6 8 3127587.509
6 9 7249212.41
6 10 5027287.201
6 11 2002231.324
6 12 6566039.371
6 13 6289285.319
6 14 7818690.306
6 15 8472250.24
6 16 4273148.298
6 17 10535518.67
6 18 9211574.544
6 19 6928380.261
6 20 6347154.957
6 21 10104831.78
6 22 1242924.017
6 23 3055920.35
6 24 2125278.523
6 25 4516712.074
6 26 3757042.129
6 27 910709.2608
6 28 3508629.384
6 29 6361868.308
6 30 9757807.423
6 31 7118671.778
6 32 7432665.439
6 33 8101796.299
6 34 3584469.041
6 35 5997489.737
6 36 6268803.011
6 37 8563428.512
6 38 5374936.573
6 39 9709335.232
6 40 8822266.494
6 41 7483005.511
6 42 4689390.167
6 43 8044007.337
6 44 4398127.005
6 45 4739826.091
6 46 3885591.988
6 47 8594014.347
6 48 7904477.121
6 49 8934469.976
6 50 6610252.855
6 51 9246886.685
6 52 7312002.081
6 53 4810731.212
6 54 9015610.304
6 55 8318755.563
6 56 2317730.32
6 57 4150702.039
6 58 8597945.412
6 59 8302567.024
6 60 9577745.438
6 61 1299844.284
6 62 7529911.561
6 63 6591576.959
6 64 5179054.136
6 65 9728131.158
6 66 9268325.055
6 67 8966680.593
6 68 8498720.101
6 69 5371865.659
6 70 7294157.273
6 71 3852661.115
6 72 4976561.692
6 73 5607663.262
6 74 9534467.722
6 75 2172492.791
6 76 2554702.673
6 77 6254959.574
6 78 9836751.579
6 79 8567241.806
6 80 9439088.964
6 81 10099652.86
6 82 8189893.029
6 83 9960694.78
6 84 5639004.331
6 85 5155636.921
6 86 7571457.795
6 87 7542959.256
6 88 4337501.323
6 89 1914482.033
6 90 10359793.67
6 91 9825765.227
6 92 9917757.146
6 93 9838091.137
6 94 8436596.641
6 95 3385350.835
6 96 8191899.246
6 97 2692594.23
6 98 4478313.08
6 99 8775327.014
7 8 4224856.515
7 9 3710446.528
7 10 5848575.572
7 11 2927468.251
7 12 5082754.777
7 13 2758362.84
7 14 4840587.575
7 15 8960877.451
7 16 6242389.223
7 17 8861709.603
7 18 8767085.291
7 19 4120353.197
7 20 2790095.194
7 21 8914020.02
7 22 4152793.153
7 23 4559938.726
7 24 3501205.671
7 25 964311.3788
7 26 3251739.855
7 27 4288151.429
7 28 2640871.783
7 29 2809738.985
7 30 7499770.906
7 31 6221079.846
7 32 5852069
7 33 4858675.58
7 34 4391434.155
7 35 3697560.351
7 36 4711668.721
7 37 5565493.54
7 38 1793883.276
7 39 10080962.83
7 40 8250268.658
7 41 4346926.261
7 42 2065379.048
7 43 7061557.27
7 44 1136462.659
7 45 1250107.306
7 46 671846.4626
7 47 9598396.136
7 48 7041770.46
7 49 6586448.017
7 50 3070561.334
7 51 8357883.676
7 52 3944301.963
7 53 5416563.455
7 54 9029129.516
7 55 7787735.829
7 56 5525887.26
7 57 6090839.923
7 58 9027690.265
7 59 5026515.772
7 60 10065080.81
7 61 4067609.088
7 62 4328720.454
7 63 7555029.019
7 64 7190526.831
7 65 7810708.301
7 66 8284986.351
7 67 6937197.946
7 68 8108367.582
7 69 7151298.493
7 70 4261139.533
7 71 2051660.243
7 72 2330829.785
7 73 5715814.545
7 74 7068881.535
7 75 1431129.834
7 76 3756596.043
7 77 3414469.079
7 78 7786710.312
7 79 9444966.241
7 80 6666121.354
7 81 7960486.489
7 82 8133728.03
7 83 10628232.53
7 84 3788926.773
7 85 1849487.819
7 86 4486871.252
7 87 4890674.307
7 88 6566644.212
7 89 2010199.342
7 90 7923993.623
7 91 7229356.835
7 92 10608706.32
7 93 9700452.973
7 94 5919047.931
7 95 212046.6838
7 96 5917874.775
7 97 4342788.89
7 98 1568610.975
7 99 7703319.204
8 9 6881434.148
8 10 1946043.965
8 11 1503982.753
8 12 4053045.494
8 13 6031257.294
8 14 6383451.964
8 15 5396031.247
8 16 2063969.94
8 17 7796539.968
8 18 6109949.08
8 19 5448590.733
8 20 6174148.409
8 21 7170954.871
8 22 2155610.791
8 23 471747.004
8 24 1054879.18
8 25 4723284.509
8 26 1618676.396
8 27 2755375.248
8 28 1971077.779
8 29 6166551.682
8 30 7430666.711
8 31 4220131.349
8 32 4859024.513
8 33 6988622.367
8 34 473422.9866
8 35 4248497.015
8 36 3861513.539
8 37 7058482.057
8 38 5726042.161
8 39 6624749.189
8 40 5748413.012
8 41 6298697.902
8 42 3757703.101
8 43 5117937.852
8 44 5358652.207
8 45 4742802.624
8 46 3988666.923
8 47 5686986.675
8 48 4941736.752
8 49 6744710.213
8 50 7016751.568
8 51 6240432.964
8 52 6516374.247
8 53 1685180.554
8 54 5888953.852
8 55 5247782.134
8 56 2808946.312
8 57 1914033.663
8 58 5511770.045
8 59 7218497.342
8 60 6515281.966
8 61 2019158.716
8 62 6430305.5
8 63 3619924.196
8 64 2982852.76
8 65 7168393.392
8 66 6290235.109
8 67 6534479.152
8 68 5399215.143
8 69 2926772.406
8 70 6006276.05
8 71 2799972.215
8 72 3922007.406
8 73 2501251.807
8 74 7391354.18
8 75 3540229.337
8 76 612731.8656
8 77 4958850.189
8 78 7356074.367
8 79 5607519.619
8 80 7593428.735
8 81 7663645.882
8 82 5063385.325
8 83 6950385.989
8 84 3617700.185
8 85 6064782.789
8 86 6305216.325
8 87 5796280.152
8 88 2465268.361
8 89 2502767.706
8 90 8132720.878
8 91 7775990.268
8 92 6914071.147
8 93 6710587.291
8 94 6443809.005
8 95 4045416.523
8 96 6018846.821
8 97 615483.3999
8 98 3928306.109
8 99 5847097.378
9 10 7822945.558
9 11 6085031.469
9 12 5138737.151
9 13 959947.516
9 14 2523418.157
9 15 10043064.37
9 16 8904898.775
9 17 7612335.566
9 18 8962942.192
9 19 2618115.838
9 20 926199.3418
9 21 8251394.204
9 22 7594994.726
9 23 7328704.343
9 24 6577998.662
9 25 2750070.493
9 26 5342695.338
9 27 7850948.562
9 28 4910373.534
9 29 902555.7758
9 30 5691039.052
9 31 6523858.422
9 32 5465357.018
9 33 1855511.967
9 34 6813764.224
9 35 3459130.784
9 36 4857852.035
9 37 2930737.381
9 38 2125406.873
9 39 10903410.1
9 40 8404177.91
9 41 1887110.624
9 42 3126377.667
9 43 7027655.964
9 44 3376500.086
9 45 2509400.391
9 46 3370771.892
9 47 11059038.88
9 48 7147706.184
9 49 4851735.939
9 50 1737018.288
9 51 8143242.716
9 52 984612.8858
9 53 7352921.544
9 54 9648608.598
9 55 8078142.366
9 56 8933706.162
9 57 8760997.804
9 58 10045665.46
9 59 1881245.082
9 60 10999458.63
9 61 7481722.616
9 62 1691027.774
9 63 9274520.841
9 64 9740949.443
9 65 6426683.128
9 66 7976957.131
9 67 5593547.701
9 68 8480569.917
9 69 9548744.034
9 70 2131962.52
9 71 4087987.57
9 72 2996516.553
9 73 7160620.524
9 74 5029789.506
9 75 5132996.486
9 76 6647739.769
9 77 2449408.214
9 78 6222614.374
9 79 10812621.83
9 80 4195652.965
9 81 6236745.736
9 82 8837141.959
9 83 11668246.23
9 84 4128482.109
9 85 2984274.254
9 86 2085839.873
9 87 3243184.518
9 88 9339980.85
9 89 5454730.786
9 90 5770298.049
9 91 4946298.107
9 92 11672642.84
9 93 10070242.06
9 94 4100527.578
9 95 3898195.73
9 96 4506566.494
9 97 7250108.873
9 98 3002904.364
9 99 7412773.558
10 11 3419426.194
10 12 3650998.492
10 13 7103606.399
10 14 6691147.636
10 15 3453832.946
10 16 1854242.618
10 17 6711597.226
10 18 4423795.468
10 19 5831598.931
10 20 7275566.695
10 21 5820987.489
10 22 3932186.56
10 23 1979048.359
10 24 3000801.389
10 25 6142296.116
10 26 2662219.812
10 27 4522394.409
10 28 3252387.473
10 29 7257640.85
10 30 6852590.215
10 31 3158126.227
10 32 4234749.817
10 33 7470193.822
10 34 1566052.68
10 35 4614218.711
10 36 3639815.863
10 37 7250309.928
10 38 7100412.992
10 39 4686844.076
10 40 4158276.484
10 41 6796143.538
10 42 4801536.861
10 43 3899241.485
10 44 6975850.663
10 45 6077434.466
10 46 5467618.234
10 47 3794181.901
10 48 3663709.218
10 49 6360215.451
10 50 8319690.322
10 51 4791588.07
10 52 7244494.91
10 53 471380.3045
10 54 4030877.125
10 55 3686300.35
10 56 4110000.788
10 57 1801683.002
10 58 3574034.003
10 59 7700728.42
10 60 4570465.01
10 61 3816674.38
10 62 6972205.754
10 63 1722810.69
10 64 2223406.394
10 65 6344152.608
10 66 4896246.933
10 67 5906245.826
10 68 3739825.171
10 69 1871831.092
10 70 6462428.39
10 71 4030451.721
10 72 4857896.692
10 73 1135572.3
10 74 7003184.624
10 75 5398634.152
10 76 2558241.564
10 77 5547265.034
10 78 6613416.855
10 79 3687150.859
10 80 7464320.907
10 81 6952946.945
10 82 3266056.693
10 83 5008004.573
10 84 3884103.256
10 85 7618066.743
10 86 6744613.401
10 87 5919950.234
10 88 2347440.922
10 89 4369839.158
10 90 7614464.967
10 91 7450636.404
10 92 4973158.027
10 93 4875427.195
10 94 6278028.388
10 95 5697445.226
10 96 5720053.999
10 97 2340214.419
10 98 5139103.886
10 99 4570843.939
11 12 4572254.418
11 13 5160946.347
11 14 6142918.439
11 15 6840384.426
11 16 3362495.598
11 17 8534077.042
11 18 7320149.12
11 19 5215409.541
11 20 5271045.138
11 21 8116564.514
11 22 1616252.659
11 23 1711775.298
11 24 576266.8436
11 25 3603207.109
11 26 1757764.198
11 27 2065794.109
11 28 1588951.822
11 29 5272923.47
11 30 7813690.105
11 31 5133167.975
11 32 5437190.857
11 33 6572048.34
11 34 1856276.725
11 35 4162485.991
11 36 4284770.699
11 37 6872123.998
11 38 4599074.289
11 39 8055883.624
11 40 6901348.634
11 41 5907900.657
11 42 3120463.147
11 43 6059956.698
11 44 4028668.85
11 45 3704585.738
11 46 2858397.659
11 47 7187340.447
11 48 5930763.352
11 49 7018172.957
11 50 5909015.477
11 51 7282872.897
11 52 5919067.091
11 53 3095760.03
11 54 7234766.274
11 55 6398328.99
11 56 2870336.894
11 57 3212547.773
11 58 6946510.672
11 59 6790132.132
11 60 7965030.153
11 61 1478767.306
11 62 5994495.931
11 63 5116877.466
11 64 4324686.404
11 65 7741430.959
11 66 7293783.074
11 67 6997232.627
11 68 6608434.128
11 69 4346690.922
11 70 5669127.346
11 71 2152961.141
11 72 3368256.47
11 73 3763820.641
11 74 7635227.462
11 75 2050729.365
11 76 916035.2984
11 77 4597499.536
11 78 7862458.794
11 79 7100346.561
11 80 7631609.678
11 81 8134402.94
11 82 6374620.321
11 83 8425393.95
11 84 3716957.791
11 85 4771865.374
11 86 5962046.428
11 87 5744172.246
11 88 3652214.866
11 89 1021970.974
11 90 8443300.644
11 91 7955737.792
11 92 8391584.441
11 93 8027448.1
11 94 6570722.378
11 95 2727852.186
11 96 6273314.36
11 97 1440747.88
11 98 3092862.35
11 99 6789167.335
12 13 4757536.29
12 14 3291679.36
12 15 4949826.973
12 16 5369111.881
12 17 3992388.265
12 18 3914601.936
12 19 2621629.087
12 20 4955807.456
12 21 3837497.473
12 22 6003978.129
12 23 4472293.656
12 24 4627770.077
12 25 4757298.005
12 26 2815837.199
12 27 6555924.676
12 28 3106254.613
12 29 4921072.834
12 30 3379795.439
12 31 1387122.006
12 32 867769.3815
12 33 4187190.032
12 34 3659658.693
12 35 1735436.375
12 36 371648.3884
12 37 3722738.911
12 38 5391106.946
12 39 5764985.206
12 40 3360085.989
12 41 3595213.82
12 42 3094058.909
12 43 2038970.985
12 44 5926585.273
12 45 4511858.625
12 46 4435435.131
12 47 6072554.614
12 48 2087274.837
12 49 2750983.107
12 50 6259114.004
12 51 3310968.594
12 52 4299551.811
12 53 3285803.797
12 54 4512984.062
12 55 2977779.181
12 56 6860265.762
12 57 5271891.833
12 58 4937052.633
12 59 4401402.741
12 60 5867217.702
12 61 5855294.823
12 62 3806702.451
12 63 4573759.31
12 64 5873812.528
12 65 3174075.407
12 66 3216741.982
12 67 2484042.594
12 68 3367669.819
12 69 5512794.767
12 70 3250984.636
12 71 3157008.812
12 72 2908978.438
12 73 2597115.992
12 74 3401899.006
12 75 5583666.313
12 76 4330572.791
12 77 2703117.009
12 78 3322502.802
12 79 5794087.317
12 80 3814118.425
12 81 3618771.038
12 82 3700232.674
12 83 6543602.444
12 84 1310592.391
12 85 6271427.547
12 86 3480109.059
12 87 2419078.03
12 88 5879567.7
12 89 4912641.895
12 90 4096470.55
12 91 3827747.067
12 92 6551450.055
12 93 4983208.077
12 94 2628804.753
12 95 5057707.84
12 96 2075583.78
12 97 4664200.957
12 98 3621097.411
12 99 2629250.966
13 14 2758910.869
13 15 9543146.31
13 16 8076315.98
13 17 7682704.657
13 18 8659827.737
13 19 2509017.936
13 20 198452.1167
13 21 8163854.562
13 22 6650343.203
13 23 6467776.403
13 24 5667746.464
13 25 1795203.984
13 26 4541782.94
13 27 6896110.761
13 28 4066487.787
13 29 164686.3775
13 30 5893725.573
13 31 6137199.545
13 32 5220423.123
13 33 2379457.769
13 34 5998549.74
13 35 3023266.415
13 36 4437188.558
13 37 3340346.999
13 38 1302868.252
13 39 10473723.65
13 40 8101707.616
13 41 2118777.949
13 42 2317603.07
13 43 6742063.689
13 44 2529636.898
13 45 1549461.693
13 46 2412761.882
13 47 10485716.65
13 48 6829156.258
13 49 5001185.086
13 50 1532538.592
13 51 7931439.459
13 52 1376641.592
13 53 6632260.872
13 54 9251696.925
13 55 7734811.934
13 56 7996077.386
13 57 7929911.473
13 58 9560452.553
13 59 2486065.417
13 60 10544529.86
13 61 6539532.792
13 62 1992849.467
13 63 8626656.482
13 64 8938406.257
13 65 6511714.94
13 66 7786743.651
13 67 5640857.962
13 68 8124850.303
13 69 8772167.186
13 70 2230720.432
13 71 3232004.938
13 72 2247442.708
13 73 6532339.538
13 74 5292153.744
13 75 4176321.47
13 76 5761495.484
13 77 2091084.797
13 78 6359388.074
13 79 10257339.68
13 80 4591269.954
13 81 6425606.404
13 82 8407615.4
13 83 11195342.64
13 84 3605298.231
13 85 2277830.426
13 86 2313624.057
13 87 3264937.759
13 88 8496276.713
13 89 4502104.803
13 90 6093190.173
13 91 5294227.671
13 92 11194252.21
13 93 9740052.692
13 94 4245399.234
13 95 2942780.614
13 96 4530033.335
13 97 6368460.925
13 98 2110064.365
13 99 7205252.876
14 15 8188783.909
14 16 8169044.296
14 17 5094834.234
14 18 6764566.747
14 19 939409.7173
14 20 2914104.602
14 21 5811862.713
14 22 7759146.735
14 23 6854826.588
14 24 6479771.927
14 25 4000061.443
14 26 4775314.975
14 27 8173862.088
14 28 4610271.146
14 29 2869211.519
14 30 3176985.279
14 31 4566415.947
14 32 3308736.232
14 33 938915.613
14 34 6147997.997
14 35 2146399.776
14 36 3144469.596
14 37 746367.8799
14 38 3976394.179
14 39 8884714.533
14 40 6217505.342
14 41 651826.613
14 42 3131398.491
14 43 4856494.273
14 44 5070884.603
14 45 3669479.85
14 46 4236563.225
14 47 9355590.875
14 48 5027800.316
14 49 2328462.446
14 50 4165551.509
14 51 5833665.519
14 52 1542148.206
14 53 6257075.138
14 54 7593656.476
14 55 5968504.134
14 56 8943919.666
14 57 8044514.452
14 58 8158758.387
14 59 1129423.72
14 60 9028477.523
14 61 7620583.573
14 62 832551.7458
14 63 7833475.687
14 64 8846832.125
14 65 3908903.934
14 66 5643961.843
14 67 3094366.815
14 68 6380778.971
14 69 8550883.195
14 70 583396.1127
14 71 4008316.552
14 72 2842141.956
14 73 5771151.823
14 74 2542216.594
14 75 6029773.204
14 76 6377715.959
14 77 1564290.775
14 78 3699196.486
14 79 9069697.967
14 80 1867377.357
14 81 3720075.822
14 82 6866573.541
14 83 9721949.778
14 84 2842762.874
14 85 4990505.318
14 86 450377.0585
14 87 905227.4744
14 88 8660654.579
14 89 5904786.827
14 90 3334299.685
14 91 2538999.422
14 92 9737631.618
14 93 7893211.533
14 94 1580072.265
14 95 4952129.863
14 96 2045446.018
14 97 6903871.673
14 98 3420571.818
14 99 5113815.483
15 16 4640133.545
15 17 5708571.95
15 18 2317723.535
15 19 7571420.041
15 20 9736410.159
15 21 4355729.867
15 22 7339353.606
15 23 5416432.152
15 24 6450474.886
15 25 9036209.699
15 26 5722589.152
15 27 7914025.954
15 28 6329277.155
15 29 9707462.208
15 30 6878500.912
15 31 3622395.267
15 32 4923014.971
15 33 9109759.109
15 34 4988767.082
15 35 6584217.359
15 36 5194530.342
15 37 8498625.691
15 38 9889431.262
15 39 1238985.778
15 40 2555366.88
15 41 8540880.323
15 42 7455469.594
15 43 3539538.774
15 44 10037303.98
15 45 8889002.63
15 46 8463896.096
15 47 1363044.998
15 48 3298290.041
15 49 6835260.998
15 50 10960707.69
15 51 3367826.013
15 52 9241936.946
15 53 3744764.534
15 54 1217177.826
15 55 2474703.275
15 56 7265545.014
15 57 4689785.769
15 58 175100.5463
15 59 9315208.642
15 60 1125861.018
15 61 7233840.762
15 62 8754249.476
15 63 1991217.471
15 64 4217028.406
15 65 5990519.538
15 66 3595474.588
15 67 6044039.773
15 68 2125665.81
15 69 3765144.51
15 70 8198060.974
15 71 6954766.736
15 72 7398048.628
15 73 3246172.663
15 74 7348280.539
15 75 8744399.581
15 76 6006112.926
15 77 7594089.938
15 78 6367321.148
15 79 1021208.194
15 80 8177091.803
15 81 6703389.691
15 82 1402292.916
15 83 1675903.308
15 84 5941811.335
15 85 10585615.8
15 86 8417541.562
15 87 7287766.128
15 88 4932382.766
15 89 7741065.889
15 90 7621326.518
15 91 7831837.835
15 92 1664587.552
15 93 1936230.455
15 94 7135400.573
15 95 8843066.329
15 96 6483817.286
15 97 5779721.609
15 98 7911024.092
15 99 3728505.743
16 17 8563886.168
16 18 6100542.535
16 19 7258604.807
16 20 8224170.69
16 21 7638485.043
16 22 3033703.501
16 23 1683155.007
16 24 2793437.963
16 25 6783323.342
16 26 3568571.101
16 27 3522232.599
16 28 4010098.546
16 29 8215050.965
16 30 8659496.647
16 31 5007868.667
16 32 6027800.122
16 33 8860025.003
16 34 2095059.777
16 35 6027753.137
16 36 5293571.645
16 37 8791773.658
16 38 7787367.317
16 39 5850226.839
16 40 5905967.28
16 41 8170461.018
16 42 5779643.075
16 43 5750313.288
16 44 7366255.352
16 45 6806759.934
16 46 6045043.067
16 47 4442209.139
16 48 5510938.454
16 49 8115220.665
16 50 9080271.402
16 51 6589990.519
16 52 8477714.757
16 53 2104887.789
16 54 5505238.226
16 55 5459219.497
16 56 2641290.268
16 57 151621.8902
16 58 4796551.733
16 59 9092054.686
16 60 5651593.587
16 61 2975210.521
16 62 8321885.438
16 63 2649056.317
16 64 964971.5286
16 65 8187869.826
16 66 6710287.103
16 67 7717446.885
16 68 5455715.494
16 69 1100129.117
16 70 7856947.59
16 71 4846071.297
16 72 5918381.568
16 73 2981549.711
16 74 8764334.294
16 75 5382680.925
16 76 2486776.299
16 77 6851539.668
16 78 8448056.706
16 79 4477850.984
16 80 9144319.738
16 81 8784283.945
16 82 4871656.29
16 83 5908155.142
16 84 5328381.233
16 85 8090892.298
16 86 8151749.028
16 87 7478343.187
16 88 510543.6509
16 89 4378288.674
16 90 9412390.57
16 91 9196578.742
16 92 5855091.584
16 93 6361913.117
16 94 7960566.482
16 95 6053468.38
16 96 7442149.842
16 97 1922114.825
16 98 5982320.12
16 99 6412076.911
17 18 3423017.777
17 19 5180524.003
17 20 7865129.811
17 21 1418964.847
17 22 9879422.944
17 23 8148131.953
17 24 8527581.36
17 25 8332306.423
17 26 6778887.214
17 27 10454806.28
17 28 7098604.775
17 29 7821547.878
17 30 2077996.594
17 31 3611067.557
17 32 3128274.81
17 33 5913847.994
17 34 7346979.875
17 35 5171931.072
17 36 4323714.635
17 37 4871978.474
17 38 8700275.251
17 39 5684931.228
17 40 3167821.682
17 41 5725321.84
17 42 6796841.895
17 43 2814066.93
17 44 9525426.647
17 45 8032479.606
17 46 8191195.094
17 47 7068259.338
17 48 3060015.919
17 49 2776349.366
17 50 9183852.921
17 51 2343697.337
17 52 6627762.394
17 53 6540517.229
17 54 4574515.397
17 55 3397030.24
17 56 10563475.3
17 57 8512801.335
17 58 5578710.193
17 59 6013178.128
17 60 5964377.657
17 61 9732680.416
17 62 5923819.517
17 63 6679143.06
17 64 8732587.51
17 65 1185964.516
17 66 2124712.894
17 67 2041864.34
17 68 3638303.454
17 69 8278463.847
17 70 5505592.631
17 71 7089465.47
17 72 6541657.575
17 73 5604602.951
17 74 2801021.514
17 75 9536024.286
17 76 8182470.02
17 77 5729080.415
17 78 1442846.151
17 79 6725287.102
17 80 3841914.388
17 81 1578689.027
17 82 4419528.954
17 83 6615338.736
17 84 5141372.508
17 85 9690607.678
17 86 5526626.526
17 87 4421155.293
17 88 9047519.871
17 89 8903737.312
17 90 2497307.809
17 91 3140356.966
17 92 6664917.761
17 93 4307849.231
17 94 3514798.503
17 95 8875481.175
17 96 3152817.905
17 97 8407910.399
17 98 7306438.405
17 99 2196276.48
18 19 6354799.319
18 20 8858277.67
18 21 2042563.393
18 22 8249734.665
18 23 6302742.127
18 24 7087011.915
18 25 8592272.096
18 26 5793918.731
18 27 8850351.199
18 28 6328908.134
18 29 8822222.356
18 30 4833651.413
18 31 2581051.985
18 32 3503279.452
18 33 7702834.503
18 34 5640579.815
18 35 5646394.421
18 36 4258779.932
18 37 6908871.572
18 38 9289876.27
18 39 2334246.719
18 40 559273.2223
18 41 7239470.899
18 42 6922192.5
18 43 1935618.437
18 44 9721832.717
18 45 8373632.183
18 46 8167738.284
18 47 3662411.482
18 48 1830876.758
18 49 4988171.135
18 50 10170594.77
18 51 1136383.93
18 52 8054726.057
18 53 4480242.681
18 54 1151499.631
18 55 979351.8736
18 56 8533349.144
18 57 6099141.421
18 58 2175048.483
18 59 7880263.41
18 60 2582053.312
18 61 8119504.686
18 62 7460260.371
18 63 3699998.753
18 64 5974566.394
18 65 3866907.597
18 66 1376711.017
18 67 4119052.12
18 68 713042.0872
18 69 5499668.599
18 70 6919023.005
18 71 6723095.116
18 72 6776288.31
18 73 3609248.819
18 74 5401429.563
18 75 8925349.968
18 76 6658253.525
18 77 6580507.307
18 78 4255567.853
18 79 3320101.357
18 80 6339115.155
18 81 4569844.582
18 82 1256400.339
18 83 3263697.094
18 84 5175314.232
18 85 10135056.36
18 86 7080977.374
18 87 5871903.465
18 88 6509669.064
18 89 8032677.637
18 90 5527676.428
18 91 5869503.279
18 92 3304615.755
18 93 1130054.588
18 94 5450495.192
18 95 8699146.778
18 96 4821072.336
18 97 6640933.043
18 98 7436817.12
18 99 1718099.955
19 20 2696354.618
19 21 5675957.956
19 22 6831010.352
19 23 5920196.35
19 24 5543254.781
19 25 3366274.153
19 26 3837839.146
19 27 7255588.254
19 28 3673580.35
19 29 2653740.684
19 30 3486468.904
19 31 3978830.512
19 32 2852313.89
19 33 1640999.86
19 34 5222122.139
19 35 1232281.722
19 36 2404001.304
19 37 1656751.145
19 38 3551168.507
19 39 8357001.154
19 40 5797095.558
19 41 989035.9555
19 42 2264656.255
19 43 4419447.68
19 44 4512370.035
19 45 3039446.479
19 46 3481106.185
19 47 8677603.491
19 48 4551568.573
19 49 2569404.329
19 50 4029184.215
19 51 5525799.766
19 52 1703092.302
19 53 5387141.5
19 54 7083926.307
19 55 5489131.257
19 56 8006532.338
19 57 7131565.295
19 58 7557185.023
19 59 1870297.134
19 60 8474087.792
19 61 6691407.504
19 62 1191640.999
19 63 7057661.959
19 64 7959039.774
19 65 4018166.556
19 66 5361990.427
19 67 3139779.28
19 68 5896168.736
19 69 7678065.773
19 70 643807.362
19 71 3094063.351
19 72 1967425.909
19 73 4963660.598
19 74 2975756.708
19 75 5216996.21
19 76 5438320.773
19 77 711193.8768
19 78 3892379.488
19 79 8406540.201
19 80 2569105.675
19 81 3995123.71
19 82 6303364.943
19 83 9156325.312
19 84 1951875.344
19 85 4560409.665
19 86 913762.0774
19 87 803462.0302
19 88 7746150.07
19 89 5018993.623
19 90 3824661.839
19 91 3109524.232
19 92 9166134.245
19 93 7468818.59
19 94 1842625.058
19 95 4207511.176
19 96 2029643.284
19 97 5965394.61
19 98 2616894.009
19 99 4795273.023
20 21 8356707.952
20 22 6741668.612
20 23 6606602.091
20 24 5785770.242
20 25 1834679.611
20 26 4700468.149
20 27 6972886.757
20 28 4214322.745
20 29 44895.33223
20 30 6062062.938
20 31 6335178.504
20 32 5417845.556
20 33 2487158.499
20 34 6151692.473
20 35 3221379.331
20 36 4634961.266
20 37 3474620.93
20 38 1232398.257
20 39 10669998.06
20 40 8300151.834
20 41 2268544.201
20 42 2481290.111
20 43 6940368.655
20 44 2478361.953
20 45 1615473.771
20 46 2487618.602
20 47 10673655.53
20 48 7027608.24
20 49 5173786.551
20 50 1338087.593
20 51 8128720.473
20 52 1485762.024
20 53 6804350.471
20 54 9449065.432
20 55 7933148.5
20 56 8093509.631
20 57 8077137.959
20 58 9754498.842
20 59 2579306.639
20 60 10739827.07
20 61 6633521.512
20 62 2131245.376
20 63 8807701.2
20 64 9092670.687
20 65 6692104.505
20 66 7983448.771
20 67 5823521.002
20 68 8323045.952
20 69 8932470.074
20 70 2397638.706
20 71 3378103.227
20 72 2423725.195
20 73 6716651.535
20 74 5452717.675
20 75 4216809.306
20 76 5891168.398
20 77 2288681.139
20 78 6534974.859
20 79 10446784.54
20 80 4732201.303
20 81 6596037.67
20 82 8604180.516
20 83 11389737.19
20 84 3800201.224
20 85 2171388.076
20 86 2466082.654
20 87 3445181.781
20 88 8639388.142
20 89 4584813.214
20 90 6247256.111
20 91 5443618.202
20 92 11388376.46
20 93 9938408.985
20 94 4416957.052
20 95 2981212.316
20 96 4713113.509
20 97 6499471.262
20 98 2246754.458
20 99 7402302.849
21 22 9313940.38
21 23 7466078.4
21 24 8017316.597
21 25 8522903.705
21 26 6408536.487
21 27 9907155.429
21 28 6827261.516
21 29 8315484.123
21 30 3197289.13
21 31 2986341.215
21 32 3076338.665
21 33 6707335.361
21 34 6702394.888
21 35 5352528.798
21 36 4206352.439
21 37 5749049.272
21 38 9036568.113
21 39 4268194.885
21 40 1882930.511
21 41 6392149.871
21 42 6891555.25
21 43 2063249.714
21 44 9710647.46
21 45 8251023.36
21 46 8259709.357
21 47 5704825.622
21 48 2229628.647
21 49 3646058.857
21 50 9694568.926
21 51 1077993.87
21 52 7279600.387
21 53 5733144.616
21 54 3188576.635
21 55 2224184.754
21 56 9840586.723
21 57 7606999.74
21 58 4216477.263
21 59 6843254.604
21 60 4551108.637
21 61 9171946.827
21 62 6606096.79
21 63 5518559.545
21 64 7687126.994
21 65 2179716.574
21 66 928641.9688
21 67 2766586.857
21 68 2373340.269
21 69 7219658.118
21 70 6120663.13
21 71 6985605.478
21 72 6674767.51
21 73 4786062.567
21 74 3873903.995
21 75 9385638.765
21 76 7631094.883
21 77 6101693.51
21 78 2551650.085
21 79 5362379.356
21 80 4901507.046
21 81 2802977.707
21 82 3143480.921
21 83 5197582.693
21 84 5125848.379
21 85 9981870.244
21 86 6205461.504
21 87 5009728.479
21 88 8097268.324
21 89 8634467.68
21 90 3774187.295
21 91 4289421.201
21 92 5247786.5
21 93 2888900.861
21 94 4289116.664
21 95 8893946.152
21 96 3767269.378
21 97 7762622.588
21 98 7418212.098
21 99 1330544.648
22 23 1961191.722
22 24 1379652.737
22 25 4977389.001
22 26 3228655.461
22 27 600934.3862
22 28 3182803.907
22 29 6748529.407
22 30 9324301.551
22 31 6345219.032
22 32 6851506.454
22 33 8178115.368
22 34 2628989.004
22 35 5761928.153
22 36 5752199.665
22 37 8487761.495
22 38 5929279.81
22 39 8578323.122
22 40 7900295.778
22 41 7518453.505
22 42 4719267.372
22 43 7254787.2
22 44 5132402.651
22 45 5135498.382
22 46 4262968.687
22 47 7390386.298
22 48 7087204.796
22 49 8560524.121
22 50 7221823.652
22 51 8394624.834
22 52 7496517.986
22 53 3779519.577
22 54 7959138.244
22 55 7400740.649
22 56 1373101.176
22 57 2914067.175
22 58 7472744.084
22 59 8394095.839
22 60 8430417.123
22 61 148812.088
22 62 7600174.923
22 63 5418932.697
22 64 3936177.858
22 65 9172829.698
22 66 8440758.363
22 67 8473654.277
22 68 7541613.695
22 69 4133444.675
22 70 7283711.048
22 71 3764667.904
22 72 4975386.896
22 73 4647842.638
22 74 9188563.028
22 75 2885567.396
22 76 1697275.082
22 77 6212823.214
22 78 9324767.256
22 79 7378062.84
22 80 9228387.263
22 81 9612848.519
22 82 7165604.845
22 83 8784691.939
22 84 5276590.792
22 85 5901299.699
22 86 7575855.762
22 87 7347523.307
22 88 3097179.305
22 89 2169259.414
22 90 9980263.488
22 91 9526333.195
22 92 8739155.887
22 93 8797519.262
22 94 8147777.781
22 95 3940835.478
22 96 7817159.493
22 97 1611309.972
22 98 4643959.414
22 99 7986380.688
23 24 1169172.884
23 25 5110904.432
23 26 2089819.449
23 27 2557694.719
23 28 2421217.964
23 29 6600304.667
23 30 7852084.314
23 31 4549629.56
23 32 5261223.398
23 33 7459396.868
23 34 815747.9377
23 35 4718757.817
23 36 4296263.301
23 37 7528493.579
23 38 6116278.799
23 39 6653858.488
23 40 5972029.376
23 41 6769634.174
23 42 4209555.455
23 43 5428489.11
23 44 5685784.126
23 45 5147535.958
23 46 4369316.855
23 47 5593021.897
23 48 5238327.247
23 49 7182670.008
23 50 7414843.182
23 51 6506796.091
23 52 6979555.075
23 53 1823726.812
23 54 5999316.075
23 55 5476835.439
23 56 2418770.167
23 57 1531535.957
23 58 5543052.919
23 59 7689131.507
23 60 6522483.044
23 61 1840819.622
23 62 6900326.23
23 63 3554301.93
23 64 2632530.955
23 65 7558579.241
23 66 6570624.914
23 67 6946849.821
23 68 5598135.878
23 69 2635017.686
23 70 6477816.725
23 71 3241743.211
23 72 4381287.1
23 73 2720759.91
23 74 7830972.142
23 75 3759372.578
23 76 809241.4745
23 77 5429426.677
23 78 7757877.737
23 79 5541468.883
23 80 8051811.573
23 81 8070545.991
23 82 5205100.04
23 83 6917934.036
23 84 4082844.774
23 85 6408017.436
23 86 6776781.977
23 87 6262828.602
23 88 2043674.505
23 89 2733703.395
23 90 8562324.047
23 91 8221688.517
23 92 6877222.772
23 93 6836477.948
23 94 6897429.695
23 95 4372214.679
23 96 6461345.024
23 97 363332.9353
23 98 4359926.014
23 99 6151544.439
24 25 4154996.468
24 26 1851562.02
24 27 1931112.323
24 28 1869675.262
24 29 5785525.574
24 30 7945053.325
24 31 5033901.018
24 32 5479011.193
24 33 6964816.287
24 34 1480442.614
24 35 4430272.49
24 36 4372765.425
24 37 7195870.973
24 38 5155334.816
24 39 7678095.704
24 40 6697651.86
24 41 6289486.241
24 42 3547311.111
24 43 5954068.435
24 44 4604827.566
24 45 4241111.206
24 46 3408048.274
24 47 6722373.174
24 48 5802789.501
24 49 7186100.814
24 50 6464913.372
24 51 7135485.881
24 52 6359993.865
24 53 2727307.696
24 54 6920404.447
24 55 6194246.334
24 56 2465443.672
24 57 2644263.872
24 58 6565285.07
24 59 7187347.223
24 60 7570107.469
24 61 1230877.256
24 62 6389939.861
24 63 4662647.898
24 64 3757265.403
24 65 7799255.452
24 66 7164957.512
24 67 7094501.557
24 68 6374061.528
24 69 3794925.178
24 70 6032940.373
24 71 2559486.62
24 72 3774046.459
24 73 3486670.763
24 74 7816889.116
24 75 2597464.176
24 76 445391.3366
24 77 4959927.389
24 78 7946962.108
24 79 6652361.236
24 80 7885146.504
24 81 8233775.293
24 82 6081000.152
24 83 8002961.097
24 84 3913145.504
24 85 5347018.149
24 86 6329573.996
24 87 6017166.831
24 88 3076147.948
24 89 1584851.348
24 90 8604021.588
24 91 8161649.155
24 92 7965989.761
24 93 7732804.398
24 94 6788243.022
24 95 3302701.186
24 96 6443630.232
24 97 872198.2348
24 98 3575565.783
24 99 6686816.499
25 26 3480371.847
25 27 5168672.413
25 28 2896121.25
25 29 1852126.529
25 30 6826369.309
25 31 6012815.751
25 32 5447819.746
25 33 3936833.324
25 34 4804182.666
25 35 3183547.772
25 36 4389149.587
25 37 4704680.087
25 38 1005763.399
25 39 10097099.54
25 40 8054716.277
25 41 3464707.36
25 42 1671839.082
25 43 6788687.331
25 44 1194576.476
25 45 330877.2576
25 46 747386.4108
25 47 9793384.751
25 48 6805368.988
25 49 5906460.492
25 50 2311623.494
25 51 8068248.554
25 52 2998960.02
25 53 5685745.728
25 54 8974054.982
25 55 7619265.962
25 56 6344410.679
25 57 6632359.99
25 58 9085419.753
25 59 4094806.621
25 60 10112612.07
25 61 4878931.245
25 62 3425871.89
25 63 7800603.702
25 64 7704299.89
25 65 7232477.896
25 66 7970175.286
25 67 6347364.135
25 68 7968871.766
25 69 7612268.827
25 70 3416666.334
25 71 2122513.779
25 72 1852723.219
25 73 5831187.591
25 74 6341827.942
25 75 2383145.589
25 76 4337309.972
25 77 2688221.468
25 78 7169398.942
25 79 9610501.963
25 80 5854612.044
25 81 7313135.892
25 82 8086725.168
25 83 10712105.82
25 84 3448686.331
25 85 1557413.808
25 86 3618812.323
25 87 4162133.861
25 88 7151499.431
25 89 2808132.529
25 90 7190708.503
25 91 6460563.522
25 92 10699196.69
25 93 9586874.24
25 94 5202778.987
25 95 1148133.493
25 96 5281757.316
25 97 4944108.086
25 98 1156562.736
25 99 7380473.157
26 27 3758370.721
26 28 610903.6303
26 29 4687483.362
26 30 6097040.071
26 31 3446219.164
26 32 3679787.455
26 33 5370028.364
26 34 1473645.841
26 35 2655715.884
26 36 2537478.562
26 37 5462144.731
26 38 4440816.936
26 39 6868618.273
26 40 5329920.286
26 41 4680033.245
26 42 2226668.376
26 43 4369687.121
26 44 4356767.317
26 45 3419369.044
26 46 2816915.588
26 47 6354732.24
26 48 4265687.484
26 49 5334804.985
26 50 5676005.159
26 51 5627829.021
26 52 4918754.022
26 53 2205943.761
26 54 5885773.172
26 55 4835096.337
26 56 4241180.424
26 57 3427312.52
26 58 5796783.859
26 59 5600008.292
26 60 6835333.139
26 61 3080194.054
26 62 4812678.229
26 63 4331115.635
26 64 4400824.933
26 65 5987805.485
26 66 5617679.32
26 67 5258031.748
26 68 5095791.198
26 69 4232280.342
26 70 4388394.765
26 71 1372118.29
26 72 2350520.316
26 73 2477973.88
26 74 5966918.5
26 75 3136208.563
26 76 1639276.738
26 77 3340490.056
26 78 6117826.241
26 79 6194790.367
26 80 6067947.249
26 81 6397106.18
26 82 4994567.386
26 83 7383661.216
26 84 2078342.402
26 85 4970248.498
26 86 4687440.443
26 87 4227589.565
26 88 4019825.67
26 89 2254046.087
26 90 6752485.775
26 91 6317534.463
26 92 7362477.254
26 93 6617115.801
26 94 4951224.442
26 95 3124208.208
26 96 4592777.66
26 97 2130563.552
26 98 2499767.653
26 99 5090150.622
27 28 3654601.751
27 29 6983304.547
27 30 9853041.973
27 31 6934348.683
27 32 7409373.247
27 33 8545241.442
27 34 3228798.228
27 35 6226645.503
27 36 6293248.85
27 37 8909882.336
27 38 6081543.522
27 39 9152573.783
27 40 8501113.897
27 41 7898752.38
27 42 5087292.942
27 43 7846616.465
27 44 5186726.258
27 45 5357583.601
27 46 4485626.222
27 47 7924683.048
27 48 7681786.708
27 49 9072936.158
27 50 7350260.351
27 51 8992652.412
27 52 7819711.533
27 53 4378476.808
27 54 8551890.485
27 55 8001444.541
27 56 1407878.367
27 57 3413193.662
27 58 8049913.708
27 59 8756077.688
27 60 8998467.927
27 61 736863.0664
27 62 7967868.478
27 63 5978705.62
27 64 4385304.673
27 65 9728831.544
27 66 9036966.73
27 67 9015231.693
27 68 8142399.748
27 69 4619934.579
27 70 7679789.801
27 71 4165586.27
27 72 5356762.989
27 73 5248773.748
27 74 9694562.45
27 75 2926699.841
27 76 2280415.842
27 77 6615913.092
27 78 9871736.027
27 79 7924149.59
27 80 9695556.359
27 81 10154532.62
27 82 7762792.905
27 83 9337949.06
27 84 5776263.629
27 85 5952924.393
27 86 7967576.87
27 87 7805625.871
27 88 3525760.309
27 89 2398363.028
27 90 10496297.48
27 91 10020053.06
27 92 9290861.551
27 93 9392153.949
27 94 8635923.113
27 95 4077468.242
27 96 8328328.441
27 97 2210709.598
27 98 4959233.005
27 99 8578690.888
28 29 4204980.024
28 30 6250836.268
28 31 3908257.424
28 32 3972134.591
28 33 5117080.288
28 34 1945791.102
28 35 2579222.294
28 36 2785293.152
28 37 5326665.621
28 38 3871570.838
28 39 7468467.738
28 40 5848996.048
28 41 4435635.765
28 42 1788345.859
28 43 4819252.268
28 44 3747177
28 45 2856772.783
28 46 2215916.449
28 47 6963986.901
28 48 4737765.902
28 49 5439408.537
28 50 5127754.955
28 51 6098214.697
28 52 4572934.574
28 53 2803032.562
28 54 6466408.671
28 55 5360625.427
28 56 4333809.988
28 57 3863466.365
28 58 6401380.175
28 59 5342552.863
28 60 7439848.877
28 61 3039129.977
28 62 4546139.035
28 63 4934879.54
28 64 4884952.53
28 65 6236984.981
28 66 6071703.141
28 67 5460850.542
28 68 5638980.662
28 69 4750784.628
28 70 4170186.489
28 71 836874.1753
28 72 1968355.411
28 73 3083343.874
28 74 6051362.028
28 75 2603041.448
28 76 1799919.02
28 77 3099095.024
28 78 6332850.784
28 79 6805466.953
28 80 6046971.904
28 81 6591943.912
28 82 5572690.901
28 83 7992310.149
28 84 2137075.499
28 85 4368290.76
28 86 4467925.166
28 87 4164806.63
28 88 4432614.867
28 89 1813427.485
28 90 6865389.009
28 91 6367384.291
28 92 7971593.105
28 93 7182938.997
28 94 4981866.341
28 95 2514804.936
28 96 4694959.555
28 97 2375022.354
28 98 1977384.1
28 99 5525681.85
29 30 6017359.122
29 31 6301182.702
29 32 5379420.939
29 33 2444609.104
29 34 6140723.46
29 35 3187117.122
29 36 4601376.497
29 37 3430343.029
29 38 1268675.884
29 39 10638393.73
29 40 8263987.598
29 41 2223695.237
29 42 2466195.52
29 43 6903450.686
29 44 2512680.186
29 45 1626894.176
29 46 2497688.736
29 47 10648170.41
29 48 6991657.429
29 49 5129302.474
29 50 1379095.425
29 51 8090109.869
29 52 1442802.114
29 53 6786359.884
29 54 9416109.45
29 55 7898152.341
29 56 8098897.349
29 57 8068220.257
29 58 9724941.245
29 59 2538122.091
29 60 10709194.54
29 61 6639706.047
29 62 2086700.342
29 63 8785792.541
29 64 9081412.151
29 65 6648276.04
29 66 7944303.868
29 67 5779993.875
29 68 8288518.26
29 69 8919070.441
29 70 2352940.051
29 71 3369203.439
29 72 2403673.037
29 73 6693099.675
29 74 5407835.395
29 75 4235023.758
29 76 5887595.388
29 77 2250592.725
29 78 6490684.603
29 79 10420406.96
29 80 4687658.231
29 81 6551422.215
29 82 8572254.387
29 83 11359896
29 84 3769910.54
29 85 2212785.435
29 86 2421204.101
29 87 3401402.059
29 88 8631818.14
29 89 4593582.791
29 90 6202381.725
29 91 5398818.44
29 92 11358757.76
29 93 9903320.326
29 94 4372422.243
29 95 2999545.801
29 96 4669666.251
29 97 6495540.368
29 98 2240445.855
29 99 7363468.041
30 31 3775331.845
30 32 2633631.894
30 33 3914818.598
30 34 7039108.743
30 35 3876209.054
30 36 3582851.436
30 37 2842304.073
30 38 7026730.279
30 39 7165594.645
30 40 4399766.717
30 41 3827364.006
30 42 5476933.37
30 43 3396824.406
30 44 7991034.563
30 45 6505292.636
30 46 6834367.187
30 47 8219558.293
30 48 3663282.582
30 49 920061.5428
30 50 7339351.191
30 51 3707235.261
30 52 4716266.798
30 53 6554611.678
30 54 5918610.493
30 55 4403811.733
30 56 10234942.04
30 57 8575604.527
30 58 6785473.331
30 59 3991001.172
30 60 7398732.396
30 61 9175631.233
30 62 4006286.043
30 63 7325976.939
30 64 9046476.792
30 65 1018156.917
30 66 3469228.262
30 67 947636.9134
30 68 4766142.274
30 69 8637695.512
30 70 3664425.205
30 71 6010810.667
30 72 5189414.728
30 73 5724059.855
30 74 724072.3286
30 75 8405530.415
30 76 7679957.694
30 77 4138864.177
30 78 653809.4003
30 79 7886416.942
30 80 1764027.52
30 81 547716.0294
30 82 5481595.52
30 83 8090347.42
30 84 4120004.52
30 85 8040506.436
30 86 3625334.639
30 87 2683268.046
30 88 9167915.848
30 89 7956393.754
30 90 775792.3835
30 91 1093032.011
30 92 8127653.536
30 93 5894212.699
30 94 1654548.358
30 95 7554183.712
30 96 1600765.943
30 97 8039814.239
30 98 5936641.362
30 99 3169082.983
31 32 1344646.369
31 33 5489102.523
31 34 3759790.14
31 35 3114219.895
31 36 1701676.631
31 37 4895642.818
31 38 6713598.226
31 39 4383090.2
31 40 2042317.186
31 41 4933216.527
31 42 4341920.59
31 43 926944.4182
31 44 7149866.363
31 45 5792580.231
31 46 5606593.84
31 47 4819654.805
31 48 831931.4022
31 49 3445952.22
31 50 7629059.09
31 51 2189962.615
31 52 5671508.613
31 53 2941938.055
31 54 3125954.898
31 55 1616343.277
31 56 6958837.901
31 57 4944088.089
31 58 3594175.726
31 59 5693262.967
31 60 4495258.167
31 61 6201501.085
31 62 5149235.862
31 63 3585308.752
31 64 5299584.953
31 65 3189527.34
31 66 2171462.229
31 67 2832951.773
31 68 1992038.004
31 69 4877168.22
31 70 4593445.097
31 71 4196417.585
31 72 4195965.533
31 73 2026349.05
31 74 4047428.756
31 75 6504140.145
31 76 4654610.664
31 77 4090200.909
31 78 3473083.762
31 79 4521061.069
31 80 4716890.528
31 81 3817776.6
31 82 2324560.029
31 83 5178775.389
31 84 2598500.049
31 85 7554079.617
31 86 4802970.292
31 87 3665624.243
31 88 5505162.196
31 89 5692999.516
31 90 4549951.563
31 91 4523710.539
31 92 5189907.959
31 93 3615307.725
31 94 3596102.892
31 95 6165803.355
31 96 2954951.767
31 97 4824114.053
31 98 4858289.605
31 99 1656710.131
32 33 4245200.113
32 34 4445485.276
32 35 2291730.477
32 36 1197273.125
32 37 3575642.126
32 38 5994461.315
32 39 5576032.036
32 40 2946454.923
32 41 3744988.052
32 42 3816937.407
32 43 1569368.844
32 44 6634483.501
32 45 5179719.077
32 46 5192350.217
32 47 6153405.375
32 48 1721433.711
32 49 2151520.035
32 50 6748788.844
32 51 2711311.08
32 52 4551446.79
32 53 3923166.952
32 54 4285212.445
32 55 2663502.366
32 56 7667328.406
32 57 5942543.222
32 58 4879807.774
32 59 4437229.488
32 60 5723414.449
32 61 6703068.38
32 62 3965348.33
32 63 4897079.028
32 64 6445035.41
32 65 2321600.272
32 66 2573741.788
32 67 1699316.127
32 68 3075140.644
32 69 6051815.051
32 70 3419489.26
32 71 3985117.602
32 72 3598517.004
32 73 3117786.121
32 74 2781167.197
32 75 6424813.265
32 76 5168678.265
32 77 3129414.855
32 78 2497369.823
32 79 5848904.46
32 80 3381344.318
32 81 2810149.087
32 82 3570268.78
32 83 6419204.835
32 84 2066774.088
32 85 6920429.162
32 86 3593895.192
32 87 2404218.968
32 88 6536840.714
32 89 5775493.992
32 90 3384972.486
32 91 3243107.337
32 92 6436875.053
32 93 4621185.103
32 94 2251470.828
32 95 5842021.281
32 96 1612213.296
32 97 5473686.31
32 98 4342950.039
32 99 1987482.602
33 34 6798064.6
33 35 2859271.221
33 36 4010225.046
33 37 1089601.357
33 38 3677797.196
33 39 9820461.58
33 40 7156228.518
33 41 690910.5485
33 42 3460807.3
33 43 5795294.404
33 44 4873950.24
33 45 3619710.977
33 46 4327616.914
33 47 10259502.66
33 48 5965303.744
33 49 3139322.182
33 50 3585608.628
33 51 6764269.88
33 52 1003229.165
33 53 7023126.852
33 54 8530412.386
33 55 6906399.164
33 56 9424192.662
33 57 8729310.205
33 58 9083209.11
33 59 232141.6897
33 60 9961335.717
33 61 8046087.787
33 62 577988.015
33 63 8687822.776
33 64 9583468.022
33 65 4733926.027
33 66 6571376.611
33 67 3960526.987
33 68 7318594.231
33 69 9311302.751
33 70 1009110.228
33 71 4420178.312
33 72 3203844.96
33 73 6601200.036
33 74 3224955.86
33 75 6166755.495
33 76 6914500.53
33 77 2030237.067
33 78 4488088.558
33 79 9978508.512
33 80 2344301.015
33 81 4462395.755
33 82 7796893.49
33 83 10653550.56
33 84 3586883.804
33 85 4654880.525
33 86 727563.6993
33 87 1841061.425
33 88 9340211.958
33 89 6197717.608
33 90 3930412.338
33 91 3103019.003
33 92 10668361.88
33 93 8831699.642
33 94 2427377.619
33 95 5002467.57
33 96 2954402.643
33 97 7471389.812
33 98 3624201.683
33 99 6046961.452
34 35 4002171.148
34 36 3492368.794
34 37 6802213.548
34 38 5796024.104
34 39 6209987.858
34 40 5275735.887
34 41 6107210.917
34 42 3691563.397
34 43 4652253.937
34 44 5527597.665
34 45 4791137.956
34 46 4088245.426
34 47 5351423.997
34 48 4472829.78
34 49 6378981.361
34 50 7066743.187
34 51 5767849.979
34 52 6385939.837
34 53 1250010.176
34 54 5440719.024
34 55 4774856.712
34 56 3230189.578
34 57 1954547.379
34 58 5098473.226
34 59 7029501.345
34 60 6112204.862
34 61 2492547.916
34 62 6250810.884
34 63 3277609.473
34 64 2941266.557
34 65 6743909.28
34 66 5819110.833
34 67 6131845.541
34 68 4929267.275
34 69 2810627.642
34 70 5802386.786
34 71 2780926.698
34 72 3823960.702
34 73 2031333.142
34 74 7028400.722
34 75 3839662.907
34 76 1036806.349
34 77 4777288.549
34 78 6942140.509
34 79 5252369.189
34 80 7276211.983
34 81 7254899.705
34 82 4606280.138
34 83 6569267.232
34 84 3336436.13
34 85 6208067.062
34 86 6099728.721
34 87 5516220.164
34 88 2552438.601
34 89 2807131.653
34 90 7752647.749
34 91 7425097.117
34 92 6535747.884
34 93 6256332.716
34 94 6113162.297
34 95 4224755.706
34 96 5662270.199
34 97 1064343.08
34 98 3922397.86
34 99 5380187.157
35 36 1416705.659
35 37 2810114.947
35 38 3704368.849
35 39 7467376.678
35 40 5090036.208
35 41 2181956.125
35 42 1634294.078
35 43 3745775.437
35 44 4377351.399
35 45 2901647.497
35 46 3025763.523
35 47 7614377.287
35 48 3816146.48
35 49 2993438.416
35 50 4524549.321
35 51 4978430.586
35 52 2705451.876
35 53 4164560.787
35 54 6233035.549
35 55 4713197.262
35 56 6876163.317
35 57 5901569.153
35 58 6588573.253
35 59 3090694.635
35 60 7551606.294
35 61 5617943.852
35 62 2360022.547
35 63 5904089.54
35 64 6728134.066
35 65 4114104.282
35 66 4856074.502
35 67 3245196.937
35 68 5101774.638
35 69 6452047.317
35 70 1850243.512
35 71 2164264.57
35 72 1370172.708
35 73 3792272.647
35 74 3558454.414
35 75 4529354.812
35 76 4283425.53
35 77 1012717.193
35 78 4104622.273
35 79 7360917.746
35 80 3469128.151
35 81 4300733.196
35 82 5399150.377
35 83 8214817.409
35 84 731193.28
35 85 4630865.345
35 86 2137375.426
35 87 1587158.908
35 88 6516877.976
35 89 4131966.775
35 90 4401504.134
35 91 3829307.715
35 92 8217792.183
35 93 6718625.785
35 94 2440920.835
35 95 3725256.227
35 96 2275443.182
35 97 4785197.359
35 98 2135400.796
35 99 4266164.673
36 37 3635622.551
36 38 5035674.392
36 39 6052808.37
36 40 3707238.664
36 41 3390354.332
36 42 2724035.04
36 43 2401964.973
36 44 5556396.71
36 45 4146733.534
36 46 4063832.882
36 47 6274727.924
36 48 2438101.969
36 49 2886785.957
36 50 5927586.377
36 51 3679521.602
36 52 4049281.639
36 53 3244749.073
36 54 4816399.403
36 55 3310624.42
36 56 6657527.038
36 57 5188586.269
36 58 5191265.555
36 59 4230767.21
36 60 6142232.743
36 61 5603389.833
36 62 3595625.076
36 63 4689006.23
36 64 5851342.593
36 65 3459328.919
36 66 3587610.654
36 67 2722198.983
36 68 3693024.867
36 69 5511247.141
36 70 3044353.388
36 71 2796418.131
36 72 2543195.306
36 73 2644237.528
36 74 3536033.154
36 75 5230395.343
36 76 4097521.395
36 77 2410402.162
36 78 3580371.43
36 79 6006851.326
36 80 3851292.169
36 81 3861564.439
36 82 3984623.388
36 83 6810582.473
36 84 940818.727
36 85 5907544.048
36 86 3290937.111
36 87 2309235.237
36 88 5802326.264
36 89 4581987.122
36 90 4272145.15
36 91 3937786.554
36 92 6815511.48
36 93 5314385.355
36 94 2666998.884
36 95 4687848.887
36 96 2173232.187
36 97 4465555.169
36 98 3250767.655
36 99 3000537.099
37 38 4604927.873
37 39 9109951.973
37 40 6378125.019
37 41 1252168.225
37 42 3877264.112
37 43 5056177.775
37 44 5742280.843
37 45 4375483.697
37 46 4971118.374
37 47 9714836.123
37 48 5255527.37
37 49 2119259.182
37 50 4645985.406
37 51 5908468.303
37 52 2009108.431
37 53 6830593.739
37 54 7813439.639
37 55 6181881.697
37 56 9656955.528
37 57 8671584.856
37 58 8454575.282
37 59 1148719.811
37 60 9276315.226
37 61 8348119.553
37 62 1348064.565
37 63 8296423.403
37 64 9434706.746
37 65 3703515.704
37 66 5701365.335
37 67 2982644.666
37 68 6592668.406
37 69 9119668.691
37 70 1307742.154
37 71 4745508.866
37 72 3587193.921
37 73 6279783.248
37 74 2141844.481
37 75 6772082.286
37 76 7078957.429
37 77 2308468.956
37 78 3434830.623
37 79 9416377.722
37 80 1268104.582
37 81 3388489.038
37 82 7139810.337
37 83 9975775.903
37 84 3470307.782
37 85 5608728.032
37 86 1086177.528
37 87 1330663.539
37 88 9289275.622
37 89 6649871.2
37 90 2842492.388
37 91 2016393.869
37 92 9996647.218
37 93 8037551.928
37 94 1476376.725
37 95 5682662.07
37 96 2087965.071
37 97 7592689.076
37 98 4164225.262
37 99 5211868.309
38 39 10912617.78
38 40 8741232.805
38 41 3360619.295
38 42 2435473.448
38 43 7428134.035
38 44 1251270.33
38 45 1023949.611
38 46 1751609.306
38 47 10701361.52
38 48 7473768.475
38 49 6114986.779
38 50 1309950.326
38 51 8678994.892
38 52 2676928.162
38 53 6638638.415
38 54 9751628.074
38 55 8329861.847
38 56 7301174.271
38 57 7636522.196
38 58 9928986.487
38 59 3788780.549
38 60 10946088.11
38 61 5837507.414
38 62 3260018.516
38 63 8735575.922
38 64 8705391.584
38 65 7555507.017
38 66 8560111.276
38 67 6670684.125
38 68 8697027.637
38 69 8606196.309
38 70 3414367.275
38 71 3070021.73
38 72 2527183.516
38 73 6724431.789
38 74 6467613.862
38 75 3204146.641
38 76 5342909.627
38 77 2972588.058
38 78 7442826.405
38 79 10505917.12
38 80 5835975.885
38 81 7543245.425
38 82 8875160.305
38 83 11563310.65
38 84 4115283.076
38 85 1016947.004
38 86 3545448.119
38 87 4348775.896
38 88 8157200.631
38 89 3765877.739
38 90 7291540.223
38 91 6512066.594
38 92 11553965.94
38 93 10321826.2
38 94 5372936.131
38 95 2004113.277
38 96 5568400.149
38 97 5949394.249
38 98 1990424.228
38 99 7969932.22
39 40 2785540.512
39 41 9297516.348
39 42 8479252.586
39 43 4053829.882
39 44 11135713.64
39 45 9929730.843
39 46 9557708.453
39 47 1887070.559
39 48 3861025.583
39 49 7277048.859
39 50 11930626.91
39 51 3469167.494
39 52 10053552.1
39 53 4961733.079
39 54 1296538.65
39 55 2928128.281
39 56 8484737.307
39 57 5906648.46
39 58 1113084.161
39 59 10013233.43
39 60 328638.693
39 61 8472784.995
39 62 9515798.637
39 63 3209245.404
39 64 5364124.171
39 65 6200868.842
39 66 3709448.138
39 67 6425375.489
39 68 2517410.781
39 69 4928846.14
39 70 8962085.762
39 71 8050966.092
39 72 8395496.382
39 73 4395185.349
39 74 7719237.783
39 75 9931394.31
39 76 7233117.789
39 77 8461485.424
39 78 6589682.171
39 79 1625982.143
39 80 8631996.577
39 81 6902306.149
39 82 2068258.377
39 83 933300.1689
39 84 6873950.994
39 85 11653276.57
39 86 9157107.923
39 87 7979918.205
39 88 6117404.98
39 89 8938884.129
39 90 7861784.925
39 91 8191807.793
39 92 980216.6886
39 93 1401376.714
39 94 7682542.268
39 95 9973010.334
39 96 7037905.127
39 97 7017071.983
39 98 8955417.368
39 99 4020036.652
40 41 6685855.444
40 42 6383417.228
40 43 1377654.349
40 44 9191345.475
40 45 7831686.071
40 46 7643539.746
40 47 3918410.914
40 48 1273890.418
40 49 4494025.804
40 50 9613692.496
40 51 827082.4553
40 52 7497677.336
40 53 4162589.796
40 54 1519009.844
40 55 503661.8527
40 56 8259080.546
40 57 5891394.041
40 58 2437212.364
40 59 7336098.724
40 60 3002952.077
40 61 7766345.919
40 62 6906583.604
40 63 3651556.476
40 64 5866809.139
40 65 3465848.922
40 66 1044242.456
40 67 3639921.267
40 68 491266.2188
40 69 5394479.634
40 70 6364003.1
40 71 6212468.212
40 72 6232003.195
40 73 3254064.397
40 74 4935710.149
40 75 8450777.751
40 76 6277004.786
40 77 6021562.354
40 78 3849870.043
40 79 3576394.103
40 80 5848509.626
40 81 4177066.311
40 82 1263370.63
40 83 3699227.752
40 84 4628580.118
40 85 9593824.341
40 86 6528911.742
40 87 5322250.571
40 88 6339589.677
40 89 7578756.469
40 90 5117543.48
40 91 5410356.469
40 92 3733529.827
40 93 1677229.116
40 94 4927851.83
40 95 8187565.922
40 96 4292294.662
40 97 6299946.383
40 98 6900524.688
40 99 1236556.688
41 42 2811956.227
41 43 5312097.407
41 44 4490139.447
41 45 3137428.592
41 46 3776603.559
41 47 9660921.149
41 48 5463280.282
41 49 2969704.624
41 50 3513797.658
41 51 6352532.403
41 52 902497.9098
41 53 6346041.569
41 54 8015815.345
41 55 6405044.383
41 56 8751784.642
41 57 8039383.768
41 58 8522168.378
41 59 922326.1769
41 60 9424564.593
41 61 7384681.801
41 62 220830.1612
41 63 8045520.478
41 64 8898768.645
41 65 4539787.204
41 66 6172770.2
41 67 3708506.252
41 68 6815336.595
41 69 8631203.924
41 70 346012.4256
41 71 3754973.118
41 72 2544297.976
41 73 5948167.13
41 74 3193408.39
41 75 5602259.575
41 76 6230909.676
41 77 1341798.467
41 78 4341247.667
41 79 9387141.796
41 80 2477469.865
41 81 4369461.318
41 82 7254491.549
41 83 10111212.33
41 84 2912280.984
41 85 4369680.687
41 86 202029.9152
41 87 1392165.431
41 88 8649925.255
41 89 5571959.838
41 90 3979089.611
41 91 3175850.995
41 92 10122985.34
41 93 8362750.947
41 94 2215524.754
41 95 4474838.062
41 96 2630848.913
41 97 6784557.213
41 98 3019417.002
41 99 5625750.69
42 43 5119714.763
42 44 2832538.103
42 45 1458886.307
42 46 1394371.539
42 47 8295408.159
42 48 5133663.657
42 49 4574415.212
42 50 3550368.934
42 51 6403150.686
42 52 2813123.423
42 53 4331023.609
42 54 7330059.39
42 55 5950657.152
42 56 5986107.886
42 57 5635255.968
42 58 7493801.823
42 59 3675215.267
42 60 8510686.297
42 61 4588793.781
42 62 2882879.655
42 63 6370701.909
42 64 6626932.059
42 65 5748372.454
42 66 6310506.548
42 67 4878522.46
42 68 6304313.884
42 69 6454805.123
42 70 2606222.109
42 71 990486.9312
42 72 299401.5439
42 73 4315916.501
42 74 5095737.98
42 75 2971981.367
42 76 3559580.132
42 77 1571373.128
42 78 5734375.911
42 79 8089751.701
42 80 4824190.714
42 81 5920425.334
42 82 6448574.802
42 83 9128645.593
42 84 1783474.571
42 85 3214674.282
42 86 2887606.787
42 87 2958280.583
42 88 6213742.832
42 89 2774917.729
42 90 5950080.082
42 91 5306333.991
42 92 9119821.577
42 93 7925204.973
42 94 3948543.219
42 95 2091468.804
42 96 3881911.441
42 97 4151204.976
42 98 527704.4946
42 99 5722139.983
43 44 7948697.816
43 45 6548691.057
43 46 6430812.279
43 47 4851299.566
43 48 271464.9943
43 49 3295930.088
43 50 8260811.523
43 51 1297617.502
43 52 6120131.607
43 53 3747681.64
43 54 2757295.029
43 55 1126137.148
43 56 7823282.152
43 57 5700896.105
43 58 3467877.946
43 59 5980197.403
43 60 4226541.788
43 61 7112130.043
43 62 5532680.643
43 63 3992592.729
43 64 5937043.831
43 65 2624618.349
43 66 1252467.228
43 67 2518307.409
43 68 1536490.828
43 69 5490529.988
43 70 4988336.972
43 71 5062819.241
43 72 4945115.035
43 73 2803513.637
43 74 3816959.033
43 75 7406856.186
43 76 5569068.556
43 77 4656096.017
43 78 2965191.35
43 79 4525291.048
43 80 4640899.651
43 81 3314344.165
43 82 2139958.715
43 83 4927662.614
43 84 3340605.202
43 85 8309383.5
43 86 5157750.675
43 87 3956658.806
43 88 6233474.214
43 89 6612315.929
43 90 4162797.947
43 91 4301614.714
43 92 4951715.992
43 93 3051864.984
43 94 3635978.655
43 95 7018078.059
43 96 2987883.414
43 97 5715376.087
43 98 5644377.055
43 99 732782.1847
44 45 1495762.485
44 46 1578307.625
44 47 10711163.56
44 48 7954065.869
44 49 7071161.098
44 50 2262266.46
44 51 9234861.433
44 52 3884008.288
44 53 6539063.942
44 54 10050185.04
44 55 8744758.699
44 56 6496556.09
44 57 7214871.402
44 58 10097710.18
44 59 5000694.657
44 60 11132448.01
44 61 5062827.844
44 62 4416394.037
44 63 8676448.958
44 64 8318029.575
44 65 8420859.127
44 66 9143011.046
44 67 7534869.285
44 68 9083021.327
44 69 8285414.941
44 70 4491910.417
44 71 3085445.55
44 72 3035992.727
44 73 6799564.592
44 74 7483679.783
44 75 2261813.099
44 76 4879496.766
44 77 3854703.186
44 78 8350331.397
44 79 10550228.54
44 80 6937856.905
44 81 8485677.373
44 82 9157285.51
44 83 11709522.97
44 84 4615993.364
44 85 769078.5254
44 86 4661888.808
44 87 5314314.201
44 88 7678954.035
44 89 3063539.762
44 90 8326181.019
44 91 7575851.609
44 92 11692262.95
44 93 10691989.76
44 94 6354849.073
44 95 1314229.659
44 96 6461785.128
44 97 5457826.604
44 98 2305656.18
44 99 8554474.653
45 46 873742.6584
45 47 9682727.727
45 48 6574797.791
45 49 5585244.24
45 50 2276748.867
45 51 7821012.17
45 52 2694593.963
45 53 5615113.976
45 54 8787967.049
45 55 7404590.357
45 56 6494079.027
45 57 6656671.749
45 58 8932671.219
45 59 3782099.904
45 60 9954672.464
45 61 5030693.137
45 62 3102545.013
45 63 7712100.799
45 64 7713627.394
45 65 6925156.738
45 66 7716958.512
45 67 6039113.349
45 68 7761253.578
45 69 7601555.957
45 70 3086093.72
45 71 2047628.358
45 72 1603635.144
45 73 5708445.738
45 74 6015203.179
45 75 2638424.704
45 76 4392238.092
45 77 2366429.044
45 78 6855854.244
45 79 9490609.208
45 80 5523738.598
45 81 6995138.317
45 82 7905086.292
45 83 10564276.63
45 84 3209533.462
45 85 1762428.47
45 86 3289884.144
45 87 3836945.321
45 88 7191209.955
45 89 2972708.079
45 90 6863237.132
45 91 6130881.417
45 92 10553439.55
45 93 9383060.263
45 94 4877902.223
45 95 1415662.013
45 96 4967471.649
45 97 5002009.048
45 98 978050.7271
45 99 7126507.477
46 47 9164964.799
46 48 6420852.098
46 49 5922783.979
46 50 3058929.015
46 51 7724723
46 52 3462603.096
46 53 5018811.43
46 54 8474114.582
46 55 7189021.429
46 56 5623768.898
46 57 5893847.078
46 58 8522338.472
46 59 4509185.068
46 60 9556227.789
46 61 4159450.864
46 62 3778597.644
46 63 7148019.323
46 64 6971372.367
46 65 7138872.996
46 66 7645676.814
46 67 6265612.579
46 68 7520057.201
46 69 6890218.984
46 70 3663386.66
46 71 1509255.972
46 72 1659213.134
46 73 5231652.789
46 74 6413667.09
46 75 1841074.014
46 76 3591815.157
46 77 2771346.124
46 78 7115990.726
46 79 8995067.517
46 80 6040061.188
46 81 7291874
46 82 7580625.83
46 83 10137434.01
46 84 3134153.608
46 85 2153335.129
46 86 3903876.863
46 87 4240318.968
46 88 6408007.2
46 89 2098981.898
46 90 7269271.788
46 91 6585527.448
46 92 10121152.6
46 93 9123635.421
46 94 5263144.524
46 95 727076.6281
46 96 5249479.23
46 97 4197865.456
46 98 898730.9094
46 99 7061487.468
47 48 4599150.645
47 49 8136410.408
47 50 11841707.15
47 51 4729593.587
47 52 10310409.9
47 53 4193697.2
47 54 2526641.655
47 55 3820275.984
47 56 7062111.262
47 57 4531548.368
47 58 1489988.489
47 59 10472411.06
47 60 1574478.369
47 61 7306143.485
47 62 9868687.796
47 63 2073840.823
47 64 3773004.346
47 65 7345684.106
47 66 4958099.534
47 67 7367728.283
47 68 3484247.707
47 69 3397513.633
47 70 9315315.947
47 71 7674531.528
47 72 8278025.313
47 73 3979854.445
47 74 8668229.739
47 75 9190466.213
47 76 6294086.543
47 77 8626164.608
47 78 7720115.081
47 79 342982.8499
47 80 9466533.223
47 81 8058237.061
47 82 2739233.872
47 83 1534376.091
47 84 6930570.209
47 85 11315238.95
47 86 9551605.098
47 87 8465056.449
47 88 4603271.769
47 89 8158500.956
47 90 8968483.707
47 91 9152830.84
47 92 1469746.559
47 93 3097461.519
47 94 8393310.252
47 95 9458478.583
47 96 7743834.207
47 97 5947348.343
47 98 8711019.329
47 99 5083352.427
48 49 3539632.487
48 50 8339940.926
48 51 1362456.002
48 52 6254602.351
48 53 3530204.563
48 54 2566955.045
48 55 942169.8771
48 56 7622134.478
48 57 5464886.977
48 58 3232830.104
48 59 6155019.432
48 60 4020807.163
48 61 6945889.663
48 62 5683248.987
48 63 3721710.484
48 64 5679796.556
48 65 2896019.124
48 66 1363898.91
48 67 2777196.08
48 68 1353717.706
48 69 5230924.385
48 70 5134517.153
48 71 5024131.917
48 72 4972368.206
48 73 2582856.929
48 74 4071801.909
48 75 7335298.053
48 76 5409314.951
48 77 4751935.767
48 78 3236404.995
48 79 4275648.439
48 80 4878839.085
48 81 3585625.14
48 82 1904739.789
48 83 4720334.499
48 84 3366484.873
48 85 8337172.166
48 86 5314556.304
48 87 4124297.144
48 88 5990487.667
48 89 6516535.758
48 90 4430710.518
48 91 4556640.505
48 92 4741811.418
48 93 2922992.038
48 94 3852445.302
48 95 6990339.034
48 96 3201825.941
48 97 5533066.183
48 98 5654809.549
48 99 917577.0794
49 50 6466986.197
49 51 3917374.993
49 52 3869127.157
49 53 6021095.553
49 54 5992777.288
49 55 4393887.558
49 56 9530053.966
49 57 8020492.432
49 58 6763047.716
49 59 3246593.588
49 60 7479508.699
49 61 8412479.672
49 62 3160708.512
49 63 7029520.924
49 64 8579602.301
49 65 1594606.485
49 66 3694387.13
49 67 893124.3427
49 68 4788253.079
49 69 8195017.347
49 70 2780106.616
49 71 5146985.376
49 72 4284127.69
49 73 5257734.955
49 74 651255.0484
49 75 7518317.677
49 76 6947637.182
49 77 3218819.087
49 78 1371543.693
49 79 7814768.148
49 80 1355022.976
49 81 1428878.915
49 82 5435721.217
49 83 8180208.116
49 84 3302601.46
49 85 7127280.798
49 86 2768684.457
49 87 1767241.588
49 88 8625757.345
49 89 7105483.06
49 90 1426038.418
49 91 1092738.446
49 92 8209948.682
49 93 6098730.714
49 94 757971.0957
49 95 6644464.44
49 96 744859.9257
49 97 7344535.06
49 98 5026199.216
49 99 3270433.866
50 51 9460099.2
50 52 2645191.198
50 53 7852730.317
50 54 10727891.22
50 55 9235812.824
50 56 8594811.741
50 57 8929858.825
50 58 10987690.09
50 59 3618263.165
50 60 11987156.69
50 61 7133718.889
50 62 3346059.101
50 63 9918328.039
50 64 9990148.671
50 65 8006056.547
50 66 9317463.047
50 67 7144120.329
50 68 9620598.502
50 69 9876594.643
50 70 3688181.207
50 71 4306184.116
50 72 3568603.571
50 73 7864018.969
50 74 6704615.975
50 75 4440690.797
50 76 6647209.24
50 77 3619997.083
50 78 7835013.568
50 79 11629967.24
50 80 5914034.183
50 81 7879320.983
50 82 9871059.992
50 83 12625159.23
50 84 5059610.079
50 85 1603826.658
50 86 3715619.042
50 87 4763234.522
50 88 9457571.898
50 89 5065399.167
50 90 7471678.785
50 91 6653616.733
50 92 12620551.45
50 93 11240871.92
50 94 5709047.672
50 95 3282590.156
50 96 6035710.378
50 97 7254818.201
50 98 3180841.264
50 99 8734938.276
51 52 7202915.249
51 53 4736197.961
51 54 2268052.051
51 55 1148569.913
51 56 8851174.933
51 57 6564002.728
51 58 3242122.324
51 59 6928125.088
51 60 3718169.02
51 61 8255795.793
51 62 6572586.223
51 63 4441083.359
51 64 6614390.728
51 65 2731947.578
51 66 240353.1759
51 67 3033216.581
51 68 1309431.422
51 69 6145755
51 70 6048153.032
51 71 6360005.005
51 72 6219249.304
51 73 3796765.99
51 74 4294769.914
51 75 8693070.04
51 76 6732288.024
51 77 5840588.627
51 78 3121015.986
51 79 4386827.255
51 80 5257241.761
51 81 3433604.832
51 82 2088516.432
51 83 4399670.831
51 84 4620334.871
51 85 9578168.711
51 86 6181786.539
51 87 4964074.855
51 88 7041383.696
51 89 7878989.696
51 90 4393002.211
51 91 4756209.938
51 92 4440939.072
51 93 2194040.835
51 94 4434991.676
51 95 8315496.74
51 96 3829298.032
51 97 6817477.786
51 98 6929318.898
51 99 730532.579
52 53 6781205.72
52 54 8784183.511
52 55 7192172.08
52 56 8789245.619
52 57 8339496.667
52 58 9234266.819
52 59 1116720.871
52 60 10164709.56
52 61 7371618.902
52 62 710160.7475
52 63 8603899.22
52 64 9263563.287
52 65 5442157.772
52 66 7030297.633
52 67 4609821.853
52 68 7598981.743
52 69 9032879.384
52 70 1160950.638
52 71 3803065.385
52 72 2604839.169
52 73 6488233.381
52 74 4065762.039
52 75 5300149.619
52 76 6364583.543
52 77 1709125.38
52 78 5240452.154
52 79 10050165.15
52 80 3275904.578
52 81 5260654.793
52 82 7995133.371
52 83 10843007.07
52 84 3419070.27
52 85 3651710.756
52 86 1101526.52
52 87 2270072.554
52 88 8937349.233
52 89 5435465.004
52 90 4826487.758
52 91 4009161.896
52 92 10851001.08
52 93 9170738.066
52 94 3116677.948
52 95 4102390.594
52 96 3526424.699
52 97 6947790.536
52 98 2860595.443
52 99 6473427.139
53 54 4204892.864
53 55 3672895.41
53 56 4114977.373
53 57 2023794.525
53 58 3851234.538
53 59 7254170.009
53 60 4869775.274
53 61 3653834.372
53 62 6519354.021
53 63 2138508.726
53 64 2608886.779
53 65 6099661.561
53 66 4819396.641
53 67 5612842.461
53 68 3777699.67
53 69 2293809.238
53 70 6014458.586
53 71 3569595.773
53 72 4386519.202
53 73 948101.2867
53 74 6668486.628
53 75 5027683.335
53 76 2282158.646
53 77 5087318.788
53 78 6350789.547
53 79 4064840.041
53 80 7088194.051
53 81 6684812.975
53 82 3389435.793
53 83 5344786.955
53 84 3436352.604
53 85 7171294.972
53 86 6298905.803
53 87 5501978.733
53 88 2613674.968
53 89 4009574.591
53 90 7308007.68
53 91 7106794.872
53 92 5314244.101
53 93 5030891.107
53 94 5901448.769
53 95 5270732.902
53 96 5361275.651
53 97 2168227.753
53 98 4672747.049
53 99 4447107.77
54 55 1631732.599
54 56 8062639.613
54 57 5529723.091
54 58 1057639.808
54 59 8721483.452
54 60 1487731.352
54 61 7840129.346
54 62 8234798.735
54 63 2922974.216
54 64 5224626.094
54 65 4977125.39
54 66 2506000.724
54 67 5150633.343
54 68 1220881.529
54 69 4755519.861
54 70 7682510.353
54 71 6980838.835
54 72 7225293.479
54 73 3477396.607
54 74 6450287.464
54 75 9005137.447
54 76 6477517.73
54 77 7215804.005
54 78 5363091.735
54 79 2186606.709
54 80 7347668.098
54 81 5686090.131
54 82 895652.3116
54 83 2187572.065
54 84 5669657.022
54 85 10531045.44
54 86 7872303.876
54 87 6689412.31
54 88 5859726.187
54 89 8049148.842
54 90 6632880.926
54 91 6926606.12
54 92 2218764.047
54 93 857515.6841
54 94 6387200.346
54 95 8936295.433
54 96 5741913.51
54 97 6355561.714
54 98 7822069.792
54 99 2754102.19
55 56 7777466.957
55 57 5438626.34
55 58 2385044.867
55 59 7094984.465
55 60 3101884.887
55 61 7266264.394
55 62 6624916.014
55 63 3304978.376
55 64 5465957.649
55 65 3529384.148
55 66 1311219.253
55 67 3578716.389
55 68 412407.4485
55 69 4997187.808
55 70 6075604.64
55 71 5744106.558
55 72 5810705.863
55 73 2756891.192
55 74 4884004.902
55 75 7960576.462
55 76 5774119.364
55 77 5668515.599
55 78 3900975.414
55 79 3484757.736
55 80 5745683.297
55 81 4240949.185
55 82 1081602.196
55 83 3803329.412
55 84 4214841.854
55 85 9164854.719
55 86 6256709.776
55 87 5065563.945
55 88 5903556.098
55 89 7081516.746
55 90 5148691.852
55 91 5366028.178
55 92 3828576.627
55 93 2005429.462
55 94 4760385.642
55 95 7720142.317
55 96 4113267.694
55 97 5802449.082
55 98 6463198.834
55 99 1272359.453
56 57 2578170.78
56 58 7417636.906
56 59 9645194.472
56 60 8291386.112
56 61 1465480.547
56 62 8848080.54
56 63 5276614.603
56 64 3337816.711
56 65 9972784.099
56 66 8931837.627
56 67 9342883.089
56 68 7848998.925
56 69 3667328.026
56 70 8497964.183
56 71 5007343.144
56 72 6225286.4
56 73 5057377.202
56 74 10172517.77
56 75 4240797.173
56 76 2601995.222
56 77 7424760.835
56 78 10164606.76
56 79 7113246.428
56 80 10309113.55
56 81 10472588.07
56 82 7355873.904
56 83 8544678.578
56 84 6318814.806
56 85 7265629.629
56 86 8794311.447
56 87 8459457.419
56 88 2473574.629
56 89 3537719.58
56 90 10929001.94
56 91 10541960.36
56 92 8490360.948
56 93 8919125.494
56 94 9186812.964
56 95 5313922.78
56 96 8796597.508
56 97 2196091.491
56 98 5957089.736
56 99 8539028.404
57 58 4843747.802
57 59 8961269.148
57 60 5714387.455
57 61 2851400.756
57 62 8189329.748
57 63 2699386.226
57 64 1113092.557
57 65 8118099.092
57 66 6679598.53
57 67 7635272.056
57 68 5446540.029
57 69 1222005.401
57 70 7727311.644
57 71 4699068.016
57 72 5776266.24
57 73 2918682.111
57 74 8670287.726
57 75 5235104.564
57 76 2335375.847
57 77 6718063.576
57 78 8373582.83
57 79 4557644.757
57 80 9037838.018
57 81 8708290.772
57 82 4877999.34
57 83 5985963.569
57 84 5205573.809
57 85 7939308.058
57 86 8022606.597
57 87 7360739.056
57 88 617978.6375
57 89 4229054.1
57 90 9325814.237
57 91 9099598.537
57 92 5934081.78
57 93 6387082.941
57 94 7855275.925
57 95 5902012.659
57 96 7342687.774
57 97 1772546.006
57 98 5834557.556
57 99 6369990.403
58 59 9286590.738
58 60 1038549.647
58 61 7365611.615
58 62 8736641.672
58 63 2147787.773
58 64 4385660.78
58 65 5886407.432
58 66 3472403.311
58 67 5961875.53
58 68 2022456.664
58 69 3932011.405
58 70 8180400.53
58 71 7013136.775
58 72 7429623.966
58 73 3318811.499
58 74 7266983.471
58 75 8836067.164
58 76 6120383.818
58 77 7596259.085
58 78 6265394.926
58 79 1147048.681
58 80 8108631.559
58 81 6599265.36
58 82 1328460.984
58 83 1637500.558
58 84 5956171.867
58 85 10637296.43
58 86 8395569.813
58 87 7256016.474
58 88 5094960.608
58 89 7837613.59
58 90 7523576.741
58 91 7749713.705
58 92 1633960.181
58 93 1761884.402
58 94 7079415.509
58 95 8913078.321
58 96 6427858.861
58 97 5906138.99
58 98 7955131.009
58 99 3626725.727
59 60 10157855.94
59 61 8262778.42
59 62 797411.2007
59 63 8911709.943
59 64 9815447.411
59 65 4838819.427
59 66 6731759.836
59 67 4086171.476
59 68 7507355.339
59 69 9542737.138
59 70 1240769.257
59 71 4639448.47
59 72 3422088.958
59 73 6827752.08
59 74 3288891.345
59 75 6349942.682
59 76 7140741.568
59 77 2259710.304
59 78 4579590.794
59 79 10189610.09
59 80 2365113.219
59 81 4537194.737
59 82 7995881.525
59 83 10851371.71
59 84 3817838.571
59 85 4750682.159
59 86 956542.5576
59 87 2034607.098
59 88 9572064.487
59 89 6401873.979
59 90 3962261.665
59 91 3133825.887
59 92 10867010.22
59 93 9009875.608
59 94 2554897.855
59 95 5175139.775
59 96 3106532.935
59 97 7699263.442
59 98 3824278.102
59 99 6214514.687
60 61 8328596.8
60 62 9641663.518
60 63 3029020.475
60 64 5128617.142
60 65 6445366.102
60 66 3958389.227
60 67 6638273.397
60 68 2696860.351
60 69 4702647.032
60 70 9086512.089
60 71 8047281.283
60 72 8438091.204
60 73 4357360.209
60 74 7937336.45
60 75 9869093.234
60 76 7126326.966
60 77 8552590.877
60 78 6833138.172
60 79 1331483.577
60 80 8834211.9
60 81 7150585.874
60 82 2170810.212
60 83 701620.8892
60 84 6939792.411
60 85 11666200.32
60 86 9288952.286
60 87 8123257.112
60 88 5899711.125
60 89 8866797.462
60 90 8104783.923
60 91 8412976.598
60 92 731058.6328
60 93 1708109.438
60 94 7862148.06
60 95 9951209.299
60 96 7214424.302
60 97 6885751.232
60 98 8977981.159
60 99 4239398.588
61 62 7468234.888
61 63 5322917.9
61 64 3890828.485
61 65 9024343.125
61 66 8300469.819
61 67 8324843.216
61 68 7410650.476
61 69 4072986.868
61 70 7147768.226
61 71 3630021.229
61 72 4842634.275
61 73 4515222.18
61 74 9040841.59
61 75 2826518.924
61 76 1551197.467
61 77 6076263.115
61 78 9176009.583
61 79 7288187.23
61 80 9083677.982
61 81 9464039.039
61 82 7041877.644
61 83 8690771.376
61 84 5129565.117
61 85 5831101.613
61 86 7440438.694
61 87 7203930.525
61 88 3062130.481
61 89 2072640.187
61 90 9832012.863
61 91 9379388.329
61 92 8646034.786
61 93 8676554.859
61 94 8001330.12
61 95 3855937.467
61 96 7669206.804
61 97 1486545.63
61 98 4522413.127
61 99 7843948.222
62 63 8240287.933
62 64 9061485.87
62 65 4737895.149
62 66 6392292.874
62 67 3913432.773
62 68 7035074.205
62 69 8800416.155
62 70 556250.1653
62 71 3843014.45
62 72 2626239.92
62 73 6138744.731
62 74 3359348.559
62 75 5613553.737
62 76 6344887.51
62 77 1473866.199
62 78 4531666.401
62 79 9596473.856
62 80 2600958.17
62 81 4550524.742
62 82 7471339.135
62 83 10327691.15
62 84 3091215.394
62 85 4261239.803
62 86 401390.1584
62 87 1610858.623
62 88 8797904.596
62 89 5623726.191
62 90 4130038.845
62 91 3318397.901
62 92 10339141.31
62 93 8583446.568
62 94 2410204.573
62 95 4464933.761
62 96 2842182.498
62 97 6905616.265
62 98 3054445.517
62 99 5846015.632
63 64 2303703.744
63 65 6615917.441
63 66 4615860.83
63 67 6397053.245
63 68 3162788.477
63 69 1832926.687
63 70 7701314.159
63 71 5678363.967
63 72 6386745.046
63 73 2117124.408
63 74 7632261.644
63 75 7116672.049
63 76 4229721.297
63 77 6895793.295
63 78 6947820.688
63 79 1990102.418
63 80 8275773.73
63 81 7297597.303
63 82 2445909.616
63 83 3369251.886
63 84 5184832.341
63 85 9301354.347
63 86 7962879.247
63 87 6985327.42
63 88 2956660.555
63 89 6084720.572
63 90 8101358.347
63 91 8109017.922
63 92 3326241.923
63 93 3767890.505
63 94 7122684.902
63 95 7408896.281
63 96 6501007.377
63 97 3914177.261
63 98 6752694.05
63 99 4491506.491
64 65 8482758.827
64 66 6763434.907
64 67 8098843.521
64 68 5389713.5
64 69 474911.5144
64 70 8574997.447
64 71 5721226.217
64 72 6744909.521
64 73 3327562.259
64 74 9220442.015
64 75 6347648.193
64 76 3440607.739
64 77 7603407.435
64 78 8772668.555
64 79 3867536.807
64 80 9686053.509
64 81 9117051.787
64 82 4718807.149
64 83 5290283.294
64 84 6009255.368
64 85 9037007.883
64 86 8864961.984
64 87 8107777.087
64 88 870570.5623
64 89 5341980.721
64 90 9813784.338
64 91 9671009.263
64 92 5230622.242
64 93 6064365.385
64 94 8499427.101
64 95 7004183.054
64 96 7943424.285
64 97 2885358.662
64 98 6862326.862
64 99 6542337.678
65 66 2491842.03
65 67 887064.4409
65 68 3865249.037
65 69 8052211.486
65 70 4323498.031
65 71 6132169.637
65 72 5480333.91
65 73 5209292.376
65 74 1703194.961
65 75 8573898.351
65 76 7489981.384
65 77 4592650.854
65 78 389567.8064
65 79 7007756.756
65 80 2742135.403
65 81 712908.9693
65 82 4610369.907
65 83 7130499.998
65 84 4181247.929
65 85 8553849.816
65 86 4340892.612
65 87 3246986.39
65 88 8688721.399
65 89 8013410.733
65 90 1661068.722
65 91 2109707.262
65 92 7170716.095
65 93 4903310.919
65 94 2328909.615
65 95 7838734.22
65 96 1989153.386
65 97 7783817.037
65 98 6244788.688
65 99 2262416.093
66 67 2807270.081
66 68 1514928.839
66 69 6297234.955
66 70 5872861.42
66 71 6302998.735
66 72 6118418.55
66 73 3874513.929
66 74 4061789.343
66 75 8658394.38
66 76 6768480.456
66 77 5697642.549
66 78 2880989.64
66 79 4615570.054
66 80 5030161.029
66 81 3193252.259
66 82 2296310.018
66 83 4640018.544
66 84 4527205.163
66 85 9470147.128
66 86 5999317.425
66 87 4781974.089
66 88 7168626.487
66 89 7863262.378
66 90 4152910.21
66 91 4521331.709
66 92 4681286.159
66 93 2428356.805
66 94 4226092.02
66 95 8248369.634
66 96 3628187.975
66 97 6874569.972
66 98 6837728.659
66 99 590733.2107
67 68 3961479.165
67 69 7690383.917
67 70 3473663.713
67 71 5302621.121
67 72 4606402.577
67 73 4776878.601
67 74 1305290.546
67 75 7734735.347
67 76 6810492.894
67 77 3705958.034
67 78 875621.3948
67 79 7039594.9
67 80 2224249.741
67 81 1139365.706
67 82 4641814.177
67 83 7336960.767
67 84 3363835.309
67 85 7667688.227
67 86 3513003.769
67 87 2380894.434
67 88 8225278.189
67 89 7211845.863
67 90 1718529.452
67 91 1787933.279
67 92 7369331.937
67 93 5221180.008
67 94 1533239.532
67 95 6969971.802
67 96 1110996.337
67 97 7146851.211
67 98 5369585.599
67 99 2406611.843
68 69 4916433.79
68 70 6485164.819
68 71 6059285.866
68 72 6173368.899
68 73 2898051.724
68 74 5265868.81
68 75 8230301.468
68 76 5945639.991
68 77 6064745.491
68 78 4243238.698
68 79 3144670.327
68 80 6141812.341
68 81 4578156.096
68 82 781400.9603
68 83 3398480.091
68 84 4585283.523
68 85 9518800.844
68 86 6667789.528
68 87 5477697.269
68 88 5880613.472
68 89 7328836.575
68 90 5501359.525
68 91 5746124.365
68 92 3425342.007
68 93 1625039.972
68 94 5167628.285
68 95 8034120.436
68 96 4521584.406
68 97 5934072.06
68 98 6812309.867
68 99 1604325.443
69 70 8302224.536
69 71 5581123.111
69 72 6554217.296
69 73 2937415.255
69 74 8831856.772
69 75 6391722.286
69 76 3439862.612
69 77 7354636.312
69 78 8348436.981
69 79 3466918.518
69 80 9326694.342
69 81 8694221.859
69 82 4243895.653
69 83 4896676.974
69 84 5726290.941
69 85 8988387
69 86 8588565.722
69 87 7789760.338
69 88 1207952.119
69 89 5368657.987
69 90 9407763.791
69 91 9287578.292
69 92 4839522.106
69 93 5597784.056
69 94 8141576.857
69 95 6972137.544
69 96 7573081.178
69 97 2928699.454
69 98 6721421.179
69 99 6085597.005
70 71 3520117.041
70 72 2325812.263
70 73 5605837.237
70 74 3065169.584
70 75 5467499.114
70 76 5958347.396
70 77 1073407.387
70 78 4146878.246
70 79 9041992.617
70 80 2446402.915
70 81 4199049.107
70 82 6916018.065
70 83 9772070.551
70 84 2578531.299
70 85 4430648.102
70 86 299185.7497
70 87 1111313.644
70 88 8339514.857
70 89 5379876.511
70 90 3878995.073
70 91 3098727.517
70 92 9783340.159
70 93 8040073.69
70 94 2022243.518
70 95 4375765.53
70 96 2377534.175
70 97 6503341.996
70 98 2863131.143
70 99 5319587.783
71 72 1217982.507
71 73 3725826.769
71 74 5722056.196
71 75 2447220.666
71 76 2571822.969
71 77 2451772.932
71 78 6177111.29
71 79 7497113.695
71 80 5586444.111
71 81 6403938.225
71 82 6085899.91
71 83 8628582.192
71 84 1953532.084
71 85 3644177.903
71 86 3811422.393
71 87 3690463.369
71 88 5264506.447
71 89 1968693.118
71 90 6562368.15
71 91 5989408.762
71 92 8612622.098
71 93 7648849.801
71 94 4603009.233
71 95 1976051.769
71 96 4416048.103
71 97 3167459.649
71 98 1141517.382
71 99 5731300.117
72 73 4306204.771
72 74 4800314.971
72 75 3270849.991
72 76 3760878.009
72 77 1279061.006
72 78 5457725.038
72 79 8062489.708
72 80 4525115.689
72 81 5638157.123
72 82 6351111.34
72 83 9066747.98
72 84 1606211.818
72 85 3365303.802
72 86 2611247.641
72 87 2659209.533
72 88 6363695.001
72 89 3062699.905
72 90 5655073.521
72 91 5007808.977
72 92 9060337.086
72 93 7797528.93
72 94 3652246.312
72 95 2368845.642
72 96 3597387.762
72 97 4342989.57
72 98 765289.8075
72 99 5528447.607
73 74 5895670.707
73 75 5547869.11
73 76 3052961.608
73 77 4779591.01
73 78 5477933.277
73 79 3782175.974
73 80 6402186.836
73 81 5817758.062
73 82 2610866.251
73 83 4912602.55
73 84 3069650.181
73 85 7368533.322
73 86 5874108.269
73 87 4953031.035
73 88 3479914.707
73 89 4575943.193
73 90 6488812.813
73 91 6350224.768
73 92 4893830.064
73 93 4263647.015
73 94 5220717.806
73 95 5596896.639
73 96 4640396.603
73 97 3045902.343
73 98 4734143.101
73 99 3499389.992
74 75 8059115.656
74 76 7585904.434
74 77 3663094.387
74 78 1366176.176
74 79 8341441.81
74 80 1043647.646
74 81 1257483.214
74 82 5945988.09
74 83 8634791.932
74 84 3918611.716
74 85 7484444.888
74 86 2992507.446
74 87 2182606.132
74 88 9274845.236
74 89 7687809.483
74 90 855728.8833
74 91 484846.5633
74 92 8668298.174
74 93 6488793.646
74 94 1150619.444
74 95 7139580.002
74 96 1376285.008
74 97 7989572.728
74 98 5524175.719
74 99 3699546.373
75 76 2966361.655
75 77 4508944.378
75 78 8606637.917
75 79 9083923.767
75 80 7785481.466
75 81 8821066.054
75 82 8118716.801
75 83 10369204
75 84 4400026.463
75 85 3029756.059
75 86 5720266.449
75 87 5930020.287
75 88 5627639.214
75 89 1037622.629
75 90 8911222.504
75 91 8278183.991
75 92 10340128.83
75 93 9749918.146
75 94 6915631.021
75 95 1235601.114
75 96 6804775.096
75 97 3467904.57
75 98 2610269.791
75 99 8102287.609
76 77 4891196.892
76 78 7652846.712
76 79 6218317.449
76 80 7707208.405
76 81 7947918.807
76 82 5641060.165
76 83 7563112.917
76 84 3716880.864
76 85 5605764.112
76 86 6257009.371
76 87 5862547.319
76 88 2819793.572
76 89 1933975.949
76 90 8356583.877
76 91 7946938.647
76 92 7526750.247
76 93 7292046.192
76 94 6586731.581
76 95 3566771.828
76 96 6209716.605
76 97 610137.9167
76 98 3652654.573
76 99 6301584.705
77 78 4501581.51
77 79 8373538.096
77 80 3279278.55
77 81 4630995.873
77 82 6393751.512
77 83 9219550.28
77 84 1711695.17
77 85 3962584.367
77 86 1369657.873
77 87 1480555.187
77 88 7325536.824
77 89 4341509.19
77 90 4516136.638
77 91 3815409.673
77 92 9223583.392
77 93 7670922.998
77 94 2518056.792
77 95 3498114.286
77 96 2614624.661
77 97 5442841.735
77 98 1906007.676
77 99 5114971.945
78 79 7383067.629
78 80 2409806.968
78 81 349776.7983
78 82 4982556.478
78 83 7518984.43
78 84 4239455.501
78 85 8449143.136
78 86 4140212.416
78 87 3102082.88
78 88 8951959.374
78 89 8087264.26
78 90 1272109.276
78 91 1745025.68
78 92 7558934.158
78 93 5292695.527
78 94 2127643.899
78 95 7825163.179
78 96 1888561.378
78 97 7970482.682
78 98 6218105.556
78 99 2639035.079
79 80 9148467.65
79 81 7720464.733
79 82 2404868.926
79 83 1431628.915
79 84 6686036.783
79 85 11141040.76
79 86 9274187.716
79 87 8175897.448
79 88 4674526.241
79 89 8056810.128
79 90 8633447.228
79 91 8825825.58
79 92 1377320.817
79 93 2777927.788
79 94 8083343.489
79 95 9310314.868
79 96 7433003.343
79 97 5899925.937
79 98 8515908.157
79 99 4745342.305
80 81 2281602.657
80 82 6780361.18
80 83 9535020.919
80 84 3991565.394
80 85 6846786.635
80 86 2290529.041
80 87 1896467.642
80 88 9652590.736
80 89 7544675.367
80 90 1599435.508
80 91 773369.9131
80 92 9564533.529
80 93 7445041.856
80 94 1186836.316
80 95 6764085.106
80 96 1775713.981
80 97 8167388.188
80 98 5185184.903
80 99 4622484.983
81 82 5322230.676
81 83 7833253.781
81 84 4480992.455
81 85 8554820.111
81 86 4167461.537
81 87 3194625.089
81 88 9289036.59
81 89 8330033.588
81 90 973934.8834
81 91 1562558.111
81 92 7874457.11
81 93 5590938.83
81 94 2180550.903
81 95 8006867.357
81 96 2042639.408
81 97 8277133.555
81 98 6393144.124
81 99 2975143.018
82 83 2857527.633
82 84 4811815.619
82 85 9644060.548
82 86 7120281.466
82 87 5961775.348
82 88 5268168.603
82 89 7170448.365
82 90 6229253.185
82 91 6429569.743
82 92 2871478.124
82 93 1653414.245
82 94 5754150.142
82 95 8040643.885
82 96 5102812.059
82 97 5555395.765
82 98 6936552.765
82 99 2350278.242
83 84 7590300.724
83 85 12261249.22
83 86 9977758.493
83 87 8816836.516
83 88 6104580.906
83 89 9354325.575
83 90 8791051.944
83 91 9109524.159
83 92 75235.32645
83 93 2317611.492
83 94 8563444.441
83 95 10507096.14
83 96 7915502.8
83 97 7279340.004
83 98 9586367.347
83 99 4935737.408
84 85 4971498.095
84 86 2862639.118
84 87 2181245.343
84 88 5822646.134
84 89 3849392.664
84 90 4728476.386
84 91 4249858.573
84 92 7589681.214
84 93 6210282.736
84 94 2875481.728
84 95 3775457.501
84 96 2557993.037
84 97 4180124.591
84 98 2310533.398
84 99 3939214.837
85 86 4556844.575
85 87 5360272.204
85 88 8415700.746
85 89 3821772.831
85 90 8308351.963
85 91 7527525.99
85 92 12247271.81
85 93 11138871.76
85 94 6387389.772
85 95 2044425.269
85 96 6569840.815
85 97 6192037.862
85 98 2710082.852
85 99 8879437.324
86 87 1217720.768
86 88 8635280.411
86 89 5657949.299
86 90 3781196.289
86 91 2980771.666
86 92 9990655.195
86 93 8206134.644
86 94 2015258.739
86 95 4609111.107
86 96 2440913.399
86 97 6802488.45
86 98 3124287.521
86 99 5456499.107
87 88 7978715.206
87 89 5651327.244
87 90 3035677.094
87 91 2351019.672
87 92 8832661.043
87 93 6999089.802
87 94 1041071.027
87 95 4967256.188
87 96 1274278.465
87 97 6349835.854
87 98 3358302.182
87 99 4239046.782
88 89 4650156.452
88 90 9921637.904
88 91 9707082.644
88 92 6047474.223
88 93 6712527.399
88 94 8469296.819
88 95 6372042.802
88 96 7952389.584
88 97 2224032.59
88 98 6393309.654
88 99 6886130.458
89 90 8524963.867
89 91 7958077.444
89 92 9323757.842
89 93 8813413.399
89 94 6571615.932
89 95 1800660.976
89 96 6369481.971
89 97 2456637.426
89 98 2581545.683
89 99 7326087.004
90 91 828512.4074
90 92 8830882.032
90 93 6560333.385
90 94 2006338.332
90 95 7995253.307
90 96 2170487.326
90 97 8737696.113
90 98 6379900.174
90 99 3898000.904
91 92 9143761.631
91 93 6949658.978
91 94 1389249.348
91 95 7312570.892
91 96 1764582.62
91 97 8368281.61
91 98 5708105.187
91 99 4173805.539
92 93 2371677.102
92 94 8587694.111
92 95 10486377.72
92 96 7939178.703
92 97 7238280.793
92 98 9575433.945
92 99 4970057.209
93 94 6576704.866
93 95 9618539.553
93 96 5949599.993
93 97 7190505.788
93 98 8430534.054
93 99 2835953.609
94 95 5988982.673
94 96 651619.7439
94 97 7026748.599
94 98 4373626.633
94 99 3744566.729
95 96 5965495.457
95 97 4148936.541
95 98 1618341.438
95 99 7669606.951
96 97 6615204.47
96 98 4350771.435
96 99 3125940.381
97 98 4258844.736
97 99 6442358.693
98 99 6249536.244
