4950
0 1 4824801.416
0 2 1906644.559
0 3 7097353.152
0 4 4377852.539
0 5 4510165.746
0 6 5824436.375
0 7 10574008.17
0 8 6442038.216
0 9 9867110.856
0 10 3547541.541
0 11 1740700.762
0 12 8453686.058
0 13 6337362.788
0 14 5622083.051
0 15 7664698.639
0 16 5267083.955
0 17 6880669.49
0 18 4241688.84
0 19 5377834.428
0 20 10862546.78
0 21 6645434.371
0 22 3306009.015
0 23 7900381.774
0 24 1116723.062
0 25 6395269.188
0 26 3975431.387
0 27 3375114.461
0 28 1982854.121
0 29 7105234.106
0 30 3956985.463
0 31 9077720.023
0 32 6909745.225
0 33 7871424.6
0 34 5318595.833
0 35 3461276.884
0 36 7193305.895
0 37 7881438.142
0 38 8367547.938
0 39 1981070.572
0 40 3373542.451
0 41 1068028.993
0 42 7470459.009
0 43 9118457.951
0 44 7259705.417
0 45 871733.313
0 46 5977324.021
0 47 816523.9155
0 48 9810096.086
0 49 7826077.017
0 50 8412110.037
0 51 1883782.681
0 52 2712683.068
0 53 9896389.082
0 54 5305901.471
0 55 1243125.468
0 56 6169878.687
0 57 7669614.696
0 58 8958658.942
0 59 6238273.97
0 60 6560385.689
0 61 5573621.995
0 62 7522351.996
0 63 2757019.075
0 64 614263.7555
0 65 7819159.512
0 66 6180890.158
0 67 8781634.309
0 68 8122779.644
0 69 2173831.421
0 70 7409791.029
0 71 2198112.205
0 72 5548372.459
0 73 5025397.813
0 74 9556084.633
0 75 3204618.731
0 76 6539836.889
0 77 1166783.224
0 78 10532393.28
0 79 6083297.448
0 80 5275660.006
0 81 8314363.542
0 82 5927601.699
0 83 8132602.686
0 84 4091969.832
0 85 2289078.798
0 86 1087170.233
0 87 3407391.579
0 88 8649415.542
0 89 8877895.132
0 90 5456772.105
0 91 7721268.583
0 92 7602802.18
0 93 8105686.901
0 94 7456092.348
0 95 6393467.408
0 96 8796641.329
0 97 2241914.209
0 98 4984572.352
0 99 1167912.844
1 2 6697022.928
1 3 3793773.776
1 4 5663824.812
1 5 1554732.968
1 6 2800529.884
1 7 5971791.393
1 8 4615408.692
1 9 5045051.533
1 10 5227369.927
1 11 4771221.224
1 12 3686356.756
1 13 5781909.519
1 14 4563080.293
1 15 6403037.421
1 16 2495527.381
1 17 6296409.024
1 18 3732197.676
1 19 665623.2685
1 20 6132031.517
1 21 4329425.663
1 22 1591836.527
1 23 3873217.563
1 24 3731660.856
1 25 3486051.569
1 26 4839323.009
1 27 4170407.502
1 28 3134109.043
1 29 5683908.538
1 30 1941298.916
1 31 5305439.549
1 32 6752161.848
1 33 5538251.387
1 34 744978.1386
1 35 1668556.204
1 36 3838707.376
1 37 5307333.405
1 38 4510080.72
1 39 3959886.827
1 40 2709190.354
1 41 3846136.956
1 42 2651065.927
1 43 4545401.605
1 44 4965096.886
1 45 4703825.731
1 46 3039079.718
1 47 5475966.208
1 48 5740488.684
1 49 3882569.162
1 50 4468107.577
1 51 5641685.805
1 52 3207989.469
1 53 5141978.639
1 54 4144403.205
1 55 4929802.945
1 56 2366200.464
1 57 5613017.147
1 58 5200904.008
1 59 5041716.361
1 60 3657047.915
1 61 2131779.294
1 62 2731726.532
1 63 3909289.396
1 64 4639874.54
1 65 3882003.356
1 66 3957804.059
1 67 4092300.33
1 68 3495319.613
1 69 4827385.571
1 70 3051809.134
1 71 5454138.586
1 72 2285935.623
1 73 3184006.345
1 74 4734476.282
1 75 2819789.086
1 76 2062439.958
1 77 3986942.76
1 78 5791672.425
1 79 1638731.227
1 80 2060542.582
1 81 3723829.536
1 82 3681542.227
1 83 6465765.011
1 84 3291978.847
1 85 4291518.112
1 86 5464456.297
1 87 4448636.626
1 88 5698666.064
1 89 4136506.407
1 90 3407771.943
1 91 6699754.749
1 92 4757453.47
1 93 5247722.532
1 94 4087365.277
1 95 1767845.501
1 96 3979168.186
1 97 2854118.715
1 98 2087739.803
1 99 3787808.21
2 3 8936395.572
2 4 5513532.815
2 5 6409673.11
2 6 7677307.644
2 7 12480649.54
2 8 8111434.099
2 9 11724475.03
2 10 4735800.701
2 11 2566211.666
2 12 10277960.66
2 13 7749137.845
2 14 7216865.713
2 15 9143608.819
2 16 7123760.461
2 17 8251202.187
2 18 5429474.921
2 19 7222435.997
2 20 12764442.51
2 21 8380331.127
2 22 5141296.258
2 23 9787623.451
2 24 2965754.655
2 25 8215789.19
2 26 5343800.324
2 27 4910509.125
2 28 3868915.969
2 29 8654339.628
2 30 5615350.321
2 31 10931544.09
2 32 8161056.254
2 33 9553380.299
2 34 7216050.487
2 35 5367843.7
2 36 9035077.443
2 37 9131818.625
2 38 9935318.624
2 39 3264398.757
2 40 4897218.894
2 41 2856688.675
2 42 9328689.18
2 43 11025102.08
2 44 8961569.475
2 45 2100235.857
2 46 7481443.253
2 47 1555665.903
2 48 11687352.49
2 49 9708213.268
2 50 10000791.46
2 51 2606828.864
2 52 4169237.184
2 53 11794746.07
2 54 6952281.215
2 55 2080020.157
2 56 8063439.085
2 57 9311532.461
2 58 10812278.92
2 59 7804754.562
2 60 8374084.424
2 61 7461487.418
2 62 9411183.344
2 63 4375205.98
2 64 2084531.239
2 65 9427287.499
2 66 7491911.695
2 67 10572848.44
2 68 9900709.695
2 69 2893477.295
2 70 9314724.784
2 71 3114126.87
2 72 7427354.307
2 73 6408923.149
2 74 11431307.34
2 75 4715802.264
2 76 8446175.99
2 77 2782286.893
2 78 12432988.13
2 79 7989262.597
2 80 7160496.255
2 81 10078669.13
2 82 7692728.199
2 83 9675130.321
2 84 5827893.781
2 85 3322287.966
2 86 1878504.408
2 87 4861419.467
2 88 10405126.6
2 89 10776965.23
2 90 7227481.884
2 91 9139880.22
2 92 9373256.241
2 93 9420581.906
2 94 8943670.277
2 95 8295676.822
2 96 10675762.66
2 97 4137472.288
2 98 6862815.155
2 99 3060896.524
3 4 5113056.486
3 5 2816968.388
3 6 1284265.802
3 7 4327268.23
3 8 1941498.12
3 9 5317109.11
3 10 5257612.01
3 11 7810236.082
3 12 4964237.279
3 13 3611495.507
3 14 2735820.058
3 15 3393729.395
3 16 1841345.987
3 17 3870271.41
3 18 7485112.263
3 19 4024735.753
3 20 5000708.898
3 21 1335730.731
3 22 4877465.086
3 23 1328574.329
3 24 6289304.068
3 25 758843.4926
3 26 4518325.592
3 27 4405997.922
3 28 5126791.889
3 29 2796123.47
3 30 5677719.274
3 31 2007730.858
3 32 4504809.439
3 33 1978288.335
3 34 3093748.797
3 35 3906683.506
3 36 106802.2103
3 37 8751515.406
3 38 7283545.854
3 39 7133021.255
3 40 6327314.682
3 41 6478752.678
3 42 3995338.129
3 43 3139556.073
3 44 1608037.449
3 45 7398574.67
3 46 6651965.929
3 47 7416016.489
3 48 2859548.291
3 49 1162301.472
3 50 7164152.06
3 51 6884661.967
3 52 6631732.19
3 53 4364946.923
3 54 2619603.056
3 55 7751939.168
3 56 1438812.766
3 57 2228117.534
3 58 1888918.499
3 59 2708237.048
3 60 655569.2796
3 61 1752728.734
3 62 3313523.005
3 63 4714565.354
3 64 7219535.605
3 65 6720834.193
3 66 7643176.956
3 67 5569008.172
3 68 5379502.727
3 69 8011939.159
3 70 1856317.359
3 71 6456958.337
3 72 1678096.26
3 73 6971464.145
3 74 4756093.013
3 75 6391977.987
3 76 2246793.396
3 77 6770101.353
3 78 4781334.981
3 79 2391309.612
3 80 1973049.59
3 81 5622649.435
3 82 1496733.125
3 83 3147332.918
3 84 3218001.118
3 85 7565820.116
3 86 7196800
3 87 4607059.76
3 88 1904893.091
3 89 3613555.859
3 90 1856259.275
3 91 3788473.975
3 92 1040369.366
3 93 8577008.15
3 94 7318039.415
3 95 2628658.419
3 96 4179441.543
3 97 4893955.475
3 98 2190728.38
3 99 5937309.255
4 5 4243380.627
4 6 4296216.696
4 7 9416642.942
4 8 3450218.711
4 9 9866722.586
4 10 830474.9727
4 11 5987408.79
4 12 8935220.157
4 13 2403595.82
4 14 2459521.688
4 15 3827247.716
4 16 3976168.74
4 17 2820498.422
4 18 7606780.306
4 19 6315138.278
4 20 10023676.34
4 21 3973107.464
4 22 5136787.827
4 23 6382848.441
4 24 4444783.007
4 25 4391587.436
4 26 824513.7957
4 27 1557512.29
4 28 3493139.91
4 29 3519105.066
4 30 6330559.445
4 31 6961002.694
4 32 2651743.967
4 33 4743251.545
4 34 5579647.896
4 35 4129155.416
4 36 5217736.43
4 37 10611401.29
4 38 10167384.64
4 39 5826002.09
4 40 6327311.077
4 41 4626026.432
4 42 7792173.944
4 43 8119202.785
4 44 4301933.657
4 45 5167706.502
4 46 8333883.433
4 47 4089927.863
4 48 7901236.112
4 49 6234112.993
4 50 10130696.14
4 51 2907775.039
4 52 6039962.542
4 53 9258246.049
4 54 2493912.354
4 55 5580025.176
4 56 5141572.459
4 57 4383282.969
4 58 6852598.71
4 59 2823748.37
4 60 4459641.796
4 61 4612500.625
4 62 7420885.44
4 63 2082352.249
4 64 4892410.164
4 65 9540231.536
4 66 8986432.968
4 67 9464594.782
4 68 8982766.614
4 69 6389597.021
4 70 6467768.81
4 71 2399954.207
4 72 4447223.509
4 73 7869365.292
4 74 9374678.661
4 75 6244860.755
4 76 6075831.085
4 77 4981840.637
4 78 9766408.681
4 79 5778559.533
4 80 4367645.424
4 81 9231274.731
4 82 3619500.628
4 83 4453178.911
4 84 2453123.561
4 85 6279773.376
4 86 3692957.868
4 87 1312257.97
4 88 5830693.638
4 89 8340531.323
4 90 3337991.556
4 91 3735309.93
4 92 4995206.185
4 93 10666000.87
4 94 9632249.214
4 95 6205695.819
4 96 8654194.021
4 97 3577446.995
4 98 4088732.567
4 99 3768922.208
5 6 1578488.688
5 7 6103978.064
5 8 3160799.089
5 9 5844060.912
5 10 3923186.67
5 11 5017708.795
5 12 4740783.002
5 13 4231505.256
5 14 3015376.034
5 15 4925027.435
5 16 1101226.639
5 17 4753166.308
5 18 4827557.306
5 19 2143218.236
5 20 6475457.88
5 21 2974555.313
5 22 2093706.698
5 23 3406543.411
5 24 3576343.491
5 25 2281970.48
5 26 3426720.064
5 27 2851635.477
5 28 2545874.08
5 29 4207007.001
5 30 3058246.409
5 31 4675299.35
5 32 5198647.141
5 33 4255014.784
5 34 1336334.019
5 35 1110018.799
5 36 2894078.688
5 37 6847626.374
5 38 6017421.695
5 39 4319759.412
5 40 3587896.187
5 41 3751069.355
5 42 3604128.728
5 43 4654882.385
5 44 3642509.816
5 45 4677031.174
5 46 4560396.513
5 47 4983136.165
5 48 5332746.005
5 49 3346264.131
5 50 5961275.373
5 51 4801635.385
5 52 3827724.442
5 53 5557153.162
5 54 2593063.825
5 55 5003325.139
5 56 1667676.872
5 57 4257801.046
5 58 4558725.562
5 59 3516474.212
5 60 2465437.622
5 61 1104424.95
5 62 3360129.053
5 63 2766147.15
5 64 4527841.618
5 65 5390468.392
5 66 5430507.271
5 67 5244869.599
5 68 4741864.073
5 69 5202005.445
5 70 2917457.689
5 71 4500714.867
5 72 1140422.561
5 73 4531299.877
5 74 5419305.874
5 75 3630518.768
5 76 2137604.738
5 77 4012373.896
5 78 6162268.692
5 79 1722014.481
5 80 844944.8921
5 81 4989279.711
5 82 2257065.433
5 83 5056302.352
5 84 1802996.016
5 85 4749187.517
5 86 4857438.462
5 87 3130093.349
5 88 4642948.066
5 89 4549410.545
5 90 1914103.177
5 91 5199136.496
5 92 3615336.533
5 93 6799796.822
5 94 5641108.696
5 95 2118583.471
5 96 4658908.905
5 97 2272465.588
5 98 670134.8048
5 99 3348780.635
6 7 5204570.148
6 8 1918382.775
6 9 5629683.681
6 10 4280018.216
6 11 6532645.005
6 12 4911711
6 13 3392403.72
6 14 2245194.424
6 15 3694243.07
6 16 558509.8125
6 17 3810761.595
6 18 6365022.806
6 19 3185941.405
6 20 5751309.001
6 21 1539849.781
6 22 3669734.146
6 23 2217451.264
6 24 5005058.55
6 25 710189.3276
6 26 3592396.371
6 27 3325554.815
6 28 3848548.518
6 29 2988278.725
6 30 4569828.031
6 31 3255030.063
6 32 4372987.702
6 33 2743846.938
6 34 2207297.33
6 35 2639778.838
6 36 1374936.273
6 37 8017856.147
6 38 6824291.051
6 39 5868440.323
6 40 5153647.468
6 41 5194538.59
6 42 3809108.233
6 43 3846028.045
6 44 2164621.291
6 45 6114352.554
6 46 5806364.236
6 47 6170473.714
6 48 4033484.042
6 49 2101969.53
6 50 6731361.02
6 51 5717142.8
6 52 5405531.056
6 53 4962680.76
6 54 1947092.597
6 55 6468051.017
6 56 906500.9282
6 57 2814878.512
6 58 3135821.69
6 59 2517435.003
6 60 892202.4315
6 61 681818.7652
6 62 3279516.528
6 63 3542112.419
6 64 5936300.192
6 65 6221271.494
6 66 6752476.723
6 67 5493637.705
6 68 5153514.087
6 69 6743011.697
6 70 2172105.532
6 71 5318146.111
6 72 514594.9348
6 73 5964267.064
6 74 5113616.432
6 75 5203126.97
6 76 1946348.59
6 77 5487186.639
6 78 5482281.413
6 79 1824580.441
6 80 769831.0952
6 81 5407505.1
6 82 1006392.705
6 83 3683866.81
6 84 2090861.216
6 85 6308328.019
6 86 5969758.688
6 87 3558724.363
6 88 3064608.613
6 89 4050595.484
6 90 1005305.987
6 91 4030929.877
6 92 2040080.642
6 93 7901168.01
6 94 6672437.644
6 95 2209844.014
6 96 4422428.073
6 97 3611884.492
6 98 922670.5431
6 99 4661157.391
7 8 6211636.133
7 9 2650334.089
7 10 9478215.028
7 11 10740384.67
7 12 3746697.163
7 13 7851448.415
7 14 7062491.329
7 15 7255191.963
7 16 5662794.517
7 17 8005049.111
7 18 9295770.475
7 19 5661996.328
7 20 889414.9492
7 21 5606431.395
7 22 7547730.902
7 23 3033899.657
7 24 9558890.69
7 25 5026046.935
7 26 8770374.809
7 27 8526938.022
7 28 8641562.201
7 29 6846226.186
7 30 7725805.127
7 31 2925988.552
7 32 8654065.596
7 33 5587642.994
7 34 5327392.526
7 35 7112951.876
7 36 4226874.275
7 37 8739464.911
7 38 6562552.416
7 39 9931675.654
7 40 8576953.576
7 41 9705887.855
7 42 3838400.794
7 43 1455601.77
7 44 5605351.077
7 45 10607482.33
7 46 7456721.308
7 47 11085388.53
7 48 2078406.697
7 49 3183606.286
7 50 6381058.429
7 51 10836657.23
7 52 9155744.009
7 53 1259540.54
7 54 6933275.399
7 55 10869382.94
7 56 4531349.747
7 57 5998796.11
7 58 2981206.552
7 59 6980068.946
7 60 4969355.154
7 61 5149981.338
7 62 3349974.19
7 63 8688440.189
7 64 10505600.4
7 65 6284224.227
7 66 8424304.855
7 67 4118511.099
7 68 4513491.511
7 69 10796454.28
7 70 3189760.092
7 71 10474931.59
7 72 5243534.174
7 73 8345916.37
7 74 2259530.292
7 75 8715442.221
7 76 4038442.197
7 77 9898954.632
7 78 935366.1121
7 79 4498306.535
7 80 5456050.705
7 81 4612636.861
7 82 5802450.858
7 83 6749244.574
7 84 7289010.986
7 85 10254276.85
7 86 10958730.24
7 87 8763169.429
7 88 4592911.737
7 89 1954351.347
7 90 6090023.572
7 91 7661564.472
7 92 4791541.628
7 93 8374491.74
7 94 7244402.216
7 95 4231576.819
7 96 2547862.8
7 97 8361792.503
7 98 5776348.11
7 99 9430272.275
8 9 7222360.474
8 10 3804706.083
8 11 7542475.585
8 12 6713718.366
8 13 1670067.126
8 14 1001822.081
8 15 1791062.066
8 16 2119926.895
8 17 1967917.849
8 18 7938971.103
8 19 5068331.049
8 20 6922632.884
8 21 609404.1684
8 22 5145690.837
8 23 3266140.278
8 24 5890333.502
8 25 1463337.155
8 26 3042858.633
8 27 3226528.041
8 28 4644771.802
8 29 1075494.944
8 30 6205640.564
8 31 3550067.129
8 32 2583831.47
8 33 1442190.692
8 34 4094711.306
8 35 3962991.388
8 36 2028392.48
8 37 9898330.761
8 38 8741288.722
8 39 7015764.253
8 40 6652937.386
8 41 6096134.839
8 42 5653037.384
8 43 5078631.264
8 44 880495.9233
8 45 6949169.903
8 46 7652980.027
8 47 6555923.258
8 48 4509913.412
8 49 3096797.168
8 50 8646396.78
8 51 5748139.228
8 52 6750954.142
8 53 6306443.199
8 54 1161900.105
8 55 7348153.33
8 56 2749937.448
8 57 1237106.936
8 58 3447756.111
8 59 770729.0918
8 60 1406376.02
8 61 2583686.302
8 62 5052201.111
8 63 3737406.397
8 64 6720862.445
8 65 8139466.267
8 66 8564852.095
8 67 7309892.024
8 68 7022220.283
8 69 7832301.236
8 70 3708258.48
8 71 5261089.037
8 72 2395966.4
8 73 7691999.203
8 74 6669593.834
8 75 6665128.675
8 76 3787636.83
8 77 6439235.635
8 78 6714124.035
8 79 3730453.416
8 80 2568183.318
8 81 7274393.413
8 82 938051.3107
8 83 1909205.841
8 84 2368374.021
8 85 7486841.352
8 86 6256248.02
8 87 3337201.603
8 88 2411087.271
8 89 5536410.875
8 90 1255885.839
8 91 2113912.757
8 92 1551529.61
8 93 9798746.814
8 94 8579519.746
8 95 4094708.011
8 96 6055344.363
8 97 4495473.746
8 98 2536928.279
8 99 5373525.409
9 10 9701669.771
9 11 9609086.158
9 12 1580529.759
9 13 8876518.411
9 14 7836059.104
9 15 8675297.854
9 16 5891237.152
9 17 9179597.016
9 18 7612582.136
9 19 4503228.567
9 20 2039974.79
9 21 6634660.136
9 22 6583631.356
9 23 4080658.804
9 24 8765781.796
9 25 5790483.882
9 26 9103062.619
9 27 8647996.938
9 28 8132410.889
9 29 8110442.613
9 30 6354872.108
9 31 4822091.045
9 32 9805509.313
9 33 7096803.218
9 34 4651213.72
9 35 6582568.478
9 36 5248237.525
9 37 6325033.661
9 38 4064133.915
9 39 8773525.085
9 40 7212015.659
9 41 8867787.472
9 42 2396908.798
9 43 2476156.985
9 44 6889838.552
9 45 9685330.616
9 46 5467638.895
9 47 10517901.17
9 48 4302149.265
9 49 4251559.373
9 50 3877542.376
9 51 10582768.29
9 52 7893621.922
9 53 1450509.316
9 54 7573228.468
9 55 9861495.857
9 56 4741637.162
9 57 7443313.141
9 58 4819414.859
9 59 7964750.673
9 60 5819556.742
9 61 5254714.676
9 62 2485164.461
9 63 8610160.583
9 64 9649593.707
9 65 3905458.588
9 66 6325109.952
9 67 1670325.575
9 68 2262429.372
9 69 9563860.323
9 70 3522504.189
9 71 10323819.84
9 72 5420133.754
9 73 6531116.537
9 74 574180.5741
9 75 7378436.297
9 76 3797672.672
9 77 8971839.105
9 78 1780196.272
9 79 4142742.833
9 80 5509682.684
9 81 2259690.101
9 82 6521262.257
9 83 8320596.65
9 84 7466260.169
9 85 8998843.284
9 86 10489263.62
9 87 8918570.982
9 88 6368918.104
9 89 1719962.906
9 90 6633960.749
9 91 9078858.89
9 92 6152401.602
9 93 5921005.39
9 94 4906246.925
9 95 3729168.558
9 96 1212627.424
9 97 7845917.557
9 98 5806051.545
9 99 8826176.893
10 11 5162936.112
10 12 8663491.855
10 13 3050289.609
10 14 2807437.467
10 15 4471105.368
10 16 3874546.756
10 17 3525966.53
10 18 6873917.434
10 19 5890625.361
10 20 10027664.84
10 21 4255397.71
10 22 4517970.642
10 23 6458870.373
10 24 3642386.731
10 25 4506639.087
10 26 763343.3456
10 27 1072468.928
10 28 2764437.09
10 29 4072176.378
10 30 5690603.789
10 31 7193653.097
10 32 3432044.518
10 33 5187924.29
10 34 5243990.794
10 35 3612746.819
10 36 5364313.58
10 37 9993616.425
10 38 9688088.967
10 39 5025688.365
10 40 5617805.36
10 41 3818454.834
10 42 7524933.118
10 43 8124155.602
10 44 4682953.989
10 45 4338992.707
10 46 7742156.535
10 47 3279893.722
10 48 8103522.988
10 49 6322915.445
10 50 9664116.186
10 51 2146449.621
10 52 5285727.971
10 53 9209453.582
10 54 2713057.166
10 55 4750588.873
10 56 5054294.779
10 57 4865210.896
10 58 7080302.827
10 59 3289861.936
10 60 4604568.818
10 61 4478093.002
10 62 7224922.831
10 63 1407037.017
10 64 4063426.506
10 65 9065012.515
10 66 8341106.082
10 67 9165678.747
10 68 8643707.579
10 69 5568189.833
10 70 6416782.456
10 71 1630701.768
10 72 4334834.62
10 73 7203396.04
10 74 9236729.042
10 75 5523984.984
10 76 5908112.819
10 77 4170458.369
10 78 9751742.763
10 79 5564940.057
10 80 4203192.263
10 81 8886667.107
10 82 3771968.213
10 83 5057040.261
10 84 2244956.742
10 85 5473507.436
10 86 2890139.878
10 87 793155.1983
10 88 6215793.339
10 89 8253996.098
10 90 3410560.985
10 91 4427570.994
10 92 5300605.557
10 93 10073849.22
10 94 9086731.272
10 95 5986535.437
10 96 8495311.563
10 97 2885197.541
10 98 3898514.922
10 99 2965904.867
11 12 8087026.297
11 13 7726471.803
11 14 6850900.316
11 15 8964186.643
11 16 5985969.199
11 17 8290106.225
11 18 2863365.124
11 19 5165385.203
11 20 10889790.29
11 21 7628800.428
11 22 3195020.435
11 23 8374272.448
11 24 1669485.792
11 25 7188488.206
11 26 5476404.397
11 27 4779358.718
11 28 2907611.437
11 29 8343688.777
11 30 3281108.032
11 31 9690542.469
11 32 8400894.807
11 33 8914566.879
11 34 5424414.529
11 35 3910370.887
11 36 7894120.717
11 37 6567040.395
11 38 7435705.896
11 39 835589.5045
11 40 2467476.635
11 41 1462903.761
11 42 7255047.57
11 43 9304936.03
11 44 8284814.983
11 45 869213.3247
11 46 4968886.927
11 47 2437329.474
11 48 10304856.58
11 49 8333607.269
11 50 7513309.513
11 51 3622505.533
11 52 1741215.808
11 53 9893346.351
11 54 6480320.577
11 55 556185.2226
11 56 6650181.406
11 57 8777782.413
11 58 9574555.076
11 59 7480189.719
11 60 7367354.839
11 61 6121121.308
11 62 7478860.889
11 63 4128495.773
11 64 1137692.61
11 65 6957434.01
11 66 4927431.175
11 67 8306667.262
11 68 7619337.721
11 69 433915.2372
11 70 7711681.717
11 71 3929920.526
11 72 6150943.766
11 73 3862108.126
11 74 9389565.983
11 75 2287405.236
11 76 6753545.471
11 77 1106610.864
11 78 10546574.09
11 79 6296309.304
11 80 5857150.299
11 81 7771952.791
11 82 6874990.428
11 83 9356537.504
11 84 5189571.14
11 85 757263.1368
11 86 2791952.672
11 87 4877656.479
11 88 9541385.328
11 89 8898608.107
11 90 6411486.4
11 91 9074897.813
11 92 8486489.64
11 93 6854611.864
11 94 6412257.72
11 95 6515013.506
11 96 8663862.952
11 97 3047979.469
11 98 5619643.465
11 99 2286292.84
12 13 8293490.762
12 14 7155095.676
12 15 8344480.934
12 16 5039298.823
12 17 8674367.693
12 18 6032136.252
12 19 3081989.889
12 20 3390740.39
12 21 6177045.624
12 22 5148542.015
12 23 3965575.241
12 24 7340987.865
12 25 5251202.62
12 26 8135516.038
12 27 7592363.798
12 28 6819569.216
12 29 7706401.482
12 30 4814484.925
12 31 5094886.011
12 32 9264429.885
12 33 6906346.981
12 34 3440513.014
12 35 5312686.787
12 36 4922884.272
12 37 4992877.791
12 38 2857909.949
12 39 7252198.583
12 40 5663884.532
12 41 7427753.128
12 42 1143072.937
12 43 2934028.658
12 44 6569971.733
12 45 8211910.988
12 46 3906214.269
12 47 9141111.973
12 48 4860109.175
12 49 4113316.583
12 50 2684397.841
12 51 9318582.055
12 52 6358627.923
12 53 2504959.656
12 54 6831358.915
12 55 8364968.262
12 56 4009063.386
12 57 7189584.302
12 58 5055204.887
12 59 7398885.696
12 60 5327637.314
12 61 4396980.143
12 62 1663664.415
12 63 7463726.891
12 64 8194549.365
12 65 2538071.486
12 66 4797837.237
12 67 605069.2927
12 68 767890.9389
12 69 8022769.133
12 70 3120344.661
12 71 9105350.569
12 72 4584556.262
12 73 4952774.113
12 74 1587474.928
12 75 5833834.192
12 76 2965584.571
12 77 7504921.266
12 78 3067376.273
12 79 3174901.804
12 80 4597629.002
12 81 882880.1274
12 82 5891305.72
12 83 8105228.442
12 84 6485379.997
12 85 7457007.465
12 86 9146409.037
12 87 7870561.637
12 88 6408215.898
12 89 2015560.109
12 90 5896968.721
12 91 8729968.725
12 92 5938373.043
12 93 4633350.395
12 94 3501757.67
12 95 2750353.71
12 96 1242726.545
12 97 6538096.769
12 98 4854559.076
12 99 7463087.938
13 14 1220782.541
13 15 1426706.507
13 16 3397897.311
13 17 572943.6161
13 18 8682710.127
13 19 6327510.095
13 20 8580789.895
13 21 2277101.444
13 22 5918157.728
13 23 4934653.816
13 24 6065693.813
13 25 3088716.645
13 26 2406934.292
13 27 2969961.649
13 28 4873092.758
13 29 1194089.66
13 30 7083227.872
13 31 5093275.321
13 32 987136.8187
13 33 2545123.308
13 34 5395401.957
13 35 4719791.495
13 36 3697582.773
13 37 11077732.79
13 38 10136705.61
13 39 7356389.045
13 40 7361502.78
13 41 6269713.557
13 42 7200522.709
13 43 6747016.346
13 44 2284570.547
13 45 7004575.772
13 46 8784574.575
13 47 6239658.32
13 48 6062492.974
13 49 4764612.996
13 50 10057814.12
13 51 5189779.449
13 52 7297542.87
13 53 7976388.019
13 54 1638487.285
13 55 7422073.741
13 56 4286518.854
13 57 2134623.405
13 58 5001205.823
13 59 911845.8257
13 60 3058449.262
13 61 3984852.877
13 62 6643962.659
13 63 3611612.028
13 64 6745342.942
13 65 9519674.74
13 66 9619348.047
13 67 8880754.527
13 68 8544107.308
13 69 8077997.669
13 70 5355270.791
13 71 4674041.829
13 72 3789037.3
13 73 8635207.661
13 74 8328234.047
13 75 7334101.141
13 76 5333612.622
13 77 6633539.905
13 78 8378486.588
13 79 5204455.052
13 80 3877219.158
13 81 8798327.526
13 82 2402192.454
13 83 2053426.292
13 84 2766962.823
13 85 7834028.302
13 86 5876300.361
13 87 2934700.67
13 88 3694093.591
13 89 7200140.917
13 90 2459592.642
13 91 1392763.343
13 92 3089276.548
13 93 11029621.6
13 94 9855888.342
13 95 5600346.721
13 96 7698468.31
13 97 4817629.859
13 98 3736761.152
13 99 5444548.72
14 15 2127836.644
14 16 2189961.444
14 17 1739974.631
14 18 7564263.389
14 19 5106851.318
14 20 7727989.966
14 21 1517191.989
14 22 4775874.722
14 23 4052110.612
14 24 5182189.407
14 25 2083344.335
14 26 2047891.789
14 27 2306575.181
14 28 3946581.768
14 29 1494859.735
14 30 5917940.181
14 31 4507525.109
14 32 2201775.621
14 33 2392485.399
14 34 4177831.57
14 35 3570479.666
14 36 2835634.443
14 37 9862993.639
14 38 8923297.457
14 39 6398044.523
14 40 6249237.136
14 41 5389098.184
14 42 6044441.808
14 43 5845542.89
14 44 1876232.799
14 45 6196543.693
14 46 7573327.702
14 47 5666285.396
14 48 5455558.196
14 49 3891561.952
14 50 8847009.596
14 51 4792359.735
14 52 6246236.585
14 53 7042253.253
14 54 432583.6211
14 55 6606088.207
14 56 3151303.503
14 57 2104190.472
14 58 4400828.72
14 59 629374.186
14 60 2105758.127
14 61 2795308.969
14 62 5524037.227
14 63 2872484.789
14 64 5953631.138
14 65 8304706.087
14 66 8421183.021
14 67 7733684.842
14 68 7369477.228
14 69 7171735.689
14 70 4323516.36
14 71 4296371.413
14 72 2600318.135
14 73 7458690.864
14 74 7303309.826
14 75 6235682.026
14 76 4189653.489
14 77 5744834.842
14 78 7496710.539
14 79 4025537.659
14 80 2668378.13
14 81 7623994.837
14 82 1318856.359
14 83 2517130.679
14 84 1696540.778
14 85 6875416.995
14 86 5346357.246
14 87 2383713.914
14 88 3410528.53
14 89 6200950.837
14 90 1266156.186
14 91 2301964.068
14 92 2536370.52
14 93 9810663.562
14 94 8635134.924
14 95 4431728
14 96 6638682.017
14 97 3842484.2
14 98 2517431.263
14 99 4613170.622
15 16 3908052.848
15 17 1081493.825
15 18 9638789.985
15 19 6858876.71
15 20 8058565.177
15 21 2202021.096
15 22 6840231.617
15 23 4598647.159
15 24 7294728.609
15 25 3151009.695
15 26 3802977.346
15 27 4292088.187
15 28 6066459.496
15 29 719442.3481
15 30 7941850.698
15 31 4353348.217
15 32 1616245.664
15 33 1667732.546
15 34 5884235.902
15 35 5638533.542
15 36 3448336.316
15 37 11689388.86
15 38 10498130.78
15 39 8525263.79
15 40 8333749.377
15 41 7501289.345
15 42 7330887.961
15 43 6350291.797
15 44 1790158.78
15 45 8285499.682
15 46 9441697.316
15 47 7619133.504
15 48 5297301.687
15 49 4426457.599
15 50 10397166.36
15 51 6603310.83
15 52 8363337.712
15 53 7596495.83
15 54 2533062.03
15 55 8699106.271
15 56 4479015.533
15 57 1261561.677
15 58 4284209.77
15 59 1504536.708
15 60 3042533.488
15 61 4367849.751
15 62 6683948.537
15 63 4910858.026
15 64 8035090.126
15 65 9903100.042
15 66 10346319.34
15 67 8947735.268
15 68 8713002.191
15 69 9292593.102
15 70 5249700.524
15 71 6088471.383
15 72 4182708.562
15 73 9450879.155
15 74 8106351.121
15 75 8330310.326
15 76 5489987.836
15 77 7859881.427
15 78 7904645.145
15 79 5480383.714
15 80 4359232.151
15 81 8961881.949
15 82 2729073.317
15 83 687936.0539
15 84 3823491.381
15 85 9002801.512
15 86 7266300.318
15 87 4294840.176
15 88 2749182.003
15 89 6957196.63
15 90 3011357.654
15 91 408983.807
15 92 2536830.992
15 93 11587992.66
15 94 10365165.54
15 95 5822903.381
15 96 7564497.919
15 97 5969306.773
15 98 4319072.884
15 99 6706666.891
16 17 3871525.662
16 18 5927974.61
16 19 2968678.297
16 20 6165643.213
16 21 1878983.144
16 22 3187192.167
16 23 2724602.309
16 24 4448529.76
16 25 1210741.46
16 26 3226848.286
16 27 2875644.791
16 28 3290262.057
16 29 3189254.311
16 30 4151693.939
16 31 3811055.187
16 32 4384599.354
16 33 3153916.469
16 34 2010124.089
16 35 2109907.886
16 36 1933074.811
16 37 7787041.1
16 38 6739254.274
16 39 5333776.698
16 40 4687176.345
16 41 4638893.744
16 42 3907726.005
16 43 4269780.743
16 44 2543446.859
16 45 5557646.902
16 46 5533695.385
16 47 5622395.832
16 48 4575265.245
16 49 2621394.184
16 50 6659949.851
16 51 5204580.319
16 52 4901129.494
16 53 5334936.537
16 54 1818935.853
16 55 5913388.292
16 56 1180160.107
16 57 3166198.48
16 58 3691922.471
16 59 2586990.12
16 60 1393088.46
16 61 645269.3942
16 62 3463200.656
16 63 3036361.089
16 64 5378322.101
16 65 6123453.727
16 66 6446757.973
16 67 5600878.216
16 68 5200575.598
16 69 6204080.399
16 70 2544166.273
16 71 4820817.26
16 72 471115.824
16 73 5597825.999
16 74 5399443.601
16 75 4725958.975
16 76 2110580.65
16 77 4934472.118
16 78 5882785.144
16 79 1868882.202
16 80 479323.9587
16 81 5454894.875
16 82 1188544.08
16 83 3986735.039
16 84 1639356.384
16 85 5778953.618
16 86 5429498.512
16 87 3123970.619
16 88 3580073.504
16 89 4384625.279
16 90 943689.4183
16 91 4211205.202
16 92 2537479.916
16 93 7700493.325
16 94 6496941.836
16 95 2289719.217
16 96 4678613.733
16 97 3053477.502
16 98 434462.8127
16 99 4103188.085
17 18 9250090.855
17 19 6825290.158
17 20 8766378.456
17 21 2544978.357
17 22 6480156.039
17 23 5169835.404
17 24 6631764.761
17 25 3429307.873
17 26 2924922.045
17 27 3523541.559
17 28 5443678.922
17 29 1166712.144
17 30 7639495.125
17 31 5171724.16
17 32 649016.9382
17 33 2519480.179
17 34 5879827.756
17 35 5279265.68
17 36 3946994.792
17 37 11600224.32
17 38 10604919.19
17 39 7927292.363
17 40 7929394.613
17 41 6835279.329
17 42 7600635.531
17 43 6973025.389
17 44 2400116.917
17 45 7560657.331
17 46 9312592.215
17 47 6756391.258
17 48 6136566.835
17 49 4997286.287
17 50 10520583.63
17 51 5672376.569
17 52 7870099.643
17 53 8213883.8
17 54 2169199.776
17 55 7978658.472
17 56 4685489.398
17 57 2090917.699
17 58 5088661.804
17 59 1294970.725
17 60 3373116.495
17 61 4432938.067
17 62 7015212.831
17 63 4169089.508
17 64 7299571.197
17 65 9992044.414
17 66 10160016.52
17 67 9268001.455
17 68 8959380.001
17 69 8644537.496
17 70 5672974.986
17 71 5156507.809
17 72 4237747.983
17 73 9187700.048
17 74 8622642.842
17 75 7903628.407
17 76 5731344.587
17 77 7199504.756
17 78 8582197.86
17 79 5634522.884
17 80 4349282.298
17 81 9212793.961
17 82 2805566.61
17 83 1764991.772
17 84 3334925.001
17 85 8404778.705
17 86 6385366.309
17 87 3473510.217
17 88 3665224.577
17 89 7483025.51
17 90 2927838.621
17 91 916084.0084
17 92 3213508.165
17 93 11541951.77
17 94 10356813.66
17 95 6018441.949
17 96 8019855.073
17 97 5390209.742
17 98 4231188.368
17 99 6006218.736
18 19 3748480.754
18 20 9231658.717
18 21 7800782.834
18 22 2798915.148
18 23 7587005.229
18 24 3427354.898
18 25 7074866.52
18 26 6892527.347
18 27 6107252.912
18 28 4115425.689
18 29 8936329.271
18 30 1807462.535
18 31 9029331.194
18 32 9545966.187
18 33 9081598.279
18 34 4473731.48
18 35 4000957.24
18 36 7539200.341
18 37 3705545.683
18 38 4746320.75
18 39 2273859.518
18 40 1322084.966
18 41 3327411.144
18 42 5491197.1
18 43 7977239.963
18 44 8469965.632
18 45 3502778.978
18 46 2328385.222
18 47 5051301.869
18 48 9405351.242
18 49 7606250.9
18 50 4851667.445
18 51 5992585.005
18 52 1620943.89
18 53 8241561.842
18 54 7136032.291
18 55 3375016.965
18 56 6082420.126
18 57 9079577.088
18 58 8926802.818
18 59 8154119.882
18 60 7255689.645
18 61 5753413.518
18 62 5954169.917
18 63 5525720.203
18 64 3674279.736
18 65 4353860.491
18 66 2075358.896
18 67 6092646.795
18 68 5411538.549
18 69 2565631.616
18 70 6710129.206
18 71 6133556.129
18 72 5869401.758
18 73 1148843.384
18 74 7531281.858
18 75 1370449.729
18 76 5731302.752
18 77 3094847.256
18 78 8885692.667
18 79 5345803.141
18 80 5595448.569
18 81 5502785.51
18 82 7070950.587
18 83 9848022.233
18 84 5915749.226
18 85 2109070.934
18 86 5313124.366
18 87 6312236.195
18 88 9381714.651
18 89 7346041.816
18 90 6684498.974
18 91 9859655.782
18 92 8395207.864
18 93 3993223.335
18 94 3657942.134
18 95 5379242.401
18 96 6900380.781
18 97 4039261.516
18 98 5494426.907
18 99 4038482.921
19 20 5737543.82
19 21 4725212.261
19 22 2081154.921
19 23 3880855.692
19 24 4269309.354
19 25 3830598.254
19 26 5490777.575
19 27 4831295.908
19 28 3764313.498
19 29 6143530.716
19 30 2068563.404
19 31 5332230.502
19 32 7306607.942
19 33 5873745.698
19 34 978644.763
19 35 2330675.186
19 36 4053668.049
19 37 4833415.013
19 38 3877280.454
19 39 4335983.099
19 40 2915012.661
19 41 4366006.727
19 42 2111580.471
19 43 4279951.479
19 44 5331398.792
19 45 5185677.715
19 46 2638002.606
19 47 6059122.176
19 48 5659681.427
19 49 3919542.388
19 50 3826911.139
19 51 6280534.902
19 52 3511040.265
19 53 4737656
19 54 4698433.584
19 55 5377398.693
19 56 2590124.865
19 57 5989414.771
19 58 5235763.111
19 59 5551087.727
19 60 3989378.448
19 61 2504176.732
19 62 2332227.441
19 63 4574805.732
19 64 5146367.817
19 65 3249578.775
19 66 3618966.71
19 67 3456902.41
19 68 2843732.923
19 69 5173508.896
19 70 2970108.915
19 71 6106212.509
19 72 2681618.77
19 73 3015488.879
19 74 4237258.29
19 75 3054443.908
19 76 2008015.041
19 77 4470692.314
19 78 5392279.741
19 79 1676955.066
19 80 2502971.175
19 81 3067808.252
19 82 4130436.965
19 83 6869097.042
19 84 3921023.645
19 85 4619555.014
19 86 6069121.962
19 87 5110038.613
19 88 5913337.398
19 89 3759902.595
19 90 3906198.446
19 91 7174609.943
19 92 5033902.509
19 93 4732739.799
19 94 3531654.124
19 95 1638176.751
19 96 3501127.011
19 97 3488986.073
19 98 2594133.941
19 99 4383093.845
20 21 6313530.54
20 22 7723736.345
20 23 3676255.488
20 24 9812273.439
20 25 5658574.755
20 26 9342715.581
20 27 9041084.841
20 28 8975271.84
20 29 7617367.971
20 30 7764250.387
20 31 3769040.774
20 32 9414525.306
20 33 6394994.985
20 34 5551440.51
20 35 7420803.031
20 36 4905672.138
20 37 8325865.595
20 38 6087370.163
20 39 10066228.64
20 40 8626824.627
20 41 9945957.819
20 42 3744564.654
20 43 1906039.295
20 44 6368808.257
20 45 10826689.39
20 46 7251156.473
20 47 11420701.09
20 48 2957880.127
20 49 3839025.067
20 50 5901741.253
20 51 11263848.44
20 52 9247649.895
20 53 1001177.579
20 54 7564915.55
20 55 11061703.38
20 56 4998318.547
20 57 6797787.338
20 58 3814667.546
20 59 7693361.934
20 60 5622437.652
20 61 5605402.435
20 62 3411145.662
20 63 9149026.523
20 64 10745816.41
20 65 5881313.932
20 66 8176709.502
20 67 3653533.753
20 68 4149541.677
20 69 10910771.32
20 70 3627434.773
20 71 10929168.9
20 72 5721989.337
20 73 8221484.637
20 74 1806239.231
20 75 8776688.744
20 76 4348570.437
20 77 10111425.07
20 78 347227.3128
20 79 4793814.044
20 80 5904655.987
20 81 4204180.386
20 82 6437972.541
20 83 7575604.121
20 84 7804750.886
20 85 10356991.14
20 86 11323092.07
20 87 9288747.292
20 88 5436903.519
20 89 1996091.719
20 90 6685685.567
20 91 8466694.226
20 92 5560368.289
20 93 7934737.842
20 94 6869832.69
20 95 4469090.387
20 96 2333464.466
20 97 8690464.589
20 98 6225481.232
20 99 9742223.745
21 22 5036635.12
21 23 2657673.066
21 24 6004732.611
21 25 948991.2022
21 26 3493038.109
21 27 3569436.767
21 28 4769774.758
21 29 1531866.478
21 30 6030251.359
21 31 2990333.42
21 32 3173549.759
21 33 1302683.056
21 34 3746654.429
21 35 3896165.437
21 36 1420518.36
21 37 9555591.305
21 38 8299404.173
21 39 7050094.941
21 40 6544532.979
21 41 6207369.505
21 42 5140177.078
21 43 4470138.423
21 44 674339.5816
21 45 7089572.933
21 46 7345367.035
21 47 6827413.008
21 48 3940059.575
21 49 2487958.874
21 50 8196718.478
21 51 6105750.527
21 52 6708075.91
21 53 5699734.797
21 54 1544140.557
21 55 7476755.518
21 56 2278017.172
21 57 1288764.478
21 58 2883788.788
21 59 1379983.059
21 60 849898.0671
21 61 2221551.784
21 62 4513381.874
21 63 4016820.165
21 64 6875436.618
21 65 7707693.416
21 66 8286180.247
21 67 6777144.502
21 68 6518909.74
21 69 7892458.28
21 70 3131958.82
21 71 5635112.422
21 72 2050109.267
21 73 7470020.255
21 74 6078426.353
21 75 6573191.792
21 76 3290035.673
21 77 6537032.67
21 78 6104758.029
21 79 3283054.836
21 80 2271391.671
21 81 6769058.69
21 82 758812.2607
21 83 2144044.335
21 84 2558437.592
21 85 7512636.387
21 86 6552182.554
21 87 3715470.867
21 88 2029364.792
21 89 4940973.533
21 90 1217334.656
21 91 2568243.058
21 92 1046344.786
21 93 9432576.459
21 94 8197163.478
21 95 3620931.823
21 96 5477349.895
21 97 4589944.746
21 98 2313281.201
21 99 5536158.65
22 23 5251737.86
22 24 2192448.575
22 25 4375397.149
22 26 4351539.664
22 27 3580532.12
22 28 1919333.045
22 29 6137436.214
22 30 1203146.68
22 31 6626603.532
22 32 6812046.82
22 33 6330849.801
22 34 2230093.968
22 35 1205627.536
22 36 4946410.465
22 37 5479390.647
22 38 5337430.653
22 39 2402062.02
22 40 1509606.498
22 41 2284878.047
22 42 4189039.385
22 43 6110075.963
22 44 5709946.885
22 45 3117637.485
22 46 3227641.636
22 47 4014859.969
22 48 7169629.289
22 49 5229521.833
22 50 5346595.925
22 51 4394032.352
22 52 1761182.159
22 53 6733726.631
22 54 4345550.531
22 55 3337991.75
22 56 3574473.037
22 57 6303977.815
22 58 6514565.563
22 59 5358774.467
22 60 4558791.966
22 61 3126199.208
22 62 4322204.983
22 63 3111097.565
22 64 3067231.981
22 65 4739451.828
22 66 3852870.211
22 67 5480116.92
22 68 4828818.191
22 69 3284570.4
22 70 4533112.907
22 71 4312960.312
22 72 3206157.305
22 73 2764896.348
22 74 6302916.16
22 75 1538955.253
22 76 3564207.405
22 77 2400630.509
22 78 7383503.682
22 79 3110194.277
22 80 2915687.546
22 81 5028683.7
22 82 4294454.499
22 83 7054767.987
22 84 3160541.881
22 85 2773740.707
22 86 4064410.574
22 87 3827836.867
22 88 6731426.79
22 89 5728015.201
22 90 3894025.502
22 91 7065384.764
22 92 5708598.574
22 93 5556935.229
22 94 4612260.978
22 95 3320067.656
22 96 5554966.322
22 97 1697653.465
22 98 2762066.961
22 99 2379875.625
23 24 6982429.711
23 25 1993742.15
23 26 5742152.502
23 27 5536311.24
23 28 5920431.331
23 29 4059596.914
23 30 5812996.889
23 31 1451580.305
23 32 5810841.034
23 33 3022478.431
23 34 3128768.128
23 35 4505758.238
23 36 1237977.83
23 37 8266812.258
23 38 6547332.239
23 39 7628515.218
23 40 6569972.353
23 41 7155088.969
23 42 3171081.676
23 43 1812498.59
23 44 2821181.864
23 45 8080392.751
23 46 6359147.232
23 47 8315914.606
23 48 1931707.94
23 49 173177.5828
23 50 6406420.714
23 51 7927588.314
23 52 6998263.879
23 53 3045560.997
23 54 3902717.549
23 55 8397373.364
23 56 1739250.664
23 57 3362664.955
23 58 1357511.972
23 59 4034887.783
23 60 1947348.807
23 61 2326884.769
23 62 2426297.94
23 63 5755324.349
23 64 7934347.206
23 65 6039818.814
23 66 7379304.997
23 67 4563548.333
23 68 4501549.156
23 69 8516730.695
23 70 983953.3033
23 71 7534676.812
23 72 2365819.204
23 73 6893954.966
23 74 3509704.243
23 75 6667370.919
23 76 1873272.7
23 77 7405883.959
23 78 3452903.809
23 79 2241631.452
23 80 2627161.304
23 81 4725314.281
23 82 2772088.032
23 83 4245453.147
23 84 4306136.962
23 85 8022360.888
23 86 8141479.762
23 87 5761720.982
23 88 2445369.841
23 89 2360827.314
23 90 3058753.469
23 91 5004049.848
23 92 2071843.827
23 93 8030655.91
23 94 6768978.517
23 95 2255892.672
23 96 3011588.178
23 97 5658704.691
23 98 2928881.591
23 99 6733321.565
24 25 5628646.12
24 26 3865399.184
24 27 3138936.161
24 28 1245785.085
24 29 6675623.825
24 30 2877314.268
24 31 8227611.71
24 32 6764985.391
24 33 7278762.443
24 34 4260834.062
24 35 2481543.915
24 36 6379289.015
24 37 6946263.266
24 38 7294729.115
24 39 1383356.193
24 40 2381427.62
24 41 206952.6075
24 42 6368956.815
24 43 8104559.992
24 44 6651789.048
24 45 1109400.068
24 46 4942749.977
24 47 1870723.019
24 48 8908952.79
24 49 6922058.873
24 50 7332359.356
24 51 2580963.171
24 52 1813318.801
24 53 8837002.031
24 54 4814878.694
24 55 1474882.862
24 56 5243189.328
24 57 7127188.6
24 58 8109583.743
24 59 5811378.443
24 60 5803008.069
24 61 4671043.011
24 62 6446985.409
24 63 2488658.654
24 64 953855.5932
24 65 6734991.84
24 66 5237371.241
24 67 7665169.756
24 68 7006069.799
24 69 2012957.051
24 70 6424228.588
24 71 2707618.711
24 72 4671666.818
24 73 4065400.896
24 74 8466132.494
24 75 2228639.572
24 76 5520807.415
24 77 567860.8936
24 78 9478382.248
24 79 5060605.253
24 80 4385887.378
24 81 7198040.634
24 82 5257873.639
24 83 7690294.701
24 84 3528788.955
24 85 1835726.149
24 86 2008124.994
24 87 3261070.343
24 88 7953936.846
24 89 7820695.356
24 90 4789446.723
24 91 7407852.921
24 92 6898281.158
24 93 7137671.772
24 94 6417123.516
24 95 5348222.682
24 96 7710064.382
24 97 1417708.306
24 98 4118011.148
24 99 676540.9861
25 26 3772977.074
25 27 3647156.567
25 28 4439403.265
25 29 2475133.24
25 30 5278430.076
25 31 2757535.976
25 32 4035381.854
25 33 2052977.735
25 34 2856841.965
25 35 3320528.459
25 36 865270.6333
25 37 8647363.515
25 38 7352629.586
25 39 6543901.276
25 40 5862728.139
25 41 5822925.045
25 42 4199320.701
25 43 3766992.028
25 44 1502449.481
25 45 6735131.21
25 46 6464684.897
25 47 6686559.87
25 48 3618348.522
25 49 1842691.023
25 50 7248832.076
25 51 6130063.95
25 52 6104378.167
25 53 4958908.918
25 54 1909225.806
25 55 7099743.525
25 56 1330711.61
25 57 2162791.395
25 58 2639398.91
25 59 2178242.173
25 60 183548.2735
25 61 1354341.273
25 62 3589099.544
25 63 3963122.378
25 64 6545490.895
25 65 6763149.353
25 66 7424669.658
25 67 5848356.769
25 68 5574963.171
25 69 7412597.526
25 70 2268014.834
25 71 5699488.289
25 72 1211896.514
25 73 6660781.678
25 74 5246533.568
25 75 5910587.799
25 76 2342931.133
25 77 6127451.834
25 78 5419437.032
25 79 2339128.68
25 80 1479417.963
25 81 5825850.974
25 82 779545.922
25 83 3059541.52
25 84 2463645.355
25 85 6989687.422
25 86 6457781.173
25 87 3848985.602
25 88 2369719.057
25 89 4129466.079
25 90 1099229.835
25 91 3515348.697
25 92 1333398.749
25 93 8511703.007
25 94 7269736.396
25 95 2672022.841
25 96 4609754.931
25 97 4219276.632
25 98 1617179.263
25 99 5243149.971
26 27 785914.2593
26 28 2807088.533
26 29 3356597.92
26 30 5551236.99
26 31 6439446.923
26 32 2938324.374
26 33 4434341.146
26 34 4762892.895
26 35 3314778.915
26 36 4624769.774
26 37 9815390.583
26 38 9343482.777
26 39 5227317.066
26 40 5595315.913
26 41 4058804.727
26 42 6992638.883
26 43 7436836.376
26 44 3921900.202
26 45 4699114.671
26 46 7530729.711
26 47 3833840.05
26 48 7355364.159
26 49 5601752.149
26 50 9306341.973
26 51 2809047.794
26 52 5357665.963
26 53 8547444.976
26 54 1952162.441
26 55 5117421.231
26 56 4403951.663
26 57 4120631.672
26 58 6326774.193
26 59 2549995.094
26 60 3863470.183
26 61 3851761.376
26 62 6643021.94
26 63 1395448.243
26 64 4430204.277
26 65 8716219.091
26 66 8204408.96
26 67 8658529.586
26 68 8168287.41
26 69 5858690.383
26 70 5751790.219
26 71 2297954.174
26 72 3695336.56
26 73 7100682.771
26 74 8621688.509
26 75 5523748.621
26 76 5306035.943
26 77 4422431.324
26 78 9074586.411
26 79 4991819.859
26 80 3593878.779
26 81 8415974.474
26 82 3026180.397
26 83 4359350.955
26 84 1650891.996
26 85 5693870.329
26 86 3469518.237
26 87 604879.8175
26 88 5453816.028
26 89 7609726.176
26 90 2684330.687
26 91 3799345.094
26 92 4537831.343
26 93 9860997.621
26 94 8816255.154
26 95 5418037.226
26 96 7891836.444
26 97 2853647.085
26 98 3304403.689
26 99 3202513.43
27 28 2033521.293
27 29 3756121.248
27 30 4776741.146
27 31 6391624.734
27 32 3626189.431
27 33 4665691.544
27 34 4171582.963
27 35 2586802.495
27 36 4512362.093
27 37 9053894.935
27 38 8651685.78
27 39 4481626.867
27 40 4809406.104
27 41 3337930.787
27 42 6454668.467
27 43 7144932.939
27 44 4095930.126
27 45 4037196.867
27 46 6777490.164
27 47 3361580.109
27 48 7265372.09
27 49 5411024.611
27 50 8622340.047
27 51 2536329.271
27 52 4578793.05
27 53 8198893.374
27 54 2065693.28
27 55 4455319.102
27 56 4046745.903
27 57 4405611.752
27 58 6274989.32
27 59 2898252.204
27 60 3768564.82
27 61 3453985.943
27 62 6167050.25
27 63 651240.8974
27 64 3776210.297
27 65 8026453.428
27 66 7431951.372
27 67 8093258.311
27 68 7572314.317
27 69 5147322.884
27 70 5416793.15
27 71 2071356.74
27 72 3322901.889
27 73 6321516.652
27 74 8191504.408
27 75 4738168.802
27 76 4861756.442
27 77 3703145.236
27 78 8756220.235
27 79 4506685.121
27 80 3169032.818
27 81 7815757.641
27 82 2972799.732
27 83 4782200.112
27 84 1238489.375
27 85 4952863.067
27 86 3040335.439
27 87 280197.5774
27 88 5591621.18
27 89 7229618.376
27 90 2554646.773
27 91 4347857.14
27 92 4605449.188
27 93 9110049.544
27 94 8086624.485
27 95 4925849.064
27 96 7445005.196
27 97 2069114.992
27 98 2857370.038
27 99 2493228.747
28 29 5437552.221
28 30 3001036.867
28 31 7098489.269
28 32 5621996.806
28 33 6037360.463
28 34 3492879.161
28 35 1563624.788
28 36 5221046.394
28 37 7298427.848
28 38 7255086.821
28 39 2483791.831
28 40 2854034.372
28 41 1452010.493
28 42 5759896.57
28 43 7188539.403
28 44 5411859.828
28 45 2319977.225
28 46 5106044.337
28 47 2446801.512
28 48 7827479.588
28 49 5844187.412
28 50 7260980.469
28 51 2520063.634
28 52 2552726.218
28 53 8029181.048
28 54 3572727.283
28 55 2708866.598
28 56 4194546.322
28 57 5881725.957
28 58 6979551.278
28 59 4575931.695
28 60 4609221.346
28 61 3593639.92
28 62 5708578.192
28 63 1418156.212
28 64 2112660.422
28 65 6653617.276
28 66 5618959.138
28 67 7220289.673
28 68 6604132.349
28 69 3226150.983
28 70 5460717.337
28 71 2397436.871
28 72 3565624.404
28 73 4463987.664
28 74 7772921.26
28 75 2759972.722
28 76 4628923.58
28 77 1801049.044
28 78 8652651.171
28 79 4181513.747
28 80 3294170.488
28 81 6821825.065
28 82 4028345.398
28 83 6449004.689
28 84 2283495.903
28 85 2961113.886
28 86 2363801.608
28 87 2212114.74
28 88 6737311.401
28 89 7011243.639
28 90 3557986.83
28 91 6193784.018
28 92 5683361.983
28 93 7415433.738
28 94 6520791.81
28 95 4523979.038
28 96 7006667.711
28 97 287513.5913
28 98 3001731.106
28 99 815131.4596
29 30 7229962.803
29 31 4005039.426
29 32 1813261.744
29 33 1370903.779
29 34 5170199.238
29 35 4938864.539
29 36 2862299.519
29 37 10972541.98
29 38 9804379.289
29 39 7876583.908
29 40 7635573.208
29 41 6882566.611
29 42 6671771.994
29 43 5848028.806
29 44 1250494.573
29 45 7690871.066
29 46 8722713.288
29 47 7113118.012
29 48 4970215.964
29 49 3886422.055
29 50 9706490.926
29 51 6163398.867
29 52 7683988.759
29 53 7093041.809
29 54 1871086.212
29 55 8100789.06
29 56 3794161.885
29 57 949155.7671
29 58 3922035.591
29 59 868557.0778
29 60 2381477.005
29 61 3657792.142
29 62 6042929.574
29 63 4349393.097
29 64 7446908.369
29 65 9205696.652
29 66 9626950.687
29 67 8307321.774
29 68 8049551.233
29 69 8660439.457
29 70 4639192.531
29 71 5654085.466
29 72 3470922.996
29 73 8734635.155
29 74 7546653.567
29 75 7636281.998
29 76 4817983.325
29 77 7237292.595
29 78 7441399.402
29 79 4788050.184
29 80 3642370.428
29 81 8300052.966
29 82 2013097.416
29 83 1027556.165
29 84 3169415.946
29 85 8352880.409
29 86 6776741.91
29 87 3793462.717
29 88 2523327.35
29 89 6400272.075
29 90 2292982.821
29 91 1044617.214
29 92 2057454.691
29 93 10874230.8
29 94 9654532.073
29 95 5140515.373
29 96 6974603.3
29 97 5324667.077
29 98 3599637.266
29 99 6107669.214
30 31 7246729.012
30 32 7992587.582
30 33 7299248.496
30 34 2686219.523
30 35 2366668.384
30 36 5731763.17
30 37 4306495.294
30 38 4417425.348
30 39 2450694.108
30 40 864530.8493
30 41 2889849.966
30 42 4047974.351
30 43 6348385.749
30 44 6694568.113
30 45 3515131.64
30 46 2116416.209
30 47 4743773.943
30 48 7664720.916
30 49 5823858.315
30 50 4456791.14
30 51 5344796.732
30 52 1544870.276
30 53 6763218.382
30 54 5485518.101
30 55 3602932.129
30 56 4276998.218
30 57 7315505.255
30 58 7142052.607
30 59 6482165.816
30 60 5458176.863
30 61 3949099.078
30 62 4382969.977
30 63 4285094.693
30 64 3558180.206
30 65 3862270.368
30 66 2655975.768
30 67 5026021.963
30 68 4339607.33
30 69 3209694.294
30 70 4967907.323
30 71 5336819.853
30 72 4069480.025
30 73 1564514.225
30 74 6172479.863
30 75 1024529.075
30 76 3979901.07
30 77 2854526.487
30 78 7417329.801
30 79 3573689.349
30 80 3800097.804
30 81 4497472.809
30 82 5314413.488
30 83 8109298.708
30 84 4341875.203
30 85 2644290.291
30 86 4877663.211
30 87 5019314.813
30 88 7575182.125
30 89 5807682.038
30 90 4950438.314
30 91 8187502.722
30 92 6593585.233
30 93 4414408.425
30 94 3566875.443
30 95 3649561.276
30 96 5474374.6
30 97 2822131.416
30 98 3717236.958
30 99 3272557.593
31 32 5816942.343
31 33 2689515.239
31 34 4560605.994
31 35 5785200.248
31 36 1905035.294
31 37 9647111.727
31 38 7824125.076
31 39 8971834.58
31 40 7986543.442
31 41 8410433.062
31 42 4470671.255
31 43 2346607.281
31 44 2808705.036
31 45 9335467.897
31 46 7795144.507
31 47 9418245.502
31 48 969236.7549
31 49 1423280.921
31 50 7671742.366
31 51 8887239.565
31 52 8384359.313
31 53 3501935.743
31 54 4494001.494
31 55 9673379.607
31 56 3055022.929
31 57 3111419.776
31 58 119279.4232
31 59 4284087.352
31 60 2624615.633
31 61 3570877.769
31 62 3724580.001
31 63 6720303.581
31 64 9169647.265
31 65 7353891.103
31 66 8816600.475
31 67 5663670.768
31 68 5720012.245
31 69 9858971.321
31 70 2406091.677
31 71 8452779.712
31 72 3556442.726
31 73 8345528.006
31 74 4258891.247
31 75 8076830.54
31 76 3324845.529
31 77 8684044.424
31 78 3666605.137
31 79 3684615.412
31 80 3844943.346
31 81 5922283.617
31 82 3429935.25
31 83 3826031.8
31 84 5221147.374
31 85 9381853.177
31 86 9203541.237
31 87 6580249.412
31 88 1668447.531
31 89 3199512.216
31 90 3837507.869
31 91 4756088.065
31 92 2012647.647
31 93 9389109.932
31 94 8135075.342
31 95 3706348.161
31 96 3970552.289
31 97 6854638.39
31 98 4110597.879
31 99 7912639.682
32 33 3153852.831
32 34 6379436.431
32 35 5626037.608
32 36 4583801.873
32 37 12037995
32 38 11122852.08
32 39 8097451.034
32 40 8224159.508
32 41 6964101.429
32 42 8178095.997
32 43 7616535.768
32 44 3049080.854
32 45 7635720.852
32 46 9740413.531
32 47 6709254.249
32 48 6780538.121
32 49 5638597.125
32 50 11044542.98
32 51 5557785.236
32 52 8111241.88
32 53 8855953.719
32 54 2609404.223
32 55 8054249.525
32 56 5262059.324
32 57 2724821.773
32 58 5734908.319
32 59 1865634.064
32 60 3989577.53
32 61 4971383.512
32 62 7610167.944
32 63 4277082.017
32 64 7367758.596
32 65 10505260.02
32 66 10557977.69
32 67 9854333.904
32 68 9526314.316
32 69 8773051.272
32 70 6291779.162
32 71 5047176.93
32 72 4775563.688
32 73 9551935.793
32 74 9251174.366
32 75 8185455.832
32 76 6309536.147
32 77 7329302.241
32 78 9228900.539
32 79 6188927.058
32 80 4863898.298
32 81 9780384.435
32 82 3376187.628
32 83 2299867.686
32 84 3652036.141
32 85 8571586.567
32 86 6322072.21
32 87 3526978.35
32 88 4292758.529
32 89 8114518.813
32 90 3446729.03
32 91 1327945.062
32 92 3862524.961
32 93 11998386.37
32 94 10832047.7
32 95 6582415.176
32 96 8638695.244
32 97 5600543.786
32 98 4719172.659
32 99 6116822.256
33 34 4904790.372
33 35 5198080.062
33 36 2000292.481
33 37 10670138.88
33 38 9259710.743
33 39 8348096.2
33 40 7836507.159
33 41 7482916.686
33 42 5968261.424
33 43 4719439.175
33 44 631677.6745
33 45 8353099.357
33 46 8511008.852
33 47 7997801.4
33 48 3641597.922
33 49 2855058.642
33 50 9141631.075
33 51 7178828.489
33 52 8010184.857
33 53 5961874.557
33 54 2603476.832
33 55 8746147.025
33 56 3311891.731
33 57 429039.1159
33 58 2617808.501
33 59 1920196.329
33 60 1886552.14
33 61 3406578.781
33 62 5272799.848
33 63 5178828.909
33 64 8131534.775
33 65 8692634.812
33 66 9476240.827
33 67 7511147.864
33 68 7350375.149
33 69 9185687.438
33 70 3786278.131
33 71 6686494.41
33 72 3256586.268
33 73 8708077.513
33 74 6523822.17
33 75 7868932.969
33 76 4216041.685
33 77 7818013.069
33 78 6247875.469
33 79 4314182.589
33 80 3507405.667
33 81 7591271.502
33 82 2060467.553
33 83 1223808.255
33 84 3783370.018
33 85 8812145.34
33 86 7698169.358
33 87 4767083.367
33 88 1152562.017
33 89 5377664.106
33 90 2509847.048
33 91 2073976.203
33 92 968159.393
33 93 10515781.49
33 94 9262962.977
33 95 4588982.53
33 96 6029476.005
33 97 5869362.142
33 98 3587177.242
33 99 6786316.989
34 35 1933949.827
34 36 3131690.117
34 37 5811455.286
34 38 4750210.352
34 39 4629897.403
34 40 3446809.734
34 41 4396209.309
34 42 2321631.879
34 43 3883537.269
34 44 4355750.518
34 45 5286265.074
34 46 3607844.042
34 47 5912673.957
34 48 5003741.271
34 49 3137644.14
34 50 4680697.953
34 51 5932759.975
34 52 3917869.9
34 53 4578707.529
34 54 3780984.446
34 55 5542056.645
34 56 1655725.043
34 57 5012801.137
34 58 4456296.587
34 59 4597113.982
34 60 3018541.508
34 61 1525535.356
34 62 2217276.933
34 63 4023311.056
34 64 5196556.566
34 65 4128923.334
34 66 4573615.064
34 67 3923774.762
34 68 3406707.779
34 69 5508220.991
34 70 2324793.773
34 71 5687693.243
34 72 1703865.261
34 73 3881204.646
34 74 4280138.168
34 75 3551651.466
34 76 1341388.606
34 77 4574665.967
34 78 5217969.306
34 79 901224.8281
34 80 1536791.903
34 81 3653441.194
34 82 3157550.853
34 83 5890606.868
34 84 3135357.405
34 85 4984015.63
34 86 5856229.555
34 87 4451364.035
34 88 4995476.326
34 89 3561038.943
34 90 2952993.752
34 91 6204225.538
34 92 4083706.33
34 93 5704037.222
34 94 4489835.735
34 95 1096009.807
34 96 3513803.942
34 97 3205434.288
34 98 1662078.33
34 99 4220867.04
35 36 3988051.389
35 37 6525118.449
35 38 6075374.024
35 39 3228783.182
35 40 2696793.122
35 41 2650144.976
35 42 4226847.559
35 43 5657489.024
35 44 4570255.043
35 45 3574853.536
35 46 4228373.069
35 47 4001582.596
35 48 6435415.1
35 49 4450997.599
35 50 6052829.637
35 51 4010939.918
35 52 2812153.594
35 53 6469029.393
35 54 3139967.301
35 55 3895065.245
35 56 2767373.744
35 57 5143547.483
35 58 5668534.482
35 59 4153844.203
35 60 3502995.293
35 61 2214389.073
35 62 4146582.944
35 63 2255813.728
35 64 3435292.31
35 65 5452686.185
35 66 4962492.092
35 67 5746470.205
35 68 5161571.712
35 69 4105430.992
35 70 3952780.795
35 71 3795873.263
35 72 2240741.507
35 73 3926727.548
35 74 6213195.946
35 75 2702636.212
35 76 3082226.06
35 77 2903692.919
35 78 7095727.283
35 79 2629039.568
35 80 1946780.149
35 81 5391765.664
35 82 3142554.048
35 83 5869440.288
35 84 1976842.639
35 85 3669823.688
35 86 3926934.34
35 87 2856946.109
35 88 5689976.028
35 89 5450496.093
35 90 2720991.407
35 91 5860182.464
35 92 4645434.834
35 93 6552833.489
35 94 5503124.164
35 95 2961891.007
35 96 5446632.522
35 97 1276348.318
35 98 1718562.1
35 99 2322632.335
36 37 8761892.197
36 38 7270586.755
36 39 7212447.664
36 40 6389762.222
36 41 6567976.789
36 42 3968058.192
36 43 3050346.384
36 44 1659059.151
36 45 7488662.588
36 46 6675623.795
36 47 7516277.49
36 48 2753079.243
36 49 1069659.497
36 50 7149092.944
36 51 6989583.801
36 52 6702701.725
36 53 4279409.113
36 54 2724045.559
36 55 7840286.481
36 56 1476178.549
36 57 2266713.765
36 58 1786075.17
36 59 2796909.953
36 60 761642.8477
36 61 1820223.949
36 62 3277784.314
36 63 4818904.042
36 64 7311234.845
36 65 6712182.832
36 66 7670345.233
36 67 5527905.575
36 68 5350719.092
36 69 8092525.205
36 70 1807622.998
36 71 6562641.731
36 72 1753850.112
36 73 7012029.624
36 74 4685316.638
36 75 6456706.489
36 76 2243987.047
36 77 6857325.446
36 78 4689165.247
36 79 2408445.507
36 80 2049274.582
36 81 5592415.06
36 82 1602460.848
36 83 3183182.357
36 84 3323045
36 85 7643229.461
36 86 7298701.7
36 87 4713739.874
36 88 1863858.538
36 89 3540617.934
36 90 1962994.818
36 91 3845649.766
36 92 1047283.341
36 93 8582028.608
36 94 7321596.259
36 95 2630539.266
36 96 4118350.586
36 97 4986494.535
36 98 2274696.133
36 99 6032302.459
37 38 2287368.882
37 39 5955446.033
37 40 4568578.111
37 41 6889522.343
37 42 5212016.812
37 43 7810085.352
37 44 10149680.71
37 45 7191170.533
37 46 2303564.915
37 47 8697785.596
37 48 9652594.835
37 49 8360688.588
37 50 2473184.76
37 51 9519209.489
37 52 5171820.169
37 53 7492628.458
37 54 9439443.732
37 55 7080133.762
37 56 7358543.882
37 57 10810121.86
37 58 9575992.457
37 59 10348977.93
37 60 8798737.475
37 61 7336493.588
37 62 5940290.102
37 63 8586829.503
37 64 7343502.551
37 65 2455524.809
37 66 1708922.143
37 67 4672829.967
37 68 4227133.718
37 69 6250640.753
37 70 7283169.122
37 71 9576706.584
37 72 7515016.108
37 73 2882467.103
37 74 6531931.404
37 75 4717632.934
37 76 6534774.653
37 77 6715619.013
37 78 8022254.184
37 79 6363978.08
37 80 7330239.723
37 81 4133017.347
37 82 8960322.554
37 83 11698220.73
37 84 8461660.217
37 85 5814324.062
37 86 8922613.853
37 87 9305510.583
37 88 10572101.3
37 89 6934506.81
37 90 8712113.205
37 91 11998243.38
37 92 9786775.695
37 93 470475.318
37 94 1525520.443
37 95 6139400.281
37 96 6214012.187
37 97 7128130.722
37 98 7391309.51
37 99 7467175.077
38 39 6674464.556
38 40 5042979.477
38 41 7303215.182
38 42 3376491.05
38 43 5778084.374
38 44 8815771.358
38 45 7854346.002
38 46 2467993.176
38 47 9160121.696
38 48 7686804.765
38 49 6668989.151
38 50 187069.223
38 51 9715433.786
38 52 5766535.059
38 53 5304184.303
38 54 8530684.497
38 55 7863706.05
38 56 6021941.499
38 57 9470981.309
38 58 7769276.103
38 59 9312590.012
38 60 7475835.486
38 61 6176113.407
38 62 4123711.437
38 63 8318313.297
38 64 7933954.381
38 65 628155.0389
38 66 2836521.42
38 67 2446975.446
38 68 2132409.748
38 69 7223735.306
38 70 5593518.582
38 71 9650387.175
38 72 6370205.371
38 73 3618328.938
38 74 4317763.259
38 75 5223107.273
38 76 5046842.324
38 77 7239068.478
38 78 5796597.885
38 79 5017767.287
38 80 6260002.272
38 81 1975092.565
38 82 7824870.241
38 83 10388089.3
38 84 7796978.768
38 85 6695369.039
38 86 9292120.793
38 87 8926072.877
38 88 8963556.587
38 89 4867119.843
38 90 7680857.925
38 91 10848953.73
38 92 8317869.171
38 93 1862333.276
38 94 1130539.786
38 95 4687493.491
38 96 4100599.527
38 97 7020564.661
38 98 6411717.43
38 99 7658649.387
39 40 1656618.533
39 41 1215362.845
39 42 6421268.792
39 43 8502176.748
39 44 7716424.186
39 45 1235881.504
39 46 4217212.51
39 47 2782760.298
39 48 9554656.295
39 49 7596017.81
39 50 6743924.229
39 51 3799575.092
39 52 923028.5002
39 53 9068536.829
39 54 6005534.093
39 55 1189375.112
39 56 5919716.923
39 57 8241457.692
39 58 8857253.866
39 59 7025152.173
39 60 6725400.262
39 61 5414815.965
39 62 6655127.644
39 63 3837542.987
39 64 1401007.592
39 65 6177426.007
39 66 4275303.305
39 67 7476613.552
39 68 6790276.403
39 69 888284.7818
39 70 6934078.029
39 71 4011248.27
39 72 5459884.011
39 73 3157869.795
39 74 8555839.209
39 75 1474650.151
39 76 5966147.977
39 77 893423.273
39 78 9722332.128
39 79 5512171.721
39 80 5164488.773
39 81 6946116.139
39 82 6291588.603
39 83 8872360.805
39 84 4707339.365
39 85 478191.515
39 86 3064276.749
39 87 4622511.875
39 88 8910499.685
39 89 8077490.98
39 90 5838392.978
39 91 8667795.306
39 92 7860606.587
39 93 6209876.663
39 94 5680239.694
39 95 5714489.714
39 96 7832112.303
39 97 2556108.472
39 98 4947272.868
39 99 2059783.579
40 41 2339527.549
40 42 4912461.84
40 43 7188663.807
40 44 7217318.905
40 45 2811377.521
40 46 2611649.509
40 47 4185160.212
40 48 8449312.672
40 49 6568845.099
40 50 5104542.441
40 51 4950638.882
40 52 733885.6332
40 53 7625691.032
40 54 5822418.884
40 55 2839678.216
40 56 4968199.37
40 57 7813485.876
40 58 7878647.966
40 59 6843730.677
40 60 6045511.17
40 61 4576827.423
40 62 5239583.457
40 63 4245460.179
40 64 2899337.561
40 65 4530275.812
40 66 2860124.927
40 67 5853284.852
40 68 5163780.517
40 69 2361207.395
40 70 5760227.608
40 71 5021332.864
40 72 4674327.023
40 73 1686124.152
40 74 7035967.54
40 75 182197.8054
40 76 4770442.348
40 77 2216847.186
40 78 8280017.275
40 79 4346436.857
40 80 4389970.054
40 81 5309825.855
40 82 5803831.527
40 83 8561561.031
40 84 4594648.492
40 85 1795668.023
40 86 4376187.3
40 87 5023602.446
40 88 8203752.573
40 89 6665879.134
40 90 5402734.839
40 91 8547485.935
40 92 7193414.699
40 93 4756678.16
40 94 4089449.881
40 95 4458555.084
40 96 6338903.856
40 97 2750025.544
40 98 4258023.682
40 99 2906322.194
41 42 6472125.26
41 43 8252745.466
41 44 6855569.423
41 45 926087.9491
41 46 4926855.857
41 47 1859111.337
41 48 9083418.717
41 49 7097310.621
41 50 7346003.92
41 51 2665485.468
41 52 1729335.567
41 53 8966978.398
41 54 5021770.484
41 55 1277110.772
41 56 5416037.36
41 57 7332898.615
41 58 8292615.136
41 59 6018274.598
41 60 5997968.479
41 61 4849188.939
41 62 6570078.831
41 63 2687075.425
41 64 800490.7359
41 65 6752112.951
41 66 5181907.766
41 67 7738910.702
41 68 7074573.288
41 69 1810632.916
41 70 6582143.856
41 71 2825330.688
41 72 4853993.111
41 73 4014352.092
41 74 8578206.937
41 75 2178564.282
41 76 5669650.915
41 77 365243.03
41 78 9610554.371
41 79 5208843.38
41 80 4566664.294
41 81 7261878.73
41 82 5459492.327
41 83 7897230.933
41 84 3735290.557
41 85 1655052.625
41 86 2037168.203
41 87 3455111.652
41 88 8152474.797
41 89 7952287.808
41 90 4991562.714
41 91 7613455.023
41 92 7096684.754
41 93 7093143.089
41 94 6404452.911
41 95 5487428.848
41 96 7825011.401
41 97 1618384.093
41 98 4302817.471
41 99 859275.8594
42 43 2659370.197
42 44 5580956.863
42 45 7297251.449
42 46 3637535.638
42 47 8126793.024
42 48 4443094.37
42 49 3294982.115
42 50 3235662.732
42 51 8237705.16
42 52 5563921.627
42 53 2750837.965
42 54 5709935.726
42 55 7484885.153
42 56 2916473.794
42 57 6219296.649
42 58 4409376.557
42 59 6315437.938
42 60 4291756.906
42 61 3268558.067
42 62 748947.6674
42 63 6341068.557
42 64 7256078.13
42 65 2883996.87
42 66 4629344.342
42 67 1693381.227
42 68 1385141.348
42 69 7236419.952
42 70 2226916.806
42 71 8006025.65
42 72 3458657.322
42 73 4510409.006
42 74 2134570.427
42 75 5069781.547
42 76 1869433.504
42 77 6582222.241
42 78 3397769.765
42 79 2039458.639
42 80 3460201.347
42 81 1631585.356
42 82 4802045.051
42 83 7139995.124
42 84 5342380.409
42 85 6675023.026
42 86 8107986.664
42 87 6732329.356
42 88 5595994.581
42 89 1887357.301
42 90 4781277.662
42 91 7706718.392
42 92 5008395.723
42 93 4929636.852
42 94 3688463.523
42 95 1618828.344
42 96 1427732.449
42 97 5475039.336
42 98 3713024.866
42 99 6437206.628
43 44 4599972.446
43 45 9156553.873
43 46 6285003.821
43 47 9633502.959
43 48 1934574.625
43 49 1982472.388
43 50 5609458.514
43 51 9408876.477
43 52 7744704.516
43 53 1246627.133
43 54 5667938.933
43 55 9423011.565
43 56 3113356.62
43 57 5094528.456
43 58 2343440.601
43 59 5847164.729
43 60 3741528.806
43 61 3727687.757
43 62 2041583.023
43 63 7274125.311
43 64 9052119.453
43 65 5393889.218
43 66 7285210.883
43 67 3448909.221
43 68 3647390.252
43 69 9372657.318
43 70 1751364.339
43 71 9058832.702
43 72 3834024.182
43 73 7083912.598
43 74 1912430.833
43 75 7320573.091
43 76 2583754.757
43 77 8449546.23
43 78 1652617.861
43 79 3044118.397
43 80 4031197.8
43 81 3809453.988
43 82 4544885.06
43 83 5935653.973
43 84 5907149.206
43 85 8835968.007
43 86 9511901.796
43 87 7389672.254
43 88 3911616.016
43 89 922336.5174
43 90 4781446.957
43 91 6758756.79
43 92 3814953.849
43 93 7490410.873
43 94 6286595.415
43 95 2790036.66
43 96 1714586.246
43 97 6908095.279
43 98 4352436.8
43 99 7975523.851
44 45 7729317.631
44 46 7962818.509
44 47 7406093.162
44 48 3777926.285
44 49 2648197.358
44 50 8705161.127
44 51 6623515.092
44 52 7382002.325
44 53 5845775.037
44 54 2030993.713
44 55 8120692.124
44 56 2811829.773
44 57 661380.9055
44 58 2717132.736
44 59 1508247.155
44 60 1354096.246
44 61 2839698.664
44 62 4914690.826
44 63 4586893.331
44 64 7509987.53
44 65 8235742.559
44 66 8915782.081
44 67 7174394.05
44 68 6966003.124
44 69 8554495.571
44 70 3463964.882
44 71 6138871.455
44 72 2679191.562
44 73 8121384.361
44 74 6322442.704
44 75 7246942.899
44 76 3772860.965
44 77 7189312.164
44 78 6190997.531
44 79 3823019.119
44 80 2917030.499
44 81 7212002.676
44 82 1429916.546
44 83 1572377.485
44 84 3168157.082
44 85 8180497.656
44 86 7115366.717
44 87 4214163.245
44 88 1534929.263
44 89 5173786.34
44 90 1878240.952
44 91 2190252.412
44 92 814475.7769
44 93 10011296.05
44 94 8766325.585
44 95 4128753.885
44 96 5774363.113
44 97 5240760.028
44 98 2977819.499
44 99 6166224.636
45 46 5414330.156
45 47 1601510.018
45 48 10009139.22
45 49 8023220.905
45 50 7914589.721
45 51 2754790.487
45 52 2094050.783
45 53 9841884.316
45 54 5848113.221
45 55 418670.7792
45 56 6341508.081
45 57 8185817.96
45 58 9217556.104
45 59 6822770.963
45 60 6908691.115
45 61 5775243.96
45 62 7435314.293
45 63 3392984.224
45 64 276469.8698
45 65 7336180.525
45 66 5510240.44
45 67 8488609.46
45 68 7812476.972
45 69 1302106.394
45 70 7497807.39
45 71 3062629.235
45 72 5779126.248
45 73 4384703.61
45 74 9418442.137
45 75 2631576.793
45 76 6575967.292
45 77 717086.3853
45 78 10488869.56
45 79 6114872.665
45 80 5492282.923
45 81 7986240.356
45 82 6347976.151
45 83 8713161.834
45 84 4580883.925
45 85 1458979.348
45 86 1935513.329
45 87 4109624.462
45 88 9052744.845
45 89 8830929.123
45 90 5877844.831
45 91 8372060.212
45 92 7997684.4
45 93 7444592.032
45 94 6886677.991
45 95 6381073.276
45 96 8672330.585
45 97 2517777.212
45 98 5226689.167
45 99 1583551.052
46 47 6783807.247
46 48 7963401.513
46 49 6426319.427
46 50 2553545.107
46 51 7454211.88
46 52 3320427.357
46 53 6298434.8
46 54 7147430.964
46 55 5404938.66
46 56 5223706.21
46 57 8618594.511
46 58 7709865.5
46 59 8072662.901
46 60 6625608.214
46 61 5125914.113
46 62 4261665.599
46 63 6336355.21
46 64 5510668.837
46 65 2029668.534
46 66 1021990.482
46 67 3865088.17
46 68 3211175.791
46 69 4757053.252
46 70 5389087.175
46 71 7453235.849
46 72 5295349.446
46 73 1179885.119
46 74 5475402.195
46 75 2787650.721
46 76 4522565.547
46 77 4827149.052
46 78 6913812.581
46 79 4271534.518
46 80 5089986.392
46 81 3261885.923
46 82 6717417.589
46 83 9488257.236
46 84 6158208.971
46 85 4227389.593
46 86 6950831.274
46 87 7034555.12
46 88 8525844.904
46 89 5518525.811
46 90 6445123.575
46 91 9738291.373
46 92 7668778.854
46 93 2333103.271
46 94 1478843.707
46 95 4125109.471
46 96 4939339.087
46 97 4911146.359
46 98 5126291.888
46 99 5381164.712
47 48 10196730.55
47 49 8228199.51
47 50 9200437.837
47 51 1291351.546
47 52 3529119.84
47 53 10470515.49
47 54 5397160.528
47 55 1892570.962
47 56 6610310.755
47 57 7757950.971
47 58 9298990.641
47 59 6259098.172
47 60 6841327.269
47 61 5998854.94
47 62 8129147.948
47 63 2819551.372
47 64 1386072.932
47 65 8604300.591
47 66 6997412.049
47 67 9492600.643
47 68 8843677.915
47 69 2867641.872
47 70 7900592.027
47 71 1728646.936
47 72 5950119.003
47 73 5841358.544
47 74 10182805.16
47 75 4017795.635
47 76 7075514.609
47 77 1983248.051
47 78 11096839.15
47 79 6626982.029
47 80 5693848.786
47 81 9042435.43
47 82 6145596.039
47 83 8136669.715
47 84 4278792.488
47 85 3058037.324
47 86 413250.7126
47 87 3326032.283
47 88 8853714.859
47 89 9451843.08
47 90 5682493.667
47 91 7632410.635
47 92 7825285.671
47 93 8921879.006
47 94 8262055.304
47 95 6962791.522
47 96 9418705.788
47 97 2730476.88
47 98 5387344.033
47 99 1693634.432
48 49 1987348.873
48 50 7522085.439
48 51 9731577.267
48 52 8906200.291
48 53 2886785.453
48 54 5420835.992
48 55 10328446.33
48 56 3668043.708
48 57 4066956.654
48 58 1064055.523
48 59 5249617.648
48 60 3504091.409
48 61 4242041.762
48 62 3733515.993
48 63 7556657.163
48 64 9859630.716
48 65 7273567.931
48 66 8981979.377
48 67 5383216.191
48 68 5554746.544
48 69 10442566.43
48 70 2697727.699
48 71 9311851.927
48 72 4261919.424
48 73 8630197.941
48 74 3771079.185
48 75 8555330.257
48 76 3684839.641
48 77 9336894.405
48 78 2914153.831
48 79 4103080.862
48 80 4535804.317
48 81 5728630.579
48 82 4331567.481
48 83 4745094.098
48 84 6068857.629
48 85 9942927.849
48 86 10002875.85
48 87 7465858.567
48 88 2569582.492
48 89 2856283.16
48 90 4714853.125
48 91 5696385.677
48 92 2979842.556
48 93 9355892.739
48 94 8127498.574
48 95 4026243.788
48 96 3649072.683
48 97 7571166.1
48 98 4826140.376
48 99 8642186.624
49 50 6530399.779
49 51 7818230.567
49 52 6981788.159
49 53 3217490.042
49 54 3749821.55
49 55 8345614.139
49 56 1685258.626
49 57 3192091.439
49 58 1320944.074
49 59 3866085.531
49 60 1789056.538
49 61 2255013.336
49 62 2554158.025
49 63 5643842.059
49 64 7872420.636
49 65 6154188.7
49 66 7444780.01
49 67 4713060.837
49 68 4636380.57
49 69 8484269.321
49 70 1083298.856
49 71 7419626.456
49 72 2281021.572
49 73 6934949.643
49 74 3681036.211
49 75 6662181.404
49 76 1918366.175
49 77 7354055.727
49 78 3619572.071
49 79 2262682.549
49 80 2550462.133
49 81 4862859.366
49 82 2618945.664
49 83 4077385.029
49 84 4184855.982
49 85 7995695.784
49 86 8047050.013
49 87 5632877.874
49 88 2306643.638
49 89 2531971.844
49 90 2917426.174
49 91 4831657.181
49 92 1901645.106
49 93 8131674.035
49 94 6868645.288
49 95 2308745.163
49 96 3175961.066
49 97 5585791.616
49 98 2845507.234
49 99 6658326.592
50 51 9732839.126
50 52 5831698.07
50 53 5122310.52
50 54 8458060.649
50 55 7933252.559
50 56 5918701.348
50 57 9358789.853
50 58 7618401.934
50 59 9227045.324
50 60 7369152.525
50 61 6088770.519
50 62 3980775.147
50 63 8301304.841
50 64 7988226.964
50 65 607367.0323
50 66 2974047.912
50 67 2264040.689
50 68 1967688.234
50 69 7310032.057
50 70 5457907.653
50 71 9657943.273
50 72 6283483.903
50 73 3716311.581
50 74 4134317.904
50 75 5285501.061
50 76 4933298.397
50 77 7290797.931
50 78 5611821.965
50 79 4918447.453
50 80 6180644.948
50 81 1802330.354
50 82 7734112.346
50 83 10277065.01
50 84 7747839.862
50 85 6776981.466
50 86 9324638.28
50 87 8897862.159
50 88 8828574.42
50 89 4696417.962
50 90 7599809.436
50 91 10751086.19
50 92 8196223.18
50 93 2049358.778
50 94 1273908.289
50 95 4579549.628
50 96 3926619.37
50 97 7022181.574
50 98 6339999.355
50 99 7682117.042
51 52 4390320.701
51 53 10357508.21
51 54 4593168.23
51 55 3106208.004
51 56 6305440.028
51 57 6894347.851
51 58 8769298.155
51 59 5340994.799
51 60 6264729.386
51 61 5686676.877
51 62 8121884.406
51 63 2176050.315
51 64 2496236.728
51 65 9126707.241
51 66 7810697.369
51 67 9733333.805
51 68 9122630.013
51 69 4056211.691
51 70 7657517.297
51 71 516038.9823
51 72 5598537.427
51 73 6636742.962
51 74 10192329.8
51 75 4804241.766
51 76 6939050.887
51 77 2917462.503
51 78 10956457.07
51 79 6518726.067
51 80 5380786.686
51 81 9341451.841
51 82 5494019.182
51 83 7168381.734
51 84 3666727.228
51 85 4152979.078
51 86 879945.016
51 87 2411844.639
51 88 8126965.163
51 89 9351043.566
51 90 5058017.095
51 91 6572301.841
51 92 7140420.273
51 93 9696360.193
51 94 8911587.83
51 95 6898626.361
51 96 9426625.97
51 97 2791678.914
51 98 5060318.748
51 99 2073082.162
52 53 8247160.165
52 54 5831121.525
52 55 2106407.571
52 56 5334570.706
52 57 7948398.358
52 58 8272912.681
52 59 6860128.36
52 60 6287878.751
52 61 4883305.999
52 62 5842822.356
52 63 3970829.03
52 64 2202081.319
52 65 5260761.462
52 66 3468701.001
52 67 6567108.162
52 68 5879136.198
52 69 1672853.722
52 70 6242198.545
52 71 4515148.479
52 72 4955959.371
52 73 2314325.473
52 74 7695956.95
52 75 551770.7821
52 76 5258514.071
52 77 1545900.826
52 78 8901948.434
52 79 4816360.678
52 80 4662954.631
52 81 6030750.817
52 82 5953360.977
52 83 8646285.884
52 84 4555896.428
52 85 1111470.531
52 86 3752596.049
52 87 4764741.668
52 88 8470079.997
52 89 7270178.476
52 90 5524029.008
52 91 8546007.677
52 92 7436657.741
52 93 5393361.527
52 94 4792895.94
52 95 4975829.5
52 96 6984410.43
52 97 2520353.343
52 98 4487310.525
52 99 2417700.719
53 54 6840910.904
53 55 10071430.13
53 56 4155721.968
53 57 6339916.86
53 58 3517214.334
53 59 7072301.21
53 60 4947842.729
53 61 4745888.108
53 62 2414885.901
53 63 8268844.806
53 64 9765987.286
53 65 5037256.618
53 66 7243102.713
53 67 2859195.523
53 68 3272819.864
53 69 9911138.285
53 70 2795688.94
53 71 10039446.89
53 72 4877711.287
53 73 7243783.411
53 74 1004101.737
53 75 7775516.579
53 76 3419967.477
53 77 9125820.693
53 78 654813.0666
53 79 3852947.752
53 80 5037092.558
53 81 3361054.042
53 82 5730259.665
53 83 7175120.792
53 84 6970491.202
53 85 9356792.464
53 86 10385229.12
53 87 8454276.697
53 88 5120275.737
53 89 1019048.229
53 90 5932151.519
53 91 8005045.661
53 92 5061526.019
53 93 7121894.328
53 94 6006714.479
53 95 3508174.281
53 96 1359732.218
53 97 7743055.281
53 98 5355140.869
53 99 8785938.638
54 55 6253772.069
54 56 2849488.73
54 57 2367091.267
54 58 4382630.701
54 59 1029027.507
54 60 1967475.888
54 61 2444231.933
54 62 5218067.453
54 63 2581180.521
54 64 5611264.222
54 65 7909906.585
54 66 7990855.184
54 67 7402630.765
54 68 7017554.271
54 69 6791785.553
54 70 4083781.465
54 71 4111491.573
54 72 2252061.215
54 73 7026156.038
54 74 7051068.825
54 75 5811181.111
54 76 3871942.126
54 77 5373724.725
54 78 7320272.214
54 79 3678037.746
54 80 2292161.225
54 81 7271988.313
54 82 1130884.949
54 83 2876344.741
54 84 1298345.095
54 85 6481931.958
54 86 5094700.934
54 87 2186585.965
54 88 3539495.913
54 89 5967918.787
54 90 942241.2304
54 91 2725420.122
54 92 2590428.617
54 93 9391887.723
54 94 8222645.476
54 95 4091975.345
54 96 6368015.606
54 97 3454005.004
54 98 2119011.851
54 99 4265516.814
55 56 6661016.78
55 57 8585186.455
55 58 9555978.8
55 59 7233063.25
55 60 7274971.889
55 61 6105913.485
55 62 7658713.09
55 63 3810475.773
55 64 689037.3614
55 65 7365855.149
55 66 5422819.141
55 67 8616160.115
55 68 7933912.856
55 69 977762.4813
55 70 7786312.762
55 71 3440783.861
55 72 6118070.639
55 73 4329622.515
55 74 9614573.148
55 75 2657488.46
55 76 6849723.64
55 77 991584.1286
55 78 10721471.35
55 79 6389115.205
55 80 5828461.572
55 81 8098059.044
55 82 6731557.274
55 83 9121936.082
55 84 4980850.044
55 85 1271109.291
55 86 2258981.374
55 87 4528264.693
55 88 9428726.701
55 89 9065893.164
55 90 6262539.7
55 91 8788251.693
55 92 8373025.388
55 93 7355325.279
55 94 6864329.319
55 95 6638022.605
55 96 8876162.689
55 97 2892526.322
55 98 5571101.993
55 99 1993557.34
56 57 3472587.48
56 58 2941851.721
56 59 3398965.748
56 60 1459793.224
56 61 619375.6292
56 62 2373021.39
56 63 4161327.384
56 64 6195234.873
56 65 5432971.83
56 66 6209007.581
56 67 4594328.702
56 68 4275458.565
56 69 6807527.956
56 70 1371085.796
56 71 5946872.219
56 72 724085.9717
56 73 5535875.596
56 74 4236578.946
56 75 5047462.565
56 76 1047477.882
56 77 5669432.759
56 78 4709901.411
56 79 1011469.268
56 80 926485.8952
56 81 4528413.86
56 82 1885874.725
56 83 4380647.162
56 84 2815120.848
56 85 6326997.793
56 86 6455753.064
56 87 4299509.599
56 88 3339809.779
56 89 3205806.161
56 90 1907390.738
56 91 4837668.776
56 92 2445086.773
56 93 7206188.738
56 94 5957042.918
56 95 1346509.165
56 96 3530901.516
56 97 3928246.001
56 98 1245525.492
56 99 5004577.479
57 58 3036912.489
57 59 1576358.766
57 60 2015461.025
57 61 3493232.279
57 62 5541587.285
57 63 4946758.438
57 64 7956536.374
57 65 8893188.218
57 66 9567277.126
57 67 7794593.52
57 68 7604287.814
57 69 9064045.117
57 70 4072788.863
57 71 6395305.437
57 72 3328694.877
57 73 8758730.703
57 74 6872044.21
57 75 7836074.724
57 76 4425513.523
57 77 7675253.195
57 78 6643116.391
57 79 4483531.555
57 80 3558160.748
57 81 7848662.326
57 82 2009907.888
57 83 920916.0378
57 84 3604937.773
57 85 8710588.196
57 86 7445683.378
57 87 4487720.383
57 88 1576857.536
57 89 5723419.49
57 90 2424389.45
57 91 1670367.958
57 92 1291026.879
57 93 10672643.33
57 94 9427653.202
57 95 4785273.24
57 96 6353916.367
57 97 5730103.895
57 98 3600052.511
57 99 6609087.885
58 59 4185602.018
58 60 2507411.574
58 61 3454343.044
58 62 3661877.193
58 63 6601944.106
58 64 9051336.473
58 65 7293333.981
58 66 8730936.09
58 67 5628226.96
58 68 5671015.337
58 69 9744226.402
58 70 2321467.361
58 71 8335477.494
58 72 3438672.077
58 73 8250118.251
58 74 4253469.207
58 75 7967945.768
58 76 3229527.231
58 77 8566804.14
58 78 3702327.309
58 79 3583577.444
58 80 3727518.068
58 81 5876166.14
58 82 3314929.046
58 83 3768062.192
58 84 5103043.465
58 85 9268205.688
58 86 9084465.674
58 87 6464477.932
58 88 1624617.316
58 89 3180301.651
58 90 3720644.46
58 91 4688395.604
58 92 1916053.23
58 93 9322037.618
58 94 8066262.281
58 95 3613403.299
58 96 3944785.081
58 97 6735928.171
58 98 3992328.783
58 99 7793654.377
59 60 2146710.798
59 61 3138629.705
59 62 5744719.732
59 63 3483594.018
59 64 6578439.126
59 65 8701060.949
59 66 8945038.889
59 67 7989301.16
59 68 7669175.787
59 69 7800935.811
59 70 4443797.589
59 71 4836721.693
59 72 2943646.315
59 73 8010122.684
59 74 7416416.505
59 75 6835695.702
59 76 4446201.931
59 77 6374170.771
59 78 7484289.473
59 79 4340266.674
59 80 3062489.653
59 81 7922885.15
59 82 1514356.687
59 83 1894708.338
59 84 2320036.396
59 85 7502289.218
59 86 5929275.01
59 87 2949869.575
59 88 3016311.242
59 89 6288961.591
59 90 1645148.537
59 91 1706977.589
59 92 2272044.231
59 93 10277613.88
59 94 9081958.898
59 95 4726576.173
59 96 6787773.338
59 97 4470201.562
59 98 2961133.679
59 99 5239746.679
60 61 1526703.176
60 62 3663994.892
60 63 4103269.375
60 64 6717195.327
60 65 6890550.562
60 66 7589739.546
60 67 5927432.447
60 68 5671897.788
60 69 7593306.241
60 70 2302209.512
60 71 5828168.356
60 72 1389717.523
60 73 6834626.19
60 74 5269855.87
60 75 6093784.044
60 76 2448233.716
60 77 6304224.914
60 78 5391667.612
60 79 2471235.994
60 80 1660474.278
60 81 5921527.242
60 82 841418.8097
60 83 2920903.368
60 84 2601552.995
60 85 7171816.358
60 86 6607262.225
60 87 3963066.697
60 88 2187007.394
60 89 4143082.832
60 90 1213945.443
60 91 3415046.321
60 92 1149902.412
60 93 8657480.405
60 94 7412246.612
60 95 2789627.906
60 96 4649151.932
60 97 4391887.637
60 98 1800713.473
60 99 5410887.344
61 62 2818510.907
61 63 3546735.536
61 64 5619671.228
61 65 5567647.62
61 66 6076224.656
61 67 4961924.895
61 68 4575702.881
61 69 6299408.171
61 70 1979571.696
61 71 5331148.822
61 72 195819.9785
61 73 5307976.216
61 74 4769966.18
61 75 4639567.123
61 76 1466651.099
61 77 5115449.839
61 78 5312050.399
61 79 1233816.703
61 80 307345.4621
61 81 4830219.824
61 82 1653394.417
61 83 4365595.591
61 84 2233211.616
61 85 5837042.858
61 86 5839385.91
61 87 3712341.883
61 88 3631295.168
61 89 3777341.108
61 90 1529901.993
61 91 4697470.085
61 92 2646355.471
61 93 7222522.476
61 94 5997356.564
61 95 1649729.961
61 96 4042445.554
61 97 3332184.429
61 98 626381.9496
61 99 4406448.705
62 63 6126191.78
62 64 7366871.325
62 65 3632202.937
62 66 5271719.113
62 67 2264684.141
62 68 2089449.679
62 69 7501923.119
62 70 1499529.892
62 71 7849048.248
62 72 2996290.673
62 73 5042914.207
62 74 2070644.728
62 75 5383484.864
62 76 1353266.919
62 77 6718539.556
62 78 3067718.709
62 79 1660412.433
62 80 3053241.845
62 81 2323745.677
62 82 4243147.675
62 83 6460126.355
62 84 4997977.919
62 85 6950190.607
62 86 8072343.711
62 87 6439094.919
62 88 4859087.042
62 89 1427719.653
62 90 4277374.714
62 91 7067859.839
62 92 4307574.993
62 93 5668363.275
62 94 4420403.074
62 95 1244035.372
62 96 1304758.362
62 97 5421065.343
62 98 3338832.85
62 99 6436517.739
63 64 3134766.461
63 65 7698713.181
63 66 6937661.85
63 67 7935207.259
63 68 7379233.756
63 69 4496162.582
63 70 5526023.274
63 71 1786528.708
63 72 3444969.484
63 73 5805576.136
63 74 8181984.003
63 75 4162605.341
63 76 4872581.57
63 77 3052249.846
63 78 8850632.726
63 79 4480090.063
63 80 3244980.949
63 81 7615795.154
63 82 3358840.333
63 83 5376934.568
63 84 1502047.875
63 85 4307009.713
63 86 2535415.683
63 87 795073.758
63 88 6045923.528
63 89 7276603.331
63 90 2908037.7
63 91 4981996.102
63 92 5029579.357
63 93 8667487.094
63 94 7689995.607
63 95 4883769.195
63 96 7423519.214
63 97 1496557.546
63 98 2923865.8
63 99 1842236.632
64 65 7403700.755
64 66 5652391.255
64 67 8488912.776
64 68 7817989.844
64 69 1568056.865
64 70 7376914.037
64 71 2792274.942
64 72 5615790.794
64 73 4511934.587
64 74 9368246.273
64 75 2723124.378
64 76 6468711.311
64 77 704502.9858
64 78 10410102.97
64 79 6008049.17
64 80 5332043.994
64 81 7998148.797
64 82 6138432.269
64 83 8470757.556
64 84 4352945.739
64 85 1679684.835
64 86 1695529.105
64 87 3842975.681
64 88 8849890.307
64 89 8751781.585
64 90 5667435.989
64 91 8116231.225
64 92 7796022.367
64 93 7584204.678
64 94 6987528.97
64 95 6287919.561
64 96 8617162.967
64 97 2327047.104
64 98 5059059.545
64 99 1347461.574
65 66 2591094.126
65 67 2237744.358
65 68 1774197.338
65 69 6768251.358
65 70 5072800.553
65 71 9050603.057
65 72 5761001.126
65 73 3207672.919
65 74 4081499.049
65 75 4711946.114
65 76 4476602.058
65 77 6704249.609
65 78 5572846.747
65 79 4424673.841
65 80 5644466.671
65 81 1679671.515
65 82 7218917.834
65 83 9807885.407
65 84 7168913.842
65 85 6228117.371
65 86 8723957.155
65 87 8301252.486
65 88 8435187.224
65 89 4501570.486
65 90 7066050.486
65 91 10249904.7
65 92 7758644
65 93 2101315.296
65 94 1003365.557
65 95 4108217.093
65 96 3765463.456
65 97 6414934.814
65 98 5790947.684
65 99 7077842.17
66 67 4678358.994
66 68 4065351.86
66 69 4640749.221
66 70 6410509.142
66 71 7873407.717
66 72 6238605.001
66 73 1174415.489
66 74 6382818.997
66 75 3008732.596
66 76 5537151.601
66 77 5014234.44
66 78 7844579.999
66 79 5273363.37
66 80 6018336.486
66 81 4074944.014
66 82 7635049.886
66 83 10423561.62
66 84 6930928.132
66 85 4170319.843
66 86 7216370.551
66 87 7675289.097
66 88 9526083.258
66 89 6499267.388
66 90 7337377.082
66 91 10628847.3
66 92 8651743.296
66 93 1934642.909
66 94 1706279.623
66 95 5140633.66
66 96 5889388.207
66 97 5461639.577
66 98 6028415.006
66 99 5761577.949
67 68 690889.5263
67 69 8212630.393
67 70 3725299.856
67 71 9541763.989
67 72 5151832.153
67 73 4976591.959
67 74 1871049.233
67 75 6028855.647
67 76 3547902.074
67 77 7791241.149
67 78 3354553.484
67 79 3732217.839
67 80 5151077.844
67 81 605182.9319
67 82 6479160.896
67 83 8710296.84
67 84 7011718.062
67 85 7647921.738
67 86 9519361.792
67 87 8372623.536
67 88 7003593.045
67 89 2526937.141
67 90 6472183.346
67 91 9332419.249
67 92 6543124.534
67 93 4282531.151
67 94 3236770.548
67 95 3312200.448
67 96 1734403.037
67 97 6943270.341
67 98 5397797.721
67 99 7830592.077
68 69 7522537.403
68 70 3588888.685
68 71 8948578.214
68 72 4769917.631
68 73 4302988.902
68 74 2343400.767
68 75 5339752.207
68 76 3234770.958
68 77 7118444.487
68 78 3829978.555
68 79 3343955.958
68 80 4735537.519
68 81 254525.0223
68 82 6154933.955
68 83 8524920.703
68 84 6532547.59
68 85 6957996.103
68 86 8881733.131
68 87 7852455.439
68 88 6943018.467
68 89 2741327.279
68 90 6103321.376
68 91 9086723.448
68 92 6388483.83
68 93 3873447.727
68 94 2733900.215
68 95 2943914.131
68 96 1992399.67
68 97 6331013.136
68 98 4958766.754
68 99 7192281.297
69 70 7817681.514
69 71 4359858.82
69 72 6341372.301
69 73 3619036.452
69 74 9368770.828
69 75 2189115.361
69 76 6846724.269
69 77 1445636.009
69 78 10565709.26
69 79 6394271.96
69 80 6046164.216
69 81 7663689.035
69 82 7135398.037
69 83 9666947.638
69 84 5495548.396
69 85 565797.8729
69 86 3225223.708
69 87 5257059
69 88 9775594.877
69 89 8927659.695
69 90 6676904.531
69 91 9415106.29
69 92 8723355.642
69 93 6555261.373
69 94 6175564.256
69 95 6588295.206
69 96 8655802.015
69 97 3341188.789
69 98 5823518.155
69 99 2657668.119
70 71 7309499.524
70 72 2095061.115
70 73 5965774.042
70 74 2981355.978
70 75 5871316.9
70 76 989846.1893
70 77 6801393.905
70 78 3339430.985
70 79 1426317.425
70 80 2281406.67
70 81 3822846.011
70 82 3005306.078
70 83 4986225.777
70 84 4182983.825
70 85 7301451.126
70 86 7769262.632
70 87 5667747.553
70 88 3370668.161
70 89 1884317.446
70 90 3157333.89
70 91 5642984.518
70 92 2818567.272
70 93 7049730.641
70 94 5787254.557
70 95 1332241.708
70 96 2347124.305
70 97 5183664.233
70 98 2602681.8
70 99 6256775.022
71 72 5231416.13
71 73 6700068.712
71 74 9915632.469
71 75 4886970.391
71 76 6630148.641
71 77 3118027.827
71 78 10627811.66
71 79 6222726.724
71 80 5028105.216
71 81 9174009.427
71 82 5042572.744
71 83 6656509.672
71 84 3243737.494
71 85 4398801.614
71 86 1318422.23
71 87 1925041.929
71 88 7649957.89
71 89 9040628.784
71 90 4616339.247
71 91 6056266.421
71 92 6674490.382
71 93 9730350.208
71 94 8891794.034
71 95 6614542.545
71 96 9152441.694
71 97 2645912.95
71 98 4706824.455
71 99 2115491.785
72 73 5451769.226
72 74 4928863.904
72 75 4730719.672
72 76 1643050.3
72 77 5129855.897
72 78 5433983.279
72 79 1426893.051
72 80 295479.3094
72 81 5024441.686
72 82 1462888.351
72 83 4193077.167
72 84 2092907.518
72 85 5889412.093
72 86 5778566.657
72 87 3576619.272
72 88 3529743.604
72 89 3919951.842
72 90 1334596.62
72 91 4509098.029
72 92 2526031.209
72 93 7405689.906
72 94 6183619.423
72 95 1840142.722
72 96 4207508.547
72 97 3311320.2
72 98 564540.2294
72 99 4380467.566
73 74 6484874.959
73 75 1837371.027
73 76 5020759.646
73 77 3859065.475
73 78 7878137.71
73 79 4686202.456
73 80 5204450.912
73 81 4380713.067
73 82 6780139.605
73 83 9582162.861
73 84 5903393.163
73 85 3109085.121
73 86 6050782.617
73 87 6557127.228
73 88 8875285.404
73 89 6391756.255
73 90 6443631.603
73 91 9710626.018
73 92 7941414.643
73 93 3080968.299
73 94 2556546.348
73 95 4641761.843
73 96 5889070.242
73 97 4318631.205
73 98 5167264.44
73 99 4587488.462
74 75 7196299.487
74 76 3329845.177
74 77 8702078.729
74 78 1491426.76
74 79 3702106.715
74 80 5034989.881
74 81 2402166.332
74 82 5985959.861
74 83 7747570.536
74 84 6994815.26
74 85 8806482.162
74 86 10135862.9
74 87 8458909.528
74 88 5796328.959
74 89 1149182.812
74 90 6115049.76
74 91 8510509.399
74 92 5581030.549
74 93 6149914.912
74 94 5065878.456
74 95 3301527.602
74 96 766664.581
74 97 7485512.086
74 98 5338326.555
74 99 8489173.161
75 76 4882196.905
75 77 2044568.055
75 78 8430114.054
75 79 4452664.199
75 80 4443508.826
75 81 5487506.717
75 82 5827996.29
75 83 8572064.149
75 84 4569343.76
75 85 1623317.489
75 86 4215704.783
75 87 4946082.556
75 88 8260096.095
75 89 6810718.748
75 90 5419109.376
75 91 8536472.919
75 92 7243080.819
75 93 4914605.033
75 94 4264486.419
75 95 4577946.753
75 96 6495034.901
75 97 2671728.032
75 98 4299823.541
75 99 2771617.091
76 77 5871536.961
76 78 4030220.177
76 79 461096.5192
76 80 1712203.474
76 81 3486771.198
76 82 2933352.602
76 83 5344164.903
76 84 3669146.313
76 85 6324845.738
76 86 6974585.821
76 87 5129112.054
76 88 4038154.415
76 89 2412233.954
76 90 2933963.921
76 91 5857973.578
76 92 3286691.032
76 93 6342758.102
76 94 5080612.479
76 95 398823.3237
76 96 2588126.871
76 97 4345162.979
76 98 2009837.898
76 99 5404457.449
77 78 9773232.05
77 79 5410529.094
77 80 4839452.92
77 81 7296807.065
77 82 5785981.943
77 83 8249927.638
77 84 4083548.622
77 85 1308287.151
77 86 2219829.368
77 87 3819072.194
77 88 8468022.427
77 89 8115499.985
77 90 5320004.501
77 91 7975107.452
77 92 7412219.016
77 93 6939041.59
77 94 6305632.057
77 95 5670181.144
77 96 7955462.894
77 97 1948651.176
77 98 4585472.04
77 99 1220718.489
78 79 4471608.284
78 80 5608845.271
78 81 3893592.363
78 82 6197487.245
78 83 7442083.698
78 84 7522018.7
78 85 10011524.08
78 86 11003929.7
78 87 9006734.833
78 88 5326651.256
78 89 1658346.583
78 90 6429892.95
78 91 8313484.232
78 92 5388679.871
78 93 7636906.793
78 94 6556762.459
78 95 4139564.946
78 96 1989220.918
78 97 8367295.115
78 98 5928994.362
78 99 9415824.608
79 80 1422933.304
79 81 3598468.973
79 82 2830963.619
79 83 5392113.439
79 84 3343172.748
79 85 5875784.386
79 86 6533148.051
79 87 4778702.177
79 88 4254341.989
79 89 2838484.023
79 90 2759387.636
79 91 5832639.862
79 92 3423226.261
79 93 6201694.987
79 94 4949379.487
79 95 427291.8518
79 96 2945896.942
79 97 3896657.719
79 98 1689833.96
79 99 4951654.777
80 81 4989558.87
80 82 1630331.124
80 83 4405225.424
80 84 1959850.39
80 85 5593962.685
80 86 5532546.031
80 87 3431002.621
80 88 3816822.538
80 89 4060997.001
80 90 1421791.24
80 91 4671670.093
80 92 2804636.804
80 93 7235632.722
80 94 6026326.184
80 95 1849037.917
80 96 4299255.948
80 97 3035481.149
80 98 321282.7039
80 99 4107983.282
81 82 6408594.853
81 83 8769059.975
81 84 6781924.482
81 85 7100474.249
81 86 9087572.707
81 87 8095939.483
81 88 7169133.568
81 89 2894481.511
81 90 6357839.294
81 91 9336536.926
81 92 6628125.287
81 93 3761859.116
81 94 2666043.022
81 95 3198046.057
81 96 2125606.556
81 97 6550540.464
81 98 5211767.217
81 99 7398512.082
82 83 2802031.632
82 84 1867506.483
82 85 6753867.628
82 86 5887783.518
82 87 3152191.581
82 88 2721899.208
82 89 4882115.267
82 90 471501.171
82 91 3047464.546
82 92 1680688.067
82 93 8861427.603
82 94 7644358.788
82 95 3212952.043
82 96 5327742.71
82 97 3841173.93
82 98 1613740.456
82 99 4804790.056
83 84 4171422.877
83 85 9347176.398
83 86 7796875.329
83 87 4813754.062
83 88 2175857.349
83 89 6601466.977
83 90 3163829.899
83 91 1010512.305
83 92 2181046.429
83 93 11569853.25
83 94 10329250.88
83 95 5701129.866
83 96 7249807.6
83 97 6326997.191
83 98 4415264.228
83 99 7129645.892
84 85 5183915.015
84 86 4021574.341
84 87 1484763.816
84 88 4577960.706
84 89 6009849.842
84 90 1409096.488
84 91 3990989.414
84 92 3546505.859
84 93 8460407.65
84 94 7352469.006
84 95 3768756.881
84 96 6257265.957
84 97 2156080.381
84 98 1660447.827
84 99 3005904.721
85 86 3374658.873
85 87 5088997.209
85 88 9358364.664
85 89 8376955.913
85 90 6303179.554
85 91 9145967.867
85 92 8310810.571
85 93 6098314.189
85 94 5662377.583
85 95 6056826.885
85 96 8095868.056
85 97 3033898.753
85 98 5385909.32
85 99 2510878.919
86 87 2983389.309
86 88 8581336.717
86 89 9368536.211
86 90 5430396.709
86 91 7268296.796
86 92 7562868.294
86 93 9130209.553
86 94 8425127.517
86 95 6884169.481
86 96 9369805.69
86 97 2651312.767
86 98 5220091.022
86 99 1689461.112
87 88 5725650.578
87 89 7489519.069
87 90 2751025.603
87 91 4324212.42
87 92 4758193.646
87 93 9367589.17
87 94 8352685.471
87 95 5198940.293
87 96 7714223.382
87 97 2274602.82
87 98 3121870.925
87 99 2599879.463
88 89 4678940.311
88 90 3192658.188
88 91 3140528.893
88 92 1055870.989
88 93 10370363.42
88 94 9106176.964
88 95 4435098.693
88 96 5399904.328
88 97 6536794.774
88 98 3983923.239
88 99 7522456.45
89 90 5041079.484
89 91 7361457.634
89 92 4432472.468
89 93 6602140.207
89 94 5416157.822
89 95 2489242.573
89 96 793202.9621
89 97 6724948.231
89 98 4375659.439
89 99 7766923.403
90 91 3293912.108
90 92 2148439.178
90 93 8634627.192
90 94 7436829.98
90 95 3166595.077
90 96 5427451.433
90 97 3373595.251
90 98 1320827.599
90 99 4333310.174
91 92 2944728.281
91 93 11907077.64
91 94 10691820.4
91 95 6183736.888
91 96 7963533.869
91 97 6113969.058
91 98 4612077.207
91 99 6801950.633
92 93 9616003.414
92 94 8357693.212
92 95 3668983.306
92 96 5069387.662
92 97 5481297.485
92 98 2950126.44
92 99 6471142.798
93 94 1264409.074
93 95 5951934.869
93 96 5865725.323
93 97 7230899.579
93 98 7316517.088
93 99 7631882.977
94 95 4691071.803
94 96 4707188.45
94 97 6309532.442
94 98 6125630.528
94 99 6839409.472
95 96 2540333.584
95 97 4237273.36
95 98 2116968.38
95 99 5277842.474
96 97 6719233.744
96 98 4597748.297
96 99 7725136.567
97 98 2749119.99
97 99 1076757.594
98 99 3816718.213
