4950
0 1 3333652.646
0 2 3320032.776
0 3 3242782.285
0 4 4478126.188
0 5 4197550.081
0 6 6653664.189
0 7 4349311.589
0 8 4373878.391
0 9 5714166.008
0 10 2582903.819
0 11 6781228.269
0 12 2817819.81
0 13 2662775.455
0 14 4664647.122
0 15 5908002.307
0 16 3638794.585
0 17 4245984.867
0 18 6320077.913
0 19 3262851.679
0 20 3214780.833
0 21 2458593.764
0 22 4874295.459
0 23 3056474.454
0 24 611733.0482
0 25 2975214.826
0 26 3723375.383
0 27 2696317.129
0 28 822225.5515
0 29 3137911.821
0 30 3516367.268
0 31 97434.33963
0 32 4898124.308
0 33 3655200.696
0 34 4679687.655
0 35 5896883.53
0 36 2196633.688
0 37 5215800.467
0 38 3266184.446
0 39 6589000.66
0 40 6519285.716
0 41 4657208.489
0 42 2599178.287
0 43 3990525.487
0 44 3210832.006
0 45 7013645.654
0 46 6031039.705
0 47 1194110.952
0 48 4195860.566
0 49 5311043.138
0 50 5867717.22
0 51 4292456.12
0 52 4961597.767
0 53 4249580.494
0 54 1881150.087
0 55 2604790.956
0 56 2816488.074
0 57 3567485.224
0 58 6085386.852
0 59 2652440.331
0 60 6682183.315
0 61 5001856.721
0 62 5415725.726
0 63 3696185.014
0 64 4596821.168
0 65 6444026.654
0 66 1457550.444
0 67 3144105.809
0 68 4334667.683
0 69 2478231.169
0 70 2657546.097
0 71 3628572.873
0 72 1203692.245
0 73 3261799.872
0 74 4111045.152
0 75 4336665.278
0 76 4648713.983
0 77 2705786.919
0 78 5333504.469
0 79 2569282.17
0 80 5398544.057
0 81 4143887.615
0 82 5554484.046
0 83 6483395.936
0 84 3715509.891
0 85 4596479.596
0 86 5128187.54
0 87 4892979.549
0 88 2313790.165
0 89 2933165.264
0 90 5121288.318
0 91 2921252.792
0 92 1561556.599
0 93 2464726.309
0 94 3504786.275
0 95 7617489.153
0 96 6305375.948
0 97 5769826.553
0 98 729857.1862
0 99 5172806.099
1 2 211449.9831
1 3 6419818.3
1 4 1145638.499
1 5 4104414.304
1 6 8017274.449
1 7 4869743.638
1 8 4047510.928
1 9 3694920.225
1 10 4953409.026
1 11 6614186.275
1 12 2535382.038
1 13 4094664.279
1 14 2457714.085
1 15 7481613.416
1 16 1115744.925
1 17 1093652.658
1 18 3589701.552
1 19 4694058.289
1 20 3846806.297
1 21 4357714.132
1 22 4389218.687
1 23 3333278.363
1 24 3939831.226
1 25 3472080.662
1 26 2173123.157
1 27 5042856.389
1 28 3605415.897
1 29 2831978.447
1 30 1102895.531
1 31 3387822.7
1 32 7854136.598
1 33 2164292.406
1 34 1347048.67
1 35 3671628.265
1 36 2535788.663
1 37 8410119.545
1 38 1354934.098
1 39 6344423.884
1 40 6064862.569
1 41 3753550.269
1 42 4030821.258
1 43 2964169.559
1 44 754062.0236
1 45 8062440.293
1 46 5898810.868
1 47 3821406.551
1 48 1903611.023
1 49 1996794.995
1 50 2735060.165
1 51 5273954
1 52 3808084.573
1 53 4848425.27
1 54 4234937.663
1 55 5473429.003
1 56 4698675.081
1 57 5651390.074
1 58 2818616.354
1 59 2792564.935
1 60 3693834.134
1 61 1791472.137
1 62 7299839.944
1 63 4423100.996
1 64 2633845.936
1 65 5044831.714
1 66 1923363.204
1 67 1487244.347
1 68 6482016.338
1 69 5123811.363
1 70 929996.4007
1 71 5342111.479
1 72 2755510.792
1 73 1426729.581
1 74 4574441.659
1 75 7659738.213
1 76 2074830.272
1 77 4072427.698
1 78 6966741.727
1 79 3866032.641
1 80 2205916.419
1 81 7428057.074
1 82 4288125.22
1 83 7165943.252
1 84 7025761.568
1 85 2633363.715
1 86 1967863.802
1 87 4108349.637
1 88 4160627.262
1 89 5297732.516
1 90 7474761.825
1 91 737526.9919
1 92 1943428.696
1 93 3942877.921
1 94 6808391.804
1 95 8443822.251
1 96 6901722.346
1 97 3256718.104
1 98 2881547.971
1 99 2500568.837
2 3 6448441.817
2 4 1195342.193
2 5 3902346.966
2 6 8177769.855
2 7 5044711.869
2 8 3841386.847
2 9 3901113.265
2 10 5040312.368
2 11 6816551.554
2 12 2352873.567
2 13 4219195.731
2 14 2262795.365
2 15 7630824.685
2 16 1327148.723
2 17 1249480.083
2 18 3762272.03
2 19 4828588.402
2 20 3668966.801
2 21 4462774.084
2 22 4590139.704
2 23 3151768.762
2 24 3929976.687
2 25 3627866.831
2 26 2379374.43
2 27 5132351.984
2 28 3544496.385
2 29 2640135.387
2 30 1313605.452
2 31 3369005.215
2 32 7914080.943
2 33 1953475.867
2 34 1392815.922
2 35 3872099.175
2 36 2386250.825
2 37 8440240.877
2 38 1555165.755
2 39 6547602.126
2 40 6270931.729
2 41 3959402.062
2 42 3882969.741
2 43 2754006.538
2 44 547356.8943
2 45 8235359.436
2 46 6098492.71
2 47 3743592.719
2 48 2113409.342
2 49 1991039.645
2 50 2862257.428
2 51 5092234.187
2 52 3596996.296
2 53 4658150.961
2 54 4130354.32
2 55 5385665.698
2 56 4560529.222
2 57 5512374.474
2 58 2906044.593
2 59 2945530.436
2 60 3837557.523
2 61 1911767.922
2 62 7432997.92
2 63 4240780.283
2 64 2430862.561
2 65 5256008.235
2 66 1945297.776
2 67 1680130.836
2 68 6596119.297
2 69 5194512.223
2 70 1057493.518
2 71 5188257.463
2 72 2671067.591
2 73 1218887.435
2 74 4748654.166
2 75 7629732.619
2 76 2273398.022
2 77 4199797.313
2 78 7110740.938
2 79 3992462.599
2 80 2324848.876
2 81 7383854.629
2 82 4499334.61
2 83 7348324.177
2 84 6990542.027
2 85 2430380.343
2 86 2098971.24
2 87 3897204.176
2 88 4264690.2
2 89 5177642.94
2 90 7581509.643
2 91 574330.3783
2 92 1876028.803
2 93 3799122.666
2 94 6811678.42
2 95 8625429.177
2 96 7085845.597
2 97 3446940.516
2 98 2907976.593
2 99 2687831.792
3 4 7530697.86
3 5 7003473.917
3 6 5389207.633
3 7 4830680.18
3 8 7241027.506
3 9 7751446.561
3 10 2170278.971
3 11 7103974.961
3 12 5942491.654
3 13 3403150.701
3 14 7899206.272
3 15 4576381.636
3 16 6409053.03
3 17 7162739.685
3 18 8760082.192
3 19 3457863.986
3 20 5925037.289
3 21 2869556.318
3 22 6023378.945
3 23 5962685.042
3 24 2662498.429
3 25 4340717.122
3 26 6025955.691
3 27 2182140.228
3 28 3511244.526
3 29 6207893.46
3 30 6282267.453
3 31 3230624.372
3 32 1807547.449
3 33 6868354.977
3 34 7728893.072
3 35 8041784.857
3 36 5320622.733
3 37 1991947.8
3 38 5929343.786
3 39 7027929.99
3 40 7164912.054
3 41 6203667.222
3 42 5080276.581
3 43 7106260.758
3 44 6418241.152
3 45 6032950.905
3 46 6507698.119
3 47 3645694.426
3 48 6718573.124
3 49 8415438.827
3 50 8646386.707
3 51 6498501.867
3 52 8018286.146
3 53 6708573.072
3 54 4018636.391
3 55 3438386.854
3 56 4838667.736
3 57 5032089.527
3 58 8983907.226
3 59 4556643.037
3 60 9289798.309
3 61 7896442.417
3 62 3823988.929
3 63 6220434.398
3 64 7814689.353
3 65 7892474.052
3 66 4503196.018
3 67 5755278.467
3 68 2796261.023
3 69 1737268.098
3 70 5592376.326
3 71 5453673.113
3 72 4351994.03
3 73 6504579.386
3 74 4769990.743
3 75 2290726.726
3 76 7216017.495
3 77 3474600.545
3 78 4107913.893
3 79 3548326.389
3 80 8254930.155
3 81 2570002.422
3 82 7097641.78
3 83 6028083.551
3 84 2107416.859
3 85 7814371.316
3 86 7976778.004
3 87 7850807.782
3 88 2962891.032
3 89 4364476.47
3 90 2932119.885
3 91 6119405.764
3 92 4800451.551
3 93 4977388.805
3 94 879813.131
3 95 6762534.261
3 96 5987936.049
3 97 8125120.193
3 98 3540700.677
3 99 7710946.098
4 5 4707681.942
4 6 8688401.259
4 7 5475325.377
4 8 4585439.951
4 9 3440846.465
4 10 5958962.637
4 11 6879700.667
4 12 3359396.647
4 13 4989550.268
4 14 2460638.034
4 15 8224816.459
4 16 1456640.169
4 17 681624.5283
4 18 2899318.042
4 19 5538792.835
4 20 4671395.88
4 21 5316593.547
4 22 4726273.342
4 23 4143594.869
4 24 5082975.862
4 25 4237274.106
4 26 2540476.905
4 27 6040882.032
4 28 4738204.252
4 29 3579797.923
4 30 1544258.463
4 31 4533121.339
4 32 8911231.34
4 33 2662399.709
4 34 201562.4866
4 35 3301542.693
4 36 3508207.138
4 37 9516709.838
4 38 1942736.846
4 39 6598977.36
4 40 6263131.5
4 41 4020227.165
4 42 4994122.273
4 43 3436668.121
4 44 1561712.219
4 45 8644091.158
4 46 6220599.422
4 47 4938617.849
4 48 1931280.898
4 49 918437.2145
4 50 1787689.907
4 51 6056100.636
4 52 4075761.883
4 53 5567941.196
4 54 5312159.809
4 55 6577396.763
4 56 5691322.755
4 57 6637721.234
4 58 1729179.914
4 59 3595719.543
4 60 2805141.564
4 61 869285.6619
4 62 8125889.298
4 63 5210402.498
4 64 2739147.959
4 65 4945962.649
4 66 3054970.42
4 67 2130224.497
4 68 7392097.256
4 69 6167104.705
4 70 1948457.541
4 71 6274361.461
4 72 3865355.941
4 73 2091418.318
4 74 5192086.741
4 75 8805347.615
4 76 1808346.052
4 77 4956606.041
4 78 7741991.821
4 79 4757413.463
4 80 1242068.099
4 81 8570821.085
4 82 4327125.444
4 83 7674559.77
4 84 8170838.129
4 85 2738711.53
4 86 1087785.381
4 87 4479686.782
4 88 5124863.059
4 89 6339502.188
4 90 8405781.17
4 91 1731061.485
4 92 3070352.059
4 93 4921058.821
4 94 7943239.261
4 95 8948082.206
4 96 7396653.324
4 97 2759994.616
4 98 4004127.734
4 99 2023559.487
5 6 10779123.12
5 7 8088331.501
5 8 300126.7455
5 9 7795642.547
5 10 6779429.912
5 11 10281322.12
5 12 1716998.519
5 13 6641726.625
5 14 2665072.03
5 15 10064442.22
5 16 5188623.118
5 17 5085201.246
5 18 7582660.755
5 19 7294461.182
5 20 1081828.236
5 21 6573634.818
5 22 8094843.258
5 23 1149039.775
5 24 4564092.867
5 25 6555782.236
5 26 6083898.537
5 27 6892812.1
5 28 3584318.457
5 29 1343701.92
5 30 5144044.956
5 31 4147058.424
5 32 8800665.58
5 33 2045417.262
5 34 4827522.966
5 35 7774384.459
5 36 2159045.89
5 37 8747637.751
5 38 5252144.359
5 39 10037908.46
5 40 9838784.523
5 41 7585958.251
5 42 1959643.583
5 43 1309625.767
5 44 3356031.326
5 45 11061611.72
5 46 9523701.72
5 47 3373995.29
5 48 5991492.826
5 49 4926284.101
5 50 6480773.228
5 51 1599403.488
5 52 1401284.865
5 53 1001485.161
5 54 3019081.917
5 55 4075406.929
5 56 2459282.104
5 57 3030350.763
5 58 6277412.119
5 59 5955301.691
5 60 7502987.996
5 61 5575989.079
5 62 9606630.288
5 63 1018604.677
5 64 2347085.161
5 65 9084465.702
5 66 4094215.081
5 67 5297121.631
5 68 8532177.615
5 69 6661108.867
5 70 4442141.576
5 71 2432222.46
5 72 3037619.029
5 73 2693497.693
5 74 7804582.363
5 75 6950970.451
5 76 6175197.188
5 77 6663915.307
5 78 9491546.044
5 79 6481575.26
5 80 5942336.415
5 81 6476382.061
5 82 8271474.755
5 83 10388739.45
5 84 6317178.633
5 85 2347251.667
5 86 5792877.441
5 87 979322.4735
5 88 6401836.068
5 89 3244829.604
5 90 9297821.254
5 91 3407014.748
5 92 3277818.572
5 93 2043866.927
5 94 6866481.063
5 95 11603567.02
5 96 10169871.54
5 97 7333482.544
5 98 4516179.05
5 99 6570452.099
6 7 3220610.435
6 8 10914081.56
6 9 6582805.189
6 10 4154930.491
6 11 3336373.578
6 12 9190616.951
6 13 4163573.562
6 14 10368953.96
6 15 818212.7355
6 16 7232837.513
6 17 8039575.765
6 18 8036348.613
6 19 3503184.928
6 20 9854450.636
6 21 4210765.378
6 22 4305082.225
6 23 9631379.453
6 24 6470363.457
6 25 4551494.12
6 26 6178194.931
6 27 4047579.252
6 28 7410710.301
6 29 9562488.971
6 30 7152888.723
6 31 6723332.423
6 32 4531423.314
6 33 9662305.786
6 34 8822993.427
6 35 6962446.167
6 36 8641908.719
6 37 5819791.46
6 38 6769536.02
6 39 3486818.818
6 40 3891523.016
6 41 4999616.595
6 42 9241923.98
6 43 10264118.9
6 44 8507723.245
6 45 778976.2174
6 46 3333516.497
6 47 7739965.377
6 48 6909443.524
6 49 9548901.804
6 50 8732123.601
6 51 10919995.69
6 52 11269008.6
6 53 10903244.34
6 54 8376557.946
6 55 8406351.373
6 56 9339620.651
6 57 9873704.417
6 58 9309113.784
6 59 5235292.086
6 60 8796927.818
6 61 8489155.949
6 62 1573078.448
6 63 10349698.63
6 64 10456207.9
6 65 5623424.98
6 66 6824635.265
6 67 6594475.822
6 68 2627935.343
6 69 4440180.058
6 70 7132258.056
6 71 10114452.35
6 72 7747954.415
6 73 8985573.538
6 74 3497765.336
6 75 7586512.854
6 76 7284419.941
6 77 4152411.955
6 78 1357886.48
6 79 4350154.349
6 80 8645984.672
6 81 7942576.913
6 82 5358483.023
6 83 1603734.757
6 84 7494665.746
6 85 10455750.89
6 86 8425677.987
6 87 11333884.26
6 88 4378006.226
6 89 9171397.04
6 90 2646882.294
6 91 8238564.648
6 92 7591437.237
6 93 9109086.234
6 94 6232797.841
6 95 1487399.607
6 96 1833971.049
6 97 7426745.566
6 98 6263066.452
6 99 7532803.819
7 8 8171837.724
7 9 3646035.06
7 10 2708033.872
7 11 2470606.785
7 12 6401971.93
7 13 1751052.611
7 14 7285335.798
7 15 2849736.113
7 16 4023135.535
7 17 4821270.027
7 18 5028481.162
7 19 1393531.848
7 20 7301222.15
7 21 2177004.57
7 22 1393912.072
7 23 6975919.036
7 24 4436000.507
7 25 1535201.304
7 26 2957587.309
7 27 2670163.22
7 28 5171534.112
7 29 6783820.756
7 30 3948760.162
7 31 4440703.762
7 32 5128899.816
7 33 6690637.486
7 34 5605881.896
7 35 4016623.872
7 36 5935029.884
7 37 6267854.767
7 38 3575875.629
7 39 2317703.089
7 40 2367640.23
7 41 1933223.241
7 42 6868864.837
7 43 7369254.914
7 44 5427639.962
7 45 3193652.416
7 46 1760250.353
7 47 5542568.484
7 48 3694347.114
7 49 6329172.269
7 50 5569462.622
7 51 8557332.655
7 52 8355059.674
7 53 8409254.313
7 54 6229115.829
7 55 6711226.901
7 56 7162984.943
7 57 7900781.407
7 58 6127053.612
7 59 2179900.058
7 60 5754466.775
7 61 5273628.413
7 62 2987447.017
7 63 7859259.51
7 64 7407487.649
7 65 3218015.187
7 66 3995366.549
7 67 3409031.733
7 68 2781394.294
7 69 3157382.89
7 70 4030863.16
7 71 7976089.256
7 72 5194024.306
7 73 5969684.331
7 74 297266.2826
7 75 7055972.549
7 76 4086642.894
7 77 1691626.433
7 78 2469593.073
7 79 1790278.4
7 80 5445675.912
7 81 7197482.53
7 82 2589362.066
7 83 2333455.764
7 84 6692787.688
7 85 7407015.685
7 86 5217516.421
7 87 8496413.59
7 88 2212615.555
7 89 7239530.745
7 90 3727058.522
7 91 5182511.217
7 92 4810637.22
7 93 6733891.223
7 94 5672153.794
7 95 3597678.957
7 96 2093284.642
7 97 4382747.048
7 98 3741158.441
7 99 4376081.069
8 9 7742320.797
8 10 6949839.736
8 11 10327280.14
8 12 1771176.389
8 13 6763954.186
8 14 2450089.287
8 15 10209711.99
8 16 5146444.589
8 17 4995228.375
8 18 7474826.651
8 19 7420128.386
8 20 1340608.651
8 21 6717253.285
8 22 8127823.933
8 23 1319230.829
8 24 4765447.31
8 25 6636924.502
8 26 6077168.799
8 27 7063054.602
8 28 3793311.538
8 29 1389305.523
8 30 5108827.402
8 31 4328181.207
8 32 9033202.161
8 33 1931722.911
8 34 4695715.103
8 35 7706702.196
8 36 2273194.537
8 37 9005249.618
8 38 5239253.956
8 39 10079717.78
8 40 9868865.061
8 41 7599473.201
8 42 2226872.435
8 43 1151375.437
8 44 3294141.727
8 45 11178478.14
8 46 9572569.152
8 47 3601096.429
8 48 5946200.928
8 49 4754573.259
8 50 6345031.068
8 51 1872106.216
8 52 1105852.544
8 53 1269262.55
8 54 3277744.378
8 55 4360287.79
8 56 2749896.858
8 57 3330454.259
8 58 6117491.338
8 59 6021937.755
8 60 7366961.112
8 61 5454705.834
8 62 9768639.055
8 63 1318661.955
8 64 2126535.186
8 65 9061009.172
8 66 4177690.474
8 67 5294835.13
8 68 8704249.978
8 69 6846975.464
8 70 4445226.283
8 71 2731754.727
8 72 3194702.168
8 73 2623338.147
8 74 7885070.756
8 75 7234533.358
8 76 6107132.036
8 77 6783306.8
8 78 9638162.003
8 79 6596946.393
8 80 5811366.141
8 81 6764122.706
8 82 8261036.773
8 83 10483307.17
8 84 6597907.33
8 85 2126742.198
8 86 5673089.63
8 87 681865.5109
8 88 6541542.345
8 89 3539429.765
8 90 9487931.235
8 91 3371461.326
8 92 3366773.31
8 93 2303766.626
8 94 7124811.959
8 95 11707985.47
8 96 10259325.12
8 97 7249303.825
8 98 4654153.393
8 99 6486196.428
9 10 5642255.356
9 11 3897533.889
9 12 6172216.584
9 13 4383366.836
9 14 5879770.605
9 15 6405236.601
9 16 2613046.319
9 17 2840697.635
9 18 1462401.671
9 19 4563854.137
9 20 7441292.559
9 21 4906451.229
9 22 2309550.506
9 23 6953399.064
9 24 6153562.982
9 25 3418408.087
9 26 2000558.378
9 27 5665958.642
9 28 6370335.514
9 29 6498480.576
9 30 2671151.849
9 31 5806303
9 32 8528658.684
9 33 5842582.046
9 34 3442442.762
9 35 379895.9187
9 36 6024294.518
9 37 9515127.829
9 38 2668175.214
9 39 3619274.327
9 40 3204467.735
9 41 1723235.136
9 42 7438256.357
9 43 6646587.425
9 44 4448219.366
9 45 6273315.895
9 46 3430234.011
9 47 6704330.499
9 48 1810008.684
9 49 3929620.732
9 50 2453669.643
9 51 8873459.199
9 52 7426139.764
9 53 8496249.482
9 54 7304017.342
9 55 8300465.808
9 56 8009442.699
9 57 8934969.703
9 58 3075636.514
9 59 3256920.666
9 60 2234739.959
9 61 2735787.397
9 62 6629315.276
9 63 8033995.284
9 64 6135980.571
9 65 1552384.419
9 66 4461049.635
9 67 2705387.471
9 68 6348282.371
9 69 6035995.997
9 70 3506110.055
9 71 8751825.191
9 72 5829699.827
9 73 5119865.815
9 74 3485213.531
9 75 9675871.192
9 76 1664641.411
9 77 4315491.537
9 78 6093273.685
9 79 4213241.016
9 80 2638625.487
9 81 9639199.515
9 82 1254409.631
9 83 5186590.988
9 84 9154228.869
9 85 6135520.652
9 86 2555893.806
9 87 7772669.412
9 88 4793136.781
9 89 8434230.57
9 90 7339693.653
9 91 4392329.53
9 92 5060769.423
9 93 7326075.71
9 94 8453491.289
9 95 6349865.755
9 96 4900089.775
9 97 927473.8173
9 98 4994230.527
9 99 1452110.191
10 11 5091464.163
10 12 5325709.194
10 13 1259277.461
10 14 6913014.626
10 15 3374445.284
10 16 4654799.295
10 17 5473985.392
10 18 6744420.839
10 19 1315116.144
10 20 5792215.614
10 21 740953.6965
10 22 3853958.064
10 23 5635597.888
10 24 2322731.772
10 25 2227051.246
10 26 4056647.429
10 27 113413.4348
10 28 3284974.691
10 29 5671537.761
10 30 4534026.728
10 31 2638394.969
10 32 3011128.818
10 33 6015045.049
10 34 6144396.577
10 35 5951458.995
10 36 4724904.086
10 37 3879327.331
10 38 4143398.346
10 39 4980972.492
10 40 5071624.084
10 41 4047763.429
10 42 5120291.217
10 43 6475978.655
10 44 5173292.603
10 45 4612326.126
10 46 4438889.348
10 47 3598750.215
10 48 4804911.522
10 49 6875782.879
10 50 6798481.169
10 51 6780998.37
10 52 7471310.562
10 53 6799880.597
10 54 4223857.22
10 55 4324337.35
10 56 5185759.582
10 57 5734035.096
10 58 7211437.867
10 59 2574923.4
10 60 7332794.126
10 61 6156411.098
10 62 2836610.111
10 63 6251726.523
10 64 6914628.191
10 65 5722222.086
10 66 3219917.532
10 67 3954071.414
10 68 1754571.241
10 69 449629.8709
10 70 4037144.236
10 71 5959781.381
10 72 3757858.235
10 73 5462604.125
10 74 2617870.352
10 75 4350182.757
10 76 5300711.966
10 77 1328095.128
10 78 2804593.111
10 79 1436713.177
10 80 6472458.74
10 81 4493833.312
10 82 4932574.615
10 83 4297401.46
10 84 3990133.813
10 85 6914225.12
10 86 6198439.847
10 87 7446010.08
10 88 888505.6091
10 89 5034233.844
10 90 2613113.581
10 91 4869799.66
10 92 3825463.415
10 93 4989925.274
10 94 2979051.131
10 95 5279619.908
10 96 4187702.41
10 97 6093686.528
10 98 2387209.58
10 99 5763287.601
11 12 8566247.5
11 13 4221605.607
11 14 9065843.041
11 15 3578043.898
11 16 5566822.754
11 17 6199694.151
11 18 5320775.405
11 19 3810603.349
11 20 9587789.555
11 21 4633777.928
11 22 2229214.998
11 23 9214642.271
11 24 6901039.555
11 25 3838143.616
11 26 4448127.667
11 27 5034520.006
11 28 7601266.179
11 29 8944803.605
11 30 5539594.605
11 31 6874982.567
11 32 7005457.553
11 33 8666019.169
11 34 6952879.195
11 35 4245636.798
11 36 8169953.34
11 37 8256550.216
11 38 5261610.472
11 39 283751.746
11 40 701269.823
11 41 2877167.4
11 42 9235712.094
11 43 9411166.21
11 44 7291627.117
11 45 2752800.927
11 46 762493.5796
11 47 7974624.773
11 48 4948569.733
11 49 7583396.577
11 50 6323018.117
11 51 10903853.89
11 52 10351644.84
11 53 10704859.96
11 54 8661479.477
11 55 9181537.562
11 56 9578887.685
11 57 10346060.18
11 58 6943224.042
11 59 4351467.992
11 60 6092720.805
11 61 6395003.219
11 62 4176731.598
11 63 10165013.4
11 64 9247379.488
11 65 2554436.226
11 66 6226249.07
11 67 5148901.291
11 68 4588683.641
11 69 5531698.725
11 70 5941736.315
11 71 10391980.06
11 72 7529701.997
11 73 7912844.866
11 74 2677779.393
11 75 9381129.421
11 76 5146280.023
11 77 4161645.386
11 78 3598753.792
11 79 4250779.164
11 80 6413057.471
11 81 9572547.757
11 82 2678233.823
11 83 1732921.801
11 84 9071772.227
11 85 9246897.249
11 86 6262678.159
11 87 10566830.22
11 88 4680725.023
11 89 9693954.13
11 90 5254249.773
11 91 7101069.086
11 92 7036964.961
11 93 9102255.095
11 94 7974216.922
11 95 2586924.813
11 96 1529020.758
11 97 4823541.708
11 98 6134893.543
11 99 5194177.945
12 13 5028965.302
12 14 2148072.146
12 15 8506250.624
12 16 3560610.973
12 17 3595302.494
12 18 6113474.444
12 19 5688461.995
12 20 1320184.895
12 21 5022130.984
12 22 6377865.936
12 23 798968.6859
12 24 3313508.775
12 25 4866835.9
12 26 4391318.882
12 27 5437409.364
12 28 2440574.346
12 29 381957.7192
12 30 3501795.332
12 31 2794694.937
12 32 7675007.281
12 33 1075559.743
12 34 3518039.543
12 35 6184005.517
12 36 625761.0708
12 37 7838550.949
12 38 3570729.196
12 39 8321772.262
12 40 8121909.193
12 41 5874520.545
12 42 1724785.817
12 43 1174441.247
12 44 1837502.371
12 45 9429903.908
12 46 7809524.168
12 47 2392749.446
12 48 4362338.126
12 49 3822969.337
12 50 5138971.932
12 51 2739403.082
12 52 2149026.584
12 53 2324640.622
12 54 2401316.649
12 55 3708550.026
12 56 2448377.343
12 57 3356741.391
12 58 5056770.679
12 59 4251138.248
12 60 6144408.689
12 61 4193526.984
12 62 8104935.093
12 63 1888076.628
12 64 1968297.034
12 65 7405799.184
12 66 2410499.572
12 67 3602178.155
12 68 7073545.272
12 69 5278971.287
12 70 2745069.071
12 71 2935697.183
12 72 1619148.932
12 73 1279162.523
12 74 6114568.414
12 75 6415928.058
12 76 4599045.162
12 77 5044159.364
12 78 7938717.491
12 79 4852906.179
12 80 4591904.375
12 81 6034672.043
12 82 6578452.325
12 83 8717139.004
12 84 5754058.442
12 85 1968088.222
12 86 4398579.33
12 87 2144649.151
12 88 4838917.615
12 89 3196323.784
12 90 7914904.854
12 91 1801536.88
12 92 1606973.567
12 93 1687443.452
12 94 5999347.611
12 95 9947606.634
12 96 8490937.484
12 97 5790842.028
12 98 2964420.971
12 99 5035930.812
13 14 6295557.563
13 15 3506716.281
13 16 3599467.987
13 17 4439632.085
13 18 5509520.251
13 19 660516.0762
13 20 5763446.199
13 21 533725.5081
13 22 2673106.551
13 23 5499623.626
13 24 2692754.239
13 25 973624.5776
13 26 2866420.902
13 27 1284309.205
13 28 3478720.579
13 29 5402636.687
13 30 3487322.557
13 31 2748842.562
13 32 4206935.434
13 33 5522166.646
13 34 5161758.247
13 35 4695054.522
13 36 4491016.003
13 37 5134147.672
13 38 3083746.97
13 39 4062703.178
13 40 4074072.018
13 41 2800525.069
13 42 5241883.075
13 43 6103018.364
13 44 4461146.117
13 45 4420964.123
13 46 3502303.242
13 47 3843366.418
13 48 3637266.653
13 49 5905266.131
13 50 5644555.15
13 51 6938829.787
13 52 7108653.592
13 53 6847230.438
13 54 4525325.541
13 55 4960247.546
13 56 5474762.159
13 57 6176259.222
13 58 6095512.926
13 59 1428427.279
13 60 6120457.96
13 61 5074196.452
13 62 3222462.916
13 63 6292144.905
13 64 6352043.902
13 65 4513569.196
13 66 2667879.281
13 67 2890792.078
13 68 2402748.832
13 69 1667703.482
13 70 3166153.928
13 71 6284289.046
13 72 3637993.822
13 73 4874377.443
13 74 1566302.121
13 75 5494641.973
13 76 4124902.833
13 77 72343.72778
13 78 2953511.718
13 79 232151.3968
13 80 5359635.188
13 81 5572225.698
13 82 3698881.575
13 83 3824137.719
13 84 5067684.771
13 85 6351601.809
13 86 5092022.172
13 87 7171044.35
13 88 484984.734
13 89 5505718.19
13 90 3418183.152
13 91 4172813.181
13 92 3427921.743
13 93 5106520.466
13 94 4169970.716
13 95 4985830.156
13 96 3642636.799
13 97 4854688.649
13 98 2142754.584
13 99 4564740.632
14 15 9779984.341
14 16 3511192.96
14 17 3041691.918
14 18 5315227.467
14 19 6937394.793
14 20 3106280.237
14 21 6445169.156
14 22 6844399.96
14 23 2647098.552
14 24 5236959.589
14 25 5825210.588
14 26 4618152.9
14 27 7016951.592
14 28 4484673.89
14 29 2086379.019
14 30 3528749.918
14 31 4670267.858
14 32 9553164.165
14 33 1080027.486
14 34 2507583.363
14 35 5758811.934
14 36 2687807.293
14 37 9849197.515
14 38 3812265.291
14 39 8794008.403
14 40 8502632.705
14 41 6195861.263
14 42 3788128.287
14 43 1397579.289
14 44 1863139.187
14 45 10466147.73
14 46 8355138.222
14 47 4498455.798
14 48 4221064.661
14 49 2378916.881
14 50 4078793.386
14 51 4229780.151
14 52 1672862.25
14 53 3652032.992
14 54 4549281.188
14 55 5853326.056
14 56 4498829.67
14 57 5332754.554
14 58 3760584.98
14 59 5142476.029
14 60 5082763.794
14 61 3285563.248
14 62 9511643.836
14 63 3476781.91
14 64 327468.092
14 65 7348484.135
14 66 3699232.826
14 67 3942729.422
14 68 8587036.581
14 69 6969106.45
14 70 3255429.032
14 71 4818334.233
14 72 3570738.464
14 73 1450508.936
14 74 6988263.476
14 75 8550489.619
14 76 4220717.158
14 77 6288387.295
14 78 9240458.505
14 79 6081045.061
14 80 3580212.652
14 81 8179662.828
14 82 6659898.216
14 83 9601137.539
14 84 7888156.323
14 85 327192.1487
14 86 3503012.52
14 87 2142635.568
14 88 6247390.761
14 89 5284827.883
14 90 9520959.415
14 91 2131753.94
14 92 3140217.933
14 93 3779298.534
14 94 8052350.766
14 95 10876243.7
14 96 9341562.049
14 97 5220020.277
14 98 4556158.104
14 99 4482568.087
15 16 6769944.23
15 17 7595751.741
15 18 7832060.999
15 19 2851091.832
15 20 9119045.456
15 21 3492461.557
15 22 4095905.732
15 23 8915431.12
15 24 5696409.85
15 25 4013386.652
15 26 5764442.507
15 27 3264925.939
15 28 6648820.827
15 29 8873374.759
15 30 6680826.218
15 31 5973979.655
15 32 3802668.485
15 33 9028707.765
15 34 8370910.422
15 35 6783825.385
15 36 7942905.239
15 37 5097438.953
15 38 6286442.015
15 39 3670976.742
15 40 4028680.169
15 41 4742406.976
15 42 8483559.686
15 43 9602053.672
15 44 7927748.237
15 45 1488176.931
15 46 3396808.869
15 47 6970686.292
15 48 6523176.142
15 49 9107409.539
15 50 8419191.151
15 51 10153097.93
15 52 10608181.82
15 53 10153946.15
15 54 7597947.426
15 55 7596984.106
15 56 8558942.059
15 57 9074788.324
15 58 8974346.562
15 59 4689251.726
15 60 8575045.781
15 61 8096645.607
15 62 784933.8949
15 63 9602136.575
15 64 9849669.983
15 65 5618416.252
15 66 6173603.831
15 67 6104011.621
15 68 1809800.94
15 69 3640508.42
15 70 6575811.573
15 71 9327305.452
15 72 7027451.571
15 73 8373138.827
15 74 3095277.639
15 75 6787863.837
15 76 6930727.762
15 77 3504877.766
15 78 574501.5286
15 79 3709323.592
15 80 8286126.585
15 81 7134651.722
15 82 5229769.762
15 83 1920387.536
15 84 6683060.721
15 85 9849221.968
15 86 8051805.975
15 87 10650798.82
15 88 3669842.369
15 89 8372027.058
15 90 1911877.492
15 91 7649049.388
15 92 6918701.831
15 93 8351726.605
15 94 5424993.063
15 95 2226417.213
15 96 2059512.637
15 97 7199409.695
15 98 5556136.684
15 99 7225425.313
16 17 842960.1115
16 18 2750599.293
16 19 4116269.637
16 20 4840759.791
16 21 3971971.301
16 22 3361518.181
16 23 4345751.967
16 24 4196664.043
16 25 2797015.928
16 26 1129356.334
16 27 4726701.204
16 28 4117228.067
16 29 3885516.652
16 30 127207.1842
16 31 3714821.353
16 32 7652873.817
16 33 3279089.213
16 34 1601863.502
16 35 2631128.373
16 36 3447050.083
16 37 8364060.289
16 38 516190.4357
16 39 5292006.762
16 40 4992369.378
16 41 2690545.833
16 42 4903520.308
16 43 4077083.2
16 44 1864225.862
16 45 7201073.412
16 46 4872310.911
16 47 4400916.508
16 48 803711.9038
16 49 2342600.358
16 50 2256517.853
16 51 6274340.557
16 52 4921093.054
16 53 5885202.895
16 54 4920920.92
16 55 6059527.31
16 56 5521252.539
16 57 6466818.206
16 58 2579267.622
16 59 2179355.44
16 60 3045419.631
16 61 1504242.846
16 62 6686587.318
16 63 5430375.51
16 64 3715519.953
16 65 3929694.197
16 66 2197758.097
16 67 709002.4019
16 68 5992097.443
16 69 4912542.06
16 70 1024201.789
16 71 6224889.423
16 72 3408422.632
16 73 2535617.884
16 74 3737983.592
16 75 7934566.19
16 76 1092221.167
16 77 3560212.268
16 78 6291632.553
16 79 3368361.545
16 80 1846359.929
16 81 7776821.581
16 82 3176249.205
16 83 6249316.973
16 84 7334687.544
16 85 3715040.06
16 86 1568269.609
16 87 5223713.277
16 88 3788519.16
16 89 6033419.193
16 90 7014611.841
16 91 1781858.103
16 92 2589905.471
16 93 4800260.31
16 94 6924240.617
16 95 7526516.272
16 96 5975223.81
16 97 2299043.694
16 98 3020412.402
16 99 1595913.545
17 18 2519290.961
17 19 4959135.51
17 20 4914141.38
17 21 4802185.115
17 22 4045156.218
17 23 4393979.356
17 24 4832627.914
17 25 3637719.008
17 26 1872095.242
17 27 5549144.532
17 28 4616667.3
17 29 3866722.418
17 30 952309.8993
17 31 4312134.952
17 32 8460605.955
17 33 3066238.266
17 34 786208.0814
17 35 2743511.708
17 36 3628481.287
17 37 9133503.504
17 38 1356447.433
17 39 5919297.535
17 40 5586673.067
17 41 3338612.197
17 42 5124138.863
17 43 3865890.557
17 44 1761290.051
17 45 7978622.64
17 46 5538992.607
17 47 4859451.783
17 48 1251239.392
17 49 1511997.015
17 50 1661859.893
17 51 6332458.114
17 52 4595365.786
17 53 5883412.64
17 54 5306417.366
17 55 6520735.697
17 56 5791746.496
17 57 6744521.438
17 58 1843735.052
17 59 3021931.559
17 60 2601348.644
17 61 755873.8554
17 62 7525944.259
17 63 5480876.373
17 64 3295307.954
17 65 4312683.41
17 66 2789574.863
17 67 1549295.96
17 68 6834372.406
17 69 5715219.013
17 70 1598943.718
17 71 6433952.586
17 72 3809444.287
17 73 2396807.119
17 74 4541833.517
17 75 8579463.428
17 76 1179037.175
17 77 4401330.51
17 78 7124434.622
17 79 4208162.825
17 80 1157680.956
17 81 8384570.582
17 82 3663934.793
17 83 7000987.992
17 84 7961487.122
17 85 3294848.423
17 86 897317.7993
17 87 4962879.096
17 88 4616086.15
17 89 6381888.816
17 90 7856134.328
17 91 1821166.035
17 92 2984371.094
17 93 5036528.728
17 94 7634756.297
17 95 8272964.652
17 96 6722024.251
17 97 2255128.583
17 98 3693055.173
17 99 1492948.887
18 19 5795901.809
18 20 7431088.992
18 21 6004347.691
18 22 3742695.73
18 23 6912375.197
18 24 6838718.431
18 25 4538985.37
18 26 2737860.355
18 27 6784855.7
18 28 6854990.404
18 29 6385171.556
18 30 2858651.784
18 31 6403044.522
18 32 9713514.144
18 33 5544375.052
18 34 2816592.827
18 35 1088992.616
18 36 6114362.793
18 37 10615665.12
18 38 3055900.367
18 39 5047370.019
18 40 4621204.828
18 41 3097787.321
18 42 7600676.358
18 43 6330135.439
18 44 4280561.621
18 45 7735653.147
18 46 4886795.234
18 47 7147654.173
18 48 2126803.426
18 49 3057244.901
18 50 1321199.676
18 51 8851529.258
18 52 6962529.624
18 53 8400462.252
18 54 7670779.517
18 55 8802017.621
18 56 8244089.692
18 57 9194442.376
18 58 1879208.798
18 59 4205740.807
18 60 775008.8528
18 61 2037951.682
18 62 8014414.12
18 63 7999918.605
18 64 5612233.326
18 65 2839150.471
18 66 4918718.798
18 67 3177521.895
18 68 7646224.101
18 69 7099994.308
18 70 3773843.922
18 71 8918981.199
18 72 6157847.242
18 73 4908178.773
18 74 4838156.904
18 75 10515832.77
18 76 1677695.188
18 77 5447618.915
18 78 7494800.615
18 79 5311744.014
18 80 1744237.748
18 81 10411002.72
18 82 2714865.086
18 83 6648890.019
18 84 9947814.862
18 85 5611819.382
18 86 1818286.17
18 87 7377377.466
18 88 5863119.563
18 89 8779937.621
18 90 8658193.942
18 91 4326718.977
18 92 5336094.251
18 93 7505301.392
18 94 9388972.265
18 95 7805594.149
18 96 6362465.546
18 97 660539.0304
18 98 5647618.956
18 99 1157264.562
19 20 6403519.126
19 21 852024.4543
19 22 2588394.72
19 23 6150398.669
19 24 3222907.98
19 25 1338736.354
19 26 3272925.25
19 27 1281943.215
19 28 4066966.072
19 29 6061529.585
19 30 4011197.433
19 31 3344250.337
19 32 3967811.194
19 33 6178258.319
19 34 5703279.092
19 35 4902182.92
19 36 5146937.86
19 37 5011830.359
19 38 3606386.305
19 39 3684670.912
19 40 3759624.893
19 41 2883919.569
19 42 5857276.092
19 43 6763322.242
19 44 5093813.927
19 45 3774337.633
19 46 3135954.064
19 47 4424023.62
19 48 4057287.763
19 49 6447949.767
19 50 6057911.186
19 51 7553204.265
19 52 7768869.924
19 53 7479608.604
19 54 5098165.723
19 55 5432505.541
19 56 6056264.333
19 57 6720183.337
19 58 6542652.211
19 59 1943154.564
19 60 6450589.226
19 61 5555969.201
19 62 2605817.274
19 63 6924252.638
19 64 7000688.101
19 65 4466482.701
19 66 3326963.133
19 67 3414949.688
19 68 1898935.234
19 69 1764701.79
19 70 3771453.635
19 71 6860578.204
19 72 4280654.346
19 73 5523507.974
19 74 1312153.205
19 75 5664846.389
19 76 4527864.226
19 77 653958.1528
19 78 2303555.974
19 79 858457.1515
19 80 5814696.541
19 81 5804459.63
19 82 3720267.96
19 83 3230179.501
19 84 5299944.304
19 85 7000242.483
19 86 5554707.042
19 87 7831036.64
19 88 956085.6838
19 89 6037707.468
19 90 2928654.205
19 91 4809676.044
19 92 4088252.384
19 93 5722210.322
19 94 4287246.181
19 95 4357185.889
19 96 3069595.318
19 97 5135484.389
19 98 2785519.788
19 99 4930880.695
20 21 5644557.045
20 22 7453639.623
20 23 528084.6669
20 24 3530259.835
20 25 5787673.379
20 26 5594404.883
20 27 5905506.467
20 28 2543825.498
20 29 1112845.925
20 30 4772849.971
20 31 3154586.82
20 32 7724687.146
20 33 2176133.752
20 34 4824748.739
20 35 7471422.203
20 36 1450176.499
20 37 7667362.369
20 38 4800884.718
20 39 9357672.455
20 40 9194484.491
20 41 7010054.547
20 42 887820.0847
20 43 1746671.941
20 44 3157651.249
20 45 10177630.87
20 46 8825559.038
20 47 2308479.192
20 48 5636143.132
20 49 5082230.421
20 50 6454855.376
20 51 1433602.904
20 52 2311373.034
20 53 1117451.776
20 54 1938674.963
20 55 3045000.125
20 56 1478244.237
20 57 2232024.47
20 58 6353566.34
20 59 5236329.439
20 60 7462790.1
20 61 5511508.199
20 62 8628162.148
20 63 596851.3247
20 64 2836306.795
20 65 8615309.665
20 66 3363051.25
20 67 4808868.695
20 68 7536807.571
20 69 5645618.18
20 70 3960148.01
20 71 1715494.845
20 72 2125951.235
20 73 2581319.976
20 74 7027636.144
20 75 5911034.77
20 76 5897698.208
20 77 5792576.792
20 78 8544640.064
20 79 5621877.434
20 80 5907722.615
20 81 5453343.137
20 82 7766185.634
20 83 9561674.029
20 84 5268982.496
20 85 2836295.38
20 86 5717604.208
20 87 2000643.083
20 88 5482908.017
20 89 2285634.485
20 90 8270339.905
20 91 3109856.958
20 92 2561709.638
20 93 963724.7897
20 94 5786426.48
20 95 10748251.95
20 96 9356801.118
20 97 7096281.441
20 98 3620700.746
20 99 6345143.627
21 22 3193450.283
21 23 5424869.716
21 24 2376866.44
21 25 1488678.361
21 26 3325285.804
21 27 783107.8162
21 28 3246492.245
21 29 5385741.218
21 30 3854225.897
21 31 2534534.417
21 32 3733979.522
21 33 5608901.185
21 34 5496618.208
21 35 5212690.125
21 36 4451683.475
21 37 4619899.469
21 38 3456908.102
21 39 4493026.713
21 40 4534595.83
21 41 3334185.654
21 42 5057561.038
21 43 6136869.664
21 44 4649459.307
21 45 4555294.991
21 46 3937026.215
21 47 3596649.122
21 48 4081288.685
21 49 6235029.399
21 50 6081565.173
21 51 6748960.126
21 52 7141787.122
21 53 6701962.939
21 54 4264324.994
21 55 4581941.791
21 56 5225835.324
21 57 5873241.493
21 58 6509167.669
21 59 1850389.913
21 60 6597545.172
21 61 5466284.468
21 62 3095762.872
21 63 6147236.03
21 64 6475454.327
21 65 5042769.644
21 66 2755432.102
21 67 3265325.976
21 68 2145995.539
21 69 1135110.386
21 70 3429864.867
21 71 6026116.001
21 72 3538591.575
21 73 5003353.979
21 74 2030947.381
21 75 4972239.315
21 76 4575080.225
21 77 605457.4124
21 78 2921222.889
21 79 696081.5278
21 80 5770624.166
21 81 5064365.966
21 82 4232023.32
21 83 4071139.219
21 84 4559166.303
21 85 6475029.27
21 86 5498752.461
21 87 7165065.546
21 88 199008.5571
21 89 5188522.25
21 90 3118737.643
21 91 4351570.387
21 92 3451944.532
21 93 4923232.894
21 94 3638958.439
21 95 5167642.28
21 96 3917932.102
21 97 5353070.942
21 98 2064220.904
21 99 5031184.912
22 23 7054448.186
22 24 5118747.04
22 25 1930261.045
22 26 2234082.323
22 27 3842711.381
22 28 5669364.232
22 29 6753062.487
22 30 3325878.873
22 31 4971450.362
22 32 6487412.068
22 33 6439289.359
22 34 4818973.11
22 35 2687930.396
22 36 6016153.659
22 37 7586979.331
22 38 3035003.889
22 39 1966067.761
22 40 1744897.779
22 41 727804.5709
22 42 7176612.045
22 43 7189983.132
22 44 5062422.858
22 45 4071810.235
22 46 1511987.932
22 47 6041155.746
22 48 2808338.164
22 49 5491046.898
22 50 4457222.828
22 51 8809723.34
22 52 8124477.538
22 53 8569944.019
22 54 6717685.109
22 55 7418817.654
22 56 7588655.458
22 57 8417522.024
22 58 5052485.448
22 59 2266300.281
22 60 4496157.371
22 61 4340741.278
22 62 4339049.292
22 63 8040669.378
22 64 7020851.752
22 65 1878166.039
22 66 4098879.403
22 67 2919773.063
22 68 4171582.49
22 69 4294890.678
22 70 3717385.503
22 71 8393957.156
22 72 5458986.329
22 73 5685160.236
22 74 1313356.68
22 75 8165547.384
22 76 3090236.926
22 77 2601187.754
22 78 3791864.081
22 79 2595242.87
22 80 4432016.518
22 81 8242900.484
22 82 1195525.425
22 83 3023326.37
22 84 7738898.198
22 85 7020369.606
22 86 4240684.876
22 87 8347530.614
22 88 3154302.846
22 89 7804184.82
22 90 5120273.384
22 91 4873372.519
22 92 4891944.87
22 93 7046343.701
22 94 6824413.781
22 95 4268864.566
22 96 2736220.072
22 97 3123103.111
22 98 4172384.982
22 99 3263227.339
23 24 3449389.163
23 25 5448898.357
23 26 5136686.773
23 27 5748916.295
23 28 2483979.326
23 29 594533.4185
23 30 4282385.126
23 31 3009506.518
23 32 7743774.645
23 33 1671564.324
23 34 4296667.332
23 35 6973577.266
23 36 1045718.107
23 37 7774313.345
23 38 4329723.383
23 39 8978084.446
23 40 8798795.857
23 41 6584285.712
23 42 1165448.169
23 43 1348956.565
23 44 2634987.556
23 45 9920515.94
23 46 8453901.857
23 47 2317456.191
23 48 5144947.154
23 49 4559738.052
23 50 5927585.997
23 51 1940756.212
23 52 2088832.288
23 53 1549214.51
23 54 2097142.06
23 55 3318966.424
23 56 1857337.832
23 57 2692842.907
23 58 5826005.48
23 59 4869233.542
23 60 6936426.57
23 61 4985060.041
23 62 8459800.421
23 63 1089894.554
23 64 2397287.079
23 65 8157359.513
23 66 2995234.654
23 67 4348178.863
23 68 7389419.429
23 69 5527924.919
23 70 3493721.295
23 71 2212430.384
23 72 1888678.181
23 73 2053263.981
23 74 6695943.14
23 75 6143680.886
23 76 5392919.799
23 77 5523314.018
23 78 8342509.603
23 79 5343528.478
23 80 5380470.027
23 81 5714250.576
23 82 7317822.21
23 83 9263415.235
23 84 5490269.069
23 85 2397221.566
23 86 5191796.749
23 87 1889155.721
23 88 5253670.974
23 89 2654582.602
23 90 8168702.734
23 91 2598068.101
23 92 2179490.273
23 93 1185029.866
23 94 5901569.317
23 95 10469933.92
23 96 9049327.521
23 97 6587390.746
23 98 3369104.323
23 99 5833564.856
24 25 3189687.374
24 26 4186832.393
24 27 2433417.885
24 28 986950.6669
24 29 3607018.411
24 30 4072228.854
24 31 577872.0556
24 32 4362507.72
24 33 4208158.761
24 34 5284513.749
24 35 6358695.153
24 36 2687791.262
24 37 4621362.313
24 38 3798481.26
24 39 6728038.416
24 40 6697461.95
24 41 4979596.684
24 42 2808385.438
24 43 4486747.336
24 44 3820870.978
24 45 6889463.287
24 46 6166691.887
24 47 1277365.575
24 48 4712044.777
24 49 5920991.88
24 50 6439832.538
24 51 4458531.009
24 52 5433771.058
24 53 4495116.774
24 54 1908318.332
24 55 2303256.268
24 56 2872890.894
24 57 3497275.815
24 58 6675081.014
24 59 2983952.969
24 60 7230671.882
24 61 5588083.311
24 62 5144663.439
24 63 3953225.944
24 64 5153897.249
24 65 6778128.117
24 66 2044581.949
24 67 3663410.82
24 68 4032463.039
24 69 2123829.675
24 70 3236955.729
24 71 3661481.874
24 72 1701231.669
24 73 3852130.36
24 74 4225111.102
24 75 3747473.753
24 76 5178022.563
24 77 2747729.313
24 78 5125253.263
24 79 2650388.368
24 80 5980577.652
24 81 3582530.826
24 82 5894119.461
24 83 6447983.907
24 84 3138473.848
24 85 5153573.808
24 86 5708124.466
24 87 5323677.975
24 88 2271895.989
24 89 2817146.523
24 90 4740108.719
24 91 3532364.471
24 92 2164082.513
24 93 2680609.642
24 94 2893673.872
24 95 7526457.827
24 96 6292494.025
24 97 6269588.542
24 98 1191155.294
24 99 5701089.732
25 26 1938893.893
25 27 2256969.713
25 28 3786115.285
25 29 5248707.565
25 30 2697420.657
25 31 3071332.028
25 32 5174682.3
25 33 5177889.421
25 34 4394428.35
25 35 3724431.522
25 36 4405745.231
25 37 6105598.937
25 38 2295148.454
25 39 3630735.224
25 40 3544499.394
25 41 1897842.137
25 42 5399246.083
25 43 5841719.113
25 44 3962135.386
25 45 4651456.598
25 46 3079006.506
25 47 4160011.925
25 48 2721675.907
25 49 5137764.887
25 50 4726163.759
25 51 7074222.854
25 52 6832188.404
25 53 6900446.988
25 54 4844200.479
25 55 5491498.739
25 56 5747269.209
25 57 6539507.108
25 58 5204588.262
25 59 683942.5049
25 60 5160598.066
25 61 4219377.069
25 62 3890087.447
25 63 6353958.444
25 64 5926757.162
25 65 3670665.64
25 66 2461702.375
25 67 2107083.182
25 68 3236760.266
25 69 2617982.995
25 70 2580827.36
25 71 6559384.256
25 72 3700017.888
25 73 4470371.599
25 74 1248831.259
25 75 6355590.043
25 76 3197575.754
25 77 909654.419
25 78 3511478.405
25 79 794930.0169
25 80 4476011.067
25 81 6386202.4
25 82 2817771.349
25 83 3859810.261
25 84 5886491.523
25 85 5926292.14
25 86 4216054.468
25 87 6963996.131
25 88 1377910.05
25 89 5907672.633
25 90 4266341.203
25 91 3700782.513
25 92 3278069.068
25 93 5265452.108
25 94 5073283.837
25 95 5110373.039
25 96 3626559.112
25 97 3882942.862
25 98 2302301.956
25 99 3617107.26
26 27 4107893.347
26 28 4369785.601
26 29 4747164.285
26 30 1092328.005
26 31 3814141.59
26 32 7058896.838
26 33 4286670.765
26 34 2658294.995
26 35 2174580.982
26 36 4149475.594
26 37 7903610.982
26 38 843145.6477
26 39 4175856.863
26 40 3891752.024
26 41 1580474.596
26 42 5503100.01
26 43 5065400.536
26 44 2879726.066
26 45 6106540.077
26 46 3745813.727
26 47 4704901.674
26 48 784981.4375
26 49 3373581.06
26 50 2787345.048
26 51 7011897.722
26 52 5959837.096
26 53 6684947.586
26 54 5311420.265
26 55 6301498.207
26 56 6043753.332
26 57 6957954.709
26 58 3274022.544
26 59 1485465.203
26 60 3279693.303
26 61 2334014.433
26 62 5753647.649
26 63 6191253.165
26 64 4806026.76
26 65 3021376.647
26 66 2468820.185
26 67 789314.3479
26 68 5171700.449
26 69 4388141.828
26 70 1646331.158
26 71 6803715.343
26 72 3854065.75
26 73 3530005.326
26 74 2684327.99
26 75 7800366.563
26 76 1260198.632
26 77 2812461.468
26 78 5316764.987
26 79 2650419.953
26 80 2553839.415
26 81 7722403.797
26 82 2187967.116
26 83 5135019.672
26 84 7248646.258
26 85 4805544.716
26 86 2303628.608
26 87 6223891.486
26 88 3168348.529
26 89 6441750.195
26 90 6201363.792
26 91 2727996.724
26 92 3116019.028
26 93 5385327.98
26 94 6652275.876
26 95 6409927.181
26 96 4858215.36
26 97 2118913.226
26 98 3011032.245
26 99 1706650.496
27 28 3397228.908
27 29 5783762.186
27 30 4606704.06
27 31 2751762.155
27 32 2952666.318
27 33 6122739.201
27 34 6225276.194
27 35 5979303.506
27 36 4837218.377
27 37 3850003.402
27 38 4214003.71
27 39 4929243.92
27 40 5028794.892
27 41 4056581.404
27 42 5232398.89
27 43 6586795.79
27 44 5271652.99
27 45 4511406.688
27 46 4390468.25
27 47 3709866.944
27 48 4861300.398
27 49 6958295.464
27 50 6858630.683
27 51 6891895.841
27 52 7582604.238
27 53 6912438.355
27 54 4333032.254
27 55 4419241.124
27 56 5294423.048
27 57 5837007.784
27 58 7277779.015
27 59 2630105.775
27 60 7380633.873
27 61 6226652.676
27 62 2723514.332
27 63 6364463.51
27 64 7020583.117
27 65 5715073.774
27 66 3321918.072
27 67 4023909.475
27 68 1641497.044
27 69 497307.3688
27 70 4124194.483
27 71 6066873.489
27 72 3870869.884
27 73 5566702.906
27 74 2591717.059
27 75 4385939.848
27 76 5355986.247
27 77 1350985.478
27 78 2695847.967
27 79 1473177.325
27 80 6538844.347
27 81 4542517.383
27 82 4934371.367
27 83 4211615.128
27 84 4039941.12
27 85 7020178.516
27 86 6265541.829
27 87 7558556.118
27 88 945811.6616
27 89 5136643.269
27 90 2506522.404
27 91 4968552.569
27 92 3933838.085
27 93 5102153.775
27 94 3005306.427
27 95 5182212.086
27 96 4106817.117
27 97 6132336.074
27 98 2496232.469
27 99 5814039.254
28 29 2696657.332
28 30 4002682.47
28 31 731647.8585
28 32 5271088.146
28 33 3419380.803
28 34 4936886.961
28 35 6524473.702
28 36 1827294.041
28 37 5398859.414
28 38 3812133.237
28 39 7406927.777
28 40 7330334.2
28 41 5417097.517
28 42 1835611.079
28 43 3596751.046
28 44 3310138.097
28 45 7797685.53
28 46 6849750.57
28 47 373964.1425
28 48 4756193.683
28 49 5499494.688
28 50 6273182.052
28 51 3510389.603
28 52 4510635.876
28 53 3516388.713
28 54 1060231.303
28 55 1948946.714
28 56 1996375.219
28 57 2753570.883
28 58 6419942.256
28 59 3424086.919
28 60 7149306.728
28 61 5363339.092
28 62 6117619.098
28 63 2971056.606
28 64 4361794.224
28 65 7189177.022
28 66 1940872.971
28 67 3717695.333
28 68 5011812.347
28 69 3108312.533
28 70 3096770.552
28 71 2807450.44
28 72 937764.2706
28 73 3190807.761
28 74 4932747.503
28 75 4145135.435
28 76 5177757.576
28 77 3523491.1
28 78 6075463.154
28 79 3390379.519
28 80 5772692.66
28 81 3854706.416
28 82 6299341.51
28 83 7293702.028
28 84 3490293.425
28 85 4361517.615
28 86 5513491.481
28 87 4369162.859
28 88 3112764.762
28 89 2137955.115
28 90 5726620.558
28 91 3055464.771
28 92 1668583.941
28 93 1704953.429
28 94 3571909.319
28 95 8413765.112
28 96 7119919.699
28 97 6342431.98
28 98 1497138.551
28 99 5698126.702
29 30 3832763.278
29 31 3108026.988
29 32 7958962.136
29 33 1079872.447
29 34 3726733.74
29 35 6497782.04
29 36 947042.2988
29 37 8077156.179
29 38 3920225.458
29 39 8699431.843
29 40 8496479.169
29 41 6242508.324
29 42 1701944.31
29 43 909048.8754
29 44 2106620.293
29 45 9807439.378
29 46 8188638.001
29 47 2605102.936
29 48 4689039.631
29 49 3969388.053
29 50 5367021.353
29 51 2477549.354
29 52 1827511.4
29 53 2018356.237
29 54 2518494.433
29 55 3795985.341
29 56 2415934.286
29 57 3278081.771
29 58 5247123.727
29 59 4632765.317
29 60 6380824.522
29 61 4430659.854
29 62 8462566.926
29 63 1630609.944
29 64 1859266.927
29 65 7755649.356
29 66 2791661.692
29 67 3959004.626
29 68 7422680.515
29 69 5610423.632
29 70 3102677.196
29 71 2806631.367
29 72 1934220.368
29 73 1490118.063
29 74 6496498.3
29 75 6567309.462
29 76 4905306.673
29 77 5418866.94
29 78 8304748.481
29 79 5228767.827
29 80 4820457.425
29 81 6163041.078
29 82 6935122.801
29 83 9098356.531
29 84 5907926.783
29 85 1859144.746
29 86 4640586.629
29 87 1780052.563
29 88 5204309.092
29 89 3198480.102
29 90 8250761.259
29 91 2109465.552
29 92 1985668.054
29 93 1694560.23
29 94 6222449.878
29 95 10327689.48
29 96 8872560.302
29 97 6086963.735
29 98 3324000.742
29 99 5327840.403
30 31 3592989.897
30 32 7530288.932
30 33 3257262.005
30 34 1697103.141
30 35 2704756.181
30 36 3369283.165
30 37 8237990.149
30 38 404997.8493
30 39 5266474.814
30 40 4974877.63
30 41 2667133.322
30 42 4817112.943
30 43 4051371.279
30 44 1840455.524
30 45 7132307.962
30 46 4837799.801
30 47 4289742.911
30 48 863294.4166
30 49 2440395.449
30 50 2383421.134
30 51 6205998.676
30 52 4910471.171
30 53 5825303.347
30 54 4816246.056
30 55 5946710.828
30 56 5428163.998
30 57 6371936.362
30 58 2705114.805
30 59 2071151.709
30 60 3166433.053
30 61 1627884.57
30 62 6587497.636
30 63 5364299.795
30 64 3724004.46
30 65 3956371.321
30 66 2078610.538
30 67 597422.3439
30 68 5882732.539
30 69 4789015.854
30 70 915805.1139
30 71 6138022.462
30 72 3304757.063
30 73 2508278.422
30 74 3661469.532
30 75 7809001.54
30 76 1191229.251
30 77 3449124.901
30 78 6198209.564
30 79 3255867.684
30 80 1972891.678
30 81 7652983.817
30 82 3186569.073
30 83 6189588.26
30 84 7209968.385
30 85 3723523.221
30 86 1694765.096
30 87 5202284.443
30 88 3669839.138
30 89 5931390.486
30 90 6903987.838
30 91 1738315.761
30 92 2489773.836
30 93 4712185.284
30 94 6797078.874
30 95 7467659.753
30 96 5917208.323
30 97 2392853.66
30 98 2894760.368
30 99 1702090.315
31 32 4903219.647
31 33 3652042.786
31 34 4734640.859
31 35 5987064.387
31 36 2171081.951
31 37 5196683.285
31 38 3348093.071
31 39 6683533.509
31 40 6615172.493
31 41 4754412.921
31 42 2523602.91
31 43 3968739.256
31 44 3245490.042
31 45 7089789.451
31 46 6125340.356
31 47 1101890.221
31 48 4279939.357
31 49 5359402.277
31 50 5938709.969
31 51 4214569.726
31 52 4934000.333
31 53 4180785.68
31 54 1788688.862
31 55 2509181.566
31 56 2727618.135
31 57 3472688.147
31 58 6149564.166
31 59 2749767.381
31 60 6759333.976
31 61 5067890.061
31 62 5473670.757
31 63 3628301.505
31 64 4595719.76
31 65 6540904.253
31 66 1526978.28
31 67 3228370.569
31 68 4387269.651
31 69 2519309.296
31 70 2727779.884
31 71 3539052.173
31 72 1176148.484
31 73 3276996.705
31 74 4203768.895
31 75 4275810.147
31 76 4730366.926
31 77 2792802.856
31 78 5399554.223
31 79 2658731.885
31 80 5466168.093
31 81 4073938.846
31 82 5651310.595
31 83 6567362.141
31 84 3650470.864
31 85 4595385.48
31 86 5196695.853
31 87 4855647.476
31 88 2393088.3
31 89 2836665.803
31 90 5161758.552
31 91 2958881.813
31 92 1586227.202
31 93 2389591.87
31 94 3468930.801
31 95 7697000.277
31 96 6391037.456
31 97 5855728.682
31 98 825904.6672
31 99 5254445.822
32 33 8553313.245
32 34 9102278.942
32 35 8861161.704
32 36 7049537.308
32 37 1295096.185
32 38 7145181.427
32 39 7001539.837
32 40 7240154.769
32 41 6849417.763
32 42 6885656.588
32 43 8846861.747
32 44 7960545.66
32 45 5277735.367
32 46 6555725.307
32 47 5432470.904
32 48 7813940.679
32 49 9820917.399
32 50 9809574.623
32 51 8298208.337
32 52 9780185.233
32 53 8515845.881
32 54 5825437.327
32 55 5197906.263
32 56 6641932.07
32 57 6791270.541
32 58 10218657.97
32 59 5582769.602
32 60 10326078.4
32 61 9156836.595
32 62 3026162.03
32 63 8027662.321
32 64 9494447.862
32 65 8345098.378
32 66 5994728.575
32 67 6957594.554
32 68 2428570.087
32 69 2746552.55
32 70 6966497.477
32 71 7238171.983
32 72 6063187.359
32 73 8126711.931
32 74 5174164.288
32 75 3319905.595
32 76 8308607.935
32 77 4267229.295
32 78 3512166.935
32 79 4413087.004
32 80 9479835.692
32 81 3796628.222
32 82 7659511.02
32 83 5595837.739
32 84 3464001.373
32 85 9494102.705
32 86 9204887.601
32 87 9632888.772
32 88 3897310.673
32 89 6140271.529
32 90 1891773.462
32 91 7655963.049
32 92 6417175.307
32 93 6781253.763
32 94 2257987.706
32 95 6010651.499
32 96 5643315.254
32 97 9056653.597
32 98 5050117.936
32 99 8764008.048
33 34 2783246.405
33 35 5790274.308
33 36 1609903.39
33 37 8802647.632
33 38 3444311.9
33 39 8405344.598
33 40 8155926.926
33 41 5851821.249
33 42 2762612.179
33 43 804188.9947
33 44 1416808.14
33 45 9823784.31
33 46 7927827.62
33 47 3421068.824
33 48 4066184.169
33 49 2934919.532
33 50 4436947.49
33 51 3459870.43
33 52 1685823.982
33 53 2934485.51
33 54 3475060.696
33 55 4784027.132
33 56 3483351.588
33 57 4357351.311
33 58 4255553.522
33 59 4511791.307
33 60 5458908.738
33 61 3531021.662
33 62 8701788.697
33 63 2639997.573
33 64 946676.7041
33 65 7208769.817
33 66 2860466.294
33 67 3531306.171
33 68 7728264.933
33 69 6031726.412
33 70 2725540.91
33 71 3883198.996
33 72 2520392.085
33 73 757096.8262
33 74 6394739.751
33 75 7470579.633
33 76 4193290.928
33 77 5524300.184
33 78 8474474.124
33 79 5321138.368
33 80 3897368.713
33 81 7100503.049
33 82 6441644.412
33 83 9023965.045
33 84 6808252.299
33 85 946367.9711
33 86 3748296.831
33 87 1945091.748
33 88 5415010.789
33 89 4252238.643
33 90 8627820.986
33 91 1566964.99
33 92 2191346.573
33 93 2740551.49
33 94 6990946.095
33 95 10284876.55
33 96 8778235.41
33 97 5321294.213
33 98 3630433.489
33 99 4558658.005
34 35 3282253.499
34 36 3685828.103
34 37 9714193.912
34 38 2099725.774
34 39 6671116.594
34 40 6326967.438
34 41 4106276.159
34 42 5167169.611
34 43 3544703.925
34 44 1739808.007
34 45 8764803.608
34 46 6304847.323
34 47 5134715.384
34 48 2012689.72
34 49 744698.6692
34 50 1653752.017
34 51 6199634.705
34 52 4146046.751
34 53 5702833.701
34 54 5501889.019
34 55 6770880.009
34 56 5867848.853
34 57 6812377.845
34 58 1549854.401
34 59 3760387.503
34 60 2675669.423
34 61 779603.633
34 62 8284434.929
34 63 5356661.516
34 64 2798092.327
34 65 4964297.695
34 66 3255899.383
34 67 2289581.957
34 68 7563419.899
34 69 6357249.245
34 70 2143227.172
34 71 6440924.112
34 72 4060819.17
34 73 2243527.945
34 74 5325304.257
34 75 9006675.446
34 76 1841252.348
34 77 5127473.654
34 78 7893411
34 79 4929618.267
34 80 1115716.026
34 81 8771233.722
34 82 4373432.699
34 83 7785221.122
34 84 8371902.159
34 85 2797671.234
34 86 998652.6013
34 87 4564111.395
34 88 5305816.256
34 89 6523094.695
34 90 8579386.4
34 91 1920883.695
34 92 3268659.515
34 93 5096412.461
34 94 8144092.907
34 95 9056131.323
34 96 7505663.131
34 97 2721906.536
34 98 4204122.265
34 99 2005140.799
35 36 6074009.285
35 37 9829191.527
35 38 2757889.386
35 39 3969692.65
35 40 3548671.993
35 41 2087953.073
35 42 7513116.017
35 43 6593843.198
35 44 4418437.862
35 45 6649242.901
35 46 3798068.012
35 47 6849116.927
35 48 1845800.22
35 49 3715516.769
35 50 2156995.407
35 51 8905022.921
35 52 7338327.482
35 53 8507632.42
35 54 7431221.969
35 55 8465149.838
35 56 8104851.598
35 57 9039267.036
35 58 2774714.936
35 59 3514996.496
35 60 1863495.037
35 61 2542975.978
35 62 7001980.182
35 63 8059981.127
35 64 6026954.563
35 65 1826582.85
35 66 4596565.922
35 67 2820020.026
35 68 6703872.798
35 69 6336706.106
35 70 3579284.938
35 71 8831917.662
35 72 5940477.608
35 73 5084908.146
35 74 3849458.293
35 75 9927857.486
35 76 1599763.79
35 77 4628459.41
35 78 6468448.627
35 79 4517242.279
35 80 2397885.988
35 81 9874369.799
35 82 1626248.681
35 83 5561211.853
35 84 9394062.441
35 85 6026504.145
35 86 2348515.186
35 87 7703871.194
35 88 5091978.974
35 89 8559400.186
35 90 7700161.066
35 91 4388556.15
35 92 5152763.34
35 93 7404878.194
35 94 8727114.182
35 95 6717200.514
35 96 5275126.34
35 97 619667.8846
35 98 5185573.477
35 99 1278567.813
36 37 7225674.717
36 38 3367730.909
36 39 7934425.897
36 40 7759548.848
36 41 5561269.486
36 42 1496719.299
36 43 1799841.495
36 44 1946664.861
36 45 8907528.401
36 46 7408953.573
36 47 1811166.526
36 48 4229849.173
36 49 4092266.326
36 50 5244407.287
36 51 2862801.326
36 52 2765152.869
36 53 2558784.319
36 54 1923915.738
36 55 3241355.599
36 56 2183305.314
36 57 3131724.667
36 58 5235374.347
36 59 3823552.939
36 60 6223682.452
36 61 4292360.88
36 62 7520843.299
36 63 2045995.076
36 64 2542714.126
36 65 7168878.755
36 66 1949668.917
36 67 3366740.368
36 68 6476674.965
36 69 4664931.652
36 70 2525181.523
36 71 2806733.864
36 72 994947.6937
36 73 1559252.738
36 74 5653618.884
36 75 5865046.206
36 76 4525283.562
36 77 4510979.738
36 78 7372667.646
36 79 4326045.89
36 80 4702734.108
36 81 5506585.995
36 82 6316977.09
36 83 8230227.088
36 84 5202770.886
36 85 2542458.426
36 86 4484055.057
36 87 2722822.802
36 88 4273157.089
36 89 2852591.068
36 90 7304356.275
36 91 1812030.234
36 92 1133809.981
36 93 1415266.819
36 94 5395736.197
36 95 9444885.923
36 96 8012810.993
36 97 5732898.388
36 98 2387546.12
36 99 4996095.087
37 38 7874199.268
37 39 8239275.892
37 40 8457684.612
37 41 7882698.89
37 42 6790131.532
37 43 8984370.137
37 44 8406358.542
37 45 6570286.651
37 46 7775215.216
37 47 5475370.548
37 48 8625303.883
37 49 10404873.99
37 50 10583720.69
37 51 8021121.696
37 52 9857097.893
37 53 8322406.641
37 54 5728746.444
37 55 4846301.538
37 56 6420436.898
37 57 6387561.124
37 58 10943038.85
37 59 6419071.108
37 60 11182533.02
37 61 9859983.428
37 62 4321230.274
37 63 7881645.325
37 64 9748872.622
37 65 9461434.841
37 66 6494953.077
37 67 7695055.861
37 68 3667884.168
37 69 3516783.656
37 70 7574205.028
37 71 6903774.072
37 72 6282718.049
37 73 8473389.885
37 74 6279499.704
37 75 2411870.37
37 76 9123864.871
37 77 5200984.954
37 78 4801565.932
37 79 5315930.23
37 80 10209900.98
37 81 2959201.061
37 82 8732098.058
37 83 6882961.508
37 84 2765382.122
37 85 9748574.829
37 86 9931987.99
37 87 9644119.175
37 88 4753430.384
37 89 5801540.658
37 90 3185953.631
37 91 8108560.524
37 92 6777134.004
37 93 6703957.813
37 94 1881248.895
37 95 7301828.906
37 96 6922522.828
37 97 9968259.562
37 98 5532347.634
37 99 9605288.352
38 39 4993263.025
38 40 4722765.311
38 41 2412446.572
38 42 4770108.505
38 43 4222264.502
38 44 2041005.131
38 45 6765971.801
38 46 4543971.409
38 47 4119467.374
38 48 944307.9531
38 49 2843722.921
38 50 2717728.297
38 51 6227426.272
38 52 5119794.086
38 53 5878858.658
38 54 4681136.033
38 55 5761064.595
38 56 5348758.767
38 57 6281491.026
38 58 3076976.595
38 59 1666175.765
38 60 3436942.861
38 61 2013015.331
38 62 6184871.234
38 63 5396832.291
38 64 3985992.281
38 65 3835665.917
38 66 1871279.802
38 67 192954.9849
38 68 5478038.616
38 69 4408487.572
38 70 842561.6634
38 71 6084537.309
38 72 3183690.406
38 73 2687432.238
38 74 3285582.254
38 75 7515197.842
38 76 1382563.651
38 77 3044983.344
38 78 5799751.468
38 79 2852506.142
38 80 2339735.793
38 81 7380024.119
38 82 3021819.884
38 83 5839929.421
38 84 6927539.112
38 85 3985510.085
38 86 2062932.062
38 87 5380757.449
38 88 3274313.873
38 89 5806767.847
38 90 6499714.929
38 91 1884893.667
38 92 2396789.663
38 93 4658305.982
38 94 6468288.579
38 95 7118700.55
38 96 5571067.979
38 97 2530605.967
38 98 2609656.156
38 99 1906642.488
39 40 442273.2363
39 41 2601543.07
39 42 9021082.62
39 43 9154384.263
39 44 7026392.602
39 45 2942315.587
39 46 561434.599
39 47 7780723.702
39 48 4668077.422
39 49 7300201.401
39 50 6041231.507
39 51 10683232.78
39 52 10090541.03
39 53 10475073.52
39 54 8466948.011
39 55 9016933.682
39 56 9377393.621
39 57 10156173.87
39 58 6661179.339
39 59 4122933.503
39 60 5820200.508
39 61 6111426.622
39 62 4232611.628
39 63 9937420.692
39 64 8978118.748
39 65 2300506.858
39 66 5994736.467
39 67 4883551.53
39 68 4575828.926
39 69 5425221.502
39 70 5682759.507
39 71 10189827.06
39 72 7311055.373
39 73 7651192.301
39 74 2504133.088
39 75 9295471.964
39 76 4863009.045
39 77 4000533.913
39 78 3648148.965
39 79 4079048.915
39 80 6129442.153
39 81 9471677.45
39 82 2396021.972
39 83 1887902.896
39 84 8969168.012
39 85 8977636.497
39 86 5978932.902
39 87 10311149.63
39 88 4529644.415
39 89 9509865.395
39 90 5285612.692
39 91 6839413.773
39 92 6802614.97
39 93 8888124.592
39 94 7892883.281
39 95 2824667.671
39 96 1656647.34
39 97 4544539.771
39 98 5932125.703
39 99 4910721.912
40 41 2311554.882
40 42 8895916.399
40 43 8916774.069
40 44 6763030.957
40 45 3371050.298
40 46 684558.8686
40 47 7704155.054
40 48 4337121.504
40 49 6939905.86
40 50 5639617.39
40 51 10541727.39
40 52 9837925.407
40 53 10311352.25
40 54 8387568.513
40 55 8997243.868
40 56 9281336.911
40 57 10083862.48
40 58 6260904.91
40 59 3980477.799
40 60 5392554.923
40 61 5744796.183
40 62 4551063.71
40 63 9779807.046
40 64 8697049.013
40 65 1858854.879
40 66 5835198.489
40 67 4625055.348
40 68 4811897.435
40 69 5520076.554
40 70 5444259.722
40 71 10091160.41
40 72 7179773.158
40 73 7399499.21
40 74 2508973.237
40 75 9412490.073
40 76 4504087.468
40 77 4008229.146
40 78 3962987.436
40 79 4065195.593
40 80 5746434.106
40 81 9564023.829
40 82 2001817.549
40 83 2302889.59
40 84 9059564.509
40 85 8696567.168
40 86 5605170.473
40 87 10075846.27
40 88 4552002.944
40 89 9450540.152
40 90 5572536.836
40 91 6589086.707
40 92 6633295.19
40 93 8764335.423
40 94 8019456.194
40 95 3266911.561
40 96 2057580.875
40 97 4131566.369
40 98 5841757.448
40 99 4525297.638
41 42 6805475.682
41 43 6620338.612
41 44 4453398.377
41 45 4792666.931
41 46 2200394.457
41 47 5781470.874
41 48 2093589.909
41 49 4769870.14
41 50 3740759.584
41 51 8397043.051
41 52 7530991.707
41 53 8119563.082
41 54 6441038.678
41 55 7249818.048
41 56 7268731.506
41 57 8134305.297
41 58 4331160.766
41 59 2006210.079
41 60 3833159.37
41 61 3614186.125
41 62 4920670.256
41 63 7603646.045
41 64 6386421.172
41 65 1799113.881
41 66 3702724.247
41 67 2321520.294
41 68 4628892.251
41 69 4467524.02
41 70 3156548.42
41 71 8061685.848
41 72 5097048.781
41 73 5094800.249
41 74 1762143.899
41 75 8253071.877
41 76 2362701.231
41 77 2729079.347
41 78 4397063.078
41 79 2667239.181
41 80 3704865.06
41 81 8280806.601
41 82 923906.2238
41 83 3750079.396
41 84 7782221.326
41 85 6385939.171
41 86 3512907.303
41 87 7779990.297
41 88 3252945.096
41 89 7552319.626
41 90 5616756.644
41 91 4286415.866
41 92 4460316.315
41 93 6679088.445
41 94 6960134.879
41 95 4996535.066
41 96 3463299.558
41 97 2457924.615
41 98 3932614.399
41 99 2543580.839
42 43 2514142.617
42 44 3433565.979
42 45 9612778.23
42 46 8474786.345
42 47 1537307.237
42 48 5668124.557
42 49 5529212.636
42 50 6739988.617
42 51 1696955.876
42 52 3182885.009
42 53 1688659.428
42 54 1066461.859
42 55 2172558.479
42 56 723771.8874
42 57 1647050.246
42 58 6716643.223
42 59 4916012.549
42 60 7720370.882
42 61 5787862.881
42 62 7951031.032
42 63 1157648.74
42 64 3552475.45
42 65 8492461.601
42 66 3102870.995
42 67 4742358.613
42 68 6840846.204
42 69 4930625.424
42 70 3935637.971
42 71 1321463.794
42 72 1717625.719
42 73 2972230.496
42 74 6610025.173
42 75 5028509.001
42 76 5991287.178
42 77 5279411.489
42 78 7909916.701
42 79 5126174.771
42 80 6197427.492
42 81 4578947.297
42 82 7619490.471
42 83 9065605.937
42 84 4383896.917
42 85 3552384.76
42 86 5980495.149
42 87 2888218.418
42 88 4912039.074
42 89 1496860.679
42 90 7523134.196
42 91 3308733.2
42 92 2387137.313
42 93 135416.4923
42 94 4908895.145
42 95 10214129.1
42 96 8877738.326
42 97 7200241.602
42 98 3128864.041
42 99 6473022.685
43 44 2212870.49
43 45 10464081.32
43 46 8666605.515
43 47 3513933.063
43 48 4867405.685
43 49 3617080.714
43 50 5193655.704
43 51 2837637.071
43 52 1006134.36
43 53 2269739.793
43 54 3408120.404
43 55 4661349.816
43 56 3194543.75
43 57 3977634.154
43 58 4972282.674
43 59 5191352.26
43 60 6215598.253
43 61 4305703.667
43 62 9230086.709
43 63 2080365.853
43 64 1102876.562
43 65 8006231.972
43 66 3440342.396
43 67 4299231.145
43 68 8216757.488
43 69 6444000.604
43 70 3473311.304
43 71 3441633.3
43 72 2793530.074
43 73 1543138.75
43 74 7075715.678
43 75 7461680.452
43 76 4997304.877
43 77 6112014.023
43 78 9039403.262
43 79 5914095.271
43 80 4660265.071
43 81 7046583.666
43 82 7231183.502
43 83 9700558.141
43 84 6803964.76
43 85 1102923.704
43 86 4524451.971
43 87 1159651.956
43 88 5948729.689
43 89 3997592.135
43 90 9074579.991
43 91 2337450.988
43 92 2685876.208
43 93 2531701.231
43 94 7131296.115
43 95 10950761.64
43 96 9462108.106
43 97 6120875.489
43 98 4097858.881
43 99 5358807.6
44 45 8604258.217
44 46 6563435.07
44 47 3463908.981
44 48 2657037.19
44 49 2203821.899
44 50 3315784.907
44 51 4571744.323
44 52 3080236.346
44 53 4124587.754
44 54 3780751.857
44 55 5068594.325
44 56 4129632.797
44 57 5076192.121
44 58 3288885.098
44 59 3279337.348
44 60 4312836.708
44 61 2365432.272
44 62 7683374.018
44 63 3720278.287
44 64 1983406.343
44 65 5793488.88
44 66 1972087.816
44 67 2142870.06
44 68 6795185.669
44 69 5282950.139
44 70 1397286.953
44 71 4721134.463
44 72 2392605.286
44 73 672739.9965
44 74 5130399.238
44 75 7444930.564
44 76 2819168.462
44 77 4449728.11
44 78 7393577.083
44 79 4241695.289
44 80 2770273.892
44 81 7164628.375
44 82 5025386.571
44 83 7749592.225
44 84 6795008.227
44 85 1982929.923
44 86 2566284.54
44 87 3361842.633
44 88 4450487.301
44 89 4785226.717
44 90 7756594.871
44 91 305366.2041
44 92 1672308.535
44 93 3359437.243
44 94 6714258.649
44 95 9022353.355
44 96 7493385.822
44 97 3985908.601
44 98 2911266.758
44 99 3224731.47
45 46 2894520.652
45 47 8141032.682
45 48 6798618.576
45 49 9474003.63
45 50 8528887.965
45 51 11303931.39
45 52 11463076.09
45 53 11249825.64
45 54 8796289.038
45 55 8921033.357
45 56 9760894.673
45 57 10345085.8
45 58 9123502.657
45 59 5329047.521
45 60 8506313.881
45 61 8369054.615
45 62 2272938.348
45 63 10694538.62
45 64 10576409.62
45 65 5179497.799
45 66 7031329.002
45 67 6601544.958
45 68 3239562.521
45 69 4941944.053
45 70 7211231.686
45 71 10550279
45 72 8054926.504
45 73 9121681.028
45 74 3488143.797
45 75 8265689.504
45 76 7135508.196
45 77 4397705.562
45 78 1927273.789
45 79 4581619.027
45 80 8490669.366
45 81 8599561.322
45 82 5024745.158
45 83 1095198.093
45 84 8139836.137
45 85 10575942.56
45 86 8286598.512
45 87 11562081.54
45 88 4703492.554
45 89 9646116.395
45 90 3386621.356
45 91 8349434.789
45 92 7823024.634
45 93 9478371.668
45 94 6891923.46
45 95 738307.037
45 96 1376535.079
45 97 7153098.459
45 98 6559558.346
45 99 7334746.599
46 47 7223424.91
46 48 4292549.152
46 49 6958158.437
46 50 5792224.633
46 51 10141739.23
46 52 9613624.223
46 53 9942570.891
46 54 7909919.611
46 55 8455575.856
46 56 8823296.137
46 57 9597748.978
46 58 6405840.98
46 59 3589301.658
46 60 5661544.965
46 61 5785146.314
46 62 3886562.9
46 63 9402559.61
46 64 8528376.121
46 65 2294718.478
46 66 5464390.946
46 67 4423428.686
46 68 4127395.068
46 69 4885041.256
46 70 5202296.022
46 71 9636085.534
46 72 6767805.564
46 73 7176781.417
46 74 1942719.572
46 75 8766212.248
46 76 4530126.539
46 77 3439826.44
46 78 3297930.315
46 79 3517614.405
46 80 5835570.421
46 81 8932258.687
46 82 2176763.679
46 83 1799912.241
46 84 8428901.69
46 85 8527894.18
46 86 5666821.994
46 87 9820502.425
46 88 3970628.655
46 89 8950000.622
46 90 4893797.955
46 91 6365500.976
46 92 6275714.239
46 93 8341461.906
46 94 7367707.744
46 95 2919633.927
46 96 1525887.618
46 97 4338849.822
46 98 5378346.729
46 99 4629358.639
47 48 5063469.959
47 49 5666230.565
47 50 6520617.44
47 51 3182496.676
47 52 4386104.581
47 53 3225966.581
47 54 687049.9767
47 55 1663646.696
47 56 1632718.755
47 57 2379870.309
47 58 6639935.93
47 59 3792524.18
47 60 7416963.419
47 61 5598294.737
47 62 6421677.388
47 63 2690519.485
47 64 4350375.93
47 65 7548848.231
47 66 2253755.533
47 67 4034019.092
47 68 5307336.124
47 69 3395003.377
47 70 3376905.411
47 71 2440925.099
47 72 1075221.658
47 73 3274436.998
47 74 5305155.903
47 75 4062587.641
47 76 5473113.98
47 77 3889364.463
47 78 6398623.338
47 79 3759323.732
47 80 6010419.163
47 81 3729174.942
47 82 6659389.902
47 83 7653017.165
47 84 3401207.123
47 85 4350134.206
47 86 5756554.878
47 87 4205115.718
47 88 3468440.747
47 89 1770891.354
47 90 5987839.562
47 91 3227953.546
47 92 1879341.29
47 93 1413018.858
47 94 3617365.464
47 95 8763901.469
47 96 7482305.34
47 97 6649184.691
47 98 1868809.211
47 99 5990448.848
48 49 2686779.513
48 50 2007837.611
48 51 7069284.447
48 52 5689128.836
48 53 6686589.933
48 54 5619946.135
48 55 6705071.864
48 56 6266525.42
48 57 7205251.462
48 58 2489452.623
48 59 2231228.365
48 60 2573962.104
48 61 1579754.129
48 62 6531880.826
48 63 6227477.897
48 64 4447484.747
48 65 3150958.993
48 66 2815326.842
48 67 1051777.389
48 68 5956183.973
48 69 5118417.515
48 70 1737998.829
48 71 6987629.568
48 72 4116916.724
48 73 3329720.188
48 74 3431429.315
48 75 8400897.161
48 76 498569.7207
48 77 3585502.19
48 78 6086529.061
48 79 3417229.511
48 80 1772994.871
48 81 8286473.743
48 82 2439608.031
48 83 5795386.235
48 84 7826060.452
48 85 4447010.341
48 86 1529541.392
48 87 6007846.259
48 88 3917061.517
48 89 6743329.306
48 90 6985885.441
48 91 2585218.365
48 92 3316856.779
48 93 5560726.329
48 94 7306465.109
48 95 7059962.367
48 96 5512942.877
48 97 1586320.595
48 98 3520906.784
48 99 1001079.48
49 50 1754802.955
49 51 6394526.863
49 52 4051016.568
49 53 5860313.133
49 54 5974308.254
49 55 7269867.337
49 56 6245941.144
49 57 7173371.431
49 58 1381703.683
49 59 4505084.504
49 60 2725062.749
49 61 1203296.986
49 62 9027851.906
49 63 5572576.787
49 64 2700200.572
49 65 5477909.354
49 66 3919692.44
49 67 3033940.118
49 68 8307307.057
49 69 7078843.946
49 70 2854457.087
49 71 6755780.315
49 72 4592842.708
49 73 2557016.214
49 74 6051601.684
49 75 9612426.991
49 76 2437306.259
49 77 5871419.682
49 78 8633560.84
49 79 5673115.25
49 80 1333811.691
49 81 9352055.813
49 82 4957783.327
49 83 8480783.692
49 84 8969170.61
49 85 2699857.23
49 86 1373739.453
49 87 4517458.788
49 88 6043273.116
49 89 6944422.04
49 90 9322418.529
49 91 2444158.045
49 92 3837974.301
49 93 5473005.989
49 94 8800223.328
49 95 9746661.382
49 96 8198991.449
49 97 3114582.33
49 98 4878297.555
49 99 2479783.474
50 51 7843705.584
50 52 5745660.508
50 53 7353941.368
50 54 6965237.787
50 55 8182387.215
50 56 7422460.324
50 57 8373905.516
50 58 622251.3724
50 59 4231761.05
50 60 1022290.761
50 61 952128.0207
50 62 8486973.762
50 63 6997534.958
50 64 4388104.664
50 65 3982847.962
50 66 4411770.628
50 67 2891390.765
50 68 7955567.1
50 69 7095400.842
50 70 3210980.734
50 71 8035953.446
50 72 5471065.219
50 73 3877688.82
50 74 5331189.365
50 75 10184201.93
50 76 1530199.751
50 77 5593192.252
50 78 8015675.737
50 79 5423478.067
50 80 547136.4078
50 81 10011601.62
50 82 3645418.877
50 83 7471198.668
50 84 9577659.994
50 85 4387717.551
50 86 767736.0309
50 87 6185862.045
50 88 5912963.658
50 89 8032764.297
50 90 8984786.267
50 91 3434364.634
50 92 4646230.947
50 93 6659168.101
50 94 9179067.865
50 95 8689780.913
50 96 7182896.696
50 97 1538920.988
50 98 5272572.547
50 99 1199320.438
51 52 2964560.936
51 53 603345.9927
51 54 2580750.287
51 55 3175549.595
51 56 1665573.574
51 57 1742295.167
51 58 7706483.288
51 59 6564141.433
51 60 8858293.594
51 61 6908199.82
51 62 9598182.225
51 63 851619.3628
51 64 3920827.057
51 65 10029945.7
51 66 4711671.448
51 67 6229513.366
51 68 8478125.802
51 69 6563218.653
51 70 5385420.708
51 71 1145883.862
51 72 3374768.064
51 73 3967658.612
51 74 8294972.194
51 75 5960797.936
51 76 7330122.323
51 77 6976212.345
51 78 9580822.214
51 79 6821973.395
51 80 7297408.963
51 81 5434357.043
51 82 9173556.975
51 83 10762459.72
51 84 5380632.958
51 85 3920950.282
51 86 7117879.17
51 87 2477501.711
51 88 6606223.253
51 89 2224146.401
51 90 9107715.751
51 91 4538279.753
51 92 3936770.223
51 93 1832309.657
51 94 6171785.721
51 95 11909512.69
51 96 10573753.03
51 97 8526991.745
51 98 4821200.202
51 99 7774030.299
52 53 2361798.767
52 54 4180260.247
52 55 5353282.898
52 56 3780558.082
52 57 4421697.627
52 58 5432693.207
52 59 6175315.521
52 60 6753492.344
52 61 4925338.833
52 62 10234015.21
52 63 2410170.775
52 64 1357690.884
52 65 8840082.631
52 66 4444551.035
52 67 5212928.248
52 68 9215611.266
52 69 7427764.751
52 70 4411328.201
52 71 3829875.464
52 72 3758576.119
52 73 2439523.574
52 74 8060380.136
52 75 8209444.476
52 76 5762291.732
52 77 7117244.345
52 78 10045502.83
52 79 6918859.635
52 80 5238578.314
52 81 7761150.248
52 82 8096145.525
52 83 10688005.69
52 84 7561295.394
52 85 1358073.347
52 86 5144661.512
52 87 525635.8906
52 88 6954093.123
52 89 4583660.455
52 90 10063798.23
52 91 3251194.283
52 92 3691609.429
52 93 3234305.82
52 94 7987685.35
52 95 11942546
52 96 10446363.31
52 97 6826337.006
52 98 5098447.524
52 99 6074457.019
53 54 2704639.214
53 55 3508491.013
53 56 1901970.161
53 57 2217265.611
53 58 7190027.286
53 59 6353459.36
53 60 8373053.441
53 61 6428569.768
53 62 9633930.183
53 63 555359.5618
53 64 3338600.078
53 65 9705989.807
53 66 4480498.024
53 67 5896790.704
53 68 8526948.977
53 69 6618357.785
53 70 5042811.901
53 71 1601715.767
53 72 3220280.239
53 73 3494660.337
53 74 8137768.836
53 75 6354046.77
53 76 6919301.908
53 77 6879137.601
53 78 9579652.021
53 79 6713359.191
53 80 6809748.271
53 81 5845011.45
53 82 8864062.849
53 83 10657367.73
53 84 5750228.085
53 85 3338743.576
53 86 6641530.794
53 87 1879165.268
53 88 6547289.742
53 89 2588887.207
53 90 9210327.831
53 91 4120702.029
53 92 3678135.323
53 93 1814641.502
53 94 6452702.787
53 95 11832707.1
53 96 10456769.22
53 97 8104575.505
53 98 4707099.18
53 99 7345973.898
54 55 1317810.126
54 56 964702.0848
54 57 1699845.016
54 58 7035316.821
54 59 4462326.678
54 60 7894170.694
54 61 6026201.2
54 62 7025014.327
54 63 2202793.61
54 64 4357934.028
54 65 8197431.344
54 66 2843355.699
54 67 4611279.092
54 68 5901633.111
54 69 3987299.659
54 70 3900814.97
54 71 1762432.184
54 72 1513087.609
54 73 3477502.393
54 74 5992188.484
54 75 4053808.367
54 76 6006963.727
54 77 4572366.925
54 78 7028435.083
54 79 4444727.846
54 80 6440591.407
54 81 3644896.239
54 82 7309357.24
54 83 8328286.116
54 84 3397190.568
54 85 4357760.952
54 86 6197588.639
54 87 3925615.336
54 88 4142080.42
54 89 1130378.762
54 90 6530584.184
54 91 3581263.814
54 92 2338493.251
54 93 975238.8842
54 94 3847755.22
54 95 9427685.055
54 96 8161027.515
54 97 7199157.73
54 98 2547770.963
54 99 6516797.056
55 56 1628868.861
55 57 1594925.007
55 58 8289404.252
55 59 5243907.503
55 60 9080402.531
55 61 7256474.95
55 62 6936785.633
55 63 3119658.26
55 64 5650425.901
55 65 9042513.004
55 66 3889788.383
55 67 5665070.577
55 68 5809789.933
55 69 3979344.746
55 70 5036409.829
55 71 2061857.695
55 72 2717919.277
55 73 4792090.807
55 74 6512922.36
55 75 2875988.129
55 76 7125353.035
55 77 5019893.883
55 78 7050275.98
55 79 4938903.092
55 80 7669383.441
55 81 2408361.253
55 82 8153952.728
55 83 8606790.611
55 84 2250183.721
55 85 5650276.363
55 86 7417436.458
55 87 5035618.9
55 88 4510104.594
55 89 956699.0153
55 90 6251529.619
55 91 4852709.814
55 92 3537203.947
55 93 2134878.6
55 94 3010317.392
55 95 9600448.755
55 96 8477335.605
55 97 8291254.664
55 98 3334617.231
55 99 7644863.31
56 57 952799.8487
56 58 7417667.237
56 59 5323133.991
56 60 8392502.391
56 61 6471044.067
56 62 7977970.675
56 63 1490794.637
56 64 4254468.388
56 65 8994686.257
56 66 3592843.528
56 67 5304230.367
56 68 6851813.765
56 69 4939760.242
56 70 4528531.271
56 71 813458.899
56 72 2192016.614
56 73 3689311.018
56 74 6919273.469
56 75 4501960.499
56 76 6613131.774
56 77 5519837.676
56 78 7990233.61
56 79 5385770.227
56 80 6882690.446
56 81 4018605.119
56 82 8112476.958
56 83 9285617.395
56 84 3878998.92
56 85 4254399.249
56 86 6659351.191
56 87 3430088.108
56 88 5100430.971
56 89 807627.6278
56 90 7452825.369
56 91 3988153.853
56 92 2952196.109
56 93 773545.7885
56 94 4551775.736
56 95 10390969.7
56 96 9114819.949
56 97 7820032.559
56 98 3445269.222
56 99 7105535.594
57 58 8362139.073
57 59 6161321.271
57 60 9345195.876
57 61 7422250.042
57 62 8445917.495
57 63 2012826.253
57 64 5067768.935
57 65 9880908.339
57 66 4494183.579
57 67 6230176.081
57 68 7314700.484
57 69 5434513.275
57 70 5468041.97
57 71 615616.2322
57 72 3105698.057
57 73 4617093.227
57 74 7671497.376
57 75 4240400.181
57 76 7559011.138
57 77 6227270.254
57 78 8516175.67
57 79 6111201.825
57 80 7833488.761
57 81 3704126.807
57 82 8994731.414
57 83 9943528.322
57 84 3684451.397
57 85 5067751.133
57 86 7611319.191
57 87 4003959.244
57 88 5768224.382
57 89 702961.1769
57 90 7814092.748
57 91 4939554.668
57 92 3888414.014
57 93 1716854.162
57 94 4586021.18
57 95 11001090.18
57 96 9789768.853
57 97 8764660.68
57 98 4246873.595
57 99 8053899.465
58 59 4669901.611
58 60 1384949.502
58 61 1091911.708
58 62 9014674.248
58 63 6871174.401
58 64 4081375.472
58 65 4601264.393
58 66 4630938.841
58 67 3262325.386
58 68 8441295.659
58 69 7485243.003
58 70 3442647.729
58 71 7986130.412
58 72 5572102.876
58 73 3778106.51
58 74 5880234.416
58 75 10420938.92
58 76 2046656.606
58 77 6048006.552
58 78 8556899.192
58 79 5869750.361
58 80 738980.9277
58 81 10217925.65
58 82 4265163.673
58 83 8071974.647
58 84 9800016.203
58 85 4081028.246
58 86 1014174.251
58 87 5897871.043
58 88 6333265.015
58 89 8068532.596
58 90 9470920.693
58 91 3457134.774
58 92 4761899.478
58 93 6646262.288
58 94 9474302.49
58 95 9297254.281
58 96 7783930.734
58 97 2158361.02
58 98 5535889.883
58 99 1789598.738
59 60 4765140.029
59 61 3645978.309
59 62 4535989.374
59 63 5814616.835
59 64 5247387.378
59 65 3799681.561
59 66 1875759.736
59 67 1473892.941
59 68 3812838.784
59 69 2902945.796
59 70 1896966.828
59 71 6127745.562
59 72 3199356.377
59 73 3796399.182
59 74 1885081.737
59 75 6419032.205
59 76 2726077.863
59 77 1384902.975
59 78 4178862.317
59 79 1200536.505
59 80 3933017.924
59 81 6389110.645
59 82 2912725.448
59 83 4513255.242
59 84 5900880.718
59 85 5246920.594
59 86 3664407.007
59 87 6323768.426
59 88 1686542.098
59 89 5562015.386
59 90 4836347.473
59 91 3020532.191
59 92 2689746.978
59 93 4784820.09
59 94 5215151.944
59 95 5773261.655
59 96 4271330.278
59 97 3568478.178
59 98 1931324.595
59 99 3191026.047
60 61 1951374.763
60 62 8733839.104
60 63 8010644.637
60 64 5395997.216
60 65 3595008.399
60 66 5242681.379
60 67 3586140.271
60 68 8322183.676
60 69 7667750.945
60 70 4054674.711
60 71 9024599.314
60 72 6387456.504
60 73 4890732.089
60 74 5552035.246
60 75 10951794.82
60 76 2080125.929
60 77 6061840.086
60 78 8223926.041
60 79 5913109.111
60 80 1563398.05
60 81 10813199.09
60 82 3488494.954
60 83 7420947.959
60 84 10363751.4
60 85 5395620.444
60 86 1746574.892
60 87 7200224.269
60 88 6445405.913
60 89 8979331.432
60 90 9341542.752
60 91 4411883.99
60 92 5559472.972
60 93 7635120.979
60 94 9878963.259
60 95 8580506.69
60 96 7134194.169
60 97 1375694.538
60 98 6044823.539
60 99 1579096.673
61 62 8080985.179
61 63 6059908.237
61 64 3577609.487
61 65 4279580.04
61 66 3545388.314
61 67 2202744.869
61 68 7448179.612
61 69 6416738.017
61 70 2352824.823
61 71 7084416.137
61 72 4540279.117
61 73 2940609.879
61 74 5008668.388
61 75 9335119.459
61 76 1255226.341
61 77 5030662.074
61 78 7650506.33
61 79 4845198.292
61 80 414447.5455
61 81 9139953.817
61 82 3757193.109
61 83 7352622.543
61 84 8717356.01
61 85 3577189.258
61 86 219840.0654
61 87 5340110.837
61 88 5285636.335
61 89 7086539.898
61 90 8475581.73
61 91 2482904.149
61 92 3719648.32
61 93 5707225.061
61 94 8382408.967
61 95 8608455.03
61 96 7067940.461
61 97 1962770.536
61 98 4444572.339
61 99 1283680.69
62 63 9087007.776
62 64 9556899.305
62 65 6004764.486
62 66 5843227.249
62 67 5995959.1
62 68 1131320.645
62 69 3038283.75
62 70 6376362.65
62 71 8728937.065
62 72 6574095.626
62 73 8080516.286
62 74 3182238.445
62 75 6013725.341
62 76 6970061.9
62 77 3236364.195
62 78 588633.3487
62 79 3444417.774
62 80 8304875.657
62 81 6371033.326
62 82 5517901.287
62 83 2613081.456
62 84 5926446.339
62 85 9556465.94
62 86 8057261.45
62 87 10242390.34
62 88 3287638.453
62 89 7743318.88
62 90 1142460.41
62 91 7393882.11
62 92 6546752.023
62 93 7821722.835
62 94 4661493.661
62 95 3011065.693
62 96 2705321.061
62 97 7365864.215
62 98 5140522.505
62 99 7310613.899
63 64 3181843.278
63 65 9212155.751
63 66 3945248.929
63 67 5405631.787
63 68 7982863.99
63 69 6077055.569
63 70 4556459.05
63 71 1420882.682
63 72 2667662.259
63 73 3120104.789
63 74 7589018.448
63 75 5991280.11
63 76 6481860.206
63 77 6324251.051
63 78 9027754.226
63 79 6159020.778
63 80 6450884.368
63 81 5501498.797
63 82 8362658.721
63 83 10103377.64
63 84 5369790.154
63 85 3181909.853
63 86 6268863.193
63 87 1996048.077
63 88 5992148.296
63 89 2249136.941
63 90 8678305.768
63 91 3687945.854
63 92 3150200.675
63 93 1277764.362
63 94 6004244.921
63 95 11277508.68
63 96 9903680.079
63 97 7677186.128
63 98 4152488.697
63 99 6923449.214
64 65 7587893.452
64 66 3720390.274
64 67 4106056.66
64 68 8609442.295
64 69 6949610.492
64 70 3379798.77
64 71 4541125.484
64 72 3466977.063
64 73 1477686.458
64 74 7110226.905
64 75 8384215.377
64 76 4472774.783
64 77 6348551.499
64 78 9303815.166
64 79 6142416.992
64 80 3883157.307
64 81 7999246.171
64 82 6881232.52
64 83 9732068.553
64 84 7722355.292
64 85 482.2525012
64 86 3796214.696
64 87 1818053.287
64 88 6279067.571
64 89 5048285.702
64 90 9527077.291
64 91 2227076.627
64 92 3106676.865
64 93 3552198.816
64 94 7933692.244
64 95 11003797.29
64 96 9476567.388
64 97 5498267.838
64 98 4539642.868
64 99 4754256.171
65 66 5403606.953
65 67 3809210.379
65 68 5988298.544
65 69 6158968.201
65 70 4664304.098
65 71 9774774.046
65 72 6806465.547
65 73 6463703.189
65 74 3182088.508
65 75 10003989.94
65 76 3139718.559
65 77 4441225.497
65 78 5426836.201
65 79 4408842.027
65 80 4190845.397
65 81 10053997.14
65 82 890039.5739
65 83 4088787.401
65 84 9552824.752
65 85 7587423.353
65 86 4104874.96
65 87 9153181.205
65 88 4985589.416
65 89 9317255.285
65 90 6891733.168
65 91 5689995.339
65 92 6113300.417
65 93 8370490.221
65 94 8681482.835
65 95 5122889.889
65 96 3819304.475
65 97 2443984.198
65 98 5716304.094
65 99 2998132.643
66 67 1780324.941
66 68 4890522.265
66 69 3311856.815
66 70 1200806.467
66 71 4371598.041
66 72 1402860.035
66 73 2251662.182
66 74 3710533.495
66 75 5790129.209
66 76 3241032.207
66 77 2674050.847
66 78 5616406.257
66 79 2474546.218
66 80 3941080.729
66 81 5600616.007
66 82 4524305.949
66 83 6306696.717
66 84 5172611.411
66 85 3719967.328
66 86 3670646.796
66 87 4531229.499
66 88 2559600.79
66 89 3973722.316
66 90 5822823.347
66 91 1666721.819
66 92 817328.3846
66 93 2977027.646
66 94 4888292.218
66 95 7538687.733
66 96 6081634.69
66 97 4401592.252
66 98 962711.2123
66 99 3763125.007
67 68 5285333.196
67 69 4223090.365
67 70 857110.8381
67 71 6051132.331
67 72 3125844.466
67 73 2774593.382
67 74 3117029.5
67 75 7367077.267
67 76 1516282.549
67 77 2852073.287
67 78 5614356.817
67 79 2659554.851
67 80 2524223.713
67 81 7241545.104
67 82 2976473.389
67 83 5685887.337
67 84 6784937.416
67 85 4105575.077
67 86 2248161.957
67 87 5458846.549
67 88 3083350.447
67 89 5739832.455
67 90 6306840.333
67 91 1965096.284
67 92 2358338.612
67 93 4627547.781
67 94 6304747.186
67 95 6964497.266
67 96 5419269.182
67 97 2630772.623
67 98 2472451.411
67 99 2038222.769
68 69 1914907.969
68 70 5552024.856
68 71 7599311.933
68 72 5512361.851
68 73 7141910.974
68 74 2880300.445
68 75 5053315.252
68 76 6425371.844
68 77 2435951.544
68 78 1312581.206
68 79 2634824.63
68 80 7712456.033
68 81 5365732.986
68 82 5364496.037
68 83 3288836.866
68 84 4901564.979
68 85 8609024.348
68 86 7451268.204
68 87 9198815.912
68 88 2344873.308
68 89 6612061.921
68 90 1029719.372
68 91 6497553.147
68 92 5548621.351
68 93 6712811.785
68 94 3662691.872
68 95 3966845.404
68 96 3290781.217
68 97 6986452.443
68 98 4119332.459
68 99 6820417.271
69 70 4225663.132
69 71 5694947.002
69 72 3678510.512
69 73 5521259.787
69 74 3066606.232
69 75 3900599.875
69 76 5616511.404
69 77 1738767.348
69 78 3082324.917
69 79 1823071.75
69 80 6747313.047
69 81 4047233.591
69 82 5360398.204
69 83 4687824.613
69 84 3544136.733
69 85 6949225.377
69 86 6471077.649
69 87 7371024.814
69 88 1244856.926
69 89 4731886.371
69 90 2643069.276
69 91 4977677.85
69 92 3843502.318
69 93 4803716.349
69 94 2532445.479
69 95 5626445.094
69 96 4590938.441
69 97 6454490.291
69 98 2413021.926
69 99 6091962.831
70 71 5253118.29
70 72 2390130.927
70 73 1976278.229
70 74 3733666.438
70 75 6984428.111
70 76 2106149.894
70 77 3145099.562
70 78 6053823.316
70 79 2938226.657
70 80 2743636.24
70 81 6801209.79
70 82 3833483.469
70 83 6352436.259
70 84 6370985.167
70 85 3379323.881
70 86 2471671.904
70 87 4631861.202
70 88 3233298.181
70 89 5017555.188
70 90 6545715.377
70 91 1167842.993
70 92 1580367.443
70 93 3826099.142
70 94 6040295.119
70 95 7625071.229
70 96 6096860.694
70 97 3302422.868
70 98 2095358.972
70 99 2617727.39
71 72 2969046.269
71 73 4213336.014
71 74 7732714.634
71 75 4815379.552
71 76 7312739.049
71 77 6330091.265
71 78 8761336.12
71 79 6197694.109
71 80 7491138.314
71 81 4288559.614
71 82 8895814.08
71 83 10090665.95
71 84 4239644.069
71 85 4541139.731
71 86 7280906.156
71 87 3400499.595
71 88 5904495.242
71 89 1105429.371
71 90 8159201.262
71 91 4614203.19
71 92 3692804.506
71 93 1427048.224
71 94 5071640.072
71 95 11186957.77
71 96 9922468.17
71 97 8521696.906
71 98 4257802.531
71 99 7793700.852
72 73 2253549.847
72 74 4926641.661
72 75 5081003.601
72 76 4495883.793
72 77 3666681.085
72 78 6454281.917
72 79 3496316.628
72 80 4953748.839
72 81 4778585.306
72 82 5926796.509
72 83 7438209.855
72 84 4424613.909
72 85 3466672.696
72 86 4704574.952
72 87 3693985.735
72 88 3370245.173
72 89 2627734.114
72 90 6320672.155
72 91 2152867.245
72 92 827990.4155
72 93 1587687.351
72 94 4483393.95
72 95 8622326.026
72 96 7236502.631
72 97 5691464.896
72 98 1495638.138
72 99 5004332.964
73 74 5672930.843
73 75 7327279.687
73 76 3485144.679
73 77 4871109.602
73 78 7826405.281
73 79 4665140.463
73 80 3330894.007
73 81 7003443.884
73 82 5689064.944
73 83 8301146.83
73 84 6668255.899
73 85 1477245.257
73 86 3151008.534
73 87 2696917.961
73 88 4806299.519
73 89 4398746.843
73 90 8071251.807
73 91 811799.7294
73 92 1710785.539
73 93 2916820.82
73 94 6714724.25
73 95 9567013.447
73 96 8051621.051
73 97 4640371.993
73 98 3109136.205
73 99 3877542.129
74 75 6965619.011
74 76 3835632.639
74 77 1501630.021
74 78 2687099.357
74 79 1575131.497
74 80 5191049.099
74 81 7085376.9
74 82 2492748.265
74 83 2629241.305
74 84 6580058.532
74 85 7109754.916
74 86 4958408.492
74 87 8204674.585
74 88 2043029.717
74 89 7016647.794
74 90 3856744.425
74 91 4885318.41
74 92 4526819.445
74 93 6475324.275
74 94 5595878.819
74 95 3894729.855
74 96 2386420.278
74 97 4186372.93
74 98 3486339.188
74 99 4143136.639
75 76 8881512.607
75 77 5566867.754
75 78 6354226.129
75 79 5595965.356
75 80 9728039.08
75 81 566004.8158
75 82 9169936.417
75 83 8313128.521
75 84 662336.7236
75 85 8384007.723
75 86 9455411.197
75 87 7907747.128
75 88 5018765.121
75 89 3765161.106
75 90 5000870.435
75 91 7178374.124
75 92 5778956.225
75 93 4975501.192
75 94 1411611.479
75 95 9001225.806
75 96 8277636.297
75 97 9916947.916
75 98 4914252.893
75 99 9400036.8
76 77 4071752.972
76 78 6510253.397
76 79 3906886.231
76 80 1361564.764
76 81 8757541.291
76 82 2534244.573
76 83 6108217.444
76 84 8301163.814
76 85 4472312.991
76 86 1151892.01
76 87 6114668.691
76 88 4412521.157
76 89 7122617.995
76 90 7454588.929
76 91 2798712.925
76 92 3680490.635
76 93 5889503.286
76 94 7798837.831
76 95 7359093.418
76 96 5822484.489
76 97 1208965.66
76 98 3987621.936
76 99 524094.524
77 78 2955296.359
77 79 208118.7298
77 80 5312814.953
77 81 5643670.168
77 82 3626827.457
77 83 3786275.72
77 84 5139190.001
77 85 6348107.242
77 86 5046026.43
77 87 7184852.336
77 88 555477.5721
77 89 5558568.212
77 90 3454894.859
77 91 4163104.994
77 92 3440995.974
77 93 5144012.981
77 94 4242244.191
77 95 4955687.124
77 96 3601146.626
77 97 4792181.706
77 98 2172670.696
77 99 4508439.419
78 79 3161468.15
78 80 7856985.078
78 81 6676474.468
78 82 4960776.158
78 83 2084519.012
78 84 6213936.892
78 85 9303370.57
78 86 7615803.479
78 87 10082968.61
78 88 3100456.426
78 89 7813772.58
78 90 1671049.572
78 91 7111544.051
78 92 6354658.899
78 93 7777969.091
78 94 4971062.876
78 95 2654624.894
78 96 2150132.2
78 97 6851466.806
78 98 4985384.956
78 99 6829935.985
79 80 5133267.68
79 81 5652016.88
79 82 3577163.407
79 83 3944970.368
79 84 5149053.95
79 85 6141971.878
79 86 4864927.534
79 87 6991652.085
79 88 586713.0934
79 89 5449310.1
79 90 3650216.724
79 91 3955288.416
79 92 3247880.799
79 93 4990766.669
79 94 4292915.273
79 95 5128611.282
79 96 3751801.132
79 97 4659214.102
79 98 2006941.665
79 99 4352488.87
80 81 9539686.97
80 82 3745513.91
80 83 7454941.003
80 84 9113616.232
80 85 3882756.026
80 86 278152.2225
80 87 5668838.547
80 88 5594418.127
80 89 7500629.641
80 90 8741781.231
80 91 2894907.563
80 92 4132285.169
80 93 6117884.921
80 94 8757704.878
80 95 8697032.212
80 96 7168124.858
80 97 1788318.383
80 98 4828167.177
80 99 1221584.163
81 82 9203122.842
81 83 8585010.093
81 84 505348.2882
81 85 7999060.83
81 86 9270593.134
81 87 7441398.817
81 88 5089115.134
81 89 3260113.768
81 90 5400131.761
81 91 6908978.709
81 92 5514858.801
81 93 4535205.718
81 94 1709812.048
81 95 9330763.509
81 96 8532569.298
81 97 9828303.389
81 98 4770489.632
81 99 9279742.66
82 83 3935412.172
82 84 8703980.123
82 85 6880755.688
82 86 3610207.468
82 87 8385744.479
82 88 4160454.327
82 89 8428217.417
82 90 6315732.774
82 91 4899147.378
82 92 5246689.676
82 93 7496291.731
82 94 7866939.727
82 95 5096162.322
82 96 3649707.18
82 97 2164113.615
82 98 4826515.81
82 99 2524041.562
83 84 8101789.679
83 85 9731594.352
83 86 7259964.361
83 87 10823452.55
83 88 4186247.482
83 89 9256154.672
83 90 3745992.925
83 91 7510233.892
83 92 7116762.756
83 93 8930216.047
83 94 6906879.306
83 95 1278774.213
83 96 288445.9837
83 97 6073774.65
83 98 5951888.086
83 99 6282452.553
84 85 7722146.281
84 86 8842568.521
84 87 7268261.229
84 88 4584841.613
84 89 3165935.649
84 90 4984806.565
84 91 6531376.632
84 92 5132613.77
84 93 4327079.811
84 94 1277148.054
84 95 8868409.435
84 96 8044591.292
84 97 9359092.444
84 98 4319059.422
84 99 8822114.857
85 86 3795795.968
85 87 1818383.481
85 88 6278641.369
85 89 5048201.281
85 90 9526672.307
85 91 2226608.576
85 92 3106295.928
85 93 3552090.139
85 94 7933416.23
85 95 11003324.27
85 96 9476092.01
85 97 5497827.802
85 98 4539251.575
85 99 4753809.81
86 87 5559945.484
86 88 5321612.484
86 89 7265563.182
86 90 8480186.769
86 91 2672413.755
86 92 3880567.401
86 93 5897865.444
86 94 8480605.604
86 95 8509371.696
86 96 6974101.342
86 97 1759361.728
86 98 4552982.879
86 99 1107379.821
87 88 6982805.58
87 89 4221133.391
87 90 10013894.23
87 91 3496320.071
87 92 3743936.213
87 93 2957101.582
87 94 7765991.614
87 95 12065624.43
87 96 10589588.26
87 97 7210244.731
87 98 5104005.462
87 99 6452320.689
88 89 5088802.691
88 90 3316941.883
88 91 4152680.121
88 92 3263061.695
88 93 4777289.711
88 94 3707418.643
88 95 5303946.967
88 96 4023168.099
88 97 5214840.779
88 98 1887418.995
88 99 4874998.226
89 90 7119569.577
89 91 4614255.552
89 92 3444065.418
89 93 1511811.208
89 94 3966215.036
89 95 10304928.73
89 96 9106417.412
89 97 8319198.516
89 98 3633947.015
89 99 7628806.61
90 91 7455790.884
90 92 6437480.442
90 93 7400608.964
90 94 3707668.804
90 95 4120763.23
90 96 3821125.37
90 97 7999379.868
90 98 4998402.341
90 99 7846854.421
91 92 1399465.378
91 93 3225458.237
91 94 6425979.616
91 95 8779845.275
91 96 7257499.069
91 97 3989458.146
91 98 2607262.274
91 99 3235797.289
92 93 2270283.607
92 94 5051846.863
92 95 8342529.224
92 96 6894396.162
92 97 4881491.711
92 98 1439271.742
92 99 4184842.712
93 94 4822909.379
93 95 10079131.07
93 96 8742323.369
93 97 7098273.069
93 98 2993702.437
93 99 6374226.533
94 95 7624297.516
94 96 6867743.235
94 97 8768183.095
94 98 3946554.599
94 99 8306530.803
95 96 1551723.506
95 97 7256310.915
95 98 7128102.437
95 99 7510470.978
96 97 5785962.995
96 98 5756255.246
96 99 5994450.185
97 98 5081079.149
97 99 763237.4923
98 99 4510412.534
