4950
0 1 1110778.151
0 2 1292235.011
0 3 4910354.892
0 4 2863064.835
0 5 2527682.44
0 6 4398286.486
0 7 4680339.928
0 8 1670821.825
0 9 6052576.092
0 10 2951901.383
0 11 1833473.722
0 12 3336272.628
0 13 2724755.229
0 14 5182444.916
0 15 3341734.558
0 16 956843.5686
0 17 6077503.48
0 18 2883309.555
0 19 6102419.17
0 20 6614616.066
0 21 3915682.279
0 22 1599075.461
0 23 5512969.963
0 24 2940726.818
0 25 1960946.264
0 26 1466462.552
0 27 3448597.015
0 28 3655351.143
0 29 3496799.884
0 30 5816983.019
0 31 1299967.947
0 32 5870914.268
0 33 3263048.226
0 34 4954615.149
0 35 3895983.191
0 36 6099874.176
0 37 3936476.15
0 38 3916951.764
0 39 3455797.16
0 40 2180942.609
0 41 4267414.647
0 42 2038297.241
0 43 1794453.36
0 44 4391949.473
0 45 6678883.604
0 46 1778534.738
0 47 1534648.595
0 48 4038419.937
0 49 983313.5214
0 50 4718357.394
0 51 6682170.519
0 52 3560224.629
0 53 4355950.715
0 54 6028245.167
0 55 3448978.83
0 56 5187059.486
0 57 4339500.328
0 58 4668789.707
0 59 3733453.989
0 60 4950227.003
0 61 6062599.726
0 62 5816913.064
0 63 2729353.255
0 64 6523499.845
0 65 2098385.205
0 66 3377737.167
0 67 5092714.351
0 68 4394656.207
0 69 5074818.48
0 70 3041545.208
0 71 3215843.005
0 72 5226434.435
0 73 1178211.051
0 74 3242803.732
0 75 583201.8048
0 76 4223192.114
0 77 4571533.405
0 78 4723833.458
0 79 5020043.198
0 80 2462901.08
0 81 4337691.524
0 82 4662220.5
0 83 2044054.256
0 84 5209118.255
0 85 1419859.185
0 86 3463628.857
0 87 3388995.856
0 88 3429644.99
0 89 802486.1414
0 90 2880517.856
0 91 5461903.893
0 92 2104101.562
0 93 3324353.653
0 94 2674513.632
0 95 4182973.801
0 96 3963092.779
0 97 1706170.755
0 98 6485992.916
0 99 3398652.202
1 2 1016532.052
1 3 5156370.04
1 4 3973118.877
1 5 3611537.617
1 6 4202924.453
1 7 4470990.244
1 8 2675207.264
1 9 5290792.261
1 10 3324698.592
1 11 2697370.787
1 12 3907958.543
1 13 2040337.414
1 14 4732338.72
1 15 2825940.22
1 16 965995.3588
1 17 5072440.105
1 18 1797275.644
1 19 5704170.619
1 20 5531960.756
1 21 4975535.524
1 22 1165932.521
1 23 6613114.886
1 24 1877185.583
1 25 2462952.426
1 26 2574476.097
1 27 4331090.167
1 28 4614685.411
1 29 4499966.496
1 30 5779726.898
1 31 1787252.004
1 32 4889319.822
1 33 4369440.388
1 34 5987148.813
1 35 2996116.025
1 36 5089533.847
1 37 4636697.883
1 38 3174304.582
1 39 2373564.396
1 40 1730214.379
1 41 4080500.313
1 42 3142724.885
1 43 2399782.485
1 44 4814466.9
1 45 6498107.42
1 46 1174104.286
1 47 1942862.16
1 48 4029944.05
1 49 534050.5177
1 50 3810779.466
1 51 5578137.573
1 52 4418347.603
1 53 3651590.632
1 54 5959167.291
1 55 4223321.484
1 56 4396275.936
1 57 4230426.185
1 58 5513612.247
1 59 4467091.345
1 60 4249830.137
1 61 5875889.18
1 62 4767048.596
1 63 3770966.414
1 64 5419947.688
1 65 1822687.222
1 66 2304412.69
1 67 4753022.463
1 68 4784369.528
1 69 4015673.362
1 70 4041464.193
1 71 3299141.97
1 72 4376084.282
1 73 2249873.088
1 74 4318010.564
1 75 1446034.946
1 76 5258857.187
1 77 5613803.671
1 78 3784412.387
1 79 5311374.059
1 80 2965513.609
1 81 3465650.4
1 82 5752811.71
1 83 3136423.198
1 84 5055305.675
1 85 896310.1544
1 86 2457253.482
1 87 2280337.254
1 88 2591011.837
1 89 1487607.17
1 90 2786464.369
1 91 4364338.25
1 92 3074185.535
1 93 2942656.903
1 94 1802074.341
1 95 4406070.721
1 96 3002092.125
1 97 2408701.668
1 98 6430223.528
1 99 2293596
2 3 6023974.184
2 4 3800636.041
2 5 3669142.03
2 6 5199719.495
2 7 5471159.5
2 8 2931549.751
2 9 4771222.168
2 10 2348866.308
2 11 3125680.412
2 12 4584904.34
2 13 1452294.097
2 14 5748042.42
2 15 2055053.47
2 16 1789470.148
2 17 4954389.57
2 18 2476064.68
2 19 4863476.034
2 20 5645264.102
2 21 5079195.564
2 22 313368.2195
2 23 6293243.919
2 24 2612431.333
2 25 3163550.673
2 26 2558793.354
2 27 4734487.493
2 28 4915217.052
2 29 3963471.739
2 30 4789000.618
2 31 1013528.667
2 32 4720780.683
2 33 4294171.356
2 34 5469173.852
2 35 3888687.459
2 36 4983859.154
2 37 5220143.583
2 38 2641933.263
2 39 3026410.764
2 40 891600.1669
2 41 5075248.658
2 42 3123478.687
2 43 3033735.647
2 44 5590901.167
2 45 5553056.811
2 46 2189815.625
2 47 2677733.95
2 48 4982551.666
2 49 508043.3352
2 50 3514361.454
2 51 6036865.774
2 52 3698807.791
2 53 4630906.021
2 54 6937234.948
2 55 4740129.613
2 56 3917025.37
2 57 5210344.881
2 58 4755010.429
2 59 3640428.654
2 60 5225363.516
2 61 4930840.988
2 62 4772731.41
2 63 3936619.561
2 64 5884586.56
2 65 2808856.096
2 66 2987950.764
2 67 3873558.243
2 68 3794004.856
2 69 4675055.931
2 70 4282554.658
2 71 4214650.785
2 72 3980619.523
2 73 2396599.129
2 74 3946089.487
2 75 1163378.75
2 76 4761955.996
2 77 5123293.113
2 78 4626423.873
2 79 6159046.372
2 80 2055062.291
2 81 4368367.398
2 82 5399402.926
2 83 3178277.649
2 84 6048142.49
2 85 272607.9364
2 86 2408717.074
2 87 2668232.689
2 88 2205977.235
2 89 2028112.846
2 90 1788824.634
2 91 4885129.05
2 92 2560107.438
2 93 2072353.334
2 94 1515308.472
2 95 5278598.299
2 96 2826115.373
2 97 2974130.456
2 98 5445866.778
2 99 2638753.415
3 4 5504217.95
3 5 4617931.272
3 6 1990994.299
3 7 2020861.906
3 8 4070924.151
3 9 10285828.58
3 10 7788240.672
3 11 3557188.875
3 12 1958597.679
3 13 7183612.083
3 14 3146010.6
3 15 7982119.604
3 16 4240641.331
3 17 9505632.782
3 18 5563327.407
3 19 10856789.19
3 20 9396951.6
3 21 4736952.211
3 22 6266400.296
3 23 7519220.61
3 24 5418743.852
3 25 2970664.075
3 26 4826195.621
3 27 3218132.75
3 28 3734523.816
3 29 7036271.808
3 30 10727034.37
3 31 6188132.619
3 32 9431751.094
3 33 5278000.603
3 34 7947890.198
3 35 4856057.346
3 36 9497634.365
3 37 2238899.026
3 38 8254416.534
3 39 5793480.818
3 40 6862791.962
3 41 1985675.392
3 42 4834236.294
3 43 3182939.894
3 44 911162.1795
3 45 11564590.98
3 46 4194974.16
3 47 3379676.018
3 48 1446221.222
3 49 5536709.236
3 50 8641705.847
3 51 8345467.304
3 52 7644203.945
3 53 4078481.557
3 54 1837059.734
3 55 2661690.147
3 56 9384316.675
3 57 1667503.025
3 58 8617244.475
3 59 8087217.316
3 60 4231174.51
3 61 10944107.94
3 62 8996428.581
3 63 4233131.749
3 64 8204897.767
3 65 3451045.347
3 66 5675711.454
3 67 9888946.312
3 68 9157983.04
3 69 6486305.131
3 70 3944085.159
3 71 1890029.681
3 72 9278880.761
3 73 4484347.169
3 74 6349311.735
3 75 5422978.604
3 76 7364023.806
3 77 7573840.916
3 78 5395758.892
3 79 252282.0642
3 80 7248510.009
3 81 4861719.662
3 82 7094822.516
3 83 4646043.247
3 84 1833785.631
3 85 6008680.962
3 86 7192980.603
3 87 6407672.824
3 88 7613611.579
3 89 4110561.382
3 90 7766007.207
3 91 7257575.802
3 92 6216856.531
3 93 8077472.354
3 94 6851794.1
3 95 750373.3122
3 96 7786667.49
3 97 3349080.956
3 98 11395679.52
3 99 6497113.48
4 5 888321.4625
4 6 6005745.681
4 7 6268965.048
4 8 1773036.249
4 9 8322295.653
4 10 3654306.863
4 11 2234393.148
4 12 3547892.357
4 13 5172323.324
4 14 7128906.44
4 15 5484506.301
4 16 3526446.943
4 17 8751804.406
4 18 5735382.607
4 19 7706259.619
4 20 9416136.528
4 21 1661766.95
4 22 4090452.855
4 23 2685157.021
4 24 5777759.547
4 25 3156873.85
4 26 1424123.711
4 27 2481249.348
4 28 2192747.252
4 29 1590468.978
4 30 6702212.874
4 31 2979131.412
4 32 8510693.343
4 33 597721.3634
4 34 2517963.812
4 35 6558204.179
4 36 8782512.684
4 37 3494940.696
4 38 6296397.46
4 39 6302396.3
4 40 4500378.645
4 41 5881884.167
4 42 927087.0125
4 43 2910207.569
4 44 4655712.79
4 45 7780675.639
4 46 4406020.442
4 47 3232202.929
4 48 5369586.783
4 49 3739223.007
4 50 7278597.626
4 51 9541845.75
4 52 2409876.064
4 53 6754260.697
4 54 7162203.891
4 55 2938270.167
4 56 7548635.306
4 57 5800225.638
4 58 3196755.249
4 59 3012868.368
4 60 7303157.759
4 61 7241760.624
4 62 8567805.967
4 63 1287843.849
4 64 9382809.382
4 65 4359487.506
4 66 6218030.867
4 67 6692453.072
4 68 4520687.885
4 69 7890102.647
4 70 1660643.709
4 71 4593261.626
4 72 7679238.629
4 73 1845511.971
4 74 852492.489
4 75 2659980.98
4 76 1872520.337
4 77 2123484.291
4 78 7404071.749
4 79 5480074.899
4 80 3136442.453
4 81 6949560.444
4 82 1902890.131
4 83 1044664.27
4 84 6618581.039
4 85 4036705.811
4 86 6198076.627
4 87 6245320.352
4 88 5972185.77
4 89 2858312.521
4 90 4513341.995
4 91 8316434.103
4 92 1601739.326
4 93 5280216.469
4 94 5315850.444
4 95 4995306.367
4 96 6625552.377
4 97 2686027.799
4 98 7330259.671
4 99 6249406.059
5 6 5156367.027
5 7 5414739.04
5 8 1057138.44
5 9 8375026.237
5 10 4064219.947
5 11 1428037.038
5 12 2660549.982
5 13 5108639.499
5 14 6309414.106
5 15 5550116.807
5 16 2989864.335
5 17 8588998.522
5 18 5286552.431
5 19 7994734.644
5 20 9139164.403
5 21 1410322.561
5 22 3978358.139
5 23 3360213.516
5 24 5301745.128
5 25 2354344.154
5 26 1110937.168
5 27 1680102.561
5 28 1518339.685
5 29 2439853.304
5 30 7176865.671
5 31 3032322.693
5 32 8371153.502
5 33 869197.6025
5 34 3388701.59
5 35 5938524.909
5 36 8613705.422
5 37 2655109.332
5 38 6280924.439
5 39 5835009.067
5 40 4471274.354
5 41 5034812.554
5 42 573109.1818
5 43 2121866.373
5 44 3776306.167
5 45 8215700.818
5 46 3829636.913
5 47 2512296.342
5 48 4503207.216
5 49 3491145.309
5 50 7182337.137
5 51 9088144.463
5 52 3170217.039
5 53 6034171.005
5 54 6275963.728
5 55 2085574.285
5 56 7554262.152
5 57 4939322.588
5 58 4042696.657
5 59 3722058.723
5 60 6563125.731
5 61 7647985.314
5 62 8343483.296
5 63 454761.6218
5 64 8928099.817
5 65 3670201.849
5 66 5740768.189
5 67 6966681.258
5 68 5117802.55
5 69 7362409.414
5 70 883828.5855
5 71 3744295.136
5 72 7642286.634
5 73 1361801.431
5 74 1731799.928
5 75 2510006.013
5 76 2759238.791
5 77 2998860.081
5 78 6782062.594
5 79 4597895.183
5 80 3507524.912
5 81 6300869.724
5 82 2680477.944
5 83 491320.2707
5 84 5746790.267
5 85 3868208.419
5 86 5984174.133
5 87 5883631.125
5 88 5874992.513
5 89 2292501.191
5 90 4714389.724
5 91 7850405.814
5 92 2029864.197
5 93 5406611.62
5 94 5157915.953
5 95 4107993.33
5 96 6464197.938
5 97 1906063.017
5 98 7825620.368
5 99 5902585.679
6 7 282928.4484
6 8 4277996.245
6 9 8877362.396
6 10 7334482.047
6 11 3778949.053
6 12 2853549.085
6 13 6064857.931
6 14 1289156.884
6 15 6917727.166
6 16 3497891.532
6 17 7837131.353
6 18 4023883.861
6 19 9779547.929
6 20 7580556.884
6 21 5767501.878
6 22 5368333.446
6 23 8428077.178
6 24 3847861.463
6 25 2884339.091
6 26 4916897.526
6 27 4272898.812
6 28 4824579.043
6 29 7339243.146
6 30 9982390.447
6 31 5676368.174
6 32 7804637.768
6 33 5974406.267
6 34 8522063.822
6 35 3000219.046
6 36 7821026.98
6 37 3573421.535
6 38 6991127.204
6 39 4119312.234
6 40 5911980.057
6 41 131837.8889
6 42 5150871.346
6 43 3141624.032
6 44 2507507.021
6 45 10680306.15
6 46 3050852.839
6 47 3008868.65
6 48 753318.1408
6 49 4692392.813
6 50 7174769.505
6 51 6396391.518
6 52 7727191.052
6 53 2111632.028
6 54 1799619.943
6 55 3734967.451
6 56 7994168.052
6 57 336970.42
6 58 8799572.787
6 59 8033839.281
6 60 2241643.367
6 61 10059935.19
6 62 7282422.678
6 63 4898321.66
6 64 6260477.642
6 65 2391988.13
6 66 4008851.236
6 67 8886839.841
6 68 8788924.857
6 69 4566985.977
6 70 4765903.49
6 71 1412818.901
6 72 7830878.304
6 73 4475848.853
6 74 6773918.725
6 75 4978505.732
6 76 7849257.426
6 77 8125247.636
6 78 3444812.543
6 79 2243130.659
6 80 6860646.375
6 81 2929606.661
6 82 7828703.557
6 83 4989749.544
6 84 856025.9839
6 85 5098723.642
6 86 5760351.13
6 87 4836482.803
6 88 6322725.267
6 89 3710391.339
6 90 6985782.047
6 91 5355440.416
6 92 6212114.957
6 93 7101446.352
6 94 5629998.941
6 95 1619143.679
6 96 6337633.512
6 97 3365820.479
6 98 10632968.42
6 99 4938224.278
7 8 4548625.715
7 9 9087413.213
7 10 7614942.292
7 11 4046305.363
7 12 3061178.155
7 13 6314396.538
7 14 1147251.263
7 15 7169642.657
7 16 3777317.724
7 17 8002082.198
7 18 4230736.413
7 19 10025577.09
7 20 7704694.92
7 21 5992794.307
7 22 5635537.067
7 23 8670966.811
7 24 4050329.52
7 25 3157880.041
7 26 5193669.026
7 27 4486544.623
7 28 5039139.084
7 29 7613470.322
7 30 10250668.18
7 31 5957067.375
7 32 7978814.494
7 33 6226268.354
7 34 8786313.988
7 35 3131506.177
7 36 7984124.272
7 37 3748869.612
7 38 7223743.773
7 39 4297848.836
7 40 6174569.908
7 41 414700.8888
7 42 5420210.21
7 43 3415468.224
7 44 2623834.501
7 45 10939970.08
7 46 3313340.188
7 47 3290550.45
7 48 952670.4669
7 49 4964314.162
7 50 7379737.652
7 51 6458532.328
7 52 8007605.965
7 53 2180632.077
7 54 1574024.088
7 55 3941074.236
7 56 8208532.639
7 57 498917.6611
7 58 9078554.425
7 59 8316245.061
7 60 2234623.133
7 61 10320188.56
7 62 7437609.417
7 63 5147716.895
7 64 6326414.994
7 65 2665667.746
7 66 4189920.059
7 67 9140186.621
7 68 9070154.861
7 69 4654922.08
7 70 5003345.984
7 71 1676752.676
7 72 8037172.976
7 73 4754254.019
7 74 7042525.04
7 75 5260805.067
7 76 8116884.546
7 77 8390106.828
7 78 3516555.519
7 79 2271924.815
7 80 7142461.422
7 81 3020124.573
7 82 8082757.025
7 83 5257364.038
7 84 611596.703
7 85 5366041.73
7 86 5975088.358
7 87 5032370.196
7 88 6554068.064
7 89 3993260.779
7 90 7255736.624
7 91 5449830.318
7 92 6492991.412
7 93 7359661.442
7 94 5871220.044
7 95 1748927.081
7 96 6547850.798
7 97 3639018.662
7 98 10899798.37
7 99 5135872.181
8 9 7702417.573
8 10 3914449.215
8 11 524231.6775
8 12 2173954.907
8 13 4381147.536
8 14 5366232.723
8 15 4937813.606
8 16 1960186.154
8 17 7729914.047
8 18 4273727.624
8 19 7576812.348
8 20 8199023.239
8 21 2315876.811
8 22 3244379.819
8 23 4395179.768
8 24 4277099.943
8 25 1399027.438
8 26 761914.7596
8 27 1828346.134
8 28 1986269.578
8 29 3075122.753
8 30 7006697.864
8 31 2541794.226
8 32 7531402.735
8 33 1920377.708
8 34 4262645.059
8 35 4881386.829
8 36 7749970.61
8 37 2512940.553
8 38 5572717.462
8 39 4811297.681
8 40 3798145.464
8 41 4150985.571
8 42 875369.0408
8 43 1145914.617
8 44 3335743.607
8 45 7975639.365
8 46 2779521.754
8 47 1470166.948
8 48 3685514.001
8 49 2652812.104
8 50 6388826.288
8 51 8060960.258
8 52 3584100.545
8 53 4998695.116
8 54 5573109.06
8 55 1957241.233
8 56 6846657.171
8 57 4097237.957
8 58 4597310.819
8 59 4016888.537
8 60 5538842.166
8 61 7379294.562
8 62 7441637.408
8 63 1104069.53
8 64 7900820.685
8 65 2619905.429
8 66 4713586.743
8 67 6549330.052
8 68 5175561.327
8 69 6315779.626
8 70 1374043.125
8 71 2875201.86
8 72 6894933.364
8 73 564247.9793
8 74 2498386.676
8 75 1853432.685
8 76 3575703.296
8 77 3863456.471
8 78 5724999.262
8 79 4104355.619
8 80 3348499.909
8 81 5245493.984
8 82 3666575.955
8 83 729050.2117
8 84 4942519.708
8 85 3085493.451
8 86 5111122.046
8 87 4911840.761
8 88 5099802.33
8 89 1263334.782
8 90 4277724.89
8 91 6821132.643
8 92 2149586.236
8 93 4862180.823
8 94 4344463.311
8 95 3455040.973
8 96 5625905.938
8 97 920069.7609
8 98 7672710.062
8 99 4939403.738
9 10 5086145.779
9 11 7878062.013
9 12 9198525.067
9 13 3328186.736
9 14 8814529.734
9 15 2839119.407
9 16 6255354.727
9 17 2093290.757
9 18 4856743.616
9 19 2245980.309
9 20 3422519.28
9 21 9776795.536
9 22 4458964.942
9 23 10422453.94
9 24 5039356.37
9 25 7753742.778
9 26 7272528.489
9 27 9501172.021
9 28 9683818.18
9 29 7877680.056
9 30 4051184.549
9 31 5364034.319
9 32 1821498.65
9 33 8882042.077
9 34 9217920.501
9 35 6199768.311
9 36 2158357.472
9 37 9915824.538
9 38 2137569.665
9 39 4866991.876
9 40 3913854.243
9 41 8784397.713
9 42 7808265.614
9 43 7681587.702
9 44 10063422.97
9 45 3681451.17
9 46 6094764.902
9 47 7233377.325
9 48 8975455.653
9 49 5104067.643
9 50 1718589.439
9 51 5263024.849
9 52 7152732.922
9 53 7299919.07
9 54 10661073.11
9 55 9472299.435
9 56 902769.3741
9 57 9029144.805
9 58 7805325.917
9 59 6682039.725
9 60 7715770.359
9 61 3375875.07
9 62 2635207.344
9 63 8682154.953
9 64 5202962.046
9 65 6836482.768
9 66 4959181.806
9 67 2446654.815
9 68 5502197.839
9 69 5485325.933
9 70 9044539.318
9 71 8396805.093
9 72 1061410.077
9 73 7161719.653
9 74 8187286.729
9 75 5886393.136
9 76 8651391.13
9 77 8983163.917
9 78 6365195.636
9 79 10471824.53
9 80 5405117.608
9 81 6552349.858
9 82 9529616.369
9 83 7892337.62
9 84 9696744.017
9 85 4636378.621
9 86 3120239.819
9 87 4076601.541
9 88 2704418.989
9 89 6715237.279
9 90 3887770.932
9 91 4953494.971
9 92 6790079.647
9 93 3062853.019
9 94 3491974.732
9 95 9546480.936
9 96 2539851.394
9 97 7666993.329
9 98 4252810.431
9 99 3968623.252
10 11 4348297.975
10 12 6033190.442
10 13 2744754.565
10 14 8020744.887
10 15 2495253.489
10 16 3839406.045
10 17 6122212.141
10 18 4757683.559
10 19 4085011.059
10 20 7144589.274
10 21 5296995.213
10 22 2361452.519
10 23 5369386.201
10 24 4913954.455
10 25 4819863.029
10 26 3194910.678
10 27 5629201.542
10 28 5575992.195
10 29 2829265.768
10 30 3119267.108
10 31 1658566.378
10 32 5821774.404
10 33 4252026.656
10 34 4132124.215
10 35 6231220.013
10 36 6170974.303
10 37 6424376.274
10 38 3437418.412
10 39 5271385.597
10 40 2200171.651
10 41 7204644.54
10 42 3525458.73
10 43 4606052.512
10 44 7169726.023
10 45 4153052.113
10 46 4461855.934
10 47 4461256.858
10 48 6989837.881
10 49 2790788.238
10 50 4562164.466
10 51 7993399.984
10 52 2067919.235
10 53 6972127.053
10 54 8979926.699
10 55 5859658.77
10 56 4485468.124
10 57 7288506.385
10 58 2843922.846
10 59 1660814.684
10 60 7568635.429
10 61 3595470.299
10 62 6171022.283
10 63 4489358.57
10 64 7853073.563
10 65 4975298.283
10 66 5252083.527
10 67 3098535.974
10 68 1466453.245
10 69 6873632.94
10 70 4920056.289
10 71 6163690.718
10 72 4731510.309
10 73 3389746.176
10 74 3267406.047
10 75 2389619.875
10 76 3577156.366
10 77 3901519.753
10 78 6946993.394
10 79 7871367.026
10 80 567965.4207
10 81 6712123.98
10 82 4493724.842
10 83 3684792.551
10 84 8155574.467
10 85 2571139.476
10 86 4095376.684
10 87 4750842.875
10 88 3464484.288
10 89 3714034.523
10 90 1300862.595
10 91 6949943.747
10 92 2067352.908
10 93 2130079.573
10 94 3218785.41
10 95 7083860.458
10 96 4235546.294
10 97 4451025.867
10 98 3776641.035
10 99 4689392.921
11 12 1691372.866
11 13 4550507.206
11 14 4896113.062
11 15 5171294.659
11 16 1852421.355
11 17 7767342.616
11 18 4149594.714
11 19 7886512.774
11 20 8153084.819
11 21 2480618.241
11 22 3432007.259
11 23 4785960.7
11 24 4128926.631
11 25 928047.9383
11 26 1269161.276
11 27 1637593.69
11 28 1934636.524
11 29 3593094.813
11 30 7411862.235
11 31 2886394.233
11 32 7586690.347
11 33 2291590.295
11 34 4745395.241
11 35 4594752.227
11 36 7783127.389
11 37 2136980.82
11 38 5740626.389
11 39 4660184.024
11 40 4013100.914
11 41 3653501.151
11 42 1376658.748
11 43 694606.044
11 44 2845553.383
11 45 8353552.517
11 46 2575804.032
11 47 1133129.739
11 48 3170565.352
11 49 2777467.63
11 50 6488740.314
11 51 7886753.095
11 52 4106846.296
11 53 4619204.63
11 54 5049237.299
11 55 1621777.848
11 56 7004818.182
11 57 3587985.369
11 58 5121327.254
11 59 4530779.154
11 60 5140011.893
11 61 7749506.307
11 62 7440005.242
11 63 1313541.909
11 64 7726873.568
11 65 2291327.001
11 66 4555709.498
11 67 6865063.264
11 68 5648777.838
11 69 6095913.391
11 70 1433255.256
11 71 2369880.304
11 72 7025574.168
11 73 960137.1529
11 74 2996564.436
11 75 2148629.195
11 76 4070615.376
11 77 4347716.368
11 78 5429918.065
11 79 3598519.872
11 80 3787591.171
11 81 4929897.719
11 82 4100455.079
11 83 1211058.676
11 84 4427180.78
11 85 3241855.115
11 86 5154520.824
11 87 4846455.607
11 88 5225452.882
11 89 1210501.872
11 90 4606777.204
11 91 6646502.69
11 92 2659694.19
11 93 5133017.143
11 94 4450011.853
11 95 2932447.331
11 96 5695523.214
11 97 485692.3827
11 98 8080557.25
11 99 4885323.534
12 13 5920459.682
12 14 4130240.674
12 15 6632435.871
12 16 2943265.586
12 17 8787566.894
12 18 4894763.133
12 19 9435988.079
12 20 8951677.975
12 21 2951372.944
12 22 4869098.717
12 23 5689784.683
12 24 4808224.503
12 25 1445824.679
12 26 2935755.897
12 27 1427456.202
12 28 1980086.183
12 29 5078893.02
12 30 9073900.621
12 31 4521676.693
12 32 8652779.654
12 33 3350322.725
12 34 6011349.681
12 35 4778407.617
12 36 8792712.958
12 37 869193.2614
12 38 7079223.069
12 39 5291956.559
12 40 5471433.968
12 41 2757785.555
12 42 2887679.268
12 43 1551193.356
12 44 1162781.906
12 45 9987772.587
12 46 3287370.964
12 47 1965156.444
12 48 2109492.054
12 49 4154021.329
12 50 7676626.243
12 51 8310343.114
12 52 5708598.421
12 53 4403048.217
12 54 3652638.239
12 55 881419.3229
12 56 8302626.576
12 57 2562303.919
12 58 6664317.846
12 59 6177072.086
12 60 4788384.851
12 61 9376851.112
12 62 8370387.849
12 63 2286622.328
12 64 8155657.201
12 65 2661281.861
12 66 5174590.924
12 67 8428803.539
12 68 7339413.509
12 69 6429572.075
12 70 2035095.394
12 71 1625278.732
12 72 8267627.637
12 73 2650667.703
12 74 4391264.151
12 75 3760807.996
12 76 5412505.752
12 77 5631855.684
12 78 5522995.891
12 79 1954676.464
12 80 5475140.273
12 81 4973548.567
12 82 5193114.876
12 83 2698038.403
12 84 3250626.185
12 85 4640072.322
12 86 6257500.67
12 87 5703437.456
12 88 6496445.045
12 89 2557775.978
12 90 6205025.724
12 91 7107539.038
12 92 4318971.678
12 93 6650541.052
12 94 5707584.922
12 95 1489829.536
12 96 6838113.196
12 97 1634341.223
12 98 9743839.768
12 99 5769212.148
13 14 6351526.889
13 15 862449.2852
13 16 2998067.867
13 17 3616457.527
13 18 2443760.353
13 19 3718524.128
13 20 4476506.494
13 21 6518707.718
13 22 1138958.9
13 23 7538514.32
13 24 2637956.267
13 25 4476413.667
13 26 3997913.657
13 27 6173257.499
13 28 6366233.482
13 29 5080582.484
13 30 4144144.174
13 31 2209837.8
13 32 3355967.929
13 33 5694761.042
13 34 6556056.646
13 35 4041626.489
13 36 3653590.4
13 37 6606838.103
13 38 1192389.953
13 39 2824772.667
13 40 683590.8206
13 41 5952149.716
13 42 4554217.394
13 43 4382921.395
13 44 6853884.762
13 45 4669475.399
13 46 3045880.854
13 47 3963642.098
13 48 5995321.235
13 49 1782313.366
13 50 2107498.063
13 51 5255735.999
13 52 4600980.732
13 53 5006641.547
13 54 7857921.901
13 55 6150334.407
13 56 2465553.171
13 57 6143055.787
13 58 5536465.408
13 59 4352237.901
13 60 5556862.914
13 61 4060615.31
13 62 3535333.573
13 63 5386998.473
13 64 5118065.086
13 65 3776004.993
13 66 2845085.771
13 67 2832498.13
13 68 3928836.676
13 69 4284045.475
13 70 5734840.956
13 71 5309305.799
13 72 2533667.225
13 73 3848872.278
13 74 5203379.422
13 75 2598972.589
13 76 5889739.349
13 77 6247051.169
13 78 4598412.848
13 79 7344941.95
13 80 2750585.253
13 81 4508532.638
13 82 6634578.425
13 83 4619259.796
13 84 6919339.11
13 85 1308700.664
13 86 1351697.587
13 87 2141500.839
13 88 812962.5315
13 89 3399326.079
13 90 1548815.683
13 91 4254738.432
13 92 3776078.769
13 93 1140471.159
13 94 563181.1179
13 95 6433499.381
13 96 1548245.492
13 97 4353640.998
13 98 4741254.415
13 99 2058235.31
14 15 7213259.56
14 16 4230512.599
14 17 7506652.656
14 18 4036108.191
14 19 9990585.438
14 20 7041667.362
14 21 7014570.512
14 22 5856840.291
14 23 9628347.812
14 24 3838870.809
14 25 3972165.931
14 26 5938201.819
14 27 5540019.635
14 28 6089474.475
14 29 8370788.571
14 30 10431066.45
14 31 6389818.807
14 32 7526966.651
14 33 7150651.238
14 34 9628694.151
14 35 2629025.97
14 36 7480419.722
14 37 4862472.769
14 38 7116930.911
14 39 3947569.027
14 40 6335026.505
14 41 1374080.505
14 42 6240178.332
14 43 4221150.643
14 44 3770015.364
14 45 11021002.09
14 46 3565932.072
14 47 3979854.879
14 48 2042218.429
14 49 5259312.731
14 50 7096505.984
14 51 5600268.463
14 52 8665072.755
14 53 1532265.335
14 54 2187975.295
14 55 5010737.011
14 56 7970302.523
14 57 1611744.275
14 58 9760179.789
14 59 8905696.914
14 60 1309818.928
14 61 10411069.05
14 62 6904833.811
14 63 6088499.831
14 64 5480913.68
14 65 3084067.155
14 66 3857149.702
14 67 9174530.841
14 68 9487195.292
14 69 3910545.683
14 70 5990864.324
14 71 2602674.821
14 72 7753205.202
14 73 5480556.548
14 74 7857949.312
14 75 5762644.138
14 76 8935603.304
14 77 9229325.341
14 78 2757008.055
14 79 3393944.065
14 80 7596976.645
14 81 2360083.247
14 82 8989868.284
14 83 6092589.488
14 84 1409581.784
14 85 5594547.322
14 86 5773799.325
14 87 4746698.644
14 88 6449096.504
14 89 4601754.289
14 90 7484210.381
14 91 4709920.641
14 92 7150431.879
14 93 7458186.131
14 94 5851060.032
14 95 2890485.758
14 96 6308210.836
14 97 4446603.918
14 98 11058743.53
14 99 4856762.175
15 16 3758084.288
15 17 3626958.662
15 18 3277529.771
15 19 2882309.763
15 20 4681688.642
15 21 6945933.838
15 22 1763477.273
15 23 7664400.002
15 24 3474699.044
15 25 5200072.555
15 26 4456123.363
15 27 6760079.021
15 28 6900295.11
15 29 5138564.424
15 30 3321081.527
15 31 2527251.748
15 32 3327386.788
15 33 6042923.116
15 34 6552875.946
15 35 4873921.867
15 36 3675831.421
15 37 7274948.48
15 38 942166.1817
15 39 3616307.104
15 40 1163599.3
15 41 6803629.879
15 42 4980341.291
15 43 5082586.81
15 44 7610234.247
15 45 3808006.531
15 46 3885360.935
15 47 4699808.973
15 48 6827525.226
15 49 2483354.464
15 50 2067457.699
15 51 5744787.078
15 52 4517398.698
15 53 5858003.601
15 54 8707576.53
15 55 6790198.091
15 56 2085095.134
15 57 6988374.813
15 58 5337939.527
15 59 4156057.197
15 60 6401466.181
15 61 3201071.824
15 62 3698621.399
15 63 5873673.474
15 64 5618902.631
15 65 4605994.455
15 66 3648523.853
15 67 1971924.478
15 68 3427873.462
15 69 4979071.181
15 70 6250326.729
15 71 6121291.815
15 72 2275834.864
15 73 4383223.097
15 74 5382983.124
15 75 3091796.541
15 76 5934653.839
15 77 6280737.473
15 78 5391319.538
15 79 8134773.429
15 80 2678992.99
15 81 5334145.366
15 82 6763027.164
15 83 5072219.619
15 84 7773002.614
15 85 1997589.749
15 86 1918912.049
15 87 2876991.548
15 88 1124342.832
15 89 4079924.004
15 90 1194888.251
15 91 4850709.826
15 92 3969351.227
15 93 412432.038
15 94 1383442.588
15 95 7231881.929
15 96 1850883.654
15 97 5028705.057
15 98 3900148.827
15 99 2781309.839
16 17 5952072.422
16 18 2316587.563
16 19 6621205.578
16 20 6300910.205
16 21 4267600.784
16 22 2025818.846
16 23 6211552.047
16 24 2316973.273
16 25 1499885.496
16 26 2109441.65
16 27 3451738.014
16 28 3786497.366
16 29 4376911.313
16 30 6556319.972
16 31 2184060.754
16 32 5787958.343
16 33 3819800.891
16 34 5794240.187
16 35 3049588.954
16 36 5964449.912
16 37 3685568.462
16 38 4140228.85
16 39 2851150.523
16 40 2623890.285
16 41 3368834.833
16 42 2618830.277
16 43 1455214.456
16 44 3857593.565
16 45 7342158.851
16 46 888720.5394
16 47 978363.359
16 48 3211138.166
16 49 1296243.032
16 50 4751966.406
16 51 6101895.866
16 52 4504886.329
16 53 3419047.253
16 54 5185610.692
16 55 3295425.412
16 56 5359445.452
16 57 3470117.442
16 58 5612651.503
16 59 4690286.335
16 60 4009199.452
16 61 6720064.075
16 62 5600446.073
16 63 3057463.408
16 64 5941771.98
16 65 1148558.705
16 66 2754022.518
16 67 5648367.381
16 68 5298988.456
16 69 4379751.162
16 70 3264738.097
16 71 2427546.257
16 72 5330499.864
16 73 1684293.057
16 74 4037735.692
16 75 1532905.306
16 76 5064993.925
16 77 5402379.221
16 78 3892340.401
16 79 4383304
16 80 3381798.207
16 81 3466225.613
16 82 5402247.368
16 83 2560234.448
16 84 4328241.537
16 85 1769870.695
16 86 3361404.785
16 87 2994037.357
16 88 3553347.928
16 89 698344.8363
16 90 3561929.567
16 91 4862720.819
16 92 3023893.535
16 93 3837340.933
16 94 2764398.255
16 95 3493093.375
16 96 3926900.868
16 97 1494944.42
16 98 7218461.819
16 99 3033499.216
17 18 3956912.288
17 19 4281935.498
17 20 1336103.35
17 21 9989552.577
17 22 4661353.674
17 23 11154612.4
17 24 4089815.796
17 25 7401304.156
17 26 7489027.51
17 27 9394914.682
17 28 9686628.512
17 29 8680668.258
17 30 5926744.828
17 31 5820310.6
17 32 323257.4345
17 33 9247609.841
17 34 10136128.66
17 35 4903785.184
17 36 65846.00144
17 37 9594878.278
17 38 2684795.112
17 39 3728090.823
17 40 4299990.429
17 41 7766815.246
17 42 8061859.079
17 43 7398975.666
17 44 9464580.664
17 45 5719812.872
17 46 5504832.421
17 47 6889566.512
17 48 8096577.185
17 49 5100323.038
17 50 1561807.055
17 51 3209749.95
17 52 8127603.76
17 53 5978217.08
17 54 9540317.631
17 55 9242128.9
17 56 1904816.726
17 57 8050356.511
17 58 8964333.671
17 59 7783012.025
17 60 6283153.537
17 61 5343985.234
17 62 644458.9662
17 63 8806455.806
17 64 3166207.393
17 65 6186530.66
17 66 3842927.818
17 67 4218039.559
17 68 6921717.879
17 69 3788498.933
17 70 9103124.605
17 71 7675487.95
17 72 1540353.199
17 73 7255307.915
17 74 8819316.994
17 75 6112024.521
17 76 9487793.586
17 77 9841986.178
17 78 4833997.535
17 79 9721179.085
17 80 6272539.082
17 81 5150333.893
17 82 10250481.45
17 83 8098744.153
17 84 8588391.977
17 85 4731275.856
17 86 2619046.668
17 87 3115123.947
17 88 2803519.466
17 89 6556894.202
17 90 4821649.758
17 91 3118356.79
17 92 7392467.331
17 93 4003427.654
17 94 3440965.041
17 95 8807916.128
17 96 2129144.472
17 97 7446417.983
17 98 6228752.207
17 99 3036273.15
18 19 5966044.564
18 20 4066170.407
18 21 6584147.768
18 22 2399723.458
18 23 8396080.155
18 24 199963.3615
18 25 3586452.818
18 26 4317026.199
18 27 5691381.87
18 28 6070857.599
18 29 6288195.386
18 30 6587218.563
18 31 3454146.102
18 32 3869655.274
18 33 6090990.025
18 34 7780739.185
18 35 1598093.136
18 36 3953542.677
18 37 5733194.905
18 38 3082403.575
18 39 576433.549
18 40 2652190.885
18 41 3934403.326
18 42 4868262.96
18 43 3640912.248
18 44 5510788.392
18 45 7060194.255
18 46 1629163.384
18 47 3111534.98
18 48 4180351.856
18 49 2197235.323
18 50 3150886.696
18 51 3809741.936
18 52 6144190.338
18 53 2600865.386
18 54 5804329.578
18 55 5446270.402
18 56 3981215.884
18 57 4190211.998
18 58 7218724.838
18 59 6116048.771
18 60 3127551.466
18 61 6464925.23
18 62 3490879.272
18 63 5373612.362
18 64 3650195.312
18 65 2247767.085
18 66 516404.3914
18 67 5193596.647
18 68 6139782.371
18 69 2227922.385
18 70 5575211.897
18 71 3719020.547
18 72 3807294.742
18 73 3942166.472
18 74 6113726.738
18 75 3238458.055
18 76 7053653.133
18 77 7409488.413
18 78 2204606.529
18 79 5773302.477
18 80 4523993.057
18 81 2065773.515
18 82 7543637.3
18 83 4835504.459
18 84 4840020.333
18 85 2218560.336
18 86 1752831.148
18 87 844845.6501
18 88 2417310.919
18 89 3010522.529
18 90 3837978.883
18 91 2581053.622
18 92 4859779.319
18 93 3584206.979
18 94 1894920.156
18 95 4855534.378
18 96 2317606.674
18 97 3741904.637
18 98 7177178.35
18 99 934352.5574
19 20 5617274.145
19 21 9314397.87
19 22 4599516.174
19 23 9359986.507
19 24 6165622.355
19 25 8025987.816
19 26 6978198.626
19 27 9398613.208
19 28 9454166.868
19 29 6865844.329
19 30 1942620.969
19 31 5037720.825
19 32 3981048.681
19 33 8301195.71
19 34 7998648.884
19 35 7510668.881
19 36 4347776.651
19 37 10020615.33
19 38 2893445.531
19 39 6173399.015
19 40 3997887.408
19 41 9668221.4
19 42 7426637.636
19 43 7886947.707
19 44 10454165.85
19 45 1439725.222
19 46 6762731.705
19 47 7540278.117
19 48 9708725.857
19 49 5330288.981
19 50 3341438.227
19 51 7330399.901
19 52 5990988.786
19 53 8562752.137
19 54 11574860.35
19 55 9503620.925
19 56 2504676.96
19 57 9861561.634
19 58 6380240.135
19 59 5404762.794
19 60 9064559.054
19 61 1173786.393
19 62 4745435.642
19 63 8379346.709
19 64 7249361.892
19 65 7487335.244
19 66 6235596.825
19 67 1030089.198
19 68 3921406.259
19 69 7195970.479
19 70 8790478.042
19 71 9002216.062
19 72 2877111.21
19 73 7012636.043
19 74 7351300.55
19 75 5740711.747
19 76 7553352.371
19 77 7842224.115
19 78 7877522.794
19 79 11004240.22
19 80 4572019.952
19 81 7935149.849
19 82 8517494.291
19 83 7556147.745
19 84 10632657.38
19 85 4851420.112
19 86 4293036.852
19 87 5362326.567
19 88 3549754.34
19 89 6880276.391
19 90 3302763.786
19 91 6811662.475
19 92 6104538.862
19 93 2791176.53
19 94 4159798.389
19 95 10107081.02
19 96 3867567.555
19 97 7808589.542
19 98 2023667.277
19 99 5252307.011
20 21 10506884.7
20 22 5383652.605
20 23 11935809.97
20 24 4143547.969
20 25 7649665.849
20 26 8073507.624
20 27 9736397.12
20 28 10087406.43
20 29 9536895.199
20 30 7230402.055
20 31 6596940.991
20 32 1638796.483
20 33 9866080.461
20 34 11024462.81
20 35 4580371.624
20 36 1270281.715
20 37 9796621.231
20 38 3763289.689
20 39 3670413.305
20 40 5138724.564
20 41 7530273.483
20 42 8648768.565
20 43 7691970.201
20 44 9484437.215
20 45 7054366.976
20 46 5694280.669
20 47 7164870.11
20 48 7954721.205
20 49 5681171.872
20 50 2666083.934
20 51 2031458.257
20 52 9075355.249
20 53 5563238.295
20 54 9175132.146
20 55 9510390.988
20 56 3201813.55
20 57 7834472.412
20 58 9980801.457
20 59 8793150.113
20 60 5752374.014
20 61 6669125.344
20 62 988246.6188
20 63 9299838.808
20 64 2029423.26
20 65 6291954.663
20 66 3789393.408
20 67 5514127.023
20 68 8073901.461
20 69 3141211.363
20 70 9550716.453
20 71 7663070.533
20 72 2824903.076
20 73 7779307.16
20 74 9587790.395
20 75 6757298.47
20 76 10345863.89
20 77 10705501.74
20 78 4286128.028
20 79 9628626.803
20 80 7219650.912
20 81 4709516.582
20 82 11038590.3
20 83 8658343.902
20 84 8255825.774
20 85 5392991.967
20 86 3239615.605
20 87 3308118.073
20 88 3693806.456
20 89 6962938.597
20 90 5853521.77
20 91 2357195.69
20 92 8181605.844
20 93 5082882.763
20 94 4161511.671
20 95 8747029.812
20 96 2930218.743
20 97 7776452.405
20 98 7553179.578
20 99 3267956.337
21 22 5388631.978
21 23 2783338.6
21 24 6579890.548
21 25 3295323.392
21 26 2521254.25
21 27 1536772.279
21 28 1002515.243
21 29 3085591.298
21 30 8362400.406
21 31 4420641.481
21 32 9775578.401
21 33 1079085.321
21 34 3432091.258
21 35 7065706.014
21 36 10013134.49
21 37 2507593.603
21 38 7689177.809
21 39 7113738.173
21 40 5878727.998
21 41 5661206.695
21 42 1969379.447
21 43 3121599.278
21 44 3827308.482
21 45 9436307.567
21 46 5048086.195
21 47 3609038.943
21 48 5041117.142
21 49 4889249.317
21 50 8591687.33
21 51 10355046.95
21 52 4000446.433
21 53 7001761.148
21 54 6541238.903
21 55 2102486.986
21 56 8961520.325
21 57 5495117.586
21 58 4620800.373
21 59 4631825.063
21 60 7480568.477
21 61 8891000.498
21 62 9730336.94
21 63 1211970.504
21 64 10194975.04
21 65 4754890.527
21 66 7013027.2
21 67 8292135.714
21 68 6175202.523
21 69 8575850.617
21 70 1073112.015
21 71 4417750.399
21 72 9052292.406
21 73 2738064.413
21 74 2332844.211
21 75 3920285.833
21 76 3027503.166
21 77 3117104.581
21 78 7894658.723
21 79 4642544.396
21 80 4763841.645
21 81 7383110.915
21 82 2462115.682
21 83 1900918.059
21 84 6201610.965
21 85 5275820.989
21 86 7378965.93
21 87 7226716.161
21 88 7284866.87
21 89 3575345.165
21 90 6066614.664
21 91 9114286.579
21 92 3230458.283
21 93 6787079.487
21 94 6563962.069
21 95 4421557.595
21 96 7867671.355
21 97 2948330.765
21 98 8991868.28
21 99 7252667.406
22 23 6552541.004
22 24 2552874.942
22 25 3439214.504
22 26 2867569.295
22 27 5044845.525
22 28 5228405.998
22 29 4184387.475
22 30 4615512.549
22 31 1223025.26
22 32 4422839.017
22 33 4592497.778
22 34 5687094.591
22 35 3880456.161
22 36 4692193.099
22 37 5517751.791
22 38 2328709.136
22 39 2927517.008
22 40 604118.8298
22 41 5246212.253
22 42 3429880.51
22 43 3319109.675
22 44 5858076.696
22 45 5338390.34
22 46 2328484.538
22 47 2944169.5
22 48 5186441.081
22 49 730998.3573
22 50 3208245.556
22 51 5849934.158
22 52 3861873.651
22 53 4680469.346
22 54 7124128.961
22 55 5043401.831
22 56 3603689.742
22 57 5395400.227
22 58 4894266.784
22 59 3754430.786
22 60 5268837.088
22 61 4715877.197
22 62 4496808.779
22 63 4249215.764
22 64 5699927.227
22 65 2987668.971
22 66 2900661.171
22 67 3622555.963
22 68 3772511.854
22 69 4558263.393
22 70 4595910.883
22 71 4436293.139
22 72 3668373.571
22 73 2709962.277
22 74 4204581.696
22 75 1469631.786
22 76 4988428.517
22 77 5349703.113
22 78 4585616.106
22 79 6408073.6
22 80 2138075.789
22 81 4362262.665
22 82 5654944.642
22 83 3487836.883
22 84 6221105.271
22 85 269643.7692
22 86 2144070.511
22 87 2496639.331
22 88 1898719.489
22 89 2317113.996
22 90 1630414.953
22 91 4721996.16
22 92 2801075.33
22 93 1811893.272
22 94 1231599.661
22 95 5518470.48
22 96 2536121.093
22 97 3267822.016
22 98 5264635.126
22 99 2456491.002
23 24 8447514.26
23 25 5707830.631
23 26 4105877.08
23 27 4307313.31
23 28 3785052.65
23 29 2546076.086
23 30 7923906.104
23 31 5347735.025
23 32 10888446.87
23 33 2494485.244
23 34 1490555.871
23 35 9239905.354
23 36 11192098.81
23 37 5290520.825
23 38 8560680.222
23 39 8967402.614
23 40 6855292.77
23 41 8313192.806
23 42 3602498.253
23 43 5480535.123
23 44 6610235.844
23 45 9052277.523
23 46 7090696.457
23 47 5864373.441
23 48 7729840.966
23 49 6322155.394
23 50 9624102.508
23 51 12191204.4
23 52 3368997.734
23 53 9391604.518
23 54 9315392.44
23 55 4871382.885
23 56 9744795.238
23 57 8179922.939
23 58 3250073.387
23 59 3972935.833
23 60 9923300.861
23 61 8623908.796
23 62 11042334.58
23 63 3539934.74
23 64 12033060.76
23 65 7013482.045
23 66 8886645.895
23 67 8427814.683
23 68 5576572.421
23 69 10568948.27
23 70 3672695.295
23 71 7032801.906
23 72 9935213.51
23 73 4530058.189
23 74 2348022.418
23 75 5225406.025
23 76 1807031.398
23 77 1531295.409
23 78 10085922.26
23 79 7425688.483
23 80 5017686.876
23 81 9624667.155
23 82 904525.3297
23 83 3691227.912
23 84 8930231.298
23 85 6551150.149
23 86 8696273.735
23 87 8859010.774
23 88 8351437.781
23 89 5541317.764
23 90 6537880.5
23 91 10974609.8
23 92 3764951.017
23 93 7376054.927
23 94 7779674.304
23 95 7176051.05
23 96 9061887.012
23 97 5266130.427
23 98 8446142.486
23 99 8853591.984
24 25 3528843.352
24 26 4355474.978
24 27 5646962.057
24 28 6039690.92
24 29 6376915.902
24 30 6782001.223
24 31 3575670.078
24 32 4013876.18
24 33 6117206.807
24 34 7863820.889
24 35 1404065.936
24 36 4083987.624
24 37 5654089.167
24 38 3281046.508
24 39 534212.5916
24 40 2828688.96
24 41 3760824.694
24 42 4899076.447
24 43 3596799.267
24 44 5391111.687
24 45 7259517.409
24 46 1575331.526
24 47 3067388.25
24 48 4024549.923
24 49 2306260.527
24 50 3329416.073
24 51 3786418.371
24 52 6259165.451
24 53 2400904.337
24 54 5623034.54
24 55 5384262.499
24 56 4167723.069
24 57 4021514.495
24 58 7339936.261
24 59 6247737.978
24 60 2928767.876
24 61 6663755.289
24 62 3605711.332
24 63 5372021.508
24 64 3626362.733
24 65 2150176.801
24 66 440688.1159
24 67 5393220.855
24 68 6306267.337
24 69 2139437.446
24 70 5559445.752
24 71 3588792.058
24 72 3987041.973
24 73 3968063.649
24 74 6180601.747
24 75 3323177.787
24 76 7134991.617
24 77 7489124.592
24 78 2036162.38
24 79 5632149.417
24 80 4665740.044
24 81 1875197.797
24 82 7602597.604
24 83 4858698.322
24 84 4658482.074
24 85 2360701.428
24 86 1943738.044
24 87 996129.9738
24 88 2616598.668
24 89 3014846.897
24 90 4017191.916
24 91 2549252.937
24 92 4950256.958
24 93 3778143.14
24 94 2091569.816
24 95 4718110.328
24 96 2502266.574
24 97 3708440.706
24 98 7373812.281
24 99 1093517.064
25 26 2043341.775
25 27 2134118.363
25 28 2576276.268
25 29 4455608.282
25 30 7770704.381
25 31 3220395.543
25 32 7252508.63
25 33 3213768.167
25 34 5659776.053
25 35 3792323.866
25 36 7409829.63
25 37 2197638.46
25 38 5633398.475
25 39 4042615.99
25 40 4043114.881
25 41 2756213.2
25 42 2274364.284
25 43 257796.5187
25 44 2434937.312
25 45 8639594.277
25 46 1957547.858
25 47 522164.48
25 48 2326364.659
25 49 2717356.421
25 50 6245792.82
25 51 7199865.587
25 52 4884397.994
25 53 3722555.609
25 54 4272818.285
25 55 1860809.97
25 56 6858783.295
25 57 2718877.524
25 58 5936924.315
25 59 5246246.505
25 60 4228750.788
25 61 8022811.764
25 62 7013236.011
25 63 2197933.691
25 64 7041314.762
25 65 1488917.037
25 66 3930236.809
25 67 7028651.567
25 68 6206244.34
25 69 5361975.724
25 70 2222296.627
25 71 1495589.057
25 72 6829427.142
25 73 1621189.794
25 74 3897298.938
25 75 2453833.676
25 76 4974721.06
25 77 5260961.715
25 78 4610122.855
25 79 3066659.918
25 80 4285285.829
25 81 4091273.582
25 82 5028483.493
25 83 2121630.664
25 84 3578198.968
25 85 3203662.828
25 86 4839452.317
25 87 4358178.826
25 88 5052889.598
25 89 1159515.056
25 90 4839935.916
25 91 5968023.673
25 92 3385618.272
25 93 5235431.779
25 94 4263861.275
25 95 2265880.571
25 96 5413710.828
25 97 481582.669
25 98 8440498.359
25 99 4414350.3
26 27 2449551.8
26 28 2477831.78
26 29 2433336.973
26 30 6305375.298
26 31 1959438.385
26 32 7267012.508
26 33 1796702.446
26 34 3744329.72
26 35 5153338.433
26 36 7514944.168
26 37 3236278.503
26 38 5172083.671
26 39 4881672.27
26 40 3363849.158
26 41 4787169.46
26 42 575877.4481
26 43 1786237.944
26 44 4097656.811
26 45 7299685.576
26 46 2994484.409
26 47 1960031.981
26 48 4367656.999
26 49 2400990.107
26 50 6072719.457
26 51 8125986.571
26 52 2852232.751
26 53 5414831.242
26 54 6290369.502
26 55 2667052.155
26 56 6446301.129
26 57 4761713.856
26 58 3893943.747
26 59 3261693.668
26 60 5981301.757
26 61 6712851.143
26 62 7258467.86
26 63 1420249.447
26 64 7966647.489
26 65 3016208.008
26 66 4795974.513
26 67 5948110.473
26 68 4421767.085
26 69 6466011.806
26 70 1815651.552
26 71 3538894.266
26 72 6531580.877
26 73 463374.5117
26 74 1964583.181
26 75 1399099.328
26 76 3027510.258
26 77 3346160.309
26 78 5998037.2
26 79 4864069.702
26 80 2626962.533
26 81 5556717.518
26 82 3293581.184
26 83 621606.4659
26 84 5621228.774
26 85 2761840.376
26 86 4892695.071
26 87 4854517.76
26 88 4764768.743
26 89 1462198.586
26 90 3678141.535
26 91 6897478.885
26 92 1390715.69
26 93 4331429.909
26 94 4052974.179
26 95 4196192.616
26 96 5361810.146
26 97 1569437.157
26 98 6967614.565
26 99 4865061.613
27 28 552724.1101
27 29 4071683.074
27 30 8746761.982
27 31 4360894.683
27 32 9219205.29
27 33 2125237.972
27 34 4780793.091
27 35 5892196.212
27 36 9409297.684
27 37 1036899.119
27 38 7365260.485
27 39 6167273.292
27 40 5612670.179
27 41 4172775.48
27 42 2130968.282
27 43 2050803.806
27 44 2314905.071
27 45 9748954.359
27 46 4071659.454
27 47 2580417.415
27 48 3534046.867
27 49 4409275.774
27 50 8126319.931
27 51 9333285.294
27 52 4846442.372
27 53 5676122.665
27 54 5008554.956
27 55 565801.0808
27 56 8633576.401
27 57 3987648.518
27 58 5677909.034
27 59 5401917.675
27 60 6111151.033
27 61 9162271.019
27 62 9052172.269
27 63 1226431.647
27 64 9174880.754
27 65 3614141.179
27 66 6056540.866
27 67 8369847.146
27 68 6768081.72
27 69 7488599.018
27 70 820698.2279
27 71 2974003.476
27 72 8660679.321
27 73 2391250.373
27 74 3325819.216
27 75 3681497.422
27 76 4253356.046
27 77 4423197.834
27 78 6688831.655
27 79 3140974.742
27 80 5062273.262
27 81 6153741.427
27 82 3888118.139
27 83 1956249.125
27 84 4671052.793
27 85 4866532.029
27 86 6786712.084
27 87 6429698.45
27 88 6860484.448
27 89 2843641.723
27 90 6096596.471
27 91 8102109.035
27 92 3664947.091
27 93 6690419.529
27 94 6086919.508
27 95 2885409.138
27 96 7331652.901
27 97 1961313.154
27 98 9405831.94
27 99 6475980.866
28 29 3765894.942
28 30 8692010.374
28 31 4434354.313
28 32 9497544.562
28 33 1745492.361
28 34 4344463.675
28 35 6363376.108
28 36 9704146.254
28 37 1509352.213
28 38 7557114.935
28 39 6566615
28 40 5773543.081
28 41 4723710.77
28 42 2052851.847
28 43 2456415.111
28 44 2825185.58
28 45 9723419.99
28 46 4469840.324
28 47 2980318.993
28 48 4086590.113
28 49 4634866.815
28 50 8370297.147
28 51 9764155.481
28 52 4599960.614
28 53 6191462.595
28 54 5540225.818
28 55 1111225.351
28 56 8831759.249
28 57 4540256.66
28 58 5359706.939
28 59 5188098.07
28 60 6638565.728
28 61 9149920.758
28 62 9371112.594
28 63 1087401.145
28 64 9604995.797
28 65 4065192.935
28 66 6458772.391
28 67 8424141.568
28 68 6628390.583
28 69 7936683.852
28 70 664017.9707
28 71 3515332.377
28 72 8881004.951
28 73 2522533.673
28 74 3005508.834
28 75 3808785.305
28 76 3861998.672
28 77 4002238.871
28 78 7171487.909
28 79 3642451.98
28 80 5015656.127
28 81 6642377.634
28 82 3415802.519
28 83 1905298.717
28 84 5221079.781
28 85 5071719.168
28 86 7069000.18
28 87 6780203.252
28 88 7084995.628
28 89 3136823.446
28 90 6155712.783
28 91 8527890.802
28 92 3548044.723
28 93 6798622.173
28 94 6325541.872
28 95 3431208.178
28 96 7596947.12
28 97 2331260.303
28 98 9342438.678
28 99 6819816.119
29 30 5570673.203
29 31 2961813.464
29 32 8404027.874
29 33 2044265.583
29 34 1505971.136
29 35 7391981.638
29 36 8721421.933
29 37 5081679.277
29 38 6049479.446
29 39 6863706.934
29 40 4404571.744
29 41 7210501.157
29 42 2225831.44
29 43 4198003.112
29 44 6211345.448
29 45 6689977.785
29 46 5253261.408
29 47 4391185.359
29 48 6760591.7
29 49 4105673.503
29 50 7133683.514
29 51 9989642.158
29 52 965981.9167
29 53 7780560.164
29 54 8630964.991
29 55 4519733.731
29 56 7211742.552
29 57 7169544.369
29 58 1606933.554
29 59 1624204.965
29 60 8360871.925
29 61 6211792.798
29 62 8612817.528
29 63 2868414.619
29 64 9835528.162
29 65 5402985.665
29 66 6800553.784
29 67 5909467.322
29 68 3253835.916
29 69 8513759.43
29 70 3251026.078
29 71 5945959.022
29 72 7413922.081
29 73 2890369.61
29 74 762999.1463
29 75 3054011.333
29 76 809406.7593
29 77 1168627.865
29 78 8220508.18
29 79 7028170.017
29 80 2475016.867
29 81 7828846.742
29 82 1664467.591
29 83 2406738.929
29 84 8017594.04
29 85 4233898.04
29 86 6310693.234
29 87 6619194.161
29 88 5888695.535
29 89 3824882.823
29 90 3996387.79
29 91 8813345.358
29 92 1428771.633
29 93 4837924.628
29 94 5380978.916
29 95 6483305.415
29 96 6624064.583
29 97 3974714.387
29 98 6149801.436
29 99 6596528.689
30 31 4558309.6
30 32 5607564.812
30 33 7295181.989
30 34 6483064.944
30 35 8185306.351
30 36 5991052.562
30 37 9519416.623
30 38 3840346.901
30 39 6937107.419
30 40 4098713.263
30 41 9859390.076
30 42 6643712.27
30 43 7582875.579
30 44 10182116.28
30 45 1128396.71
30 46 6942820.687
30 47 7348238.756
30 48 9765472.055
30 49 5296944.566
30 50 4681573.082
30 51 8733160.434
30 52 4621973.191
30 53 9140159.596
30 54 11726170.19
30 55 8961402.235
30 56 4029124.796
30 57 9999292.04
30 58 4764618.449
30 59 3976589.301
30 60 9697842.733
30 61 813918.4913
30 62 6285652.579
30 63 7606431.316
30 64 8629851.17
30 65 7595456.583
30 66 6969444.125
30 67 1718671.92
30 68 2348131.975
30 69 8242672.824
30 70 8037997.034
30 71 8979932.442
30 72 4405539.378
30 73 6464792.301
30 74 6178835.419
30 75 5325145.993
30 76 6150877.228
30 77 6393484.011
30 78 8711376.867
30 79 10835759.45
30 80 3684900.284
30 81 8650058.275
30 82 7146456.883
30 83 6804029.745
30 84 10833672.3
30 85 4884841.504
30 86 5174852.5
30 87 6185976.939
30 88 4356121.641
30 89 6618206.107
30 90 3000242.673
30 91 8013531.342
30 92 5158586.296
30 93 3004797.871
30 94 4694415.116
30 95 9996172.475
30 96 4929538.909
30 97 7454548.984
30 98 670300.9504
30 99 6086392.078
31 32 5564819.704
31 33 3523428.671
31 34 4465520.653
31 35 4779635.321
31 36 5855342.859
31 37 5020337.721
31 38 3317267.603
31 39 4015919.736
31 40 1529348.722
31 41 5546404.397
31 42 2460059.763
31 43 3025871.463
31 44 5623806.779
31 45 5470532.701
31 46 2855633.791
31 47 2826879.008
31 48 5337065.99
31 49 1281890.96
31 50 4315842.268
31 51 7049777.642
31 52 2693852.203
31 53 5417934.671
31 54 7326239.059
31 55 4484822.27
31 56 4572738.932
31 57 5630616.899
31 58 3764900.245
31 59 2684872.827
31 60 6017517.64
31 61 4864069.015
31 62 5694786.976
31 63 3378110.05
31 64 6897741.874
31 65 3325895.962
31 66 3969880.619
31 67 4009072.395
31 68 3114961.161
31 69 5670388.827
31 70 3773924.511
31 71 4515806.556
31 72 4700386.175
31 73 1978561.818
31 74 3003297.926
31 75 767571.6987
31 76 3765408.272
31 77 4126692.309
31 78 5553531.721
31 79 6286860.281
31 80 1207962.431
31 81 5251543.945
31 82 4446645.483
31 83 2563260.879
31 84 6497128.331
31 85 1286136.393
31 86 3359948.672
31 87 3681743.439
31 88 3019814.553
31 89 2082631.999
31 90 1736258.651
31 91 5897718.626
31 92 1585262.25
31 93 2375327.751
31 94 2435656.02
31 95 5469076.143
31 96 3715118.345
31 97 2896781.552
31 98 5228608.843
31 99 3651457.649
32 33 9014609.742
32 34 9852518.294
32 35 4908109.908
32 36 385335.877
32 37 9449383.31
32 38 2385933.083
32 39 3685574.273
32 40 4039087.084
32 41 7729778.435
32 42 7837769.66
32 43 7240175.083
32 44 9360760.77
32 45 5416755.888
32 46 5380580.933
32 47 6736988.224
32 48 8035399.084
32 49 4889775.824
32 50 1271742.632
32 51 3446998.802
32 52 7836301.077
32 53 5995092.745
32 54 9528337.927
32 55 9082793.919
32 56 1582897.849
32 57 8007119.012
32 58 8661899.243
32 59 7482439.358
32 60 6326648.014
32 61 5031895.89
32 62 823906.0432
32 63 8599856.977
32 64 3393062.66
32 65 6076958.956
32 66 3797225.319
32 67 3897201.57
32 68 6603876.091
32 69 3886945.396
32 70 8905434.906
32 71 7585483.914
32 72 1217167.453
32 73 7046698.844
32 74 8558244.925
32 75 5882233.426
32 76 9209884.309
32 77 9562788.19
32 78 4893959.345
32 79 9642880.304
32 80 5984085.806
32 81 5180688.185
32 82 9983988.635
32 83 7880167.763
32 84 8571459.605
32 85 4505461.275
32 86 2432498.838
32 87 3024818.626
32 88 2545051.587
32 89 6376686.082
32 90 4522188.65
32 91 3256971.172
32 92 7130141.383
32 93 3698407.526
32 94 3214048.781
32 95 8724944.335
32 96 1908352.106
32 97 7279185.548
32 98 5916351.485
32 99 2938359.84
33 34 2670817.178
33 35 6798348.691
33 36 9276128.877
33 37 3161501.275
33 38 6835910.573
33 39 6648152.398
33 40 5030851.038
33 41 5855714.439
33 42 1227198.211
33 43 2986193.967
33 44 4398002.107
33 45 8376359.458
33 46 4675639.999
33 47 3381214.187
33 48 5299328.068
33 49 4186716.669
33 50 7795473.366
33 51 9899827.429
33 52 2933135.823
33 53 6903107.518
33 54 7001370.867
33 55 2638911.19
33 56 8095901.1
33 57 5742905.286
33 58 3621664.861
33 59 3557594.884
33 60 7430384.055
33 61 7838943.238
33 62 9039412.608
33 63 1082402.506
33 64 9740054.306
33 65 4538048.917
33 66 6557603.521
33 67 7285847.384
33 68 5096368.739
33 69 8199362.713
33 70 1336878.49
33 71 4567597.957
33 72 8214966.739
33 73 2149435.442
33 74 1281806.04
33 75 3136110.111
33 76 2129239.164
33 77 2303185.974
33 78 7642929.448
33 79 5228402.673
33 80 3732885.139
33 81 7165826.532
33 82 1859375.835
33 83 1259934.062
33 84 6527919.037
33 85 4518082.708
33 86 6669802.744
33 87 6649776.072
33 88 6486127.463
33 89 3127892.647
33 90 5095456.343
33 91 8665822.81
33 92 2197083.427
33 93 5851116.771
33 94 5806711.761
33 95 4832619.225
33 96 7118559.304
33 97 2772708.776
33 98 7920462.883
33 99 6661382.304
34 35 8834825.051
34 36 10178954.15
34 37 5816760.779
34 38 7479960.383
34 39 8356924.527
34 40 5886322.504
34 41 8397584.598
34 42 3388602.06
34 43 5408353.378
34 44 7068587.609
34 45 7609707.403
34 46 6680369.273
34 47 5682904.751
34 48 7886879.084
34 49 5606271.222
34 50 8580778.841
34 51 11494816.94
34 52 2065504.424
34 53 9157563.444
34 54 9654042.259
34 55 5307304.651
34 56 8601141.361
34 57 8318185.294
34 58 1763099.108
34 59 2596431.326
34 60 9725617.835
34 61 7205146.885
34 62 10091384.3
34 63 3725578.73
34 64 11340491.95
34 65 6760296.438
34 66 8291034.558
34 67 7103981.103
34 68 4145309.108
34 69 10002806.67
34 70 4007412.621
34 71 7110099.122
34 72 8825187.889
34 73 4206820.304
34 74 1781615.085
34 75 4542421.201
34 76 731489.4626
34 77 399826.9631
34 78 9670782.206
34 79 7899027.598
34 80 3874376.77
34 81 9260012.422
34 82 1024261.585
34 83 3538349.714
34 84 9134101.668
34 85 5739763.37
34 86 7806336.463
34 87 8124677.948
34 88 7358593.212
34 89 5195028.759
34 90 5379668.182
34 91 10315508.82
34 92 2928632.154
34 93 6226147.377
34 94 6875715.685
34 95 7483579.803
34 96 8103428.016
34 97 5182620.974
34 98 6985524.479
34 99 8102416.074
35 36 4881423.958
35 37 5646960.104
35 38 4617233.859
35 39 1350227.303
35 40 4211794.097
35 41 2951001.214
35 42 5637407.506
35 43 3945860.678
35 44 5061506.23
35 45 8644128.879
35 46 2160973.079
35 47 3461622.677
35 48 3410269.04
35 49 3501216.55
35 50 4485458.357
35 51 3556106.641
35 52 7400651.458
35 53 1101494.313
35 54 4642507.634
35 55 5514173.761
35 56 5372041.274
35 57 3257921.08
35 58 8501918.756
35 59 7462712.035
35 60 1554146.537
35 61 8053721.174
35 62 4320707.5
35 63 5905665.965
35 64 3405979.528
35 65 2311558.565
35 66 1277286.045
35 67 6774197.479
35 68 7652802.136
35 69 1667648.351
35 70 5998272.08
35 71 3267098.972
35 72 5138761.344
35 73 4713615.44
35 74 7086360.502
35 75 4382842.28
35 76 8103989.492
35 77 8445613.417
35 78 846019.624
35 79 5095891.436
35 80 5932624.411
35 81 481902.7641
35 82 8446443.732
35 83 5555360.195
35 84 3699807.468
35 85 3660165.648
35 86 3226510.748
35 87 2165834.024
35 88 3968023.477
35 89 3699942.534
35 90 5402992.299
35 91 2408582.155
35 92 5994772.896
35 93 5181976.363
35 94 3492419.371
35 95 4254003.382
35 96 3724602.524
35 97 4118683.465
35 98 8774040.741
35 99 2277183.467
36 37 9602302.165
36 38 2733791.506
36 39 3715740.216
36 40 4336936.507
36 41 7751628.401
36 42 8088217.765
36 43 7409768.672
36 44 9462886.542
36 45 5785635.213
36 46 5508476.712
36 47 6899061.096
36 48 8086195.372
36 49 5123966.05
36 50 1609217.266
36 51 3149414.912
36 52 8173045.061
36 53 5953028.547
36 54 9519911.043
36 55 9252738.511
36 56 1968013.801
36 57 8036352.908
36 58 9013644.471
36 59 7831695.409
36 60 6252908.536
36 61 5409388.326
36 62 600793.7775
36 63 8828332.793
36 64 3107232.45
36 65 6186756.941
36 66 3831118.389
36 67 4281792.846
36 68 6977890.66
36 69 3749469.94
36 70 9122785.299
36 71 7671167.283
36 72 1602286.198
36 73 7277915.602
36 74 8855497.7
36 75 6140188.496
36 76 9528878.71
36 77 9883446.596
36 78 4801263.828
36 79 9714068.07
36 80 6317215.437
36 81 5122920.144
36 82 10288114.23
36 83 8123700.282
36 84 8569089.616
36 85 4758847.728
36 86 2638888.009
36 87 3113248.388
36 88 2840662.407
36 89 6572829.161
36 90 4870227.767
36 91 3072919.778
36 92 7429152.04
36 93 4054167.567
36 94 3469511.043
36 95 8801912.191
36 96 2157807.467
36 97 7459135.581
36 98 6294135.535
36 99 3036098.945
37 38 7783706.065
37 39 6145156.718
37 40 6111735.178
37 41 3492411.158
37 42 3032004.455
37 43 2237043.629
37 44 1327914.836
37 45 10480342.94
37 46 4113352.587
37 47 2716573.532
37 48 2820256.635
37 49 4825378.908
37 50 8437500.952
37 51 9179310.71
37 52 5820322.384
37 53 5246265.738
37 54 4063750.942
37 55 578840.9959
37 56 9027137.556
37 57 3258155.238
37 58 6688445.68
37 59 6349866.317
37 60 5608084.543
37 61 9879593.36
37 62 9194324.724
37 63 2214312.008
37 64 9024520.553
37 65 3514760.897
37 66 6028474.317
37 67 9000712.721
37 68 7644128.919
37 69 7298765.258
37 70 1841600.129
37 71 2459914.867
37 72 9012536.32
37 73 3058362.786
37 74 4345015.984
37 75 4285493.574
37 76 5288456.423
37 77 5460070.978
37 78 6386790.268
37 79 2135224.623
37 80 5857299.013
37 81 5836285.952
37 82 4914112.642
37 83 2845059.762
37 84 3836942.655
37 85 5306096.306
37 86 7036734.316
37 87 6530413.226
37 88 7225249.326
37 89 3207928.482
37 90 6743730.974
37 91 7975167.337
37 92 4552808.72
37 93 7257182.08
37 94 6437256.026
37 95 2035931.298
37 96 7609284.525
37 97 2253451.595
37 98 10185625.4
37 99 6592114.397
38 39 3282325.184
38 40 1811004.5
38 41 6887054.101
38 42 5720744.931
38 43 5552585.602
38 44 7977376.229
38 45 4085192.85
38 46 4065917.047
38 47 5115452.13
38 48 7002243.842
38 49 2966777.928
38 50 1126234.565
38 51 4958583.535
38 52 5453278.213
38 53 5672555.31
38 54 8790511.138
38 55 7335585.001
38 56 1275961.272
38 57 7105160.753
38 58 6279857.486
38 59 5098223.378
38 60 6171117.159
38 61 3530164.746
38 62 2776163.36
38 63 6570424.161
38 64 4843201.005
38 65 4809812.945
38 66 3342614.302
38 67 2227793.471
38 68 4313810.02
38 69 4423180.317
38 70 6923336.913
38 71 6366624.172
38 72 1385130.505
38 73 5037783.616
38 74 6255640.661
38 75 3776185.368
38 76 6850628.401
38 77 7199923.85
38 78 5007449.897
38 79 8428138.239
38 80 3606346.075
38 81 5043986.774
38 82 7657071.497
38 83 5793631.334
38 84 7834881.621
38 85 2499259.911
38 86 1408248.643
38 87 2475348.852
38 88 671197.8396
38 89 4579777.764
38 90 2136960.226
38 91 4174406.757
38 92 4830748.111
38 93 1326318.457
38 94 1402837.027
38 95 7507615.191
38 96 1089530.079
38 97 5532658.578
38 98 4335281.971
38 99 2366467.638
39 40 3122251.327
39 41 4044311.942
39 42 5428399.406
39 43 4118984.559
39 44 5822604.553
39 45 7338066.715
39 46 2097669.082
39 47 3590290.853
39 48 4372721.328
39 49 2768359.869
39 50 3148967.538
39 51 3253265.263
39 52 6708712.269
39 53 2440073.728
39 54 5856811.258
39 55 5892189.574
39 56 4027576.623
39 57 4323787.602
39 58 7778031.13
39 59 6665641.36
39 60 2900341.448
39 61 6757595.848
39 62 3203058.526
39 63 5906119.903
39 64 3093269.814
39 65 2631059.189
39 66 119369.1841
39 67 5466921.362
39 68 6627010.033
39 69 1656410.394
39 70 6091536.109
39 71 4005735.313
39 72 3805720.63
39 73 4498742.771
39 74 6689187.931
39 75 3814758.689
39 76 7629984.364
39 77 7985890.399
39 78 1776020.042
39 79 6015289.117
39 80 5062664.638
39 81 1761814.886
39 82 8117408.987
39 83 5390290.694
39 84 4895639.502
39 85 2763340.717
39 86 1881888.857
39 87 816204.6296
39 88 2646032.971
39 89 3548944.98
39 90 4290470.344
39 91 2017699.359
39 92 5435128.979
39 93 3955254.235
39 94 2261994.49
39 95 5113532.339
39 96 2374977.392
39 97 4235600.364
39 98 7504717.884
39 99 927502.0265
40 41 5792317.622
40 42 3909945.324
40 43 3920840.65
40 44 6461895.871
40 45 4771918.062
40 46 2861388.719
40 47 3548155.264
40 48 5760124.139
40 49 1333065.205
40 50 2786604.889
40 51 5811568.734
40 52 3956049.705
40 53 5088377.112
40 54 7681648.968
40 55 5629902.805
40 56 3082997.658
40 57 5953712.141
40 58 4923449.07
40 59 3748056.222
40 60 5664405.748
40 61 4150347.596
40 62 4208249.522
40 63 4768916.035
40 64 5668250.404
40 65 3548435.048
40 66 3117681.968
40 67 3028230.276
40 68 3506128.246
40 69 4688174.134
40 70 5131344.971
40 71 5022891.149
40 72 3184501.544
40 73 3251101.36
40 74 4519813.052
40 75 1972743.439
40 76 5213968.917
40 77 5572224.053
40 78 4855953.777
40 79 7007191.215
40 80 2125282.016
40 81 4691366.961
40 82 5951480.335
40 83 3985065.535
40 84 6767175.213
40 85 854186.0881
40 86 1949432.539
40 87 2553877.182
40 88 1496471.269
40 89 2917016.572
40 90 1191254.275
40 91 4750413.587
40 92 3092500.82
40 93 1215804.474
40 94 1033634.651
40 95 6113988.248
40 96 2219494.765
40 97 3865134.553
40 98 4735629.549
40 99 2490041.559
41 42 5024350.328
41 43 3013315.087
41 44 2457806.751
41 45 10561850
41 46 2931967.534
41 47 2877279.416
41 48 676594.3843
41 49 4567703.212
41 50 7084724.485
41 51 6376485.75
41 52 7595992.198
41 53 2096813.207
41 54 1907215.628
41 55 3638891.838
41 56 7899193.348
41 57 319260.7432
41 58 8668894.416
41 59 7902039.04
41 60 2262014.549
41 61 9941197.643
41 62 7217100.334
41 63 4780976.952
41 64 6238855.509
41 65 2266754.834
41 66 3932676.743
41 67 8771791.277
41 68 8658580.33
41 69 4536349.739
41 70 4654211.068
41 71 1290518.807
41 72 7740003.216
41 73 4345464.752
41 74 6647611.924
41 75 4847438.221
41 76 7723328.359
41 77 8000518.412
41 78 3423838.446
41 79 2236785.948
41 80 6729920.221
41 81 2900826.147
41 82 7708811.303
41 83 4864014.124
41 84 975103.1364
41 85 4976573.787
41 86 5665800.151
41 87 4752036.692
41 88 6219458.733
41 89 3578573.117
41 90 6862001.783
41 91 5320873.534
41 92 6080764.11
41 93 6983995.188
41 94 5521768.193
41 95 1567719.778
41 96 6245183.378
41 97 3237770.441
41 98 10510723.83
41 99 4852814.317
42 43 2021093.246
42 44 4040964.793
42 45 7670660.849
42 46 3491106.636
42 47 2311697.875
42 48 4546747.14
42 49 2976741.327
42 50 6637635.862
42 51 8677926.555
42 52 2824293.589
42 53 5828799.108
42 54 6405157.928
42 55 2453179.033
42 56 6992431.464
42 57 4964414.39
42 58 3784936.32
42 59 3323138.846
42 60 6380308.185
42 61 7097462.203
42 62 7834176.91
42 63 965469.8783
42 64 8518301.456
42 65 3432783.124
42 66 5339742.474
42 67 6397976.622
42 68 4637969.679
42 69 6994992.091
42 70 1394629.866
42 71 3744836.81
42 72 7086889.486
42 73 935182.5171
42 74 1623507.308
42 75 1960429.418
42 76 2700470.307
42 77 2989158.434
42 78 6483424.987
42 79 4842230.287
42 80 2963516.105
42 81 6024828.411
42 82 2829638.203
42 83 190649.9863
42 84 5803004.2
42 85 3332361.586
42 86 5467931.022
42 87 5422985.991
42 88 5328512.527
42 89 1939881.184
42 90 4142655.841
42 91 7445902.087
42 92 1534607.623
42 93 4833822.471
42 94 4623906.204
42 95 4261059.473
42 96 5933880.108
42 97 1795189.69
42 98 7297219.243
42 99 5435383.04
43 44 2602561.923
43 45 8467943.597
43 46 2021850.278
43 47 529619.7525
43 48 2582204.166
43 49 2608256.878
43 50 6204533.351
43 51 7307843.719
43 52 4629592.464
43 53 3928457.162
43 54 4522321.402
43 55 1843223.739
43 56 6791202.166
43 57 2976493.976
43 58 5680072.857
43 59 4997354.335
43 60 4445932.681
43 61 7853314.778
43 62 7029547.064
43 63 1992214.458
43 64 7148642.236
43 65 1634304.817
43 66 4009271.973
43 67 6882587.604
43 68 5980047.98
43 69 5487117.693
43 70 2052459.259
43 71 1752998.444
43 72 6775822.031
43 73 1367991.401
43 74 3643127.674
43 75 2258345.445
43 76 4720814.802
43 77 5009260.65
43 78 4773074.446
43 79 3267291.468
43 80 4065702.264
43 81 4263223.027
43 82 4788950.111
43 83 1871460.462
43 84 3835012.368
43 85 3093421.693
43 86 4816056.998
43 87 4389085.032
43 88 4988431.325
43 89 1006961.365
43 90 4673371.903
43 91 6071498.418
43 92 3133772.649
43 93 5100010.796
43 94 4200270.567
43 95 2491925.765
43 96 5381965.838
43 97 225918.704
43 98 8253081.856
43 99 4439564.286
44 45 11069678.64
44 46 4000177.3
44 47 2914205.496
44 48 1796589.347
44 49 5129638.137
44 50 8474460.308
44 51 8611612.614
44 52 6864724.818
44 53 4443921.777
44 54 2739343.779
44 55 1765388.325
44 56 9161312.596
44 57 2171734.837
44 58 7805622.876
44 59 7339090.13
44 60 4701211.753
44 61 10454236.56
44 62 8996758.124
44 63 3372983.252
44 64 8463847.296
44 65 3284710.665
44 66 5703237.051
44 67 9461258.65
44 68 8493439.314
44 69 6726385.898
44 70 3061193.145
44 71 1822467.972
44 72 9091514.803
44 73 3800795.383
44 74 5506121.819
44 75 4857217.818
44 76 6501410.722
44 77 6699540.568
44 78 5701962.609
44 79 830453.2349
44 80 6616014.399
44 81 5151570.813
44 82 6199469.994
44 83 3850629.198
44 84 2596789.854
44 85 5613714.08
44 86 7030666.845
44 87 6349681.75
44 88 7362889.466
44 89 3593138.732
44 90 7272453.173
44 91 7464109.319
44 92 5481739.793
44 93 7663003.862
44 94 6581591.406
44 95 890087.4352
44 96 7622385.013
44 97 2728895.735
44 98 10852415.14
44 99 6428859.819
45 46 7629883.158
45 47 8190647.257
45 48 10524826.81
45 49 6053407.856
45 50 4705110.276
45 51 8736099.196
45 52 5745521.426
45 53 9655492.511
45 54 12453547.55
45 55 9932572.955
45 56 3911576.257
45 57 10725606.76
45 58 5885147.26
45 59 5102637.296
45 60 10187122.02
45 61 622554.5907
45 62 6171396.323
45 63 8636030.525
45 64 8649521.28
45 65 8319546.315
45 66 7386896.534
45 67 1871261.768
45 68 3476446.131
45 69 8488587.905
45 70 9064296.825
45 71 9767412.567
45 72 4289516.917
45 73 7422718.067
45 74 7284648.987
45 75 6227169.09
45 76 7278399.681
45 77 7521880.715
45 78 9086181.523
45 79 11688269.52
45 80 4708485.076
45 81 9090301.315
45 82 8273417.66
45 83 7823839.116
45 84 11536106.81
45 85 5606029.243
45 86 5488179.167
45 87 6546078.649
45 88 4693576.313
45 89 7480204.003
45 90 3801215.676
45 91 8158049.346
45 92 6215215.833
45 93 3581421.226
45 94 5181037.781
45 95 10823535.56
45 96 5134289.944
45 97 8356198.797
45 98 749782.0256
45 99 6439507.215
46 47 1492770.523
46 48 2950950.438
46 49 1694677.606
46 50 4476980.111
46 51 5310949.668
46 52 5334923.754
46 53 2586877.212
46 54 4827983.891
46 55 3817107.423
46 56 5192397.553
46 57 3104323.587
46 58 6443272.878
46 59 5472937.621
46 60 3184618.225
46 61 7009266.14
46 62 5083646.477
46 63 3851283.026
46 64 5151070.259
46 65 744497.7767
46 66 1989018.316
46 67 5847031.856
46 68 5927444.336
46 69 3536972.433
46 70 4009020.955
46 71 2304968.678
46 72 5101359.057
46 73 2560648.986
46 74 4926304.728
46 75 2315851.495
46 76 5950474.658
46 77 6289344.266
46 78 3004304.422
46 79 4377362.813
46 80 4061432.722
46 81 2579769.582
46 82 6288060.323
46 83 3420740.769
46 84 3906395.346
46 85 2060039.528
46 86 3030987.039
46 87 2417601.973
46 88 3419525.709
46 89 1551801.296
46 90 3956495.05
46 91 4070738.523
46 92 3879858.338
46 93 4052957.835
46 94 2666453.934
46 95 3452548.417
46 96 3623493.942
46 97 2139864.442
46 98 7588830.046
46 99 2481909.654
47 48 2552717.717
47 49 2216961.746
47 50 5724047.097
47 51 6786711.345
47 52 4721801.972
47 53 3528532.448
47 54 4538212.465
47 55 2357113.376
47 56 6337773.816
47 57 2896731.308
47 58 5802427.754
47 59 5028150.094
47 60 4071329.219
47 61 7571430.684
47 62 6510656.982
47 63 2445128.127
47 64 6627290.779
47 65 1162120.031
47 66 3481012.439
47 67 6550441.048
47 68 5879329.154
47 69 4975969.879
47 70 2549071.241
47 71 1714445.256
47 72 6307282.976
47 73 1500816.861
47 74 3902421.864
47 75 2072487.788
47 76 4975984.085
47 77 5283195.381
47 78 4297292.723
47 79 3497645.527
47 80 3945836.52
47 81 3800606.844
47 82 5132343.044
47 83 2189616.177
47 84 3770395.592
47 85 2702238.063
47 86 4320331.918
47 87 3864250.825
47 88 4531704.649
47 89 747225.9999
47 90 4389806.078
47 91 5549009.156
47 92 3205069.079
47 93 4749229.929
47 94 3742737.882
47 95 2648762.17
47 96 4893058.721
47 97 662267.9945
47 98 8016517.846
47 99 3916572.24
48 49 4476867.801
48 50 7301828.594
48 51 6913595.704
48 52 7210493.494
48 53 2674835.614
48 54 1990311.344
48 55 2990144.035
48 56 8079212.309
48 57 454097.6104
48 58 8261508.567
48 59 7559582.745
48 60 2905039.647
48 61 9902318.038
48 62 7574044.941
48 63 4217929.15
48 64 6771074.703
48 65 2221530.774
48 66 4256200.27
48 67 8777516.438
48 68 8423232.795
48 69 5046501.251
48 70 4058817.575
48 71 841140.3646
48 72 7948843.537
48 73 3946644.887
48 74 6161598.691
48 75 4603817.201
48 76 7230256.862
48 77 7493071.046
48 78 3971040.439
48 79 1685877.782
48 80 6488197.831
48 81 3430201.429
48 82 7158266.077
48 83 4376822.303
48 84 1257005.953
48 85 4918952.132
48 86 5860508.333
48 87 5019739.241
48 88 6345032.092
48 89 3291067.98
48 90 6767433.767
48 91 5813753.839
48 92 5707889.537
48 93 6970676.551
48 94 5610222.169
48 95 910504.8705
48 96 6450566.35
48 97 2798501.052
48 98 10425851.08
48 99 5113745.78
49 50 3736111.775
49 51 5898173.304
49 52 3953179.454
49 53 4183748.488
49 54 6429400.338
49 55 4369103.955
49 56 4227554.863
49 57 4702358.76
49 58 5037655.397
49 59 3966634.297
49 60 4781486.802
49 61 5430940.937
49 62 4857483.637
49 63 3710254.956
49 64 5742312.194
49 65 2301115.929
49 66 2713356.152
49 67 4352691.207
49 68 4250380.758
49 69 4424276.608
49 70 4024661.465
49 71 3714568.941
49 72 4252707.178
49 73 2156924.636
49 74 3993486.736
49 75 1096749.521
49 76 4884506.715
49 77 5243464.749
49 78 4271650.207
49 79 5677298.763
49 80 2439895.457
49 81 3975413.552
49 82 5443670.216
49 83 3002292.589
49 84 5540351.405
49 85 486336.7735
49 86 2493371.072
49 87 2540304.956
49 88 2453179.165
49 89 1617465.694
49 90 2296829.368
49 91 4709500.956
49 92 2677911.059
49 93 2542765.181
49 94 1691655.533
49 95 4789334.736
49 96 2981504.269
49 97 2571939.777
49 98 5953398.004
49 99 2531727.026
50 51 4058762.592
50 52 6566700.892
50 53 5584359.673
50 54 8952334.196
50 55 8034063.894
50 56 907501.4807
50 57 7336375.682
50 58 7405348.111
50 59 6222764.366
50 60 6010409.889
50 61 4225986.498
50 62 1679051.385
50 63 7434599.875
50 64 3961992.541
50 65 5208399.608
50 66 3240627.815
50 67 2973482.455
50 68 5412809.017
50 69 3891057.261
50 70 7759588.548
50 71 6759912.107
50 72 658870.2515
50 73 5882558.292
50 74 7299356.759
50 75 4677217.875
50 76 7939024.612
50 77 8291552.824
50 78 4689752.238
50 79 8836638.18
50 80 4713071.125
50 81 4848222.624
50 82 8719578.652
50 83 6691149.867
50 84 7987758.969
50 85 3318365.816
50 86 1449286.952
50 87 2358947.558
50 88 1309881.064
50 89 5288538.935
50 90 3261325.007
50 91 3470439.028
50 92 5870814.068
50 93 2450897.76
50 94 2044763.99
50 95 7910823.702
50 96 855280.5485
50 97 6219472.451
50 98 5088537.894
50 99 2251571.369
51 52 9710339.718
51 53 4285272.573
51 54 7787652.071
51 55 9003569.119
51 56 4827444.572
51 57 6694939.299
51 58 10722223.09
51 59 9555746.788
51 60 4294447.322
51 61 8279600.373
51 62 2627854.167
51 63 9151322.648
51 64 160141.9142
51 65 5722974.135
51 66 3347961.61
51 67 7031461.933
51 68 9149965.026
51 69 1888595.77
51 70 9319951.451
51 71 6823200.043
51 72 4453289.782
51 73 7750491.291
51 74 9884360.201
51 75 6986039.958
51 76 10778008.57
51 77 11138047.82
51 78 2952648.487
51 79 8592074.283
51 80 7927535.093
51 81 3484170.34
51 82 11327276.1
51 83 8642865.377
51 84 6939969.06
51 85 5764445.969
51 86 3905490.69
51 87 3370888.335
51 88 4627657.954
51 89 6800182.705
51 90 6789218.11
51 91 1240761.067
51 92 8568265.82
51 93 6155613.238
51 94 4779845.273
51 95 7786397.084
51 96 3902104.409
51 97 7444350.196
51 98 9146420.031
51 99 3398335.179
52 53 7916174.376
52 54 9142564.36
52 55 5245623.892
52 56 6546503.171
52 57 7592844.692
52 58 1108574.188
52 59 658336.6946
52 60 8510179.565
52 61 5283424.105
52 62 8122133.583
52 63 3620904.983
52 64 9561033.576
52 65 5610804.655
52 66 6660462.834
52 67 5065667.116
52 68 2292530.729
52 69 8363895.4
52 70 4032963.139
52 71 6375446.449
52 72 6780628.07
52 73 3263975.737
52 74 1672489.031
52 75 3025979.511
52 76 1562662.782
52 77 1858331.362
52 78 8201639.068
52 79 7661550.698
52 80 1858963.534
52 81 7859745.076
52 82 2540225.187
52 83 3014859.252
52 84 8459127.6
52 85 3969814.213
52 86 5903970.876
52 87 6356260.996
52 88 5384751.616
52 89 4063365.828
52 90 3331986.056
52 91 8579671.526
52 92 1517585.007
52 93 4176692.964
52 94 4978462.578
52 95 7039088.129
52 96 6145137.008
52 97 4417641.161
52 98 5191341.619
52 99 6318246.212
53 54 3612003.703
53 55 5224468.815
53 56 6467383.711
53 57 2416050.613
53 58 9024740.409
53 59 8058491.262
53 60 599621.7166
53 61 9055854.638
53 62 5381462.559
53 63 5918353.2
53 64 4150418.711
53 65 2400123.478
53 66 2357570.369
53 67 7791865.801
53 68 8424657.361
53 69 2476836.197
53 70 5931060.456
53 71 2786395.166
53 72 6238688.605
53 73 4954166.569
53 74 7379369.283
53 75 4902426.638
53 76 8435927.047
53 77 8760197.149
53 78 1336512.651
53 79 4328169.943
53 80 6612972.122
53 81 853754.3219
53 82 8656790.38
53 83 5715478.751
53 84 2700056.288
53 85 4435211.601
53 86 4299115.169
53 87 3250581.586
53 88 5013083.108
53 89 3964710.087
53 90 6271073.175
53 91 3274668.987
53 92 6442940.647
53 93 6138700.053
53 94 4476630.575
53 95 3576607.153
53 96 4813507.875
53 97 4134216.89
53 98 9746934.536
53 99 3361670.283
54 55 4444017.442
54 56 9782556.499
54 57 1728751.138
54 58 10170388.07
54 59 9519038.695
54 60 3494032.099
54 61 11831972.52
54 62 8963076.019
54 63 5929955.111
54 64 7667184.088
54 65 4136546.05
54 66 5751123.721
54 67 10673739.44
54 68 10413103.22
54 69 6068224.902
54 70 5686155.701
54 71 2823844.384
54 72 9610076.151
54 73 5889432.381
54 74 7987506.591
54 75 6594102.16
54 76 9034665.862
54 77 9269793.647
54 78 4912638.922
54 79 1996328.852
54 80 8478120.079
54 81 4465645.445
54 82 8845452.256
54 83 6225030.964
54 84 964579.9021
54 85 6854812.981
54 86 7549083.285
54 87 6602041.127
54 88 8121820.677
54 89 5279624.37
54 90 8725927.525
54 91 6869265.596
54 92 7655597.276
54 93 8880418.558
54 94 7428736.946
54 95 2170491.361
54 96 8121661.616
54 97 4728127.213
54 98 12382530.31
54 99 6706311.755
55 56 8590815.357
55 57 3442364.519
55 58 6125439.345
55 59 5771798.025
55 60 5635173.139
55 61 9335100.058
55 62 8867740.659
55 63 1651805.579
55 64 8846558.96
55 65 3286486.733
55 66 5778154.321
55 67 8480095.658
55 68 7068111.729
55 69 7139328.575
55 70 1303712.497
55 71 2476796.9
55 72 8593065.489
55 73 2511542.576
55 74 3790369.789
55 75 3762943.42
55 76 4755575.272
55 77 4942091.791
55 78 6289739.274
55 79 2595044.792
55 80 5292029.348
55 81 5746781.384
55 82 4434723.445
55 83 2266232.451
55 84 4110202.229
55 85 4843170.188
55 86 6656647.121
55 87 6217564.546
55 88 6797225.392
55 89 2758667.631
55 90 6215438.434
55 91 7782565.982
55 92 3974753.337
55 93 6754713.75
55 94 6013035.886
55 95 2320699.818
55 96 7218554.255
55 97 1814873.439
55 98 9626355.356
55 99 6272075.338
56 57 8139857.979
56 58 7283702.133
56 59 6126353.461
56 60 6905442.711
56 61 3482900.154
56 62 2272751.788
56 63 7846252.945
56 64 4744922.348
56 65 5934444.757
56 66 4114019.743
56 67 2315311.4
56 68 5105773.427
56 69 4791414.36
56 70 8199043.713
56 71 7495005.025
56 72 380708.7441
56 73 6313330.575
56 74 7467991.543
56 75 5051494.708
56 76 8001639.127
56 77 8343151.01
56 78 5596039.877
56 79 9569625.951
56 80 4740371.635
56 81 5744988.881
56 82 8844729.576
56 83 7067714.393
56 84 8818924.814
56 85 3767484.27
56 86 2233873.897
56 87 3223662.659
56 88 1806231.327
56 89 5832250.755
56 90 3222842.77
56 91 4340073.285
56 92 6052357.737
56 93 2376774.534
56 94 2595050.609
56 95 8644411.941
56 96 1666464.72
56 97 6781700.598
56 98 4363396.022
56 99 3113817.7
57 58 8653941.826
57 59 7922624.18
57 60 2572390.614
57 61 10103881.61
57 62 7506922.647
57 63 4662595.704
57 64 6556997.257
57 65 2407795.007
57 66 4210636.844
57 67 8951345.21
57 68 8733894.128
57 69 4852173.021
57 70 4510115.13
57 71 1223968.749
57 72 7989624.207
57 73 4330890.709
57 74 6583727.824
57 75 4914050.645
57 76 7655424.658
57 77 7923184.146
57 78 3742335.828
57 79 1918939.566
57 80 6800454.563
57 81 3217678.517
57 82 7600992.371
57 83 4797834.626
57 84 874111.1771
57 85 5126069.233
57 86 5908926.961
57 87 5015989.712
57 88 6440389.676
57 89 3620016.483
57 90 6999169.459
57 91 5634998.912
57 92 6083259.019
57 93 7154521.49
57 94 5728616.359
57 95 1284558.26
57 96 6492394.913
57 97 3197162.139
57 98 10654788.64
57 99 5114962.686
58 59 1187665.719
58 60 9618656.656
58 61 5512859.248
58 62 9011261.403
58 63 4474739.355
58 64 10575634.5
58 65 6714343.749
58 66 7734128.043
58 67 5549780.182
58 68 2465318.054
58 69 9429686.23
58 70 4857381.675
58 71 7432156.878
58 72 7550915.588
58 73 4324710.177
58 74 2356666.012
58 75 4132752.815
58 76 1675967.161
58 77 1783013.03
58 78 9298021.98
58 79 8617633.518
58 80 2798412.089
58 81 8963072.761
58 82 2616033.86
58 83 3971961.114
58 84 9515073.544
58 85 5022845.118
58 86 6868993.274
58 87 7389685.661
58 88 6290614.929
58 89 5159488.354
58 90 4144528.216
58 91 9615177.426
58 92 2610353.318
58 93 4964289.755
58 94 5956299.81
58 95 8041874.147
58 96 7060078.292
58 97 5463042.006
58 98 5241338.74
58 99 7345476.845
59 60 8657055.858
59 61 4654308.636
59 62 7824016.247
59 63 4176517.63
59 64 9410653.218
59 65 5825788.781
59 66 6628379.215
59 67 4509559.576
59 68 1638201.215
59 69 8308825.646
59 70 4598616.899
59 71 6719111.192
59 72 6383716.66
59 73 3633230.892
59 74 2315944.777
59 75 3164557.904
59 76 2179440.882
59 77 2444752.988
59 78 8238018.901
59 79 8119860.917
59 80 1629167.581
59 81 7932640.97
59 82 3171455.147
59 83 3512706.53
59 84 8794919.37
59 85 3902336.995
59 86 5689118.04
59 87 6240935.938
59 88 5103136.967
59 89 4329144.263
59 90 2961470.228
59 91 8464252.416
59 92 1872578.989
59 93 3788020.65
59 94 4781686.737
59 95 7454089
59 96 5872805.539
59 97 4795813.139
59 98 4537716.191
59 99 6192345.956
60 61 9592467.26
60 62 5666993.73
60 63 6426216.786
60 64 4173172.126
60 65 2965652.598
60 66 2831034.582
60 67 8319101.265
60 68 9019368.22
60 69 2613057.498
60 70 6415243.09
60 71 3163512.584
60 72 6657780.113
60 73 5519119.845
60 74 7945360.34
60 75 5499462.119
60 76 9006616.661
60 77 9327411.979
60 78 1469576.386
60 79 4483448.617
60 80 7212122.185
60 81 1163513.018
60 82 9203646.934
60 83 6260931.814
60 84 2659268.646
60 85 5026155.121
60 86 4779973.406
60 87 3716525.395
60 88 5520086.503
60 89 4539228.402
60 90 6850523.091
60 91 3409162.126
60 92 7032363.661
60 93 6693549.593
60 94 5018060.162
60 95 3815030.2
60 96 5269557.38
60 97 4657676.477
60 98 10297743.78
60 99 3827793.017
61 62 5755556.58
61 63 8062799.874
61 64 8186447.139
61 65 7697541.656
61 66 6803002.994
61 67 1302374.976
61 68 3060590.764
61 69 7949540.887
61 70 8488904.11
61 71 9145054.542
61 72 3863606.156
61 73 6823871.691
61 74 6778475.688
61 75 5617376.849
61 76 6833474.48
61 77 7092982.22
61 78 8514313.029
61 79 11068888.33
61 80 4142053.802
61 81 8504094.916
61 82 7822092.497
61 83 7246931.103
61 84 10915632.38
61 85 4983574.01
61 86 4923094.885
61 87 5973065.66
61 88 4119190.056
61 89 6863304.972
61 90 3183146.892
61 91 7649695.925
61 92 5662674.6
61 93 2963596.212
61 94 4579332.046
61 95 10202545.38
61 96 4597150.872
61 97 7744161.224
61 98 884882.3401
61 99 5867852.149
62 63 8532939.398
62 64 2570503.515
62 65 5737588.39
62 66 3320717.787
62 67 4566992.06
62 68 7085720.081
62 69 3149850.397
62 70 8808175.572
62 71 7191910.353
62 72 1892056.88
62 73 6992692.143
62 74 8696179.458
62 75 5909752.018
62 76 9422217.175
62 77 9780401.153
62 78 4210399.107
62 79 9217361.147
62 80 6263777.041
62 81 4545141.059
62 82 10141407.24
62 83 7856867.843
62 84 8016874.166
62 85 4531218.136
62 86 2370376.847
62 87 2667143.451
62 88 2737942.143
62 89 6234321.139
62 90 4876181.279
62 91 2473909.238
62 92 7279278.594
62 93 4097760.345
62 94 3265558.718
62 95 8311946.227
62 96 1988783.187
62 97 7093129.095
62 98 6636060.696
62 99 2602302.456
63 64 8991198.682
63 65 3604808.576
63 66 5806506.467
63 67 7349752.857
63 68 5567347.92
63 69 7385880.669
63 70 434108.035
63 71 3495854.899
63 72 7917170.681
63 73 1553663.118
63 74 2140336.327
63 75 2796238.652
63 76 3131267.561
63 77 3345233.401
63 78 6742403.598
63 79 4199930.692
63 80 3928436.457
63 81 6243439.075
63 82 2941718.779
63 83 823250.3629
63 84 5445546.268
63 85 4116882.312
63 86 6190546.487
63 87 6015666.971
63 88 6133988.031
63 89 2363859.242
63 90 5086301.325
63 91 7910733.769
63 92 2472664.74
63 93 5751492.232
63 94 5396293.882
63 95 3759614.621
63 96 6691703.044
63 97 1796812.499
63 98 8258237.432
63 99 6042554.089
64 65 5565176.953
64 66 3187852.282
64 67 6932207.29
64 68 9018557.251
64 69 1738403.635
64 70 9160085.018
64 71 6672790.828
64 72 4373046.668
64 73 7590694.362
64 74 9727365.86
64 75 6829392.626
64 76 10623137.79
64 77 10983058.17
64 78 2815713.23
64 79 8451011.335
64 80 7782055.609
64 81 3343181.471
64 82 11169755.51
64 83 8482997.62
64 84 6813161.674
64 85 5612090.586
64 86 3769218.255
64 87 3217578.726
64 88 4499542.636
64 89 6640062.322
64 90 6654491.478
64 91 1080703.716
64 92 8413497.058
64 93 6029062.017
64 94 4637502.248
64 95 7641321.15
64 96 3780440.077
64 97 7284769.346
64 98 9050513.552
64 99 3246613.712
65 66 2514023.268
65 67 6558114.946
65 68 6438575.323
65 69 3874993.787
65 70 3686741.61
65 71 1561047.398
65 72 5837695.356
65 73 2554694.117
65 74 4980689.389
65 75 2678871.176
65 76 6040972.216
65 77 6362332.482
65 78 3140706.155
65 79 3635463.007
65 80 4527883.081
65 81 2638935.469
65 82 6262340.559
65 83 3325895.988
65 84 3239289.612
65 85 2718293.932
65 86 3759827.972
65 87 3075737.437
65 88 4164016.586
65 89 1578119.458
65 90 4596562.566
65 91 4497379.686
65 92 4107643.786
65 93 4754259.957
65 94 3409389.77
65 95 2709998.172
65 96 4353564.414
65 97 1810742.577
65 98 8249054.917
65 99 3150658.931
66 67 5515668.218
66 68 6618666.541
66 69 1713495.34
66 70 5987791.201
66 71 3886440.672
66 72 3898368.737
66 73 4408567.766
66 74 6615292.33
66 75 3748728.803
66 76 7563134.681
66 77 7918216.169
66 78 1754281.07
66 79 5897143.069
66 80 5031458.84
66 81 1704564.218
66 82 8039954.945
66 83 5298908.448
66 84 4789166.795
66 85 2727909.058
66 86 1949230.872
66 87 893024.9205
66 88 2699179.125
66 89 3452261.051
66 90 4292883.3
66 91 2109664.285
66 92 5372567.947
66 93 3980140.023
66 94 2283895.994
66 95 4994822.172
66 96 2456216.595
66 97 4128206.83
66 98 7542607.6
66 99 1004100.973
67 68 3140128.102
67 69 6648204.224
67 70 7760484.535
67 71 8050315.371
67 72 2689524.994
67 73 5985286.458
67 74 6364086.406
67 75 4717465.074
67 76 6621854.507
67 77 6923781.53
67 78 7217637.504
67 79 10029588.21
67 80 3564690.047
67 81 7219233.716
67 82 7569954.348
67 83 6526602.409
67 84 9742491.459
67 85 3881339.457
67 86 3622742.049
67 87 4676718.348
67 88 2823288.467
67 89 5877311.914
67 90 2273380.026
67 91 6360921.22
67 92 5091183.235
67 93 1812430.736
67 94 3324636.174
67 95 9140834.958
67 96 3297688.019
67 97 6798065.193
67 98 2127107.277
67 99 4570691.295
68 69 8184168.318
68 70 6000529.18
68 71 7590852.428
68 72 5419827.913
68 73 4692924.167
68 74 3907786.45
68 75 3820924.438
68 76 3804245.062
68 77 4045748.069
68 78 8342211.263
68 79 9225697.705
68 80 1935044.01
68 81 8134655.913
68 82 4801061.929
68 83 4816919.994
68 84 9603762.904
68 85 4000626.71
68 86 5257225.05
68 87 6039391.063
68 88 4526423.454
68 89 5134561.678
68 90 2380321.388
68 91 8183153.008
68 92 3103374.535
68 93 3016126.267
68 94 4460441.292
68 95 8470927.777
68 96 5275988.265
68 97 5808908.7
68 98 2899523.599
68 99 5966116.791
69 70 7523800.337
69 71 4934668.949
69 72 4476400.901
69 73 6059882.612
69 74 8317121.221
69 75 5461113.687
69 76 9274247.466
69 77 9628541.273
69 78 1155896.711
69 79 6730369.223
69 80 6696256.124
69 81 1637551.715
69 82 9732835.481
69 83 6939973.376
69 84 5174002.627
69 85 4408841.479
69 86 3072043.448
69 87 2146683.957
69 88 3890378.082
69 89 5072490.569
69 90 5813881.802
69 91 801045.3026
69 92 7085957.912
69 93 5358982.039
69 94 3732750.394
69 95 5908688.837
69 96 3354594.885
69 97 5637947.033
69 98 8757367.003
69 99 2225962.828
70 71 3388218.715
70 72 8257798.043
70 73 1885980.25
70 74 2506630.665
70 75 3161432.091
70 76 3452623.97
70 77 3639447.911
70 78 6824777.685
70 79 3891622.425
70 80 4358001.067
70 81 6311246.605
70 82 3159774.297
70 83 1242443.824
70 84 5259190.724
70 85 4449235.097
70 86 6484136.382
70 87 6251434.278
70 88 6466444.163
70 89 2588345.852
70 90 5492719.132
70 91 8079744.531
70 92 2906767.612
70 93 6141557.984
70 94 5716057.88
70 95 3524560.892
70 96 6999873.61
70 97 1886824.069
70 98 8690616.64
70 99 6284642.536
71 72 7393684.382
71 73 3111705.309
71 74 5366387.397
71 75 3774886.731
71 76 6440287.414
71 77 6713640.503
71 78 3957877.154
71 79 2077048.341
71 80 5656221.015
71 81 3404802.021
71 82 6419045.062
71 83 3580893.54
71 84 2083852.553
71 85 4172513.425
71 86 5310630.208
71 87 4562864.795
71 88 5723968.699
71 89 2456414.775
71 90 5988914.589
71 91 5657053.791
71 92 4869907.918
71 93 6238338.628
71 94 4964523.846
71 95 1151057.922
71 96 5904631.667
71 97 1973224.953
71 98 9643600.26
71 99 4647211.49
72 73 6372988.163
72 74 7637810.147
72 75 5132613.109
72 76 8210485.795
72 77 8556273.15
72 78 5319481.787
72 79 9470709.629
72 80 4953300.492
72 81 5494656.358
72 82 9032546.255
72 83 7152913.203
72 84 8645523.244
72 85 3809597.165
72 86 2088860.969
72 87 3017774.907
72 88 1800206.39
72 89 5837206.914
72 90 3448708.664
72 91 3996885.24
72 92 6214326.257
72 93 2604510.925
72 94 2580103.825
72 95 8544708.584
72 96 1498588.574
72 97 6778997.759
72 98 4744044.349
72 99 2910441.617
73 74 2426246.32
73 75 1293534.001
73 76 3490785.836
73 77 3808367.141
73 78 5559298.311
73 79 4539287.202
73 80 2827973.867
73 81 5109933.1
73 82 3735217.125
73 83 894206.7773
73 84 5195535.485
73 85 2566654.477
73 86 4641817.421
73 87 4522672.04
73 88 4584539.628
73 89 1014098.676
73 90 3714069.32
73 91 6516429.906
73 92 1766164.904
73 93 4300612.412
73 94 3842876.288
73 95 3827793.764
73 96 5138422.804
73 97 1162662.565
73 98 7132348.27
73 99 4540916.368
74 75 2899489.614
74 76 1077878.24
74 77 1382509.814
74 78 7927091.926
74 79 6329174.334
74 80 2820824.525
74 81 7502379.478
74 82 1454195.238
74 83 1785910.493
74 84 7416000.915
74 85 4205405.065
74 86 6348252.429
74 87 6533789.114
74 88 6016048.165
74 89 3420960.786
74 90 4307257.14
74 91 8680023.903
74 92 1428542.722
74 93 5124645.478
74 94 5432361.961
74 95 5825678.657
74 96 6718410.334
74 97 3417234.522
74 98 6780834.661
74 99 6523849.93
75 76 3815236.316
75 77 4171475.744
75 78 5195675.794
75 79 5519889.741
75 80 1886521.906
75 81 4837190.985
75 82 4347871.344
75 83 2020303.509
75 84 5785190.961
75 85 1382102.132
75 86 3539438.419
75 87 3635573.584
75 88 3368116.267
75 89 1325453.426
75 90 2459021.469
75 91 5787378.84
75 92 1629681.443
75 93 3008964.201
75 94 2671087.913
75 95 4707014.645
75 96 3982880.658
75 97 2131918.17
75 98 5995421.555
75 99 3628346.954
76 77 361391.8808
76 78 8939568.991
76 79 7329841.507
76 80 3261267.966
76 81 8530229.849
76 82 998477.1536
76 83 2859588.016
76 84 8482761.412
76 85 5031212.736
76 86 7118229.007
76 87 7409450.344
76 88 6697445.532
76 89 4471697.454
76 90 4780832.227
76 91 9593923.623
76 92 2209824.486
76 93 5625387.978
76 94 6188927.691
76 95 6867224.354
76 96 7433459.057
76 97 4494907.196
76 98 6695419.977
76 99 7389423.754
77 78 9282880.166
77 79 7529697.397
77 80 3603973.843
77 81 8868563.552
77 82 837296.5793
77 83 3139796.685
77 84 8741618.606
77 85 5392483.864
77 86 7478829.94
77 87 7769900.111
77 88 7053914.17
77 89 4798721.83
77 90 5120752.279
77 91 9952621.94
77 92 2570214.94
77 93 5966392.737
77 94 6549336.786
77 95 7099675.387
77 96 7791618.337
77 97 4783487.699
77 98 6921084.235
77 99 7750212.894
78 79 5643422.533
78 80 6680802.472
78 81 553159.9443
78 82 9291431.355
78 83 6401085.015
78 84 4023528.361
78 85 4383772.707
78 86 3599787.946
78 87 2541257.689
78 88 4395175.432
78 89 4545770.288
78 90 6038837.767
78 91 1956871.587
78 92 6815858.135
78 93 5731003.844
78 94 4036361.68
78 95 4856506.238
78 96 4017554.604
78 97 4951170.363
78 98 9273677.247
78 99 2646946.505
79 80 7326309.44
79 81 5107996.011
79 82 7027813.038
79 83 4652681.677
79 84 2067788.883
79 85 6153152.813
79 86 7387394.607
79 87 6618092.758
79 88 7791997.291
79 89 4217964.038
79 90 7887431.532
79 91 7499505.416
79 92 6253858.124
79 93 8219965.783
79 94 7025331.48
79 95 926001.213
79 96 7981366.238
79 97 3421895.377
79 98 11505228.35
79 99 6706094.17
80 81 6409762.784
80 82 4124774.159
80 83 3120488.244
80 84 7671207.237
80 85 2305797.373
80 86 4072685.22
80 87 4614318.382
80 88 3527135.746
80 89 3200254.065
80 90 1521402.16
80 91 6836279.435
80 92 1536500.643
80 93 2364359.039
80 94 3157891.924
80 95 6551127.83
80 96 4289920.656
80 97 3904422.65
80 98 4343706.602
80 99 4564309.459
81 82 8845081.412
81 83 5934194.067
81 84 3551597.371
81 85 4141238.057
81 86 3642852.472
81 87 2574383.268
81 88 4403673.169
81 89 4096411.132
81 90 5882398.855
81 91 2429814.672
81 92 6440583.849
81 93 5648944.329
81 94 3955655.048
81 95 4310166.228
81 96 4116561.291
81 97 4447816.608
81 98 9233710.091
81 99 2685078.888
82 83 2942727.109
82 84 8387006.434
82 85 5659382.059
82 86 7799011.75
82 87 7983435.051
82 88 7447460.179
82 89 4749119.096
82 90 5642859.631
82 91 10117148.14
82 92 2862548.49
82 93 6478653.566
82 94 6880294.978
82 95 6680756.505
82 96 8159636.905
82 97 4567765.548
82 98 7693701.291
82 99 7975091.649
83 84 5632164.369
83 85 3376912.732
83 86 5495634.863
83 87 5413391.84
83 88 5384000.627
83 89 1870301.261
83 90 4264248.826
83 91 7407747.373
83 92 1714599.003
83 93 4938485.202
83 94 4666762.886
83 95 4077333.01
83 96 5973433.49
83 97 1646201.224
83 98 7459618.166
83 99 5429666.081
84 85 5951462.429
84 86 6585725.801
84 87 5637768.349
84 88 7165345.641
84 89 4493965.449
84 90 7835622.991
84 91 5973437.048
84 92 6952006.871
84 93 7957446.05
84 94 6480184.193
84 95 1803216.284
84 96 7157475.611
84 97 4053041.865
84 98 11485490.46
84 99 5741903.337
85 86 2162373.334
85 87 2395629.49
85 88 2017887.942
85 89 2098830.473
85 90 1897118.52
85 91 4612863.468
85 92 2827031.774
85 93 2069115.499
85 94 1291557.143
85 95 5259998.664
85 96 2602355.521
85 97 3052933.357
85 98 5534246.857
85 99 2366467.826
86 87 1069304.245
86 88 818966.2118
86 89 3944331.774
86 90 2886068.247
86 91 2940403.972
86 92 4943383.048
86 93 2313149.485
86 94 930838.4712
86 95 6461557.62
86 96 594014.6461
86 97 4849190.81
86 98 5705338.428
86 99 959497.1774
87 88 1853920.825
87 89 3663484.038
87 90 3667233.092
87 91 2225542.326
87 92 5199689.433
87 93 3239430.25
87 94 1586642.767
87 95 5700336.388
87 96 1563350.283
87 97 4469015.724
87 98 6737429.484
87 99 111349.7675
88 89 4039561.592
88 90 2195201.14
88 91 3729130.987
88 92 4588961.23
88 93 1531158.825
88 94 789046.5377
88 95 6869050.544
88 96 771062.0164
88 97 4984625.434
88 98 4890904.369
88 99 1748749.044
89 90 3680428.541
89 91 5561064.319
89 92 2549188.469
89 93 4093051.533
89 94 3257394.57
89 95 3387112.156
89 96 4488282.658
89 97 954478.4472
89 98 7287472.932
89 99 3696324.767
90 91 5803539.923
90 92 2935475.287
90 93 846509.6963
90 94 2083145.121
90 95 7027249.044
90 96 2963227.667
90 97 4570720.376
90 98 3658490.625
90 99 3590849.612
91 92 7386893.512
91 93 5250880.404
91 94 3737501.817
91 95 6662567.108
91 96 3084910.116
91 97 6205640.111
91 98 8487093.855
91 99 2271974.284
92 93 3729839.374
92 94 4020731.202
92 95 5581615.923
92 96 5297120.822
92 97 2928173.719
92 98 5802098.637
92 99 5180304.819
93 94 1696801.974
93 95 7329014.829
93 96 2263283.474
93 97 5028443.25
93 98 3609288.117
93 99 3147605.396
94 95 6104816.268
94 96 1311850.942
94 97 4199269.556
94 98 5282310.628
94 99 1507964.455
95 96 7055545.148
95 97 2673423.56
95 98 10663993.47
95 99 5787018.477
96 97 5406633.01
96 98 5416399.365
96 99 1452575.603
97 98 8124834.009
97 99 4514709.386
98 99 6635044.729
