4950
0 1 4357725.639
0 2 10087862.38
0 3 8381519.377
0 4 9390393.614
0 5 9937742.677
0 6 2494152.595
0 7 9531616.119
0 8 8362723.53
0 9 2589142.238
0 10 3496077.996
0 11 4060929.693
0 12 2841972.652
0 13 5780937.959
0 14 6089840.099
0 15 5241581.909
0 16 5889959.487
0 17 6505385.009
0 18 7721228.589
0 19 9793175.101
0 20 8741204.617
0 21 9935554.981
0 22 8564247.9
0 23 1745815.586
0 24 8525239.79
0 25 6619052.8
0 26 5152001.88
0 27 1830744.462
0 28 6158441.633
0 29 10421065.07
0 30 7411062.135
0 31 9940387.878
0 32 1711588.154
0 33 7869826.72
0 34 8982674.585
0 35 5206022.333
0 36 5786388.886
0 37 10650013.01
0 38 1327982.457
0 39 2972889.18
0 40 10391992.06
0 41 6410694.106
0 42 9602079.334
0 43 7305390.682
0 44 7470643.186
0 45 5200704.692
0 46 2382240.508
0 47 6113914.161
0 48 8892392.86
0 49 7720636.294
0 50 5563047.925
0 51 8738069.095
0 52 9298998.333
0 53 10080009.73
0 54 1399072.501
0 55 7561373.635
0 56 7585517.289
0 57 2663988.891
0 58 1892899.46
0 59 9064883.128
0 60 4456428.893
0 61 785758.0869
0 62 9872016.212
0 63 7257593.89
0 64 2274762.771
0 65 5002544.998
0 66 8255182.35
0 67 4417649.765
0 68 2050777.27
0 69 10113074.67
0 70 4878255.198
0 71 7408864.538
0 72 2013453.417
0 73 9014269.518
0 74 9030927.842
0 75 9364837.538
0 76 4607142.203
0 77 7732539.514
0 78 8608676.602
0 79 7748310.015
0 80 10387760.78
0 81 4852453.965
0 82 6845238.575
0 83 2035885.573
0 84 3731590.744
0 85 10015781.08
0 86 7948365.05
0 87 2518911.827
0 88 4594875.234
0 89 9295403.165
0 90 3646013.209
0 91 9179678.481
0 92 10415979.48
0 93 7773996.517
0 94 6776508.248
0 95 2276948.768
0 96 10950511.35
0 97 7728904.055
0 98 8106007.004
0 99 1475260.97
1 2 7241937.227
1 3 4260558.568
1 4 5607963.761
1 5 7508600.323
1 6 4977148.138
1 7 5328270.101
1 8 6753435.328
1 9 2905519.094
1 10 3112109.087
1 11 2330512.409
1 12 2367844.514
1 13 1534385.612
1 14 7478127.136
1 15 2312720.128
1 16 4886510.336
1 17 2177421.874
1 18 3371304.18
1 19 7696049.142
1 20 4405385.163
1 21 6861035.645
1 22 4232581.932
1 23 3731768.588
1 24 4254097.806
1 25 7655633.758
1 26 1672252.993
1 27 2941299.816
1 28 3132540.637
1 29 7138194.213
1 30 5431281.879
1 31 6876144.4
1 32 4770441.826
1 33 3843639.469
1 34 4660358.324
1 35 2161061.678
1 36 1940928.415
1 37 7964407.915
1 38 3164843.376
1 39 1504392.522
1 40 7816420.928
1 41 3483281.582
1 42 5594358.398
1 43 4398409.752
1 44 6441445.827
1 45 2502303.794
1 46 3932749.328
1 47 2249764.304
1 48 4539224.565
1 49 3395950.304
1 50 4504827.432
1 51 6165341.065
1 52 4958905.197
1 53 6858754.131
1 54 3690101.039
1 55 6112693.752
1 56 3337089.393
1 57 4952198.492
1 58 2465989.528
1 59 4786025.978
1 60 1036738.464
1 61 3883575.177
1 62 6697332.139
1 63 7450319.281
1 64 2093642.63
1 65 1174317.663
1 66 4240075.869
1 67 1399946.625
1 68 2565922.685
1 69 7266268.991
1 70 3273369.994
1 71 4857287.436
1 72 2348742.066
1 73 6183514.303
1 74 6662805.018
1 75 7114717.957
1 76 2416962.8
1 77 3503612.849
1 78 6570534.585
1 79 5605229.004
1 80 6952101.849
1 81 2064696.645
1 82 2498467.358
1 83 4443587.91
1 84 3619593.85
1 85 6867305.131
1 86 5613717.037
1 87 4330031.441
1 88 6812237.906
1 89 6024475.477
1 90 4931547.74
1 91 4900558.175
1 92 7402395.968
1 93 3424279.468
1 94 2805588.544
1 95 2105880.11
1 96 7922633.399
1 97 3389160.791
1 98 4138772.331
1 99 4866855.259
2 3 4433262.778
2 4 2914423.647
2 5 1035236.145
2 6 11784368.5
2 7 8362048.44
2 8 2892035.608
2 9 9931798.882
2 10 10329416.2
2 11 6079193.335
2 12 7295099.234
2 13 7316586.128
2 14 7824443.331
2 15 9181982.684
2 16 4683890.241
2 17 6921489.884
2 18 6657196.979
2 19 1804062.447
2 20 5797358.258
2 21 659360.9857
2 22 5737102.968
2 23 10439590.48
2 24 7566590.581
2 25 7360875.136
2 26 5600495.401
2 27 9614471.306
2 28 4179760.461
2 29 1219416.559
2 30 2908193.715
2 31 630118.7699
2 32 9192117.401
2 33 4278317.491
2 34 5638424.054
2 35 5232508.901
2 36 8167790.174
2 37 778760.5787
2 38 9513921.221
2 39 8412406.833
2 40 827500.4471
2 41 3850350.834
2 42 3737106.536
2 43 2897085.457
2 44 4016551.317
2 45 5059300.511
2 46 10863877.13
2 47 5089626.347
2 48 6150842.532
2 49 5724318.777
2 50 4845604.606
2 51 1394843.604
2 52 5919164.603
2 53 1032541.548
2 54 8737099.445
2 55 3394364.641
2 56 5247140.875
2 57 8502377.766
2 58 8663279.269
2 59 7681299.967
2 60 8176146.331
2 61 10086391.24
2 62 953186.711
2 63 6021006.518
2 64 8332154.13
2 65 6068204.886
2 66 8627385.375
2 67 6155625.407
2 68 8153482.798
2 69 25348.53404
2 70 5215431.923
2 71 2679118.448
2 72 8691670.744
2 73 1090217.644
2 74 1394795.693
2 75 1475828.841
2 76 5560535.511
2 77 7603514.882
2 78 2110449.273
2 79 2524718.055
2 80 1672635.201
2 81 9093764.765
2 82 6718508.49
2 83 11189190.39
2 84 10846290.95
2 85 837591.4898
2 86 2228699.74
2 87 11259980.18
2 88 8750961.747
2 89 1501520.88
2 90 7476776.316
2 91 7719386.075
2 92 514443.5168
2 93 6038868.21
2 94 8210949.391
2 95 8626648
2 96 932702.7819
2 97 6816255.171
2 98 8718720.727
2 99 11262740.63
3 4 1718445.656
3 5 5204228.884
3 6 9234252.69
3 7 3984746.426
3 8 5758363.242
3 9 7148671.539
3 10 7192093.888
3 11 4713575.077
3 12 5716985.363
3 13 3539018.799
3 14 9140640.942
3 15 5438973.452
3 16 5536604.597
3 17 2894719.819
3 18 2277439.76
3 19 5772274.451
3 20 1424041.517
3 21 3819014.804
3 22 1328556.452
3 23 7988382.75
3 24 3133664.202
3 25 8985652.196
3 26 3271558.006
3 27 7183700.509
3 28 2935953.953
3 29 3718726.356
3 30 4612979.436
3 31 3845525.908
3 32 8255535.999
3 33 586143.324
3 34 1358978.093
3 35 3409333.553
3 36 4285011.583
3 37 5202343.333
3 38 7336863.136
3 39 5753671.958
3 40 5235334.584
3 41 2982783.514
3 42 1372538.804
3 43 2963455.718
3 44 6240910.148
3 45 3636755.311
3 46 8182218.172
3 47 2286527.57
3 48 1794498.448
3 49 1380179.284
3 50 5359745.632
3 51 4135370.992
3 52 1732158.595
3 53 3593898.857
3 54 7360231.822
3 55 5587498.137
3 56 1044257.293
3 57 8010420.144
3 58 6540057.083
3 59 3279087.475
3 60 4837865.119
3 61 8041973.764
3 62 3546669.729
3 63 8100003.979
3 64 6149098.64
3 65 3381885.736
3 66 4210858.827
3 67 3999756.785
3 68 6359470.695
3 69 4449882.578
3 70 4654079.555
3 71 3617201.979
3 72 6471286.322
3 73 3752859.424
3 74 4720726.129
3 75 5171411.728
3 76 4236643.314
3 77 3222068.626
3 78 5110284.261
3 79 4469301.204
3 80 3344821.032
3 81 5488617.068
3 82 2583293.246
3 83 8704133.485
3 84 7649043.79
3 85 3711195.895
3 86 4206874.835
3 87 8575548.438
3 88 9254937.442
3 89 2931891.818
3 90 7417517.205
3 91 3329162.562
3 92 4314617.908
3 93 1662759.223
3 94 4023653.458
3 95 6276174.037
3 96 4709677.72
3 97 2433744.834
3 98 4315454.637
3 99 9095331.168
4 5 3822072.558
4 6 10549768.89
4 7 5476967.76
4 8 4880892.219
4 9 8507862.695
4 10 8666978.094
4 11 5428587.449
4 12 6584650.934
4 13 5148172.231
4 14 9030982.635
4 15 7068490.278
4 16 5410593.929
4 17 4565165.007
4 18 3988895.386
4 19 4493947.093
4 20 2942507.587
4 21 2261173.33
4 22 2910274.226
4 23 9251049.248
4 24 4761218.012
4 25 8751231.028
4 26 4272419.599
4 27 8422506.15
4 28 3339795.63
4 29 2032394.022
4 30 4025550.071
4 31 2289909.043
4 32 8977776.913
4 33 1845659.305
4 34 2753032.674
4 35 4190039.341
4 36 5937635.095
4 37 3645508.769
4 38 8489400.164
4 39 7035431.032
4 40 3741228.831
4 41 3197607.997
4 42 852334.5524
4 43 2649766.863
4 44 5642329.387
4 45 4260659.234
4 46 9525569.882
4 47 3392109.432
4 48 3279030.03
4 49 3098357.667
4 50 5352843.407
4 51 3039641.853
4 52 3011937.403
4 53 1964356.549
4 54 8219146.886
4 55 4943792.472
4 56 2720418.907
4 57 8556798.697
4 58 7650306.289
4 59 4817217.656
4 60 6333590.08
4 61 9163985.707
4 62 1969813.326
4 63 7657383.905
4 64 7268405.924
4 65 4555023.847
4 66 5887532.222
4 67 4992602.934
4 68 7339780.945
4 69 2926411.712
4 70 5021087.699
4 71 3112915.814
4 72 7615174.621
4 73 2521950.276
4 74 3561318.147
4 75 3948674.772
4 76 4889070.15
4 77 4927807.694
4 78 4117330.165
4 79 3759876.837
4 80 1631733.58
4 81 7080482.535
4 82 4276632.198
4 83 9990476.204
4 84 9148349.778
4 85 2115177.351
4 86 3424545.585
4 87 9925717.559
4 88 9461610.633
4 89 1496017.181
4 90 7774425.066
4 91 4846049.945
4 92 2699073.569
4 93 3378601.79
4 94 5736356.422
4 95 7461705.675
4 96 3040130.705
4 97 4143411.14
4 98 6003997.925
4 99 10280574.05
5 6 11800202.76
5 7 9180414.407
5 8 2091210.153
5 9 10049626.77
5 10 10530806.31
5 11 6049965.88
5 12 7228804.787
5 13 7781047.745
5 14 7084193.408
5 15 9583219.024
5 16 4246507.851
5 17 7471062.561
5 18 7348612.085
5 19 772701.9316
5 20 6608064.074
5 21 1651915.735
5 22 6529717.232
5 23 10460179.62
5 24 8322663.006
5 25 6573228.142
5 26 5837520.279
5 27 9652851.481
5 28 4377707.022
5 29 2254510.169
5 30 2539097.166
5 31 1623552.404
5 32 8892386.127
5 33 4963141.393
5 34 6476281.796
5 35 5397251.59
5 36 8636664.341
5 37 880639.7195
5 38 9493491.411
5 39 8548317.471
5 40 531549.0502
5 41 4028388.341
5 42 4666459.895
5 43 3117634.998
5 44 3273970.378
5 45 5153480.541
5 46 10932713.71
5 47 5485422.923
5 48 6971072.495
5 49 6417497.721
5 50 4479439.585
5 51 1343407.526
5 52 6782318.842
5 53 2050951.512
5 54 8555157.033
5 55 2741831.178
5 56 5916104.778
5 57 8127281.774
5 58 8659879.536
5 59 8481893.124
5 60 8492161.41
5 61 10016799.23
5 62 1933582.974
5 63 5187827.11
5 64 8356504.214
5 65 6342217.01
5 66 9331332.454
5 67 6302664.592
5 68 8093625.967
5 69 1037888.284
5 70 5081078.946
5 71 2685265.02
5 72 8710437.082
5 73 1479738.322
5 74 909205.7787
5 75 642377.4537
5 76 5571647.473
5 77 8283291.654
5 78 1437989.427
5 79 2189881.369
5 80 2704846.137
5 81 9455962.58
5 82 7308258.355
5 83 11200681.24
5 84 11053125.85
5 85 1848563.722
5 86 2010390.429
5 87 11320941.34
5 88 8149673.384
5 89 2335368.772
5 90 7048443.174
5 91 8528570.009
5 92 1511047.448
5 93 6739300.643
5 94 8784146.616
5 95 8679245.904
5 96 1742999.557
5 97 7507014.379
5 98 9406818.948
5 99 11193604.75
6 7 9315901.266
6 8 10449802.56
6 9 2097943.673
6 10 2419751.393
6 11 5750259.219
6 12 4596465.761
6 13 5981100.867
6 14 8583521.843
6 15 4671876.189
6 16 8030279.254
6 17 6760368.605
6 18 7971218.45
6 19 11768949.52
6 20 9211370.217
6 21 11523316.39
6 22 9054508.53
6 23 1344829.049
6 24 8491696.148
6 25 9105386.579
6 26 6336694.83
6 27 2173611.019
6 28 7637273.941
6 29 11909189.17
6 30 9352414.615
6 31 11533231.24
6 32 4205082.426
6 33 8818392.826
6 34 9492653.414
6 35 6591009.666
6 36 5626285.193
6 37 12425225.74
6 38 2321134.154
6 39 3514357.722
6 40 12207173.98
6 41 7948072.555
6 42 10571333.13
6 43 8896988.504
6 44 9677842.146
6 45 6726525.338
6 46 1066921.69
6 47 7158034.858
6 48 9265503.372
6 49 8257662.615
6 50 7666854.914
6 51 10516533.06
6 52 9736559.346
6 53 11596026.17
6 54 3697230.606
6 55 9665883.61
6 56 8280358.158
6 57 5153209.088
6 58 3140438.982
6 59 9015539.754
6 60 4524949.539
6 61 1960743.042
6 62 11408695.75
6 63 9679988.533
6 64 3453623.26
6 65 5997437.856
6 66 7887969.92
6 67 5678729.607
6 68 3742940.934
6 69 11809665.21
6 70 6754202.293
6 71 9149293.934
6 72 3095407.737
6 73 10694155.2
6 74 10894486.4
6 75 11278869.33
6 76 6239055.761
6 77 7681956.247
6 78 10573627.39
6 79 9649558.273
6 80 11788318.47
6 81 4362256.314
6 82 7136477.657
6 83 599897.1228
6 84 2271230.249
6 85 11568236.67
6 86 9790512.176
6 87 711106.304
6 88 7073665.095
6 89 10771579.73
6 90 6084881.486
6 91 9124660.952
6 92 12041365.52
6 93 8211752.306
6 94 6535912.864
6 95 3163887.152
6 96 12577248.67
6 97 7928780.273
6 98 7703347.774
6 99 1100658.963
7 8 9648739.136
7 9 7369035.226
7 10 6901746.099
7 11 7137204.793
7 12 7630491.722
7 13 3801621.317
7 14 12265096.98
7 15 4646251.538
7 16 8921903.192
7 17 3195697.615
7 18 2262655.66
7 19 9756935.724
7 20 2572456.041
7 21 7722280.542
7 22 2656309.608
7 23 8424234.445
7 24 1132724.671
7 25 12264314.13
7 26 5627283.545
7 27 7830650.911
7 28 6231018.019
7 29 7487456.01
7 30 8407759.17
7 31 7750317.537
7 32 10098650.63
7 33 4326060.739
7 34 2725935.292
7 35 6089590.436
7 36 3775723.429
7 37 9112935.181
7 38 8229841.164
7 39 6561285.708
7 40 9179781.163
7 41 6437218.987
7 42 4735576.029
7 43 6759739.326
7 44 9964329.481
7 45 6476324.264
7 46 8294314.525
7 47 4937607.649
7 48 2212317.367
7 49 2997757.095
7 50 8644291.344
7 51 8112164.501
7 52 2484848.028
7 53 7441293.631
7 54 9015472.679
7 55 9366134.008
7 56 3510780.408
7 57 10225442.98
7 58 7697637.761
7 59 727979.1886
7 60 5080861.632
7 61 8919319.325
7 62 7435922.605
7 63 11626544.82
7 64 7360400.625
7 65 5325292.756
7 66 1466443.638
7 67 6099357.671
7 68 7891081.427
7 69 8376461.198
7 70 7607191.291
7 71 7437327.906
7 72 7546390.373
7 73 7737144.571
7 74 8700419.296
7 75 9154648.125
7 76 6876346.075
7 77 1824802.571
7 78 9053778.545
7 79 8329748.161
7 80 7043926.412
7 81 4957839.194
7 82 2963617.19
7 83 8957588.049
7 84 7155038.655
7 85 7587880.488
7 86 8106814.601
7 87 8606244.637
7 88 11936936.4
7 89 6873861.31
7 90 10014813.49
7 91 658922.9204
7 92 8175968.978
7 93 2696388.194
7 94 2803366.487
7 95 7268124.183
7 96 8499020.281
7 97 2155586.551
7 98 1667599.867
7 99 9644213.414
8 9 8911442.007
8 10 9533465.606
8 11 4826381.287
8 12 5869195.062
8 13 7425355.604
8 14 4993056.738
8 15 9013720.885
8 16 2475627.24
8 17 7323342.983
8 18 7547603.828
8 19 1579708.982
8 20 7163892.911
8 21 3283079.486
8 22 7040350.231
8 23 9143290.916
8 24 8644734.77
8 25 4490652.84
8 26 5145376.969
8 27 8385807.706
8 28 3798121.697
8 29 3987154.984
8 30 1350659.75
8 31 3263099.14
8 32 7129765.875
8 33 5333597.046
8 34 7116757.544
8 35 4606095.3
8 36 8249758.023
8 37 2971826.943
8 38 8131545.702
8 39 7491627.095
8 40 2621196.767
8 41 3476657.533
8 42 5706971.19
8 43 2901321.616
8 44 1188506.936
8 45 4251269.866
8 46 9687475.549
8 47 5157761.886
8 48 7533867.161
8 49 6678375.376
8 50 2803490.268
8 51 1880167.473
8 52 7481159.692
8 53 3675600.771
8 54 6963712.496
8 55 803221.6791
8 56 6156379.674
8 57 6284694.129
8 58 7351043.84
8 59 8922042.667
8 60 7788089.178
8 61 8563008.166
8 62 3476916.879
8 63 3129983.248
8 64 7106187.889
8 65 5680428.935
8 66 9477266.497
8 67 5391634.109
8 68 6709235.799
8 69 2907567.357
8 70 3751968.157
8 71 2226806.482
8 72 7437949.89
8 73 2453458.756
8 74 1525773.485
8 75 1465620.784
8 76 4463844.907
8 77 8407476.195
8 78 815605.5074
8 79 1325203.234
8 80 4335946.103
8 81 8809066.35
8 82 7263042.734
8 83 9853712.123
8 84 10053236.08
8 85 3481965.763
8 86 1551667.484
8 87 10054417.25
8 88 6099305.096
8 89 3501683.975
8 90 5164117.361
8 91 8991836.486
8 92 3404798.895
8 93 6996744.471
8 94 8627998.108
8 95 7466893.04
8 96 3767638.955
8 97 7695918.849
8 98 9509146.253
8 99 9718278.465
9 10 942870.9773
9 11 4087464.651
9 12 3125689.941
9 13 3896875.982
9 14 8003005.14
9 15 2806449.227
9 16 6623115.465
9 17 4676125.631
9 18 5895742.374
9 19 10104695.96
9 20 7118156.09
9 21 9618880.508
9 22 6959784.297
9 23 1066120.956
9 24 6479796.076
9 25 8405187.897
9 26 4371614.056
9 27 835424.7829
9 28 5752367.091
9 29 9958040.811
9 30 7708082.635
9 31 9631065.11
9 32 3964602.575
9 33 6747825.74
9 34 7397697.16
9 35 4699290.63
9 36 3612844.783
9 37 10610377.83
9 38 1391085.876
9 39 1521357.849
9 40 10419749.88
9 41 6082819.118
9 42 8494405.205
9 43 7035524.822
9 44 8295294.571
9 45 4899816.022
9 46 1035161.836
9 47 5126967.824
9 48 7180764.257
9 49 6160089.416
9 50 6235427.483
9 51 8730098.657
9 52 7647065.302
9 53 9659148.714
9 54 3010557.263
9 55 8164333.791
9 56 6185505.252
9 57 4686488.232
9 58 1721139.294
9 59 7012403.742
9 60 2438296.554
9 61 1815747.454
9 62 9482526.966
9 63 8686818.546
9 64 1844502.658
9 65 3981609.383
9 66 5986710.31
9 67 3776234.169
9 68 2427041.596
9 69 9956844.036
9 70 5159723.357
9 71 7366556.468
9 72 1570917.032
9 73 8846954.617
9 74 9158472.848
9 75 9573444.601
9 76 4501631.552
9 77 5667021.465
9 78 8921022.994
9 79 7966101.701
9 80 9805862.815
9 81 2444200.699
9 82 5050670.021
9 83 1624286.505
9 84 1323219.619
9 85 9647289.122
9 86 8060498.907
9 87 1426973.175
9 88 6769534.496
9 89 8827115.146
9 90 5306809.95
9 91 7124008.703
9 92 10149333.59
9 93 6118099.826
9 94 4566096.216
9 95 1463112.191
9 96 10680641.06
9 97 5860743.841
9 98 5815303.373
9 99 2279430.217
10 11 4722123.414
10 12 3893360.119
10 13 3742669.912
10 14 8908231.532
10 15 2255508.671
10 16 7331578.182
10 17 4506777.649
10 18 5676039.095
10 19 10644796.22
10 20 6973675.134
10 21 9967265.449
10 22 6829135.85
10 23 1834048.205
10 24 6107804.937
10 25 9291125.374
10 26 4729073.348
10 27 1778006.243
10 28 6169301.924
10 29 10249924.32
10 30 8282417.265
10 31 9981776.769
10 32 4907468.194
10 33 6852317.31
10 34 7265847.92
10 35 5134240.21
10 36 3266697.411
10 37 11036695.66
10 38 2333844.202
10 39 2043586.212
10 40 10869925.05
10 41 6512987.884
10 42 8560512.148
10 43 7454200.748
10 44 8995452.762
10 45 5391209.436
10 46 1454528.413
10 47 5355894.827
10 48 6987819.023
10 49 6076798.632
10 50 6939109.476
10 51 9194634.638
10 52 7474923.98
10 53 9970643.188
10 54 3944308.06
10 55 8811913.481
10 56 6181604.106
10 57 5620185.33
10 58 2589395.519
10 59 6624027.951
10 60 2354235.572
10 61 2712311.913
10 62 9807899.081
10 63 9511087.902
10 64 2634340.613
10 65 4272723.056
10 66 5468887.909
10 67 4231238.337
10 68 3279974.235
10 69 10354042.96
10 70 5804143.221
10 71 7849064.749
10 72 2419708.35
10 73 9258470.803
10 74 9657391.436
10 75 10090401.52
10 76 5074304.767
10 77 5304176.496
10 78 9477918.519
10 79 8512785.893
10 80 10056949.28
10 81 1964626.695
10 82 4883268.219
10 83 2134827.244
10 84 523333.578
10 85 9977321.586
10 86 8574366.972
10 87 1715861.76
10 88 7704700.507
10 89 9136276.162
10 90 6202319.176
10 91 6731353.62
10 92 10506828.85
10 93 5985970.547
10 94 4137204.235
10 95 2249546.136
10 96 11029835.08
10 97 5616940.591
10 98 5283719.953
10 99 2944278.871
11 12 1224351.278
11 13 3624400.926
11 14 5227207.121
11 15 4608472.375
11 16 2650204.66
11 17 3991712.713
11 18 4920945.922
11 19 6041331.702
11 20 5487281.261
11 21 5887079.401
11 22 5304324.868
11 23 4411267.771
11 24 6006060.36
11 25 5353272.924
11 26 1561433.767
11 27 3611947.123
11 28 2116559.379
11 29 6360460.485
11 30 3630956.651
11 31 5893135.145
11 32 3570787.766
11 33 4142675.313
11 34 5654098.04
11 35 1305047.583
11 36 4228305.108
11 37 6690113.571
11 38 3447749.522
11 39 2679263.962
11 40 6461964.474
11 41 2351508.194
11 42 5763184.991
11 43 3248664.962
11 44 4289868.904
11 45 1169017.332
11 46 4904383.171
11 47 2489015.021
11 48 5747412.251
11 49 4509974.917
11 50 2257045.564
11 51 4775213.668
11 52 6029908.207
11 53 6020713.111
11 54 2801987.787
11 55 4091483.298
11 56 4184339.068
11 57 3308514.524
11 58 2609919.611
11 59 6487629.387
11 60 3303175.919
11 61 4007391.709
11 62 5814461.392
11 63 5125566.029
11 64 2315264.767
11 65 1815282.884
11 66 6299645.627
11 67 1061142.795
11 68 2075022.765
11 69 6104536.354
11 70 1082044.954
11 71 3413449.332
11 72 2664558.583
11 73 4993464.117
11 74 5144380.786
11 75 5534076.956
11 76 549304.9699
11 77 5387524.862
11 78 4850085.834
11 79 3908859.284
11 80 6331286.977
11 81 4314422.017
11 82 4176776.895
11 83 5150715.379
11 84 5238119.202
11 85 5960675.933
11 86 4040313.13
11 87 5285521.017
11 88 4808367.752
11 89 5234673.446
11 90 2887542.604
11 91 6594960.195
11 92 6379428.743
11 93 4692657.594
11 94 4982345.7
11 95 2657415.354
11 96 6916009.124
11 97 5001861.097
11 98 6236735.622
11 99 5183551.305
12 13 3883907.14
12 14 5271766.145
12 15 4336305.713
12 16 3509558.401
12 17 4435866.326
12 18 5528654.091
12 19 7173469.387
12 20 6307527.425
12 21 7111155.37
12 22 6124348.27
12 23 3276221.335
12 24 6524346.789
12 25 5548187.564
12 26 2446585.258
12 27 2522288.243
12 28 3317848.195
12 29 7582818.781
12 30 4757324.721
12 31 7117084.253
12 32 2574764.687
12 33 5170124.396
12 34 6510078.357
12 35 2396649.586
12 36 4277743.301
12 37 7892861.384
12 38 2276116.545
12 39 1960382.914
12 40 7655286.451
12 41 3569378.871
12 42 6857234.831
12 43 4472969.496
12 44 5181474.622
12 45 2360353.327
12 46 3823114.362
12 47 3432540.562
12 48 6523748.169
12 49 5292130.637
12 50 3127283.37
12 51 5975873.841
12 52 6864542.386
12 53 7244175.098
12 54 1648934.749
12 55 5097119.213
12 56 5050101.949
12 57 2597463.554
12 58 1483155.117
12 59 7040250.168
12 60 3087754.696
12 61 2794888.581
12 62 7038487.007
12 63 5630735.525
12 64 1281206.253
12 65 2458271.172
12 66 6603520.352
12 67 1731150.862
12 68 864883.0846
12 69 7320424.999
12 70 2159337.336
12 71 4621980.85
12 72 1583231.825
12 73 6211777.043
12 74 6320141.075
12 75 6691769.95
12 76 1766702.976
12 77 5816971.248
12 78 5978015.052
12 79 5061206.452
12 80 7545803.169
12 81 3982058.052
12 82 4699609.425
12 83 3997337.514
12 84 4382402.819
12 85 7184985.526
12 86 5219496.27
12 87 4185787.314
12 88 4457873.813
12 89 6454851.139
12 90 2617736.588
12 91 7152754.273
12 92 7601825.214
12 93 5419605.567
12 94 5172678.872
12 95 1664918.815
12 96 8138146.19
12 97 5580082.782
12 98 6505758.418
12 99 3972803.854
13 14 8850645.429
13 15 1921796.247
13 16 5929249.012
13 17 779464.5819
13 18 2003567.533
13 19 8108631.843
13 20 3239674.167
13 21 6828390.825
13 22 3090177.124
13 23 4881471.649
13 24 2750320.544
13 25 8967209.26
13 26 2392250.537
13 27 4181869.634
13 28 3627650.118
13 29 6956586.303
13 30 6074792.86
13 31 6848695.331
13 32 6301312.142
13 33 3303656.892
13 34 3527991.15
13 35 2954966.376
13 36 855696.1517
13 37 8082509.724
13 38 4514216.927
13 39 2815433.963
13 40 7998825.346
13 41 3956645.163
13 42 4908630.144
13 43 4717684.699
13 44 7334639.761
13 45 3366528.882
13 46 4914780.424
13 47 2313879.268
13 48 3284759.55
13 49 2338394.383
13 50 5577034.727
13 51 6465113.218
13 52 3756713.162
13 53 6734633.277
13 54 5214415.033
13 55 6893394.853
13 56 2498863.779
13 57 6477820.697
13 58 3915744.015
13 59 3288338.224
13 60 1458579.807
13 61 5224477.993
13 62 6613813.261
13 63 8605454.12
13 64 3567184.56
13 65 1905748.034
13 66 2723613.083
13 67 2569724.04
13 68 4090254.012
13 69 7338894.532
13 70 4378427.689
13 71 5306892.298
13 72 3774085.064
13 73 6344172.534
13 74 7022383.709
13 75 7496394.9
13 76 3533093.352
13 77 1977825.837
13 78 7085323.551
13 79 6161063.861
13 80 6677606.065
13 81 1949753.78
13 82 1155436.391
13 83 5519242.488
13 84 4162837.145
13 85 6788749.896
13 86 6081886.261
13 87 5283563.913
13 88 8296036.141
13 89 5929007.35
13 90 6393169.558
13 91 3403242.462
13 92 7371830.186
13 93 2245715.757
13 94 1359459.038
13 95 3504230.91
13 96 7854879.791
13 97 1981386.981
13 98 2637186.305
13 99 6083521.971
14 15 9603084.92
14 16 3639847.027
14 17 9193128.958
14 18 10007352.09
14 19 6507691.737
14 20 10277323
14 21 8093746.262
14 22 10105954.62
14 23 7621748.86
14 24 11134616.63
14 25 690416.7693
14 26 6648645.498
14 27 7199682.855
14 28 6233979.666
14 29 8789383.642
14 30 5127727.31
14 31 8079894.294
14 32 4382404.475
14 33 8568591.974
14 34 10365477.25
14 35 6176072.37
14 36 9415538.63
14 37 7964832.169
14 38 6696634.31
14 39 7191218.367
14 40 7613609.208
14 41 6157860.267
14 42 9703127.456
14 43 6400052.654
14 44 3818333.553
14 45 5796470.916
14 46 8290717.988
14 47 7359474.917
14 48 10597644.12
14 49 9421709.837
14 50 3781211.43
14 51 6569319.873
14 52 10761085.74
14 53 8441661.646
14 54 5039512.115
14 55 4434200.886
14 56 8988160.864
14 57 3435668.519
14 58 6324130.966
14 59 11580406.57
14 60 8331689.156
14 61 6698408.949
14 62 8219778.224
14 63 2056792.714
14 64 6350060.33
14 65 7014461.543
14 66 11518384.3
14 67 6286603.267
14 68 5657364.218
14 69 7842984.34
14 70 4663635.971
14 71 5930417.571
14 72 6501385.128
14 73 7119120.61
14 74 6429890.624
14 75 6455627.936
14 76 5400898.44
14 77 10574976.6
14 78 5720846.03
14 79 5477168.878
14 80 9044372.574
14 81 9253195.579
14 82 9341798.538
14 83 8096733.213
14 84 9325907.018
14 85 8272621.186
14 86 5832526.223
14 87 8524726.85
14 88 1719992.063
14 89 8007047.294
14 90 2712417.215
14 91 11681141.88
14 92 8323745.233
14 93 9666471.428
14 94 10206960.08
14 95 6711276.507
14 96 8733158.631
14 97 10109561.22
14 98 11460934.7
14 99 7542701.572
15 16 7198157.384
15 17 2559928.897
15 18 3592294.109
15 19 9850741.552
15 20 4945240.819
15 21 8717193.052
15 22 4822478.817
15 23 3871949.886
15 24 3881178.145
15 25 9844300.058
15 26 3869709.322
15 27 3421813.624
15 28 5281880.057
15 29 8869412.718
15 30 7674763.163
15 31 8736501.75
15 32 6254503.33
15 33 5224898.714
15 34 5246361.094
15 35 4409356.725
15 36 1171495.062
15 37 9938826.74
15 38 3917752.982
15 39 2535006.432
15 40 9834678.401
15 41 5629432.18
15 42 6800345.394
15 43 6476156.605
15 44 8749645.303
15 45 4780838.058
15 46 3665136.003
15 47 4104735.736
15 48 4901091.874
15 49 4165489.484
15 50 6815000.703
15 51 8248758.787
15 52 5402348.494
15 53 8639381.291
15 54 5157952.224
15 55 8400737.34
15 56 4394764
15 57 6710007.029
15 58 3664962.464
15 59 4386421.168
15 60 1305619.946
15 61 4527487.44
15 62 8511501.366
15 63 9732362.395
15 64 3454182.041
15 65 3334858.961
15 66 3217778.229
15 67 3712023.718
15 68 4141894.211
15 69 9204931.522
15 70 5584231.819
15 71 7011454.932
15 72 3479108.337
15 73 8178578.718
15 74 8783775.145
15 75 9250292.392
15 76 4729535.142
15 77 3091717.283
15 78 8768983.595
15 79 7815434.893
15 80 8597456.995
15 81 393455.972
15 82 2909900.521
15 83 4338099.785
15 84 2535579.127
15 85 8686218.704
15 86 7783993.553
15 87 3963668.922
15 88 8726068.83
15 89 7825858.472
15 90 6947996.276
15 91 4491540.774
15 92 9262270.118
15 93 4006084.605
15 94 1901633.578
15 95 3196883.123
15 96 9753827.7
15 97 3506938.148
15 98 3036243.27
15 99 5076303.003
16 17 6068200.36
16 18 6668501.589
16 19 3963948.816
16 20 6746237.112
16 21 4780340.61
16 22 6583080.272
16 23 6748394.31
16 24 7814406.228
16 25 3449098.009
16 26 3540885.314
16 27 6026549.231
16 28 2708766.433
16 29 5432201.258
16 30 1775706.497
16 31 4773131.279
16 32 4678491.535
16 33 4976697.008
16 34 6805585.545
16 35 2985174.952
16 36 6659572.324
16 37 5063294.927
16 38 5725804.565
16 39 5301788.677
16 40 4753150.94
16 41 2569824.478
16 42 6064956.042
16 43 2766451.526
16 44 1672550.921
16 45 2570507.805
16 46 7323420.818
16 47 3997867.194
16 48 7084911.328
16 49 5970270.5
16 50 393914.8117
16 51 3300115.506
16 52 7200796.058
16 53 5070727.541
16 54 4491484.157
16 55 1672764.183
16 56 5497806.137
16 57 3881938.078
16 58 4985431.498
16 59 8209500.632
16 60 5903367.863
16 61 6116775.363
16 62 4842748.22
16 63 2717785.894
16 64 4783394.964
16 65 4028606.167
16 66 8390258.361
16 67 3492130.875
16 68 4313022.891
16 69 4706768.058
16 70 1614314.734
16 71 2355018.823
16 72 5092701.716
16 73 3768640.054
16 74 3389664.959
16 75 3622404.954
16 76 2470618.104
16 77 7367531.242
16 78 2826537.925
16 79 2159317.573
16 80 5606682.051
16 81 6928527.615
16 82 6130616.361
16 83 7439359.211
16 84 7839055.399
16 85 4930873.742
16 86 2472875.328
16 87 7675647.769
16 88 4150939.165
16 89 4509195.64
16 90 2807548.055
16 91 8301595.14
16 92 5128005.573
16 93 6245303.992
16 94 7260085.749
16 95 5160492.18
16 96 5614961.99
16 97 6790798.701
16 98 8371515.044
16 99 7260903.461
17 18 1231793.58
17 19 7862452.02
17 20 2467398.99
17 21 6392974.597
17 22 2322735.041
17 23 5656140.037
17 24 2091347.027
17 25 9255878.859
17 26 2567949.722
17 27 4945391.418
17 28 3560247.218
17 29 6455706.808
17 30 5983741.727
17 31 6415240.235
17 32 6927830.278
17 33 2747539.973
17 34 2759097.98
17 35 3096452.873
17 36 1394160.945
17 37 7696976.083
17 38 5258972.784
17 39 3557653.221
17 40 7643712.548
17 41 3856864.829
17 42 4245943.962
17 43 4502735.864
17 44 7358295.441
17 45 3508387.968
17 46 5694144.467
17 47 2173631.915
17 48 2505310.662
17 49 1608790.194
17 50 5742113.963
17 51 6190331.141
17 52 2978838.3
17 53 6261119.134
17 54 5859943.554
17 55 6860071.971
17 56 1853669.424
17 57 7029853.462
17 58 4624199.122
17 59 2615920.101
17 60 2237868.752
17 61 5973344.517
17 62 6159664.681
17 63 8779454.535
17 64 4262092.018
17 65 2181121.176
17 66 2337560.542
17 67 2936165.705
17 68 4737821.609
17 69 6942566.365
17 70 4599299.571
17 71 5136380.135
17 72 4492430.405
17 73 6005375.937
17 74 6766335.462
17 75 7243520.39
17 76 3799246.404
17 77 1399592.758
17 78 6906227.307
17 79 6021838.59
17 80 6142661.943
17 81 2655471.601
17 82 377435.082
17 83 6298083.004
17 84 4913375.604
17 85 6333955.744
17 86 5899431.903
17 87 6062230.093
17 88 8763464.661
17 89 5482269.696
17 90 6844396.066
17 91 2729868.423
17 92 6929413.074
17 93 1481379.647
17 94 1320463.427
17 95 4230650.945
17 96 7390524.512
17 97 1224616.681
17 98 2305293.135
17 99 6854371.283
18 19 7841975.613
18 20 1365839.432
18 21 6065421.286
18 22 1266531.142
18 23 6884975.344
18 24 1145992.701
18 25 10001672.79
18 26 3385476.939
18 27 6177164.103
18 28 3993771.432
18 29 5995793.047
18 30 6260132.299
18 31 6090882.162
18 32 8066772.02
18 33 2388211.489
18 34 1668349.592
18 35 3831403.07
18 36 2440018.258
18 37 7433687.006
18 38 6486046.888
18 39 4785285.074
18 40 7437126.088
18 41 4221555.863
18 42 3480463.896
18 43 4647350.648
18 44 7770035.018
18 45 4214844.188
18 46 6906818.14
18 47 2676658.182
18 48 1315012.432
18 49 933747.8553
18 50 6384927.87
18 51 6162438.27
18 52 1811821.834
18 53 5861936.863
18 54 7019885.772
18 55 7199179.857
18 56 1435346.604
18 57 8097515.782
18 58 5833768.097
18 59 1575017.068
18 60 3459188.836
18 61 7201634.843
18 62 5801994.066
18 63 9379172.296
18 64 5464744.457
18 65 3129683.706
18 66 1983014.224
18 67 3908781.825
18 68 5905486.704
18 69 6675461.512
18 70 5346574.254
18 71 5320833.903
18 72 5707895.05
18 73 5870511.082
18 74 6753983.001
18 75 7224826.907
18 76 4630152.781
18 77 948387.0654
18 78 7018039.431
18 79 6222457.841
18 80 5619453.704
18 81 3760714.648
18 82 876313.5686
18 83 7519483.794
18 84 6054615.678
18 85 5970069.03
18 86 6035190.765
18 87 7268895.483
18 88 9729313.23
18 89 5161700.516
18 90 7808072.524
18 91 1678856.07
18 92 6574749.869
18 93 619835.477
18 94 1865407.605
18 95 5450773.082
18 96 6983172.862
18 97 159080.2845
18 98 2062575.573
18 99 8085353.089
19 20 7191201.616
19 21 2399216.794
19 22 7100626.488
19 23 10440071.46
19 24 8856659.876
19 25 5963002.453
19 26 6028393.576
19 27 9651615.263
19 28 4577900.805
19 29 3023058.405
19 30 2416572.336
19 31 2371700.185
19 32 8642420.637
19 33 5477482.833
19 34 7079485.782
19 35 5545330.175
19 36 8960264.688
19 37 1556354.27
19 38 9449532.485
19 39 8628875.762
19 40 1208725.293
19 41 4227408.049
19 42 5345035.756
19 43 3391264.258
19 44 2755087.83
19 45 5256234.964
19 46 10945711.92
19 47 5795236.773
19 48 7558773.139
19 49 6919891.765
19 50 4247935.618
19 51 1682942.319
19 52 7401920.978
19 53 2804744.415
19 54 8397605.284
19 55 2337996.539
19 56 6407051.151
19 57 7826223.713
19 58 8635752.886
19 59 9047845.896
19 60 8705642.481
19 61 9932174.792
19 62 2671036.599
19 63 4551733.986
19 64 8356040.278
19 65 6550825.933
19 66 9822239.237
19 67 6419927.118
19 68 8032824.138
19 69 1808004.637
19 70 5014759.564
19 71 2843975.283
19 72 8702404.25
19 73 2024348.51
19 74 1097030.027
19 75 620209.6134
19 76 5603064.633
19 77 8762056.827
19 78 1195468.777
19 79 2138618.578
19 80 3466430.919
19 81 9695696.513
19 82 7729712.056
19 83 11169357.07
19 84 11168112.16
19 85 2600381.748
19 86 2082575.438
19 87 11325875.58
19 88 7673846.419
19 89 2997957.453
19 90 6717293.66
19 91 9100685.012
19 92 2283600.188
19 93 7243869.467
19 94 9182479.635
19 95 8696729.155
19 96 2487728.396
19 97 7998762.662
19 98 9885698.855
19 99 11102036.46
20 21 5163583.372
20 22 183639.8596
20 23 8066056.572
20 24 1833618.386
20 25 10179947.09
20 26 3934406.634
20 27 7316862.641
20 28 4052342.325
20 29 4972574.857
20 30 5981802.087
20 31 5191246.647
20 32 8882110.342
20 33 1844730.061
20 34 302546.05
20 35 4241809.244
20 36 3782144.239
20 37 6554441.679
20 38 7569996.966
20 39 5890408.165
20 40 6611829.37
20 41 4179934.909
20 42 2281547.933
20 43 4322284.01
20 44 7589585.298
20 45 4557830.216
20 46 8144453.264
20 47 3013203.137
20 48 371083.5532
20 49 1024126.867
20 50 6525005.836
20 51 5559299.473
20 52 559964.1451
20 53 4898900.529
20 54 7893700.982
20 55 6954166.15
20 56 1312253.965
20 57 8779409.375
20 58 6850722.207
20 59 1884086.346
20 60 4687715.102
20 61 8288835.249
20 62 4880538.412
20 63 9383049.321
20 64 6466466.648
20 65 3850578.365
20 66 3001042.057
20 67 4590820.034
20 68 6814485.408
20 69 5812373.713
20 70 5661882.294
20 71 4990931.166
20 72 6746540.875
20 73 5168840.532
20 74 6144106.929
20 75 6592983.614
20 76 5089209.12
20 77 2164231.933
20 78 6529927.139
20 79 5862099.032
20 80 4550707.502
20 81 5093213.464
20 82 2090489.547
20 83 8732389.259
20 84 7373346.874
20 85 5036743.843
20 86 5612733.446
20 87 8518314.766
20 88 10222451.21
20 89 4304427.216
20 90 8329770.547
20 91 1923330.581
20 92 5631661.64
20 93 1000170.106
20 94 3222692.159
20 95 6510620.425
20 96 5982123.373
20 97 1478501.11
20 98 3140745.505
20 99 9242526.331
21 22 5109485.267
21 23 10181241.62
21 24 6947522.942
21 25 7670697.988
21 26 5254480.584
21 27 9349706.308
21 28 3886145.532
21 29 705996.6148
21 30 3030348.764
21 31 29262.5731
21 32 9141000.992
21 33 3703866.138
21 34 4996755.514
21 35 4935554.968
21 36 7672982.966
21 37 1391020.033
21 38 9284957.646
21 39 8097666.124
21 40 1485871.448
21 41 3579391.635
21 42 3078842.919
21 43 2642493.35
21 44 4334696.281
21 45 4808643.02
21 46 10575230.6
21 47 4659172.296
21 48 5513391.936
21 49 5135730.539
21 50 4891607.115
21 51 1525917.634
21 52 5270490.913
21 53 410013.0565
21 54 8613225.118
21 55 3670476.753
21 56 4672145.185
21 57 8505961.237
21 58 8429387.27
21 59 7047420.975
21 60 7761429.682
21 61 9884202.836
21 62 293926.1231
21 63 6378029.845
21 64 8083909.899
21 65 5694556.378
21 66 8025478.591
21 67 5855301.538
21 68 7957823.134
21 69 668918.7857
21 70 5104217.719
21 71 2580569.008
21 72 8444232.692
21 73 1011789.045
21 74 1759448.406
21 75 1977102.178
21 76 5351694.443
21 77 7013555.132
21 78 2470430.318
21 79 2653762.515
21 80 1082328.377
21 81 8649654.816
21 82 6171796.163
21 83 10932998.26
21 84 10479091.56
21 85 205371.5429
21 86 2315367.978
21 87 10974345.18
21 88 8910026.594
21 89 912713.9691
21 90 7524846.631
21 91 7082897.014
21 92 545668.4389
21 93 5445733.012
21 94 7665670.876
21 95 8359433.828
21 96 1063167.688
21 97 6224197.639
21 98 8122783.377
21 99 11054802.59
22 23 7901911.361
22 24 1850944.969
22 25 10013415.37
22 26 3751004.707
22 27 7148947.481
22 28 3885097.556
22 29 4942668.136
22 30 5845430.089
22 31 5136807.512
22 32 8698982.246
22 33 1710365.135
22 34 438353.7323
22 35 4060796.604
22 36 3655534.948
22 37 6499064.074
22 38 7397423.365
22 39 5720653.12
22 40 6547153.983
22 41 4019362.458
22 42 2289077.289
22 43 4185733.772
22 44 7446835.362
22 45 4379085.512
22 46 7987693.13
22 47 2831811.815
22 48 505826.6216
22 49 844480.4108
22 50 6357875.194
22 51 5458952.199
22 52 741441.6998
22 53 4856047.207
22 54 7711738.388
22 55 6816374.497
22 56 1132404.645
22 57 8595901.103
22 58 6674434.759
22 59 1952188.426
22 60 4532982.263
22 61 8116145.517
22 62 4829407.184
22 63 9227315.718
22 64 6289630.551
22 65 3667653.898
22 66 2994253.875
22 67 4407256.975
22 68 6633784.954
22 69 5752725.431
22 70 5485458.431
22 71 4857144.514
22 72 6571524.786
22 73 5081357.679
22 74 6046019.401
22 75 6498771.369
22 76 4907896.754
22 77 2111850.579
22 78 6417153.333
22 79 5733675.852
22 80 4530238.332
22 81 4960691.01
22 82 1947366.859
22 83 8571802.854
22 84 7234304.715
22 85 4988334.863
22 86 5490419.51
22 87 8363253.155
22 88 10042409.4
22 89 4239497.456
22 90 8148529.362
22 91 2000663.94
22 92 5586546.675
22 93 844695.9721
22 94 3131603.189
22 95 6337071.055
22 96 5949465.619
22 97 1391358.583
22 98 3124797.583
22 99 9075332.092
23 24 7516294.603
23 25 8091090.606
23 26 5013274.608
23 27 835316.4414
23 28 6295700.777
23 29 10573625.03
23 30 8023792.893
23 31 10190941.95
23 32 3347317.853
23 33 7549701.477
23 34 8337590.298
23 35 5251677.385
23 36 4657687.907
23 37 11081003.45
23 38 1026446.54
23 39 2235326.133
23 40 10864318.87
23 41 6604681.938
23 42 9307419.147
23 43 7552937.371
23 44 8408753.429
23 45 5382097.038
23 46 670352.3288
23 47 5860367.056
23 48 8150884.353
23 49 7084422.305
23 50 6377177.623
23 51 9173199.379
23 52 8605184.892
23 53 10258064.79
23 54 2596623.571
23 55 8366058.04
23 56 7064973.685
23 57 4202718.075
23 58 1804476.356
23 59 8051611.504
23 60 3431910.024
23 61 978039.264
23 62 10069211.24
23 63 8543924.777
23 64 2109069.758
23 65 4696423.382
23 66 7049970.532
23 67 4343399.51
23 68 2437562.796
23 69 10464888.89
23 70 5427302.027
23 71 7805626.886
23 72 1751493.114
23 73 9349374.453
23 74 9555408.585
23 75 9943626.572
23 76 4895581.298
23 77 6704036.029
23 78 9245359.117
23 79 8315640.76
23 80 10460573.4
23 81 3510193.645
23 82 6025769.377
23 83 751939.2801
23 84 1999840.2
23 85 10227976.71
23 86 8451249.387
23 87 942276.543
23 88 6237911.595
23 89 9435474.182
23 90 5006748.671
23 91 8164015.309
23 92 10698110.92
23 93 7067337.258
23 94 5620933.193
23 95 1823491.278
23 96 11234193.73
23 97 6859445.447
23 98 6879765.266
23 99 1220242.087
24 25 11140014.56
24 26 4494704.21
24 27 6875370.83
24 28 5137610.844
24 29 6793612.023
24 30 7374772.322
24 31 6974440.89
24 32 9016887.939
24 33 3380332.818
24 34 2075777.171
24 35 4960239.379
24 36 2869976.64
24 37 8334059.76
24 38 7243099.047
24 39 5553585.031
24 40 8368475.16
24 41 5359378.602
24 42 4114111.301
24 43 5744259.902
24 44 8902998.161
24 45 5349591.971
24 46 7446283.957
24 47 3820937.524
24 48 1547570.077
24 49 1967090.114
24 50 7529433.857
24 51 7188721.996
24 52 1986558.531
24 53 6703405.753
24 54 7943631.871
24 55 8322160.416
24 56 2489607.85
24 57 9115021.619
24 58 6665937.495
24 59 540066.5621
24 60 4110275.076
24 61 7945191.268
24 62 6670733.065
24 63 10525098.28
24 64 6316558.039
24 65 4195736.788
24 66 1196749.572
24 67 4971301.931
24 68 6819826.324
24 69 7583041.104
24 70 6479147.768
24 71 6421072.767
24 72 6522758.961
24 73 6855697.877
24 74 7780527.235
24 75 8244891.245
24 76 5743908.03
24 77 812776.5535
24 78 8086082.912
24 79 7320360.479
24 80 6379376.771
24 81 4143181.385
24 82 1837337.156
24 83 8093043.116
24 84 6416555.85
24 85 6831835.945
24 86 7117230.253
24 87 7780852.329
24 88 10808180.33
24 89 6065422.896
24 90 8885849.229
24 91 654650.5386
24 92 7432073.492
24 93 1648055.307
24 94 1979585.018
24 95 6250445.69
24 96 7800139.256
24 97 1028080.119
24 98 1362816.195
24 99 8734459.086
25 26 6690825.032
25 27 7620204.106
25 28 6128356.61
25 29 8372818.384
25 30 4773718.694
25 31 7655095.895
25 32 4926591.107
25 33 8425098.621
25 34 10248691.93
25 35 6187855.34
25 36 9577794.927
25 37 7452151.619
25 38 7136952.647
25 39 7497702.285
25 40 7098416.443
25 41 6014787.973
25 42 9458010.703
25 43 6156877.491
25 44 3345614.395
25 45 5791552.603
25 46 8756096.019
25 47 7330884.61
25 48 10511905.41
25 49 9365802.533
25 50 3655823.752
25 51 6156093.369
25 52 10644307.33
25 53 8032629.839
25 54 5495315.822
25 55 4000741.872
25 56 8911622.158
25 57 3955129.037
25 58 6701884.497
25 59 11566449.63
25 60 8554879.558
25 61 7191435.97
25 62 7814875.361
25 63 1434004.227
25 64 6692462.74
25 65 7093904.73
25 66 11591917.03
25 67 6398232.076
25 68 6015818.063
25 69 7378212.135
25 70 4667607.629
25 71 5638318.398
25 72 6872431.821
25 73 6719208.266
25 74 5968273.772
25 75 5955880.511
25 76 5459155.035
25 77 10618919.02
25 78 5250429.039
25 79 5102695.259
25 80 8653747.274
25 81 9507345.001
25 82 9378447.758
25 83 8600443.78
25 84 9727261.448
25 85 7856085.204
25 86 5459625.392
25 87 9008637.622
25 88 2389662.735
25 89 7650045.797
25 90 3102176.828
25 91 11663726.08
25 92 7867234.185
25 93 9625292.718
25 94 10326661.7
25 95 7064491.156
25 96 8254586.737
25 97 10112004.26
25 98 11546225.04
25 99 8084965.9
26 27 4178833.945
26 28 1460410.11
26 29 5588116.697
26 30 3805060.043
26 31 5267625.785
26 32 5001301.56
26 33 2732470.851
26 34 4111944.942
26 35 564492.8971
26 36 3156780.76
26 37 6310127.818
26 38 4218075.144
26 39 2853788.818
26 40 6152695.4
26 41 1811036.941
26 42 4450588.205
26 43 2732849.634
26 44 4957895.913
26 45 974280.4387
26 46 5349715.326
26 47 985961.914
26 48 4187825.085
26 49 2949417.724
26 50 3196451.392
26 51 4494571.117
26 52 4481816.216
26 53 5287534.711
26 54 4088713.987
26 55 4553761.45
26 56 2641117.975
26 57 4845537.429
26 58 3378029.222
26 59 4959217.587
26 60 2678350.397
26 61 4892164.693
26 62 5111847.865
26 63 6233326.087
26 64 2996165.548
26 65 535069.7918
26 66 4905510.264
26 67 735420.3811
26 68 3108675.526
26 69 5625153.219
26 70 2031573.769
26 71 3186824.363
26 72 3344519.185
26 73 4530478.301
26 74 4990775.332
26 75 5443914.23
26 76 1249666.294
26 77 3930573.756
26 78 4915007.583
26 79 3954314.212
26 80 5452115.962
26 81 3680894.972
26 82 2693697.11
26 83 5761248.383
26 84 5246734.883
26 85 5277494.001
26 86 3947371.142
26 87 5751009.881
26 88 6356461.967
26 89 4455703.113
26 90 4440451.808
26 91 5064141.418
26 92 5789489.143
26 93 3132357.016
26 94 3719744.414
26 95 3202430.374
26 96 6317490.184
26 97 3476398.647
26 98 4868652.956
26 99 6010709.097
27 28 5463670.14
27 29 9738852.291
27 30 7237771.452
27 31 9359634.159
27 32 3130020.408
27 33 6734444.037
27 34 7581913.414
27 35 4418028.291
27 36 4056467.404
27 37 10262122.98
27 38 558950.9049
27 39 1436913.506
27 40 10050153.25
27 41 5774992.361
27 42 8492863.629
27 43 6724642.588
27 44 7695983.704
27 45 4555376.105
27 46 1301727.532
27 47 5033896.58
27 48 7419652.696
27 49 6321969.541
27 50 5647360.462
27 51 8358011.523
27 52 7862542.481
27 53 9423967.551
27 54 2183894.403
27 55 7618076.342
27 56 6278210.575
27 57 3857986.213
27 58 1041120.447
27 59 7414448.436
27 60 2765102.887
27 61 1108484.453
27 62 9235780.68
27 63 7962255.345
27 64 1297193.042
27 65 3869762.585
27 66 6503094.435
27 67 3508362.404
27 68 1730035.295
27 69 9639746.937
27 70 4648758.975
27 71 6989740.804
27 72 950081.7434
27 73 8524385.064
27 74 8750361.303
27 75 9145427.649
27 76 4082328.302
27 77 6067987.579
27 78 8458680.438
27 79 7520782.725
27 80 9625303.862
27 81 3036353.58
27 82 5307822.523
27 83 1586331.14
27 84 2137585.505
27 85 9394990.844
27 86 7646383.566
27 87 1674399.983
27 88 5938904.365
27 89 8600802.354
27 90 4518061.074
27 91 7528236.954
27 92 9868068.55
27 93 6322306.816
27 94 5040526.246
27 95 990277.4407
27 96 10403841.38
27 97 6162591.408
27 98 6344393.723
27 99 1927626.251
28 29 4295818.307
28 30 2447932.367
28 31 3896287.588
28 32 5639524.914
28 33 2353183.927
28 34 4131749.955
28 35 1053627.536
28 36 4457163.601
28 37 4870242.786
28 38 5413051.114
28 39 4232651.266
28 40 4701129.943
28 41 351297.5602
28 42 3763403.954
28 43 1286765.817
28 44 3810932.7
28 45 957737.1545
28 46 6693613.197
28 47 1388897.4
28 48 4383826.735
28 49 3262955.722
28 50 2472802.045
28 51 3035241.43
28 52 4527459.326
28 53 3970111.682
28 54 4918399.609
28 55 3300074.817
28 56 2789621.971
28 57 5233612.298
28 58 4556445.955
28 59 5513166.384
28 60 4130023.001
28 61 6034432.107
28 62 3776315.076
28 63 5397132.048
28 64 4203267.85
28 65 1974403.139
28 66 5808536.647
28 67 1976846.842
28 68 4130439.836
28 69 4204768.393
28 70 1742681.023
28 71 1733947.89
28 72 4563313.154
28 73 3097390.597
28 74 3531748.208
28 75 3987759.052
28 76 1568273.336
28 77 4755447.915
28 78 3488576.082
28 79 2543509.438
28 80 4232371.097
28 81 5118146.637
28 82 3548146.031
28 83 7047571.594
28 84 6689693.789
28 85 3933272.84
28 86 2503036.31
28 87 7091730.891
28 88 6329588.565
28 89 3158978.207
28 90 4527859.613
28 91 5602713.383
28 92 4407312.81
28 93 3543073.453
28 94 4845931.739
28 95 4473393.412
28 96 4942055.831
28 97 4124413.948
28 98 5814880.955
28 99 7195178.162
29 30 3702941.788
29 31 724609.7929
29 32 9700657.741
29 33 3713446.044
29 34 4773121.278
29 35 5324785.483
29 36 7784256.235
29 37 1766611.118
29 38 9707888.285
29 39 8441848.269
29 40 1970845.582
29 41 4016724.78
29 42 2760268.339
29 43 3120778.845
29 44 5039387.136
29 45 5243211.205
29 46 10936345.76
29 47 4898154.409
29 48 5303476.418
29 49 5084561.487
29 50 5521627.967
29 51 2220393.708
29 52 5006724.116
29 53 362662.1881
29 54 9124607.195
29 55 4372090.94
29 56 4660550.854
29 57 9100037.972
29 58 8851359.064
29 59 6840635.918
29 60 7989447.719
29 61 10328743.63
29 62 590393.2395
29 63 7083889.414
29 64 8494317.378
29 65 5991300.183
29 66 7915500.466
29 67 6230703.234
29 68 8415396.562
29 69 1216763.067
29 70 5644316.271
29 71 3167443.606
29 72 8853669.205
29 73 1678905.999
29 74 2462117.051
29 75 2652593.118
29 76 5816172.05
29 77 6940737.592
29 78 3175536.068
29 79 3331964.514
29 80 484425.5305
29 81 8832381.799
29 82 6201787.326
29 83 11325164.9
29 84 10753915.93
29 85 517031.3939
29 86 2986050.481
29 87 11337313.5
29 88 9574614.596
29 89 1138514.764
29 90 8144985.267
29 91 6865381.914
29 92 789675.511
29 93 5379134.09
29 94 7686717.244
29 95 8750476.465
29 96 1011696.557
29 97 6152391.365
29 98 8028060.462
29 99 11490972.9
30 31 3020964.706
30 32 6359449.031
30 33 4137158.721
30 34 5966017.233
30 35 3274257.318
30 36 6899373.361
30 37 3315156.148
30 38 7033252.79
30 39 6250786.486
30 40 3021716.83
30 41 2129992.06
30 42 4788968.814
30 43 1659747.711
30 44 1643772.025
30 45 2935714.683
30 46 8533801.126
30 47 3813744.426
30 48 6347289.613
30 49 5416592.363
30 50 1957110.063
30 51 1527790.385
30 52 6344876.433
30 53 3345950.178
30 54 6023030.914
30 55 974522.312
30 56 4898515.95
30 57 5620454.329
30 58 6219619.894
30 59 7679781.759
30 60 6462396.965
30 61 7523074.028
30 62 3119737.766
30 63 3631835.059
30 64 5943441.785
30 65 4339930.821
30 66 8166125.193
30 67 4091483.447
30 68 5617624.167
30 69 2931096.712
30 70 2598290.105
30 71 995977.0137
30 72 6288085.922
30 73 2024817.572
30 74 1646683.984
30 75 1953789.654
30 76 3213208.05
30 77 7098537.509
30 78 1221567.579
30 79 383783.7687
30 80 3924292.2
30 81 7478554.285
30 82 5935359.288
30 83 8752801.466
30 84 8804786.176
30 85 3192226.213
30 86 716891.3364
30 87 8912171.391
30 88 5880183.511
30 89 2881255.355
30 90 4573794.148
30 91 7755320.473
30 92 3355738.795
30 93 5729327.779
30 94 7283824.153
30 95 6288297.818
30 96 3839340.907
30 97 6404866.225
30 98 8190904.685
30 99 8695731.647
31 32 9141200.601
31 33 3728189.576
31 34 5024857.725
31 35 4946263.931
31 36 7693679.772
31 37 1363235.605
31 38 9293229.459
31 39 8109794.666
31 40 1456698.128
31 41 3588273.427
31 42 3107960.546
31 43 2649807.923
31 44 4318049.468
31 45 4817116.044
31 46 10586358.14
31 47 4676292.797
31 48 5541268.172
31 49 5160967.369
31 50 4886633.741
31 51 1513289.498
31 52 5299002.617
31 53 435849.3324
31 54 8616633.628
31 55 3655221.625
31 56 4696626.838
31 57 8503653.123
31 58 8437796.768
31 59 7075129.911
31 60 7778257.981
31 61 9891301.845
31 62 323127.3764
31 63 6360299.104
31 64 8092941.345
31 65 5709128.731
31 66 8051532.865
31 67 5866406.113
31 68 7964416.566
31 69 639735.0944
31 70 5106337.661
31 71 2580386.62
31 72 8453269.051
31 73 1005230.772
31 74 1738815.447
31 75 1952279.055
31 76 5358381.985
31 77 7038965.166
31 78 2451002.444
31 79 2643675.229
31 80 1107432.623
31 81 8667964.331
31 82 6194958.994
31 83 10942652.66
31 84 10493871.67
31 85 230739.7952
31 86 2306573.647
31 87 10985359.5
31 88 8900970.963
31 89 936243.2937
31 90 7520436.295
31 91 7110747.864
31 92 527963.153
31 93 5471229.573
31 94 7688856.975
31 95 8369376.227
31 96 1049915.022
31 97 6249681.074
31 98 8148535.224
31 99 11062254.15
32 33 7695089.407
32 34 9084437.282
32 35 4866659.152
32 36 6528099.644
32 37 9670526.713
32 38 2573800.388
32 39 3739670.271
32 40 9381161.911
32 41 5817228.759
32 42 9333970.651
32 43 6605987.487
32 44 6126642.828
32 45 4725572.521
32 46 4013331.974
32 47 5983466.497
32 48 9095065.116
32 49 7865697.125
32 50 4414238.03
32 51 7803234.274
32 52 9439279.993
32 53 9344518.659
32 54 1107905.468
32 55 6330123.634
32 56 7622524.02
32 57 988211.8093
32 58 2589558.117
32 59 9543748.169
32 60 5212006.18
32 61 2379607.842
32 62 9124239.991
32 63 5654771.537
32 64 2831820.52
32 65 5032043.637
32 66 8965568.081
32 67 4301139.341
32 68 2216913.793
32 69 9216645.545
32 70 4060694.043
32 71 6560959.092
32 72 2776066.626
32 73 8163219.772
32 74 8006128.309
32 75 8282998.127
32 76 4095710.952
32 77 8274051.929
32 78 7495186.086
32 79 6725650.658
32 80 9742947.122
32 81 5863092.472
32 82 7218209.243
32 83 3738878.76
32 84 5234995.322
32 85 9250188.973
32 86 6977950.955
32 87 4199085.162
32 88 2897396.053
32 89 8618265.407
32 90 2082058.826
32 91 9657649.875
32 92 9575953.601
32 93 7986846.437
32 94 7491028.944
32 95 3057667.573
32 96 10097259.38
32 97 8107715.487
32 98 8844107.66
32 99 3161430.732
33 34 1848553.389
33 35 2837627.756
33 36 4102306.142
33 37 5056519.032
33 38 6859951.979
33 39 5315818.33
33 40 5050664.212
33 41 2413187.916
33 42 1758449.121
33 43 2477565.106
33 44 5747077.529
33 45 3054389.377
33 46 7776383.659
33 47 1756374.639
33 48 2210407.538
33 49 1455191.707
33 50 4789384.492
33 51 3808570.46
33 52 2238995.765
33 53 3535654.032
33 54 6817134.38
33 55 5109441.05
33 56 969222.2647
33 57 7433263.291
33 58 6048582.316
33 59 3603357.424
33 60 4506861.185
33 61 7558012.158
33 62 3452481.096
33 63 7568369.943
33 64 5658716.13
33 65 2889394.191
33 66 4369354.876
33 67 3466119.939
33 68 5835959.513
33 69 4297273.161
33 70 4068035.062
33 71 3147228.158
33 72 5989143.077
33 73 3487320.474
33 74 4400272.396
33 75 4864771.8
33 76 3658440.325
33 77 3329810.979
33 78 4727914.734
33 79 4023890.107
33 80 3395462.873
33 81 5235100.393
33 82 2488747.136
33 83 8275801.804
33 84 7325245.675
33 85 3624441.307
33 86 3785853.738
33 87 8173393.055
33 88 8669001.986
33 89 2792946.245
33 90 6831947.287
33 91 3667339.947
33 92 4227132.025
33 93 1776231.952
33 94 3977194.942
33 95 5806125.005
33 96 4666112.136
33 97 2547074.516
33 98 4450136.264
33 99 8632359.59
34 35 4389823.996
34 36 4082236.925
34 37 6387200.442
34 38 7824821.468
34 39 6151961.821
34 40 6458362.186
34 41 4235774.809
34 42 2047919.524
34 43 4311081.156
34 44 7587539.524
34 45 4689149.608
34 46 8425861.898
34 47 3167928.724
34 48 535007.9102
34 49 1264886.855
34 50 6598991.686
34 51 5467952.416
34 52 395819.6991
34 53 4716749.697
34 54 8109268.261
34 55 6940351.322
34 56 1471066.629
34 57 8955814.695
34 58 7094886.13
34 59 2067685.55
34 60 4971332.572
34 61 8543274.979
34 62 4710045.732
34 63 9415880.337
34 64 6708832.488
34 65 4059074.083
34 66 3258566.206
34 67 4785570.062
34 68 7039271.56
34 69 5652507.208
34 70 5777985.188
34 71 4971090.502
34 72 6994776.167
34 73 5055142.082
34 74 6047451.23
34 75 6488549.291
34 76 5238282.429
34 77 2453612.069
34 78 6461027.418
34 79 5827870.45
34 80 4340352.027
34 81 5391509.504
34 82 2383038.392
34 83 9009074.795
34 84 7668816.712
34 85 4862030.449
34 86 5565456.066
34 87 8801574.687
34 88 10357505.52
34 89 4156086.393
34 90 8475314.254
34 91 2093336.254
34 92 5451231.206
34 93 1282893.159
34 94 3523797.435
34 95 6763076.773
34 96 5784561.217
34 97 1779888.47
34 98 3405233.05
34 99 9508794.647
35 36 3720632.792
35 37 5917047.759
35 38 4388923.284
35 39 3180353.797
35 40 5739116.046
35 41 1385437.883
35 42 4474613.38
35 43 2336755.432
35 44 4394213.198
35 45 414691.7736
35 46 5640996.439
35 47 1229602.977
35 48 4523469.937
35 49 3300837.697
35 50 2648259.706
35 51 4060429.397
35 52 4772937.608
35 53 5006591.871
35 54 4039109.245
35 55 3998659.893
35 56 2930066.548
35 57 4604464.757
35 58 3533693.516
35 59 5405165.969
35 60 3188709.83
35 61 5029022.52
35 62 4817759.267
35 63 5686723.477
35 64 3170980.509
35 65 1087879.892
35 66 5430719.223
35 67 923282.0549
35 68 3158279.35
35 69 5257553.407
35 70 1520698.624
35 71 2720159.288
35 72 3529720.455
35 73 4148375.366
35 74 4530545.199
35 75 4973149.109
35 76 848471.6334
35 77 4435076.143
35 78 4410591.574
35 79 3444540.228
35 80 5233298.902
35 81 4204629.844
35 82 3193221.377
35 83 6003581.042
35 84 5656221.117
35 85 4977304.784
35 86 3463373.956
35 87 6039520.419
35 88 5984087.479
35 89 4186271.278
35 90 4088099.162
35 91 5506739.275
35 92 5459314.824
35 93 3517635.586
35 94 4275728.614
35 95 3428231.314
35 96 5993394.737
35 97 3934023.634
35 98 5401564.221
35 99 6178580.598
36 37 8935072.35
36 38 4470829.662
36 39 2843232.318
36 40 8853663.988
36 41 4791632.789
36 42 5639851.974
36 43 5569001.617
36 44 8114675.05
36 45 4124027.395
36 46 4577159.175
36 47 3165095.322
36 48 3754267.718
36 49 2995411.669
36 50 6295177.646
36 51 7319768.98
36 52 4251685.973
36 53 7570325.208
36 54 5421761.144
36 55 7697279.336
36 56 3241516.234
36 57 6823079.19
36 58 4008271.121
36 59 3400284.988
36 60 1337357.244
36 61 5150374.286
36 62 7454249.942
36 63 9300611.556
36 64 3707771.623
36 65 2640138.634
36 66 2471557.989
36 67 3210192.947
36 68 4319443.43
36 69 8189959.945
36 70 5075789.061
36 71 6151070.594
36 72 3842400.515
36 73 7199381.14
36 74 7875506.077
36 75 8348996.881
36 76 4216097.717
36 77 2057947.933
36 78 7928112.657
36 79 6997358.779
36 80 7492280.784
36 81 1322933.172
36 82 1738842.778
36 83 5223214.988
36 84 3621568.026
36 85 7629186.333
36 86 6926668.762
36 87 4916172.639
36 88 8735019.32
36 89 6770448.274
36 90 6867283.042
36 91 3511537.159
36 92 8215405.085
36 93 2835211.156
36 94 990119.3994
36 95 3556731.521
36 96 8693792.598
36 97 2365897.879
36 98 2331254.319
36 99 5877740.79
37 38 10136619.02
37 39 9095281.57
37 40 355021.0679
37 41 4531663.82
37 42 4447576.03
37 43 3583635.586
37 44 4153627.435
37 45 5717150.607
37 46 11525147.48
37 47 5839295.102
37 48 6904391.771
37 49 6501193.177
37 50 5271687.899
37 51 1917086.374
37 52 6657228.386
37 53 1697138.296
37 54 9280747.016
37 55 3608401.396
37 56 6025478.296
37 57 8933146.912
37 58 9291996.636
37 59 8438355.886
37 60 8913222.368
37 61 10687711.24
37 62 1677506.525
37 63 6062121.41
37 64 8971979.11
37 65 6790150.809
37 66 9401793.777
37 67 6837288.734
37 68 8756151.857
37 69 759329.5361
37 70 5773038.826
37 71 3277676.63
37 72 9329818.827
37 73 1780902.062
37 74 1674060.162
37 75 1515614.34
37 76 6186982.747
37 77 8380449.09
37 78 2295524.763
37 79 2945004.042
37 80 2250639.046
37 81 9842616.626
37 82 7496393.96
37 83 11827642.66
37 84 11555769.26
37 85 1531203.918
37 86 2706564.718
37 87 11918586.59
37 88 9017534.502
37 89 2273755.198
37 90 7870743.62
37 91 8473910.47
37 92 982777.0802
37 93 6814987.31
37 94 8988471.603
37 95 9278495.891
37 96 973248.1531
37 97 7592717.401
37 98 9494628.063
37 99 11865657.43
38 39 1701338.964
38 40 9909636.508
38 41 5706664.477
38 42 8614605.902
38 43 6645100.38
38 44 7383954.486
38 45 4476481.014
38 46 1649373.96
38 47 5125860.735
38 48 7695957.825
38 49 6560112.691
38 50 5356832.832
38 51 8222678.114
38 52 8122633.185
38 53 9383048.278
38 54 1660494.903
38 55 7350491.859
38 56 6474685.624
38 57 3324800.758
38 58 856605.1597
38 59 7783163.041
38 60 3149026.687
38 61 718932.7637
38 62 9187493.555
38 63 7538364.302
38 64 1223556.003
38 65 3971446.224
38 66 6935633.095
38 67 3510847.323
38 68 1422529.692
38 69 9539265.446
38 70 4435018.826
38 71 6859044.914
38 72 874577.936
38 73 8424835.225
38 74 8586082.175
38 75 8964380.342
38 76 3953840.962
38 77 6443185.99
38 78 8254091.577
38 79 7334165.68
38 80 9621716.531
38 81 3527422.265
38 82 5610684.867
38 83 1722971.756
38 84 2674454.306
38 85 9342074.452
38 86 7483101.162
38 87 1965699.171
38 88 5399817.548
38 89 8569975.356
38 90 4038038.983
38 91 7897656.351
38 92 9792577.202
38 93 6585551.578
38 94 5460443.086
38 95 1065584.077
38 96 10329613.17
38 97 6483074.19
38 98 6783926.006
38 99 1793850.276
39 40 8909645.639
39 41 4565111.258
39 42 7072947.237
39 43 5517100.244
39 44 6959868.721
39 45 3394837.225
39 46 2501002.72
39 47 3643929.656
39 48 6004522.238
39 49 4889943.867
39 50 4908311.456
39 51 7222614.974
39 52 6439295.74
39 53 8140514.508
39 54 2634988.482
39 55 6768331.781
39 56 4841392.826
39 57 4177943.36
39 58 1169863.804
39 59 6093453.433
39 60 1506031.997
39 61 2416383.704
39 62 7962608.734
39 63 7578010.795
39 64 919396.4098
39 65 2485215.118
39 66 5313333.69
39 67 2258219.232
39 68 1610809.338
39 69 8437418.217
39 70 3761107.179
39 71 5863179.433
39 72 999501.2487
39 73 7328719.838
39 74 7662932.103
39 75 8085857.441
39 76 3038171.596
39 77 4759653.504
39 78 7453764.139
39 79 6492031.518
39 80 8297971.443
39 81 2150468.108
39 82 3910382.442
39 83 2961061.88
39 84 2561818.065
39 85 8126957.686
39 86 6570103.274
39 87 2902588.331
39 88 6211681.019
39 89 7309274.659
39 90 4492983.582
39 91 6208178.588
39 92 8627975.849
39 93 4899609.384
39 94 3829401.183
39 95 713518.2717
39 96 9159329.268
39 97 4781740.585
39 98 5174344.032
39 99 3363177.172
40 41 4357012.473
40 42 4564456.307
40 43 3419846.004
40 44 3805130.147
40 45 5520357.692
40 46 11321142.33
40 47 5730006.596
40 48 6967699.471
40 49 6503378.51
40 50 4973601.944
40 51 1692539.004
40 52 6743282.573
40 53 1842108.305
40 54 9016101.563
40 55 3270631.911
40 56 6016165.422
40 57 8629902.56
40 58 9069450.813
40 59 8494863.344
40 60 8780820.273
40 61 10448531.78
40 62 1779786.599
40 63 5707277.472
40 64 8756550.379
40 65 6643849.517
40 66 9413757.832
40 67 6654610.964
40 68 8519820.048
40 69 816971.2762
40 70 5521105.582
40 71 3060833.309
40 72 9112899.599
40 73 1656555.672
40 74 1375071.905
40 75 1172315.616
40 76 5968941.496
40 77 8380435.506
40 78 1962041.307
40 79 2659439.539
40 80 2447389.289
40 81 9725441.613
40 82 7458206.574
40 83 11608527.15
40 84 11390660.73
40 85 1655845.939
40 86 2444130.119
40 87 11712450.66
40 88 8679419.896
40 89 2307845.742
40 90 7558855.208
40 91 8534895.222
40 92 1183963.724
40 93 6821064.768
40 94 8945710.664
40 95 9070355.542
40 96 1288714.248
40 97 7596167.167
40 98 9499695.55
40 99 11626360.36
41 42 3690015.786
41 43 953270.8204
41 44 3551835.886
41 45 1230554.298
41 46 7015032
41 47 1684458.584
41 48 4523116.344
41 49 3448483.88
41 50 2377077.321
41 51 2686596.35
41 52 4631036.852
41 53 3683139.786
41 54 5142229.962
41 55 3011181.708
41 56 2955755.829
41 57 5360251.34
41 58 4850664.442
41 59 5714387.484
41 60 4481260.806
41 61 6315200.935
41 62 3483225.86
41 63 5215538.399
41 64 4504701.018
41 65 2325648.207
41 66 6074346.387
41 67 2306966.601
41 68 4398681.301
41 69 3875472.995
41 70 1824302.945
41 71 1383700.04
41 72 4865029.73
41 73 2764163.157
41 74 3180507.618
41 75 3636541.669
41 76 1803702.526
41 77 5013945.705
41 78 3144180.411
41 79 2205725.989
41 80 3980031.556
41 81 5468336.866
41 82 3824051.355
41 83 7356075.78
41 84 7033948.917
41 85 3636003.834
41 86 2154576.427
41 87 7411997.676
41 88 6349226.711
41 89 2885804.276
41 90 4594719.451
41 91 5800136.407
41 92 4093432.073
41 93 3741334.64
41 94 5153938.486
41 95 4785179.69
41 96 4629616.37
41 97 4357698.412
41 98 6088415.29
41 99 7481579.572
42 43 3305052.881
42 44 6422585.118
42 45 4617411.272
42 46 9525456.27
42 47 3495225.149
42 48 2582927.111
42 49 2671712.946
42 50 5968642.749
42 51 3882292.158
42 52 2251041.328
42 53 2751587.986
42 54 8505656.048
42 55 5728729.411
42 56 2410000.871
42 57 8989777.15
42 58 7797823.506
42 59 4107569.226
42 60 6206667.429
42 61 9309678.867
42 62 2785084.717
42 63 8412900.97
42 64 7408905.784
42 65 4643165.846
42 66 5279703.038
42 67 5185738.987
42 68 7558781.206
42 69 3747542.82
42 70 5497666.779
42 71 3839247.563
42 72 7742531.319
42 73 3372397.096
42 74 4411137.461
42 75 4800965.43
42 76 5244530.088
42 77 4385675.65
42 78 4954776.025
42 79 4547135.918
42 80 2308973.64
42 81 6858360.711
42 82 3917677.445
42 83 10031915.79
42 84 9020117.737
42 85 2918832.74
42 86 4222505.003
42 87 9921084.91
42 88 10031674.52
42 89 2347242.078
42 90 8280405.946
42 91 4124711.151
42 92 3481300.049
42 93 2904827.305
42 94 5308546.676
42 95 7562977.919
42 96 3769642.695
42 97 3625752.597
42 98 5413512.486
42 99 10389769.94
43 44 3277605.679
43 45 2171707.587
43 46 7967876.533
43 47 2404023.335
43 48 4687557.458
43 49 3778888.545
43 50 2704829.143
43 51 1776059.713
43 52 4692925.807
43 53 2775559.189
43 54 6003915.344
43 55 2632004.064
43 56 3257612.26
43 57 6064338.688
43 58 5790375.79
43 59 6031995.368
43 60 5374870.826
43 61 7241733.895
43 62 2566638.222
43 63 5168148.634
43 64 5449637.268
43 65 3227944.453
43 66 6587790.143
43 67 3259347.616
43 68 5316270.159
43 69 2922204.848
43 70 2546481.095
43 71 677770.9586
43 72 5809855.92
43 73 1811620.437
43 74 2310258.939
43 75 2781308.715
43 76 2710180.392
43 77 5517469.232
43 78 2406032.133
43 79 1576319.926
43 80 3136964.429
43 81 6340225.834
43 82 4404369.716
43 83 8303878.763
43 84 7973976.026
43 85 2712016.059
43 86 1402428.319
43 87 8364582.526
43 88 6823617.262
43 89 2014217.718
43 90 5194653.356
43 91 6105122.639
43 92 3147845.466
43 93 4096209.015
43 94 5821932.515
43 95 5735350.947
43 96 3684759.616
43 97 4796533.779
43 98 6627252.451
43 99 8412447.249
44 45 3994831.178
44 46 8990948.286
44 47 5197077.033
44 48 7951351.085
44 49 6966616.028
44 50 2060333.937
44 51 2836170.584
44 52 7970394.207
44 53 4706011.28
44 54 6081583.29
44 55 700913.5496
44 56 6456894.222
44 57 5235822.448
44 58 6655038.498
44 59 9237755.697
44 60 7473172.282
44 61 7747987.169
44 62 4492898.822
44 63 2056881.054
44 64 6455945.885
44 65 5478936.403
44 66 9618888.039
44 67 5042563.105
44 68 5977500.079
44 69 4034220.06
44 70 3219803.941
44 71 2633319.1
44 72 6764370.401
44 73 3410020.353
44 74 2622948.618
44 75 2640142.272
44 76 4039666.432
44 77 8562713.319
44 78 1906867.352
44 79 1882903.546
44 80 5342529.362
44 81 8502634.45
44 82 7358943.143
44 83 9090599.353
44 84 9505250.825
44 85 4524054.542
44 86 2225839.699
44 87 9339644.846
44 88 4919086.614
44 89 4395477.524
44 90 4099463.229
44 91 9318434.926
44 92 4521833.984
44 93 7270540.606
44 94 8618049.947
44 95 6832857.786
44 96 4917395.764
44 97 7907983.63
44 98 9625629.275
44 99 8875212.219
45 46 5808708.703
45 47 1569373.157
45 48 4852877.608
45 49 3644713.752
45 50 2234527.528
45 51 3830286.107
45 52 5077550.51
45 53 4912250.23
45 54 3968808.365
45 55 3619900.772
45 56 3246897.786
45 57 4387610.802
45 58 3620750.054
45 59 5785552.065
45 60 3537732.822
45 61 5085996.554
45 62 4713488.362
45 63 5272888.309
45 64 3277930.037
45 65 1484808.683
45 66 5840903.388
45 67 1164128.454
45 68 3175025.005
45 69 5084563.961
45 70 1132865.274
45 71 2468407.122
45 72 3638155.456
45 73 3969384.055
45 74 4270033.128
45 75 4699325.779
45 76 629920.2198
45 77 4839496.389
45 78 4101023.487
45 79 3133122.354
45 80 5189134.305
45 81 4561484.45
45 82 3597472.264
45 83 6132700.06
45 84 5914498.812
45 85 4866557.255
45 86 3183173.587
45 87 6203230.039
45 88 5668380.836
45 89 4108902.24
45 90 3794272.673
45 91 5885490.908
45 92 5319145.399
45 93 3875936.651
45 94 4690108.6
45 95 3567360.339
45 96 5855879.268
45 97 4321939.432
45 98 5813678.024
45 99 6251264.991
46 47 6138120.398
46 48 8199404.145
46 49 7192014.217
46 50 6945954.456
46 51 9628646.741
46 52 8669825.569
46 53 10630677.67
46 54 3260780.248
46 55 8919597.882
46 56 7220666.724
46 57 4873054.841
46 58 2340336.519
46 59 7973474.425
46 60 3458169.797
46 61 1636259.123
46 62 10448943.72
46 63 9187325.867
46 64 2590413.246
46 65 4984085.262
46 66 6881304.533
46 67 4719952.247
46 68 3015072.177
46 69 10889068.03
46 70 5948414.809
46 71 8260638.573
46 72 2250275.539
46 73 9775196.29
46 74 10033053.15
46 75 10433740.87
46 76 5361641.66
46 77 6634908.313
46 78 9753980.176
46 79 8812138.052
46 80 10798281.25
46 81 3336765.774
46 82 6070070.269
46 83 680532.4576
46 84 1470192.993
46 85 10611400.18
46 86 8929949.784
46 87 401593.0134
46 88 6906266.256
46 89 9801529.106
46 90 5667145.02
46 91 8083530.206
46 92 11100304.61
46 93 7144857.509
46 94 5502252.301
46 95 2253705.33
46 96 11634177.29
46 97 6866130.434
46 98 6701230.644
46 99 1510836.427
47 48 3294247.277
47 49 2076611.861
47 50 3708501.408
47 51 4159387.64
47 52 3547786.769
47 53 4629194.577
47 54 5073941.984
47 55 4687101.392
47 56 1702543.449
47 57 5796096.022
47 58 4303355.577
47 59 4235726.748
47 60 3102995.714
47 61 5816410.829
47 62 4477746.146
47 63 6713541.068
47 64 3915124.097
47 65 1164154.993
47 66 4428041.639
47 67 1713663.419
47 68 4080017.804
47 69 5113055.313
47 70 2698392.071
47 71 2999706.606
47 72 4252114.621
47 73 4074147.26
47 74 4710946.502
47 75 5184022.338
47 76 2076086.554
47 77 3383687.299
47 78 4778532.453
47 79 3868632.014
47 80 4702640.629
47 81 4004262.702
47 82 2163545.859
47 83 6598569.18
47 84 5856946.853
47 85 4650120.342
47 86 3772845.653
47 87 6538956.32
47 88 7213511.096
47 89 3797557.964
47 90 5316726.069
47 91 4332856.788
47 92 5204255.904
47 93 2307756.495
47 94 3470383
47 95 4082857.171
47 96 5713851.561
47 97 2794806.151
47 98 4429364.801
47 99 6909045.177
48 49 1239612.139
48 50 6856088.463
48 51 5929375.596
48 52 505218.347
48 53 5240715.598
48 54 8089021.111
48 55 7318958.886
48 56 1611169.305
48 57 9024469.989
48 58 6999541.083
48 59 1538188.819
48 60 4742827.423
48 61 8414618.486
48 62 5228502.002
48 63 9732545.252
48 64 6619440.777
48 65 4066379.666
48 66 2737284.249
48 67 4821563.105
48 68 6997230.501
48 69 6165467.496
48 70 5966572.733
48 71 5357560.366
48 72 6887588.121
48 73 5535723.7
48 74 6513711.811
48 75 6961647.971
48 76 5367603.915
48 77 1987827.996
48 78 6901007.482
48 79 6230772.209
48 80 4873374.313
48 81 5075588.376
48 82 2130095.736
48 83 8801600.96
48 84 7369486.685
48 85 5382633.466
48 86 5982888.476
48 87 8566455.638
48 88 10507549.55
48 89 4661545.122
48 90 8606797.039
48 91 1569593.552
48 92 5974642.864
48 93 1120155.438
48 94 3111862.295
48 95 6643493.531
48 96 6314533.838
48 97 1394490.296
48 98 2889954.555
48 99 9339765.283
49 50 5716331.693
49 51 5243425.918
49 52 1584062.77
49 53 4939909.735
49 54 6871402.38
49 55 6370821.204
49 56 522554.8292
49 57 7784940.675
49 58 5831544.302
49 59 2271248.464
49 60 3750597.257
49 61 7278497.786
49 62 4874697.751
49 63 8656420.372
49 64 5446207.86
49 65 2833874.13
49 66 2914214.864
49 67 3583720.271
49 68 5790455.587
49 69 5742701.202
49 70 4769293.253
49 71 4456231.841
49 72 5730258.88
49 73 4940383.409
49 74 5835445.187
49 75 6304208.648
49 76 4140336.536
49 77 1879255.988
49 78 6121878.915
49 79 5354468.406
49 80 4721752.606
49 81 4262102.663
49 82 1257633.413
49 83 7764040.614
49 84 6501228.338
49 85 5043756.437
49 86 5150299.231
49 87 7572619.899
49 88 9281661.588
49 89 4230209.641
49 90 7375880.973
49 91 2353671.923
49 92 5648411.612
49 93 324178.6625
49 94 2648799.016
49 95 5498196.646
49 96 6064631.422
49 97 1092791.693
49 98 2996319.556
49 99 8249429.573
50 51 3451659.524
50 52 6994802.17
50 53 5158978.738
50 54 4164130.488
50 55 2006752.616
50 56 5256775.931
50 57 3663828.131
50 58 4606407.781
50 59 7937306.932
50 60 5518033.868
50 61 5764172.617
50 62 4931327.703
50 63 3038464.644
50 64 4397714.659
50 65 3672558.822
50 66 8071675.13
50 67 3114246.291
50 68 3939990.921
50 69 4869237.806
50 70 1231629.86
50 71 2381337.68
50 72 4710381.424
50 73 3882629.863
50 74 3600240.193
50 75 3868960.42
50 76 2092441.438
50 77 7059207.792
50 78 3084166.594
50 79 2333082.307
50 80 5664224.986
50 81 6541908.085
50 82 5818965.702
50 83 7074000.909
50 84 7447222.541
50 85 5030895.672
50 86 2617432.335
50 87 7301238.848
50 88 4126822.574
50 89 4549474.887
50 90 2636180.518
50 91 8031763.45
50 92 5269580.737
50 93 5982489.35
50 94 6915297.236
50 95 4773399.003
50 96 5770630.021
50 97 6502932.876
50 98 8047303.383
50 99 6915745.052
51 52 5807749.491
51 53 1876615.312
51 54 7374602.999
51 55 2156782.854
51 56 4728394.019
51 57 7107555.987
51 58 7380216.141
51 59 7397042.94
51 60 7149361.09
51 61 8770685.987
51 62 1659320.308
51 63 4891094.918
51 64 7064957.862
51 65 4998843.156
51 66 8141306.557
51 67 4970889.562
51 68 6839347.002
51 69 1418760.879
51 70 3859843.767
51 71 1368360.856
51 72 7421708.595
51 73 578995.4578
51 74 592084.2292
51 75 1063479.198
51 76 4277618.246
51 77 7079968.994
51 78 1084729.273
51 79 1144858.401
51 80 2506358.803
51 81 8116171.646
51 82 6050057.043
51 83 9918195.668
51 84 9716464.916
51 85 1703452.82
51 86 834237.4188
51 87 10019913.17
51 88 7401766.326
51 89 1622322.304
51 90 6084744.284
51 91 7454031.385
51 92 1828214.656
51 93 5567584.252
51 94 7509143.961
51 95 7377839.612
51 96 2319430.045
51 97 6318811.485
51 98 8203379.592
51 99 9948644.615
52 53 4973329.712
52 54 8453175.891
52 55 7319395.959
52 56 1846066.634
52 57 9327313.292
52 58 7407931.436
52 59 1879127.833
52 60 5211660.125
52 61 8841556.14
52 62 4980527.052
52 63 9807339.486
52 64 7024238.714
52 65 4408529.315
52 66 3183307.043
52 67 5145280.623
52 68 7374449.543
52 69 5932212.93
52 70 6170086.159
52 71 5349219.829
52 72 7302366.803
52 73 5379141.092
52 74 6382651.812
52 75 6817399.004
52 76 5621321.122
52 77 2484875.235
52 78 6813982.191
52 79 6199359.349
52 80 4559864.418
52 81 5571426.859
52 82 2601676.259
52 83 9264866.153
52 84 7862447.2
52 85 5127111.29
52 86 5931088.484
52 87 9040199.917
52 88 10745762.61
52 89 4452022.039
52 90 8860178.811
52 91 1885083.324
52 92 5707702.154
52 93 1540252.116
52 94 3616836.514
52 95 7064679.535
52 96 6017727.76
52 97 1897341.313
52 98 3345738.481
52 99 9786664.228
53 54 8777381.569
53 55 4032601.842
53 56 4495989.401
53 57 8739371.276
53 58 8526451.359
53 59 6778495.897
53 60 7728855.477
53 61 9998115.322
53 62 228023.3342
53 63 6755607.911
53 64 8172557.244
53 65 5703660.032
53 66 7804088.199
53 67 5917733.69
53 68 8080663.586
53 69 1036948.508
53 70 5290306.836
53 71 2806013.631
53 72 8532361.903
53 73 1324610.993
53 74 2156743.584
53 75 2386710.082
53 76 5478173.286
53 77 6809828.101
53 78 2860822.894
53 79 2977101.048
53 80 672877.2101
53 81 8590027.179
53 82 6021417.324
53 83 11009907.87
53 84 10477679.9
53 85 205176.377
53 86 2629213.396
53 87 11031184.91
53 88 9214446.433
53 89 834501.4647
53 90 7782500.256
53 91 6809089.719
53 92 734738.3555
53 93 5242629.878
53 94 7512339.387
53 95 8434573.767
53 96 1130673.552
53 97 6019859.549
53 98 7909136.235
53 99 11162945.59
54 55 6162505.903
54 56 6662117.062
54 57 1676108.276
54 58 1498612.028
54 59 8474049.599
54 60 4104142.922
54 61 1737890.333
54 62 8564628.195
54 63 5985128.341
54 64 1724257.011
54 65 4051597.431
54 66 7864223.584
54 67 3363152.266
54 68 1124473.959
54 69 8762191.144
54 70 3521897.943
54 71 6062238.647
54 72 1687779.091
54 73 7672673.024
54 74 7650286.852
54 75 7976132.137
54 76 3350228.93
54 77 7190805.143
54 78 7215370.63
54 79 6365317.801
54 80 9119026.001
54 81 4767904.154
54 82 6161603.918
54 83 3149074.8
54 84 4321461.707
54 85 8702912.121
54 86 6575208.312
54 87 3521978.421
54 88 3760403.142
54 89 8010940.939
54 90 2412736.032
54 91 8588377.204
54 92 9081188.419
54 93 6973313.779
54 94 6387429.905
54 95 1963499.053
54 96 9613080.357
54 97 7053616.705
54 98 7740614.252
54 99 2802676.893
55 56 5855373.73
55 57 5494044.162
55 58 6580250.228
55 59 8638346.19
55 60 7149408.677
55 61 7770369.968
55 62 3816102.953
55 63 2751216.777
55 64 6346404.987
55 65 5085336.609
55 66 9082392.231
55 67 4728800.854
55 68 5929387.64
55 69 3413556.005
55 70 3010179.51
55 71 1970393.568
55 72 6672783.713
55 73 2725142.689
55 74 2003019.221
55 75 2099468.261
55 76 3765073.66
55 77 8018776.952
55 78 1314853.254
55 79 1183946.179
55 80 4660341.271
55 81 8176615.005
55 82 6835232.498
55 83 9071124.327
55 84 9329059.369
55 85 3855343.537
55 86 1524986.24
55 87 9282492.017
55 88 5409252.074
55 89 3697870.308
55 90 4380223.039
55 91 8715673.583
55 92 3890351.113
55 93 6680472.951
55 94 8142993.179
55 95 6712236.486
55 96 4311980.066
55 97 7341222.058
55 98 9099095.812
55 99 8922386.21
56 57 7484785.036
56 58 5711058.731
56 59 2783081.312
56 60 3830045.92
56 61 7188944.833
56 62 4418491.157
56 63 8170383.406
56 64 5321232.768
56 65 2612070.836
56 66 3417789.753
56 67 3321459.708
56 68 5608620.488
56 69 5266188.75
56 70 4356211.858
56 71 3935160.654
56 72 5624493.77
56 73 4437159.91
56 74 5320185.275
56 75 5790291.516
56 76 3777881.648
56 77 2367680.643
56 78 5600006.08
56 79 4832764.384
56 80 4320501.496
56 81 4448488.242
56 82 1556259.612
56 83 7765571.513
56 84 6629233.237
56 85 4589745.157
56 86 4627745.097
56 87 7609355.226
56 88 8910241.122
56 89 3761805.335
56 90 7018164.641
56 91 2861867.049
56 92 5193255.995
56 93 844492.793
56 94 3027764.187
56 95 5409107.896
56 96 5625283.06
56 97 1592822.552
56 98 3490762.104
56 99 8202460.159
57 58 3120282.811
57 59 9626432.638
57 60 5559897.953
57 61 3265481.268
57 62 8514790.962
57 63 4669458.839
57 64 3262967.942
57 65 4980904.661
57 66 9192274.361
57 67 4209360.36
57 68 2568173.472
57 69 8526316.853
57 70 3542752.264
57 71 5934142.088
57 72 3309534.442
57 73 7508731.409
57 74 7259835.749
57 75 7504320.465
57 76 3774900.353
57 77 8414057.071
57 78 6707657.825
57 79 5996858.81
57 80 9183079.44
57 81 6327953.376
57 82 7284156.262
57 83 4661068.98
57 84 5994770.997
57 85 8629687.537
57 86 6274247.446
57 87 5093571.338
57 88 2085105.118
57 89 8053868.133
57 90 1139851.048
57 91 9738194.751
57 92 8912264.95
57 93 7942634.793
57 94 7746875.207
57 95 3565584.757
57 96 9422148.11
57 97 8156843.178
57 98 9088947.318
57 99 4131238.015
58 59 7204073.726
58 60 2672733.353
58 61 1514750.668
58 62 8331021.899
58 63 6967084.076
58 64 391099.4537
58 65 3160751.604
58 66 6475133.258
58 67 2662866.529
58 68 707133.498
58 69 8688616.749
58 70 3624107.079
58 71 6014490.476
58 72 190045.3641
58 73 7573690.709
58 74 7754047.663
58 75 8139809.719
58 76 3105652.801
58 77 5883963.033
58 78 7441182.614
58 79 6511402.29
58 80 8766920.423
58 81 3273568.228
58 82 4958590.864
58 83 2540814.577
58 84 3033128.281
58 85 8485779.627
58 86 6650086.739
58 87 2703377.122
58 88 5194258.184
58 89 7713504.062
58 90 3614743.716
58 91 7318978.294
58 92 8938130.521
58 93 5881336.851
58 94 4991141.028
58 95 468497.3408
58 96 9475103.95
58 97 5845360.824
58 98 6339324.29
58 99 2645406.484
59 60 4649433.94
59 61 8485117.137
59 62 6763803.212
59 63 10910079.45
59 64 6853336.556
59 65 4685158.695
59 66 1466911.503
59 67 5463367.096
59 68 7350849.563
59 69 7696377.923
59 70 6918075.838
59 71 6709626.339
59 72 7061639.356
59 73 7031278.253
59 74 7986372.501
59 75 8443058.273
59 76 6204921.611
59 77 1348096.264
59 78 8331190.175
59 79 7602499.241
59 80 6407300.954
59 81 4660170.912
59 82 2342278.519
59 83 8623085.854
59 84 6921275.458
59 85 6919070.986
59 86 7381187.698
59 87 8304480.104
59 88 11294816.42
59 89 6187104.785
59 90 9372672.37
59 91 114904.6174
59 92 7512190.422
59 93 1973124.141
59 94 2487688.297
59 95 6789777.015
59 96 7851950.332
59 97 1485779.886
59 98 1662346.933
59 99 9270324.115
60 61 3841086.889
60 62 7580278.861
60 63 8426742.845
60 64 2382466.969
60 65 2155620.246
60 66 3808359.412
60 67 2430810.854
60 68 3018704.317
60 69 8200021.801
60 70 4289098.704
60 71 5862453.875
60 72 2505411.74
60 73 7135363.97
60 74 7660516.702
60 75 8117780.616
60 76 3439966.871
60 77 3303553.56
60 78 7591561.15
60 79 6628482.44
60 80 7767003.67
60 81 1029539.312
60 82 2612805.557
60 83 4060931.027
60 84 2818526.442
60 85 7752880.055
60 86 6625463.533
60 87 3830611.442
60 88 7526535.566
60 89 6898942.342
60 90 5705253.836
60 91 4763290.834
60 92 8306174.722
60 93 3688999.717
60 94 2325038.179
60 95 2219471.163
60 96 8816842.538
60 97 3428838.107
60 98 3668322.761
60 99 4641536.124
61 62 9798113.689
61 63 7722839.957
61 64 1901333.785
61 65 4668676.831
61 66 7605327.695
61 67 4173579.413
61 68 1933075.432
61 69 10111731.26
61 70 4936708.617
61 71 7416146.92
61 72 1570687.613
61 73 9000824.968
61 74 9107636.074
61 75 9469125.686
61 76 4533945.3
61 77 7142242.157
61 78 8738312.298
61 79 7839878.993
61 80 10259230.07
61 81 4143497.45
61 82 6326747.554
61 83 1414630.939
61 84 2948049.294
61 85 9949298.057
61 86 8009669.813
61 87 1828467.356
61 88 5275775.411
61 89 9193078.22
61 90 4138310.078
61 91 8599404.802
61 92 10383175.47
61 93 7304463.31
61 94 6137547.472
61 95 1781575.197
61 96 10920118.3
61 97 7196856.127
61 98 7448629.902
61 99 1177979.6
62 63 6544889.524
62 64 7979575.932
62 65 5537186.017
62 66 7756266.131
62 67 5732264.793
62 68 7877850.778
62 69 962843.3357
62 70 5072280.147
62 71 2580859.331
62 72 8339627.845
62 73 1100936.489
62 74 1965833.49
62 75 2222586.224
62 76 5273512.074
62 77 6750377.771
62 78 2661349.357
62 79 2752049.72
62 80 859039.448
62 81 8453673.999
62 82 5929987.655
62 83 10821144.93
62 84 10316925.99
62 85 174947.7151
62 86 2403192.828
62 87 10849040.4
62 88 8986776.706
62 89 685660.2404
62 90 7555572.034
62 91 6798094.311
62 92 774765.2926
62 93 5182159.201
62 94 7423139.258
62 95 8245882.915
62 96 1242376.312
62 97 5960520.456
62 98 7856296.97
62 99 10964742.26
63 64 6876978.9
63 65 6699749.967
63 66 11105894.87
63 67 6093661.074
63 68 6260196.043
63 69 6036881.644
63 70 4229124.44
63 71 4577324.159
63 72 7117050.832
63 73 5466222.688
63 74 4640873.502
63 75 4584752.217
63 76 5085123.12
63 77 10085285.85
63 78 3919757.048
63 79 3916463.127
63 80 7396965.267
63 81 9429239.793
63 82 8847930.15
63 83 9133511.231
63 84 9984894.656
63 85 6570511.178
63 86 4267365.155
63 87 9483575.684
63 88 3575962.799
63 89 6448964.5
63 90 3611671.289
63 91 10999845.32
63 92 6532748.568
63 93 8940049.825
63 94 9949629.917
63 95 7262572.442
63 96 6894474.637
63 97 9503728.836
63 98 11084270.22
63 99 8730575.184
64 65 2770329.191
64 66 6164104.695
64 67 2287362.283
64 68 705377.6644
64 69 8357465.726
64 70 3360193.908
64 71 5697084.564
64 72 360328.7154
64 73 7241969.608
64 74 7453523.444
64 75 7848287.032
64 76 2787648.126
64 77 5541576.249
64 78 7163811.067
64 79 6224082.468
64 80 8401613.584
64 81 3068656.169
64 82 4590978.514
64 83 2857226.48
64 84 3111688.156
64 85 8136017.099
64 86 6349472.158
64 87 2970256.873
64 88 5309114.882
64 89 7355920.153
64 90 3639225.969
64 91 6968209.464
64 92 8596871.915
64 93 5500394.997
64 94 4682268.017
64 95 386563.8847
64 96 9133479.387
64 97 5480114.108
64 98 6034277.335
64 99 3017406.258
65 66 4504892.415
65 67 779141.2112
65 68 2999977.123
65 69 6092576.596
65 70 2473972.689
65 71 3707183.382
65 72 3099856.667
65 73 5009271.442
65 74 5505337.419
65 75 5962160.414
65 76 1637823.059
65 77 3573553.116
65 78 5444859.26
65 79 4485975.812
65 80 5825656.299
65 81 3150181.853
65 82 2362704.355
65 83 5435548.439
65 84 4785066.232
65 85 5705896.028
65 86 4472010.622
65 87 5385441.507
65 88 6612490.538
65 89 4869231.039
65 90 4690132.298
65 91 4794036.949
65 92 6234457.812
65 93 2967677.164
65 94 3254088.928
65 95 2922262.194
65 96 6757119.524
65 97 3201344.93
65 98 4453284.028
65 99 5749482.5
66 67 5238629.065
66 68 6749065.479
66 69 8645114.763
66 70 6936800.647
66 71 7253983.739
66 72 6311704.661
66 73 7853467.853
66 74 8732303.026
66 75 9204335.329
66 76 6133424.307
66 77 1070327.852
66 78 8977195.528
66 79 8155067.647
66 80 7515852.17
66 81 3550172.51
66 82 2265849.341
66 83 7551514.897
66 84 5703043.848
66 85 7921667.257
66 86 7985456.708
66 87 7180792.92
66 88 11017876.46
66 89 7128060.628
66 90 9110807.81
66 91 1535622.762
66 92 8525370.211
66 93 2593789.481
66 94 1484100.499
66 95 6026793.344
66 96 8914974.023
66 97 1825031.803
66 98 204274.9962
66 99 8266128.481
67 68 2373274.063
67 69 6180681.614
67 70 1883467.052
67 71 3618787.228
67 72 2641566.819
67 73 5070885.093
67 74 5426230.962
67 75 5860069.769
67 76 1021893.211
67 77 4334395.031
67 78 5264564.064
67 79 4296785.954
67 80 6121316.983
67 81 3460347.948
67 82 3135751.654
67 83 5094686.433
67 84 4754299.654
67 85 5893397.137
67 86 4344651.114
67 87 5119075.563
67 88 5837611.912
67 89 5092893.662
67 90 3915667.491
67 91 5572496.598
67 92 6380883.485
67 93 3733443.893
67 94 3929054.271
67 95 2521231.475
67 96 6914377.716
67 97 3980142.487
67 98 5175776.311
67 99 5304655.242
68 69 8178820.897
68 70 3021159.424
68 71 5483305.318
68 72 861761.0637
68 73 7068365.789
68 74 7184910.257
68 75 7555116.783
68 76 2606177.032
68 77 6066380.361
68 78 6837404.612
68 79 5924568.467
68 80 8362681.906
68 81 3759956.181
68 82 5043447.806
68 83 3145379.503
68 84 3734205.212
68 85 8026881.017
68 86 6084377.981
68 87 3362708.91
68 88 4605069.633
68 89 7282979.768
68 90 2944981.61
68 91 7465253.052
68 92 8453419.838
68 93 5878546.288
68 94 5276297.16
68 95 1053935.131
68 96 8990176.122
68 97 5935917.127
68 98 6629021.657
68 99 3110353.47
69 70 5240545.083
69 71 2704352.025
69 72 8716986.115
69 73 1115519.585
69 74 1413131.953
69 75 1487550.792
69 76 5585882.729
69 77 7621930.356
69 78 2127816.667
69 79 2547685.064
69 80 1672944.67
69 81 9117144.58
69 82 6738906.591
69 83 11214497.14
69 84 10870870.43
69 85 843767.337
69 86 2252485.392
69 87 11285187.49
69 88 8772229.53
69 89 1518437.3
69 90 7500150.74
69 91 7734175.818
69 92 501256.1
69 93 6057015.15
69 94 8231477.905
69 95 8651908.242
69 96 910678.2466
69 97 6834512.253
69 98 8736827.26
69 99 11288084.04
70 71 2540936.516
70 72 3698748.204
70 73 4152071.001
70 74 4171884.95
70 75 4534525.15
70 76 862556.9099
70 77 5952428.329
70 78 3819426.83
70 79 2904227.763
70 80 5682967.999
70 81 5314687.496
70 82 4711315.537
70 83 6154648.501
70 84 6320119.307
70 85 5203429.703
70 86 3077657.834
70 87 6322290.39
70 88 4601204.66
70 89 4557613.216
70 90 2785546.294
70 91 7018216.742
70 92 5562633.887
70 93 5006131.674
70 94 5727761.246
70 95 3716388.893
70 96 6093077.137
70 97 5452075.593
70 98 6899902.98
70 99 6112892.682
71 72 6054152.028
71 73 1611369.196
71 74 1810388.803
71 75 2257439.061
71 76 2910256.323
71 77 6183792.443
71 78 1778964.886
71 79 901890.544
71 80 3284910.269
71 81 6851984.429
71 82 5054634.34
71 83 8551234.633
71 84 8371817.486
71 85 2696643.797
71 86 775803.6727
71 87 8651662.976
71 88 6494194.938
71 89 2168179.295
71 90 4983272.544
71 91 6782497.405
71 92 3023436.368
71 93 4773086.426
71 94 6451610.267
71 95 6009525.67
71 96 3552497.246
71 97 5469124.102
71 98 7289553.425
71 99 8593656.522
72 73 7601516.786
72 74 7806570.751
72 75 8198635.446
72 76 3144091.871
72 77 5736552.156
72 78 7509148.166
72 79 6572793.811
72 80 8758959.327
72 81 3087278.472
72 82 4831838.35
72 83 2498281.451
72 84 2872758.453
72 85 8496186.857
72 86 6702401.96
72 87 2624266.266
72 88 5382309.327
72 89 7715223.938
72 90 3790426.61
72 91 7176524.463
72 92 8957153.773
72 93 5771315.651
72 94 4827624.403
72 95 287795.4611
72 96 9493774.776
72 97 5715621.004
72 98 6173618.101
72 99 2666203.007
73 74 1039683.394
73 75 1441750.993
73 76 4472089.526
73 77 6803967.887
73 78 1648220.871
73 79 1653108.324
73 80 1935419.552
73 81 8072483.863
73 82 5834083.143
73 83 10098981.71
73 84 9776934.57
73 85 1167470.435
73 86 1308115.137
73 87 10170951.33
73 88 7901534.581
73 89 1061765.829
73 90 6517471.114
73 91 7082010.179
73 92 1413455.165
73 93 5262772.495
73 94 7314456.106
73 95 7536739.792
73 96 1941128.073
73 97 6028755.324
73 98 7927669.904
73 99 10176525.37
74 75 477223.2125
74 76 4671436.582
74 77 7670260.472
74 78 721186.694
74 79 1286544.588
74 80 2823175.591
74 81 8639617.374
74 82 6632717.677
74 83 10294828.59
74 84 10180352.5
74 85 1960136.636
74 86 1104183.985
74 87 10420030.16
74 88 7386678.214
74 89 2093867.923
74 90 6197211.657
74 91 8042571.942
74 92 1898960.649
74 93 6159608.634
74 94 8086163.957
74 95 7779348.038
74 96 2309029.814
74 97 6910235.829
74 98 8793393.908
74 99 10284407.98
75 76 5076244.5
75 77 8143373.466
75 78 800447.0041
75 79 1630570.778
75 80 3059410.475
75 81 9101640.361
75 82 7109592.002
75 83 10678973.4
75 84 10613650.7
75 85 2182473.281
75 86 1516348.887
75 87 10817904.19
75 88 7507438.743
75 89 2459441.744
75 90 6418512.562
75 91 8497530.949
75 92 1988545.024
75 93 6628293.233
75 94 8563374.256
75 95 8180929.9
75 96 2311034.86
75 97 7381395.169
75 98 9266834.837
75 99 10643612.33
76 77 5174654.713
76 78 4420843.983
76 79 3464474.337
76 80 5782829.133
76 81 4468168.709
76 82 3941040.549
76 83 5640990.892
76 84 5595695.799
76 85 5421415.667
76 86 3568660.491
76 87 5749297.639
76 88 5141346.774
76 89 4688425.894
76 90 3240642.83
76 91 6308950.849
76 92 5849273.404
76 93 4347454.009
76 94 4888014.719
76 95 3107948.259
76 96 6386251.413
76 97 4724030.424
76 98 6087248.982
76 99 5707256.936
77 78 7907840.429
77 79 7084979.021
77 80 6559405.349
77 81 3340363.417
77 82 1242044.683
77 83 7280624.554
77 84 5623684.857
77 85 6918444.258
77 86 6915357.051
77 87 6971321.667
77 88 10162926.15
77 89 6109176.503
77 90 8243988.806
77 91 1461190.584
77 92 7523121.222
77 93 1568219.238
77 94 1199076.838
77 95 5461272.267
77 96 7930173.076
77 97 790037.3555
77 98 1124215.272
77 99 7922491.822
78 79 967957.4751
78 80 3520367.836
78 81 8595012.65
78 82 6809918.674
78 83 9974070.829
78 84 10000960.66
78 85 2668194.616
78 86 1007252.692
78 87 10133060.18
78 88 6722551.156
78 89 2704797.511
78 90 5618871.041
78 91 8394945.572
78 92 2618043.321
78 93 6444493.408
78 94 8224003.465
78 95 7506817.751
78 96 3012312.607
78 97 7170686.502
78 98 9023169.967
78 99 9909122.732
79 80 3567454.854
79 81 7635204.44
79 82 5949570.715
79 83 9049666.789
79 84 9035952.105
79 85 2819127.689
79 86 356954.5825
79 87 9194325.04
79 88 6259428.407
79 89 2548485.767
79 90 4955282.675
79 91 7673714.493
79 92 2972372.348
79 93 5672309.859
79 94 7333065.245
79 95 6561199.672
79 96 3455653.152
79 97 6370920.202
79 98 8189334.614
79 99 9015051.667
80 81 8578743.028
80 82 5872759.194
80 83 11210350.63
80 84 10554482.18
80 85 876968.889
80 86 3213025.149
80 87 11199835.81
80 88 9757608.805
80 89 1129213.491
80 90 8263485.599
80 91 6428433.296
80 92 1271311.191
80 93 5007276.791
80 94 7347164.2
80 95 8641383.506
80 96 1467664.916
80 97 5774396.718
80 98 7634439.414
80 99 11411867.12
81 82 3021432.664
81 83 4003088.827
81 84 2299316.751
81 85 8627803.723
81 86 7620102.37
81 87 3651517.023
81 88 8351457.454
81 89 7768582.997
81 90 6587005.16
81 91 4767944.018
81 92 9195320.37
81 93 4129096.618
81 94 2175000.935
81 95 2805783.572
81 96 9695337.4
81 97 3688752.266
81 98 3374840.41
81 99 4721156.742
82 83 6671792.721
82 84 5287197.086
82 85 6103332.401
82 86 5806547.251
82 87 6438913.914
82 88 8973355.243
82 89 5259169.293
82 90 7051304.74
82 91 2454120.226
82 92 6703014.812
82 93 1108631.771
82 94 1493914.547
82 95 4574459.937
82 96 7152083.344
82 97 892573.4793
82 98 2266736.097
82 99 7220903.352
83 84 2115253.435
83 85 10979912.3
83 86 9190893.906
83 87 546012.0027
83 88 6629939.978
83 89 10187082.02
83 90 5552935.604
83 91 8733907.055
83 92 11449499.35
83 93 7732263.877
83 94 6160490.598
83 95 2575361.585
83 96 11985661.33
83 97 7485025.148
83 98 7373001.202
83 99 874154.2161
84 85 10486854.55
84 86 9097644.319
84 87 1616445.546
84 88 8073496.95
84 89 9643582.648
84 90 6629777.94
84 91 7025791.397
84 92 11019459.01
84 93 6394724.128
84 94 4437140.236
84 95 2725164.402
84 96 11541239.67
84 97 5986365.914
84 98 5511180.021
84 99 2975580.378
85 86 2475583.141
85 87 11011279
85 88 9068287.668
85 89 860368.0985
85 90 7660223.144
85 91 6952050.652
85 92 604700.5333
85 93 5350265.274
85 94 7596301.822
85 95 8404900.388
85 96 1067812.873
85 97 6128481.71
85 98 8022940.442
85 99 11117243.8
86 87 9316448.802
86 88 6594696.252
86 89 2192022.4
86 90 5251007.452
86 91 7449015.03
86 92 2657189.445
86 93 5471135.608
86 94 7216910.402
86 95 6676278.752
86 96 3153390.408
86 97 6186280.279
86 98 8027567.161
86 99 9187040.979
87 88 7096314.838
87 89 10202290.23
87 90 5934690.156
87 91 8413573.68
87 92 11498778.33
87 93 7519524.121
87 94 5824897.228
87 95 2642337.564
87 96 12032895.2
87 97 7224353.86
87 98 6997108.572
87 99 1416325.321
88 89 8657471.811
88 90 1922384.851
88 91 11402594.32
88 92 9221803.959
88 93 9484105.37
88 94 9615139.253
88 95 5630065.932
88 96 9681884.589
88 97 9809253.233
88 98 10932466.26
88 99 5999962.236
89 90 7138368.487
89 91 6227686.326
89 92 1447444.715
89 93 4542531.164
89 94 6753021.504
89 95 7612228.962
89 96 1928034.843
89 97 5320658.666
89 98 7221670.042
89 99 10353982.91
90 91 9480581.069
90 92 7905446.23
90 93 7571511.369
90 94 7724110.118
90 95 3998911.096
90 96 8404170.519
90 97 7887206.949
90 98 9030261.954
90 99 5119626.679
91 92 7543302.306
91 93 2060308.758
91 94 2594367.967
91 95 6904623.005
91 96 7877003.103
91 97 1593383.527
91 98 1734125.495
91 99 9382888.249
92 93 5954951.092
92 94 8196466.324
92 95 8878027.812
92 96 537099.942
92 97 6733149.688
92 98 8627248.867
92 99 11556214.94
93 94 2404356.767
93 95 5529899.895
93 96 6364637.469
93 97 778476.8942
93 98 2679885.519
93 99 8246688.473
94 95 4542815.395
94 96 8642963.072
94 97 1744240.653
94 98 1353184.499
94 99 6840861.995
95 96 9413722.362
95 97 5454921.042
95 98 5887792.704
95 99 2827292.55
96 97 7140618.022
96 98 9024147.208
96 99 12093257.39
97 98 1903528.69
97 99 8064187.182
98 99 8094313.424
