4950
0 1 6685554.216
0 2 2648787.059
0 3 9357169.079
0 4 11013580.82
0 5 7373630.215
0 6 7156424.065
0 7 5399669.694
0 8 2951368.647
0 9 8170296.795
0 10 2984412.68
0 11 9318269.724
0 12 8791789.229
0 13 10612703.17
0 14 8812285.613
0 15 5435955.789
0 16 9293089.096
0 17 7580572.992
0 18 6556695.233
0 19 11680723.07
0 20 8459498.131
0 21 4948627.901
0 22 7358688.301
0 23 9547175.52
0 24 7102902.516
0 25 3229925.327
0 26 7267880.005
0 27 8897984.771
0 28 10250934.96
0 29 2287063.862
0 30 9056427.242
0 31 4324063.563
0 32 7027653.657
0 33 3114965.899
0 34 6558257.455
0 35 7206035.485
0 36 8660439.525
0 37 9052348.923
0 38 4429184.99
0 39 3822898.897
0 40 233036.2634
0 41 8939502.506
0 42 6898978.221
0 43 6798612.408
0 44 8607252.963
0 45 3999415.753
0 46 2002241.096
0 47 6788881.872
0 48 8966790.24
0 49 6280603.595
0 50 6166674.848
0 51 4554202.499
0 52 2654378.48
0 53 7694294.748
0 54 5595297.444
0 55 7097007.363
0 56 7076503.452
0 57 5915241.225
0 58 3945121.82
0 59 959816.801
0 60 5983317.176
0 61 8030326.243
0 62 4894956.758
0 63 6572957.892
0 64 6954310.563
0 65 8188109.685
0 66 8465718.678
0 67 1290100.339
0 68 863285.1468
0 69 7343940.209
0 70 3537074.267
0 71 6094053.431
0 72 1175408.374
0 73 10169454.73
0 74 5321501.158
0 75 6494139.769
0 76 11490062.93
0 77 5372720.402
0 78 7887240.436
0 79 9770427.018
0 80 8654818.285
0 81 6131799.165
0 82 6501613.3
0 83 7515056.04
0 84 6660850.425
0 85 4424528.332
0 86 9199054.943
0 87 1725633.919
0 88 8317123.039
0 89 9238216.402
0 90 1639562.411
0 91 6244991.407
0 92 11632003.88
0 93 580581.0014
0 94 1691504.207
0 95 8480319.098
0 96 7584070.77
0 97 1382242.423
0 98 2711977.925
0 99 1075812.602
1 2 5691445.009
1 3 3285242.296
1 4 5939503.415
1 5 1060863.364
1 6 3699181.324
1 7 7306704.201
1 8 4036751.805
1 9 3251297.229
1 10 5914205.299
1 11 4473237.125
1 12 4005113.022
1 13 4716521.892
1 14 6085206.289
1 15 2351290.933
1 16 2798443.232
1 17 1232531.811
1 18 3306149.468
1 19 6245272.728
1 20 4358255.197
1 21 2217482.365
1 22 2049732.223
1 23 5411388.013
1 24 5552366.674
1 25 3914668.322
1 26 7955918.816
1 27 4151707.559
1 28 5365395.806
1 29 6158317.006
1 30 5699831.053
1 31 4603700.326
1 32 2682287.526
1 33 3679528.062
1 34 2767495.563
1 35 4531195.555
1 36 3926267.469
1 37 2863606.392
1 38 4174292.302
1 39 3419033.476
1 40 6904688.424
1 41 5537050.73
1 42 1413685.57
1 43 926360.4767
1 44 5828205.754
1 45 6517188.034
1 46 4819878.833
1 47 7267926.277
1 48 3640836.341
1 49 3687527.236
1 50 1581881.391
1 51 3118186.186
1 52 4237961.47
1 53 2057886.522
1 54 7404831.504
1 55 1515263.948
1 56 8287255.816
1 57 1845272.364
1 58 4355355.033
1 59 7185115.055
1 60 1193651.694
1 61 1351179.706
1 62 3726352.575
1 63 2387051.188
1 64 6378965.668
1 65 9020093.433
1 66 2717417.9
1 67 6667138.884
1 68 7508990.314
1 69 5570544.306
1 70 3518180.817
1 71 4075507.844
1 72 5526727.956
1 73 4757092.004
1 74 5612878.248
1 75 1986869.566
1 76 5981607.758
1 77 3045672.036
1 78 6521904.514
1 79 4836070.379
1 80 2598949.384
1 81 2040772.157
1 82 7795256.049
1 83 1953577.567
1 84 1070737.607
1 85 2333441.116
1 86 2571851.684
1 87 7607069.972
1 88 7218338.4
1 89 2939217.234
1 90 6951989.435
1 91 897615.8047
1 92 5827802.662
1 93 7198828.665
1 94 5282738.142
1 95 2835729.719
1 96 2020061.984
1 97 5950992.77
1 98 4055521.337
1 99 6925459.769
2 3 8848213.797
2 4 11071735.09
2 5 6038213.438
2 6 7530603.392
2 7 7398678.59
2 8 3487316.68
2 9 8117254.586
2 10 4859637.428
2 11 9391321.477
2 12 6670960.268
2 13 10241414.77
2 14 9654848.139
2 15 3721491.13
2 16 7838257.928
2 17 6223384.811
2 18 4398949.285
2 19 11586013.12
2 20 6195531.075
2 21 4779416.802
2 22 5637289.246
2 23 9923404.956
2 24 8171288.285
2 25 3796031.964
2 26 9090865.008
2 27 8981407.914
2 28 10360289.65
2 29 4358019.863
2 30 9691542.174
2 31 5451301.846
2 32 5073923.834
2 33 2281981.357
2 34 6679490.773
2 35 7881946.442
2 36 6539445.208
2 37 8464414.239
2 38 5339693.92
2 39 2273761.42
2 40 2710082.083
2 41 9547922.713
2 42 5369131.738
2 43 6154678.066
2 44 9412902.409
2 45 5980714.782
2 46 1668858.912
2 47 8501766.718
2 48 6993107.749
2 49 6807676.792
2 50 4623524.804
2 51 4886394.406
2 52 3220965.807
2 53 6016790.916
2 54 7587805.75
2 55 5540787.84
2 56 9036262.635
2 57 5697375.662
2 58 1659932.922
2 59 2338818.557
2 60 4656637.504
2 61 6995652.067
2 62 2690917.803
2 63 6540620.766
2 64 8341170.109
2 65 10120403.21
2 66 8080404.407
2 67 1604627.482
2 68 2984407.809
2 69 8366009.909
2 70 2198757.803
2 71 3720070.605
2 72 2060671.553
2 73 10035214.76
2 74 6749281.199
2 75 6310637.144
2 76 11352719.2
2 77 3367667.561
2 78 9113276.763
2 79 9833251.456
2 80 8126936.491
2 81 4413140.978
2 82 8434968.494
2 83 7121229.519
2 84 6091843.865
2 85 3994839.914
2 86 7892003.584
2 87 2307225.165
2 88 9672090.841
2 89 8584539.912
2 90 1623500.504
2 91 5608116.273
2 92 11336961.76
2 93 3173387.303
2 94 3057565.248
2 95 6678743.104
2 96 5902420.367
2 97 1274334.304
2 98 2095851.97
2 99 1975866.708
3 4 2910353.825
3 5 3557163.361
3 6 3257504.323
3 7 8102694.783
3 8 6429328.104
3 9 1778242.501
3 10 7700919.94
3 11 2050325.702
3 12 6164246.755
3 13 1431634.614
3 14 4689440.525
3 15 5629592.464
3 16 3443054.112
3 17 3510183.291
3 18 6362663.043
3 19 3022224.506
3 20 6808442.138
3 21 4408563.809
3 22 4705735.624
3 23 3211081.77
3 24 5210386.701
3 25 6186956.664
3 26 7958288.761
3 27 2030605.531
3 28 2571929.455
3 29 8187384.556
3 30 4000371.147
3 31 5970162.654
3 32 5558871.707
3 33 6667270.537
3 34 3127187.501
3 35 4030498.179
3 36 6146027.147
3 37 441687.1773
3 38 5595975.544
3 39 6611032.571
3 40 9588812.933
3 41 3872867.559
3 42 4336958.753
3 43 2694083.693
3 44 4503008.114
3 45 7868497.136
3 46 7727774.122
3 47 7373799.212
3 48 5522842.452
3 49 3981290.665
3 50 4794378.754
3 51 4933854.111
3 52 6711693.586
3 53 4462800.908
3 54 8123897.264
3 55 4311324.067
3 56 8463615.943
3 57 3446997.497
3 58 7618514.531
3 59 10022459.22
3 60 4473097.005
3 61 2351105.622
3 62 7009403.508
3 63 2937135.246
3 64 6241824.139
3 65 8831707.287
3 66 934350.4742
3 67 9611612.549
3 68 10217828.29
3 69 5071663.449
3 70 6649566.838
3 71 7243981.43
3 72 8284665.228
3 73 1698773.515
3 74 6329704.132
3 75 2899669.819
3 76 2746575.685
3 77 6312175.055
3 78 5852276.187
3 79 2164593.967
3 80 722622.9073
3 81 5229228.933
3 82 8147932.83
3 83 1843293.965
3 84 2772411.264
3 85 5009780.518
3 86 2885368.753
3 87 10551580.89
3 88 6461374.101
3 89 539924.6021
3 90 9944090.438
3 91 3247015.709
3 92 2542637.367
3 93 9790531.1
3 94 7743221.362
3 95 4789549.991
3 96 4507883.957
3 97 8899353.333
3 98 6988893.677
3 99 9816159.102
4 5 6406192.051
4 6 3891694.945
4 7 8246278.8
4 8 8097029.386
4 9 2954517.83
4 10 8729010.942
4 11 1703329.854
4 12 9072039.804
4 13 1849827.498
4 14 3540753.157
4 15 8266357.047
4 16 6292311.734
4 17 6382296.114
4 18 9175441.262
4 19 884103.9362
4 20 9717949.744
4 21 6313900.698
4 22 7580139.074
4 23 1815992.459
4 24 4968230.465
4 25 7798308.411
4 26 7421259.318
4 27 2124004.426
4 28 770904.4739
4 29 9361625.883
4 30 2797771.963
4 31 6950111.738
4 32 8412656.824
4 33 8796402.807
4 34 4482492.653
4 35 4136989.264
4 36 9055513.797
4 37 3335279.524
4 38 6701134.252
4 39 8964991.018
4 40 11244820.63
4 41 2786926.396
4 42 7154310.172
4 43 5142399.42
4 44 3513235.264
4 45 8515304.059
4 46 9711048.053
4 47 7022809.621
4 48 8421751.42
4 49 4798236.769
4 50 7515292.754
4 51 6474825.841
4 52 8407668.363
4 53 7357410.423
4 54 8197987.986
4 55 7153315.73
4 56 8013522.821
4 57 5374663.011
4 58 10069171.03
4 59 11815638.34
4 60 7121079.653
4 61 5228567.36
4 62 9610019.057
4 63 4550587.017
4 64 5898347.659
4 65 8007547.478
4 66 3223307.295
4 67 11540211.43
4 68 11867296.85
4 69 4727398.514
4 70 8926802.832
4 71 10005709.72
4 72 10088635.71
4 73 1219419.427
4 74 6713667.186
4 75 4761125.98
4 76 912497.7006
4 77 8971390.421
4 78 5099387.353
4 79 1251126.263
4 80 3425818.765
4 81 7969014.699
4 82 7897434.449
4 83 4066808.003
4 84 5128621.304
4 85 7078057.345
4 86 5742028.597
4 87 12445330.81
4 88 5476591.984
4 89 3438040.378
4 90 11915787.86
4 91 5606774.034
4 92 1567572.934
4 93 11344973.75
4 94 9323625.669
4 95 7698627.922
4 96 7396404.998
4 97 10862795.53
4 98 9044740.211
4 99 11676223.18
5 6 4657457.423
5 7 8358965.162
5 8 4911150.414
5 9 3988403.535
5 10 6880367.042
5 11 5104553.206
5 12 3022238.199
5 13 4950456.797
5 14 6988187.246
5 15 2373181.654
5 16 1922908.256
5 17 209131.7155
5 18 2810730.109
5 19 6579068.883
5 20 3472090.012
5 21 3230929.583
5 22 1190947.679
5 23 6137384.998
5 24 6572720.509
5 25 4828450.484
5 26 9011957.854
5 27 4836875.465
5 28 5920074.527
5 29 7071956.536
5 30 6540839.783
5 31 5642435.599
5 32 2007235.206
5 33 4275874.658
5 34 3769887.051
5 35 5514892.871
5 36 2956725.582
5 37 3115570.492
5 38 5214942.207
5 39 3802286.671
5 40 7582326.644
5 41 6380107.201
5 42 804307.0414
5 43 1867101.81
5 44 6736650.235
5 45 7534719.62
5 46 5424599.221
5 47 8325115.704
5 48 2600835.999
5 49 4721769.689
5 50 1446115.974
5 51 4145047.511
5 52 5077582.036
5 53 1070351.582
5 54 8459739.123
5 55 754302.974
5 56 9347411.598
5 57 2903613.807
5 58 4531824.731
5 59 7774196.444
5 60 1412675.313
5 61 1215396.619
5 62 3712755
5 63 3383616.008
5 64 7422077.169
5 65 10072250.23
5 66 3242218.01
5 67 7195202.031
5 68 8163334.454
5 69 6577201.928
5 70 3982004.741
5 71 3723125.34
5 72 6199214.874
5 73 5190041.038
5 74 6672834.081
5 75 2992429.218
5 76 6302383.817
5 77 2956715.655
5 78 7525414.911
5 79 5414171.942
5 80 2980614.894
5 81 1794389.099
5 82 8856109.733
5 83 2707531.493
5 84 2053375.627
5 85 3207273.254
5 86 1863635.75
5 87 8117560.773
5 88 8220837.95
5 89 3096933.666
5 90 7437799.988
5 91 1957138.852
5 92 6037254.327
5 93 7913457.374
5 94 6092620.098
5 95 1786320.248
5 96 1064875.84
5 97 6492717.613
5 98 4673927.038
5 99 7485685.642
6 7 4862120.83
6 8 4294435.403
6 9 1490281.055
6 10 4864935.66
6 11 2245947.059
6 12 7676865.851
6 13 3973901.518
6 14 2428502.282
6 15 5524638.686
6 16 5742564.184
6 17 4764296.941
6 18 6840586.154
6 19 4633504.375
6 20 8057338.596
6 21 2822708.959
6 22 5747429.674
6 23 2421096.381
6 24 2060573.84
6 25 3982403.807
6 26 4771036.428
6 27 1847661.893
6 28 3121345.696
6 29 5477793.009
6 30 2217899.825
6 31 3075289.991
6 32 6345485.898
6 33 5268006.092
6 34 995778.4856
6 35 888196.6204
6 36 7606199.77
6 37 3248944.69
6 38 2809935.55
6 39 5674084.957
6 40 7385656.605
6 41 2062133.486
6 42 5107984.67
6 43 2797156.64
6 44 2166632.955
6 45 4788148.056
6 46 6024887.532
6 47 4152320.754
6 48 7237953.448
6 49 909508.8937
6 50 5087809.846
6 51 2692831.414
6 52 4607353.558
6 53 5719947.31
6 54 4874596.009
6 55 5214186.147
6 56 5243571.161
6 57 2143613.444
6 58 6838794.628
6 59 7991915.603
6 60 4576706.366
6 61 3986886.656
6 62 6664162.311
6 63 1334471.105
6 64 3056159.308
6 65 5720973.401
6 66 2425719.489
6 67 7778655.767
6 68 8002277.656
6 69 1993584.554
6 70 5544245.502
6 71 7422627.845
6 72 6294203.647
6 73 3245335.005
6 74 3116224.367
6 75 1733892.753
6 76 4484947.536
6 77 6204961.462
6 78 2911808.977
6 79 2682174.336
6 80 2877604.805
6 81 5527487.909
6 82 4899349.483
6 83 2125713.759
6 84 2629778.778
6 85 3639846.937
6 86 5257706.359
6 87 8654529.374
6 88 3597794.404
6 89 3522092.66
6 90 8170867.224
6 91 2906107.069
6 92 4784452.202
6 93 7465649.57
6 94 5465315.539
6 95 6416393.435
6 96 5697109.815
6 97 7133108.439
6 98 5439101.181
6 99 7880420.826
7 8 4356381.257
7 9 6351393.942
7 10 2542548.382
7 11 6885890.743
7 12 11029159.09
7 13 8785789.936
7 14 4933292.577
7 15 7830628.38
7 16 9984268.251
7 17 8538701.112
7 18 9348029.792
7 19 9105476.588
7 20 11098396.65
7 21 5170870.527
7 22 9081498.033
7 23 6439507.539
7 24 3280103.421
7 25 4183021.05
7 26 1922568.927
7 27 6561082.977
7 28 7526800.793
7 29 3139128.934
7 30 5540080.597
7 31 2753433.269
7 32 9293194.099
7 33 5979774.256
7 34 5109700.292
7 35 4228628.786
7 36 10921423.47
7 37 8041435.407
7 38 3165347.093
7 39 6874377.251
7 40 5542069.383
7 41 5507001.815
7 42 8408630.365
7 43 6721605.998
7 44 4854848.488
7 45 1427958.248
7 46 5806146.822
7 47 1639990.882
7 48 10835667.87
7 49 4142860.009
7 50 7973787.654
7 51 4255071.477
7 52 4476437.904
7 53 9236569.162
7 54 195645.2168
7 55 8588344.361
7 56 1677560.325
7 57 5522165.13
7 58 7790602.723
7 59 6343254.917
7 60 7502231.059
7 61 8220289.172
7 62 8266255.101
7 63 5427298.772
7 64 2452714.82
7 65 2788746.866
7 66 7223027.554
7 67 6607731.386
7 68 5937337.255
7 69 3528190.279
7 70 6563175.433
7 71 9444109.391
7 72 5369745.826
7 73 7954790.162
7 74 1791720.616
7 75 5691152.667
7 76 9030235.123
7 77 8254692.797
7 78 3453320.867
7 79 7246438.565
7 80 7639839.188
7 81 8253455.978
7 82 1107538.588
7 83 6638922.752
7 84 6508937.207
7 85 5514734.795
7 86 9607357.392
7 87 7106389.902
7 88 3544312.689
7 89 8309422.878
7 90 7001801.326
7 91 6431659.88
7 92 9464622.669
7 93 5304002.363
7 94 4341145.149
7 95 10077262.76
7 96 9165327.638
7 97 6316328.433
7 98 5803984.231
7 99 6466659.115
8 9 5224022.379
8 10 2141855.591
8 11 6395547.108
8 12 7047317.154
8 13 7663920.554
8 14 6224701.054
8 15 3645126.274
8 16 6805367.242
8 17 5118733.371
8 18 5117997.728
8 19 8742135.169
8 20 6968548.801
8 21 2038417.162
8 22 5254155.695
8 23 6713344.894
8 24 4687284.622
8 25 320767.997
8 26 5802831.481
8 27 5974509.217
8 28 7341309.471
8 29 2176356.995
8 30 6339875.438
8 31 1989032.372
8 32 5234139.947
8 33 1631530.178
8 34 3621414.042
8 35 4491708.497
8 36 6926498.281
8 37 6143282.37
8 38 1852501.072
8 39 2518601.757
8 40 3184400.886
8 41 6207156.174
8 42 4653467.234
8 43 3960642.202
8 44 5992304.868
8 45 3097708.795
8 46 1838422.836
8 47 5163568.595
8 48 7011793.605
8 49 3468554.319
8 50 4036697.652
8 51 1622399.63
8 52 312957.4109
8 53 5510784.685
8 54 4522974.065
8 55 4854261.037
8 56 5856805.527
8 57 2982417.617
8 58 3472714.418
8 59 3718643.93
8 60 3675742.614
8 61 5323349.492
8 62 3912931.694
8 63 3622169.853
8 64 4878398.283
8 65 6881504.264
8 66 5526460.784
8 67 3486434.819
8 68 3814475.842
8 69 4887654.244
8 70 2207260.66
8 71 5108928.605
8 72 2000588.916
8 73 7222969.96
8 74 3334842.533
8 75 3548405.684
8 76 8546436.331
8 77 3962423.454
8 78 5626422.217
8 79 6848433.053
8 80 5737461.6
8 81 4195718.757
8 82 5259447.068
8 83 4586359.784
8 84 3800125.947
8 85 1709946.745
8 86 6608603.417
8 87 4362016.239
8 88 6193646.141
8 89 6342873.002
8 90 3883141.906
8 91 3432770.419
8 92 8680671.947
8 93 3361741.901
8 94 1316412.191
8 95 6361017.483
8 96 5415185.199
8 97 2860420.61
8 98 1521963.638
8 99 3588726.542
9 10 6171609.617
9 11 1293739.655
9 12 6954976.442
9 13 2560439.681
9 14 3163524.124
9 15 5464885.173
9 16 4642298.907
9 17 4036535.472
9 18 6557031.094
9 19 3525673.007
9 20 7458967.611
9 21 3366306.046
9 22 5168574.018
9 23 2163240.144
9 24 3441778.863
9 25 4940426.683
9 26 6188348.187
9 27 917805.0612
9 28 2255821.134
9 29 6726614.914
9 30 2600619.603
9 31 4392205.983
9 32 5904935.343
9 33 5842280.526
9 34 1623836.796
9 35 2255565.186
9 36 6905470.263
9 37 1827088.881
9 38 4060650.594
9 39 6028355.279
9 40 8403143.857
9 41 2446266.302
9 42 4616231.338
9 43 2354183.328
9 44 2939187.715
9 45 6213531.429
9 46 6773284.298
9 47 5597095.335
9 48 6418903.376
9 49 2284885.475
9 50 4815746.76
9 51 3618484.546
9 52 5529189.172
9 53 5045739.123
9 54 6364874.932
9 55 4669429.654
9 56 6687556.752
9 57 2420181.353
9 58 7149679.407
9 59 8931636.95
9 60 4362562.916
9 61 3030690.242
9 62 6761031.4
9 63 1614726.322
9 64 4469849.819
9 65 7083805.595
9 66 1041392.762
9 67 8619949.994
9 68 9031666.412
9 69 3315932.446
9 70 5978470.119
9 71 7293451.839
9 72 7192191.781
9 73 1999205.057
9 74 4595837.015
9 75 1806793.194
9 76 3323157.063
9 77 6173506.386
9 78 4139957.431
9 79 1721529.932
9 80 1511587.444
9 81 5276415.674
9 82 6370050.94
9 83 1302108.609
9 84 2286421.411
9 85 4123649.319
9 86 4112189.202
9 87 9536425.966
9 88 4780085.327
9 89 2098056.072
9 90 8987865.723
9 91 2735047.424
9 92 3486601.427
9 93 8543251.889
9 94 6495166.414
9 95 5611591.181
9 96 5051300.105
9 97 7932939.651
9 98 6095475.05
9 99 8772919.099
10 11 7110786.185
10 12 9177849.954
10 13 8730915.703
10 14 6058330.234
10 15 5786971.623
10 16 8712217.309
10 17 7082174.762
10 18 7254554.82
10 19 9495868.651
10 20 9110404.382
10 21 3713418.518
10 22 7345520.796
10 23 7078337.7
10 24 4285943.257
10 25 2104842.016
10 26 4323259.825
10 27 6710510.188
10 28 7959378.285
10 29 729709.3409
10 30 6423808.903
10 31 1791266.095
10 32 7369894.707
10 33 3644617.998
10 34 4593857.102
10 35 4652306.96
10 36 9058500.325
10 37 7505032.106
10 38 2114852.48
10 39 4575253.445
10 40 3161571.252
10 41 6330293.67
10 42 6718888.169
10 43 5610750.186
10 44 5882824.572
10 45 1121201.092
10 46 3295276.811
10 47 3812263.688
10 48 9113728.543
10 49 3958177.057
10 50 6143657.851
10 51 2887203.228
10 52 2148727.19
10 53 7577693.202
10 54 2733825.288
10 55 6916105.957
10 56 4200002.511
10 57 4444272.981
10 58 5369111.162
10 59 3944228.583
10 60 5747863.27
10 61 7089719.146
10 62 5966689.601
10 63 4765131.425
10 64 4002875.762
10 65 5300589.955
10 66 6766580.923
10 67 4115984.357
10 68 3658164.368
10 69 4542782.498
10 70 4245694.162
10 71 7192801.254
10 72 2827712.254
10 73 8093289.388
10 74 2400173.065
10 75 4861150.765
10 76 9349837.439
10 77 6085798.621
10 78 4972287.982
10 79 7543913.745
10 80 7083578.879
10 81 6327647.981
10 82 3604702.294
10 83 5939401.6
10 84 5416053.303
10 85 3708435.983
10 86 8445955.816
10 87 4709616.529
10 88 5357439.922
10 89 7743020.061
10 90 4520915.744
10 91 5162679.156
10 92 9625809.951
10 93 3028596.555
10 94 1803524.095
10 95 8432941.232
10 96 7487841.803
10 97 3780414.531
10 98 3399696.8
10 99 4015091.822
11 12 7975715.382
11 13 1980949.475
11 14 2744111.921
11 15 6736354.86
11 16 5422417.206
11 17 5121699.269
11 18 7771861.798
11 19 2390277.758
11 20 8541054.878
11 21 4621490.754
11 22 6295467.925
11 23 1161556.457
11 24 3688485.891
11 25 6098406.345
11 26 6357673.644
11 27 421044.895
11 28 968976.6607
11 29 7720319.904
11 30 2005027.726
11 31 5321190.326
11 32 7075646.624
11 33 7111840.212
11 34 2779188.96
11 35 2662562.287
11 36 7939442.525
11 37 2348143.678
11 38 5046287.447
11 39 7320210.725
11 40 9549950.297
11 41 1898427.183
11 42 5789869.396
11 43 3607541.383
11 44 2598299.824
11 45 6988852.185
11 46 8011179.918
11 47 5856933.299
11 48 7386567.921
11 49 3154331.64
11 50 6052289.485
11 51 4773822.64
11 52 6705783.483
11 53 6129580.474
11 54 6864285.637
11 55 5821469.582
11 56 6914866.427
11 57 3696875.491
11 58 8443356.656
11 59 10114151.72
11 60 5617546.964
11 61 4023985.741
11 62 8046009.96
11 63 2855963.767
11 64 4700930.356
11 65 7112688.754
11 66 1876834.047
11 67 9837113.897
11 68 10173992.29
11 69 3486951.4
11 70 7265215.159
11 71 8541813.795
11 72 8385734.01
11 73 1071558.511
11 74 5238275.62
11 75 3088910.129
11 76 2239687.001
11 77 7445246.495
11 78 4099745.967
11 79 452891.6138
11 80 2240500.095
11 81 6512489.89
11 82 6699759.907
11 83 2527925.739
11 84 3559377.345
11 85 5396705.34
11 86 4867039.592
11 87 10742048.78
11 88 4632843.486
11 89 2559706.477
11 90 10213370.9
11 91 4019169.007
11 92 2586258.758
11 93 9659041.081
11 94 7629966.868
11 95 6605925.13
11 96 6149345.229
11 97 9160806.396
11 98 7351447.299
11 99 9973103.252
12 13 7388582.644
12 14 10006095.56
12 15 3450472.376
12 16 2915524.684
12 17 2935105.096
12 18 2275493.621
12 19 9064307.096
12 20 825539.9396
12 21 5880605.519
12 22 1986095.508
12 23 9065822.429
12 24 9556420.601
12 25 7077938.601
12 26 11890119.38
12 27 7755435.286
12 28 8698850.835
12 29 9182857.044
12 30 9537605.229
12 31 8276044.195
12 32 1821041.167
12 33 5828394.883
12 34 6769756.235
12 35 8527117.255
12 36 132158.413
12 37 5750891.788
12 38 7870755.15
12 39 4988449.39
12 40 8955524.964
12 41 9378436.982
12 42 2667537.459
12 43 4880798.155
12 44 9755929.515
12 45 10017092.43
12 46 6813247.18
12 47 11196701.14
12 48 727112.8547
12 49 7686813.53
12 50 3063222.192
12 51 6782682.896
12 52 7106511.997
12 53 1957034.966
12 54 11153017.53
12 55 2515995.992
12 56 12176222.66
12 57 5812254.7
12 58 5021697.478
12 59 8881254.713
12 60 3527297.096
12 61 3954302.817
12 62 3990690.136
12 63 6386492.653
12 64 10361771.59
12 65 12971480.15
12 66 6101829.566
12 67 8180992.993
12 68 9429639.72
12 69 9575304.778
12 70 5299823.901
12 71 3049886.842
12 72 7674891.764
12 73 7862936.82
12 74 9451928.914
12 75 5988884.316
12 76 8781473.4
12 77 3420538.388
12 78 10526343.88
12 79 8229992.803
12 80 5749740.46
12 81 2851602.603
12 82 11650585.17
12 83 5705780.158
12 84 5057069.504
12 85 5542280.986
12 86 3408890.133
12 87 8975594.318
12 88 11222706.67
12 89 5634006.163
12 90 8284084.958
12 91 4878360.148
12 92 8366583.645
12 93 9371449.94
12 94 7952750.287
12 95 1376610.656
12 96 1985521.838
12 97 7586895.928
12 98 6207558.185
12 99 8534904.57
13 14 4672890.12
13 15 7061093.549
13 16 4534007.726
13 17 4885941.247
13 18 7761177.819
13 19 1676020.45
13 20 8080623.362
13 21 5687466.874
13 22 6069925.691
13 23 2927698.861
13 24 5648588.156
13 25 7400355.23
13 26 8337094.535
13 27 2238147.596
13 28 1887280.928
13 29 9276053.999
13 30 3908259.339
13 31 6952631.828
13 32 6936765.098
13 33 8032089.451
13 34 4155511.19
13 35 4564007.666
13 36 7384620.716
13 37 1862368.346
13 38 6618167.144
13 39 8019860.001
13 40 10845541.41
13 41 3825974.961
13 42 5741582.515
13 43 4092459.854
13 44 4552122.855
13 45 8754716.171
13 46 9063612.578
13 47 7826532.616
13 48 6710706.811
13 49 4829035.383
13 50 6221261.018
13 51 6101539.163
13 52 7958324.86
13 53 5800486.232
13 54 8777665.597
13 55 5703694.234
13 56 8890688.221
13 57 4710334.243
13 58 9042286.135
13 59 11320086.74
13 60 5904723.088
13 61 3735459.928
13 62 8441038.12
13 63 4061523.887
13 64 6670267.665
13 65 9089336.512
13 66 2176357.76
13 67 10942785.71
13 68 11475926.05
13 69 5456917.873
13 70 8045283.249
13 71 8657920.603
13 72 9576099.08
13 73 979031.9692
13 74 7079375.055
13 75 4119414.977
13 76 1393139.634
13 77 7742498.316
13 78 6078202.273
13 79 1775426.496
13 80 2131440.595
13 81 6652327.217
13 82 8660074.55
13 83 3145444.486
13 84 4149837.113
13 85 6345458.749
13 86 3998441.989
13 87 11877562.6
13 88 6595151.329
13 89 1853705.48
13 90 11287049.22
13 91 4633426.27
13 92 1111438.969
13 93 11017959.18
13 94 8963891.946
13 95 6032608.527
13 96 5855560.238
13 97 10236161.32
13 98 8338313.026
13 99 11130684.08
14 15 7946548.182
14 16 7805758.076
14 17 7071748.986
14 18 9267949.808
14 19 4424639.064
14 20 10434189.97
14 21 5146924.045
14 22 8119319.392
14 23 1787922.684
14 24 1786793.943
14 25 5904559.922
14 26 3889872.043
14 27 2661228.042
14 28 2950386.984
14 29 6772155.991
14 30 771336.8231
14 31 4488521.045
14 32 8754118.211
14 33 7463087.187
14 34 3422605.741
14 35 1795022.491
14 36 9944228.185
14 37 4886217.213
14 38 4430862.744
14 39 7981537.298
14 40 9026667.165
14 41 848608.9018
14 42 7498888.634
14 43 5164731.112
14 44 262242.8471
14 45 5527872.025
14 46 8052107.074
14 47 3543121.348
14 48 9517113.135
14 49 2889844.354
14 50 7512730.163
14 51 4782926.521
14 52 6524122.951
14 53 8058436.847
14 54 4850119.278
14 55 7592127.7
14 56 4488432.568
14 57 4564790.301
14 58 9146095.251
14 59 9727356.455
14 60 7003678.946
14 61 6158120.765
14 62 9050548.497
14 63 3759160.416
14 64 2486797.298
14 65 4481673.089
14 66 4181582.031
14 67 9647922.372
14 68 9601335.479
14 69 1523436.443
14 70 7815147.092
14 71 9845753.354
14 72 8147742.166
14 73 3699851.472
14 74 3717300.849
14 75 4154430.121
14 76 4422888.736
14 77 8620382.396
14 78 1576258.216
14 79 2899793.616
14 80 4641359.846
14 81 7954637.552
14 82 4423273.559
14 83 4311950.86
14 84 5016310.094
14 85 5948729.291
14 86 7274821.869
14 87 10448964.89
14 88 1951211.427
14 89 5137806.168
14 90 10057708.1
14 91 5326228.278
14 92 4992487.608
14 93 9002888.65
14 94 7182052.21
14 95 8699371.447
14 96 8046198.852
14 97 9069376.905
14 98 7568292.425
14 99 9683040.995
15 16 4117139.5
15 17 2541370.238
15 18 1520749.798
15 19 8595570.018
15 20 3323477.216
15 21 2967491.089
15 22 1953942.828
15 23 7576654.515
15 24 7005153.012
15 25 3717996.898
15 26 8953373.193
15 27 6382279.97
15 28 7660868.433
15 29 5745081.041
15 30 7699771.01
15 31 5126279.143
15 32 1632497.873
15 33 2388230.977
15 34 4529092.08
15 35 6216476.137
15 36 3324184.188
15 37 5201599.285
15 38 4765244.815
15 39 1623339.491
15 40 5618365.276
15 41 7537936.267
15 42 1653158.008
15 43 3133342.382
15 44 7684321.783
15 45 6697856.966
15 46 3434303.114
15 47 8264525.701
15 48 3540094.948
15 49 5180575.105
15 50 927313.441
15 51 3738183.051
15 52 3675632.367
15 53 2318511.284
15 54 7974535.817
15 55 1819925.152
15 56 9146817.889
15 57 3382122.296
15 58 2162126.68
15 59 5664327.598
15 60 1157892.155
15 61 3466894.284
15 62 1383177.708
15 63 4219295.46
15 64 7616716.098
15 65 10055341.96
15 66 5054848.03
15 67 5020288.627
15 68 6142777.326
15 69 7098557.831
15 70 1899178.016
15 71 1899480.29
15 72 4284483.227
15 73 7098103.874
15 74 6424162.244
15 75 3847918.666
15 76 8332644.895
15 77 708916.1152
15 78 8025539.685
15 79 7125258.554
15 80 4949907.841
15 81 709412.6908
15 82 8581426.534
15 83 4216416.392
15 84 3179093.721
15 85 2358852.219
15 86 4193476.6
15 87 5905805.125
15 88 8703176.637
15 89 5254745.477
15 90 5211671.822
15 91 2739188.173
15 92 8171354.453
15 93 6008583.414
15 94 4502460.672
15 95 3056027.229
15 96 2204452.635
15 97 4354240.089
15 98 2777263.612
15 99 5343908.412
16 17 1714519.039
16 18 3996403.186
16 19 6200727.903
16 20 3677412.94
16 21 5007246.092
16 22 2288178.039
16 23 6571361.695
16 24 7787368.901
16 25 6702243.027
16 26 10405288.26
16 27 5289281.246
16 28 6014533.65
16 29 8948495.189
16 30 7217179.916
16 31 7345260.033
16 32 3094686.531
16 33 6188341.421
16 34 5042661.315
16 35 6630600.76
16 36 2934396.025
16 37 3081755.408
16 38 6914510.648
16 39 5657718.516
16 40 9500188.291
16 41 7069358.295
16 42 2472510.31
16 43 3263200.555
16 44 7578973.216
16 45 9286120.663
16 46 7333648.328
16 47 9739654.696
16 48 2206155.43
16 49 6058748.023
16 50 3224467.621
16 51 5890269.729
16 52 6984635.981
16 53 1901346.765
16 54 10065375.23
16 55 2297470.801
16 56 10804043.95
16 57 4464920.411
16 58 6255962.041
16 59 9671461.419
16 60 3314521.251
16 61 1789511.31
16 62 5330536.727
16 63 4670163.128
16 64 8733446.745
16 65 11416384.02
16 66 3643276.056
16 67 9073456.394
16 68 10076449.22
16 69 7735919.457
16 70 5863555.975
16 71 4985644.332
16 72 8118061.268
16 73 5115208.752
16 74 8233483.294
16 75 4339866.199
16 76 5919075.86
16 77 4569173.306
16 78 8647096.061
16 79 5597370.506
16 80 3208257.234
16 81 3437309.504
16 82 10360184.85
16 83 3616857.054
16 84 3475977.318
16 85 5095554.152
16 86 558018.7172
16 87 9984462.181
16 88 9323368.029
16 89 2903819.62
16 90 9297156.056
16 91 3591878.364
16 92 5470212.931
16 93 9835171.832
16 94 8008550.665
16 95 1663262.167
16 96 2008630.927
16 97 8379349.369
16 98 6588420.126
16 99 9374472.537
17 18 2886626.893
17 19 6527539.076
17 20 3426892.788
17 21 3423340.681
17 22 1198122.161
17 23 6173472.662
17 24 6702084.86
17 25 5034049.344
17 26 9165846.114
17 27 4867806.387
17 28 5916752.329
17 29 7278214.056
17 30 6606532.413
17 31 5828962.61
17 32 2051476.139
17 33 4480826.103
17 34 3895908.817
17 35 5629244.424
17 36 2877196.642
17 37 3069993.604
17 38 5400607.226
17 39 3995339.484
17 40 7788835.34
17 41 6446723.131
17 42 927615.6142
17 43 1989929.148
17 44 6822362.8
17 45 7728093.892
17 46 5628903.479
17 47 8480745.271
17 48 2475852.155
17 49 4860795.462
17 50 1614831.075
17 51 4334948.77
17 52 5286204.013
17 53 1011076.295
17 54 8637322.037
17 55 836001.494
17 56 9508784.578
17 57 3064330.881
17 58 4703043.46
17 59 7976369.406
17 60 1613259.28
17 61 1159192.277
17 62 3864467.457
17 63 3508802.862
17 64 7564521.408
17 65 10221493.45
17 66 3249881.651
17 67 7393850.299
17 68 8368726.278
17 69 6699900.487
17 70 4180247.843
17 71 3819689.205
17 72 6405952.298
17 73 5163717.814
17 74 6843627.725
17 75 3122904.534
17 76 6249133.19
17 77 3103989.347
17 78 7645799.449
17 79 5417957.888
17 80 2962563.788
17 81 1937140.21
17 82 9022475.014
17 83 2772243.622
17 84 2184032.706
17 85 3413877.313
17 86 1670687.033
17 87 8314431.682
17 88 8340241.505
17 89 3033522.591
17 90 7633262.64
17 91 2121855.568
17 92 5963566.358
17 93 8121151.208
17 94 6301718.511
17 95 1655376.028
17 96 1027894.095
17 97 6692737.661
17 98 4879426.716
17 99 7686260.055
18 19 9384616.402
18 20 1917140.597
18 21 4444874.17
18 22 1768432.962
18 23 8714937.499
18 24 8445673.089
18 25 5214007.733
18 26 10465661.9
18 27 7457240.131
18 28 8643317.837
18 29 7158495.384
18 30 8952408.626
18 31 6646979.441
18 32 903810.3707
18 33 3712575.883
18 34 5851165.038
18 35 7588998.614
18 36 2143530.792
18 37 5921041.958
18 38 6284137.845
18 39 2812865.163
18 40 6711518.769
18 41 8789328.914
18 42 2027066.734
18 43 4212390.572
18 44 9006500.872
18 45 8195647.088
18 46 4606932.551
18 47 9775346.927
18 48 2624906.906
18 49 6592033.141
18 50 1761910.473
18 51 5247850.2
18 52 5117335.528
18 53 2126094.28
18 54 9493300.849
18 55 2058296.843
18 56 10665908.48
18 57 4731481.765
18 58 2746526.575
18 59 6610295.012
18 60 2264352.244
18 61 4025972.038
18 62 1715201.938
18 63 5508946.894
18 64 9099474.247
18 65 11567016.33
18 66 5965431.546
18 67 5906785.623
18 68 7168745.422
18 69 8522497.125
18 70 3141315.651
18 71 989248.9264
18 72 5468174.109
18 73 7967637.861
18 74 7940561.229
18 75 5116056.276
18 76 9109206.555
18 77 1209495.97
18 78 9461279.878
18 79 8120937.48
18 80 5757782.037
18 81 1313376.543
18 82 10101711.07
18 83 5259484.633
18 84 4314725.806
18 85 3876063.73
18 86 4267051.708
18 87 6701545.829
18 88 10146627.19
18 89 5907654.973
18 90 6009235.805
18 91 3949394.909
18 92 8846496.533
18 93 7137275.262
18 94 5855380.288
18 95 2486477.98
18 96 2033665.942
18 97 5321709.442
18 98 4063918.095
18 99 6262144.591
19 20 9755670.805
19 21 6880463.643
19 22 7719351.264
19 23 2692376.679
19 24 5832172.544
19 25 8452672.38
19 26 8305057.87
19 27 2801891.083
19 28 1581345.478
19 29 10110153.24
19 30 3681310.664
19 31 7708127.675
19 32 8578322.207
19 33 9328551.699
19 34 5122815.075
19 35 4957006.401
19 36 9060635.29
19 37 3463911.649
19 38 7436565.087
19 39 9422934.4
19 40 11913127.28
19 41 3667721.419
19 42 7358359.496
19 43 5523615.721
19 44 4396486.713
19 45 9330259.886
19 46 10291197.48
19 47 7902453.685
19 48 8384458.538
19 49 5542801.606
19 50 7792358.451
19 51 7127055.387
19 52 9049306.104
19 53 7461082.082
19 54 9061561.964
19 55 7333320.617
19 56 8896801.899
19 57 5916573.506
19 58 10494138.23
19 59 12454988.4
19 60 7438730.681
19 61 5369925.267
19 62 9963262.858
19 63 5140170.174
19 64 6773983.444
19 65 8888182.847
19 66 3559062.725
19 67 12144267.11
19 68 12539698.42
19 69 5595236.868
19 70 9411989.25
19 71 10258956.5
19 72 10717050.76
19 73 1551043.325
19 74 7543268.526
19 75 5301556.427
19 76 282880.9972
19 77 9290564.82
19 78 5983140.925
19 79 1951977.133
19 80 3653626.287
19 81 8234934.374
19 82 8775828.353
19 83 4483698.469
19 84 5541370.444
19 85 7612028.537
19 86 5670043.441
19 87 13062012.07
19 88 6358239.781
19 89 3498989.34
19 90 12509744.66
19 91 6028176.963
19 92 889269.6059
19 93 12035163.56
19 94 9997315.606
19 95 7708486.223
19 96 7512482.241
19 97 11454500.29
19 98 9600252.781
19 99 12298547.14
20 21 6024401.091
20 22 2314871.943
20 23 9600361.05
20 24 9857337.861
20 25 7036279.591
20 26 12078844.05
20 27 8294358.306
20 28 9305997.213
20 29 9049967.228
20 30 10009239.35
20 31 8358975.121
20 32 1816624.711
20 33 5620749.464
20 34 7113608.559
20 35 8881266.403
20 36 762685.0241
20 37 6383539.317
20 38 7970511.042
20 39 4729035.05
20 40 8608297.998
20 41 9847966.742
20 42 2952623.768
20 43 5270947.216
20 44 10179127.63
20 45 10010547.35
20 46 6521935.159
20 47 11384440.49
20 48 1540144.733
20 49 7980034.785
20 50 3161219.033
20 51 6896281.186
20 52 6991555.086
20 53 2415817.736
20 54 11233098.42
20 55 2844169.162
20 56 12328585
20 57 6087237.3
20 58 4582097.334
20 59 8467366.91
20 60 3669433.645
20 61 4525725.018
20 62 3575561.657
20 63 6738816.701
20 64 10610246.7
20 65 13171706.12
20 66 6664906.571
20 67 7750833.851
20 68 9046682.951
20 69 9896951.226
20 70 5056022.978
20 71 2486998.216
20 72 7382316.415
20 73 8501599.986
20 74 9593936.293
20 75 6336791.606
20 76 9472920.722
20 77 3125820.364
20 78 10848576.52
20 79 8821016.812
20 80 6343963.029
20 81 2845493.304
20 82 11784138.96
20 83 6178902.871
20 84 5428546.965
20 85 5583717.795
20 86 4142469.709
20 87 8500651.329
20 88 11544055.56
20 89 6288339.778
20 90 7818745.677
20 91 5185437.667
20 92 9084861.803
20 93 9039842.498
20 94 7763790.324
20 95 2054132.288
20 96 2407819.868
20 97 7196901.375
20 98 5978029.314
20 99 8113139.114
21 22 3915650.659
21 23 5162014.364
21 24 4048651.32
21 25 1831175.862
21 26 6057104.2
21 27 4207869.73
21 28 5589453.129
21 29 4017074.305
21 30 5036704.535
21 31 2426203.29
21 32 4208259.862
21 33 2497464.961
21 34 1908868.99
21 35 3361575.632
21 36 5777921.299
21 37 4109537.151
21 38 2006095.568
21 39 2852767.26
21 40 5180249.64
21 41 4882929.64
21 42 3239480.506
21 43 1945331.208
21 44 4888433.41
21 45 4304828.993
21 46 3410808.155
21 47 5363100.408
21 48 5664863.744
21 49 2278865.529
21 50 2863346.452
21 51 919663.4661
21 52 2308804.307
21 53 4066289.483
21 54 5285521.433
21 55 3417639.894
21 56 6307680.371
21 57 977747.4092
21 58 4018506.396
21 59 5632660.692
21 60 2363298.807
21 61 3384174.135
21 62 3922090.706
21 63 1765610.632
21 64 4655024.318
21 65 7153165.473
21 66 3523776.452
21 67 5272505.63
21 68 5809344.772
21 69 4156760.58
21 70 2724639.537
21 71 4830731.711
21 72 3888965.261
21 73 5335387.812
21 74 3575685.437
21 75 1583753.258
21 76 6664346.323
21 77 3575467.757
21 78 5070180.581
21 79 5067732.754
21 80 3707822.923
21 81 3208421.694
21 82 5772672.483
21 83 2567144.328
21 84 1772215.908
21 85 817338.4212
21 86 4732658.87
21 87 6200050.314
21 88 5741910.971
21 89 4305427.781
21 90 5631534.444
21 91 1455559.493
21 92 6736173.929
21 93 5389271.955
21 94 3354156.605
21 95 4910140.715
21 96 3994457.634
21 97 4576324.945
21 98 2730850.39
21 99 5446825.119
22 23 7323018.737
22 24 7584890.314
22 25 5242309.166
22 26 9904979.458
22 27 6025229.682
22 28 7107274.137
22 29 7425423.416
22 30 7700158.745
22 31 6329367.643
22 32 881666.2408
22 33 4261768.239
22 34 4814930.356
22 35 6580354.044
22 36 1895679.437
22 37 4266307.077
22 38 5916860.694
22 39 3571502.705
22 40 7548243.763
22 41 7538462.476
22 42 682280.2051
22 43 2956720.1
22 44 7864326.452
22 45 8123176.202
22 46 5358202.992
22 47 9211812.975
22 48 1771990.394
22 49 5711089.167
22 50 1227731.542
22 51 4826909.139
22 52 5357622.839
22 53 389082.3087
22 54 9199647.13
22 55 536351.2055
22 56 10196425.99
22 57 3829640.84
22 58 4014802.635
22 59 7617087.789
22 60 1602928.299
22 61 2356094.524
22 62 3056011.995
22 63 4436130.34
22 64 8377911.421
22 65 10985528.23
22 66 4432121.006
22 67 6973764.458
22 68 8085557.572
22 69 7612158.439
22 70 3829240.357
22 71 2744894.088
22 72 6194037.291
22 73 6361721.039
22 74 7477230.833
22 75 4035174.224
22 76 7440077.717
22 77 2303106.31
22 78 8564118.482
22 79 6603663.611
22 80 4158567.732
22 81 1244530.198
22 82 9675893.51
22 83 3877637.114
22 84 3117651.019
22 85 3650687.82
22 86 2507836.565
22 87 7854375.747
22 88 9260491.262
22 89 4221520.823
22 90 7158822.735
22 91 2902542.526
22 92 7137174.767
22 93 7925171.093
22 94 6290950.619
22 95 1128478.843
22 96 279548.028
22 97 6307516.003
22 98 4662601.495
22 99 7297788.666
23 24 3159423.242
23 25 6399691.375
23 26 5626584.959
23 27 1310451.255
23 28 1165311.612
23 29 7743099.627
23 30 1018419.438
23 31 5335229.337
23 32 8067870.633
23 33 7647926.395
23 34 3253218.887
23 35 2427385.778
23 36 9023463.952
23 37 3505632.669
23 38 5140572.053
23 39 7975105.092
23 40 9774216.093
23 41 980860.1273
23 42 6778996.345
23 43 4504211.809
23 44 1720660.222
23 45 6774466.841
23 46 8441878.006
23 47 5210463.549
23 48 8496577.218
23 49 3267426.563
23 50 6966605.138
23 51 5113590.359
23 52 7026113.19
23 53 7184548.755
23 54 6387071.016
23 55 6829305.985
23 56 6213203.108
23 57 4332639.806
23 58 9127038.506
23 59 10399463.95
23 60 6500970.153
23 61 5113148.22
23 62 8831347.043
23 63 3451191.297
23 64 4082566.42
23 65 6266786.785
23 66 2973591.995
23 67 10198827.04
23 68 10383969.6
23 69 2914803.694
23 70 7878310.856
23 71 9430723.919
23 72 8711700.11
23 73 1948699.326
23 74 4954062.725
23 75 3770038.374
23 76 2660163.052
23 77 8282095.903
23 78 3307362.817
23 79 1161685.694
23 80 3372079.209
23 81 7426587.086
23 82 6083452.422
23 83 3465334.026
23 84 4417659.263
23 85 5972592.111
23 86 6017784.822
23 87 11070391.94
23 88 3738638.467
23 89 3720861.478
23 90 10591763.74
23 91 4837917.503
23 92 3207798.611
23 93 9829514.952
23 94 7860029.347
23 95 7704576.561
23 96 7195866.429
23 97 9554105.811
23 98 7840148.088
23 99 10295990.83
24 25 4375547.854
24 26 2747905.109
24 27 3413607.449
24 28 4258075.55
24 29 5005930.139
24 30 2284052.691
24 31 2809054.249
24 32 8080144.267
24 33 6088115.887
24 34 2806729.198
24 35 1193306.874
24 36 9474908.723
24 37 5260852.155
24 38 2837647.665
24 39 6732248.065
24 40 7311044.503
24 41 2236491.513
24 42 6916596.036
24 43 4712252.873
24 44 1643097.893
24 45 3746500.662
24 46 6524422.136
24 47 2184049.445
24 48 9173231.05
24 49 1877307.761
24 50 6757055.032
24 51 3448533.877
24 52 4968173.332
24 53 7609168.993
24 54 3229910.248
24 55 7048973.484
24 56 3264337.914
24 57 3770623.558
24 58 7871910.305
24 59 8034941.598
24 60 6234975.666
24 61 6015616.108
24 62 7938075.177
24 63 3193943.472
24 64 1034318.504
24 65 3662626.875
24 66 4447995.667
24 67 8008908.512
24 68 7870288.667
24 69 265150.2827
24 70 6518102.345
24 71 8879110.212
24 72 6521179.172
24 73 4758032.992
24 74 1930547.755
24 75 3580458.482
24 76 5767244.621
24 77 7624117.421
24 78 1021532.429
24 79 4012675.757
24 80 4911011.131
24 81 7159853.518
24 82 3012267.23
24 83 4175103.032
24 84 4519874.129
24 85 4775216.657
24 86 7311742.988
24 87 8771791.203
24 88 1700957.222
24 89 5533644.845
24 90 8422630.287
24 91 4682386.165
24 92 6232872.717
24 93 7261609.626
24 94 5515441.43
24 95 8355734.601
24 96 7572262.649
24 97 7470289.454
24 98 6128933.127
24 99 8015518.742
25 26 5564806.599
25 27 5677501.902
25 28 7040378.763
25 29 2246422.77
25 30 6019727.306
25 31 1712009.649
25 32 5276083.611
25 33 1858620.989
25 34 3329892.336
25 35 4171072.086
25 36 6959685.845
25 37 5912917.391
25 38 1546024.446
25 39 2706396.086
25 40 3462737.46
25 41 5887356.841
25 42 4621907.673
25 43 3772791.74
25 44 5671821.707
25 45 2981811.852
25 46 2154498.521
25 47 4915424.42
25 48 7009386.049
25 49 3150602.993
25 50 4038842.372
25 51 1325883.36
25 52 629111.2809
25 53 5481059.937
25 54 4342987.198
25 55 4820535.008
25 56 5642810.203
25 57 2745618.377
25 58 3709966.674
25 59 4019285.006
25 60 3647723.527
25 61 5172456.187
25 62 4089170.267
25 63 3347328.675
25 64 4590600.215
25 65 6650834.851
25 66 5276184.64
25 67 3802604.09
25 68 4091315.127
25 69 4573280.323
25 70 2409624.081
25 71 5261410.922
25 72 2312062.351
25 73 6939551.29
25 74 3071546.19
25 75 3294396.021
25 76 8260406.638
25 77 4084576.86
25 78 5321631.659
25 79 6551171.18
25 80 5503056.532
25 81 4230932.266
25 82 5049625.709
25 83 4346837.596
25 84 3603171.62
25 85 1624754.57
25 86 6482162.421
25 87 4672164.773
25 88 5896514.267
25 89 6119278.759
25 90 4200843.169
25 91 3260717.499
25 92 8407059.731
25 93 3617606.5
25 94 1563548.536
25 95 6335277.207
25 96 5389311.703
25 97 3180562.666
25 98 1795160.644
25 99 3898168.171
26 27 6122460.497
26 28 6786183.628
26 29 4983966.56
26 30 4623879.543
26 31 3892516.295
26 32 10263957.77
26 33 7422688.261
26 34 5362630.564
26 35 3934180.786
26 36 11795091.22
26 37 8002690.658
26 38 4204857.438
26 39 8252691.104
26 40 7422388.027
26 41 4645724.885
26 42 9222901.076
26 43 7209819.407
26 44 3909540.939
26 45 3269129.708
26 46 7446949.59
26 47 694471.8554
26 48 11591328.36
26 49 4347929.04
26 50 8918045.561
26 51 5217908.019
26 52 5988438.809
26 53 9992182.839
26 54 1736050.057
26 55 9380946.551
26 56 607813.7887
26 57 6110917.338
26 58 9272508.324
26 59 8220832.105
26 60 8410586.378
26 61 8616815.124
26 62 9605843.938
26 63 5737298.23
26 64 1719364.903
26 65 1102369.127
26 66 7185548.843
26 67 8437922.768
26 68 7841810.916
26 69 2899716.522
26 70 7968844.16
26 71 10709072.48
26 72 7119711.512
26 73 7410088.043
26 74 2539422.221
26 75 6085576.698
26 76 8286437.648
26 77 9471094.946
26 78 2321930.967
26 79 6631380.024
26 80 7644427.605
26 81 9262795.056
26 82 850563.7931
26 83 6834834.808
26 84 7003049.579
26 85 6595657.414
26 86 9957807.95
26 87 8986862.265
26 88 2063167.62
26 89 8275861.921
26 90 8840647.779
26 91 7058680.068
26 92 8818780.613
26 93 7206145.621
26 94 6063561.171
26 95 10791414.89
26 96 9938577.68
26 97 8087767.672
26 98 7317316.871
26 99 8322528.33
27 28 1382292.694
27 29 7313319.163
27 30 1973659.752
27 31 4919659.891
27 32 6784784.448
27 33 6700827.124
27 34 2358537.048
27 35 2332908.675
27 36 7713417.822
27 37 2260371.267
27 38 4637269.559
27 39 6924471.617
27 40 9129734.8
27 41 1842925.805
27 42 5496064.918
27 43 3265778.133
27 44 2483253.068
27 45 6615078.284
27 46 7593175.518
27 47 5595183.038
27 48 7187518.456
27 49 2752335.768
27 50 5723512.943
27 51 4352823.289
27 52 6284738.702
27 53 5878719.772
27 54 6547390.529
27 55 5538448.589
27 56 6666022.966
27 57 3291313.348
27 58 8053608.082
27 59 9693109.44
27 60 5276197.08
27 61 3802746.768
27 62 7677938.344
27 63 2442417.302
27 64 4439809.216
27 65 6920336.858
27 66 1666909.281
27 67 9416990.176
27 68 9754036.187
27 69 3229235.923
27 70 6863211.444
27 71 8205984.143
27 72 7964798.814
27 73 1410090.928
27 74 4884930.558
27 75 2687470.338
27 76 2641143.366
27 77 7090980.227
27 78 3909816.382
27 79 873936.4915
27 80 2081256.187
27 81 6184256.221
27 82 6423428.057
27 83 2198196.892
27 84 3203400.75
27 85 4987798.508
27 86 4739912.731
27 87 10321333.28
27 88 4481080.195
27 89 2498427.062
27 90 9793808.941
27 91 3652616.878
27 92 2947386.65
27 93 9240573.589
27 94 7210046.363
27 95 6394312.36
27 96 5892160.138
27 97 8741549.532
27 98 6936639.982
27 99 9552254.232
28 29 8590811.191
28 30 2183039.231
28 31 6179544.165
28 32 7914855.202
28 33 8080686.821
28 34 3735231.112
28 35 3381216.617
28 36 8672451.514
28 37 2957457.705
28 38 5930473.367
28 39 8284122.924
28 40 10481862.59
28 41 2143036.335
28 42 6638633.83
28 43 4527529.013
28 44 2884929.203
28 45 7758479.782
28 46 8974678.909
28 47 6354508.27
28 48 8076527.752
28 49 4027465.052
28 50 6947241.805
28 51 5718945.418
28 52 7652633.182
28 53 6912649.767
28 54 7485432.05
28 55 6654667.239
28 56 7369483.705
28 57 4665580.376
28 58 9402726.513
28 59 11059182.86
28 60 6529311.939
28 61 4782871.696
28 62 8984858.272
28 63 3823843.972
28 64 5215700.788
28 65 7431213.109
28 66 2683022.606
28 67 10794111.79
28 68 11103357.11
28 69 4025474.867
28 70 8232469.795
28 71 9440890.023
28 72 9336072.576
28 73 960501.4137
28 74 5964740.483
28 75 4056754.371
28 76 1511554.214
28 77 8369001.559
28 78 4469719.155
28 79 538024.9497
28 80 2962535.798
28 81 7405474.331
28 82 7222621.328
28 83 3444486.596
28 84 4493918.93
28 85 6365681.024
28 86 5457062.88
28 87 11694868.27
28 88 4901593.633
28 89 3111748.889
28 90 11172737.8
28 91 4962166.115
28 92 2042687.168
28 93 10578090.32
28 94 8560269.977
28 95 7322381.547
28 96 6942078.942
28 97 10121251.86
28 98 8318762.196
28 99 10924492.53
29 30 7118048.973
29 31 2413884.01
29 32 7362701.55
29 33 3462298.215
29 34 5121322.671
29 35 5323817.187
29 36 9059351.531
29 37 7963924.971
29 38 2677700.799
29 39 4392748.697
29 40 2452856.599
29 41 7019980.92
29 42 6829636.983
29 43 5955523.14
29 44 6591701.604
29 45 1720614.94
29 46 2900033.186
29 47 4503183.231
29 48 9176511.573
29 49 4568307.839
29 50 6203585.105
29 51 3279884.211
29 52 2077541.833
29 53 7686573.849
29 54 3334313.012
29 55 7030534.47
29 56 4815285.005
29 57 4837601.058
29 58 5057615.658
29 59 3244504.466
29 60 5851883.602
29 61 7395705.366
29 62 5754254.728
29 63 5254820.63
29 64 4731320.265
29 65 5924648.706
29 66 7255184.259
29 67 3468822.207
29 68 2932735.82
29 69 5260966.717
29 70 4057532.73
29 71 6998442.577
29 72 2297627.574
29 73 8678727.935
29 74 3129244.272
29 75 5306939.731
29 76 9954246.32
29 77 5962713.576
29 78 5701946.375
29 79 8159738.698
29 80 7544338.061
29 81 6337165.202
29 82 4231161.615
29 83 6388072.261
29 84 5771713.777
29 85 3864861.799
29 86 8721518.249
29 87 4011251.635
29 88 6083950.745
29 89 8191492.016
29 90 3864858.099
29 91 5470565.475
29 92 10202401.51
29 93 2301086.402
29 94 1389265.981
29 95 8535853.785
29 96 7590392.135
29 97 3204055.569
29 98 3157316.316
29 99 3338898.681
30 31 4754672.998
30 32 8382081.406
30 33 7451185.883
30 34 3191859.828
30 35 1856528.412
30 36 9483238.888
30 37 4229944.435
30 38 4629334.703
30 39 7889391.377
30 40 9277484.645
30 41 163113.0691
30 42 7106524.139
30 43 4773522.073
30 44 715915.0076
30 45 6002698.99
30 46 8135238.007
30 47 4235026.164
30 48 9015687.95
30 49 2887832.95
30 50 7190499.671
30 51 4808359.164
30 52 6647963.182
30 53 7608383.266
30 54 5473111.74
30 55 7183277.449
30 56 5215794.343
30 57 4338032.269
30 58 9054801.077
30 59 9945960.907
30 60 6695458.129
30 61 5630595.632
30 62 8873172.164
30 63 3480855.959
30 64 3131140.164
30 65 5248406.336
30 66 3574166.199
30 67 9811039.738
30 68 9870373.954
30 69 2024043.977
30 70 7752185.3
30 71 9589631.215
30 72 8310338.572
30 73 2932868.728
30 74 4172614.483
30 75 3855161.384
30 76 3666951.199
30 77 8390669.666
30 78 2301958.736
30 79 2133281.222
30 80 4019600.188
30 81 7642601.38
30 82 5113115.613
30 83 3834906.906
30 84 4647347.456
30 85 5852775.791
30 86 6675791.657
30 87 10646759.76
30 88 2720569.623
30 89 4471538.843
30 90 10214645.8
30 91 5006202.379
30 92 4225726.35
30 93 9290313.036
30 94 7391820.759
30 95 8205048.335
30 96 7605331.569
30 97 9200268.315
30 98 7595708.689
30 99 9874477.278
31 32 6548669.323
31 33 3560959.047
31 34 2844218.117
31 35 2927537.183
31 36 8168737.35
31 37 5805220.277
31 38 430832.9939
31 39 4363983.371
31 40 4539645.452
31 41 4646411.644
31 42 5658246.798
31 43 4115293.166
31 44 4283657.588
31 45 1965672.439
31 46 3784354.7
31 47 3226486.295
31 48 8087023.901
31 49 2167423.968
31 50 5223161.691
31 51 1506871.77
31 52 2232444.831
31 53 6491324.917
31 54 2878352.273
31 55 5839885.274
31 56 4030453.34
31 57 2904535.903
31 58 5411334.49
31 59 5241077.748
31 60 4748922.216
31 61 5625995.176
31 62 5713478.556
31 63 3057335.284
31 64 2892550.045
31 65 4989706.177
31 66 5038740.425
31 67 5199977.371
31 68 5121786.087
31 69 3038034.709
31 70 4087474.711
31 71 6829199.744
31 72 3715305.182
31 73 6302439.811
31 74 1367258.781
31 75 3214636.874
31 76 7559622.975
31 77 5602836.549
31 78 3685817.599
31 79 5756253.493
31 80 5384637.561
31 81 5513782.574
31 82 3457130.294
31 83 4267939.035
31 84 3907067.201
31 85 2780783.459
31 86 7012109.858
31 87 5969848.316
31 88 4222215.848
31 89 6053927.743
31 90 5613857.75
31 91 3755907.446
31 92 7835932.207
31 93 4536027.729
31 94 2707643.072
31 95 7336299.173
31 96 6417824.357
31 97 4671900.117
31 98 3504959.019
31 99 5209716.184
32 33 4017901.546
32 34 5377936.022
32 35 7142195.894
32 36 1696710.154
32 37 5117853.541
32 38 6156944.573
32 39 3206215.358
32 40 7200898.704
32 41 8219276.94
32 42 1289056.746
32 43 3608559.493
32 44 8495297.388
32 45 8233938.29
32 46 5033909.643
32 47 9569646.283
32 48 1947009.726
32 49 6204809.292
32 50 1346072.01
32 51 5080497.316
32 52 5287115.251
32 53 1224883.776
32 54 9425224.883
32 55 1260779.87
32 56 10511987.83
32 57 4312511.798
32 58 3417347.225
32 59 7184014.017
32 60 1859588.16
32 61 3208465.434
32 62 2402074.369
32 63 5013697.968
32 64 8809195.552
32 65 11357905.63
32 66 5232191.217
32 67 6506459.793
32 68 7700625.856
32 69 8131503.534
32 70 3506210.105
32 71 1892082.219
32 72 5891847.386
32 73 7197084.455
32 74 7777388.629
32 75 4612336.803
32 76 8300237.21
32 77 1713117.718
32 78 9080930.705
32 79 7402376.206
32 80 4986838.858
32 81 1047116.319
32 82 9968271.722
32 83 4603375.923
32 84 3741565.003
32 85 3780380.405
32 86 3365191.897
32 87 7347692.657
32 88 9774356.614
32 89 5084908.976
32 90 6650490.371
32 91 3443227.244
32 92 8010103.251
32 93 7604653.83
32 94 6134388.998
32 95 1637653.654
32 96 1136419.971
32 97 5876456.239
32 98 4402669.228
32 99 6848298.516
33 34 4399763.632
33 35 5673366.11
33 36 5700241.777
33 37 6305749.881
33 38 3339897.772
33 39 934211.672
33 40 3316090.658
33 41 7303857.027
33 42 3784360.935
33 43 3984444.071
33 44 7214280.159
33 45 4680957.967
33 46 1150779.525
33 47 6773903.776
33 48 5923059.999
33 49 4584562.224
33 50 3056299.288
33 51 2682705.017
33 52 1513335.849
33 53 4587435.606
33 54 6149207.647
33 55 3982848.846
33 56 7487700.446
33 57 3422432.627
33 58 1851638.247
33 59 3513732.967
33 60 2874156.243
33 61 5029044.483
33 62 2322132.259
33 63 4259246.975
33 64 6408403.992
33 65 8506512.497
33 66 5858425.799
33 67 2990987.784
33 68 3888252.399
33 69 6258565.086
33 70 601537.9054
33 71 3551966.851
33 72 1941245.264
33 73 7777733.344
33 74 4926075.685
33 75 4037399.915
33 76 9100865.772
33 77 2507750.168
33 78 7073381.35
33 79 7555138.9
33 80 5944987.546
33 81 3056901.98
33 82 6890798.74
33 83 4891341.743
33 84 3894866.742
33 85 1719171.888
33 86 6121065.561
33 87 3933271.012
33 88 7680887.142
33 89 6450982.229
33 90 3293231
33 91 3424239.703
33 92 9115218.28
33 93 3671971.962
33 94 2143228.637
33 95 5388717.324
33 96 4478516.894
33 97 2273604.144
33 98 403179.2067
33 99 3246368.741
34 35 1767793.403
34 36 6692916.539
34 37 2983989.254
34 38 2480035.703
34 39 4735256.308
34 40 6790780.283
34 41 3032600.998
34 42 4161035.952
34 43 1905993.614
34 44 3160494.033
34 45 4749145.533
34 46 5244667.574
34 47 4698843.35
34 48 6368921.339
34 49 1018616.187
34 50 4103264.181
34 51 2004251.39
34 52 3930218.502
34 53 4815834.524
34 54 5159245.389
34 55 4278973.445
34 56 5769878.222
34 57 1149680.293
34 58 5894765.231
34 59 7338545.761
34 60 3589005.902
34 61 3254409.389
34 62 5681312.637
34 63 387216.2317
34 64 3701786.572
34 65 6381368.283
34 66 2198488.953
34 67 7059128.29
34 68 7417974.041
34 69 2807813.419
34 70 4627473.617
34 71 6426884.243
34 72 5607185.542
34 73 3617050.199
34 74 3318218.914
34 75 780928.5817
34 76 4932764.062
34 77 5210885.011
34 78 3757477.781
34 79 3231765.926
34 80 2568087.241
34 81 4538901.694
34 82 5349613.636
34 83 1530802.265
34 84 1716777.887
34 85 2720156.27
34 86 4601717.323
34 87 7962861.802
34 88 4453589.994
34 89 3242055.593
34 90 7437613.426
34 91 1935039.662
34 92 5109768.154
34 93 6922417.278
34 94 4877537.813
34 95 5550351.001
34 96 4784339.743
34 97 6386651.051
34 98 4608420.218
34 99 7194104.981
35 36 8452847.287
35 37 4069326.024
35 38 2776913.241
35 39 6187831.905
35 40 7428482.378
35 41 1734142.608
35 42 5928649.392
35 43 3648377.815
35 44 1542213.355
35 45 4378362.458
35 46 6300544.322
35 47 3343692.521
35 48 8104952.79
35 49 1094834.787
35 50 5854251.996
35 51 2998642.287
35 52 4797993.202
35 53 6570715.496
35 54 4214833.557
35 55 6044804.432
35 56 4433127.356
35 57 2857522.564
35 58 7351855.325
35 59 8090793.698
35 60 5335772.854
35 61 4874101.427
35 62 7277267.825
35 63 2144232.2
35 64 2214997.002
35 65 4854079.71
35 66 3255002.668
35 67 7956211.317
35 68 8025944.396
35 69 1106543.897
35 70 6020136.012
35 71 8114199.453
35 72 6455050.381
35 73 3728137.387
35 74 2588143.203
35 75 2545403.706
35 76 4852177.231
35 77 6875578.041
35 78 2026426.894
35 79 3042519.849
35 80 3717706.734
35 81 6281340.229
35 82 4133445.358
35 83 3013804.137
35 84 3470202.858
35 85 4157621.451
35 86 6144005.854
35 87 8790252.142
35 88 2715909.907
35 89 4342340.64
35 90 8360752.138
35 91 3701274.385
35 92 5247768.563
35 93 7453477.303
35 94 5536881.01
35 95 7283877.241
35 96 6543082.346
35 97 7350848.243
35 98 5789832.045
35 99 8017951.021
36 37 5729351.04
36 38 7764891.734
36 39 4858205.909
36 40 8823923.536
36 41 9323628.544
36 42 2575081.161
36 43 4809172.02
36 44 9693148.851
36 45 9902512.162
36 46 6682592.681
36 47 11101389.89
36 48 778029.866
36 49 7603382.121
36 50 2951604.843
36 51 6677588.024
36 52 6983462.035
36 53 1887748.955
36 54 11046339.24
36 55 2428755.287
36 56 12077172.85
36 57 5724976.317
36 58 4889828.013
36 59 8749096.482
36 60 3421089.107
36 61 3915802.617
36 62 3858712.076
36 63 6310615.708
36 64 10273583.47
36 65 12878025.65
36 66 6063950.964
36 67 8048874.038
36 68 9297622.783
36 69 9496711.088
36 70 5170164.931
36 71 2923373.87
36 72 7544333.685
36 73 7844099.474
36 74 9351023.334
36 75 5911997.49
36 76 8777756.003
36 77 3288899.107
36 78 10448157.44
36 79 8199615.84
36 80 5718684.547
36 81 2731170.007
36 82 11549402.43
36 83 5649414.615
36 84 4982736.567
36 85 5429590.664
36 86 3416485.477
36 87 8843904.384
36 88 11144596.6
36 89 5618185.136
36 90 8152284.994
36 91 4794331.88
36 92 8371358.669
36 93 9240153.238
36 94 7826038.634
36 95 1357156.155
36 96 1909862.11
36 97 7454786.135
36 98 6078690.475
36 99 8402754.02
37 38 5416740.479
37 39 6216722.646
37 40 9282985.801
37 41 4093461.068
37 42 3895505.324
37 43 2321706.066
37 44 4684777.821
37 45 7731220.278
37 46 7382388.844
37 47 7397658.835
37 48 5120029.812
37 49 3899819.148
37 50 4359073.045
37 51 4691322.534
37 52 6418265.121
37 53 4027578.329
37 54 8073142.042
37 55 3869696.76
37 56 8489218.701
37 57 3167523.992
37 58 7208376.289
37 59 9694908.613
37 60 4046750.521
37 61 1910801.506
37 62 6582957.438
37 63 2749011.709
37 64 6283340.211
37 65 8909882.216
37 66 824405.0057
37 67 9266205.113
37 68 9910311.802
37 69 5141730.238
37 70 6266063.472
37 71 6803908.795
37 72 7963221.438
37 73 2118060.97
37 74 6255952.028
37 75 2657076.667
37 76 3188166.723
37 77 5880682.524
37 78 5962789.985
37 79 2518702.883
37 80 421546.9126
37 81 4791723.275
37 82 8146704.35
37 83 1576928.82
37 84 2419181.515
37 85 4672133.643
37 86 2524469.144
37 87 10208067.48
37 88 6593546.5
37 89 273364.1101
37 90 9591546.625
37 91 2881622.657
37 92 2970518.813
37 93 9498807.332
37 94 7459582.92
37 95 4374655.429
37 96 4070930.337
37 97 8551596.412
37 98 6636642.971
37 99 9479779.7
38 39 4095246.422
38 40 4652052.347
38 41 4510699.974
38 42 5243327.378
38 43 3687040.941
38 44 4210979.054
38 45 2389582.555
38 46 3687401.731
38 47 3524913.9
38 48 7670470.297
38 49 1903270.675
38 50 4824915.948
38 51 1089955.306
38 52 2130526.101
38 53 6072373.764
38 54 3283306.048
38 55 5423112.698
38 56 4381771.039
38 57 2477317.409
38 58 5177635.575
38 59 5317872.244
38 60 4343814.396
38 61 5197326.312
38 62 5417528.262
38 63 2668160.955
38 64 3068508.003
38 65 5306645.825
38 66 4662343.35
38 67 5217091.435
38 68 5252563.908
38 69 3044570.715
38 70 3835607.257
38 71 6504496.728
38 72 3717427.052
38 73 6001538
38 74 1665817.461
38 75 2805062.986
38 76 7277600.55
38 77 5266822.13
38 78 3775614.892
38 79 5488310.975
38 80 4995426.524
38 81 5127671.015
38 82 3820974.627
38 83 3867735.009
38 84 3479406.899
38 85 2408597.279
38 86 6582800.391
38 87 6026541.153
38 88 4355264.869
38 89 5661712.908
38 90 5627200.242
38 91 3325084.818
38 92 7527544.025
38 93 4689642.832
38 94 2764012.111
38 95 6915319.815
38 96 6000336.778
38 97 4648565.954
38 98 3328626.97
38 99 5257308.915
39 40 4000316.642
39 41 7735323.436
39 42 3191486.654
39 43 3928049.728
39 44 7725543.78
39 45 5599353.714
39 46 1828030.056
39 47 7590443.268
39 48 5143929.092
39 49 5093924.616
39 50 2438417.58
39 51 3283718.762
39 52 2434272.73
39 53 3926724.602
39 54 7039499.705
39 55 3378064.024
39 56 8348085.178
39 57 3648482.554
39 58 1166206.736
39 59 4047184.294
39 60 2400369.791
39 61 4723333.59
39 62 1396887.965
39 63 4526565.801
39 64 7144737.186
39 65 9345267.593
39 66 5881033.495
39 67 3420329.055
39 68 4519518.687
39 69 6880239.703
39 70 335292.6992
39 71 2618455.009
39 72 2687787.106
39 73 7878375.983
39 74 5729649.429
39 75 4238916.453
39 76 9179550.837
39 77 1603403.072
39 78 7738980.545
39 79 7748804.17
39 80 5893455.418
39 81 2329553.361
39 82 7755826.872
39 83 4939338.602
39 84 3886615.33
39 85 2038187.365
39 86 5665306.427
39 87 4326750.769
39 88 8372728.633
39 89 6326497.314
39 90 3640722.9
39 91 3399030.253
39 92 9123708.719
39 93 4398940.136
39 94 3055262.818
39 95 4679249.71
39 96 3813652.489
39 97 2739741.99
39 98 1254363.518
39 99 3733349.419
40 41 9161467.225
40 42 7097598.128
40 43 7026384.145
40 44 8823302.172
40 45 4153483.771
40 46 2190256.845
40 47 6955472.721
40 48 9143037.366
40 49 6508201.402
40 50 6362098.952
40 51 4786806.892
40 52 2887231.481
40 53 7887238.356
40 54 5737503.016
40 55 7294876.007
40 56 7216703.666
40 57 6147456.481
40 58 4071017.512
40 59 801483.8716
40 60 6188204.437
40 61 8250756.317
40 62 5037309.138
40 63 6805985.795
40 64 7145318.125
40 65 8328309.025
40 66 8698042.626
40 67 1254802.332
40 68 630384.8364
40 69 7553615.248
40 70 3721538.722
40 71 6223862.297
40 72 1383879.524
40 73 10402286.48
40 74 5516053.698
40 75 6726874.665
40 76 11722736.53
40 77 5535035.996
40 78 8085480
40 79 10002038.17
40 80 8885951.004
40 81 6317368.58
40 82 6646896.861
40 83 7746897.677
40 84 6889728.454
40 85 4650844.595
40 86 9412083.296
40 87 1565011.932
40 88 8506678.184
40 89 9468075.694
40 90 1564477.454
40 91 6472009.633
40 92 11865039.78
40 93 463337.9982
40 94 1921759.032
40 95 8667580.014
40 96 7776509.261
40 97 1467561.502
40 98 2913891.444
40 99 985516.4797
41 42 6944014.207
41 43 4610724.058
41 44 743085.8777
41 45 5933055.754
41 46 7997312.25
41 47 4236006.303
41 48 8858729.197
41 49 2748667.814
41 50 7027419.155
41 51 4667164.537
41 52 6516026.164
41 53 7447959.819
41 54 5445425.696
41 55 7021195.958
41 56 5232774.134
41 57 4177907.975
41 58 8900436.174
41 59 9824714.029
41 60 6532504.441
41 61 5475065.85
41 62 8713798.609
41 63 3319297.106
41 64 3117805.746
41 65 5299137.834
41 66 3427313.185
41 67 9682110.898
41 68 9756922.779
41 69 1981012.959
41 70 7600357.168
41 71 9427375.963
41 72 8182143.156
41 73 2855047.763
41 74 4102801.045
41 75 3692810.789
41 76 3640896.033
41 77 8229271.115
41 78 2326962.877
41 79 2055199.422
41 80 3875669.127
41 81 7479572.245
41 82 5111420.234
41 83 3674778.232
41 84 4484286
41 85 5699425.278
41 86 6529385.388
41 87 10522212.6
41 88 2779502.523
41 89 4337728.52
41 90 10084731.34
41 91 4843250.58
41 92 4182950.792
41 93 9180193.913
41 94 7270923.738
41 95 8047422.634
41 96 7444478.325
41 97 9067482.543
41 98 7452095.804
41 99 9749371.708
42 43 2337164.338
42 44 7241820.834
42 45 7470526.046
42 46 4912695.981
42 47 8529665.985
42 48 2429896.998
42 49 5040782.427
42 50 753374.3325
42 51 4153575.174
42 52 4776815.104
42 53 859154.2401
42 54 8524875.005
42 55 202394.896
42 56 9514466.294
42 57 3154404.676
42 58 3810342.269
42 59 7224290.923
42 60 977755.72
42 61 2012455.976
42 62 2943624.765
42 63 3786432.626
42 64 7700138.175
42 65 10303964.73
42 66 3955921.524
42 67 6611332.547
42 68 7656280.569
42 69 6949292.192
42 70 3412109.261
42 71 2921622.171
42 72 5725587.451
42 73 5943693.238
42 74 6796444.595
42 75 3384319.938
42 76 7083475.754
42 77 2180653.641
42 78 7901278.443
42 79 6122384.413
42 80 3732637.513
42 81 1013449.457
42 82 8994944.033
42 83 3315017.76
42 84 2483480.815
42 85 3012439.276
42 86 2544361.557
42 87 7516471.659
42 88 8597329.94
42 89 3889883.63
42 90 6827361.874
42 91 2236175.202
42 92 6833284.624
42 93 7455590.527
42 94 5742281.076
42 95 1714053.204
42 96 770120.4927
42 97 5924052.462
42 98 4187526.86
42 99 6919323.168
43 44 4908818.427
43 45 6075028.426
43 46 5070025.889
43 47 6531129.92
43 48 4463531.143
43 49 2879683.435
43 50 2462923.007
43 51 2726100.917
43 52 4210358.824
43 53 2923781.349
43 54 6802194.388
43 55 2427579.924
43 56 7577895.161
43 57 1212024.239
43 58 4972711.207
43 59 7400288.05
43 60 2011040.939
43 61 1511106.672
43 62 4467620.27
43 63 1518933.916
43 64 5585149.568
43 65 8252676.3
43 66 1965249.651
43 67 6952197.656
43 68 7648479.106
43 69 4711356.186
43 70 3956361.798
43 71 4940220.812
43 72 5681928.938
43 73 3996512.833
43 74 4972267.276
43 75 1135310.603
43 76 5271813.223
43 77 3841590.551
43 78 5658758.695
43 79 3992011.382
43 80 1972317.851
43 81 2923315.392
43 82 7115215.958
43 83 1083090.768
43 84 212788.5957
43 85 2379923.01
43 86 2899255.022
43 87 7895066.407
43 88 6353977.362
43 89 2470536.393
43 90 7272697.627
43 91 562613.1318
43 92 5195675.208
43 93 7271687.709
43 94 5266492.982
43 95 3644480.818
43 96 2899954.217
43 97 6236209.034
43 98 4319463.634
43 99 7174329.902
44 45 5388960.597
44 46 7816045.759
44 47 3521166.389
44 48 9271750.656
44 49 2636308.63
44 50 7251715.262
44 51 4536121.408
44 52 6293460.752
44 53 7806698.398
44 54 4780963.339
44 55 7336388.249
44 56 4500328.375
44 57 4302548.522
44 58 8890500.006
44 59 9517116.733
44 60 6742288.066
44 61 5919281.439
44 62 8789917.411
44 63 3497906.262
44 64 2427598.32
44 65 4557317.33
44 66 3965255.288
44 67 9426366.993
44 68 9402611.715
44 69 1378015.474
44 70 7561470.686
44 71 9583517.803
44 72 7925270.199
44 73 3586872.096
44 74 3567390.821
44 75 3893661.423
44 76 4378072.005
44 77 8358330.976
44 78 1588112.208
44 79 2788668.719
44 80 4428244.441
44 81 7693224.209
44 82 4400010.115
44 83 4067193.763
44 84 4758765.862
44 85 5691613.422
44 86 7051232.882
44 87 10234638.31
44 88 2043741.736
44 89 4939917.582
44 90 9835167.959
44 91 5065705.583
44 92 4925748.419
44 93 8808392.927
44 94 6968281.988
44 95 8453241.101
44 96 7793432.001
44 97 8841667.635
44 98 7324183.97
44 99 9467072.452
45 46 4409532.341
45 47 2823445.054
45 48 9894431.003
45 49 3929266.264
45 50 6956573.141
45 51 3399713.24
45 52 3167804.552
45 53 8321277.982
45 54 1621517.007
45 55 7661131.715
45 56 3098414.719
45 57 4866599.99
45 58 6450379.927
45 59 4951702.452
45 60 6521326.687
45 61 7584128.403
45 62 6996177.015
45 63 4995642.222
45 64 3235549.124
45 65 4205921.139
45 66 6945599.909
45 67 5187745.949
45 68 4586578.7
45 69 4011630.963
45 70 5276826.792
45 71 8204272.054
45 72 3944142.059
45 73 8023780.506
45 74 1830380.085
45 75 5174709.537
45 76 9214007.163
45 77 7056470.814
45 78 4254528.424
45 79 7396646.228
45 80 7313085.347
45 81 7186825.366
45 82 2511119.877
45 83 6215949.918
45 84 5868174.937
45 85 4478703.507
45 86 8967347.565
45 87 5717768.93
45 88 4535278.738
45 89 7985825.936
45 90 5585227.087
45 91 5694589.362
45 92 9562377.965
45 93 3949563.582
45 94 2924643.802
45 95 9175035.989
45 96 8239416.323
45 97 4888428.416
45 98 4467834.264
45 99 5058205.723
46 47 6846532.775
46 48 6968578.008
46 49 5248687.451
46 50 4173759.621
46 51 3337191.981
46 52 1558968.97
46 53 5697234.419
46 54 5991051.156
46 55 5108829.246
46 56 7418056.837
46 57 4380227.193
46 58 2186831.305
46 59 2365939.596
46 60 4019272.52
46 61 6170818.836
46 62 3010101.49
46 63 5162561.609
46 64 6672789.379
46 65 8490341.575
46 66 6887683.72
46 67 1884077.89
46 68 2744869.156
46 69 6726036.024
46 70 1535144.467
46 71 4249763.431
46 72 862372.6743
46 73 8745981.396
46 74 5081485.882
46 75 4992576.159
46 76 10074752.29
46 77 3406138.028
46 78 7454469.382
46 79 8461117.69
46 80 7008464.717
46 81 4129590.199
46 82 6815335.512
46 83 5918877.37
46 84 4963261.815
46 85 2719986.416
46 86 7271717.966
46 87 2825722.954
46 88 8006280.479
46 89 7540431.162
46 90 2224634.517
46 91 4507412.966
46 92 10130438.24
46 93 2574402.584
46 94 1517194.387
46 95 6478603.272
46 96 5586382.259
46 97 1172669.504
46 98 764369.5619
46 99 2110996.123
47 48 10901314.86
47 49 3681179.449
47 50 8223703.746
47 51 4527555.578
47 52 5361843.62
47 53 9301237.02
47 54 1488966.786
47 55 8688363.637
47 56 1091560.202
47 57 5422662.085
47 58 8625387.041
47 59 7747393.929
47 60 7716121.848
47 61 7950283.963
47 62 8935346.539
47 63 5069531.338
47 64 1156331.649
47 65 1791993.152
47 66 6576334.357
47 67 7921835.546
47 68 7407396.555
47 69 2370259.29
47 70 7311685.447
47 71 10028864.73
47 72 6563516.41
47 73 6921342.959
47 74 1863585.444
47 75 5411180.696
47 76 7864386.14
47 77 8788052.426
47 78 1976599.72
47 79 6158360.639
47 80 7029920.846
47 81 8569346.448
47 82 880202.0063
47 83 6186529.849
47 84 6323330.831
47 85 5907919.687
47 86 9299369.94
47 87 8514047.513
47 88 1931644.557
47 89 7671018.021
47 90 8329530.679
47 91 6370423.475
47 92 8367466.142
47 93 6770328.467
47 94 5502362.174
47 95 10102890.46
47 96 9246936.262
47 97 7537383.004
47 98 6683285.881
47 99 7827301.85
48 49 7321421.033
48 50 2975129.79
48 51 6581311.804
48 52 7102240.779
48 53 1604956.434
48 54 10949641.91
48 55 2247363.598
48 56 11907157.34
48 57 5482098.042
48 58 5333183.906
48 59 9130252.717
48 60 3374918.211
48 61 3391231.326
48 62 4303748.821
48 63 5982149.754
48 64 10018738.71
48 65 12659604.74
48 66 5523456.567
48 67 8449466.76
48 68 9647020.731
48 69 9174792.769
48 70 5435445.529
48 71 3512084.871
48 72 7822697.693
48 73 7220149.819
48 74 9203866.771
48 75 5592776.952
48 76 8101908.872
48 77 3652883.224
48 78 10121364.54
48 79 7620712.303
48 80 5148787.004
48 81 2870339.132
48 82 11399399.72
48 83 5205162.634
48 84 4653404.1
48 85 5422599.145
48 86 2716236.2
48 87 9280712.736
48 88 10815980.28
48 89 4987402.784
48 90 8584332.75
48 91 4535324.225
48 92 7671463.376
48 93 9542212.391
48 94 8005618.392
48 95 821593.2627
48 96 1670806.659
48 97 7823242.665
48 98 6315794.429
48 99 8793305.452
49 50 4886797.863
49 51 1921694.848
49 52 3779610.141
49 53 5745351.137
49 54 4179998.336
49 55 5175673.301
49 56 4751265.009
49 57 1893545.202
49 58 6257481.504
49 59 7133617.112
49 60 4364764.724
49 61 4269610.528
49 62 6200492.293
49 63 1389375.656
49 64 2705483.864
49 65 5376519.101
49 66 3084561.262
49 67 6952748.364
49 68 7120329.91
49 69 1931893.815
49 70 4925371.217
49 71 7071403.853
49 72 5457854.514
49 73 4140336.831
49 74 2356177.436
49 75 1746028.806
49 76 5392249.532
49 77 5824300.773
49 78 2877475.971
49 79 3591653.6
49 80 3496981.482
49 81 5296769.913
49 82 4335020.238
49 83 2532495.901
49 84 2678617.419
49 85 3066727.867
49 86 5620317.131
49 87 7811400.147
49 88 3569749.335
49 89 4167015.095
49 90 7351411.903
49 91 2809075.341
49 92 5677147.491
49 93 6574381.752
49 94 4592660.484
49 95 6507991.233
49 96 5705022.969
49 97 6326109.291
49 98 4712580.943
49 99 7036994.557
50 51 3743073.33
50 52 4132541.461
50 53 1532359.085
50 54 8101508.996
50 55 940796.3711
50 56 9169461.072
50 57 3003104.348
50 58 3088255.105
50 59 6474779.056
50 60 522116.2797
50 61 2565470.791
50 62 2279542.489
50 63 3754052.365
50 64 7468467.303
50 65 10011836
50 66 4291998.36
50 67 5858552.712
50 68 6914500.855
50 69 6817873.923
50 70 2663697.768
50 71 2493784.062
50 72 4995967.733
50 73 6324748.239
50 74 6435539.415
50 75 3358566.77
50 76 7523916.977
50 77 1538255.804
50 78 7764131.561
50 79 6417875.594
50 80 4138879.367
50 81 460751.0181
50 82 8628955.092
50 83 3527054.636
50 84 2556105.504
50 85 2479397.908
50 86 3273183.042
50 87 6763097.378
50 88 8455187.732
50 89 4391703.876
50 90 6074087.372
50 91 2189034.298
50 92 7327115.218
50 93 6727583.267
50 94 5063809.664
50 95 2353116.885
50 96 1425006.729
50 97 5172819.483
50 98 3459061.188
50 99 6167904.955
51 52 1933764.414
51 53 4984585.954
51 54 4373014.675
51 55 4333974.454
51 56 5435763.464
51 57 1562582.559
51 58 4426685.998
51 59 5340836.614
51 60 3256757.726
51 61 4217476.706
51 62 4518488.957
51 63 2040103.534
51 64 3916461.401
51 65 6319166.129
51 66 4009094.161
51 67 5091972.643
51 68 5414443.234
51 69 3600048.454
51 70 3074798.301
51 71 5536767.573
51 72 3619202.273
51 73 5616910.144
51 74 2701547.199
51 75 2036814.795
51 76 6935999.321
51 77 4284399.211
51 78 4456745.251
51 79 5226675.735
51 80 4273659.538
51 81 4059356.521
51 82 4887859.429
51 83 3114402.061
51 84 2529433.439
51 85 1389227.443
51 86 5588856.759
51 87 5980197.425
51 88 5098303.182
51 89 4914473.638
51 90 5480879.621
51 91 2303334.801
51 92 7093215.063
51 93 4926909.607
51 94 2876787.997
51 95 5829487.308
51 96 4911578.911
51 97 4440617.214
51 98 2792111.992
51 99 5208094.754
52 53 5629612.387
52 54 4649245.501
52 55 4978767.117
52 56 6015637.691
52 57 3265569.873
52 58 3316965.897
52 59 3408540.578
52 60 3800846.096
52 61 5543170.498
52 62 3830208.183
52 63 3924136.485
52 64 5124746.148
52 65 7057192.545
52 66 5814117.869
52 67 3174189.671
52 68 3517615.333
52 69 5173161.761
52 70 2109457.095
52 71 5047884.133
52 72 1687693.444
52 73 7527652.591
52 74 3555417.206
52 75 3840004.121
52 76 8852138.771
52 77 3939734.214
52 78 5895581.132
52 79 7158674.835
52 80 6015318.09
52 81 4259675.416
52 82 5415068.991
52 83 4868427.31
52 84 4056434.546
52 85 1904726.876
52 86 6807152.793
52 87 4049170.547
52 88 6451280.96
52 89 6613302.626
52 90 3571801.931
52 91 3673236.245
52 92 8980317.091
52 93 3080628.663
52 94 1057133.23
52 95 6474141.138
52 96 5530840.731
52 97 2552862.642
52 98 1335210.955
52 99 3275998.115
53 54 9348569.851
53 55 662002.8444
53 56 10303324.55
53 57 3887801
53 58 4399567.148
53 59 7973907.119
53 60 1835509.412
53 61 2132291.263
53 62 3444722.342
53 63 4431622.443
53 64 8433411.091
53 65 11064098.92
53 66 4255350.903
53 67 7337648.706
53 68 8432010.721
53 69 7622930.124
53 70 4174864.697
53 71 3110331.384
53 72 6525538.103
53 73 6138013.873
53 74 7598932.545
53 75 4035343.861
53 76 7180265.658
53 77 2690581.371
53 78 8573247.8
53 79 6419196.183
53 80 3951838.327
53 81 1611203.226
53 82 9794487.951
53 83 3773699.145
53 84 3101226.22
53 85 3870497.681
53 86 2140958.767
53 87 8223924.91
53 88 9269417.313
53 89 3963321.57
53 90 7529260.446
53 91 2944230.163
53 92 6853595.652
53 93 8257336.485
53 94 6584297.022
53 95 855712.0726
53 96 114431.7944
53 97 6665880.007
53 98 4989838.005
53 99 7658085.566
54 55 8702839.106
54 56 1481959.814
54 57 5608278.49
54 58 7965084.627
54 59 6538719.459
54 60 7625728.101
54 61 8295803.603
54 62 8429592.955
54 63 5484519.208
54 64 2363796.532
54 65 2593103.94
54 66 7252484.712
54 67 6803009.073
54 68 6131310.571
54 69 3472391.468
54 70 6730231.376
54 71 9602191.808
54 72 5561435.139
54 73 7934800.415
54 74 1845137.79
54 75 5758304.622
54 76 8992102.771
54 77 8407471.63
54 78 3348647.367
54 79 7217157.777
54 80 7674811.789
54 81 8387640.146
54 82 913715.4164
54 83 6689916.088
54 84 6589410.659
54 85 5649887.162
54 86 9681007.859
54 87 7301749.946
54 88 3408644.733
54 89 8342326.077
54 90 7197270.147
54 91 6525111.637
54 92 9437521.803
54 93 5498275.609
54 94 4530505.736
54 95 10186492.69
54 96 9278885.403
54 97 6509433.669
54 98 5979061.081
54 99 6662295.458
55 56 9679370.521
55 57 3296524.882
55 58 3967972.198
55 59 7415466.984
55 60 1178914.217
55 61 1968234.775
55 62 3079137.344
55 63 3900652.696
55 64 7845826.947
55 65 10459104.04
55 66 3972423.511
55 67 6798393.001
55 68 7851627.158
55 69 7075812.056
55 70 3603958.046
55 71 2983813.581
55 72 5924079.148
55 73 5938742.613
55 74 6965870.945
55 75 3499473.118
55 76 7056683.423
55 77 2313932.901
55 78 8027769.363
55 79 6143457.364
55 80 3727669.086
55 81 1153861.168
55 82 9163641.974
55 83 3372190.334
55 84 2584714.361
55 85 3208598.89
55 86 2396788.776
55 87 7700462.87
55 88 8724144.354
55 89 3850006.072
55 90 7010132.594
55 91 2366794.898
55 92 6788230.741
55 93 7654510.203
55 94 5944654.891
55 95 1517714.769
55 96 578934.3579
55 97 6113575.557
55 98 4386027.551
55 99 7108616.364
56 57 6444688.393
56 58 9326683.468
56 59 8018121.497
56 60 8670704.757
56 61 9014694.09
56 62 9721382.18
56 63 6135628.83
56 64 2230437.544
56 65 1111687.392
56 66 7667853.48
56 67 8284105.456
56 68 7599592.379
56 69 3436790.425
56 70 8051859.204
56 71 10856661.71
56 72 7025471.21
56 73 7973362.347
56 74 2734871.241
56 75 6467526.329
56 76 8873300.863
56 77 9633269.046
56 78 2915717.563
56 79 7200575.127
56 80 8121117.581
56 81 9495078.107
56 82 602845.9417
56 83 7267860.252
56 84 7368241.549
56 85 6790145.643
56 86 10371503.94
56 87 8780151.394
56 88 2670274.439
56 89 8762578.038
56 90 8679004.836
56 91 7390272.906
56 92 9397049.612
56 93 6968948.053
56 94 5984022.143
56 95 11116606.59
56 96 10244560.68
56 97 7980217.177
56 98 7350825.37
56 99 8144147.048
57 58 4795243.516
57 59 6609817.856
57 60 2482415.239
57 61 2723087.582
57 62 4537679.177
57 63 881764.3659
57 64 4549709.535
57 65 7177602.232
57 66 2550870.34
57 67 6247625.892
57 68 6777327.835
57 69 3819195.06
57 70 3573450.994
57 71 5281052.642
57 72 4865765.02
57 73 4368319.999
57 74 3791318.27
57 75 615709.1761
57 76 5696146.469
57 77 4061480.997
57 78 4768428.465
57 79 4136527.647
57 80 2757609.589
57 81 3424794.985
57 82 5959998.889
57 83 1603944.81
57 84 1002678.211
57 85 1703513.009
57 86 4111181.366
57 87 7176756.55
57 88 5462117.733
57 89 3377479.329
57 90 6603481.933
57 91 947788.4437
57 92 5758849.869
57 93 6343553.681
57 94 4297056.762
57 95 4680500.137
57 96 3839695.997
57 97 5548713.051
57 98 3683835.64
57 99 6424428.285
58 59 3885330.966
58 60 3220170.576
58 61 5582853.744
58 62 1032879.657
58 63 5676034.265
58 64 8243440.73
58 65 10353888.92
58 66 6937692.299
58 67 3170217.826
58 68 4473815.864
58 69 8026723.455
58 70 1354274.677
58 71 2153614.672
58 72 2981996.449
58 73 8958436.885
58 74 6777213.655
58 75 5375616.092
58 76 10244154.17
58 77 1720710.543
58 78 8872243.993
58 79 8865716.938
58 80 6910913.12
58 81 2818927.845
58 82 8727656.501
58 83 6017165.903
58 84 4954876.163
58 85 3204381.682
58 86 6353941.476
58 87 3955813.47
58 88 9495710.668
58 89 7294216.659
58 90 3262776.876
58 91 4469957.927
58 92 10152010.1
58 93 4518783.77
58 94 3668882.846
58 95 5031720.77
58 96 4285784.048
58 97 2627461.638
58 98 1986897.25
58 99 3531234.499
59 60 6363271.319
59 61 8536219.411
59 62 4900740.645
59 63 7320844.959
59 64 7908931.345
59 65 9129742.087
59 66 9154042.038
59 67 734208.3399
59 68 681944.5398
59 69 8272465.338
59 70 3812280.363
59 71 6020485.236
59 72 1744542.067
59 73 10927825.85
59 74 6273836.819
59 75 7206736.581
59 76 12254526.95
59 77 5480899.335
59 78 8834809.065
59 79 10567041.32
59 80 9309374.635
59 81 6373235.506
59 82 7447751.394
59 83 8191251.591
59 84 7280354.747
59 85 5024570.489
59 86 9628469.898
59 87 766765.2195
59 88 9272494.746
59 89 9864986.983
59 90 875947.0155
59 91 6839001.511
59 92 12362384.2
59 93 1131164.118
59 94 2554163.195
59 95 8716901.867
59 96 7860826.67
59 97 1310833.32
59 98 3129956.777
59 99 362976.6827
60 61 2363659.218
60 62 2536406.577
60 63 3244607.192
60 64 6950198.402
60 65 9502510.396
60 66 3903640.58
60 67 5782733.478
60 68 6762001.535
60 69 6295957.709
60 70 2570025.935
60 71 2931315.555
60 72 4807908.802
60 73 5945986.342
60 74 5938932.39
60 75 2852085.797
60 76 7175255.278
60 77 1853507.039
60 78 7242057.079
60 79 5995942.411
60 80 3792021.22
60 81 950980.7467
60 82 8135305.575
60 83 3090096.099
60 84 2083313.676
60 85 2047915.356
60 86 3274529.048
60 87 6706343.27
60 88 7933072.112
60 89 4106692.988
60 90 6028407.26
60 91 1689255.802
60 92 7015400.803
60 93 6531101.01
60 94 4775420.275
60 95 2688111.328
60 96 1741896.052
60 97 5080077.064
60 98 3274922.431
60 99 6073237.734
61 62 4841561.816
61 63 2880752.888
61 64 6949945.788
61 65 9632262.852
61 66 2148151.602
61 67 8014096.596
61 68 8857347.976
61 69 5975089.85
61 70 4845931.899
61 71 4934019.668
61 72 6874900.222
61 73 4009302.646
61 74 6458105.014
61 75 2553124.01
61 76 5092106.678
61 77 4103397.805
61 78 6898521.072
61 79 4295301.111
61 80 1820572.403
61 81 2964650.345
61 82 8573467.016
61 83 1872423.119
61 84 1721043.987
61 85 3643870.058
61 86 1389254.861
61 87 8952727.441
61 88 7582166.316
61 89 1881781.657
61 90 8293462.69
61 91 1928920.117
61 92 4822171.128
61 93 8537909.269
61 94 6595963.867
61 95 2591899.555
61 96 2168057.066
61 97 7298729.06
61 98 5406491.345
61 99 8275365.83
62 63 5409563.216
62 64 8428312.679
62 65 10702966.49
62 66 6412719.478
62 67 4193170.792
62 68 5471594.79
62 69 8063805.913
62 70 1721672.13
62 71 1248107.964
62 72 3855668.362
62 73 8455060.446
62 74 7071764.528
62 75 5065124.268
62 76 9702669.079
62 77 765374.2428
62 78 8956234.944
62 79 8447365.984
62 80 6324729.613
62 81 1930273.974
62 82 9132539.439
62 83 5546005.943
62 84 4490943.271
62 85 3162952.937
62 86 5475307.429
62 87 4988633.63
62 88 9610358.18
62 89 6637900.621
62 90 4295207.564
62 91 4026993.031
62 92 9551794.155
62 93 5474151.086
62 94 4389813.758
62 95 4030337.796
62 96 3332800.595
62 97 3621887.037
62 98 2596990.073
62 99 4550372.826
63 64 4084274.863
63 65 6761857.033
63 66 2003036.731
63 67 7005380.842
63 68 7435697.696
63 69 3193618.435
63 70 4442149.084
63 71 6111779.137
63 72 5579723.024
63 73 3607069.068
63 74 3639655.1
63 75 402266.7493
63 76 4934573.803
63 77 4910044.793
63 78 4142504.728
63 79 3302878.49
63 80 2327954.81
63 81 4195586.672
63 82 5704887.281
63 83 1225046.237
63 84 1331128.233
63 85 2550436.979
63 86 4238204.904
63 87 7921842.539
63 88 4838368.052
63 89 2996593.107
63 90 7374303.853
63 91 1572056.626
63 92 5059865.66
63 93 6962380.36
63 94 4909143.359
63 95 5163383.979
63 96 4401389.716
63 97 6319654.397
63 98 4495606.467
63 99 7158878.285
64 65 2682998.508
64 66 5466551.408
64 67 7977715.725
64 68 7660001.877
64 69 1214030.751
64 70 6896625.274
64 71 9448403.493
64 72 6534515.304
64 73 5766164.827
64 74 1639692.032
64 75 4450956.404
64 76 6727074.228
64 77 8193250.37
64 78 1027977.004
64 79 5006316.995
64 80 5926200.858
64 81 7845717.359
64 82 2008599.467
64 83 5140197.008
64 84 5383831.075
64 85 5300093.977
64 86 8272986.013
64 87 8666278.895
64 88 1364672.819
64 89 6556503.124
64 90 8392301.367
64 91 5489302.263
64 92 7219259.198
64 93 7031460.878
64 94 5485125.536
64 95 9208215.051
64 96 8388081.133
64 97 7507188.594
64 98 6385170.65
64 99 7936356.907
65 66 8103568.964
65 67 9393232.269
65 68 8708124.143
65 69 3768153.542
65 70 9058209.27
65 71 11810407.65
65 72 8121682.182
65 73 8135625.546
65 74 3640928.31
65 75 7121786.546
65 76 8900048.831
65 77 10573178.91
65 78 3013814.152
65 79 7341105.731
65 80 8569074.13
65 81 10360370.87
65 82 1696321.461
65 83 7820638.681
65 84 8048463.495
65 85 7697855.421
65 86 10955111.27
65 87 9891603.49
65 88 2532424.108
65 89 9181572.991
65 90 9789078.57
65 91 8124347.308
65 92 9473773.732
65 93 8078401.907
65 94 7074733.901
65 95 11855433.4
65 96 11012939.33
65 97 9080604.554
65 98 8389945.453
65 99 9255381.617
66 67 8767728.786
66 68 9328021.316
66 69 4336757.378
66 70 5889399.004
66 71 6783095.77
66 72 7411583.469
66 73 2043335.157
66 74 5440232.764
66 75 1982101.178
66 76 3306573.491
66 77 5756617
66 78 5177251.351
66 79 2172082.513
66 80 470469.162
66 81 4746130.113
66 82 7322520.632
66 83 969086.8004
66 84 1994767.437
66 85 4169129.416
66 86 3102080.103
66 87 9703570.269
66 88 5820873.986
66 89 1096981.059
66 90 9110828.696
66 91 2482189.355
66 92 3258253.233
66 93 8887854.466
66 94 6836646.142
66 95 4735125.041
66 96 4277740.238
66 97 8060305.268
66 98 6162115.914
66 99 8959186.797
67 68 1392482.148
67 69 8234854.731
67 70 3213633.191
67 71 5295395.72
67 72 1501786.913
67 73 10604037.58
67 74 6338687.357
67 75 6856222.819
67 76 11933259.33
67 77 4796607.925
67 78 8861060.62
67 79 10289087.55
67 80 8892490.359
67 81 5729489.587
67 82 7698859.454
67 83 7799434.99
67 84 6847165.153
67 85 4602749.831
67 86 9056893.032
67 87 943446.5544
67 88 9341024.202
67 89 9422731.395
67 90 415036.0934
67 91 6389654.164
67 92 12004585.49
67 93 1693632.75
67 94 2500647.538
67 95 8061455.496
67 96 7223854.997
67 97 717750.7481
67 98 2634311.701
67 99 371240.8888
68 69 8116680.181
68 70 4257325.82
68 71 6622706.731
68 72 1982449.236
68 73 11030702.91
68 74 6043162.385
68 75 7357230.703
68 76 12350411.28
68 77 6013607.642
68 78 8617787.574
68 79 10625821.07
68 80 9514147.952
68 81 6847428.643
68 82 7044838.211
68 83 8376240.827
68 84 7513965.582
68 85 5270729.124
68 86 10001893.37
68 87 1274642.714
68 88 9015595.504
68 89 10093972.75
68 90 1554901.519
68 91 7092725.197
68 92 12494987.53
68 93 637085.6005
68 94 2544031.405
68 95 9198244.983
68 96 8320233.261
68 97 1849782.626
68 98 3489413.433
68 99 1029507.885
69 70 6674564.288
69 71 8981248.539
69 72 6743445.077
69 73 4552839.13
69 74 2194578.853
69 75 3587674.877
69 76 5536369.345
69 77 7728728.679
69 78 952025.9512
69 79 3797020.813
69 80 4803500.464
69 81 7228629.416
69 82 3216643.731
69 83 4119101.007
69 84 4524516.011
69 85 4902251.636
69 86 7250519.46
69 87 9006229.412
69 88 1648333.705
69 89 5413471.371
69 90 8647966.627
69 91 4713136.744
69 92 6013896.314
69 93 7510370.564
69 94 5745670.974
69 95 8355189.79
69 96 7589818.72
69 97 7687532.777
69 98 6312144.376
69 99 8247564.702
70 71 2950613.352
70 72 2387352.347
70 73 7863087.714
70 74 5454677.953
70 75 4176479.605
70 76 9173961.417
70 77 1932104.529
70 78 7517969.94
70 79 7699848.609
70 80 5928469.98
70 81 2595830.375
70 82 7457506.208
70 83 4935302.572
70 84 3897259.157
70 85 1908318.71
70 86 5844553.937
70 87 4136564.756
70 88 8142386.83
70 89 6388822.137
70 90 3461389.542
70 91 3412076.57
70 92 9143226.386
70 93 4109414.105
70 94 2721236.905
70 95 4946280.426
70 96 4062962.107
70 97 2515794.135
70 98 922728.3568
70 99 3510959.046
71 72 5087109.588
71 73 8809904.353
71 74 8169656.266
71 75 5734630.719
71 76 9986924.399
71 77 1256693.388
71 78 9900583.635
71 79 8911025.956
71 80 6611759.012
71 81 2037105.468
71 82 10275195.99
71 83 6014289.51
71 84 5013751.259
71 85 4148994.735
71 86 5250262.441
71 87 6020192.963
71 88 10572227.68
71 89 6808923.647
71 90 5343103.567
71 91 4600999.625
71 92 9753220.944
71 93 6669699.763
71 94 5637312.185
71 95 3459043.375
71 96 3014995.457
71 97 4779725.033
71 98 3841522.199
71 99 5662016.272
72 73 9186712.182
72 74 4902334.766
72 75 5462197.286
72 76 10514222.88
72 77 4268383.211
72 78 7391866.106
72 79 8838515.456
72 80 7573923.498
72 81 4973846.335
72 82 6427842.576
72 83 6450272.4
72 84 5554502.462
72 85 3302019.132
72 86 8028315.895
72 87 2361530.452
72 88 7892857.602
72 89 8138837.871
72 90 1909994.441
72 91 5123259.264
72 92 10617932.52
72 93 1731798.712
72 94 1061962.497
72 95 7318223.553
72 96 6415889.855
72 97 976613.6979
72 98 1538068.553
72 99 1588892.489
73 74 6293290.377
73 75 3754040.372
73 76 1329231.863
73 77 7799315.616
73 78 5130478.842
73 79 800069.3959
73 80 2211575.417
73 81 6775288.076
73 82 7767969.032
73 83 2941925.413
73 84 4003569.349
73 85 6061688.481
73 86 4560510.706
73 87 11525299.08
73 88 5630564.448
73 89 2232781.189
73 90 10966583.98
73 91 4488890.189
73 92 1539419.019
73 93 10539450.83
73 94 8493155.246
73 95 6487945.625
73 96 6177044.561
73 97 9911296.974
73 98 8051254.685
73 99 10764364.38
74 75 3915169.89
74 76 7440284.333
74 77 6932618.925
74 78 2574972.044
74 79 5628841.743
74 80 5851951.394
74 81 6760524.565
74 82 2198798.514
74 83 4847975.457
74 84 4759607.159
74 85 4065331.022
74 86 7841043.98
74 87 7029343.614
74 88 3004167.315
74 89 6522824.533
74 90 6753148.233
74 91 4722858.709
74 92 7823865.585
74 93 5419851.793
74 94 3849056.925
74 95 8424022.405
74 96 7535859.167
74 97 5877030.725
74 98 4856488.522
74 99 6297120.909
75 76 5082399.659
75 77 4544075.549
75 78 4537927.864
75 79 3525778.362
75 80 2238064.402
75 81 3802805.135
75 82 6020567.876
75 83 1081490.079
75 84 939451.2241
75 85 2318251.47
75 86 3928665.435
75 87 7782899.236
75 88 5234153.488
75 89 2886330.059
75 90 7214712.126
75 91 1172573.683
75 92 5156184.368
75 93 6908254.037
75 94 4855833.171
75 95 4775483.576
75 96 4003439.091
75 97 6159621.653
75 98 4299255.004
75 99 7027669.199
76 77 9025969.686
76 78 5966064.126
76 79 1817714.247
76 80 3386434.34
76 81 7965050.401
76 82 8733577.192
76 83 4240865.518
76 84 5294810.475
76 85 7386643.334
76 86 5387734.565
76 87 12854228.33
76 88 6367681.396
76 89 3219028.543
76 90 12295689.54
76 91 5782153.275
76 92 687056.5765
76 93 11852757.45
76 94 9810230.601
76 95 7425621.458
76 96 7232167.2
76 97 11240410.95
76 98 9377982.89
76 99 12092851.66
77 78 8645644.624
77 79 7833599.59
77 80 5640509.531
77 81 1167354.974
77 82 9056833.437
77 83 4924678.856
77 84 3887918.187
77 85 2895513.124
77 86 4709944.298
77 87 5634660.791
77 88 9316236.082
77 89 5923174.73
77 90 4937416.537
77 91 3445871.078
77 92 8851132.154
77 93 5952804.505
77 94 4648913.34
77 95 3312301.578
77 96 2577741.609
77 97 4177568.742
77 98 2854812.216
77 99 5141549.149
78 79 4340658.714
78 80 5647406.183
78 81 8171540.907
78 82 2854949.565
78 83 5033103.645
78 84 5473632.536
78 85 5793894.593
78 86 8151918.285
78 87 9584902.203
78 88 696452.6453
78 89 6230996.943
78 90 9276053.566
78 91 5665111.406
78 92 6507403.779
78 93 7994813.609
78 94 6360441.056
78 95 9301166.484
78 96 8540823.337
78 97 8354844.126
78 98 7095884.24
78 99 8842018.405
79 80 2480965.462
79 81 6876744.05
79 82 7013202.333
79 83 2908932.279
79 84 3956487.738
79 85 5838429.069
79 86 5039434.665
79 87 11194607.01
79 88 4832012.515
79 89 2698221.836
79 90 10664783.69
79 91 4424211.629
79 92 2221377.491
79 93 10109417.85
79 94 8081791.701
79 95 6855006.692
79 96 6445127.203
79 97 9611933.756
79 98 7798347.572
79 99 10425796.65
80 81 4582975.661
80 82 7766847.416
80 83 1160004.353
80 84 2050249.99
80 85 4292070.161
80 86 2660459.481
80 87 9833047.872
80 88 6291320.093
80 89 674074.8145
80 90 9223337.417
80 91 2524412.634
80 92 3241296.608
80 93 9095827.578
80 94 7053270.674
80 95 4375669.216
80 96 3984045.842
80 97 8179577.608
80 98 6267950.759
80 99 9099776.918
81 82 8945186.513
81 83 3987673.371
81 84 3014082.725
81 85 2738780.179
81 86 3549917.781
81 87 6612882.766
81 88 8860093.021
81 89 4814196.42
81 90 5918080.656
81 91 2637444.32
81 92 7755203.851
81 93 6701986.874
81 94 5137985.089
81 95 2351134.318
81 96 1496928.52
81 97 5063357.479
81 98 3453023.723
81 99 6053295.625
82 83 6866061.703
82 84 6903922.031
82 85 6228553.065
82 86 9942126.157
82 87 8211632.078
82 88 2754806.751
82 89 8419498.396
82 90 8096019.516
82 91 6900788.122
82 92 9227638.658
82 93 6411535.898
82 94 5384126.337
82 95 10615756.2
82 96 9732609.487
82 97 7385019.644
82 98 6750276.198
82 99 7565760.876
83 84 1063608.981
83 85 3200064.094
83 86 3136860.034
83 87 8735889.671
83 88 5713569.947
83 89 1805044.995
83 90 8141820.328
83 91 1547219.478
83 92 4223892.099
83 93 7947315.15
83 94 5900836.2
83 95 4387769.488
83 96 3772404.647
83 97 7091528.471
83 98 5193151.784
83 99 7993076.935
84 85 2255788.877
84 86 3109860.59
84 87 7788907.432
84 88 6169480.613
84 89 2584863.689
84 90 7174535.498
84 91 487598.8714
84 92 5245977.885
84 93 7126126.973
84 94 5110597.12
84 95 3836043.99
84 96 3072912.835
84 97 6132892.955
84 98 4219113.261
84 99 7061464.769
85 86 4903839.69
85 87 5541929.756
85 88 6451483.275
85 89 4840473.166
85 90 4941846.737
85 91 1822170.451
85 92 7417882.879
85 93 4910978.383
85 94 2953154.576
85 95 4726108.089
85 96 3782262.37
85 97 3892557.974
85 98 1995677.309
85 99 4808157.73
86 87 9980711.156
86 88 8823096.94
86 89 2345983.793
86 90 9301415.383
86 91 3287370.28
86 92 4957976.176
86 93 9728240.449
86 94 7847315.592
86 95 2094040.642
86 96 2235331.065
86 97 8352516.348
86 98 6515277.519
86 99 9344212.497
87 88 10030449.31
87 89 10365595.69
87 90 697439.1
87 91 7332487.487
87 92 12935410.75
87 93 1847250.386
87 94 3266913.618
87 95 8927440.897
87 96 8109724.718
87 97 1661025.013
87 98 3577723.379
87 99 774470.6767
88 89 6859001.843
88 90 9755730.825
88 91 6361155.245
88 92 6943528.192
88 93 8385035.868
88 94 6846413.729
88 95 9995544.863
88 96 9237184.83
88 97 8863767.196
88 98 7683888.171
88 99 9301027.343
89 90 9741846.483
89 91 3033108.522
89 92 2944423.072
89 93 9692372.566
89 94 7659152.993
89 95 4261095.067
89 96 4013597.763
89 97 8706668.238
89 98 6789735.667
89 99 9643365.63
90 91 6710914.107
90 92 12355057.5
90 93 1968673.212
90 94 2915620.989
90 95 8230309.171
90 96 7415006.221
90 97 1055295.821
90 98 2955457.685
90 99 580388.974
91 92 5731511.247
91 93 6723673.242
91 94 4730354.435
91 95 3732736.952
91 96 2899361.301
91 97 5673755.471
91 98 3757175.868
91 99 6611939.88
92 93 12019934.72
92 94 9967908.645
92 95 7030892.69
92 96 6914081.843
92 97 11301907.92
92 98 9413292.872
92 99 12182888.87
93 94 2054069.002
93 95 9048543.841
93 96 8147675.572
93 97 1927965.057
93 98 3268880.526
93 99 1390504.291
94 95 7416756.333
94 96 6481427.321
94 97 2038068.337
94 98 1803013.474
94 99 2502888.939
95 96 946254.6882
95 97 7406129.742
95 98 5788961.231
95 99 8392066.106
96 97 6552603.119
96 98 4880724.421
96 99 7544631.467
97 98 1917314.644
97 99 995391.0062
98 99 2873536.613
